4.46427 0.019096 2.6508
4.42574 0.0443057 2.56222
4.39183 0.073174 2.43623
4.35786 0.105384 2.3829
4.32265 0.140184 2.36196
4.29291 0.174264 2.28827
4.26153 0.208825 2.30803
4.23115 0.24418 2.2806
4.19948 0.282699 2.25905
4.17106 0.32384 2.17516
4.14575 0.362515 2.15027
4.12454 0.394707 2.15342
4.10188 0.429865 2.1433
4.08601 0.457698 2.0891
4.06523 0.492973 2.10312
4.04288 0.533341 2.07649
4.02354 0.571997 2.03472
4.00164 0.616014 2.03235
3.97932 0.660722 2.03394
3.96543 0.687618 2.04744
3.94095 0.731177 2.08284
3.92128 0.766432 2.07973
3.90163 0.805654 2.03518
3.88128 0.848422 2.01483
3.86122 0.88814 2.0385
3.84081 0.931897 2.00728
3.82351 0.970362 1.99359
3.80562 1.00903 2.00398
3.78578 1.049 2.03147
3.76566 1.09044 2.02295
3.74569 1.1335 2.0049
3.72438 1.17872 2.01131
3.70533 1.22052 1.99828
3.68584 1.25892 2.04066
3.6659 1.30313 1.99434
3.6569 1.32347 1.9877
3.64068 1.3633 1.95739
3.62355 1.4072 1.94296
3.60671 1.44896 1.95394
3.5936 1.47922 1.9799
3.57192 1.52427 2.01912
3.55536 1.5619 1.98547
3.54083 1.59209 2.01951
3.517 1.63604 2.06744
3.49713 1.67735 2.01917
3.4753 1.72065 2.03777
3.45235 1.76264 2.07107
3.43023 1.80517 2.05034
3.40713 1.84596 2.08611
3.38161 1.88896 2.10637
3.35654 1.93222 2.09604
3.33142 1.97537 2.09808
3.3045 2.01724 2.14202
3.27959 2.06059 2.09243
3.25585 2.10036 2.10903
3.23157 2.14406 2.07787
3.20976 2.18313 2.07994
3.18534 2.22676 2.08115
3.16807 2.25727 2.08572
3.14142 2.29948 2.13394
3.11849 2.3357 2.13516
3.09494 2.37237 2.14173
3.07774 2.3997 2.13253
3.05469 2.43115 2.20338
3.02311 2.46976 2.25624
2.99304 2.50467 2.28197
2.96111 2.54288 2.26689
2.92915 2.58045 2.2756
2.89739 2.61903 2.2597
2.86834 2.65564 2.24145
2.84173 2.68897 2.24464
2.809 2.7259 2.29595
2.77632 2.76036 2.3296
2.74163 2.79455 2.36355
2.71498 2.82066 2.36637
2.6786 2.85474 2.38881
2.64683 2.88046 2.46104
2.60827 2.91198 2.4564
2.56919 2.94317 2.46796
2.53061 2.97441 2.46086
2.49236 3.00662 2.44171
2.45703 3.0361 2.44626
2.42648 3.05923 2.49345
2.39221 3.08797 2.44386
2.35306 3.1187 2.47601
2.31739 3.14852 2.44539
2.28093 3.18021 2.42602
2.24278 3.21251 2.43907
2.22408 3.22801 2.44948
2.19084 3.25509 2.45794
2.16063 3.28084 2.43562
2.12207 3.31266 2.45178
2.09085 3.33832 2.4537
2.05129 3.36885 2.48423
2.01024 3.39736 2.53444
1.96844 3.42479 2.56102
1.92599 3.45121 2.58486
1.88374 3.4774 2.58672
1.84054 3.50217 2.62092
1.79711 3.52627 2.63489
1.76223 3.54449 2.66027
1.72774 3.5619 2.67421
1.68409 3.58627 2.63228
1.64527 3.60787 2.63394
1.60977 3.63072 2.56983
1.57236 3.65294 2.60556
1.52826 3.67602 2.65938
1.48763 3.69662 2.6723
1.44417 3.71793 2.68574
1.40131 3.74019 2.66256
1.37296 3.75479 2.66606
1.34427 3.77071 2.63491
1.30254 3.79181 2.67348
1.25859 3.81562 2.64514
1.21937 3.83733 2.63604
1.17961 3.85685 2.68533
1.1466 3.87232 2.70323
1.10152 3.89124 2.74415
1.0552 3.90906 2.77445
1.00852 3.92692 2.77603
0.964312 3.94166 2.81978
0.921958 3.95676 2.79914
0.875401 3.97319 2.80238
0.831067 3.99207 2.73894
0.78647 4.00886 2.78164
0.743327 4.02403 2.80335
0.695899 4.03844 2.84671
0.649617 4.05471 2.80361
0.60206 4.07014 2.82781
0.558066 4.08294 2.85847
0.509607 4.09376 2.92196
0.460358 4.10205 2.97479
0.411875 4.11116 2.95571
0.365532 4.11894 2.97538
0.321843 4.12532 2.9965
0.274125 4.13092 3.02481
0.224663 4.13824 2.99471
0.175125 4.14498 3.00642
0.12534 4.14959 3.0491
0.0763486 4.15456 3.04065
0.0279121 4.16197 2.98972
-0.0196947 4.16953 2.98403
-0.0634733 4.17645 2.985
-0.113187 4.18179 3.03446
-0.153816 4.18585 3.04197
-0.200957 4.19052 3.04288
-0.247885 4.19208 3.10828
-0.29757 4.19534 3.07613
-0.347438 4.19847 3.07898
-0.387113 4.19976 3.10898
-0.431021 4.20131 3.1064
-0.480937 4.20024 3.16305
-0.530923 4.20065 -3.14992
-0.574299 4.19993 3.15838
-0.623595 4.20072 -3.15766
-0.66772 4.2003 3.15102
-0.717565 4.19814 -3.09832
-0.76742 4.19661 -3.11076
-0.814699 4.19556 -3.11948
-0.864662 4.19425 -3.11531
-0.913755 4.19103 -3.07615
-0.961953 4.18729 -3.06422
-1.00381 4.18504 -3.08779
-1.04664 4.1815 -3.05925
-1.091 4.17792 -3.06092
-1.14077 4.17372 -3.05742
-1.17241 4.17126 -3.06402
-1.21611 4.16554 -3.0115
-1.26211 4.15991 -3.01976
-1.29889 4.15539 -3.01927
-1.34183 4.15076 -3.0343
-1.3909 4.14315 -2.98774
-1.43883 4.13862 -3.04725
-1.48815 4.13045 -2.97739
-1.53767 4.12364 -3.00491
-1.58439 4.11758 -3.01271
-1.63131 4.11389 -3.06303
-1.67935 4.11161 -3.09416
-1.72556 4.10949 -3.09585
-1.77162 4.10567 -3.05888
-1.80881 4.1021 -3.04582
-1.85854 4.097 -3.03944
-1.90786 4.09283 -3.05716
-1.95487 4.08736 -3.02591
-2.00442 4.0809 -3.01177
-2.03612 4.07659 -3.00667
-2.07728 4.07101 -3.00672
-2.12313 4.06595 -3.03165
-2.16351 4.05954 -2.98423
-2.20537 4.05542 -3.04345
-2.24275 4.05125 -3.03064
-2.28792 4.04721 -3.0523
-2.3346 4.04691 -3.13514
-2.38087 4.04613 -3.12473
-2.42433 4.04673 -3.15552
-2.46816 4.04761 3.1215
-2.51574 4.05037 3.08366
-2.55919 4.05327 3.07506
-2.59501 4.05557 3.07742
-2.62538 4.0571 3.09128
-2.65295 4.05903 3.07172
-2.68555 4.06089 3.08468
-2.71115 4.06226 3.08791
-2.74026 4.06476 3.05588
-2.7849 4.06821 3.06464
-2.83024 4.07284 3.03961
-2.87015 4.07664 3.04677
-2.88478 4.07738 3.0914
-2.92247 4.07967 3.08079
-2.95896 4.08487 2.99995
-2.99048 4.09019 2.97456
-3.01883 4.09411 3.0043
-3.06227 4.09964 3.01483
-3.0865 4.10161 3.06033
-3.11053 4.10276 3.0938
-3.12682 4.10414 3.05761
-3.13437 4.10483 3.04986
-3.15406 4.10736 3.01403
-3.16331 4.10893 2.97336
-3.17141 4.11015 2.9917
-3.1957 4.1138 2.99249
-3.20768 4.11572 2.98273
-3.21124 4.11617 3.01467
-3.22488 4.1177 3.03012
-3.25388 4.12149 3.01165
-3.27864 4.12455 3.01872
-3.30571 4.12822 3.00676
-3.34274 4.13316 3.00895
-3.38 4.13961 2.97017
-3.41136 4.14468 2.98133
-3.43214 4.14827 2.97034
-3.44732 4.15052 2.99445
-3.45567 4.15187 2.98118
-3.46615 4.15397 2.94417
-3.48516 4.15807 2.92901
-3.51463 4.16627 2.87048
-3.542 4.17482 2.83874
-3.56106 4.1809 2.8325
-3.58153 4.18708 2.84852
-3.59478 4.19101 2.85298
-3.60325 4.19337 2.87085
-3.62672 4.20033 2.85326
-3.64893 4.20676 2.85962
-3.66145 4.21064 2.8414
-3.68423 4.21753 2.84775
-3.69762 4.22163 2.84473
-3.70961 4.22536 2.83991
-3.72623 4.2301 2.86347
-3.7406 4.23431 2.8568
-3.74173 4.23458 2.90134
-3.7579 4.23834 2.91354
-3.76489 4.23973 2.94497
-3.77235 4.24136 2.927
-3.77731 4.24248 2.91885
-3.7877 4.24463 2.93753
-3.79702 4.2466 2.93389
-3.81432 4.25023 2.93472
-3.82225 4.25184 2.94129
-3.82159 4.25171 2.94717
-3.83743 4.25421 2.98509
-3.85656 4.2573 2.98128
-3.8841 4.26056 3.02358
-3.89602 4.262 3.02194
-3.90351 4.26294 3.01609
-3.91714 4.2651 2.98429
-3.92658 4.26646 2.99932
-3.93898 4.26777 3.03649
-3.96183 4.27049 3.02277
-3.9767 4.27217 3.02947
-3.98378 4.273 3.02494
-3.99913 4.27449 3.04488
-4.01459 4.27568 3.06439
-4.0306 4.27672 3.07675
-4.03802 4.2773 3.06344
-4.04542 4.27784 3.06897
-4.05933 4.2795 3.02274
-4.05848 4.27939 3.01287
-4.0681 4.28057 3.02017
-4.07005 4.28078 3.03423
-4.08046 4.28249 2.97826
-4.08776 4.28387 2.95555
-4.10722 4.28732 2.9661
-4.11971 4.29016 2.91743
-4.12571 4.29123 2.9652
-4.13404 4.29237 3.00611
-4.14674 4.29426 2.99379
-4.15415 4.29552 2.97287
-4.17229 4.2995 2.92558
-4.19255 4.30439 2.90514
-4.21598 4.31124 2.85692
True
0.181112
