4.47873 0.00914327 2.73565
4.43513 0.0336089 2.63023
4.39313 0.059044 2.59703
4.35369 0.0849977 2.55962
4.31937 0.109609 2.5195
4.28127 0.13912 2.48256
4.24629 0.169077 2.43328
4.21885 0.194923 2.38612
4.19287 0.220478 2.36451
4.16529 0.247437 2.36765
4.13713 0.277765 2.31903
4.10777 0.316083 2.22469
4.081 0.351758 2.21455
4.05916 0.382622 2.1866
4.03307 0.419343 2.18847
4.0131 0.453834 2.09556
3.99556 0.485378 2.07837
3.98027 0.5129 2.07788
3.9587 0.553072 2.06357
3.93672 0.590164 2.10566
3.9158 0.628268 2.07294
3.89741 0.658924 2.11125
3.8748 0.696391 2.11361
3.85217 0.740744 2.04259
3.82786 0.784146 2.08137
3.80553 0.828776 2.03483
3.78755 0.86639 2.01674
3.77472 0.894137 2.00385
3.75944 0.927558 1.99953
3.73674 0.971705 2.0457
3.7181 1.01326 1.9925
3.69664 1.05826 2.01585
3.68714 1.0838 1.92683
3.6729 1.11722 1.97364
3.66277 1.14195 1.95959
3.64708 1.1801 1.96083
3.63029 1.22253 1.94768
3.61715 1.25682 1.9366
3.60713 1.28281 1.93881
3.59688 1.31095 1.9203
3.58609 1.3415 1.91014
3.57152 1.38506 1.89366
3.55606 1.42678 1.92573
3.5392 1.46896 1.9511
3.52234 1.5145 1.92522
3.50792 1.55217 1.93642
3.49234 1.5944 1.92439
3.47993 1.62856 1.91916
3.46431 1.6712 1.92203
3.4497 1.70735 1.95471
3.43347 1.74426 1.9851
3.4107 1.78876 2.04379
3.39761 1.81638 2.01328
3.37937 1.85444 2.01777
3.3602 1.89165 2.04657
3.33631 1.93506 2.07388
3.31298 1.97691 2.07931
3.29241 2.01566 2.05878
3.26569 2.05792 2.13461
3.24115 2.10149 2.08381
3.2151 2.14411 2.11928
3.19256 2.17837 2.15282
3.16431 2.21948 2.17287
3.1362 2.25754 2.20689
3.11233 2.28652 2.25977
3.08321 2.31846 2.31016
3.06689 2.33585 2.32432
3.04135 2.36176 2.34896
3.02001 2.38443 2.32593
2.99332 2.41239 2.33307
2.95841 2.44818 2.34364
2.92936 2.47841 2.33633
2.90668 2.50431 2.29011
2.87665 2.53771 2.30293
2.85171 2.56281 2.35317
2.82649 2.58799 2.35708
2.79213 2.61973 2.39572
2.75545 2.65309 2.40372
2.71877 2.68706 2.39442
2.68492 2.71755 2.40828
2.65766 2.74047 2.44253
2.62412 2.76967 2.42527
2.59835 2.79221 2.42298
2.56099 2.82409 2.43516
2.53144 2.84808 2.4597
2.49195 2.87868 2.48236
2.45736 2.90402 2.50935
2.41752 2.93311 2.51085
2.38565 2.95692 2.50008
2.34472 2.98564 2.52973
2.30345 3.0115 2.58171
2.26226 3.03985 2.53887
2.2236 3.06515 2.56203
2.18201 3.09287 2.55369
2.14014 3.11997 2.56723
2.09835 3.14738 2.56112
2.05669 3.17403 2.57241
2.01502 3.20122 2.5634
1.98463 3.22126 2.55875
1.94126 3.246 2.62319
1.90303 3.26763 2.62667
1.86504 3.28981 2.61309
1.83962 3.30467 2.61283
1.79596 3.329 2.63308
1.75282 3.35367 2.62216
1.71895 3.37296 2.62384
1.68328 3.39407 2.60725
1.6402 3.41934 2.611
1.59617 3.44178 2.67031
1.55561 3.46164 2.68633
1.5111 3.48066 2.73777
1.46685 3.49886 2.75139
1.42417 3.51695 2.7407
1.37809 3.53617 2.74647
1.33582 3.55268 2.76914
1.29359 3.56892 2.77443
1.24931 3.58267 2.84045
1.20891 3.59627 2.81712
1.17617 3.60865 2.78007
1.13029 3.62519 2.79553
1.08392 3.64365 2.76272
1.0376 3.66018 2.79884
0.996693 3.67318 2.83388
0.949615 3.68625 2.87066
0.90666 3.69767 2.88191
0.860516 3.71014 2.87764
0.821133 3.72015 2.8927
0.772463 3.73153 2.91179
0.729277 3.74126 2.92006
0.686881 3.74938 2.95236
0.641163 3.75764 2.96289
0.591936 3.76551 2.98308
0.54336 3.77304 2.9877
0.494002 3.78051 2.99144
0.444875 3.78821 2.98611
0.396822 3.79488 3.00364
0.350562 3.80127 3.00437
0.301384 3.80843 2.99691
0.255225 3.81466 3.00757
0.206192 3.82167 2.9995
0.159382 3.8281 3.00518
0.120409 3.83357 3.00196
0.0797613 3.83953 2.99612
0.0305813 3.84762 2.97859
-0.0187862 3.85447 3.00357
-0.0676278 3.85994 3.03016
-0.114914 3.86663 3.00109
-0.155409 3.87124 3.02818
-0.199437 3.87492 3.05829
-0.248598 3.87864 3.06598
-0.290413 3.88021 3.10406
-0.339522 3.88184 3.10847
-0.379773 3.88452 3.07514
-0.428499 3.88704 3.08976
-0.477913 3.88925 3.09708
-0.517944 3.89039 3.11292
-0.56123 3.89127 3.12141
-0.611033 3.88971 3.17294
-0.636941 3.88932 -3.12664
-0.664253 3.8867 -3.04612
-0.71418 3.88424 -3.09225
-0.763453 3.88218 -3.09976
-0.80921 3.87935 -3.08002
-0.854264 3.87973 -3.14998
-0.903364 3.88057 3.12452
-0.952847 3.88179 3.11698
-1.00282 3.88025 3.17244
-1.04857 3.87923 -3.11928
-1.09729 3.87829 -3.1223
-1.14333 3.87876 -3.15181
-1.19085 3.87925 3.1311
-1.22877 3.8786 3.15898
-1.27871 3.87857 -3.14104
-1.32798 3.87504 -3.07016
-1.37634 3.87118 -3.06191
-1.42629 3.86894 -3.09674
-1.47612 3.86481 -3.0589
-1.51464 3.86357 -3.1094
-1.55397 3.86202 -3.10227
-1.59956 3.85929 -3.08185
-1.64171 3.85749 -3.09882
-1.69056 3.85588 -3.10855
-1.72532 3.85498 -3.11573
-1.77187 3.85702 -3.18544
-1.81353 3.85669 3.14954
-1.8634 3.85693 -3.14638
-1.90812 3.85593 3.16392
-1.94904 3.85479 -3.11376
-1.99889 3.85312 -3.10819
-2.04807 3.85113 -3.10101
-2.0978 3.84596 -3.03808
-2.14766 3.8422 -3.06643
-2.18964 3.83993 -3.08748
-2.23942 3.83718 -3.08638
-2.28851 3.83527 -3.10265
-2.33193 3.83165 -3.05847
-2.37953 3.82872 -3.08022
-2.42326 3.82314 -3.01468
-2.4693 3.81634 -2.99479
-2.51659 3.80962 -3.00052
-2.55765 3.80401 -3.0057
-2.58391 3.80103 -3.02894
-2.62223 3.79896 -3.08761
-2.6532 3.79596 -3.04491
-2.69546 3.79023 -3.00671
-2.72374 3.78629 -3.00328
-2.7405 3.78433 -3.02497
-2.74607 3.78352 -2.99788
-2.75416 3.78226 -2.98734
-2.76741 3.78038 -3.00088
-2.77359 3.77969 -3.02974
-2.79128 3.7775 -3.01828
-2.81639 3.77388 -2.99833
-2.83152 3.77149 -2.98514
-2.85769 3.76804 -3.01045
-2.90598 3.76212 -3.01976
-2.9287 3.7588 -2.99616
-2.94818 3.75621 -3.00956
-2.96642 3.75407 -3.02508
-2.98415 3.75155 -3.00009
-3.01362 3.74838 -3.03457
-3.04969 3.74553 -3.06277
-3.08316 3.74305 -3.06752
-3.0938 3.74249 -3.08899
-3.10483 3.74217 -3.11222
-3.11883 3.74101 -3.0592
-3.14153 3.73894 -3.05046
-3.16643 3.73709 -3.06759
-3.19014 3.73572 -3.08383
-3.21518 3.73515 -3.11885
-3.23643 3.73448 -3.10997
-3.26054 3.73395 -3.11966
-3.27142 3.73374 -3.12259
-3.31529 3.73094 -3.07774
-3.3519 3.7285 -3.07509
-3.38377 3.72543 -3.04559
-3.41293 3.72292 -3.05563
-3.42772 3.72228 -3.09846
-3.43917 3.72189 -3.10798
-3.45319 3.72136 -3.10333
-3.46892 3.72087 -3.11066
-3.47782 3.72057 -3.10779
-3.4816 3.72043 -3.10494
-3.49408 3.72024 -3.12625
-3.50072 3.72017 -3.13184
-3.52024 3.72006 -3.13554
-3.53611 3.7199 -3.13184
-3.57122 3.71864 -3.10562
-3.61176 3.71595 -3.0755
-3.63001 3.71513 -3.09632
-3.65627 3.71598 -3.17418
-3.69025 3.71783 3.08729
-3.72927 3.7206 3.07083
-3.7565 3.72243 3.07418
-3.77335 3.72341 3.08389
-3.8031 3.72421 3.1146
-3.83749 3.72499 3.11896
-3.88393 3.72336 3.17663
-3.92253 3.72076 -3.07434
-3.96608 3.71842 -3.08797
-3.99711 3.71704 -3.09696
-4.02257 3.71533 -3.07467
-4.03899 3.71396 -3.05807
-4.04972 3.71303 -3.05543
-4.05352 3.71275 -3.06824
-4.06352 3.71221 -3.08782
-4.0698 3.71191 -3.09246
-4.08228 3.71117 -3.08297
-4.09615 3.71049 -3.09217
-4.1084 3.70993 -3.09655
-4.12039 3.70971 -3.12275
-4.12412 3.70953 -3.09395
-4.13123 3.70903 -3.07183
-4.14634 3.70773 -3.0556
-4.15218 3.70717 -3.04512
-4.15646 3.70681 -3.05796
-4.1593 3.70663 -3.0783
-4.16804 3.70616 -3.08861
-4.17696 3.7059 -3.11228
-4.18694 3.70564 -3.11526
-4.19382 3.70554 -3.12762
-4.20164 3.70542 -3.12596
-4.20151 3.70543 -3.05758
-4.20993 3.70497 -3.08681
True
0.066731
