4.48144 0.00889194 2.69491
4.45282 0.0248496 2.63283
4.42277 0.0431542 2.59456
4.41601 0.0476613 2.55317
4.39303 0.0652138 2.48946
4.36193 0.0921997 2.4269
4.3299 0.124624 2.35
4.29582 0.15993 2.33857
4.26243 0.197145 2.302
4.23405 0.2308 2.27142
4.20237 0.26941 2.25797
4.17417 0.309317 2.18587
4.14537 0.349966 2.1872
4.11926 0.389535 2.15408
4.09885 0.422849 2.12049
4.07887 0.459646 2.06828
4.06217 0.493065 2.03414
4.04563 0.529512 1.9968
4.03045 0.562141 2.00626
4.01128 0.602328 2.01592
3.99019 0.646829 2.01332
3.97451 0.679298 2.02069
3.95495 0.719982 2.01897
3.93589 0.763861 1.98055
3.92257 0.791456 2.02056
3.9011 0.836453 2.01602
3.87971 0.881641 2.01293
3.85857 0.92503 2.02406
3.83767 0.968814 2.01631
3.8154 1.0126 2.04121
3.79807 1.04481 2.0645
3.78297 1.0744 2.04256
3.76125 1.11531 2.05892
3.73765 1.15936 2.06259
3.71878 1.20085 1.9976
3.69933 1.24298 2.00334
3.68015 1.28309 2.01684
3.6625 1.32473 1.97166
3.64627 1.36664 1.94033
3.62939 1.41155 1.9303
3.60998 1.45755 1.97013
3.59046 1.50293 1.97697
3.57308 1.54253 1.98441
3.55797 1.57885 1.96511
3.54719 1.60274 1.99446
3.52863 1.6384 2.05073
3.50542 1.68268 2.05368
3.48419 1.72578 2.02839
3.46734 1.76336 1.99224
3.44994 1.80399 1.97552
3.43254 1.84394 1.98161
3.41733 1.87259 2.05887
3.39943 1.90669 2.05409
3.38332 1.93587 2.07533
3.36113 1.97648 2.07074
3.33629 2.01887 2.10085
3.31199 2.05995 2.10509
3.28681 2.10189 2.11149
3.26418 2.1365 2.14983
3.2357 2.17759 2.17685
3.20785 2.21908 2.16196
3.18028 2.26034 2.15983
3.1541 2.29668 2.19523
3.12638 2.33553 2.19048
3.09647 2.37543 2.2141
3.07213 2.40584 2.24575
3.04422 2.43936 2.26507
3.0114 2.47707 2.28689
2.98227 2.51207 2.26509
2.94951 2.54856 2.30235
2.91695 2.58629 2.28266
2.8899 2.6161 2.30791
2.85907 2.64962 2.3144
2.82553 2.68357 2.35006
2.79356 2.7151 2.36315
2.76328 2.74597 2.34661
2.72846 2.78183 2.34138
2.69395 2.81802 2.33246
2.66141 2.85451 2.29905
2.62856 2.89216 2.28823
2.59476 2.92789 2.32836
2.56089 2.96396 2.32482
2.52531 2.99909 2.36261
2.49074 3.03062 2.40196
2.45573 3.06131 2.42197
2.417 3.09288 2.45766
2.37845 3.12471 2.45131
2.35672 3.14113 2.4948
2.32274 3.16753 2.48096
2.28418 3.19827 2.46862
2.24633 3.23087 2.43047
2.20883 3.26191 2.45024
2.16944 3.29138 2.49924
2.12678 3.31747 2.59277
2.09826 3.33528 2.58316
2.05741 3.36374 2.53324
2.01449 3.38931 2.60423
1.97283 3.41501 2.58886
1.93194 3.44379 2.52832
1.89188 3.46873 2.58482
1.85198 3.49164 2.62033
1.80759 3.51331 2.68738
1.76771 3.53514 2.64085
1.72404 3.55924 2.63731
1.67826 3.57896 2.73483
1.64391 3.59314 2.75019
1.59939 3.61176 2.74543
1.55503 3.63064 2.73914
1.51707 3.64467 2.78747
1.47244 3.66059 2.7991
1.44706 3.67077 2.76
1.4004 3.68643 2.81771
1.35254 3.70071 2.8518
1.30527 3.71703 2.80912
1.25803 3.73338 2.80837
1.21173 3.75012 2.79458
1.16487 3.76641 2.80712
1.11847 3.78264 2.80501
1.07138 3.79708 2.8441
1.03745 3.80691 2.85971
0.991243 3.81959 2.87374
0.943258 3.83248 2.8792
0.895877 3.84822 2.82081
0.848815 3.86415 2.81513
0.803474 3.87694 2.86674
0.763518 3.88986 2.82884
0.716376 3.90296 2.87053
0.674137 3.91523 2.85896
0.626396 3.92981 2.84507
0.583658 3.94074 2.89129
0.539253 3.95276 2.87722
0.506436 3.96268 2.848
0.464384 3.97283 2.90475
0.415597 3.98362 2.92398
0.367654 3.99302 2.94802
0.333628 3.99905 2.96625
0.295611 4.00359 3.02273
0.246205 4.00966 3.01935
0.196886 4.0136 3.06172
0.148227 4.01878 3.03564
0.0999593 4.02318 3.05069
0.0603608 4.02911 2.99289
0.0108243 4.03497 3.02388
-0.0380506 4.03961 3.04681
-0.0837985 4.04322 3.06291
-0.133767 4.0449 3.10794
-0.18368 4.04776 3.08439
-0.231627 4.05148 3.06415
-0.28157 4.05272 3.11682
-0.330735 4.05371 3.12139
-0.378062 4.054 3.13562
-0.42362 4.05595 3.09867
-0.466118 4.0575 3.10527
-0.513166 4.05959 3.09703
-0.557003 4.06006 3.13099
-0.606767 4.06416 3.05938
-0.65508 4.06769 3.06871
-0.704937 4.07005 3.09419
-0.747073 4.07082 3.12329
-0.791321 4.06921 3.17799
-0.834745 4.06706 -3.09207
-0.881458 4.06228 -3.0395
-0.916814 4.05653 -2.98045
-0.966032 4.04942 -2.99826
-1.00724 4.04466 -3.02652
-1.05688 4.03889 -3.02586
-1.09808 4.03279 -2.99469
-1.14538 4.02781 -3.03668
-1.19402 4.02126 -3.00757
-1.24322 4.01232 -2.96192
-1.2864 4.00722 -3.0241
-1.33476 4.0014 -3.02175
-1.38233 3.99482 -3.00423
-1.43127 3.98777 -2.99841
-1.4715 3.98464 -3.06394
-1.52039 3.97989 -3.04485
-1.56824 3.97635 -3.06771
-1.6178 3.97474 -3.10909
-1.66465 3.97218 -3.08705
-1.71199 3.97035 -3.10284
-1.76179 3.96762 -3.08693
-1.80806 3.96638 -3.11466
-1.85671 3.96371 -3.08686
-1.90509 3.95865 -3.03732
-1.94759 3.95485 -3.05244
-1.99366 3.95032 -3.04353
-2.04237 3.94498 -3.0324
-2.0863 3.94124 -3.05684
-2.11859 3.93873 -3.06387
-2.1638 3.93686 -3.10026
-2.20868 3.93529 -3.10674
-2.25532 3.93208 -3.07273
-2.30191 3.92659 -3.0244
-2.3487 3.9196 -2.99331
-2.39562 3.91285 -2.99874
-2.44161 3.9063 -3.00015
-2.479 3.90311 -3.05627
-2.51281 3.89936 -3.03121
-2.55286 3.89422 -3.01397
-2.57815 3.89179 -3.04593
-2.59597 3.89013 -3.04847
-2.6186 3.88842 -3.06639
-2.63817 3.88811 -3.12559
-2.65542 3.88782 -3.12499
-2.67263 3.88764 -3.13113
-2.68526 3.88763 -3.14068
-2.68787 3.88763 -3.139
-2.70243 3.88718 -3.11107
-2.73142 3.88683 -3.12955
-2.7626 3.88657 -3.13315
-2.79931 3.88513 -3.10232
-2.80713 3.88518 -3.14852
-2.83911 3.8863 3.10653
-2.86414 3.88755 3.0919
-2.91075 3.88808 3.13009
-2.95691 3.88839 3.13487
-2.98613 3.88807 3.15258
-3.01599 3.88714 -3.11024
-3.04754 3.88706 -3.13918
-3.08707 3.88416 -3.06836
-3.12968 3.88046 -3.05498
-3.17853 3.87473 -3.02478
-3.22688 3.86833 -3.00995
-3.26727 3.86104 -2.96313
-3.31259 3.85318 -2.96986
-3.35594 3.84537 -2.96347
-3.3899 3.83834 -2.93738
-3.40318 3.83525 -2.91294
-3.41792 3.83202 -2.92602
-3.43536 3.82787 -2.90802
-3.44745 3.82465 -2.88092
-3.473 3.81796 -2.88537
-3.4879 3.81399 -2.88139
-3.52126 3.80597 -2.90583
-3.53392 3.80298 -2.90919
-3.54503 3.80008 -2.88654
-3.56208 3.7953 -2.86829
-3.58863 3.78628 -2.81418
-3.61167 3.77812 -2.80108
-3.62155 3.77448 -2.78858
-3.64124 3.76671 -2.76582
-3.65233 3.76236 -2.76763
-3.66725 3.75705 -2.79984
-3.68743 3.74939 -2.77858
-3.69708 3.74604 -2.80737
-3.71769 3.73908 -2.81596
-3.73722 3.73168 -2.77967
-3.77672 3.71604 -2.76447
-3.80808 3.70242 -2.73193
-3.82808 3.69325 -2.71167
-3.86148 3.67928 -2.7453
-3.88734 3.66977 -2.78923
-3.91638 3.66062 -2.83642
-3.94503 3.65288 -2.87766
-3.95389 3.65037 -2.86639
-3.96327 3.64756 -2.85009
-3.98625 3.64089 -2.85918
-3.98964 3.6401 -2.91096
-3.98845 3.64036 -2.92148
-4.00356 3.63633 -2.88082
-4.01236 3.63413 -2.89617
-4.02154 3.6317 -2.88297
-4.02736 3.63 -2.85763
-4.04391 3.62481 -2.83797
-4.06304 3.61872 -2.83335
-4.0722 3.6159 -2.84295
-4.07491 3.61517 -2.87925
-4.08479 3.61343 -2.96679
-4.09791 3.61196 -3.02975
-4.10184 3.6117 -3.07723
-4.10517 3.61142 -3.05562
-4.11372 3.61097 -3.08952
-4.13149 3.60997 -3.08532
-4.14505 3.60994 -3.13929
-4.14807 3.60994 -3.1421
-4.17069 3.61117 3.08728
-4.18921 3.61232 3.07974
-4.19709 3.61284 3.07533
-4.20079 3.61309 3.07328
True
0.19129
