-5.46913 1.90022 -0.116879
-5.42822 1.89585 -0.106338
-5.38278 1.88907 -0.148217
-5.33741 1.88484 -0.0929506
-5.28838 1.87873 -0.12383
-5.24112 1.87353 -0.109754
-5.19655 1.86912 -0.0985353
-5.14671 1.86521 -0.078256
-5.09805 1.86172 -0.0717291
-5.04845 1.85703 -0.0940992
-5.00766 1.85349 -0.0867152
-4.96053 1.84919 -0.0909367
-4.91062 1.8468 -0.0479165
-4.86728 1.84426 -0.0583741
-4.81922 1.8431 -0.0242864
-4.76951 1.84357 0.009476
-4.73052 1.84406 0.012669
-4.69363 1.84276 -0.035311
-4.65893 1.84207 -0.0199064
-4.61039 1.84016 -0.0392051
-4.56539 1.83946 -0.0156719
-4.52044 1.83872 -0.0165384
-4.47146 1.83705 -0.0340315
-4.42268 1.83375 -0.0675747
-4.37336 1.82948 -0.08619
-4.33566 1.8274 -0.0552559
-4.28578 1.82417 -0.0646506
-4.23584 1.82212 -0.0410727
-4.18588 1.82015 -0.039295
-4.13624 1.81987 -0.00575395
-4.08791 1.8181 -0.0366192
-4.03874 1.81722 -0.0177979
-3.99265 1.81501 -0.0479901
-3.94283 1.81437 -0.0127919
-3.89338 1.81519 0.0165111
-3.84935 1.81566 0.010829
-3.80718 1.81632 0.0155963
-3.76572 1.81697 0.0155614
-3.72254 1.81619 -0.017902
-3.68678 1.81554 -0.0183534
-3.64389 1.81514 -0.00937508
-3.59414 1.81062 -0.0905767
-3.54796 1.80441 -0.133666
-3.49824 1.7992 -0.10429
-3.45102 1.79531 -0.082236
-3.40577 1.78982 -0.120847
-3.35873 1.78467 -0.109015
-3.31923 1.78148 -0.0805933
-3.27037 1.77594 -0.1129
-3.22249 1.76911 -0.141696
-3.17381 1.76138 -0.157413
-3.12577 1.75274 -0.177985
-3.08712 1.74601 -0.172347
-3.04704 1.73915 -0.169423
-2.9985 1.73156 -0.155183
-2.94922 1.72329 -0.166303
-2.901 1.71432 -0.183896
-2.85153 1.70719 -0.14308
-2.8018 1.70282 -0.0876599
-2.75201 1.70011 -0.0544954
-2.70408 1.69608 -0.0837573
-2.65551 1.69235 -0.0766826
-2.60614 1.6866 -0.115944
-2.56344 1.68197 -0.108072
-2.5184 1.67766 -0.0953525
-2.4687 1.67225 -0.108529
-2.41953 1.66415 -0.163132
-2.36996 1.65761 -0.131313
-2.32198 1.65134 -0.129833
-2.27325 1.64499 -0.129638
-2.22552 1.63942 -0.116157
-2.19324 1.63463 -0.147252
-2.15883 1.62901 -0.162022
-2.11137 1.62226 -0.141168
-2.06439 1.61544 -0.144122
-2.01488 1.60922 -0.125039
-1.97618 1.60177 -0.190259
-1.93385 1.59595 -0.13655
-1.88473 1.58671 -0.185967
-1.83594 1.57725 -0.191502
-1.7881 1.56869 -0.177029
-1.74006 1.55989 -0.181146
-1.69484 1.5539 -0.131705
-1.64558 1.54719 -0.135468
-1.6025 1.5394 -0.178907
-1.56048 1.53231 -0.166998
-1.51511 1.52564 -0.145931
-1.46725 1.52129 -0.0907089
-1.4175 1.51754 -0.0753667
-1.36764 1.51417 -0.067327
-1.31805 1.5081 -0.121828
-1.27876 1.50543 -0.0679797
-1.23179 1.50104 -0.0931501
-1.19188 1.49567 -0.133801
-1.1424 1.4893 -0.127891
-1.0971 1.48232 -0.152912
-1.04842 1.47562 -0.13677
-0.9998 1.46924 -0.130539
-0.950502 1.46534 -0.0789467
-0.900637 1.46185 -0.0698878
-0.863368 1.46089 -0.0256781
-0.823692 1.45797 -0.0734433
-0.780103 1.45338 -0.105049
-0.732687 1.44768 -0.11956
-0.687488 1.44242 -0.115758
-0.639762 1.43871 -0.077686
-0.595797 1.43495 -0.0852399
-0.551531 1.42997 -0.112173
-0.507267 1.42531 -0.104858
-0.458923 1.42057 -0.097722
-0.416254 1.41644 -0.0963967
-0.373877 1.41343 -0.0709851
-0.32508 1.40908 -0.088821
-0.27584 1.4067 -0.0483858
-0.23002 1.40456 -0.0465851
-0.189296 1.4014 -0.0774012
-0.144259 1.39808 -0.073691
-0.0956601 1.39656 -0.0312906
-0.0612764 1.39635 -0.00618708
-0.0114809 1.39829 0.0390112
0.0375299 1.39971 0.028922
0.0821866 1.4004 0.0154849
0.126338 1.40228 0.0425545
0.176146 1.402 -0.00553143
0.223929 1.40132 -0.0142611
0.270836 1.40222 0.0191901
0.312484 1.40423 0.0482103
0.362368 1.40632 0.0418059
0.411298 1.40805 0.0354524
0.459222 1.40942 0.0285845
0.508913 1.41284 0.0686415
0.554904 1.41546 0.0569601
0.604793 1.41877 0.0662433
0.654694 1.42155 0.0556497
0.703042 1.42381 0.0467633
0.741618 1.4257 0.0489622
0.772455 1.42705 0.0436692
0.822452 1.42653 -0.0103992
0.870872 1.42695 0.00863103
0.920295 1.42873 0.0359899
0.969635 1.43121 0.0501748
1.0043 1.43362 0.0693731
1.0518 1.43636 0.0576427
1.10048 1.43873 0.0487854
1.14687 1.44209 0.0721834
1.19671 1.446 0.0784328
1.23863 1.44915 0.0749508
1.28635 1.45208 0.0613231
1.33224 1.4548 0.059149
1.38111 1.45893 0.0842721
1.42895 1.46176 0.0590905
1.46908 1.46277 0.0251624
1.51893 1.46632 0.0711364
1.56601 1.46786 0.0327354
1.61283 1.46828 0.0088936
1.6623 1.46648 -0.03627
1.70848 1.46506 -0.0309292
1.75678 1.46311 -0.0401735
1.8067 1.4637 0.0117387
1.85231 1.46267 -0.0225708
1.90225 1.46034 -0.0467217
1.95202 1.45917 -0.0234681
1.99488 1.45646 -0.0631619
2.043 1.45263 -0.0794302
2.08893 1.44868 -0.0857244
2.13385 1.44381 -0.107961
2.18328 1.43961 -0.0848703
2.2331 1.43589 -0.074527
2.27788 1.43158 -0.0957491
2.32536 1.42913 -0.0516054
2.37423 1.42539 -0.0764715
2.42288 1.42165 -0.0767613
2.47262 1.41752 -0.0826841
2.52126 1.41607 -0.0297991
2.57093 1.41422 -0.0372975
2.62046 1.40739 -0.13697
2.66344 1.3995 -0.181576
2.71178 1.39093 -0.175524
2.75821 1.38416 -0.14486
2.80763 1.37789 -0.126187
2.84497 1.37352 -0.116513
2.89455 1.36849 -0.101048
2.9365 1.3628 -0.1348
2.97337 1.35755 -0.141497
3.00013 1.35358 -0.147132
3.04466 1.34836 -0.116632
3.09211 1.34316 -0.109185
3.13512 1.339 -0.0965407
3.18256 1.33428 -0.0991298
3.22126 1.33072 -0.0917439
3.27099 1.32854 -0.043727
3.31648 1.32661 -0.0423908
3.36471 1.32438 -0.0463209
3.40716 1.32217 -0.0519512
3.45116 1.32125 -0.0209153
3.49821 1.31934 -0.0405004
3.52004 1.31809 -0.0574736
3.55685 1.31617 -0.0519289
3.60425 1.31219 -0.0839421
3.65404 1.31027 -0.0384417
3.70247 1.30916 -0.0228886
3.74263 1.30881 -0.00888035
3.77494 1.30839 -0.0127621
3.81622 1.31066 0.0549725
3.85744 1.31263 0.0476443
3.88492 1.31329 0.023873
3.91403 1.31395 0.0229037
3.9358 1.31421 0.0120104
3.96064 1.31469 0.0189605
3.98739 1.31536 0.0250484
3.9997 1.31563 0.0219057
4.02853 1.31583 0.00723344
4.07119 1.31527 -0.0132712
4.11086 1.31416 -0.0278442
4.15081 1.31244 -0.0432272
4.18791 1.31095 -0.0399415
4.22905 1.30901 -0.0473029
4.27137 1.30654 -0.0580661
4.3093 1.30484 -0.0448635
4.35247 1.30228 -0.059299
4.37543 1.30098 -0.0567262
4.39206 1.30045 -0.031527
4.40517 1.29997 -0.0365248
4.43176 1.29866 -0.0492659
4.45616 1.29841 -0.01033
4.479 1.29826 -0.00652208
4.50826 1.29867 0.0141932
4.5332 1.2999 0.049096
4.55553 1.3014 0.0669418
4.57869 1.30256 0.050359
4.58933 1.30297 0.0376703
4.59394 1.30297 0.001136
4.61107 1.30307 0.0054928
4.63082 1.30285 -0.0110078
4.65134 1.30257 -0.0134932
4.68831 1.30264 0.00179016
4.71238 1.30195 -0.0283617
4.73269 1.3015 -0.0223588
4.74468 1.30145 -0.00433239
4.74553 1.30148 0.0386694
4.76086 1.30224 0.0496753
4.76457 1.30251 0.0724862
4.77309 1.30305 0.0634165
4.78201 1.30343 0.0425709
4.79808 1.30384 0.0250219
4.82085 1.30373 -0.00475062
4.84896 1.3042 0.0168522
4.87009 1.30462 0.019909
4.88735 1.30486 0.0136606
4.89597 1.30457 -0.0330148
4.91026 1.30403 -0.0382002
4.92151 1.30329 -0.0658024
4.92914 1.30257 -0.0939064
4.9446 1.30071 -0.119734
4.95593 1.29928 -0.125069
4.96767 1.29699 -0.192595
4.978 1.29475 -0.214248
4.97774 1.29481 -0.239091
4.98482 1.29308 -0.239229
5.01361 1.28446 -0.290968
5.02334 1.28171 -0.275316
5.02897 1.28014 -0.272465
5.02939 1.28002 -0.272363
5.04665 1.27551 -0.255394
5.05562 1.27352 -0.218755
5.06333 1.27172 -0.228781
5.06951 1.27016 -0.248153
5.0966 1.2632 -0.251455
5.11346 1.25899 -0.244923
5.13155 1.25388 -0.275161
5.14224 1.25097 -0.266021
5.14326 1.25068 -0.274932
5.15282 1.24821 -0.252984
5.15517 1.24748 -0.298604
5.16375 1.24422 -0.363524
5.16794 1.24256 -0.378112
5.1781 1.23803 -0.418543
5.18122 1.23664 -0.421248
5.18432 1.23523 -0.42581
5.18438 1.23521 -0.406567
5.2042 1.22581 -0.442734
5.21939 1.21661 -0.5445
True
0.230275
