-5.46948 1.50542 -0.204477
-5.4304 1.49843 -0.176972
-5.38314 1.49218 -0.131407
-5.34016 1.48553 -0.153535
-5.29926 1.47881 -0.162827
-5.25617 1.47264 -0.142338
-5.20825 1.46604 -0.136798
-5.16224 1.46149 -0.0985847
-5.11364 1.45699 -0.0923798
-5.06765 1.45245 -0.0984133
-5.02002 1.44874 -0.0776268
-4.97281 1.44302 -0.120651
-4.93028 1.43762 -0.126159
-4.88096 1.43057 -0.141938
-4.83241 1.42419 -0.130705
-4.79028 1.42007 -0.0974839
-4.74143 1.41451 -0.113391
-4.69868 1.40931 -0.121122
-4.65053 1.40324 -0.125378
-4.60353 1.3985 -0.100556
-4.55552 1.39203 -0.13392
-4.51063 1.38326 -0.192968
-4.46597 1.37369 -0.211095
-4.42042 1.36503 -0.187728
-4.37368 1.3568 -0.174388
-4.33591 1.34934 -0.194891
-4.29026 1.34088 -0.183231
-4.25023 1.33333 -0.186459
-4.20244 1.3249 -0.174586
-4.16343 1.31803 -0.174354
-4.11441 1.30922 -0.177886
-4.06545 1.29911 -0.203528
-4.01633 1.29029 -0.177802
-3.96856 1.27917 -0.228627
-3.92436 1.26814 -0.244674
-3.87869 1.25888 -0.199831
-3.83374 1.24903 -0.215831
-3.79557 1.23962 -0.241663
-3.75275 1.22856 -0.252914
-3.70477 1.21558 -0.264154
-3.65679 1.20172 -0.281242
-3.6091 1.19026 -0.235844
-3.57008 1.18127 -0.226334
-3.52101 1.17231 -0.180667
-3.47929 1.16518 -0.169226
-3.43265 1.15828 -0.146886
-3.38352 1.14934 -0.179898
-3.34751 1.14301 -0.174028
-3.29856 1.13323 -0.19732
-3.24906 1.12631 -0.138888
-3.20139 1.11366 -0.259319
-3.15394 1.10385 -0.203829
-3.10918 1.0937 -0.223139
-3.06089 1.08513 -0.175498
-3.01246 1.0753 -0.200352
-2.968 1.06911 -0.138271
-2.92014 1.0614 -0.159727
-2.87255 1.05411 -0.152
-2.825 1.04627 -0.163401
-2.78256 1.03793 -0.194087
-2.74065 1.0313 -0.156797
-2.6974 1.02284 -0.193299
-2.64888 1.01204 -0.219047
-2.60375 1.00297 -0.198188
-2.55526 0.990811 -0.245748
-2.50712 0.978587 -0.248676
-2.45957 0.966733 -0.244296
-2.41143 0.953372 -0.270752
-2.36652 0.942275 -0.242251
-2.3192 0.930679 -0.240312
-2.27061 0.919119 -0.233566
-2.22693 0.908197 -0.245065
-2.18093 0.896996 -0.238818
-2.1323 0.885438 -0.233348
-2.0841 0.873749 -0.237938
-2.04667 0.865196 -0.224617
-1.99784 0.854651 -0.212713
-1.94994 0.843889 -0.220991
-1.90425 0.832709 -0.239964
-1.85602 0.820661 -0.244786
-1.80823 0.809845 -0.22258
-1.76059 0.797012 -0.263125
-1.72476 0.788895 -0.222785
-1.69405 0.780974 -0.252423
-1.64595 0.768357 -0.256544
-1.60674 0.760491 -0.197994
-1.57144 0.751277 -0.255282
-1.52408 0.7393 -0.247726
-1.47691 0.726433 -0.266304
-1.42852 0.714497 -0.241801
-1.38144 0.703731 -0.224832
-1.34723 0.694092 -0.27466
-1.30808 0.683176 -0.271901
-1.2611 0.666973 -0.332127
-1.21362 0.651335 -0.318157
-1.17066 0.637483 -0.311937
-1.12308 0.622202 -0.310744
-1.09085 0.612258 -0.299273
-1.0423 0.600295 -0.241598
-0.994549 0.589985 -0.212627
-0.945556 0.581118 -0.179059
-0.904875 0.573561 -0.18365
-0.855869 0.5637 -0.198568
-0.810257 0.555169 -0.184901
-0.765015 0.546916 -0.180436
-0.718376 0.538134 -0.186119
-0.677046 0.530179 -0.190156
-0.637142 0.521226 -0.220712
-0.591673 0.512219 -0.195553
-0.542367 0.50401 -0.164981
-0.49967 0.496393 -0.176541
-0.452831 0.488591 -0.165061
-0.411309 0.482645 -0.142224
-0.36611 0.475329 -0.160473
-0.316993 0.466001 -0.187682
-0.270346 0.457422 -0.181883
-0.226171 0.446029 -0.252412
-0.177542 0.434447 -0.233809
-0.133783 0.425997 -0.19076
-0.0898145 0.415309 -0.238448
-0.042178 0.400912 -0.293502
0.00445147 0.389493 -0.240165
0.0512591 0.378598 -0.228691
0.100297 0.369007 -0.193143
0.149235 0.359077 -0.200187
0.192813 0.350497 -0.194409
0.241247 0.33844 -0.243974
0.283775 0.330377 -0.187378
0.332587 0.319551 -0.218242
0.381318 0.311559 -0.162552
0.430519 0.302725 -0.177668
0.473267 0.29566 -0.163788
0.517787 0.286651 -0.199653
0.566531 0.277261 -0.190322
0.614138 0.265357 -0.24502
0.661241 0.254261 -0.231345
0.707625 0.243287 -0.232319
0.75084 0.233115 -0.231179
0.794141 0.22313 -0.22664
0.835402 0.212615 -0.249516
0.882628 0.200855 -0.24405
0.923348 0.191343 -0.22948
0.966148 0.180216 -0.254363
1.01108 0.168885 -0.247046
1.05371 0.158331 -0.242663
1.10129 0.143411 -0.303875
1.14914 0.129212 -0.288454
1.19593 0.115453 -0.286015
1.24196 0.102847 -0.267313
1.28916 0.0877913 -0.30874
1.33487 0.0734889 -0.303285
1.37949 0.0606981 -0.279148
1.41952 0.0506388 -0.246195
1.45502 0.042289 -0.230993
1.49136 0.033834 -0.228598
1.53921 0.0203892 -0.273911
1.58652 0.00552787 -0.304405
1.63482 -0.00685874 -0.251039
1.67967 -0.0182559 -0.24881
1.72712 -0.0302414 -0.24744
1.7719 -0.0367046 -0.143356
1.82033 -0.0449348 -0.168334
1.86157 -0.0521562 -0.173333
1.90882 -0.0568063 -0.0981011
1.95572 -0.061985 -0.10996
2.00456 -0.0674144 -0.110726
2.04027 -0.0712318 -0.106487
2.08484 -0.0743185 -0.0691463
2.13462 -0.0770281 -0.0543757
2.1795 -0.079912 -0.0641769
2.22931 -0.0835155 -0.0722186
2.27818 -0.0886991 -0.105676
2.32776 -0.0939199 -0.104914
2.37732 -0.100507 -0.132139
2.4272 -0.103655 -0.0630121
2.47525 -0.105727 -0.0430989
2.52389 -0.105677 0.00102475
2.57283 -0.106308 -0.012887
2.62274 -0.109303 -0.0599549
2.67118 -0.113771 -0.0919749
2.71814 -0.120785 -0.148261
2.767 -0.128122 -0.14905
2.81493 -0.136938 -0.181886
2.86329 -0.146381 -0.192828
2.89432 -0.150365 -0.127722
2.94195 -0.157999 -0.158937
2.99098 -0.167525 -0.191873
3.03958 -0.175658 -0.165798
3.07061 -0.180464 -0.153673
3.11137 -0.1862 -0.139827
3.15303 -0.192951 -0.160627
3.19702 -0.196583 -0.0823836
3.24034 -0.200178 -0.0828026
3.28998 -0.206175 -0.12023
3.33936 -0.208644 -0.049952
3.38722 -0.209971 -0.0277163
3.43113 -0.211217 -0.0283817
3.4707 -0.21391 -0.0679557
3.51087 -0.215644 -0.0431388
3.53166 -0.214946 0.0335642
3.57753 -0.213554 0.0303417
3.60343 -0.212717 0.0322936
3.63658 -0.21227 0.0134955
3.68261 -0.214563 -0.049762
3.7313 -0.217575 -0.0617945
3.77938 -0.219795 -0.0461207
3.81131 -0.219675 0.0037379
3.8507 -0.217412 0.0573903
3.88486 -0.214076 0.0973427
3.93219 -0.211191 0.0608783
3.96209 -0.210157 0.0345898
3.9944 -0.20979 0.0113628
4.04322 -0.210189 -0.00819071
4.07553 -0.21111 -0.0284899
4.12323 -0.213639 -0.0529665
4.16145 -0.216595 -0.0771672
4.19699 -0.219876 -0.0920814
4.22853 -0.22368 -0.12003
4.27055 -0.226926 -0.0770846
4.30004 -0.229475 -0.0862425
4.32409 -0.232017 -0.105281
4.3373 -0.233608 -0.119893
4.34939 -0.235526 -0.157389
4.35795 -0.237173 -0.190005
4.38232 -0.24161 -0.180083
4.40135 -0.245118 -0.182304
4.43464 -0.251093 -0.177574
4.46737 -0.257143 -0.182797
4.48135 -0.259426 -0.161863
4.49468 -0.261671 -0.166831
4.49927 -0.26252 -0.182997
4.51578 -0.26559 -0.18391
4.53374 -0.268896 -0.182006
4.54877 -0.271694 -0.184055
4.57661 -0.275843 -0.147918
4.59654 -0.279471 -0.180122
4.63213 -0.286646 -0.198897
4.65822 -0.291563 -0.186303
4.68427 -0.296445 -0.185257
4.70677 -0.301481 -0.220178
4.73298 -0.307182 -0.214172
4.76501 -0.314231 -0.216615
4.78943 -0.318587 -0.176519
4.80747 -0.322103 -0.192508
4.83272 -0.327473 -0.209564
4.86065 -0.332232 -0.168774
4.8777 -0.335238 -0.174545
4.89408 -0.337759 -0.152716
4.90706 -0.339523 -0.13507
4.91813 -0.340666 -0.102826
4.94151 -0.343025 -0.100557
4.9575 -0.345828 -0.173565
4.96555 -0.347228 -0.172199
4.97225 -0.348526 -0.191385
4.98325 -0.350364 -0.165552
4.9983 -0.352805 -0.160775
5.01557 -0.355581 -0.159326
5.0235 -0.35667 -0.136677
5.03039 -0.357375 -0.10197
5.04514 -0.358591 -0.0822392
5.05476 -0.359119 -0.0548297
5.0641 -0.359623 -0.0538978
5.06971 -0.359914 -0.0519059
5.07338 -0.359945 -0.00842591
5.08508 -0.360341 -0.0337838
5.09248 -0.360657 -0.042735
5.10763 -0.361251 -0.0391871
5.10891 -0.3613 -0.0381648
5.12408 -0.361698 -0.0262515
5.1265 -0.361721 -0.00923267
5.13353 -0.361644 0.0108524
5.14659 -0.360868 0.0593182
5.16996 -0.357365 0.148857
5.17358 -0.356739 0.171058
5.18727 -0.354884 0.134658
5.19293 -0.354059 0.14482
5.20732 -0.352181 0.129775
5.21544 -0.351 0.144261
5.22018 -0.350131 0.181579
5.23002 -0.348537 0.160559
5.23499 -0.347849 0.137685
True
0.0664118
