4.4783 0.011765 2.6448
4.43775 0.0328243 2.66255
4.3995 0.0543108 2.62978
4.36235 0.0743078 2.64787
4.32024 0.0987807 2.61507
4.28167 0.123951 2.56349
4.24512 0.153392 2.46348
4.20664 0.185319 2.449
4.16917 0.218428 2.41782
4.1379 0.247171 2.3983
4.11426 0.273907 2.29487
4.0819 0.312024 2.27466
4.05072 0.35098 2.24586
4.02551 0.385387 2.20313
3.99989 0.420775 2.19738
3.9724 0.462491 2.15342
3.94511 0.504351 2.14854
3.92029 0.542351 2.14934
3.90233 0.571238 2.12717
3.87818 0.613211 2.09295
3.86025 0.64639 2.06625
3.84081 0.685191 2.03516
3.82083 0.727931 2.00807
3.8025 0.77018 1.98013
3.78464 0.808414 2.00776
3.76822 0.849091 1.95462
3.74843 0.893085 1.99339
3.73244 0.929948 1.98007
3.71717 0.9651 1.98072
3.69762 1.00815 1.99713
3.67815 1.05419 1.97073
3.66019 1.10082 1.93852
3.64492 1.13676 1.97264
3.62986 1.17828 1.9187
3.61129 1.22117 1.97929
3.59411 1.26678 1.93108
3.57823 1.31395 1.89563
3.56227 1.36125 1.89616
3.54813 1.40732 1.86858
3.53408 1.45105 1.88173
3.52224 1.49433 1.83772
3.50741 1.53803 1.89795
3.49163 1.57768 1.9497
3.47526 1.62399 1.91043
3.45613 1.67003 1.96463
3.43731 1.71635 1.95683
3.41732 1.75903 2.00869
3.39872 1.79748 2.02151
3.3753 1.84125 2.0621
3.35116 1.88201 2.10548
3.32458 1.92411 2.13392
3.29746 1.96609 2.14437
3.27353 2.00388 2.13539
3.24566 2.04338 2.18525
3.22185 2.07878 2.16289
3.20311 2.10536 2.18487
3.17941 2.14037 2.16568
3.15387 2.17743 2.17443
3.13031 2.21083 2.18498
3.11029 2.23896 2.18925
3.08821 2.27139 2.16864
3.06284 2.31033 2.1483
3.03556 2.3522 2.14828
3.01174 2.38547 2.19201
2.98159 2.42536 2.21795
2.953 2.46468 2.1997
2.93373 2.48938 2.23317
2.90749 2.52302 2.23332
2.87852 2.56014 2.23339
2.8472 2.59911 2.24776
2.82273 2.62786 2.27612
2.78889 2.66467 2.31407
2.75466 2.70082 2.32887
2.72483 2.73287 2.3204
2.69586 2.76129 2.36594
2.66618 2.7905 2.36393
2.63005 2.82478 2.3825
2.59738 2.85473 2.39967
2.56438 2.88514 2.39703
2.54036 2.90692 2.40501
2.51134 2.93465 2.37894
2.47749 2.96327 2.43988
2.44727 2.98592 2.49819
2.41578 3.01 2.48891
2.37521 3.0383 2.53252
2.34991 3.05657 2.51612
2.31383 3.08085 2.54914
2.27327 3.10995 2.51927
2.25227 3.12464 2.53124
2.21457 3.14994 2.55055
2.17811 3.17261 2.58529
2.13626 3.19954 2.56977
2.10201 3.22263 2.54843
2.06195 3.24995 2.54315
2.0239 3.2722 2.61233
1.98772 3.2928 2.62403
1.94624 3.31708 2.61217
1.90463 3.34166 2.60801
1.8622 3.36631 2.61507
1.81855 3.38897 2.66294
1.77431 3.41223 2.65747
1.73479 3.43042 2.71026
1.68815 3.44842 2.77334
1.65358 3.46265 2.75087
1.61559 3.47907 2.73361
1.58626 3.49129 2.74701
1.54526 3.50835 2.74719
1.52393 3.51861 2.69341
1.47825 3.5384 2.73266
1.43261 3.55881 2.72124
1.38588 3.57603 2.78853
1.33914 3.59367 2.78067
1.31238 3.60387 2.77729
1.27147 3.61616 2.84976
1.22769 3.62993 2.83693
1.1795 3.64323 2.8723
1.13338 3.65598 2.87173
1.08525 3.66904 2.8767
1.03869 3.68175 2.87508
0.993303 3.6945 2.86774
0.94526 3.70832 2.8616
0.896788 3.71965 2.912
0.848123 3.73111 2.91029
0.805458 3.74262 2.87813
0.758656 3.75371 2.90881
0.709406 3.76229 2.96921
0.680204 3.7671 2.97809
0.632574 3.77516 2.97408
0.583329 3.78338 2.97613
0.534454 3.79049 2.99719
0.492169 3.79745 2.97849
0.451244 3.80196 3.03169
0.405123 3.80833 3.00444
0.360374 3.81535 2.98596
0.314213 3.82017 3.03754
0.265458 3.82413 3.06049
0.218358 3.82966 3.02482
0.168787 3.83342 3.06589
0.121602 3.83608 3.0853
0.0747312 3.84065 3.04432
0.0298247 3.84457 3.05451
-0.0165226 3.84789 3.07007
-0.0655198 3.85412 3.01521
-0.11354 3.86047 3.01015
-0.159336 3.86575 3.02672
-0.207299 3.86875 3.07921
-0.248949 3.87127 3.08111
-0.298209 3.87332 3.10006
-0.347804 3.87273 3.15347
-0.396816 3.87255 -3.13789
-0.442378 3.8729 -3.14945
-0.492035 3.87593 3.08079
-0.538763 3.87839 3.08889
-0.587972 3.87876 3.13411
-0.635842 3.88014 3.11288
-0.685661 3.88112 3.12174
-0.73046 3.8841 3.07535
-0.776702 3.88944 3.02646
-0.822499 3.89433 3.03541
-0.85718 3.89864 3.01795
-0.905492 3.90401 3.03078
-0.951686 3.91015 3.00941
-0.997489 3.91461 3.0447
-1.04336 3.92075 3.00838
-1.093 3.92667 3.02299
-1.13812 3.93263 3.01012
-1.18215 3.936 3.06535
-1.23201 3.93965 3.06837
-1.27397 3.94215 3.0822
-1.31477 3.94403 3.0955
-1.36025 3.94437 3.13411
-1.40965 3.94509 3.12698
-1.45159 3.94672 3.10271
-1.49803 3.94831 3.10756
-1.54783 3.95069 3.09376
-1.59254 3.95129 3.12807
-1.64247 3.95172 3.13299
-1.69201 3.9506 3.1643
-1.72387 3.95084 -3.14924
-1.75859 3.95264 3.08974
-1.80776 3.95466 3.10067
-1.85752 3.95478 3.13903
-1.90442 3.95396 3.15912
-1.95051 3.95314 -3.12372
-1.99353 3.9515 -3.10356
-2.03935 3.95303 -3.17487
-2.08927 3.95511 3.09987
-2.13916 3.95495 3.14473
-2.18307 3.95688 -3.18532
-2.23292 3.95856 3.10772
-2.28234 3.95828 3.1474
-2.33168 3.95976 -3.17165
-2.38143 3.96101 3.11641
-2.42616 3.9632 3.09272
-2.47019 3.96511 3.09828
-2.51045 3.96729 3.0874
-2.5578 3.96986 3.08743
-2.6046 3.97259 3.08338
-2.62925 3.97444 3.06655
-2.64983 3.97579 3.07601
-2.66804 3.97764 3.04043
-2.70032 3.97774 3.1387
-2.7317 3.97779 3.13977
-2.76073 3.97791 3.13769
-2.79854 3.97673 3.17263
-2.82647 3.97592 -3.11255
-2.87529 3.97592 -3.14165
-2.92471 3.97452 3.17001
-2.96762 3.97312 -3.10893
-2.99707 3.97091 -3.06675
-3.0434 3.96893 -3.09889
-3.06878 3.96915 -3.1504
-3.09613 3.96942 3.1317
-3.14028 3.97023 3.12341
-3.18244 3.97048 3.13551
-3.21108 3.97119 3.11687
-3.23423 3.97177 3.11661
-3.26366 3.97272 3.10931
-3.28672 3.97402 3.08524
-3.32585 3.97623 3.08525
-3.36639 3.9793 3.06587
-3.38575 3.98162 3.02225
-3.41438 3.98434 3.04688
-3.44461 3.98495 3.12169
-3.48516 3.98517 3.1361
-3.50145 3.98476 3.16665
-3.54345 3.9833 -3.10683
-3.56612 3.98174 -3.07281
-3.58673 3.97995 -3.05514
-3.61286 3.97714 -3.03423
-3.64879 3.97311 -3.0299
-3.66803 3.97155 -3.06103
-3.68907 3.97025 -3.07975
-3.7099 3.96899 -3.08132
-3.73804 3.96733 -3.08251
-3.74823 3.96686 -3.09607
-3.76577 3.96641 -3.11582
-3.77749 3.96647 -3.14637
-3.78985 3.96591 3.18687
-3.80247 3.96552 -3.11093
-3.82119 3.96531 -3.13055
-3.83918 3.96438 -3.08986
-3.84771 3.96392 -3.08716
-3.85934 3.96329 -3.08798
-3.8714 3.96269 -3.09143
-3.88207 3.96266 -3.13854
-3.88885 3.96282 -3.16615
-3.90068 3.96315 3.11368
-3.91867 3.96353 3.1204
-3.92332 3.9637 3.10593
-3.9478 3.96453 3.10773
-3.96035 3.9645 3.14353
-3.97554 3.96381 -3.09593
-3.99958 3.96335 -3.12228
-4.00555 3.9629 -3.06725
-4.02438 3.96117 -3.05001
-4.04458 3.95989 -3.07803
-4.06422 3.95784 -3.03767
-4.08276 3.95554 -3.01829
-4.08811 3.95482 -3.00771
-4.08985 3.95457 -2.9993
-4.09108 3.95437 -2.9807
-4.09579 3.95372 -3.00322
-4.11686 3.94955 -2.94646
-4.13712 3.94543 -2.94069
-4.14999 3.94272 -2.9341
-4.16509 3.9399 -2.95739
-4.16873 3.9394 -3.00479
-4.16714 3.93961 -3.01166
-4.17435 3.93889 -3.04176
-4.18726 3.93789 -3.0644
-4.20138 3.93709 -3.08501
True
0.0673178
