-5.47024 1.51183 -0.0659502
-5.42043 1.50798 -0.0771203
-5.38406 1.50609 -0.0519197
-5.34182 1.50083 -0.124051
-5.29221 1.49483 -0.120263
-5.24566 1.49032 -0.0965645
-5.1958 1.48665 -0.0735866
-5.15135 1.485 -0.0370549
-5.10644 1.48213 -0.0637518
-5.06299 1.48082 -0.0303192
-5.01304 1.47876 -0.0411751
-4.96509 1.47671 -0.0427172
-4.91675 1.47447 -0.0462624
-4.8729 1.47229 -0.0496103
-4.83879 1.46895 -0.0975884
-4.79531 1.465 -0.0907714
-4.75621 1.46249 -0.0639663
-4.70751 1.4575 -0.102254
-4.6578 1.45483 -0.0536058
-4.61658 1.4513 -0.0853612
-4.57327 1.44978 -0.0350344
-4.52368 1.44779 -0.0401647
-4.47498 1.44775 -0.000862017
-4.42855 1.44587 -0.0403192
-4.37994 1.44271 -0.0649238
-4.33308 1.43937 -0.0713421
-4.28324 1.43543 -0.0787666
-4.23823 1.4313 -0.0915243
-4.19149 1.42718 -0.0878636
-4.14239 1.42434 -0.0579139
-4.09672 1.4209 -0.0750478
-4.04691 1.41651 -0.0880137
-4.00664 1.41314 -0.0834358
-3.95728 1.40662 -0.131414
-3.91204 1.40303 -0.0791041
-3.86305 1.39722 -0.117986
-3.82202 1.39311 -0.0998832
-3.77274 1.38916 -0.0800257
-3.729 1.38562 -0.0807933
-3.67925 1.38346 -0.0434091
-3.63128 1.38006 -0.0707275
-3.58572 1.37616 -0.0852284
-3.54284 1.37516 -0.0233428
-3.49509 1.37314 -0.0423371
-3.44542 1.37131 -0.0368873
-3.39849 1.36888 -0.0516436
-3.3488 1.36558 -0.0664177
-3.30409 1.3652 -0.00834399
-3.25846 1.36304 -0.0473071
-3.2096 1.36473 0.0344386
-3.16059 1.36398 -0.0152736
-3.11592 1.36261 -0.0305424
-3.06963 1.36357 0.0206303
-3.02931 1.36442 0.0211416
-2.99796 1.36538 0.0306485
-2.95088 1.36806 0.0568605
-2.90445 1.37272 0.0999857
-2.8573 1.37525 0.0536786
-2.8079 1.37763 0.0480839
-2.76965 1.37873 0.0286736
-2.72049 1.37821 -0.0105645
-2.67887 1.37809 -0.00277622
-2.62964 1.37741 -0.0139435
-2.58603 1.37841 0.0229414
-2.53604 1.37866 0.00502595
-2.48615 1.38168 0.0603927
-2.44029 1.38233 0.0143009
-2.39544 1.38293 0.0133696
-2.34673 1.38485 0.0392862
-2.29759 1.38544 0.0121895
-2.25275 1.38625 0.0178716
-2.20355 1.38585 -0.00796751
-2.15359 1.38473 -0.0225616
-2.12164 1.38272 -0.0627174
-2.08312 1.38276 0.00099203
-2.03564 1.38054 -0.0467789
-1.98638 1.37888 -0.0336148
-1.93986 1.37798 -0.0192426
-1.88989 1.37907 0.0216481
-1.84 1.37809 -0.0195088
-1.79042 1.37901 0.0185718
-1.74487 1.37848 -0.0116124
-1.69534 1.37545 -0.0612315
-1.64557 1.37276 -0.0538464
-1.605 1.3707 -0.0508954
-1.56159 1.37136 0.0153353
-1.51356 1.37073 -0.0132415
-1.46466 1.37237 0.0336526
-1.4239 1.37192 -0.0112608
-1.37711 1.37108 -0.0179458
-1.32801 1.37151 0.00879178
-1.2781 1.37149 -0.00038738
-1.23903 1.37094 -0.0139788
-1.19676 1.37201 0.0252683
-1.14716 1.37548 0.0698478
-1.0984 1.37829 0.0574604
-1.06302 1.38123 0.0830288
-1.01634 1.38562 0.0938209
-0.966553 1.38718 0.0312735
-0.918991 1.38837 0.0250704
-0.869664 1.38746 -0.0184222
-0.824474 1.38724 -0.00489583
-0.783337 1.38671 -0.0128505
-0.737865 1.38707 0.0079393
-0.687886 1.3876 0.0105868
-0.639003 1.38719 -0.00855341
-0.589085 1.38486 -0.046501
-0.54433 1.38294 -0.0429814
-0.494724 1.38003 -0.0586194
-0.450082 1.37995 -0.00177167
-0.41689 1.38064 0.0207469
-0.369247 1.3818 0.024494
-0.328315 1.38364 0.0448702
-0.279084 1.38703 0.0686634
-0.229097 1.38716 0.00274707
-0.186538 1.38713 -0.000819054
-0.148624 1.38758 0.011815
-0.0986315 1.38734 -0.0046422
-0.0499231 1.38546 -0.0386564
-2.47926e-05 1.38265 -0.0563429
0.0498154 1.38148 -0.023334
0.0930588 1.37974 -0.0403233
0.13083 1.37654 -0.0845931
0.178442 1.37221 -0.0905822
0.213213 1.36965 -0.0735422
0.263115 1.36653 -0.062353
0.310595 1.36187 -0.0980022
0.360266 1.35848 -0.0681155
0.409838 1.35324 -0.10531
0.452475 1.34908 -0.0971899
0.500325 1.34614 -0.0614792
0.548355 1.34318 -0.0613733
0.598182 1.34094 -0.0450294
0.646216 1.34063 -0.00636196
0.694803 1.342 0.0281471
0.742943 1.3441 0.0435727
0.792916 1.34495 0.0170364
0.842817 1.34802 0.0613767
0.892766 1.34822 0.00395674
0.94264 1.35078 0.0513423
0.982545 1.35276 0.0495722
1.03012 1.35518 0.05078
1.07495 1.35885 0.0818789
1.12372 1.36126 0.0491877
1.17218 1.36259 0.0276142
1.20992 1.36204 -0.0147679
1.25972 1.35968 -0.0472956
1.30552 1.35698 -0.0589332
1.35281 1.35284 -0.087247
1.40238 1.34847 -0.087888
1.43616 1.34564 -0.0837904
1.48513 1.34097 -0.094996
1.53086 1.34009 -0.0192551
1.5738 1.33972 -0.00860237
1.6238 1.34016 0.00887224
1.67293 1.34103 0.0176687
1.71934 1.34091 -0.00258779
1.7687 1.34135 0.00882928
1.81864 1.34116 -0.00382168
1.86446 1.34065 -0.0111226
1.91046 1.33828 -0.0513802
1.95961 1.33736 -0.018828
2.00932 1.33494 -0.0486183
2.05866 1.33176 -0.0642411
2.10537 1.33119 -0.0123822
2.15523 1.3312 0.000337631
2.20068 1.33045 -0.0165376
2.24981 1.32954 -0.0184622
2.29742 1.32789 -0.0346581
2.34694 1.32838 0.00992924
2.39685 1.32532 -0.0613387
2.44669 1.32154 -0.0757308
2.49159 1.31764 -0.0866125
2.54131 1.31385 -0.0760917
2.5821 1.31062 -0.0789463
2.63126 1.30538 -0.106125
2.67695 1.29979 -0.121828
2.70929 1.29697 -0.0869441
2.75175 1.2928 -0.0978614
2.78679 1.28906 -0.106506
2.83294 1.28532 -0.08071
2.88207 1.28094 -0.0889521
2.92735 1.27841 -0.0558525
2.97254 1.27582 -0.0572877
3.0068 1.27092 -0.141922
3.04576 1.26455 -0.162132
3.09492 1.25605 -0.171191
3.13637 1.24932 -0.160949
3.16815 1.24446 -0.151889
3.19324 1.24147 -0.118514
3.23932 1.23692 -0.0984235
3.28688 1.23419 -0.057432
3.33559 1.22944 -0.0971082
3.38371 1.22472 -0.0977042
3.42929 1.22132 -0.0745314
3.47812 1.21804 -0.0670531
3.52759 1.21319 -0.0977291
3.55881 1.20995 -0.103336
3.59363 1.20665 -0.0945372
3.62971 1.20481 -0.0510885
3.67065 1.20306 -0.0427535
3.70443 1.20096 -0.0618247
3.74671 1.19782 -0.0742848
3.79162 1.19435 -0.0770282
3.84028 1.19322 -0.0232669
3.88724 1.19254 -0.0144605
3.92713 1.19163 -0.022871
3.95603 1.19183 0.00683174
3.98896 1.19066 -0.035337
4.01091 1.18982 -0.0384075
4.03993 1.18932 -0.0173226
4.05474 1.18907 -0.0166695
4.07304 1.18884 -0.0126973
4.09439 1.18868 -0.00745043
4.10102 1.18876 0.012163
4.11988 1.18915 0.0209576
4.1504 1.18956 0.0134423
4.1738 1.18962 0.00246817
4.21126 1.18998 0.00969777
4.2421 1.1896 -0.0124328
4.27371 1.1895 -0.0030672
4.30823 1.19107 0.0452198
4.34728 1.19246 0.0356494
4.374 1.19356 0.0410935
4.41075 1.19475 0.0323859
4.45218 1.19606 0.0315725
4.48688 1.19589 -0.00484885
4.5275 1.19561 -0.00696225
4.56904 1.19457 -0.0250401
4.61664 1.19343 -0.0238905
4.66509 1.19227 -0.0238535
4.69033 1.19187 -0.015825
4.71022 1.19226 0.0196397
4.74165 1.19248 0.00696114
4.78136 1.19182 -0.0166355
4.82758 1.19065 -0.0254235
4.8649 1.19058 -0.00164995
4.90702 1.19024 -0.00812288
4.93973 1.18987 -0.0113667
4.96979 1.18996 0.00285639
4.99766 1.18974 -0.00764133
5.01848 1.18948 -0.012663
5.03192 1.189 -0.0353205
5.05428 1.18887 -0.00589308
5.07816 1.18933 0.0190639
5.09338 1.1898 0.0311704
5.1123 1.19033 0.027978
5.12797 1.1914 0.0679915
5.13344 1.19148 0.0145903
5.12898 1.19143 0.01097
5.13687 1.19166 0.0288129
5.14717 1.19218 0.0505554
5.14944 1.19234 0.0696607
5.1531 1.19273 0.107745
5.15661 1.19308 0.0982505
5.16795 1.19425 0.102993
5.17823 1.19526 0.0978486
5.18554 1.19638 0.152247
5.18988 1.19726 0.200196
5.20078 1.19978 0.227416
True
0.0663107
