-5.47762 0.047978 0.329203
-5.42944 0.0613074 0.269875
-5.38429 0.0731544 0.256602
-5.3372 0.0878296 0.302138
-5.2936 0.100063 0.273571
-5.25113 0.111032 0.252707
-5.20661 0.12218 0.245352
-5.16737 0.131526 0.233829
-5.11876 0.143187 0.23544
-5.07173 0.152646 0.19849
-5.02833 0.159742 0.162047
-4.98444 0.168205 0.190511
-4.9376 0.175138 0.14694
-4.88792 0.180721 0.111908
-4.84222 0.187424 0.145626
-4.79531 0.195094 0.162085
-4.74623 0.204498 0.189301
-4.69722 0.21428 0.197021
-4.67183 0.220295 0.232584
-4.62276 0.229789 0.191138
-4.57938 0.239198 0.2136
-4.53366 0.248709 0.205091
-4.49145 0.259744 0.255695
-4.44572 0.27423 0.306803
-4.40757 0.285117 0.277935
-4.37106 0.294879 0.261299
-4.32587 0.304835 0.216867
-4.28245 0.313443 0.19568
-4.2336 0.324093 0.214674
-4.18537 0.335888 0.239818
-4.14525 0.348041 0.294163
-4.09679 0.36032 0.248146
-4.05164 0.372312 0.259617
-4.00879 0.385294 0.294179
-3.97645 0.395584 0.308009
-3.92801 0.407502 0.24127
-3.88285 0.419017 0.24965
-3.83443 0.43118 0.24609
-3.78536 0.440776 0.193128
-3.7424 0.448624 0.180697
-3.69578 0.458511 0.20899
-3.64785 0.466419 0.16351
-3.59875 0.475692 0.186677
-3.5525 0.483656 0.170528
-3.50417 0.494784 0.226295
-3.45574 0.506985 0.24678
-3.40973 0.51911 0.257703
-3.36416 0.531811 0.271797
-3.3165 0.546513 0.299198
-3.27265 0.56091 0.317265
-3.22844 0.575016 0.308832
-3.18117 0.591048 0.326957
-3.13376 0.606891 0.32255
-3.0898 0.621592 0.322677
-3.0428 0.638622 0.347672
-3.00171 0.653948 0.356973
-2.95757 0.668902 0.326686
-2.914 0.682489 0.302264
-2.87539 0.695967 0.335884
-2.82926 0.709803 0.291364
-2.78268 0.726337 0.34108
-2.74027 0.741891 0.351518
-2.69597 0.757012 0.328942
-2.64872 0.772445 0.315743
-2.61231 0.784972 0.331329
-2.56517 0.801354 0.334478
-2.52583 0.814411 0.320455
-2.48113 0.829396 0.323415
-2.43748 0.843616 0.314988
-2.39419 0.858924 0.339893
-2.3554 0.871104 0.304242
-2.31307 0.8824 0.260773
-2.2726 0.894937 0.30041
-2.22624 0.907496 0.264539
-2.1793 0.92304 0.319788
-2.13343 0.938027 0.315801
-2.08605 0.953976 0.324659
-2.03882 0.970097 0.328992
-1.9952 0.986471 0.359066
-1.95481 1.00272 0.382525
-1.90945 1.02235 0.408421
-1.86516 1.0391 0.361599
-1.82256 1.05341 0.324038
-1.79098 1.06472 0.343924
-1.74348 1.0803 0.316834
-1.69597 1.09578 0.315005
-1.65646 1.10821 0.304793
-1.61279 1.12096 0.284148
-1.57101 1.13282 0.276507
-1.52288 1.14554 0.25833
-1.48063 1.15577 0.237683
-1.43803 1.16545 0.223434
-1.39341 1.175 0.210801
-1.34696 1.18431 0.197802
-1.3005 1.19067 0.136142
-1.26084 1.19548 0.120688
-1.21269 1.2016 0.126301
-1.18365 1.20455 0.101453
-1.1479 1.20839 0.106829
-1.09887 1.2177 0.187826
-1.05175 1.22812 0.217581
-1.00227 1.23525 0.143006
-0.953002 1.24371 0.170207
-0.918826 1.25129 0.218119
-0.870151 1.26119 0.200722
-0.82158 1.27094 0.197942
-0.772877 1.27925 0.169186
-0.724191 1.28829 0.183473
-0.690425 1.29472 0.188265
-0.642163 1.30199 0.149381
-0.5931 1.31103 0.182284
-0.551732 1.31843 0.177009
-0.519617 1.32555 0.218311
-0.474225 1.33502 0.205563
-0.443168 1.34145 0.204098
-0.396471 1.34982 0.177365
-0.351965 1.36022 0.229656
-0.321545 1.36673 0.21092
-0.274991 1.3763 0.20257
-0.225874 1.38525 0.180306
-0.18729 1.39207 0.174929
-0.138708 1.40123 0.186355
-0.0896071 1.41063 0.189167
-0.0407459 1.41859 0.161558
0.00785025 1.4267 0.165343
0.057231 1.43349 0.136696
0.105944 1.4421 0.17479
0.153413 1.44944 0.153499
0.202335 1.45862 0.185397
0.249296 1.46888 0.215094
0.288309 1.47789 0.226969
0.336744 1.48724 0.190729
0.382021 1.49628 0.197082
0.427702 1.50427 0.173198
0.475878 1.51368 0.192947
0.52461 1.52486 0.225443
0.573786 1.53384 0.180633
0.616243 1.54361 0.226302
0.657409 1.55333 0.231717
0.701492 1.56324 0.221065
0.732529 1.57024 0.221977
0.780954 1.58264 0.250719
0.826821 1.59531 0.26947
0.874498 1.6094 0.287406
0.922067 1.62424 0.302426
0.965953 1.63872 0.318695
1.00972 1.65505 0.356984
1.05375 1.67247 0.376799
1.09789 1.69197 0.415931
1.13804 1.70855 0.391643
1.17669 1.72403 0.381013
1.22014 1.74203 0.392791
1.26291 1.75942 0.38606
1.3059 1.77617 0.371666
1.35013 1.79386 0.380302
1.39657 1.81217 0.375539
1.43641 1.82825 0.383717
1.48155 1.84966 0.442867
1.52631 1.87035 0.433111
1.57209 1.88915 0.389621
1.61655 1.90754 0.39205
1.66358 1.92452 0.346687
1.70035 1.93814 0.354595
1.74591 1.9551 0.356316
1.79045 1.97093 0.341633
1.83384 1.98621 0.338588
1.88011 2.00181 0.325089
1.9267 2.01767 0.328091
1.97282 2.0346 0.351918
2.01845 2.05018 0.328993
2.06472 2.06656 0.340245
2.11229 2.08167 0.307432
2.157 2.09545 0.299055
2.20345 2.10866 0.277181
2.25132 2.12293 0.289713
2.29911 2.13606 0.268016
2.34109 2.14757 0.26756
2.38878 2.16255 0.304345
2.42685 2.17384 0.288297
2.46433 2.18597 0.313072
2.51052 2.20243 0.342422
2.55824 2.21712 0.298518
2.60529 2.23238 0.313714
2.65312 2.24688 0.294336
2.69258 2.26157 0.356348
2.73462 2.27765 0.365361
2.78013 2.29529 0.369759
2.82675 2.3102 0.309499
2.87125 2.32352 0.290777
2.91676 2.33778 0.30368
2.96338 2.35338 0.322958
3.0052 2.36624 0.298394
3.05063 2.38072 0.308423
3.09562 2.39425 0.292299
3.14301 2.41017 0.323894
3.18558 2.42509 0.337302
3.23144 2.44157 0.344946
3.27507 2.45517 0.302095
3.31808 2.46791 0.288097
3.36647 2.48039 0.252301
3.40786 2.49056 0.240961
3.45378 2.50287 0.261954
3.49524 2.51397 0.261536
3.53023 2.52522 0.310972
3.56495 2.53713 0.33061
3.61105 2.5535 0.341166
3.65813 2.57004 0.337961
3.70439 2.58573 0.326841
3.73342 2.59565 0.329523
3.76137 2.60494 0.320769
3.80275 2.62091 0.36821
3.84528 2.63662 0.353908
3.88336 2.65219 0.388154
3.92082 2.66634 0.361046
3.96056 2.68029 0.337727
3.98471 2.68978 0.374495
3.99031 2.69194 0.367222
4.00732 2.69889 0.388055
4.01636 2.70185 0.316299
4.03854 2.70919 0.319446
4.06918 2.71941 0.322001
4.08435 2.72345 0.260553
4.1183 2.73157 0.23476
4.16197 2.7391 0.170646
4.20778 2.7472 0.174977
4.23987 2.75152 0.134004
4.28657 2.75804 0.138627
4.31157 2.76165 0.143673
4.33172 2.76496 0.162848
4.35309 2.76778 0.131126
4.3793 2.7713 0.133299
4.40659 2.77469 0.123632
4.43049 2.77773 0.126473
4.44587 2.77942 0.109385
4.46206 2.78192 0.153071
4.46391 2.78225 0.180463
4.47037 2.78351 0.192224
4.47861 2.78507 0.187374
4.50355 2.79054 0.215691
4.52181 2.79453 0.215082
4.55675 2.80086 0.179425
4.5928 2.80582 0.136637
4.62808 2.8118 0.167881
4.65491 2.81731 0.202448
4.68488 2.82344 0.201795
4.71691 2.83098 0.231281
4.73149 2.83503 0.271281
4.75458 2.84196 0.291518
4.77469 2.84822 0.301636
4.79198 2.85349 0.295923
4.806 2.85795 0.307508
4.82063 2.86207 0.274565
4.83778 2.8674 0.30164
4.84045 2.86821 0.29191
4.85759 2.8733 0.288996
4.87335 2.87828 0.30582
4.88586 2.88239 0.317413
4.90215 2.88714 0.283884
4.91613 2.89162 0.309911
4.93526 2.89781 0.313215
4.94103 2.89963 0.304965
4.95214 2.90338 0.325418
4.96393 2.90759 0.343052
4.97583 2.91219 0.369244
4.98614 2.91646 0.392295
5.00848 2.92588 0.398991
5.02604 2.93282 0.376412
5.04407 2.94107 0.429052
5.05353 2.94554 0.441581
5.06222 2.94954 0.431752
5.06909 2.95279 0.442339
5.08641 2.96126 0.454665
5.09364 2.96478 0.453085
5.11453 2.97459 0.43891
5.13457 2.98347 0.417104
5.13551 2.98389 0.42268
5.137 2.9846 0.442165
5.14984 2.9906 0.437526
5.16366 2.99777 0.478763
5.1822 3.00898 0.543685
5.18896 3.01358 0.596803
5.19282 3.01641 0.63295
5.19814 3.02055 0.661244
5.20437 3.02536 0.657832
5.21378 3.03278 0.668114
5.22025 3.03807 0.685002
5.2202 3.03802 0.734386
5.22225 3.03972 0.690501
True
0.0666256
