4.47937 0.00411784 2.94455
4.46306 0.00860038 2.87343
4.44876 0.0136263 2.80364
4.42574 0.0239158 2.72117
4.38733 0.0452799 2.63405
4.34866 0.0685735 2.59944
4.31452 0.0911646 2.55703
4.28192 0.1156 2.49835
4.24604 0.150423 2.37111
4.21272 0.185438 2.3315
4.17998 0.2213 2.31061
4.14938 0.25557 2.2997
4.12346 0.285774 2.28005
4.09327 0.32406 2.23846
4.07036 0.352417 2.25043
4.04264 0.390135 2.20451
4.01712 0.431088 2.12802
3.99625 0.467276 2.09406
3.97004 0.508944 2.13217
3.94801 0.547451 2.09049
3.92938 0.582642 2.05784
3.91122 0.62077 2.0153
3.88795 0.665011 2.05498
3.87008 0.703323 2.00716
3.85122 0.746259 1.98463
3.83739 0.780024 1.95973
3.81994 0.826662 1.92874
3.80529 0.870843 1.89108
3.79033 0.914828 1.89859
3.7725 0.961537 1.9355
3.75623 1.00875 1.90252
3.74 1.05588 1.90246
3.72218 1.10259 1.93528
3.70565 1.14978 1.90784
3.69337 1.18396 1.91547
3.67797 1.23105 1.88699
3.66384 1.27508 1.8813
3.65347 1.30673 1.88735
3.6375 1.34915 1.9308
3.62623 1.37939 1.92778
3.61317 1.41293 1.94218
3.59971 1.44614 1.95575
3.58598 1.47685 1.99107
3.56898 1.51744 1.96745
3.54843 1.56299 1.99459
3.52676 1.60805 2.01911
3.50897 1.64629 2.00625
3.48761 1.689 2.03454
3.47054 1.72559 2.00729
3.45019 1.76969 2.00303
3.43031 1.81417 1.99128
3.41273 1.85557 1.97223
3.39566 1.90246 1.91988
3.37891 1.94148 1.97626
3.3642 1.97484 1.98628
3.34678 2.01623 1.9691
3.32557 2.06107 2.01265
3.3031 2.10557 2.03836
3.28296 2.14135 2.08357
3.25904 2.18358 2.08609
3.23445 2.22699 2.08625
3.21031 2.27071 2.07525
3.18796 2.31397 2.04769
3.17057 2.34459 2.08725
3.14692 2.38278 2.12534
3.12214 2.42238 2.12989
3.09993 2.45443 2.17684
3.07025 2.49395 2.21491
3.04193 2.53346 2.19268
3.01276 2.57336 2.20202
2.98017 2.61127 2.28092
2.95544 2.63651 2.34593
2.92914 2.66383 2.33724
2.89282 2.69819 2.3839
2.86126 2.72778 2.38838
2.8238 2.7608 2.41918
2.78519 2.79248 2.45448
2.75251 2.81995 2.44261
2.71998 2.84706 2.44672
2.68678 2.87325 2.47371
2.64607 2.90228 2.52216
2.61222 2.92977 2.45953
2.57131 2.9584 2.53104
2.53327 2.98724 2.49278
2.49431 3.01643 2.49855
2.46775 3.03755 2.46982
2.42896 3.06895 2.46126
2.39446 3.0941 2.51156
2.36978 3.11351 2.47532
2.33196 3.14007 2.52916
2.29763 3.16543 2.50534
2.25734 3.19288 2.54351
2.2153 3.21967 2.57431
2.17533 3.24864 2.51454
2.14087 3.27582 2.47359
2.10816 3.30152 2.47568
2.09298 3.31295 2.49593
2.05824 3.33856 2.50651
2.0234 3.36237 2.54198
1.98921 3.38507 2.55556
1.94735 3.41094 2.58798
1.90653 3.43787 2.55846
1.86652 3.46129 2.61201
1.82928 3.48037 2.66811
1.78415 3.50038 2.72421
1.74049 3.51854 2.74753
1.70238 3.53546 2.72377
1.6582 3.55298 2.76393
1.61185 3.57173 2.75724
1.56505 3.58933 2.78181
1.51807 3.60645 2.79227
1.47064 3.62225 2.81997
1.44795 3.6309 2.77709
1.40821 3.6455 2.78962
1.362 3.66458 2.75003
1.32647 3.67575 2.8371
1.28224 3.69124 2.80473
1.24357 3.70551 2.78801
1.20536 3.72015 2.7756
1.17313 3.73254 2.77479
1.12871 3.75068 2.75386
1.09996 3.76081 2.80265
1.0625 3.77454 2.79031
1.02535 3.78934 2.76244
1.00757 3.79483 2.84234
0.960664 3.80993 2.83013
0.913062 3.82453 2.84405
0.87385 3.83621 2.8521
0.828854 3.84964 2.85137
0.780586 3.86221 2.88686
0.731951 3.87336 2.91623
0.682755 3.88229 2.96206
0.63421 3.89403 2.90441
0.599336 3.90063 2.9545
0.554052 3.90849 2.96971
0.510122 3.9183 2.92185
0.473495 3.92496 2.9617
0.42553 3.93435 2.94827
0.385861 3.94016 2.99613
0.359613 3.94375 3.0056
0.320732 3.94814 3.02934
0.272324 3.95107 3.08109
0.229806 3.95203 3.11894
0.182958 3.95132 3.15675
0.133693 3.9516 -3.14711
0.0855287 3.95165 3.14047
0.040381 3.95099 3.15615
-0.00847002 3.94966 -3.11429
-0.0584132 3.94728 -3.09394
-0.10443 3.94545 -3.10197
-0.154416 3.94428 -3.11807
-0.202796 3.93985 -3.05026
-0.251304 3.93568 -3.05601
-0.300367 3.93242 -3.07525
-0.35026 3.92916 -3.07633
-0.397035 3.92534 -3.06002
-0.44689 3.92284 -3.09152
-0.495672 3.91879 -3.05878
-0.544141 3.91309 -3.02455
-0.593526 3.9055 -2.98911
-0.640988 3.89918 -3.00924
-0.690001 3.89029 -2.962
-0.738479 3.87975 -2.92764
-0.781904 3.86935 -2.9064
-0.830356 3.85711 -2.89415
-0.875349 3.84556 -2.89039
-0.922999 3.83389 -2.90138
-0.96985 3.82256 -2.90441
-1.01464 3.81023 -2.87293
-1.05348 3.79875 -2.85425
-1.09326 3.78902 -2.90163
-1.14011 3.77776 -2.90577
-1.18444 3.76633 -2.88929
-1.227 3.75466 -2.87379
-1.27044 3.74358 -2.8918
-1.31853 3.7326 -2.91732
-1.36628 3.71933 -2.87044
-1.41336 3.70331 -2.81359
-1.45911 3.68985 -2.85547
-1.50195 3.67663 -2.84229
-1.54832 3.66186 -2.83313
-1.59106 3.64524 -2.77083
-1.63505 3.62882 -2.7844
-1.68193 3.61167 -2.79075
-1.72839 3.59403 -2.7788
-1.77207 3.57565 -2.74323
-1.81825 3.5565 -2.74851
-1.85878 3.53744 -2.70212
-1.90494 3.51831 -2.74865
-1.9419 3.50064 -2.69565
-1.98065 3.48198 -2.6927
-2.02396 3.4585 -2.64478
-2.06717 3.43529 -2.64875
-2.11098 3.41364 -2.6827
-2.15155 3.39304 -2.67171
-2.18553 3.37619 -2.68114
-2.22965 3.35296 -2.65688
-2.26999 3.33319 -2.68595
-2.31357 3.30868 -2.62928
-2.35653 3.28309 -2.60431
-2.39667 3.25727 -2.5701
-2.43618 3.23173 -2.56777
-2.47817 3.20602 -2.59212
-2.50319 3.18939 -2.5549
-2.54435 3.16374 -2.58438
-2.58076 3.14109 -2.58504
-2.62084 3.11651 -2.59145
-2.65248 3.09601 -2.5667
-2.69478 3.06939 -2.5799
-2.73457 3.04518 -2.59504
-2.77105 3.01902 -2.51937
-2.80883 2.99068 -2.49803
-2.84165 2.96455 -2.46921
-2.87324 2.94078 -2.49668
-2.91032 2.91077 -2.46113
-2.9414 2.88372 -2.42542
-2.96581 2.86421 -2.46716
-2.99739 2.83769 -2.44315
-3.03218 2.80875 -2.44775
-3.04899 2.79307 -2.39104
-3.07618 2.76741 -2.38509
-3.1037 2.74262 -2.40838
-3.13662 2.71172 -2.38778
-3.16562 2.68453 -2.38834
-3.19576 2.65786 -2.41729
-3.22688 2.62913 -2.39603
-3.24712 2.6113 -2.41951
-3.26515 2.59591 -2.4348
-3.28129 2.58085 -2.39128
-3.29128 2.57139 -2.38299
-3.30859 2.55502 -2.38414
-3.31421 2.55034 -2.44715
-3.32762 2.53988 -2.47924
-3.34994 2.52253 -2.48072
-3.36587 2.51076 -2.50515
-3.37691 2.50159 -2.44828
-3.3975 2.48454 -2.45013
-3.42509 2.46239 -2.46532
-3.44987 2.44245 -2.46381
-3.46779 2.42783 -2.45737
-3.48149 2.41701 -2.47278
-3.50365 2.40026 -2.49445
-3.52144 2.38572 -2.45646
-3.54292 2.36894 -2.47859
-3.57744 2.33949 -2.43529
-3.61092 2.3119 -2.45223
-3.64199 2.28535 -2.43456
-3.66527 2.26413 -2.40214
-3.68334 2.24826 -2.42134
-3.69159 2.24149 -2.45426
-3.70669 2.23028 -2.5027
-3.73842 2.20837 -2.53742
-3.77574 2.18294 -2.54339
-3.81098 2.15929 -2.5505
-3.8392 2.14106 -2.56808
-3.8654 2.12466 -2.58223
-3.88063 2.11462 -2.55886
-3.89445 2.10427 -2.49887
-3.90931 2.09257 -2.47463
-3.91872 2.08516 -2.47428
-3.9295 2.07653 -2.46671
-3.94817 2.06062 -2.43567
-3.958 2.05239 -2.44466
-3.96562 2.04596 -2.44065
-3.98105 2.03191 -2.40291
-3.99581 2.01892 -2.41999
-4.016 2.00397 -2.50443
-4.0356 1.99116 -2.56252
-4.0498 1.98279 -2.60913
-4.07369 1.96859 -2.60523
-4.08542 1.96083 -2.55725
-4.09984 1.95013 -2.50293
-4.11521 1.93778 -2.46484
-4.13101 1.92521 -2.46957
-4.13891 1.91904 -2.47863
-4.15038 1.91005 -2.47643
-4.17106 1.89295 -2.45091
-4.18671 1.87975 -2.44066
-4.19917 1.86854 -2.40903
-4.2154 1.85242 -2.35969
-4.23896 1.8271 -2.32027
-4.24802 1.81719 -2.31137
-4.2521 1.81212 -2.24883
-4.25829 1.80365 -2.20123
-4.26723 1.79037 -2.16367
-4.27309 1.78152 -2.1552
-4.27852 1.7737 -2.1776
-4.27804 1.77436 -2.1896
-4.28479 1.76482 -2.18607
-4.28717 1.76145 -2.18675
-4.28574 1.76327 -2.23788
-4.29032 1.75734 -2.22771
-4.2924 1.75446 -2.19811
-4.28815 1.76051 -2.18341
-4.29514 1.74975 -2.14704
-4.29718 1.74654 -2.13707
-4.30997 1.7283 -2.18222
-4.31605 1.72033 -2.22258
-4.32076 1.71431 -2.23467
-4.32324 1.71102 -2.21629
-4.32806 1.70453 -2.20894
-4.33481 1.69579 -2.22897
True
0.182288
