4.47563 -0.0127029 -2.66116
4.43539 -0.0382517 -2.57582
4.40051 -0.0617899 -2.54796
4.3685 -0.0873992 -2.4669
4.33926 -0.114233 -2.39896
4.30679 -0.145969 -2.36775
4.27945 -0.174276 -2.33882
4.25456 -0.201379 -2.31361
4.23215 -0.227897 -2.27239
4.20016 -0.266236 -2.26617
4.17157 -0.304898 -2.2075
4.14592 -0.343753 -2.15428
4.11901 -0.385125 -2.14754
4.0936 -0.428178 -2.10389
4.0701 -0.472093 -2.06227
4.05255 -0.506713 -2.03991
4.02794 -0.550146 -2.08627
4.00308 -0.593208 -2.0944
3.97913 -0.637095 -2.07042
3.95952 -0.672403 -2.07774
3.93964 -0.706106 -2.10362
3.91339 -0.748423 -2.12613
3.9023 -0.767733 -2.09178
3.88203 -0.808188 -2.03528
3.85997 -0.849595 -2.06034
3.84032 -0.887709 -2.04683
3.81672 -0.929822 -2.08156
3.79483 -0.974727 -2.02448
3.77675 -1.00927 -2.05297
3.75599 -1.05296 -2.01443
3.7359 -1.09388 -2.02713
3.71416 -1.1389 -2.0206
3.69795 -1.17521 -1.99076
3.67685 -1.21728 -2.0356
3.65623 -1.25944 -2.02577
3.63393 -1.30402 -2.0346
3.62137 -1.32945 -2.02963
3.60026 -1.37263 -2.02548
3.5873 -1.3989 -2.02897
3.56366 -1.44296 -2.06335
3.54635 -1.47938 -2.0144
3.52835 -1.51544 -2.0337
3.50669 -1.5605 -2.01902
3.48555 -1.6058 -2.00745
3.46774 -1.64427 -2.00434
3.44619 -1.68825 -2.02635
3.43298 -1.71231 -2.07304
3.42516 -1.72737 -2.04971
3.40716 -1.76122 -2.05952
3.39159 -1.79267 -2.03029
3.36887 -1.83721 -2.04268
3.34739 -1.87818 -2.05358
3.32724 -1.91415 -2.08144
3.30116 -1.95675 -2.12014
3.27582 -1.99906 -2.11042
3.25061 -2.04224 -2.09927
3.22737 -2.08417 -2.07697
3.21018 -2.11561 -2.07084
3.19092 -2.14873 -2.09759
3.16454 -2.18963 -2.14372
3.14885 -2.2169 -2.09287
3.11999 -2.25771 -2.18634
3.09282 -2.29967 -2.14538
3.06556 -2.34113 -2.15245
3.03927 -2.37893 -2.17847
3.01723 -2.41106 -2.17223
2.99489 -2.44331 -2.17656
2.96617 -2.48317 -2.19504
2.9384 -2.52243 -2.18652
2.90822 -2.56228 -2.21898
2.87762 -2.60084 -2.24165
2.85599 -2.62669 -2.26744
2.82622 -2.66216 -2.26896
2.79336 -2.69985 -2.28786
2.76378 -2.73359 -2.29067
2.73072 -2.77006 -2.3072
2.69718 -2.80714 -2.30609
2.66391 -2.84263 -2.32394
2.6297 -2.87643 -2.3622
2.60039 -2.90528 -2.36396
2.56549 -2.94108 -2.34348
2.53325 -2.97249 -2.36938
2.49563 -3.00539 -2.42298
2.46375 -3.03441 -2.40315
2.42907 -3.06398 -2.43558
2.39133 -3.09674 -2.42667
2.354 -3.12669 -2.46554
2.31549 -3.15762 -2.46494
2.27868 -3.18673 -2.47246
2.24501 -3.21292 -2.4804
2.20935 -3.23826 -2.52373
2.16831 -3.26678 -2.53437
2.13145 -3.29191 -2.54312
2.09847 -3.3164 -2.50285
2.05768 -3.34477 -2.53399
2.01621 -3.37228 -2.55577
1.97757 -3.39731 -2.56694
1.93381 -3.42149 -2.63665
1.89196 -3.44401 -2.64794
1.84747 -3.46572 -2.6877
1.80843 -3.48465 -2.69013
1.76491 -3.50558 -2.69325
1.72479 -3.52541 -2.6826
1.68001 -3.54433 -2.74171
1.64003 -3.55783 -2.81592
1.60333 -3.56868 -2.85423
1.55732 -3.58455 -2.80949
1.51984 -3.59846 -2.78628
1.4802 -3.61291 -2.79193
1.4359 -3.62726 -2.82833
1.38943 -3.64272 -2.82039
1.35364 -3.65416 -2.83242
1.308 -3.6682 -2.84301
1.26166 -3.68293 -2.83391
1.21429 -3.69879 -2.81858
1.16659 -3.71365 -2.8395
1.12024 -3.72959 -2.81025
1.07252 -3.74449 -2.83894
1.02808 -3.75895 -2.82699
0.982122 -3.77256 -2.85387
0.941303 -3.7831 -2.88885
0.893306 -3.79476 -2.90319
0.847069 -3.80635 -2.89596
0.79913 -3.81971 -2.86983
0.750469 -3.83107 -2.91235
0.701909 -3.84062 -2.94739
0.662544 -3.84689 -2.98362
0.616185 -3.85325 -3.00516
0.577392 -3.85797 -3.02069
0.528595 -3.86394 -3.01979
0.479754 -3.86934 -3.03145
0.440446 -3.87617 -2.96958
0.403181 -3.88043 -3.02773
0.356964 -3.8853 -3.03674
0.307603 -3.89305 -2.9857
0.264074 -3.89951 -2.99438
0.223775 -3.90412 -3.02774
0.174298 -3.91133 -2.99679
0.131293 -3.91816 -2.98399
0.0832285 -3.92568 -2.9865
0.0340213 -3.93347 -2.98462
-0.011465 -3.94127 -2.97166
-0.0588353 -3.94728 -3.01536
-0.107635 -3.95512 -2.98239
-0.14886 -3.96084 -3.00381
-0.193664 -3.96733 -2.99763
-0.236107 -3.97062 -3.06418
-0.278963 -3.9752 -3.03513
-0.321815 -3.97829 -3.06978
-0.370274 -3.98179 -3.06949
-0.415879 -3.98536 -3.06334
-0.463903 -3.9895 -3.05556
-0.512784 -3.99245 -3.08146
-0.561092 -3.99571 -3.07425
-0.610219 -4.0008 -3.03829
-0.6536 -4.00596 -3.0231
-0.703071 -4.01321 -2.99607
-0.75063 -4.01891 -3.02247
-0.797625 -4.026 -2.99186
-0.846733 -4.03497 -2.96088
-0.895043 -4.04327 -2.97142
-0.943474 -4.05283 -2.94678
-0.992264 -4.06334 -2.92927
-1.038 -4.07117 -2.97209
-1.08422 -4.07835 -2.98749
-1.13123 -4.08214 -3.06125
-1.17347 -4.08651 -3.03837
-1.22097 -4.09276 -3.01088
-1.26837 -4.10138 -2.9615
-1.31585 -4.1097 -2.96832
-1.36485 -4.11512 -3.0313
-1.4144 -4.12022 -3.03907
-1.46283 -4.1221 -3.10278
-1.51023 -4.12371 -3.10766
-1.55995 -4.12636 -3.08836
-1.60993 -4.12557 -3.15742
-1.65984 -4.12346 3.09938
-1.69034 -4.12366 3.14824
-1.73933 -4.12624 -3.08912
-1.78537 -4.13088 -3.04096
-1.83106 -4.13522 -3.04697
-1.87908 -4.14323 -2.9764
-1.92144 -4.15016 -2.97943
-1.96407 -4.15462 -3.03724
-2.01355 -4.15725 -3.08849
-2.05177 -4.16201 -3.01762
-2.09917 -4.1668 -3.04091
-2.14294 -4.17162 -3.03199
-2.18869 -4.17819 -2.99884
-2.23266 -4.18547 -2.97753
-2.28028 -4.19323 -2.98017
-2.31632 -4.19841 -2.99882
-2.36433 -4.20518 -3.00148
-2.41379 -4.21242 -2.99621
-2.45548 -4.21897 -2.98586
-2.4971 -4.22544 -2.98721
-2.52997 -4.2299 -3.00687
-2.57204 -4.23667 -2.98205
-2.611 -4.24446 -2.94434
-2.64394 -4.2504 -2.9631
-2.67429 -4.25632 -2.94888
-2.7215 -4.26567 -2.94599
-2.76469 -4.27485 -2.93217
-2.8039 -4.28218 -2.95678
-2.85149 -4.29174 -2.94344
-2.897 -4.29965 -2.9694
-2.94109 -4.30634 -2.99099
-2.97368 -4.30959 -3.04232
-3.00846 -4.31264 -3.05405
-3.04906 -4.3158 -3.06407
-3.09016 -4.32092 -3.01764
-3.13338 -4.32652 -3.01263
-3.16881 -4.33161 -2.99897
-3.19683 -4.33593 -2.9887
-3.21496 -4.33829 -3.01183
-3.22938 -4.33935 -3.06837
-3.26345 -4.3426 -3.04649
-3.27172 -4.34329 -3.05814
-3.29387 -4.34551 -3.04182
-3.3163 -4.34675 -3.08662
-3.34844 -4.34825 -3.09479
-3.36306 -4.34881 -3.10365
-3.39662 -4.35138 -3.06497
-3.43558 -4.35349 -3.08761
-3.47193 -4.3564 -3.06173
-3.51855 -4.36189 -3.02441
-3.56006 -4.36634 -3.03457
-3.60932 -4.37127 -3.04189
-3.635 -4.37502 -2.9967
-3.6678 -4.37922 -3.01423
-3.69739 -4.38299 -3.01495
-3.73514 -4.38663 -3.04527
-3.77034 -4.38937 -3.06405
-3.80066 -4.3921 -3.05171
-3.81299 -4.39367 -3.01521
-3.82078 -4.39476 -3.00202
-3.82968 -4.39647 -2.95214
-3.83827 -4.39801 -2.96454
-3.85147 -4.40071 -2.93982
-3.8657 -4.40386 -2.92373
-3.88015 -4.40742 -2.89988
-3.89467 -4.41093 -2.90445
-3.91578 -4.41681 -2.87016
-3.93713 -4.42199 -2.90318
-3.9514 -4.42558 -2.89524
-3.97138 -4.42979 -2.93405
-3.98656 -4.43276 -2.94863
-4.01641 -4.43901 -2.93507
-4.03929 -4.44396 -2.92866
-4.05718 -4.44877 -2.87869
-4.07447 -4.45467 -2.81305
-4.09801 -4.46365 -2.77698
-4.11592 -4.47086 -2.75867
-4.12291 -4.47388 -2.73387
-4.12599 -4.47524 -2.72556
-4.13493 -4.47897 -2.74652
-4.14722 -4.48371 -2.77392
-4.14826 -4.48415 -2.73566
-4.15547 -4.48686 -2.78258
-4.16282 -4.48968 -2.77508
-4.16759 -4.49136 -2.80173
-4.17227 -4.49306 -2.79337
-4.18519 -4.49774 -2.79459
-4.20437 -4.50543 -2.76033
True
0.0661577
