4.48807 0.00684253 2.62084
4.4519 0.0317107 2.53922
4.41597 0.0613621 2.45172
4.37929 0.0923495 2.44007
4.34908 0.117317 2.45101
4.32371 0.13927 2.42821
4.29973 0.161816 2.38709
4.26443 0.196777 2.36094
4.23109 0.233784 2.30412
4.20135 0.271173 2.24271
4.17038 0.309721 2.24775
4.14121 0.348761 2.21233
4.11644 0.383362 2.19212
4.09183 0.420242 2.15933
4.06954 0.452518 2.17514
4.04739 0.492166 2.08024
4.0291 0.524934 2.07983
4.00907 0.560592 2.08279
3.98652 0.600396 2.0861
3.97385 0.623786 2.06725
3.95748 0.658574 2.01077
3.93923 0.694801 2.03743
3.91851 0.740028 2.00026
3.89836 0.784873 1.99315
3.88261 0.820526 1.98686
3.87019 0.849447 1.97636
3.85065 0.895071 1.9755
3.83212 0.941511 1.95033
3.81729 0.98072 1.93242
3.80489 1.00786 1.99959
3.79348 1.0359 1.9572
3.77331 1.07937 2.00524
3.7533 1.12517 1.98273
3.73636 1.16109 2.01126
3.72075 1.19657 1.98542
3.70647 1.22933 1.98166
3.68895 1.27185 1.96186
3.67168 1.31876 1.92352
3.65506 1.36584 1.91005
3.63944 1.41332 1.88868
3.62528 1.45381 1.90724
3.6073 1.50037 1.9393
3.59141 1.54216 1.93416
3.57586 1.58031 1.95771
3.55787 1.62676 1.94037
3.53932 1.6729 1.95306
3.52021 1.71346 2.01113
3.50277 1.75128 2.00284
3.48504 1.78675 2.03446
3.46611 1.83302 1.95908
3.4468 1.87505 2.00152
3.42979 1.91505 1.97282
3.40858 1.95609 2.04784
3.38863 1.99111 2.08845
3.36267 2.03355 2.11988
3.34556 2.06061 2.13451
3.32087 2.10077 2.12206
3.29388 2.14287 2.14085
3.28017 2.16529 2.11953
3.2534 2.2067 2.14477
3.22717 2.24925 2.12313
3.19892 2.2899 2.17815
3.17279 2.32717 2.18231
3.14794 2.35825 2.24531
3.12107 2.3916 2.24909
3.08952 2.43013 2.25694
3.06075 2.46475 2.26413
3.03146 2.5006 2.25574
3.00001 2.53797 2.27039
2.96822 2.5752 2.27754
2.93569 2.61309 2.28019
2.90039 2.64697 2.37682
2.86558 2.67953 2.38958
2.83121 2.71537 2.33509
2.7979 2.74692 2.38347
2.76565 2.77711 2.3892
2.7294 2.81008 2.40351
2.69683 2.8404 2.39196
2.66445 2.87014 2.39872
2.63816 2.89262 2.43414
2.606 2.91918 2.45117
2.57089 2.95236 2.38445
2.53532 2.98564 2.38952
2.4989 3.01954 2.392
2.46815 3.04689 2.41461
2.42925 3.07823 2.4634
2.39959 3.10186 2.46907
2.36207 3.13032 2.49261
2.33058 3.15722 2.4345
2.29266 3.18664 2.48187
2.26158 3.21038 2.48932
2.22697 3.2372 2.48224
2.18786 3.26772 2.47893
2.15398 3.29576 2.45027
2.11648 3.32735 2.44155
2.08005 3.35815 2.43977
2.05105 3.38057 2.48336
2.01366 3.40558 2.55214
1.97164 3.43266 2.56903
1.93041 3.46024 2.552
1.88939 3.48745 2.55598
1.85697 3.50738 2.59042
1.81977 3.52972 2.60068
1.7784 3.55703 2.55823
1.73604 3.58245 2.60105
1.69444 3.60375 2.66829
1.65393 3.62607 2.63809
1.60965 3.64929 2.65863
1.56777 3.6706 2.67089
1.52387 3.69453 2.64251
1.47931 3.71602 2.69221
1.43546 3.73648 2.70512
1.39062 3.75747 2.70378
1.34531 3.77856 2.70598
1.30089 3.79852 2.71921
1.25557 3.81959 2.70631
1.20888 3.83739 2.77747
1.16648 3.85164 2.8174
1.11886 3.86677 2.83397
1.07269 3.88088 2.84491
1.02949 3.89427 2.8411
0.98633 3.90634 2.86894
0.938293 3.91881 2.88752
0.897188 3.9306 2.86218
0.855377 3.94326 2.84768
0.813373 3.95507 2.86753
0.769224 3.96649 2.88843
0.720694 3.97851 2.89874
0.675456 3.98987 2.89559
0.628549 3.99957 2.93762
0.580714 4.01155 2.89635
0.53377 4.02307 2.90086
0.485346 4.03483 2.90345
0.436501 4.04538 2.92882
0.395992 4.05294 2.95698
0.347437 4.06211 2.95498
0.30293 4.0701 2.96404
0.260713 4.07954 2.92156
0.211888 4.08996 2.93129
0.165795 4.09939 2.93986
0.120335 4.10721 2.97111
0.0764195 4.11377 2.99342
0.0275105 4.12022 3.01047
-0.0213863 4.12681 3.00766
-0.0644964 4.13033 3.06008
-0.111352 4.13265 3.09216
-0.160889 4.13451 3.10407
-0.210716 4.13651 3.10137
-0.259452 4.14078 3.05428
-0.301495 4.14216 3.10873
-0.351428 4.14425 3.09986
-0.401408 4.14436 3.13938
-0.449472 4.1427 3.176
-0.499289 4.13846 -3.05658
-0.549139 4.13746 -3.1216
-0.591575 4.13743 -3.14091
-0.640333 4.13722 -3.13737
-0.681543 4.13803 -3.16109
-0.728737 4.13904 3.12019
-0.769254 4.14028 3.11092
-0.819246 4.13945 3.15817
-0.865715 4.13917 -3.13552
-0.90964 4.13827 -3.1212
-0.947363 4.13528 -3.06245
-0.996134 4.13283 -3.09127
-1.04389 4.12945 -3.07105
-1.09267 4.12729 -3.09724
-1.13515 4.12501 -3.08797
-1.18485 4.12383 -3.11788
-1.23406 4.12145 -3.09323
-1.27495 4.11973 -3.09955
-1.32414 4.11709 -3.08807
-1.36928 4.11427 -3.07917
-1.41193 4.11053 -3.05406
-1.45544 4.10813 -3.08657
-1.50295 4.10368 -3.0481
-1.5417 4.10077 -3.06679
-1.57813 4.09669 -3.03008
-1.62172 4.09149 -3.02282
-1.66602 4.08741 -3.04968
-1.71569 4.08173 -3.02786
-1.76556 4.0783 -3.07286
-1.81251 4.07262 -3.02123
-1.85829 4.06836 -3.04869
-1.89127 4.06488 -3.03654
-1.93918 4.06036 -3.0475
-1.98706 4.05654 -3.06212
-2.02758 4.05194 -3.02847
-2.07325 4.04683 -3.0302
-2.12199 4.04335 -3.07027
-2.15519 4.04097 -3.06998
-2.20147 4.03782 -3.07359
-2.24299 4.03569 -3.09031
-2.29238 4.03203 -3.06766
-2.34153 4.0289 -3.07793
-2.36798 4.02792 -3.10482
-2.40446 4.02607 -3.09101
-2.44084 4.02317 -3.06181
-2.48535 4.02141 -3.10218
-2.5222 4.02127 -3.13784
-2.57042 4.02189 -3.15438
-2.60141 4.02203 3.13711
-2.63169 4.02179 3.14941
-2.6714 4.02151 -3.13452
-2.7034 4.02114 -3.13011
-2.71859 4.02057 -3.10377
-2.74837 4.01971 -3.11262
-2.7679 4.019 -3.10528
-2.79139 4.01737 -3.07245
-2.8121 4.0166 -3.10434
-2.83907 4.01541 -3.09743
-2.86196 4.01425 -3.09118
-2.8977 4.01258 -3.09476
-2.93226 4.01048 -3.08097
-2.95886 4.00937 -3.09989
-2.9896 4.00869 -3.11956
-3.01804 4.00881 -3.14585
-3.03283 4.0087 3.1495
-3.05129 4.00841 -3.12609
-3.07067 4.00823 -3.13256
-3.07743 4.00825 -3.14427
-3.0929 4.00813 3.14965
-3.11823 4.00744 -3.11439
-3.13542 4.00808 -3.17905
-3.15476 4.00876 3.10648
-3.16853 4.00933 3.10069
-3.17491 4.00945 3.12171
-3.18835 4.00934 3.15012
-3.20109 4.00901 -3.11566
-3.21934 4.00914 -3.14874
-3.23219 4.00954 3.11045
-3.25755 4.0094 3.1471
-3.28364 4.00897 -3.1251
-3.31807 4.00646 -3.06876
-3.35395 4.00229 -3.02598
-3.39776 3.99784 -3.04052
-3.43476 3.99413 -3.04145
-3.46541 3.99184 -3.06713
-3.50928 3.98873 -3.07083
-3.54817 3.98638 -3.08132
-3.59146 3.98383 -3.0826
-3.62204 3.98183 -3.07628
-3.63412 3.98075 -3.05278
-3.65016 3.97922 -3.04628
-3.65296 3.97896 -3.05086
-3.65867 3.9786 -3.07834
-3.67284 3.97749 -3.06354
-3.68928 3.97582 -3.04037
-3.70761 3.97349 -3.01497
-3.72185 3.97164 -3.01247
-3.73839 3.96997 -3.04102
-3.77149 3.96635 -3.03263
-3.80226 3.96276 -3.0255
-3.84297 3.95906 -3.0508
-3.87661 3.9559 -3.04797
-3.89174 3.95467 -3.06049
-3.91496 3.95229 -3.03962
-3.92505 3.95118 -3.03198
-3.93737 3.95015 -3.05791
-3.95175 3.94897 -3.05996
-3.96198 3.94855 -3.10004
-3.97494 3.94809 -3.10647
-3.98531 3.94769 -3.10263
-3.99325 3.94718 -3.07732
-4.00089 3.94675 -3.08534
-4.016 3.94636 -3.11585
-4.02545 3.9462 -3.12503
-4.04098 3.9461 -3.1354
-4.06374 3.94489 -3.08835
-4.07315 3.945 -3.15352
-4.08041 3.94522 3.11184
-4.09426 3.94626 3.06697
-4.10894 3.94761 3.04941
-4.1259 3.94941 3.03593
-4.12282 3.94919 3.07102
-4.12927 3.94933 3.12027
-4.13897 3.94965 3.10866
-4.14737 3.94998 3.10214
-4.1506 3.95005 3.12103
-4.16366 3.94995 3.14913
-4.18285 3.95037 -3.16326
-4.19026 3.95046 3.12863
-4.20428 3.95034 3.15025
True
0.19289
