-5.46999 -0.539551 0.0354787
-5.4202 -0.541752 -0.0441788
-5.37204 -0.544863 -0.0645055
-5.32875 -0.547188 -0.0536527
-5.27905 -0.549866 -0.0538269
-5.22987 -0.550205 -0.00689642
-5.18019 -0.551992 -0.0359521
-5.13047 -0.551309 0.0137278
-5.08048 -0.551913 -0.0120733
-5.03413 -0.553981 -0.0445884
-4.98486 -0.556002 -0.0410042
-4.94083 -0.559161 -0.0716345
-4.89208 -0.564057 -0.100082
-4.84244 -0.567619 -0.071626
-4.79557 -0.569206 -0.0338449
-4.74602 -0.571807 -0.0524552
-4.69625 -0.571282 0.0105458
-4.64626 -0.572467 -0.0236989
-4.59635 -0.573278 -0.0162331
-4.55227 -0.573782 -0.0114398
-4.5041 -0.572837 0.0196163
-4.45609 -0.572016 0.0170876
-4.41223 -0.57238 -0.00827974
-4.36292 -0.573138 -0.0153733
-4.3133 -0.574649 -0.0304523
-4.26501 -0.575523 -0.0180942
-4.2153 -0.573919 0.0322519
-4.16679 -0.572199 0.0354418
-4.11938 -0.568679 0.0741058
-4.0697 -0.565878 0.0563267
-4.02573 -0.562301 0.0811666
-3.98188 -0.559024 0.0745917
-3.93595 -0.554484 0.0985427
-3.88617 -0.550197 0.0858891
-3.83913 -0.546907 0.0698485
-3.79964 -0.545391 0.0383612
-3.75299 -0.544513 0.0188182
-3.70304 -0.545155 -0.0128547
-3.67021 -0.544823 0.010115
-3.62296 -0.543413 0.0298324
-3.573 -0.542708 0.0141012
-3.52623 -0.540524 0.0466713
-3.47754 -0.539339 0.0243317
-3.42966 -0.540329 -0.0206587
-3.38143 -0.540108 0.00456969
-3.3315 -0.537933 0.0435245
-3.28688 -0.535063 0.0642359
-3.24406 -0.533039 0.0472367
-3.20772 -0.53111 0.053044
-3.16997 -0.531224 -0.0030438
-3.12051 -0.530102 0.0226916
-3.07405 -0.527839 0.0486595
-3.02451 -0.526218 0.0327266
-2.97495 -0.522967 0.0654926
-2.93967 -0.521094 0.0530449
-2.89632 -0.517899 0.073568
-2.85545 -0.514971 0.0715314
-2.81186 -0.514304 0.0152835
-2.76196 -0.511135 0.0634196
-2.71204 -0.509302 0.0367187
-2.67434 -0.508143 0.0307256
-2.62439 -0.506508 0.0327255
-2.5756 -0.505063 0.0295905
-2.52808 -0.503366 0.0357163
-2.48675 -0.502718 0.0156533
-2.4368 -0.503092 -0.00747187
-2.38982 -0.503685 -0.0126307
-2.34197 -0.504885 -0.0250744
-2.29282 -0.505866 -0.0199529
-2.24283 -0.50495 0.0183237
-2.19353 -0.503601 0.0273524
-2.14366 -0.501431 0.0434939
-2.09399 -0.498765 0.0536236
-2.04469 -0.496133 0.0533209
-2.00157 -0.49342 0.0628506
-1.95566 -0.490854 0.0558284
-1.9071 -0.486108 0.0974251
-1.85812 -0.482501 0.0735246
-1.81497 -0.480744 0.0406852
-1.76849 -0.477608 0.0673516
-1.72686 -0.474982 0.063008
-1.68392 -0.471794 0.0741058
-1.63431 -0.46842 0.0678957
-1.58445 -0.465339 0.0617382
-1.53552 -0.463322 0.041178
-1.49137 -0.462865 0.0103495
-1.44267 -0.46186 0.0206346
-1.39601 -0.458804 0.0654155
-1.34896 -0.456091 0.0575942
-1.30547 -0.45164 0.101987
-1.25585 -0.448359 0.066022
-1.20663 -0.446306 0.0416789
-1.15797 -0.445188 0.0229696
-1.11553 -0.443859 0.0313294
-1.06556 -0.443423 0.00871309
-1.02689 -0.441144 0.0588594
-0.978647 -0.439654 0.0308725
-0.942962 -0.437193 0.0688727
-0.896622 -0.436351 0.0181526
-0.846831 -0.43195 0.0881639
-0.798498 -0.426496 0.11237
-0.750945 -0.422296 0.0880994
-0.706853 -0.417931 0.0986764
-0.657708 -0.412661 0.106824
-0.614086 -0.409859 0.0641491
-0.579987 -0.40697 0.0845072
-0.543768 -0.405922 0.028921
-0.506687 -0.404558 0.0367683
-0.457327 -0.402425 0.0431852
-0.407554 -0.400339 0.0418936
-0.357639 -0.401764 -0.0285351
-0.308641 -0.400686 0.0220035
-0.258732 -0.401246 -0.0112204
-0.208809 -0.400801 0.00889522
-0.161411 -0.402253 -0.0306173
-0.113477 -0.402161 0.00192389
-0.0697542 -0.401739 0.0096532
-0.0198394 -0.399847 0.0378752
0.0292987 -0.395987 0.0784033
0.0769814 -0.391746 0.0887154
0.125588 -0.387125 0.0947727
0.170037 -0.383759 0.0755907
0.216731 -0.380529 0.0690673
0.264889 -0.374075 0.133212
0.314391 -0.368186 0.118416
0.363782 -0.360973 0.145006
0.413327 -0.356277 0.0944953
0.461289 -0.3507 0.115774
0.510376 -0.342933 0.156927
0.558866 -0.331516 0.231234
0.607758 -0.321436 0.203319
0.655644 -0.309824 0.237911
0.70448 -0.299178 0.214633
0.752266 -0.288598 0.217887
0.798537 -0.279962 0.184517
0.839329 -0.272682 0.176595
0.888042 -0.262201 0.211938
0.936899 -0.251664 0.212413
0.985145 -0.240127 0.234713
1.02423 -0.233207 0.175241
1.07267 -0.224933 0.169191
1.12148 -0.218276 0.135533
1.16432 -0.210736 0.174232
1.21269 -0.202381 0.171042
1.25331 -0.19528 0.173045
1.2901 -0.190157 0.138382
1.32625 -0.183876 0.172033
1.37202 -0.175574 0.179426
1.41926 -0.168291 0.152959
1.46842 -0.160336 0.160432
1.51349 -0.15438 0.131409
1.56235 -0.145022 0.189205
1.60676 -0.136989 0.17894
1.6564 -0.131023 0.119619
1.69828 -0.127575 0.0821551
1.74702 -0.122326 0.107288
1.79412 -0.116449 0.124128
1.84153 -0.108889 0.158138
1.88202 -0.102524 0.155932
1.92521 -0.0982179 0.0993674
1.97341 -0.0953502 0.0594249
2.02241 -0.0925479 0.0571241
2.0682 -0.0883831 0.0907019
2.11781 -0.0833875 0.100369
2.16733 -0.0809223 0.0497379
2.21726 -0.0783491 0.0514896
2.25583 -0.0748788 0.0897285
2.30442 -0.0712185 0.0751934
2.35427 -0.0696001 0.0324532
2.40396 -0.0684828 0.022483
2.45217 -0.0677574 0.0150442
2.50031 -0.0660139 0.0362004
2.54946 -0.0640863 0.0391996
2.59944 -0.0642835 -0.00394485
2.64913 -0.0658662 -0.0318414
2.69405 -0.0656784 0.00418149
2.73999 -0.0654784 0.00435425
2.78151 -0.0639036 0.0379056
2.83061 -0.063052 0.0173437
2.87952 -0.0615125 0.0314676
2.92474 -0.0590648 0.054076
2.97092 -0.0572069 0.0402062
3.01614 -0.0572574 -0.00111649
3.05643 -0.0565366 0.0178906
3.10557 -0.0550509 0.0302234
3.14094 -0.0554568 -0.011476
3.18779 -0.0535606 0.040452
3.23558 -0.0514045 0.0450803
3.26866 -0.0486207 0.0839713
3.3178 -0.0423487 0.126953
3.36723 -0.0375326 0.0971178
3.41309 -0.0337063 0.0832366
3.45654 -0.032929 0.017886
3.50363 -0.030973 0.0415222
3.54094 -0.0264383 0.120935
3.5718 -0.0241803 0.0730453
3.58745 -0.022733 0.0922246
3.62935 -0.0201048 0.0626381
3.66159 -0.0197458 0.0111355
3.70701 -0.0201307 -0.00847269
3.74004 -0.0219641 -0.0554572
3.78506 -0.0241899 -0.0493972
3.81956 -0.0255435 -0.039215
3.8424 -0.0252308 0.0136954
3.8904 -0.0245727 0.01371
3.91141 -0.0233116 0.0599551
3.94918 -0.0209488 0.0624765
3.97329 -0.0195474 0.0580378
3.99236 -0.0175986 0.101857
4.01728 -0.0149231 0.106959
4.02562 -0.0142807 0.0769111
4.0368 -0.0134082 0.0778415
4.06156 -0.0118962 0.0609842
4.08401 -0.0114464 0.0200365
4.11866 -0.0111356 0.00896978
4.14536 -0.0116968 -0.0210174
4.18164 -0.0107784 0.0253107
4.21711 -0.00990043 0.0247427
4.25004 -0.0077003 0.0667263
4.27193 -0.00668173 0.0465003
4.2876 -0.00570439 0.0622624
4.31149 -0.00507679 0.0262663
4.33184 -0.00508028 -0.000171134
4.37248 -0.00623242 -0.0283425
4.4022 -0.0070802 -0.0285232
4.4278 -0.00703792 0.00165197
4.45646 -0.00654453 0.0172139
4.48638 -0.00570785 0.0279537
4.51831 -0.00580574 -0.00306598
4.55396 -0.00655047 -0.0208874
4.5902 -0.00901773 -0.0679607
4.62659 -0.0106904 -0.0459407
4.65012 -0.0110867 -0.0168408
4.66966 -0.0109108 0.00899927
4.69002 -0.0107171 0.00951508
4.71646 -0.0102765 0.0166607
4.73406 -0.00926106 0.0576396
4.75511 -0.00775535 0.0713933
4.77796 -0.00598032 0.0775468
4.78572 -0.00569573 0.0366163
4.81414 -0.00565559 0.00141238
4.83048 -0.00513323 0.0319575
4.8418 -0.00498451 0.0131387
4.88281 -0.00417128 0.019828
4.91415 -0.0033568 0.0259804
4.94425 -0.0023901 0.0321028
4.96512 -0.000992618 0.0668679
4.98766 0.00104017 0.0899378
4.99079 0.0013699 0.105099
4.99698 0.00195477 0.0942094
5.00808 0.00256052 0.0544973
5.02336 0.00272938 0.0110538
5.03623 0.00281943 0.00699374
5.05848 0.00345449 0.0285368
5.07288 0.00450313 0.0726962
5.08591 0.00555902 0.0808654
5.10012 0.00674389 0.0832048
5.1075 0.00707426 0.0447456
5.11747 0.00724768 0.0173913
5.12424 0.00736918 0.0179418
5.14412 0.00782366 0.022851
5.15361 0.00797856 0.0163285
5.16489 0.00819572 0.0192462
5.17046 0.00859655 0.0718053
5.18265 0.0101821 0.129347
5.19485 0.0118991 0.13988
5.2025 0.0129358 0.134707
5.21075 0.013858 0.111271
5.22124 0.0149779 0.106332
True
0.0670786
