-5.46362 -1.53411 -0.0224126
-5.41379 -1.53203 0.0417798
-5.3719 -1.5309 0.0268331
-5.32958 -1.53017 0.0173302
-5.2837 -1.52759 0.0562089
-5.24653 -1.52431 0.0880139
-5.20465 -1.52014 0.0992948
-5.15513 -1.5133 0.137265
-5.1126 -1.50399 0.215482
-5.06977 -1.49299 0.251265
-5.02852 -1.48222 0.255388
-4.98339 -1.47113 0.240939
-4.93521 -1.45872 0.252266
-4.88651 -1.44746 0.227083
-4.8382 -1.43459 0.260336
-4.79564 -1.4224 0.279122
-4.7528 -1.4082 0.319921
-4.71329 -1.39584 0.303316
-4.66497 -1.383 0.259731
-4.62134 -1.37214 0.243892
-4.57498 -1.35971 0.262056
-4.52715 -1.34526 0.293264
-4.49172 -1.33498 0.28251
-4.44384 -1.32059 0.291979
-4.3967 -1.30721 0.276374
-4.35132 -1.29522 0.258346
-4.30796 -1.28167 0.303007
-4.26297 -1.26744 0.306255
-4.2346 -1.2599 0.259956
-4.18943 -1.24686 0.280987
-4.14289 -1.23569 0.235647
-4.09418 -1.22448 0.226051
-4.04583 -1.2128 0.237143
-3.99694 -1.20234 0.210652
-3.95644 -1.19339 0.217682
-3.90722 -1.18465 0.175628
-3.87008 -1.17854 0.162998
-3.8252 -1.16949 0.199046
-3.79255 -1.16236 0.214918
-3.74917 -1.15264 0.220508
-3.71221 -1.14566 0.186646
-3.66411 -1.13785 0.161022
-3.6224 -1.13114 0.159466
-3.57431 -1.12421 0.143043
-3.5247 -1.11827 0.119186
-3.48399 -1.11306 0.127222
-3.44726 -1.10948 0.0971434
-3.39972 -1.1044 0.106624
-3.36593 -1.1015 0.085495
-3.31596 -1.09987 0.0325384
-3.26986 -1.09705 0.0610601
-3.22268 -1.09406 0.0632951
-3.17288 -1.09283 0.0248046
-3.13345 -1.09069 0.0542843
-3.08371 -1.08562 0.101576
-3.0455 -1.08307 0.0664504
-2.99967 -1.08184 0.0268939
-2.95868 -1.08004 0.0438601
-2.91043 -1.07873 0.0272723
-2.86492 -1.07716 0.0344342
-2.8159 -1.07492 0.045545
-2.77083 -1.07262 0.0509632
-2.72085 -1.07287 -0.00487419
-2.67542 -1.07227 0.0131569
-2.62654 -1.07246 -0.00395047
-2.57663 -1.07212 0.00689865
-2.52903 -1.07362 -0.0315972
-2.47906 -1.07267 0.019089
-2.42915 -1.06966 0.0601924
-2.39018 -1.06791 0.0449842
-2.34564 -1.06268 0.116788
-2.29707 -1.05884 0.0789434
-2.25118 -1.05608 0.0599496
-2.20124 -1.05366 0.0485168
-2.15635 -1.05105 0.0579841
-2.10681 -1.04776 0.0664851
-2.058 -1.04843 -0.0138501
-2.00915 -1.04897 -0.0109933
-1.95942 -1.04989 -0.0184567
-1.91226 -1.05079 -0.0191249
-1.88122 -1.052 -0.0389638
-1.83444 -1.05379 -0.0382085
-1.78458 -1.05406 -0.00550808
-1.74222 -1.05516 -0.0258226
-1.69276 -1.05741 -0.045471
-1.64337 -1.05863 -0.0247802
-1.59351 -1.06138 -0.0551252
-1.54827 -1.06348 -0.046353
-1.50302 -1.06275 0.0161163
-1.45342 -1.06156 0.0240243
-1.40348 -1.05933 0.0445294
-1.35779 -1.05908 0.00551601
-1.30792 -1.0555 0.0716768
-1.26095 -1.05284 0.0566191
-1.21786 -1.05143 0.032685
-1.17012 -1.0509 0.0110282
-1.12027 -1.04864 0.0453541
-1.07463 -1.04733 0.0286148
-1.04291 -1.04676 0.0182672
-0.998825 -1.0468 -0.00108339
-0.948875 -1.04535 0.0291304
-0.901554 -1.04339 0.0414405
-0.85186 -1.0388 0.0921063
-0.802753 -1.03325 0.112449
-0.752971 -1.0291 0.0832674
-0.704657 -1.02543 0.0758072
-0.655306 -1.02303 0.04848
-0.607605 -1.02074 0.0479707
-0.563326 -1.01829 0.0552331
-0.515057 -1.01715 0.0236194
-0.470843 -1.01602 0.0257012
-0.423405 -1.01326 0.0581314
-0.376976 -1.01032 0.0630683
-0.328426 -1.00818 0.0442175
-0.285594 -1.00562 0.059641
-0.236035 -1.00239 0.0650855
-0.188852 -0.999048 0.0706667
-0.13972 -0.994704 0.0881769
-0.0901535 -0.991894 0.0566251
-0.0403307 -0.990033 0.0373428
0.00599976 -0.990413 -0.00821286
0.0544086 -0.99225 -0.0379294
0.103287 -0.994545 -0.0469152
0.152957 -0.99797 -0.0688336
0.202542 -1.00424 -0.125697
0.250587 -1.00894 -0.0975435
0.298262 -1.01218 -0.0678551
0.347271 -1.01565 -0.0707773
0.394733 -1.01886 -0.0675765
0.441811 -1.01973 -0.0183715
0.472244 -1.02125 -0.0497937
0.515284 -1.02237 -0.0261605
0.564811 -1.02605 -0.0742283
0.614623 -1.02991 -0.0773217
0.658957 -1.03405 -0.0930402
0.704698 -1.03647 -0.0528648
0.74654 -1.03986 -0.0807849
0.781238 -1.04203 -0.0624383
0.831061 -1.04376 -0.0348118
0.876545 -1.04544 -0.0369608
0.923575 -1.04803 -0.0548394
0.963314 -1.05074 -0.0681425
1.0089 -1.05435 -0.0789777
1.05872 -1.05857 -0.0845988
1.10593 -1.06409 -0.116309
1.15528 -1.07008 -0.120788
1.19989 -1.07324 -0.0707798
1.24976 -1.07622 -0.0596901
1.29953 -1.07899 -0.055669
1.3346 -1.08273 -0.106019
1.37814 -1.08805 -0.121661
1.42756 -1.09534 -0.146526
1.4769 -1.10267 -0.147369
1.52676 -1.10645 -0.0756343
1.57363 -1.11069 -0.0903055
1.62288 -1.11779 -0.143265
1.66925 -1.12291 -0.109959
1.71864 -1.12966 -0.135785
1.76615 -1.13477 -0.107012
1.80709 -1.13865 -0.0946142
1.85684 -1.14324 -0.0919359
1.90624 -1.14958 -0.12766
1.95467 -1.1553 -0.117661
2.00344 -1.1619 -0.134539
2.04753 -1.16732 -0.122247
2.09613 -1.17437 -0.144102
2.14501 -1.18219 -0.158663
2.19269 -1.18849 -0.13135
2.23688 -1.19496 -0.145253
2.28569 -1.20147 -0.132574
2.33341 -1.20866 -0.14957
2.38311 -1.21409 -0.108888
2.42995 -1.22098 -0.145997
2.47743 -1.22734 -0.133088
2.52576 -1.23377 -0.132251
2.5752 -1.24117 -0.148589
2.62369 -1.25021 -0.184423
2.66368 -1.2581 -0.194853
2.71114 -1.2684 -0.213641
2.75801 -1.2773 -0.187663
2.80567 -1.28648 -0.190183
2.85318 -1.29763 -0.230615
2.89798 -1.30663 -0.198143
2.94652 -1.31723 -0.215173
2.99475 -1.32726 -0.204956
3.03946 -1.33573 -0.187279
3.08196 -1.34431 -0.199209
3.12512 -1.35181 -0.171972
3.16587 -1.35832 -0.158512
3.19625 -1.36342 -0.166308
3.24287 -1.37208 -0.183726
3.28994 -1.38269 -0.22152
3.33093 -1.39238 -0.232305
3.36819 -1.40115 -0.23101
3.39972 -1.40866 -0.234047
3.43884 -1.41833 -0.242274
3.48649 -1.42994 -0.238933
3.5185 -1.43879 -0.269936
3.56054 -1.44956 -0.250755
3.6069 -1.46037 -0.229017
3.64466 -1.46823 -0.205316
3.6702 -1.47355 -0.205217
3.68478 -1.47672 -0.214334
3.71157 -1.48305 -0.232061
3.73259 -1.48827 -0.243308
3.75311 -1.4933 -0.240269
3.77132 -1.49831 -0.268509
3.78008 -1.50073 -0.26913
3.79955 -1.50666 -0.29584
3.82906 -1.51539 -0.287586
3.84648 -1.51996 -0.256442
3.85662 -1.52338 -0.325369
3.89102 -1.53652 -0.364992
3.91257 -1.5448 -0.366859
3.94343 -1.55559 -0.33632
3.97271 -1.56511 -0.314446
3.98708 -1.56916 -0.274255
3.99587 -1.57144 -0.254067
4.00736 -1.57433 -0.24612
4.02498 -1.57817 -0.214764
4.05655 -1.58522 -0.219791
4.08402 -1.59143 -0.222346
4.11057 -1.59704 -0.208042
4.14545 -1.60662 -0.268016
4.16406 -1.61208 -0.285637
4.1843 -1.61732 -0.2534
4.19896 -1.62069 -0.226019
4.20289 -1.62151 -0.205396
4.21869 -1.62552 -0.248414
4.23362 -1.62977 -0.277062
4.24967 -1.63435 -0.278493
4.28559 -1.64412 -0.265445
4.31314 -1.65172 -0.269068
4.32308 -1.65453 -0.275796
4.3321 -1.6571 -0.277022
4.34793 -1.66162 -0.278306
4.36962 -1.66805 -0.288359
4.38412 -1.67168 -0.245458
4.39891 -1.67558 -0.25732
4.40452 -1.67681 -0.216443
4.42564 -1.68138 -0.213009
4.4584 -1.68751 -0.184979
4.47795 -1.69137 -0.195076
4.48424 -1.69279 -0.221906
4.50597 -1.6974 -0.208903
4.52834 -1.70199 -0.202622
4.55466 -1.7087 -0.249587
4.57689 -1.71429 -0.2463
4.58508 -1.71638 -0.249743
4.59395 -1.71835 -0.218671
4.61947 -1.72407 -0.220477
4.64583 -1.72947 -0.202006
4.65757 -1.73185 -0.200038
4.66762 -1.73358 -0.171074
4.67212 -1.73431 -0.160673
4.67926 -1.73527 -0.132896
4.69958 -1.73948 -0.204544
4.71553 -1.74311 -0.223278
4.73319 -1.74745 -0.241303
4.74978 -1.75087 -0.203321
4.75304 -1.75156 -0.208272
4.7705 -1.7553 -0.210932
4.78475 -1.75791 -0.181423
4.80803 -1.76095 -0.129527
4.82358 -1.76285 -0.121794
4.84242 -1.76449 -0.0867099
4.85882 -1.76634 -0.112631
4.86582 -1.76716 -0.116461
4.88491 -1.76997 -0.146227
4.90206 -1.77304 -0.176767
4.91954 -1.77629 -0.183899
4.93242 -1.77867 -0.182686
4.93951 -1.78013 -0.203196
4.95299 -1.78267 -0.186302
4.97855 -1.78708 -0.170763
4.99241 -1.78976 -0.191068
4.99904 -1.79112 -0.202966
5.00813 -1.79294 -0.197441
5.01601 -1.79451 -0.197331
5.02046 -1.79522 -0.158171
5.02747 -1.79647 -0.176069
5.03631 -1.79821 -0.193768
5.03349 -1.79776 -0.155308
5.04187 -1.7992 -0.169469
5.05224 -1.80126 -0.196228
5.05828 -1.80244 -0.193021
5.07503 -1.805 -0.151701
5.07667 -1.8052 -0.121544
5.08425 -1.80638 -0.154206
5.08429 -1.80639 -0.170053
5.08693 -1.80683 -0.165024
5.09861 -1.80864 -0.154211
5.10915 -1.81005 -0.13283
5.11813 -1.81071 -0.0733929
5.1284 -1.8116 -0.0860262
5.13476 -1.81236 -0.120173
5.13605 -1.81252 -0.119352
5.14635 -1.81338 -0.0835984
5.16324 -1.815 -0.0957191
5.17114 -1.8158 -0.0999627
5.16818 -1.81548 -0.107028
5.17976 -1.81581 -0.0288864
5.18736 -1.81611 -0.0393833
5.19451 -1.8168 -0.0956829
5.20035 -1.8175 -0.120189
5.21887 -1.81883 -0.0715507
True
0.247876
