-5.47706 0.617268 -0.0824661
-5.42732 0.613181 -0.0820041
-5.37743 0.610067 -0.0623321
-5.33056 0.605696 -0.0929871
-5.2809 0.599844 -0.11731
-5.23106 0.595907 -0.0788282
-5.18141 0.590279 -0.112858
-5.13417 0.587518 -0.0583795
-5.08446 0.584416 -0.0623339
-5.04084 0.581504 -0.0666576
-4.9916 0.576828 -0.0946767
-4.94391 0.575451 -0.0288561
-4.90149 0.571529 -0.0922006
-4.85178 0.566456 -0.101694
-4.80258 0.558746 -0.155435
-4.75552 0.55186 -0.145289
-4.70997 0.547106 -0.103994
-4.66313 0.540688 -0.13618
-4.61468 0.53535 -0.109725
-4.56565 0.530483 -0.0989496
-4.51593 0.525536 -0.0991709
-4.47077 0.520195 -0.117713
-4.42854 0.514622 -0.131204
-4.38124 0.507908 -0.141026
-4.33211 0.498818 -0.182953
-4.28321 0.490727 -0.16396
-4.23376 0.484332 -0.128598
-4.18423 0.477536 -0.136357
-4.1351 0.470592 -0.140432
-4.09034 0.464175 -0.142374
-4.04109 0.455528 -0.173832
-3.99143 0.449765 -0.115518
-3.9428 0.443311 -0.131944
-3.89327 0.436483 -0.137018
-3.84477 0.42987 -0.135495
-3.80335 0.422948 -0.165605
-3.76275 0.416807 -0.150095
-3.71393 0.408978 -0.159015
-3.66467 0.400495 -0.170528
-3.61605 0.392163 -0.169711
-3.56713 0.382493 -0.195188
-3.52018 0.371562 -0.228721
-3.47107 0.362369 -0.185067
-3.42241 0.354433 -0.161663
-3.38043 0.34925 -0.12284
-3.343 0.343858 -0.143074
-3.29349 0.339178 -0.0942388
-3.24725 0.335256 -0.0846252
-3.21055 0.332947 -0.0628368
-3.16367 0.328655 -0.0912881
-3.11382 0.324776 -0.0776643
-3.06389 0.322475 -0.0460482
-3.01757 0.319886 -0.05583
-2.97389 0.317799 -0.0477497
-2.93322 0.314246 -0.0871217
-2.89632 0.311696 -0.0690111
-2.85687 0.308852 -0.0719655
-2.81651 0.306028 -0.0698609
-2.76652 0.305206 -0.016435
-2.72173 0.305271 0.00145742
-2.67584 0.306026 0.016435
-2.63551 0.306553 0.0130674
-2.5889 0.30718 0.0134459
-2.53906 0.307537 0.00717494
-2.49781 0.30699 -0.0132738
-2.4565 0.30678 -0.00507013
-2.40923 0.30709 0.00654343
-2.3803 0.307271 0.00626831
-2.3309 0.30754 0.0054576
-2.28707 0.307715 0.00397753
-2.24568 0.30794 0.00544099
-2.1957 0.30901 0.0214026
-2.14608 0.308343 -0.0134293
-2.09868 0.308708 0.00768028
-2.05276 0.307979 -0.015855
-2.00347 0.307181 -0.0161926
-1.95445 0.306344 -0.0170786
-1.90453 0.30635 0.000119176
-1.85554 0.303316 -0.0618477
-1.80613 0.301857 -0.0295302
-1.75638 0.297386 -0.0896193
-1.70867 0.293924 -0.072454
-1.65913 0.291144 -0.0560389
-1.6214 0.289906 -0.0328039
-1.5719 0.286566 -0.0673825
-1.52331 0.283214 -0.0688758
-1.48082 0.280687 -0.0594002
-1.4323 0.27658 -0.0844319
-1.38265 0.272283 -0.0863257
-1.33619 0.267383 -0.105083
-1.29343 0.262766 -0.10758
-1.25789 0.258151 -0.129112
-1.21262 0.250659 -0.164009
-1.16391 0.239962 -0.216166
-1.1148 0.230919 -0.182098
-1.0673 0.225138 -0.121121
-1.02035 0.219583 -0.117768
-0.970923 0.212211 -0.148053
-0.921706 0.204214 -0.161093
-0.877507 0.197362 -0.153792
-0.83006 0.189728 -0.159518
-0.780595 0.182437 -0.146357
-0.73303 0.174638 -0.162516
-0.684352 0.163227 -0.230256
-0.637899 0.150838 -0.260635
-0.590379 0.138048 -0.262922
-0.542422 0.125101 -0.263681
-0.498656 0.111347 -0.304493
-0.456587 0.0975492 -0.316921
-0.409971 0.0819739 -0.322464
-0.363608 0.0662122 -0.327704
-0.31658 0.0500652 -0.330738
-0.27103 0.0354048 -0.311377
-0.223243 0.0208027 -0.296561
-0.17535 0.00736005 -0.273639
-0.130895 -0.00475953 -0.266156
-0.0832622 -0.0164077 -0.239835
-0.0356039 -0.0295225 -0.268537
0.00417136 -0.038508 -0.222177
0.0347271 -0.046063 -0.242393
0.0833485 -0.0576837 -0.234601
0.131865 -0.0684206 -0.217795
0.178745 -0.0781588 -0.204813
0.218191 -0.0859235 -0.194359
0.267412 -0.0944309 -0.171148
0.316062 -0.105337 -0.22054
0.362472 -0.117015 -0.2465
0.410681 -0.129757 -0.258391
0.457383 -0.141861 -0.253604
0.501936 -0.153379 -0.252982
0.545103 -0.165211 -0.267526
0.588198 -0.17651 -0.256412
0.628426 -0.185673 -0.223974
0.6771 -0.196743 -0.223616
0.725766 -0.206274 -0.193406
0.765813 -0.213143 -0.169856
0.81478 -0.223244 -0.203438
0.858109 -0.230305 -0.161534
0.904958 -0.239756 -0.199071
0.9535 -0.249478 -0.197667
1.00134 -0.259324 -0.20295
1.04966 -0.271923 -0.255101
1.09819 -0.282855 -0.22153
1.14279 -0.293476 -0.233817
1.18915 -0.302407 -0.190299
1.23361 -0.310457 -0.179134
1.28293 -0.317967 -0.1511
1.3301 -0.323669 -0.120311
1.37272 -0.330306 -0.154461
1.41825 -0.334859 -0.099679
1.46482 -0.339554 -0.10047
1.50819 -0.343633 -0.0937879
1.55764 -0.350308 -0.134167
1.6012 -0.356547 -0.14224
1.64442 -0.361645 -0.117422
1.69008 -0.36723 -0.121711
1.73192 -0.370754 -0.0840243
1.78174 -0.37276 -0.040243
1.83101 -0.375158 -0.0486301
1.86124 -0.376795 -0.0541013
1.90613 -0.379652 -0.0635613
1.94286 -0.380586 -0.0254182
1.98829 -0.383231 -0.058163
2.03594 -0.387336 -0.0859491
2.08559 -0.391975 -0.0931597
2.13497 -0.398255 -0.126493
2.18093 -0.404038 -0.125166
2.23053 -0.41015 -0.122615
2.27592 -0.415314 -0.113279
2.32388 -0.419891 -0.0951437
2.37111 -0.424526 -0.0978361
2.42036 -0.427681 -0.0639533
2.46544 -0.432792 -0.112903
2.51464 -0.440276 -0.150962
2.5614 -0.446069 -0.123249
2.6109 -0.453129 -0.141678
2.66003 -0.462416 -0.186826
2.70932 -0.470786 -0.168203
2.75839 -0.476943 -0.124841
2.79965 -0.483381 -0.154776
2.84875 -0.491029 -0.154495
2.89342 -0.498706 -0.170222
2.9411 -0.506476 -0.161542
2.98848 -0.513524 -0.147684
3.02731 -0.519239 -0.1461
3.06748 -0.524571 -0.131973
3.10954 -0.530774 -0.146439
3.15864 -0.538835 -0.162718
3.20297 -0.547503 -0.193085
3.2438 -0.555965 -0.20437
3.29113 -0.565033 -0.189294
3.33458 -0.57284 -0.177772
3.3775 -0.580432 -0.175108
3.42187 -0.58848 -0.179389
3.45895 -0.596291 -0.207626
3.5065 -0.606464 -0.210793
3.54796 -0.615357 -0.211253
3.59439 -0.624347 -0.191273
3.62009 -0.629295 -0.190213
3.6505 -0.633959 -0.152181
3.68318 -0.638976 -0.152333
3.714 -0.643755 -0.153834
3.75267 -0.650711 -0.178008
3.79253 -0.658844 -0.201246
3.8273 -0.666967 -0.229477
3.84904 -0.671875 -0.222045
3.88086 -0.678756 -0.213022
3.90044 -0.683434 -0.234506
3.9223 -0.688566 -0.230605
3.94045 -0.693565 -0.268678
3.95971 -0.699364 -0.29251
3.98681 -0.706933 -0.272377
4.03322 -0.720023 -0.274902
4.07674 -0.731373 -0.255116
4.11171 -0.739078 -0.216874
4.13178 -0.743468 -0.215309
4.16344 -0.752414 -0.27535
4.18753 -0.759274 -0.277487
4.20215 -0.763698 -0.29385
4.21514 -0.767607 -0.292172
4.22271 -0.769971 -0.302962
4.23406 -0.773423 -0.295287
4.2488 -0.777416 -0.264531
4.26692 -0.782063 -0.251029
4.2943 -0.790446 -0.297053
4.32688 -0.799615 -0.274397
4.36415 -0.808852 -0.242881
4.40222 -0.81812 -0.238809
4.43723 -0.826359 -0.231141
4.4795 -0.836492 -0.235267
4.52136 -0.84655 -0.235807
4.55175 -0.853668 -0.23008
4.57803 -0.860293 -0.247008
4.59764 -0.864904 -0.230931
4.63221 -0.8748 -0.278756
4.63736 -0.876095 -0.246493
4.65146 -0.879112 -0.210796
4.67114 -0.88354 -0.221291
4.68674 -0.886494 -0.187231
4.71467 -0.892915 -0.225958
4.73584 -0.897631 -0.219134
4.77103 -0.905142 -0.210263
4.79806 -0.91058 -0.198552
4.81008 -0.912929 -0.193057
4.82146 -0.915181 -0.195333
4.83367 -0.917663 -0.200607
4.85227 -0.921358 -0.196119
4.86577 -0.924126 -0.202194
4.87432 -0.926105 -0.22743
4.88752 -0.929252 -0.233994
4.89638 -0.931584 -0.257496
4.9056 -0.934543 -0.310558
4.91683 -0.938348 -0.326471
4.93448 -0.944221 -0.321214
4.94843 -0.948902 -0.323776
4.95765 -0.952513 -0.37352
4.9737 -0.959758 -0.423876
4.98167 -0.963631 -0.45233
4.98414 -0.964818 -0.448134
4.99832 -0.972267 -0.483821
5.00519 -0.975899 -0.486269
5.0148 -0.981099 -0.496145
5.02191 -0.985111 -0.513691
5.02606 -0.987527 -0.527024
5.03163 -0.990629 -0.50813
5.04973 -1.00042 -0.495808
5.07418 -1.01445 -0.521139
5.09166 -1.02507 -0.545748
5.09446 -1.0271 -0.626514
5.10648 -1.036 -0.637244
5.11548 -1.04202 -0.589573
5.12313 -1.04672 -0.551013
5.12858 -1.04961 -0.488381
5.14221 -1.05691 -0.491298
5.15664 -1.06375 -0.443003
5.16626 -1.06823 -0.435315
5.16911 -1.06953 -0.429532
5.17193 -1.07075 -0.407275
5.17337 -1.07134 -0.392746
5.17729 -1.07275 -0.344137
5.18803 -1.07578 -0.274976
5.1995 -1.07829 -0.215569
5.1985 -1.0781 -0.191435
5.21405 -1.08084 -0.174585
True
0.258461
