-5.46242 -0.0637429 0.23808
-5.42744 -0.054604 0.255552
-5.37982 -0.0404512 0.288886
-5.34077 -0.0285814 0.295072
-5.29859 -0.0163036 0.283275
-5.25134 -0.000829799 0.316504
-5.20445 0.0118847 0.264782
-5.15796 0.0263153 0.300979
-5.11388 0.0364649 0.226283
-5.06593 0.0490604 0.256896
-5.03045 0.0599148 0.296901
-4.98367 0.0738527 0.289581
-4.93591 0.0879997 0.287967
-4.8906 0.100884 0.277046
-4.85172 0.113291 0.308848
-4.80689 0.125325 0.262284
-4.76076 0.137931 0.266762
-4.7136 0.15219 0.293609
-4.66647 0.168002 0.323691
-4.61971 0.183262 0.315455
-4.57212 0.196765 0.276489
-4.52547 0.209984 0.276125
-4.47988 0.225978 0.337374
-4.4335 0.244009 0.370765
-4.39295 0.260038 0.376474
-4.35181 0.275565 0.360925
-4.30938 0.291236 0.353766
-4.26369 0.30576 0.307789
-4.22865 0.315677 0.275789
-4.18748 0.326036 0.246503
-4.14049 0.339558 0.280212
-4.09745 0.351528 0.271215
-4.05427 0.366017 0.323776
-4.01116 0.377884 0.268603
-3.96309 0.390036 0.247641
-3.91816 0.401961 0.259374
-3.86933 0.412722 0.216919
-3.82105 0.424006 0.229624
-3.77236 0.435337 0.228649
-3.72686 0.445117 0.211741
-3.67781 0.453242 0.164144
-3.62914 0.461747 0.172995
-3.58343 0.467403 0.123102
-3.53848 0.474203 0.150162
-3.4946 0.480829 0.149842
-3.45007 0.49202 0.246213
-3.40473 0.502381 0.224692
-3.35826 0.511894 0.201911
-3.31002 0.522726 0.22085
-3.26154 0.533029 0.209444
-3.21454 0.541627 0.180915
-3.16819 0.552925 0.23912
-3.12342 0.565345 0.270587
-3.07523 0.577561 0.248287
-3.02828 0.590534 0.269574
-2.9813 0.604364 0.286319
-2.93375 0.61956 0.3093
-2.88987 0.633406 0.305625
-2.85976 0.643467 0.322557
-2.81373 0.658606 0.317687
-2.76567 0.672426 0.280052
-2.72707 0.683327 0.275246
-2.67836 0.693876 0.213265
-2.63324 0.70315 0.202709
-2.5876 0.714621 0.246248
-2.54636 0.723786 0.218682
-2.50272 0.731959 0.185126
-2.45645 0.740377 0.179966
-2.4133 0.74801 0.175106
-2.36625 0.755955 0.167271
-2.31769 0.76509 0.18594
-2.26931 0.775401 0.209982
-2.22096 0.786817 0.231874
-2.18856 0.794852 0.243097
-2.1525 0.803575 0.237319
-2.10632 0.812977 0.200827
-2.0615 0.821361 0.184936
-2.01772 0.832228 0.24334
-1.96999 0.843126 0.22445
-1.92368 0.854812 0.247186
-1.87572 0.868774 0.283307
-1.82764 0.88171 0.262798
-1.77954 0.893173 0.233951
-1.73166 0.905587 0.253698
-1.68315 0.916777 0.226733
-1.64671 0.925027 0.222651
-1.60038 0.935802 0.228485
-1.55771 0.945517 0.223852
-1.50911 0.957237 0.236652
-1.46559 0.967771 0.237462
-1.41661 0.977647 0.198977
-1.37172 0.984491 0.151276
-1.32992 0.989814 0.126678
-1.28094 0.997621 0.158039
-1.23753 1.00494 0.166992
-1.19067 1.01175 0.144388
-1.14613 1.01768 0.132452
-1.10657 1.02395 0.156989
-1.059 1.02991 0.124762
-1.00951 1.03375 0.0773614
-0.965399 1.03608 0.0527395
-0.92008 1.03778 0.0375393
-0.877691 1.04177 0.0938754
-0.827906 1.04311 0.0268077
-0.785966 1.04261 -0.0117328
-0.74112 1.04281 0.00444888
-0.695938 1.04273 -0.00175172
-0.646829 1.04058 -0.0439148
-0.605421 1.04047 -0.00245127
-0.570843 1.04018 -0.00852386
-0.530861 1.04004 -0.00345178
-0.483118 1.03965 -0.00829181
-0.433574 1.0379 -0.0352453
-0.384292 1.03662 -0.0259073
-0.336031 1.03576 -0.0177508
-0.286086 1.03418 -0.0316655
-0.242495 1.03421 0.000606697
-0.209547 1.03447 0.00791196
-0.159589 1.03578 0.0261916
-0.114708 1.03513 -0.014473
-0.0762598 1.03501 -0.00306791
-0.0295212 1.03395 -0.0226346
0.0157101 1.03322 -0.0162041
0.0656677 1.03292 -0.00605982
0.103393 1.03435 0.0378426
0.137354 1.03625 0.0560828
0.179668 1.0384 0.0506682
0.217549 1.04168 0.086302
0.263557 1.04426 0.0561482
0.313202 1.0481 0.0772519
0.360631 1.05173 0.0763581
0.410351 1.05353 0.0360586
0.460124 1.0558 0.0455888
0.508501 1.05857 0.0572378
0.555736 1.06224 0.077652
0.605684 1.06396 0.03439
0.653406 1.06655 0.0541359
0.699969 1.07022 0.0785796
0.749629 1.07267 0.0493691
0.795225 1.07415 0.0325391
0.845007 1.07775 0.0721353
0.890213 1.07964 0.0416814
0.918148 1.08258 0.104863
0.967488 1.08721 0.0937228
1.01536 1.09226 0.105066
1.06196 1.09932 0.150389
1.10995 1.10768 0.172439
1.1589 1.11789 0.205634
1.20595 1.12868 0.225506
1.25187 1.14076 0.257175
1.2982 1.15308 0.259961
1.34624 1.16643 0.27102
1.39279 1.17989 0.281388
1.43941 1.19725 0.356352
1.48614 1.21457 0.35502
1.53234 1.22961 0.314788
1.58042 1.24327 0.276899
1.61712 1.25361 0.274494
1.66276 1.2669 0.283319
1.71022 1.28234 0.314547
1.75622 1.29838 0.335475
1.80307 1.31446 0.330596
1.84222 1.32829 0.33972
1.88863 1.34522 0.349681
1.93406 1.36143 0.342827
1.97975 1.37588 0.306202
2.02032 1.39075 0.351332
2.06675 1.40796 0.354978
2.11161 1.42542 0.371244
2.15592 1.44366 0.390513
2.19754 1.46122 0.39924
2.24401 1.47884 0.362419
2.28986 1.49759 0.388115
2.32951 1.51295 0.369717
2.37337 1.53038 0.378271
2.41927 1.54859 0.377721
2.46299 1.56557 0.370409
2.50732 1.58374 0.388902
2.54534 1.60044 0.414056
2.58731 1.61896 0.415415
2.62931 1.63759 0.417516
2.6727 1.65675 0.415898
2.71776 1.67519 0.388329
2.7584 1.69098 0.370716
2.8051 1.70761 0.342066
2.8456 1.72221 0.345855
2.88557 1.73766 0.368861
2.92193 1.752 0.375722
2.96733 1.76998 0.377029
3.01418 1.78739 0.355983
3.05931 1.80755 0.420047
3.10124 1.82547 0.403803
3.14619 1.84519 0.41351
3.18539 1.86047 0.371653
3.23082 1.88084 0.421486
3.27056 1.8983 0.413949
3.31361 1.91689 0.407604
3.34925 1.93175 0.395202
3.39498 1.94997 0.379074
3.4412 1.96574 0.328891
3.48794 1.98145 0.324081
3.52934 1.99609 0.339891
3.57574 2.01365 0.361912
3.61422 2.02852 0.368836
3.65794 2.04527 0.365812
3.69931 2.06198 0.383826
3.73443 2.07583 0.375542
3.76427 2.08832 0.396578
3.80209 2.10363 0.384641
3.84138 2.11805 0.351691
3.88335 2.13546 0.393132
3.9287 2.15468 0.40093
3.97056 2.17373 0.427165
4.0019 2.18838 0.437073
4.03285 2.20303 0.442153
4.05887 2.21509 0.433975
4.08413 2.2283 0.481848
4.11575 2.24522 0.491367
4.15746 2.26797 0.499334
4.1947 2.28997 0.533508
4.23145 2.31203 0.540729
4.26179 2.33003 0.535405
4.2881 2.34625 0.552499
4.31697 2.3646 0.566308
4.33351 2.3748 0.552313
4.34364 2.38044 0.508424
4.35725 2.38721 0.461775
4.37136 2.39407 0.452096
4.39056 2.40316 0.442068
4.41651 2.41649 0.474587
4.44216 2.42966 0.474546
4.45529 2.43602 0.451056
4.4659 2.44106 0.442933
4.4864 2.45032 0.424265
4.51044 2.46222 0.459944
4.53526 2.47479 0.468564
4.56367 2.48995 0.490173
4.5862 2.50172 0.481409
4.60796 2.51434 0.525803
4.61764 2.51927 0.470958
4.63991 2.5299 0.445287
4.66977 2.54216 0.389365
4.69802 2.5541 0.400223
4.73146 2.56744 0.379586
4.75314 2.57583 0.369173
4.78471 2.58919 0.400396
4.81264 2.60171 0.421086
4.84486 2.61688 0.440053
4.86513 2.6261 0.4269
4.88079 2.6333 0.431188
4.89422 2.63976 0.448022
4.91413 2.65055 0.496586
4.93003 2.65897 0.487452
4.9512 2.66868 0.429892
4.96049 2.67268 0.406838
4.97046 2.67697 0.406137
4.98189 2.68211 0.423081
4.98747 2.68471 0.435079
4.99645 2.68863 0.411489
5.01421 2.69671 0.427056
5.02205 2.70037 0.436483
5.03092 2.70439 0.425798
5.02884 2.7035 0.403189
5.036 2.70635 0.378394
5.04755 2.71108 0.389106
5.05367 2.71366 0.398441
5.05927 2.71611 0.411965
5.07098 2.72095 0.391809
5.08173 2.72548 0.398938
5.08473 2.72667 0.377957
5.08649 2.72741 0.398997
5.093 2.7303 0.417921
5.09692 2.73222 0.454544
5.09963 2.73357 0.462975
5.1088 2.73882 0.519949
5.10808 2.73837 0.563324
5.11983 2.74603 0.577881
5.13421 2.75649 0.629171
5.13843 2.7598 0.664805
5.1498 2.76974 0.718224
5.15595 2.77641 0.825593
5.16158 2.78284 0.85216
5.1679 2.79032 0.868788
5.17534 2.79875 0.848223
5.1871 2.81038 0.7799
5.19124 2.81508 0.848586
5.19598 2.82044 0.846405
5.19393 2.81823 0.823028
5.19636 2.82075 0.802827
5.19914 2.82334 0.752226
5.21362 2.83562 0.702933
5.23064 2.84881 0.659319
True
0.258027
