4.46715 0.0179022 2.64257
4.43646 0.0378183 2.56596
4.39732 0.0663255 2.51215
4.35708 0.0959245 2.50742
4.32024 0.125751 2.46104
4.29167 0.149531 2.44734
4.25336 0.181648 2.44397
4.22107 0.209622 2.42757
4.19726 0.233143 2.36234
4.16201 0.268224 2.35868
4.12695 0.303872 2.34788
4.09438 0.339495 2.31141
4.06355 0.37886 2.23511
4.03793 0.412469 2.2222
4.02055 0.434846 2.23108
4.0021 0.464955 2.12069
3.97763 0.502991 2.14237
3.95935 0.532323 2.1281
3.9344 0.575647 2.09345
3.91793 0.603166 2.11007
3.89567 0.642209 2.08891
3.87289 0.685708 2.05316
3.85341 0.724002 2.0414
3.83394 0.762567 2.03836
3.8161 0.799512 2.0207
3.79354 0.84392 2.04088
3.77154 0.884484 2.06763
3.7519 0.920496 2.07007
3.73644 0.953022 2.01456
3.71491 0.996514 2.03045
3.6964 1.03635 2.00569
3.6784 1.07687 1.98892
3.6611 1.12047 1.94863
3.6405 1.16382 2.01433
3.62109 1.20717 1.99188
3.60236 1.25314 1.95763
3.58363 1.29943 1.95519
3.57734 1.31526 1.94903
3.56559 1.34519 1.94481
3.54519 1.38968 2.0009
3.52934 1.42566 1.98577
3.5185 1.44999 1.98975
3.4977 1.49448 2.00823
3.47894 1.54082 1.95537
3.46459 1.57085 2.01656
3.45359 1.59306 2.03091
3.44097 1.61643 2.06573
3.42486 1.64504 2.08372
3.40772 1.67817 2.0481
3.39216 1.70842 2.04594
3.37083 1.75341 2.01353
3.3526 1.79138 2.01834
3.3325 1.83184 2.03189
3.31615 1.86415 2.03942
3.29759 1.89912 2.05867
3.27364 1.94301 2.0702
3.25062 1.98718 2.05123
3.22989 2.02445 2.07855
3.20878 2.06114 2.09273
3.186 2.10267 2.07254
3.16152 2.14626 2.08255
3.13638 2.18619 2.13264
3.1118 2.22697 2.11323
3.09809 2.24662 2.18
3.07533 2.28019 2.16659
3.05057 2.31637 2.17099
3.02519 2.35426 2.16108
2.99852 2.39646 2.13428
2.97785 2.42929 2.13286
2.95164 2.47186 2.12263
2.92508 2.5083 2.20053
2.90135 2.54294 2.17144
2.87204 2.58297 2.20281
2.8459 2.61472 2.25959
2.8149 2.65362 2.24372
2.78334 2.69207 2.25806
2.75462 2.72514 2.28592
2.7197 2.76092 2.34402
2.68924 2.7919 2.34787
2.65875 2.82477 2.31847
2.63529 2.84845 2.35167
2.59984 2.88371 2.35887
2.56798 2.91434 2.37588
2.54564 2.93353 2.43191
2.5166 2.95941 2.41363
2.48604 2.98538 2.43718
2.44588 3.01509 2.50466
2.40908 3.04174 2.51478
2.36827 3.07063 2.52565
2.33287 3.09663 2.50797
2.29744 3.1232 2.49824
2.26592 3.14377 2.56345
2.22797 3.16668 2.59832
2.18624 3.19368 2.56741
2.14603 3.21925 2.5753
2.10203 3.243 2.64653
2.05957 3.26807 2.60831
2.01739 3.29161 2.63257
1.97836 3.31364 2.62774
1.95097 3.3285 2.64437
1.9143 3.34829 2.64675
1.86884 3.36893 2.71526
1.83772 3.38406 2.68926
1.79318 3.40466 2.70838
1.75332 3.42378 2.69434
1.7077 3.44423 2.72008
1.66571 3.46364 2.7087
1.62157 3.4839 2.7113
1.58734 3.49747 2.7642
1.54045 3.51455 2.79213
1.49552 3.53047 2.80125
1.45151 3.54594 2.80349
1.40483 3.56107 2.8282
1.36253 3.57445 2.83521
1.31997 3.58622 2.87177
1.2729 3.60307 2.79784
1.22538 3.61648 2.86641
1.17921 3.63035 2.84977
1.13403 3.64423 2.8435
1.09035 3.65787 2.83898
1.04821 3.67171 2.8244
1.00386 3.68529 2.84431
0.976093 3.69321 2.86371
0.930982 3.70505 2.885
0.885602 3.71553 2.91465
0.837647 3.72552 2.93618
0.798207 3.73536 2.8972
0.754819 3.744 2.9449
0.707986 3.75403 2.93074
0.666426 3.76117 2.97136
0.61959 3.77288 2.89651
0.573732 3.78438 2.89597
0.528777 3.79559 2.89714
0.481276 3.80575 2.93091
0.432286 3.81359 2.98286
0.383519 3.82126 2.98564
0.333952 3.82765 3.01342
0.28746 3.83128 3.06368
0.238172 3.83597 3.04669
0.193218 3.84158 3.0174
0.154749 3.8479 2.97893
0.116776 3.85239 3.02369
0.0670901 3.85755 3.03812
0.0175829 3.86262 3.03954
-0.0236728 3.86726 3.02956
-0.0726144 3.87382 3.00851
-0.121729 3.87947 3.02699
-0.171529 3.88303 3.0702
-0.220919 3.88879 3.02552
-0.270397 3.8939 3.03871
-0.320117 3.89906 3.03824
-0.365741 3.90475 3.01745
-0.413056 3.91271 2.97484
-0.459828 3.92151 2.95565
-0.496448 3.92765 2.97546
-0.541792 3.93266 3.03154
-0.590275 3.93871 3.01756
-0.636626 3.9433 3.04287
-0.68415 3.95034 2.99442
-0.732403 3.95828 2.9786
-0.781925 3.96269 3.05269
-0.830296 3.9639 3.11662
-0.873367 3.96497 3.1167
-0.923334 3.96598 3.12141
-0.961009 3.96896 3.0627
-1.00931 3.97228 3.07303
-1.05677 3.97548 3.07417
-1.10634 3.97943 3.06219
-1.15289 3.98321 3.06053
-1.20158 3.98776 3.04833
-1.24839 3.99391 3.011
-1.29696 3.99824 3.05272
-1.34096 4.00127 3.07291
-1.39079 4.00508 3.06529
-1.43958 4.00959 3.04921
-1.48908 4.01492 3.03442
-1.53766 4.02048 3.02767
-1.58754 4.02335 3.08415
-1.63754 4.02279 3.15285
-1.68299 4.02251 -3.13563
-1.7257 4.0227 -3.14592
-1.76692 4.02506 3.08445
-1.81157 4.02941 3.04432
-1.8607 4.03315 3.06578
-1.91055 4.03694 3.06558
-1.95368 4.03786 3.12039
-2.00288 4.03877 3.1231
-2.05287 4.03908 3.13528
-2.10281 4.04129 3.09735
-2.15106 4.04318 3.10244
-2.18842 4.04619 3.06135
-2.23784 4.05012 3.06212
-2.28659 4.05252 3.09239
-2.32862 4.0555 3.07082
-2.37338 4.05878 3.06855
-2.4213 4.06288 3.05621
-2.45873 4.06745 3.02003
-2.49045 4.07203 2.99846
-2.5239 4.07697 2.99472
-2.56186 4.08333 2.97564
-2.60258 4.09089 2.95806
-2.63671 4.09691 2.96698
-2.64916 4.09831 3.02988
-2.67068 4.10042 3.04373
-2.701 4.10413 3.0198
-2.73209 4.10816 3.01256
-2.77668 4.11233 3.04843
-2.78735 4.11343 3.03893
-2.81371 4.11657 3.02302
-2.85313 4.11829 3.09792
-2.88813 4.11975 3.10011
-2.90212 4.11962 3.15068
-2.92002 4.11853 -3.08085
-2.93863 4.11792 -3.10891
-2.94688 4.1178 -3.12622
-2.96641 4.11732 -3.11736
-2.98027 4.11683 -3.10639
-2.98758 4.1165 -3.09527
-3.00869 4.1155 -3.09451
-3.01162 4.11547 -3.13063
-3.01824 4.11565 -3.16825
-3.0379 4.11672 3.08715
-3.03742 4.1167 3.10397
-3.06186 4.1193 3.03558
-3.1087 4.1279 2.96008
-3.15032 4.13634 2.94137
-3.19221 4.14513 2.93494
-3.21574 4.15171 2.86845
-3.25757 4.1641 2.85385
-3.29666 4.17553 2.85699
-3.32929 4.18542 2.84729
-3.36475 4.19457 2.88907
-3.39152 4.20115 2.90082
-3.4192 4.20785 2.90401
-3.44899 4.21483 2.91135
-3.49462 4.22384 2.94664
-3.51353 4.22702 2.97486
-3.53106 4.23005 2.97044
-3.55804 4.23462 2.97408
-3.57454 4.23702 2.99689
-3.59195 4.23942 3.00458
-3.60112 4.24053 3.02126
-3.63339 4.24316 3.0602
-3.64819 4.24351 3.1183
-3.6684 4.24431 3.10173
-3.70327 4.24634 3.08342
-3.73675 4.24674 3.12965
-3.76408 4.24696 3.13375
-3.79232 4.24669 3.15095
-3.79833 4.24664 -3.13332
-3.81428 4.24641 -3.12697
-3.8161 4.24636 -3.11171
-3.83139 4.2463 -3.13788
-3.85211 4.24633 -3.14287
-3.86422 4.24615 3.15574
-3.87489 4.24617 -3.14272
-3.88239 4.24631 3.12211
-3.89738 4.24668 3.11732
-3.91382 4.24722 3.10859
-3.92157 4.24736 3.12355
-3.92584 4.24748 3.1139
-3.92763 4.24753 3.11171
-3.93758 4.24706 3.18923
-3.94929 4.24616 -3.06558
-3.96587 4.2446 -3.04759
-3.97716 4.24376 -3.0676
-3.99013 4.24305 -3.08664
-3.99571 4.24275 -3.08826
-4.01787 4.24173 -3.09565
-4.04469 4.24019 -3.0842
-4.06612 4.23836 -3.05626
-4.0755 4.23823 -3.12771
-4.09074 4.23753 -3.09576
-4.09932 4.23718 -3.10113
-4.10539 4.23712 -3.13039
-4.11219 4.2373 -3.16858
-4.12492 4.23824 3.06774
-4.14181 4.23918 3.08598
-4.15889 4.23931 3.13415
-4.17629 4.23904 3.15692
-4.19593 4.23825 -3.10107
-4.20266 4.23787 -3.08513
-4.21535 4.23705 -3.07722
True
0.0655752
