-5.47439 0.628184 -0.177074
-5.44909 0.626125 -0.081186
-5.40363 0.621697 -0.0970965
-5.35735 0.619086 -0.0563588
-5.30758 0.61741 -0.0336705
-5.2618 0.613935 -0.0757491
-5.2127 0.612874 -0.021615
-5.16976 0.611543 -0.0309756
-5.12416 0.609985 -0.0341506
-5.07991 0.606175 -0.0859031
-5.03139 0.601132 -0.10356
-4.98355 0.596003 -0.106808
-4.93709 0.593851 -0.0462664
-4.89055 0.591198 -0.0569456
-4.84477 0.58919 -0.0438481
-4.79783 0.587272 -0.0408369
-4.75673 0.584764 -0.0609473
-4.70889 0.579975 -0.0997625
-4.65938 0.57347 -0.130644
-4.60986 0.56667 -0.136457
-4.56093 0.557048 -0.194185
-4.51414 0.547618 -0.198882
-4.47022 0.540779 -0.154458
-4.4239 0.53546 -0.114325
-4.38598 0.529828 -0.147444
-4.3532 0.524548 -0.159727
-4.30831 0.518933 -0.124451
-4.27245 0.514667 -0.11836
-4.22404 0.508805 -0.120509
-4.18182 0.505025 -0.0893139
-4.13211 0.499698 -0.106739
-4.08475 0.494031 -0.119098
-4.03538 0.487202 -0.137444
-3.98767 0.479895 -0.151977
-3.93827 0.472243 -0.153678
-3.89063 0.464179 -0.167683
-3.84341 0.456833 -0.154341
-3.80087 0.450523 -0.147248
-3.75314 0.443854 -0.138844
-3.70474 0.43425 -0.195851
-3.6562 0.426744 -0.153422
-3.60896 0.419183 -0.158716
-3.56667 0.412869 -0.14821
-3.5236 0.405862 -0.161249
-3.4806 0.397488 -0.192354
-3.45709 0.39287 -0.193932
-3.41024 0.383857 -0.190066
-3.36114 0.374479 -0.188745
-3.3131 0.362291 -0.248473
-3.26739 0.352732 -0.206117
-3.22054 0.342903 -0.206818
-3.17389 0.330753 -0.254805
-3.1275 0.319957 -0.228664
-3.0798 0.30817 -0.242243
-3.03327 0.298262 -0.209798
-2.98511 0.288423 -0.20151
-2.93864 0.278508 -0.210229
-2.89184 0.27066 -0.166149
-2.8464 0.263466 -0.157026
-2.79781 0.256146 -0.149491
-2.74866 0.247981 -0.164655
-2.70213 0.241919 -0.129548
-2.65311 0.233553 -0.169036
-2.60446 0.223167 -0.210324
-2.58065 0.218025 -0.21271
-2.53168 0.208435 -0.193372
-2.48254 0.200061 -0.1688
-2.44075 0.190914 -0.215495
-2.39218 0.180319 -0.214736
-2.35505 0.172738 -0.201441
-2.311 0.161645 -0.246662
-2.26229 0.151356 -0.208186
-2.2179 0.142651 -0.193627
-2.17297 0.132617 -0.21973
-2.12859 0.123346 -0.205939
-2.08172 0.114395 -0.188688
-2.04188 0.107011 -0.183265
-1.99348 0.0975725 -0.192613
-1.94706 0.0917129 -0.125557
-1.89758 0.0854258 -0.126389
-1.8489 0.0785606 -0.140109
-1.80773 0.0736555 -0.118576
-1.76121 0.0694122 -0.0909742
-1.71662 0.064565 -0.108275
-1.67714 0.0597906 -0.120355
-1.62737 0.0564304 -0.067403
-1.57988 0.0497357 -0.140041
-1.53135 0.044348 -0.110576
-1.49177 0.0402664 -0.102762
-1.45055 0.0342461 -0.145012
-1.4009 0.0283143 -0.118922
-1.35918 0.0235137 -0.114568
-1.31609 0.0183099 -0.120174
-1.27508 0.0141544 -0.100971
-1.22769 0.00682901 -0.153364
-1.17815 0.000416706 -0.128724
-1.1284 -0.00310523 -0.0706846
-1.08107 -0.00698506 -0.0817875
-1.04361 -0.0125192 -0.14666
-0.994901 -0.0181496 -0.115088
-0.947657 -0.0258945 -0.162488
-0.899891 -0.0330682 -0.14907
-0.851253 -0.0429703 -0.20084
-0.80198 -0.0512428 -0.16634
-0.753525 -0.063558 -0.24889
-0.709804 -0.073886 -0.23197
-0.663568 -0.084299 -0.221521
-0.616783 -0.0943866 -0.212367
-0.569397 -0.104626 -0.212814
-0.521648 -0.11293 -0.172182
-0.478997 -0.12205 -0.210652
-0.431669 -0.132707 -0.221482
-0.383953 -0.143392 -0.220307
-0.335015 -0.15344 -0.202497
-0.290771 -0.162352 -0.198761
-0.246455 -0.171781 -0.209649
-0.206917 -0.177872 -0.152856
-0.158248 -0.184788 -0.141156
-0.109904 -0.192564 -0.159475
-0.063866 -0.200153 -0.163383
-0.0143168 -0.206844 -0.13422
0.0348312 -0.215968 -0.183548
0.0837828 -0.226125 -0.204587
0.127585 -0.235624 -0.213557
0.175013 -0.244583 -0.186707
0.223457 -0.255342 -0.218537
0.266951 -0.265533 -0.230155
0.312765 -0.275646 -0.217269
0.353346 -0.283624 -0.194109
0.396561 -0.290642 -0.160986
0.445037 -0.302305 -0.236106
0.489424 -0.313062 -0.237767
0.53176 -0.32597 -0.295935
0.578702 -0.340524 -0.30066
0.624659 -0.353911 -0.28344
0.672939 -0.364923 -0.224256
0.705637 -0.371619 -0.201987
0.754038 -0.380935 -0.190151
0.802179 -0.388113 -0.148004
0.842613 -0.39345 -0.131242
0.891428 -0.401078 -0.155009
0.937543 -0.409243 -0.175248
0.986491 -0.416209 -0.141359
1.03374 -0.423715 -0.157544
1.08216 -0.429898 -0.127013
1.12722 -0.435068 -0.11423
1.16642 -0.440338 -0.133644
1.20955 -0.445056 -0.108963
1.25002 -0.448641 -0.0883638
1.29397 -0.453921 -0.119547
1.34234 -0.45603 -0.0435778
1.38837 -0.458009 -0.0429583
1.43591 -0.459702 -0.0355969
1.48116 -0.464768 -0.111476
1.52889 -0.470153 -0.112363
1.57858 -0.475061 -0.0984312
1.62285 -0.478048 -0.0673842
1.67256 -0.483297 -0.105195
1.7153 -0.487647 -0.101434
1.76111 -0.490278 -0.0573798
1.81065 -0.495698 -0.108963
1.85716 -0.501477 -0.123625
1.90303 -0.506745 -0.114353
1.95203 -0.512972 -0.126404
1.99972 -0.51893 -0.124291
2.04317 -0.524126 -0.118988
2.08788 -0.530812 -0.148445
2.13087 -0.538066 -0.16718
2.16895 -0.543922 -0.152618
2.20484 -0.548883 -0.137331
2.25417 -0.556573 -0.154633
2.30019 -0.564339 -0.16716
2.34996 -0.569157 -0.096512
2.39861 -0.57466 -0.112649
2.44258 -0.579712 -0.114369
2.49205 -0.586901 -0.144319
2.54086 -0.593816 -0.140729
2.59029 -0.601308 -0.150437
2.63169 -0.60775 -0.154365
2.66866 -0.611778 -0.108531
2.71693 -0.619981 -0.168318
2.7601 -0.62448 -0.103862
2.79244 -0.628009 -0.108666
2.83606 -0.632682 -0.106738
2.88525 -0.637188 -0.0913428
2.91929 -0.640436 -0.0951313
2.96845 -0.645337 -0.0993606
3.01043 -0.650715 -0.127427
3.05716 -0.656055 -0.11378
3.10291 -0.660386 -0.094401
3.15251 -0.66665 -0.125604
3.20131 -0.671205 -0.0930767
3.22023 -0.673068 -0.0981027
3.25528 -0.676305 -0.0921263
3.30461 -0.68267 -0.128309
3.35414 -0.685391 -0.0548744
3.39379 -0.688489 -0.078007
3.42264 -0.69187 -0.116617
3.44411 -0.695802 -0.18117
3.45979 -0.698497 -0.170176
3.48462 -0.703622 -0.203549
3.52177 -0.712605 -0.237269
3.55697 -0.720797 -0.228656
3.59977 -0.731121 -0.236665
3.64069 -0.740202 -0.2184
3.68495 -0.750487 -0.228353
3.71087 -0.757032 -0.24731
3.74261 -0.765061 -0.247749
3.7844 -0.775637 -0.247858
3.8115 -0.782279 -0.240317
3.84488 -0.790448 -0.240066
3.88502 -0.800325 -0.241238
3.92032 -0.809542 -0.255451
3.95244 -0.816658 -0.218021
3.98916 -0.823639 -0.18785
4.02014 -0.829246 -0.179062
4.05333 -0.836468 -0.214295
4.09477 -0.846311 -0.233187
4.11429 -0.850951 -0.233352
4.13973 -0.857286 -0.244093
4.15808 -0.862088 -0.255814
4.18425 -0.868623 -0.244758
4.21126 -0.875204 -0.23896
4.23816 -0.880242 -0.185158
4.24041 -0.880634 -0.172273
4.25554 -0.882831 -0.144249
4.26194 -0.883596 -0.118924
4.27367 -0.88448 -0.0752051
4.30017 -0.886204 -0.0649718
4.32519 -0.887902 -0.0677512
4.35695 -0.889212 -0.0412437
4.37591 -0.889246 -0.00179383
4.39358 -0.889584 -0.0190764
4.41914 -0.891142 -0.0609181
4.44122 -0.892785 -0.0742554
4.47023 -0.895076 -0.0788313
4.49214 -0.896508 -0.0652174
4.50435 -0.897524 -0.0830959
4.51605 -0.898865 -0.114104
4.53181 -0.900594 -0.109293
4.55115 -0.902932 -0.120252
4.56403 -0.904831 -0.146365
4.57325 -0.906247 -0.152522
4.58353 -0.908194 -0.187234
4.60153 -0.911818 -0.19857
4.61215 -0.913755 -0.180434
4.62317 -0.915612 -0.166898
4.63405 -0.917007 -0.127643
4.64132 -0.917712 -0.0965809
4.65055 -0.918496 -0.0847847
4.66792 -0.919258 -0.0438221
4.69412 -0.921258 -0.0762221
4.71639 -0.922525 -0.0568215
4.7327 -0.924336 -0.11054
4.76233 -0.929675 -0.178298
4.78829 -0.933926 -0.162307
4.80231 -0.935105 -0.0839167
4.82661 -0.93657 -0.0602127
4.85101 -0.937877 -0.053532
4.87301 -0.938738 -0.0390926
4.88908 -0.939309 -0.0354986
4.89757 -0.939477 -0.0198997
4.91511 -0.940048 -0.032521
4.93391 -0.941142 -0.058113
4.95595 -0.941916 -0.0350951
4.98797 -0.942539 -0.0194692
5.01615 -0.942912 -0.0132135
5.04194 -0.942949 -0.00144167
5.05928 -0.94293 0.00110736
5.07616 -0.943413 -0.0286011
5.09136 -0.943869 -0.0300031
5.09166 -0.943892 -0.074846
5.10686 -0.945494 -0.105061
5.10836 -0.945726 -0.153442
5.11601 -0.947261 -0.198025
5.11628 -0.947319 -0.214306
5.12675 -0.949921 -0.243665
5.13457 -0.951901 -0.24779
5.14081 -0.953508 -0.252144
5.15246 -0.956985 -0.290031
5.17213 -0.963107 -0.301684
5.19228 -0.969874 -0.324042
5.20408 -0.974351 -0.362562
5.21387 -0.978067 -0.362785
5.2218 -0.981227 -0.379508
True
0.0695514
