4.46809 0.013818 2.73299
4.44334 0.0241986 2.74439
4.40653 0.0422841 2.68496
4.36776 0.0624775 2.66139
4.32707 0.0872216 2.59519
4.28802 0.11316 2.5553
4.25361 0.13883 2.50062
4.2155 0.169882 2.45796
4.18464 0.19638 2.43197
4.14951 0.231958 2.34987
4.11726 0.265999 2.32929
4.08895 0.296593 2.31743
4.05848 0.331505 2.28826
4.02723 0.370035 2.2523
3.99702 0.40954 2.22356
3.97249 0.445685 2.1671
3.94454 0.486561 2.17061
3.91907 0.529476 2.10644
3.89748 0.570095 2.05927
3.87431 0.614399 2.05277
3.85254 0.656933 2.04369
3.83071 0.701105 2.02991
3.80934 0.745489 2.01945
3.79128 0.78785 1.97374
3.77351 0.829002 1.97861
3.75649 0.876016 1.91813
3.73877 0.921586 1.9415
3.72208 0.968175 1.91484
3.70434 1.01492 1.93349
3.69448 1.041 1.93217
3.67722 1.08321 1.95912
3.6601 1.12551 1.9553
3.6423 1.17168 1.93878
3.62743 1.20797 1.95964
3.61861 1.23253 1.91547
3.60346 1.28017 1.8787
3.59872 1.29766 1.83581
3.58639 1.34191 1.84259
3.5748 1.38608 1.82742
3.55989 1.43348 1.8754
3.55046 1.46619 1.85145
3.54304 1.48774 1.90265
3.52937 1.52284 1.94221
3.51368 1.56359 1.93825
3.49576 1.61027 1.93725
3.48259 1.6468 1.91682
3.46358 1.69093 1.97773
3.44541 1.7371 1.94568
3.42707 1.77791 1.99308
3.40767 1.82394 1.9697
3.38614 1.86907 2.01584
3.36582 1.91475 1.98939
3.34261 1.95903 2.05357
3.32102 2.00331 2.02449
3.30164 2.03834 2.07604
3.27451 2.07878 2.16176
3.24959 2.11412 2.18502
3.22105 2.1524 2.21138
3.19327 2.19394 2.16033
3.17109 2.22459 2.1971
3.14683 2.25348 2.26941
3.12708 2.27715 2.26623
3.10045 2.30898 2.26729
3.06727 2.34638 2.29645
3.04277 2.37526 2.27443
3.01841 2.40276 2.29596
2.98351 2.43732 2.36087
2.95025 2.47056 2.35657
2.91499 2.50601 2.35347
2.89416 2.52577 2.38265
2.86492 2.55164 2.4174
2.8291 2.58645 2.37041
2.79565 2.61956 2.36121
2.76513 2.64855 2.38197
2.73537 2.67618 2.39335
2.71113 2.69798 2.40902
2.69189 2.71697 2.36301
2.65975 2.74874 2.36187
2.62952 2.78095 2.32443
2.59375 2.81421 2.39267
2.55749 2.84863 2.38221
2.51983 2.88152 2.42356
2.48546 2.91084 2.4354
2.4555 2.93788 2.40743
2.41774 2.97064 2.42685
2.38131 2.99958 2.47041
2.34202 3.02962 2.48871
2.30259 3.0602 2.48213
2.26397 3.09165 2.4581
2.23245 3.11476 2.50897
2.19901 3.13881 2.51813
2.15694 3.16575 2.57189
2.12355 3.18768 2.56055
2.09183 3.20719 2.59024
2.05219 3.2308 2.60423
2.00796 3.25406 2.65761
1.96425 3.27834 2.63456
1.92031 3.3021 2.64584
1.87855 3.32956 2.55989
1.84823 3.3491 2.56912
1.80713 3.37717 2.54246
1.76673 3.4021 2.58854
1.73352 3.42257 2.58931
1.69107 3.44519 2.65206
1.64783 3.46867 2.6441
1.60366 3.49073 2.67831
1.56101 3.51325 2.65578
1.51735 3.53398 2.69832
1.47571 3.55294 2.7144
1.43115 3.57197 2.738
1.39293 3.58893 2.72376
1.34949 3.60729 2.74179
1.30607 3.62363 2.78172
1.25887 3.63999 2.80794
1.21199 3.65576 2.817
1.17269 3.66754 2.85046
1.133 3.67798 2.88445
1.09621 3.6895 2.83799
1.05091 3.70104 2.89224
1.00509 3.71167 2.91358
0.95711 3.72327 2.90439
0.908092 3.73211 2.96323
0.858966 3.741 2.96239
0.825728 3.74671 2.97168
0.779762 3.75341 2.99688
0.731247 3.76281 2.95005
0.682022 3.77123 2.97226
0.632924 3.78053 2.95442
0.583714 3.78691 3.01269
0.534009 3.79218 3.03595
0.48692 3.79649 3.05025
0.465427 3.79855 3.04607
0.428635 3.79985 3.10625
0.39051 3.80014 3.13409
0.341394 3.80082 3.12763
0.293201 3.80202 3.1167
0.246155 3.80302 3.12036
0.196877 3.80529 3.0956
0.14707 3.80834 3.08034
0.100242 3.81195 3.06484
0.0551065 3.81441 3.08703
0.0114646 3.81682 3.08641
-0.0376085 3.8206 3.06481
-0.0804659 3.82211 3.10626
-0.125318 3.82321 3.11719
-0.174669 3.82417 3.12208
-0.220802 3.82434 3.13784
-0.258331 3.82235 3.19462
-0.306796 3.82133 -3.12061
-0.356695 3.8211 -3.13691
-0.406672 3.81968 -3.11315
-0.45589 3.81743 -3.09603
-0.498628 3.81557 -3.09812
-0.546472 3.81254 -3.0782
-0.595265 3.81287 -3.14841
-0.644719 3.81205 3.15825
-0.689569 3.81114 -3.12135
-0.738829 3.81192 -3.15742
-0.781449 3.81498 3.06999
-0.830779 3.81434 3.15442
-0.878472 3.81369 -3.12799
-0.927165 3.81232 -3.11336
-0.973098 3.80959 -3.08235
-1.01739 3.80711 -3.08556
-1.06533 3.80571 -3.11236
-1.11448 3.80426 -3.11205
-1.16432 3.80022 -3.0608
-1.20159 3.79723 -3.06161
-1.25145 3.79477 -3.0923
-1.29579 3.79145 -3.06674
-1.3444 3.78766 -3.0639
-1.39321 3.78159 -3.01776
-1.44236 3.77288 -2.96621
-1.48879 3.768 -3.03691
-1.53852 3.76273 -3.03603
-1.57906 3.7602 -3.07919
-1.62903 3.76042 -3.146
-1.67364 3.75938 3.16478
-1.72251 3.75633 -3.07924
-1.76629 3.75197 -3.04227
-1.8159 3.74657 -3.03313
-1.8566 3.74212 -3.0326
-1.90204 3.73822 -3.05615
-1.94938 3.73518 -3.07733
-1.98016 3.73586 -3.16387
-2.02968 3.73637 3.13133
-2.07093 3.73547 3.16342
-2.11109 3.733 -3.08024
-2.16 3.73042 -3.08881
-2.20597 3.72826 -3.09456
-2.25448 3.72426 -3.05936
-2.30141 3.71906 -3.03135
-2.35102 3.71312 -3.02234
-2.39841 3.70814 -3.03697
-2.44142 3.70423 -3.05078
-2.47376 3.70138 -3.05394
-2.52367 3.69857 -3.08534
-2.56642 3.69661 -3.09578
-2.61362 3.6923 -3.05042
-2.64897 3.68927 -3.05626
-2.69402 3.68747 -3.10158
-2.74274 3.68388 -3.06807
-2.78845 3.67868 -3.02828
-2.83207 3.67339 -3.02096
-2.88131 3.6692 -3.0566
-2.9171 3.66697 -3.07936
-2.9545 3.66351 -3.04949
-2.999 3.66088 -3.08256
-3.0328 3.65718 -3.03252
-3.08069 3.65178 -3.02923
-3.11744 3.64758 -3.02776
-3.15582 3.64542 -3.08543
-3.18977 3.64403 -3.1007
-3.22381 3.64363 -3.12972
-3.27009 3.64246 -3.11648
-3.30898 3.64015 -3.08214
-3.35886 3.63831 -3.10478
-3.39119 3.63802 -3.13259
-3.43308 3.63771 -3.13422
-3.48201 3.63839 -3.15553
-3.52917 3.64124 3.08132
-3.57776 3.64349 3.09535
-3.6163 3.64518 3.09764
-3.65235 3.64672 3.09897
-3.68558 3.64781 3.10884
-3.72284 3.64942 3.09846
-3.76774 3.65003 3.12792
-3.807 3.64968 3.15061
-3.83439 3.64916 -3.12261
-3.86608 3.6484 -3.11763
-3.89641 3.64656 -3.08103
-3.92427 3.64481 -3.07901
-3.95604 3.64385 -3.11127
-3.96257 3.64374 -3.12483
-3.97417 3.64354 -3.12471
-3.99151 3.64241 -3.07637
-4.00001 3.64176 -3.06545
-4.00857 3.6409 -3.04103
-4.01496 3.64008 -3.01367
-4.02656 3.63825 -2.98546
-4.04289 3.63578 -2.99168
-4.05914 3.6326 -2.94838
-4.0826 3.62782 -2.94021
-4.09838 3.62431 -2.9232
-4.10528 3.62268 -2.909
-4.11085 3.62131 -2.9007
-4.11278 3.62088 -2.92274
-4.12754 3.61787 -2.94023
-4.139 3.61575 -2.95904
-4.15961 3.61254 -2.98678
-4.17112 3.61121 -3.02708
-4.17992 3.60983 -2.98612
-4.19316 3.60719 -2.94437
-4.20057 3.60564 -2.93541
-4.21394 3.60342 -2.97757
-4.22602 3.60163 -2.9939
True
0.0696062
