-5.48243 -1.34801 0.281513
-5.43391 -1.33594 0.243681
-5.38581 -1.3223 0.276364
-5.33813 -1.30737 0.30346
-5.29488 -1.29383 0.30342
-5.24839 -1.2767 0.352955
-5.20948 -1.26221 0.356664
-5.1634 -1.24512 0.355066
-5.12557 -1.2313 0.350172
-5.07897 -1.21538 0.329297
-5.03325 -1.19863 0.351078
-4.99837 -1.18713 0.318408
-4.95787 -1.17394 0.314897
-4.91673 -1.16241 0.273276
-4.8705 -1.15092 0.243646
-4.82535 -1.13811 0.276516
-4.77832 -1.12558 0.260377
-4.74 -1.1143 0.286284
-4.69601 -1.10081 0.297606
-4.65202 -1.0856 0.332706
-4.61509 -1.07283 0.333087
-4.57021 -1.0567 0.345043
-4.52546 -1.03832 0.389656
-4.48935 -1.02343 0.391212
-4.4456 -1.00622 0.374653
-4.4034 -0.987461 0.41829
-4.35672 -0.969673 0.364072
-4.3102 -0.951418 0.373923
-4.26499 -0.932873 0.389335
-4.22135 -0.91499 0.388889
-4.18253 -0.898118 0.409965
-4.13639 -0.878952 0.39374
-4.0949 -0.861835 0.391216
-4.05494 -0.843711 0.425872
-4.00977 -0.82473 0.397829
-3.97277 -0.809139 0.398777
-3.9378 -0.794256 0.402315
-3.89245 -0.77354 0.42855
-3.84771 -0.751929 0.449942
-3.80183 -0.732518 0.400279
-3.75724 -0.713549 0.402235
-3.71623 -0.69627 0.398738
-3.66986 -0.677638 0.382039
-3.62419 -0.65755 0.414415
-3.578 -0.640958 0.344833
-3.53378 -0.624314 0.359997
-3.4886 -0.606615 0.37338
-3.44324 -0.586266 0.421707
-3.40229 -0.569211 0.394591
-3.35672 -0.548688 0.423194
-3.31835 -0.530799 0.436224
-3.27887 -0.512941 0.42485
-3.24008 -0.495796 0.416141
-3.19602 -0.476131 0.41975
-3.15093 -0.454805 0.441785
-3.11655 -0.439784 0.412003
-3.07409 -0.419648 0.442763
-3.02937 -0.397519 0.459516
-2.986 -0.37293 0.515779
-2.94587 -0.351078 0.49866
-2.90722 -0.330442 0.490415
-2.86389 -0.305545 0.521476
-2.82188 -0.278417 0.573471
-2.7794 -0.252068 0.555141
-2.73672 -0.226026 0.547846
-2.71643 -0.213611 0.54913
-2.67413 -0.189132 0.52459
-2.63584 -0.166145 0.540675
-2.59864 -0.143747 0.542024
-2.55763 -0.120434 0.516834
-2.52924 -0.103212 0.5454
-2.48638 -0.0775086 0.540145
-2.44242 -0.053992 0.491279
-2.39916 -0.031295 0.483097
-2.35697 -0.00913645 0.483695
-2.3133 0.0151937 0.508248
-2.27301 0.0388063 0.530128
-2.22991 0.0633895 0.518389
-2.20145 0.0780143 0.474707
-2.15665 0.0985183 0.429185
-2.11323 0.12181 0.492399
-2.06796 0.142153 0.422334
-2.02192 0.161306 0.394215
-1.97522 0.17916 0.365146
-1.92831 0.19591 0.342987
-1.88204 0.212201 0.338482
-1.84065 0.225826 0.318009
-1.80004 0.238646 0.305835
-1.752 0.252353 0.277926
-1.71107 0.264812 0.295444
-1.66248 0.276531 0.236703
-1.61859 0.285786 0.207804
-1.57903 0.294052 0.205974
-1.53224 0.305959 0.24922
-1.48433 0.317788 0.242059
-1.44971 0.327792 0.281327
-1.40513 0.340379 0.275172
-1.36941 0.350267 0.269984
-1.32251 0.359207 0.188408
-1.2799 0.368217 0.20836
-1.23519 0.37949 0.247007
-1.1872 0.39188 0.25266
-1.13866 0.403701 0.238862
-1.09128 0.418025 0.293587
-1.05739 0.428695 0.30505
-1.0155 0.443495 0.339621
-0.972759 0.46008 0.370124
-0.925954 0.477652 0.35914
-0.8792 0.494537 0.346565
-0.832264 0.511697 0.350522
-0.789914 0.532445 0.455543
-0.749415 0.552229 0.45441
-0.70527 0.573688 0.452473
-0.660033 0.594934 0.439067
-0.615544 0.61636 0.448844
-0.569959 0.636725 0.420138
-0.523661 0.655185 0.379404
-0.479592 0.671266 0.349898
-0.443752 0.685628 0.381116
-0.399987 0.704734 0.411623
-0.364303 0.720159 0.407998
-0.32085 0.738266 0.39482
-0.274736 0.757587 0.396774
-0.231166 0.778745 0.45206
-0.201198 0.793303 0.452207
-0.157113 0.813194 0.423859
-0.11222 0.835146 0.454802
-0.0729305 0.854232 0.452203
-0.0278738 0.874374 0.420382
0.00633559 0.888422 0.38964
0.0493271 0.906529 0.398644
0.0873705 0.924778 0.44726
0.131686 0.946693 0.459245
0.175211 0.966814 0.433031
0.215889 0.987973 0.479648
0.259034 1.00856 0.445298
0.291639 1.02483 0.462851
0.335333 1.0489 0.503395
0.377621 1.0724 0.507316
0.423095 1.09315 0.427933
0.468331 1.11424 0.436344
0.512971 1.1346 0.427891
0.545083 1.14963 0.437854
0.584198 1.16803 0.439555
0.630618 1.18633 0.375619
0.676925 1.20512 0.385476
0.723371 1.22361 0.378883
0.769439 1.24 0.341757
0.816467 1.25579 0.323964
0.864267 1.27024 0.293473
0.90609 1.2799 0.227006
0.952851 1.29003 0.213431
1.00073 1.30116 0.228423
1.04948 1.31197 0.218219
1.09536 1.31909 0.153959
1.14372 1.3282 0.18622
1.19006 1.33669 0.181191
1.23844 1.34704 0.21071
1.28775 1.35532 0.166252
1.33342 1.36331 0.173293
1.37524 1.36867 0.127419
1.42457 1.37584 0.144386
1.46486 1.38143 0.137882
1.51025 1.38908 0.166951
1.55548 1.39853 0.206063
1.60432 1.40925 0.215999
1.64997 1.41798 0.189004
1.69831 1.42795 0.20327
1.74775 1.43535 0.148687
1.7961 1.44396 0.176172
1.84479 1.45219 0.167514
1.89276 1.46046 0.170643
1.9353 1.46509 0.108332
1.9814 1.46759 0.0541459
2.02959 1.46914 0.0323453
2.07085 1.46838 -0.0184745
2.11976 1.46769 -0.0141511
2.16905 1.46648 -0.0245547
2.21904 1.46548 -0.019942
2.26775 1.46503 -0.00934551
2.3089 1.46241 -0.0635172
2.34951 1.459 -0.0836753
2.39337 1.45719 -0.0412301
2.44275 1.45721 0.000247069
2.49247 1.45626 -0.0190826
2.53305 1.45491 -0.0331056
2.56855 1.45402 -0.0250486
2.61278 1.45401 -0.000360856
2.64802 1.45395 -0.00159121
2.69146 1.45364 -0.00714472
2.72145 1.45388 0.00784707
2.76893 1.45571 0.038663
2.80912 1.45589 0.00429895
2.85909 1.45743 0.0309131
2.89187 1.45764 0.00623812
2.9289 1.45719 -0.0120379
2.97387 1.45859 0.0311431
3.01451 1.45864 0.00111078
3.05998 1.45739 -0.0275158
3.10798 1.45825 0.0180511
3.15039 1.46058 0.0548831
3.18449 1.4617 0.0328043
3.23174 1.4639 0.0465953
3.27727 1.46668 0.0608828
3.3144 1.46641 -0.00714653
3.36067 1.46453 -0.0407521
3.40202 1.46345 -0.026032
3.44596 1.46225 -0.0273406
3.48311 1.46143 -0.0219454
3.52661 1.46116 -0.00634274
3.57637 1.45967 -0.0298737
3.61508 1.45895 -0.0185575
3.66299 1.45923 0.00581041
3.68793 1.45946 0.00935475
3.709 1.45957 0.0047974
3.73165 1.46002 0.0202535
3.75742 1.46053 0.0194982
3.79231 1.46032 -0.00584553
3.82751 1.46105 0.0206937
3.87608 1.46393 0.0591125
3.92323 1.46958 0.119342
3.96623 1.47321 0.0841704
4.0024 1.47636 0.0870494
4.03725 1.47854 0.0624234
4.07833 1.48052 0.0480638
4.11822 1.48189 0.0342902
4.16395 1.48518 0.0719113
4.19293 1.48597 0.0271966
4.22958 1.48819 0.0604308
4.26501 1.49035 0.0609538
4.2993 1.49232 0.057468
4.31363 1.49303 0.0495225
4.35456 1.49535 0.0565323
4.38941 1.49826 0.0834301
4.41029 1.50059 0.111178
4.43702 1.50353 0.109336
4.46471 1.50612 0.0934776
4.48049 1.50836 0.140944
4.49474 1.51089 0.175547
4.50719 1.51278 0.151007
4.53262 1.5162 0.133615
4.56996 1.52124 0.134108
4.6004 1.52399 0.090166
4.63194 1.52686 0.0905601
4.65073 1.52871 0.0980646
4.67467 1.53068 0.08229
4.69441 1.53253 0.0935275
4.71051 1.5341 0.0970738
4.73914 1.53664 0.0885142
4.76326 1.53931 0.110043
4.79597 1.54302 0.113092
4.82051 1.5451 0.0845701
4.83969 1.54713 0.105617
4.86466 1.54867 0.0614107
4.89043 1.54898 0.0121493
4.91083 1.54937 0.0189504
4.91679 1.54923 -0.0238186
4.92626 1.54878 -0.0470576
4.93136 1.54844 -0.066043
4.94607 1.5471 -0.0913365
4.94929 1.54686 -0.0737094
4.95767 1.54637 -0.0578445
4.96652 1.54553 -0.0944973
4.98246 1.54395 -0.0992841
4.99062 1.54324 -0.0862536
5.00372 1.54217 -0.0817594
5.01739 1.54096 -0.0880304
5.03419 1.53962 -0.0798218
5.03598 1.5395 -0.0644572
5.03898 1.53916 -0.112439
5.04948 1.53753 -0.154101
5.0662 1.53512 -0.143493
5.07824 1.53273 -0.196084
5.08843 1.53041 -0.223457
5.09667 1.52891 -0.180356
5.11884 1.52606 -0.127507
5.14105 1.52308 -0.133663
5.15849 1.52151 -0.0894429
5.16384 1.52097 -0.1011
5.17245 1.51997 -0.116087
5.17733 1.51936 -0.123868
5.19492 1.51721 -0.121736
5.20079 1.51675 -0.0772408
5.21122 1.51619 -0.0543277
5.21679 1.51609 -0.0170219
True
0.250937
