-5.45795 -0.612799 0.26985
-5.41366 -0.600606 0.268692
-5.36622 -0.590572 0.208436
-5.31971 -0.578967 0.244492
-5.27245 -0.569445 0.198832
-5.22405 -0.557398 0.243926
-5.17766 -0.543586 0.289373
-5.13107 -0.530263 0.278537
-5.08508 -0.516238 0.296032
-5.03815 -0.499857 0.335814
-4.99506 -0.485945 0.312285
-4.9479 -0.46933 0.338737
-4.90142 -0.452528 0.346903
-4.85415 -0.436338 0.32997
-4.80794 -0.417981 0.378136
-4.77773 -0.407411 0.336511
-4.74295 -0.39577 0.323041
-4.69553 -0.379986 0.321301
-4.65251 -0.365263 0.329734
-4.60545 -0.348511 0.342016
-4.55896 -0.333866 0.305121
-4.51398 -0.319064 0.317967
-4.4733 -0.308737 0.248599
-4.42965 -0.298221 0.236431
-4.38882 -0.289143 0.218752
-4.34851 -0.279835 0.226946
-4.30974 -0.268669 0.280414
-4.2628 -0.256979 0.244081
-4.21556 -0.241692 0.312957
-4.17306 -0.225671 0.360481
-4.12611 -0.208691 0.346984
-4.08102 -0.192705 0.340781
-4.04144 -0.179243 0.327773
-3.99345 -0.165448 0.279953
-3.94726 -0.149873 0.325193
-3.90575 -0.133715 0.371225
-3.8628 -0.118046 0.349802
-3.81899 -0.103323 0.324187
-3.77449 -0.0873619 0.344412
-3.7373 -0.0732316 0.363114
-3.6918 -0.0561255 0.359603
-3.64636 -0.0403929 0.33328
-3.59872 -0.0260104 0.293237
-3.55132 -0.0109083 0.308447
-3.51121 0.00239306 0.320156
-3.46435 0.0195821 0.351612
-3.42498 0.0339681 0.350302
-3.37746 0.0492615 0.311344
-3.33368 0.0645683 0.336362
-3.2887 0.0804788 0.340006
-3.24237 0.0975994 0.353988
-3.19509 0.113863 0.331306
-3.14785 0.128718 0.304655
-3.10569 0.142566 0.317365
-3.05829 0.158451 0.323328
-3.01086 0.172304 0.284205
-2.96323 0.187525 0.309327
-2.92345 0.199272 0.287109
-2.87797 0.212378 0.280595
-2.83218 0.225602 0.281133
-2.79009 0.238694 0.301552
-2.74172 0.251268 0.254321
-2.69456 0.266835 0.318816
-2.6487 0.281782 0.315062
-2.60284 0.29594 0.299469
-2.56215 0.309896 0.330436
-2.51461 0.324718 0.302197
-2.47389 0.336502 0.281668
-2.42979 0.347762 0.249999
-2.38195 0.361376 0.277246
-2.33396 0.37434 0.263865
-2.2989 0.38377 0.262704
-2.25651 0.394438 0.246586
-2.2198 0.406687 0.322035
-2.1761 0.419852 0.292632
-2.12852 0.432645 0.262632
-2.08024 0.445392 0.258146
-2.03187 0.457985 0.254692
-1.98885 0.469515 0.261848
-1.95197 0.479774 0.271272
-1.90371 0.490273 0.214248
-1.85646 0.501806 0.23939
-1.8213 0.511626 0.272347
-1.7835 0.521959 0.26685
-1.7557 0.53065 0.302972
-1.73202 0.537514 0.282143
-1.70605 0.545566 0.300673
-1.66979 0.55636 0.289377
-1.62635 0.568113 0.264204
-1.57805 0.581036 0.261437
-1.53268 0.592187 0.241
-1.48422 0.604103 0.241116
-1.43672 0.61596 0.24462
-1.38905 0.625678 0.201103
-1.34528 0.634022 0.188379
-1.29883 0.64349 0.201058
-1.24997 0.653547 0.203023
-1.20654 0.660148 0.150811
-1.16574 0.666966 0.165584
-1.11851 0.677428 0.217989
-1.06986 0.687123 0.1967
-1.02398 0.6944 0.157309
-0.981258 0.699208 0.112066
-0.935728 0.70615 0.151312
-0.893611 0.714424 0.193979
-0.852121 0.722237 0.186127
-0.803558 0.730337 0.165282
-0.760586 0.738654 0.191172
-0.717197 0.747624 0.203872
-0.668944 0.758119 0.214165
-0.622723 0.767766 0.20576
-0.58111 0.776259 0.201308
-0.536085 0.785082 0.193516
-0.488103 0.79541 0.21201
-0.438676 0.802935 0.151093
-0.399092 0.811057 0.202366
-0.350262 0.821334 0.207439
-0.302101 0.829806 0.174125
-0.254232 0.838868 0.187092
-0.21049 0.847975 0.205281
-0.161659 0.858712 0.216438
-0.112763 0.868369 0.194985
-0.0638054 0.878135 0.196895
-0.0175551 0.886195 0.172545
0.0288518 0.894062 0.167906
0.0725234 0.902172 0.183616
0.110376 0.910464 0.215671
0.158246 0.919852 0.19366
0.206437 0.931554 0.238211
0.255574 0.939592 0.16213
0.296534 0.94628 0.161863
0.342164 0.953564 0.158288
0.380459 0.958807 0.136063
0.425295 0.965596 0.150294
0.473773 0.973833 0.168292
0.519967 0.982503 0.185534
0.569049 0.991952 0.190181
0.613363 1.00129 0.20765
0.646754 1.00707 0.171589
0.692297 1.01747 0.224468
0.740814 1.02937 0.240398
0.786679 1.04014 0.230809
0.834434 1.05223 0.247899
0.872169 1.0632 0.282877
0.920049 1.0747 0.23577
0.962794 1.08619 0.262514
1.00294 1.09763 0.27762
1.04827 1.10929 0.251748
1.0816 1.12059 0.326919
1.12357 1.13314 0.290601
1.17132 1.14795 0.300721
1.21744 1.1614 0.283701
1.26444 1.17345 0.251084
1.31129 1.18768 0.294922
1.35777 1.20138 0.286503
1.40208 1.21395 0.276511
1.44822 1.23063 0.346951
1.48916 1.24641 0.36776
1.53481 1.26386 0.36504
1.57643 1.28232 0.417681
1.6202 1.30024 0.388438
1.66692 1.31718 0.347882
1.71331 1.33442 0.355728
1.75904 1.3503 0.334432
1.79855 1.3638 0.329163
1.84349 1.38206 0.385926
1.89014 1.39977 0.362864
1.93326 1.41425 0.323992
1.97928 1.43364 0.39864
2.02292 1.45223 0.40274
2.0684 1.473 0.428499
2.11065 1.4915 0.412713
2.15012 1.50983 0.434616
2.19196 1.53169 0.481535
2.23446 1.55183 0.442597
2.27588 1.5731 0.474341
2.31503 1.59232 0.456379
2.35724 1.61225 0.441006
2.39636 1.63038 0.433996
2.44127 1.65059 0.422907
2.48436 1.6717 0.455581
2.52871 1.69295 0.446858
2.57371 1.71422 0.441454
2.61369 1.73301 0.439367
2.65555 1.7533 0.451257
2.6999 1.77496 0.454325
2.74345 1.79866 0.498529
2.76498 1.80943 0.46387
2.80756 1.83332 0.511159
2.85126 1.85761 0.50739
2.88964 1.87867 0.501873
2.92561 1.89886 0.511469
2.96596 1.92082 0.498413
3.00944 1.94486 0.505118
3.05219 1.96614 0.461716
3.09732 1.98714 0.435576
3.13624 2.00511 0.432508
3.17704 2.02386 0.430828
3.21796 2.04477 0.472523
3.26195 2.06616 0.452563
3.30585 2.08672 0.437957
3.3503 2.10646 0.41791
3.39146 2.12575 0.438181
3.42931 2.14369 0.442646
3.47497 2.16387 0.416158
3.51066 2.17922 0.406254
3.54604 2.19324 0.377237
3.57779 2.20449 0.340481
3.61084 2.21651 0.348956
3.64804 2.22967 0.339825
3.68942 2.24388 0.330876
3.72459 2.25548 0.318642
3.73326 2.25843 0.328049
3.74981 2.26465 0.359103
3.78109 2.27595 0.346795
3.81915 2.2883 0.313818
3.86448 2.30227 0.298856
3.91147 2.31795 0.322101
3.95147 2.3323 0.34452
3.97568 2.33986 0.302467
4.00086 2.3468 0.269021
4.03237 2.35543 0.26734
4.05888 2.36279 0.270764
4.07165 2.36716 0.32989
4.08135 2.37017 0.300977
4.08952 2.37302 0.335629
4.10697 2.37863 0.311042
4.10622 2.37841 0.291521
4.12879 2.38533 0.297514
4.15092 2.39181 0.284975
4.17652 2.39949 0.291441
4.21192 2.41032 0.297057
4.22928 2.41637 0.335136
4.26051 2.42628 0.307169
4.29167 2.43625 0.309605
4.31307 2.44396 0.346151
4.3436 2.45501 0.34722
4.36625 2.46264 0.325052
4.39308 2.47277 0.360618
4.42677 2.48459 0.337648
4.46118 2.49713 0.349505
4.49442 2.5093 0.350798
4.53929 2.52778 0.390708
4.56562 2.53887 0.398831
4.58946 2.54763 0.352128
4.61093 2.55626 0.382047
4.62893 2.5637 0.391726
4.64153 2.56976 0.448768
4.66042 2.57939 0.47147
4.67315 2.58604 0.481083
4.6839 2.59182 0.493488
4.6969 2.59875 0.489435
4.70591 2.60372 0.504517
4.71781 2.61079 0.535974
4.72232 2.61346 0.534355
4.74195 2.625 0.531445
4.75565 2.63253 0.502575
4.7703 2.64087 0.517557
4.79199 2.65461 0.564534
4.82133 2.6744 0.593559
4.84243 2.68922 0.612081
4.85721 2.6999 0.625951
4.87449 2.71142 0.587875
4.90018 2.72591 0.51373
4.90287 2.72727 0.466302
4.91252 2.7323 0.48071
4.92934 2.74171 0.509917
4.9437 2.7498 0.513077
4.95197 2.75417 0.48687
4.96039 2.75915 0.533765
4.96304 2.76071 0.534063
4.97076 2.76506 0.512756
4.97292 2.7663 0.521348
4.97314 2.76643 0.526866
4.9826 2.77124 0.470612
4.99405 2.77715 0.476417
5.01385 2.78772 0.49023
5.03213 2.79708 0.473095
5.03828 2.79992 0.433035
5.06227 2.81011 0.401789
5.07666 2.81659 0.422673
5.0828 2.81903 0.378957
5.08742 2.82089 0.383177
5.09395 2.82325 0.347059
5.09527 2.82366 0.297632
5.10879 2.82751 0.277179
5.11761 2.82982 0.256952
5.13278 2.83513 0.336415
5.15141 2.84301 0.400182
5.16021 2.84664 0.391619
5.16046 2.84677 0.462034
5.16358 2.84836 0.472138
5.15872 2.84565 0.509638
5.16938 2.85147 0.500177
5.17494 2.85458 0.510014
5.1904 2.86304 0.500647
5.19599 2.8661 0.500652
5.19719 2.86679 0.518704
5.21107 2.87455 0.510124
True
0.265699
