-5.47033 0.169521 -0.121073
-5.43262 0.167445 -0.0550073
-5.38366 0.164671 -0.0566038
-5.33754 0.163089 -0.0342872
-5.28854 0.162331 -0.0154642
-5.23863 0.163048 0.0143642
-5.18904 0.163559 0.0103144
-5.14175 0.163142 -0.00881645
-5.10029 0.160938 -0.0531061
-5.05326 0.158337 -0.0552718
-5.00678 0.156438 -0.0408244
-4.95706 0.154569 -0.0375643
-4.90866 0.152092 -0.0511439
-4.86023 0.150575 -0.0313054
-4.81523 0.148041 -0.0562642
-4.76561 0.142785 -0.105528
-4.72484 0.139792 -0.0732816
-4.67776 0.137983 -0.0383973
-4.62971 0.132985 -0.103628
-4.58687 0.129021 -0.0922861
-4.53758 0.122313 -0.135259
-4.49524 0.118249 -0.0956872
-4.45121 0.114458 -0.0859053
-4.40282 0.110671 -0.0780711
-4.35303 0.106482 -0.0839677
-4.30526 0.102104 -0.0913812
-4.25831 0.0963686 -0.12154
-4.20868 0.0906902 -0.113924
-4.15888 0.08748 -0.0643742
-4.11042 0.0827289 -0.0977263
-4.06263 0.0781568 -0.0953925
-4.01962 0.076569 -0.0369002
-3.97297 0.0754123 -0.0247889
-3.92328 0.0730813 -0.0468785
-3.87574 0.0698145 -0.0686093
-3.82634 0.0642429 -0.112297
-3.78687 0.0604469 -0.095895
-3.73766 0.0586859 -0.035768
-3.68904 0.057686 -0.0205604
-3.63926 0.0558778 -0.0363067
-3.59686 0.0567417 0.0203754
-3.54699 0.0544279 -0.0463631
-3.50941 0.052847 -0.0420388
-3.46799 0.0479252 -0.118262
-3.42533 0.0437188 -0.0982891
-3.37705 0.0381758 -0.114307
-3.32889 0.0328753 -0.10963
-3.28635 0.026688 -0.14441
-3.24274 0.0209633 -0.130532
-3.19713 0.0142096 -0.147014
-3.14871 0.00754641 -0.136747
-3.10292 0.00176716 -0.125556
-3.06391 -0.0022293 -0.102095
-3.01787 -0.00846044 -0.134517
-2.96838 -0.0146573 -0.124559
-2.9211 -0.0201692 -0.116055
-2.88628 -0.0259462 -0.164442
-2.83705 -0.0323522 -0.129374
-2.78967 -0.038068 -0.120069
-2.74272 -0.0432951 -0.110875
-2.69301 -0.0477908 -0.0901943
-2.65701 -0.0491425 -0.0375272
-2.60742 -0.0532659 -0.0829642
-2.55755 -0.0565613 -0.0659879
-2.51069 -0.0585287 -0.0419604
-2.46504 -0.0594925 -0.0211061
-2.41614 -0.0595982 -0.00216187
-2.36709 -0.0599975 -0.00814043
-2.31719 -0.0622113 -0.0443348
-2.26725 -0.0642838 -0.0414788
-2.21923 -0.0671869 -0.0603812
-2.16954 -0.0697291 -0.0511166
-2.1201 -0.0738447 -0.0830514
-2.07069 -0.0783749 -0.0914243
-2.02075 -0.0802771 -0.0380746
-1.97095 -0.0845175 -0.0849334
-1.92444 -0.0883733 -0.0827269
-1.87604 -0.0926771 -0.088677
-1.84302 -0.0968812 -0.126637
-1.79348 -0.10305 -0.123896
-1.74471 -0.109678 -0.135058
-1.69525 -0.117008 -0.147128
-1.64826 -0.120749 -0.0794386
-1.59875 -0.126536 -0.116376
-1.54886 -0.128726 -0.0438632
-1.49891 -0.128336 0.00780118
-1.45452 -0.129158 -0.0185189
-1.40483 -0.128277 0.0177197
-1.35979 -0.128266 0.000246735
-1.31719 -0.13262 -0.101838
-1.26753 -0.137009 -0.0881741
-1.21835 -0.14046 -0.0700586
-1.17513 -0.142862 -0.0555078
-1.12556 -0.148402 -0.111317
-1.08657 -0.151592 -0.0816161
-1.0389 -0.156266 -0.0977377
-0.989431 -0.162844 -0.132186
-0.93999 -0.170291 -0.149501
-0.892896 -0.175449 -0.109099
-0.845114 -0.181551 -0.127026
-0.795887 -0.184446 -0.0587256
-0.759736 -0.187297 -0.0786943
-0.710735 -0.190605 -0.0674244
-0.664691 -0.195496 -0.105812
-0.618663 -0.198336 -0.0616324
-0.5698 -0.200776 -0.0499013
-0.525913 -0.201786 -0.0229997
-0.477823 -0.204736 -0.06127
-0.437174 -0.207818 -0.0756841
-0.387389 -0.210575 -0.0553211
-0.34147 -0.212472 -0.041283
-0.293848 -0.211887 0.0122858
-0.252816 -0.21149 0.00967282
-0.203036 -0.212297 -0.0162062
-0.161284 -0.21225 0.00113077
-0.112697 -0.211762 0.0100379
-0.0627308 -0.211976 -0.00427658
-0.0128096 -0.209992 0.0397178
0.0347545 -0.208855 0.0238898
0.0824735 -0.208409 0.00935653
0.126413 -0.207695 0.0162363
0.175245 -0.209004 -0.0267993
0.224865 -0.208278 0.0146487
0.269171 -0.210166 -0.0425867
0.317439 -0.214511 -0.0897882
0.364917 -0.219162 -0.0976486
0.414025 -0.2251 -0.120329
0.454853 -0.229042 -0.0962514
0.504318 -0.235152 -0.122909
0.551983 -0.239746 -0.0960765
0.594027 -0.245017 -0.124724
0.643061 -0.252648 -0.154377
0.690124 -0.259587 -0.146388
0.734192 -0.265055 -0.123448
0.782842 -0.270521 -0.111893
0.829695 -0.275815 -0.112504
0.874662 -0.284811 -0.197462
0.917962 -0.290633 -0.133662
0.966372 -0.298954 -0.170226
1.01178 -0.306874 -0.172662
1.05267 -0.314187 -0.176986
1.09697 -0.322531 -0.186167
1.14501 -0.330349 -0.161328
1.18834 -0.334547 -0.0965742
1.23719 -0.338726 -0.0853439
1.28675 -0.343273 -0.0915093
1.33548 -0.344393 -0.0229819
1.37856 -0.34776 -0.0779748
1.42715 -0.349627 -0.0384203
1.46825 -0.353859 -0.102573
1.50936 -0.357254 -0.0824082
1.55262 -0.361923 -0.107527
1.58922 -0.363835 -0.0521942
1.63805 -0.366308 -0.0506026
1.6848 -0.367653 -0.0287416
1.72153 -0.367899 -0.00670017
1.76821 -0.368049 -0.00322939
1.81597 -0.369847 -0.0376192
1.86504 -0.373753 -0.079424
1.9096 -0.378079 -0.0967958
1.95359 -0.382737 -0.105496
2.00321 -0.388746 -0.120513
2.04381 -0.394751 -0.146847
2.08773 -0.400171 -0.122794
2.13451 -0.404627 -0.0949479
2.17321 -0.407156 -0.0652724
2.20809 -0.408732 -0.045137
2.25731 -0.410071 -0.0272133
2.30701 -0.413736 -0.073601
2.35674 -0.416077 -0.0470353
2.40045 -0.419011 -0.0670175
2.45037 -0.4209 -0.0378249
2.50024 -0.42294 -0.0408788
2.54249 -0.427048 -0.0969315
2.58645 -0.431554 -0.102144
2.63588 -0.439089 -0.15129
2.6781 -0.447291 -0.191843
2.71602 -0.453284 -0.156768
2.74541 -0.459002 -0.192138
2.7862 -0.464586 -0.136043
2.82618 -0.468776 -0.104415
2.87544 -0.47519 -0.129472
2.92009 -0.47879 -0.0804586
2.96517 -0.481642 -0.0631737
3.00529 -0.483965 -0.0578446
3.05302 -0.486738 -0.0580432
3.09484 -0.49011 -0.0804415
3.13995 -0.49434 -0.0935172
3.17964 -0.497813 -0.0872512
3.2252 -0.502887 -0.110932
3.2718 -0.509022 -0.130893
3.31243 -0.515378 -0.15515
3.35966 -0.522648 -0.152741
3.40273 -0.529361 -0.154639
3.42843 -0.533526 -0.160654
3.46988 -0.539245 -0.137094
3.51125 -0.545837 -0.15803
3.55187 -0.551578 -0.140417
3.58406 -0.555146 -0.110366
3.62278 -0.558311 -0.0815672
3.65339 -0.559565 -0.0409365
3.6606 -0.559913 -0.0482693
3.6682 -0.560217 -0.0399686
3.68201 -0.560586 -0.0267304
3.69624 -0.561597 -0.0709345
3.71138 -0.562952 -0.0892113
3.74403 -0.565112 -0.0660794
3.75972 -0.566524 -0.0896897
3.78472 -0.568262 -0.069423
3.82471 -0.569922 -0.0414888
3.84119 -0.570122 -0.0120981
3.84942 -0.570037 0.0103192
3.87087 -0.570621 -0.0272272
3.89219 -0.570784 -0.00767274
3.9215 -0.571747 -0.0328307
3.94503 -0.573552 -0.0765774
3.96567 -0.575248 -0.0819879
3.99221 -0.57809 -0.106664
4.01108 -0.580484 -0.126178
4.0309 -0.583044 -0.128468
4.06451 -0.588001 -0.146435
4.07233 -0.588714 -0.0909225
4.09533 -0.5907 -0.0861577
4.11287 -0.591735 -0.0589014
4.12381 -0.592314 -0.0528616
4.12988 -0.592706 -0.0645484
4.13759 -0.593396 -0.0892204
4.1471 -0.59416 -0.080148
4.16346 -0.595163 -0.0612678
4.18319 -0.596663 -0.0758566
4.20665 -0.597643 -0.041752
4.22799 -0.599419 -0.0830635
4.26235 -0.601643 -0.0646127
4.27689 -0.602696 -0.0722804
4.29991 -0.604533 -0.0796615
4.33983 -0.607708 -0.0793526
4.36454 -0.608533 -0.0333892
4.39325 -0.610298 -0.0613875
4.41146 -0.611433 -0.0622266
4.43638 -0.613145 -0.0685974
4.45258 -0.614289 -0.0705495
4.45684 -0.614668 -0.0886437
4.47216 -0.616531 -0.120989
4.48371 -0.617609 -0.093118
4.49041 -0.618368 -0.112728
4.50929 -0.620551 -0.115122
4.52116 -0.621889 -0.112281
4.53222 -0.62328 -0.125146
4.54002 -0.625129 -0.232722
4.55833 -0.629831 -0.251302
4.5651 -0.631511 -0.243313
4.58187 -0.636059 -0.264822
4.60839 -0.643122 -0.260282
4.63279 -0.649399 -0.251823
4.651 -0.653992 -0.247074
4.66977 -0.658656 -0.243519
4.68126 -0.661645 -0.254529
4.70134 -0.667099 -0.265179
4.71404 -0.671137 -0.30791
4.72369 -0.67409 -0.297086
4.73231 -0.676453 -0.267536
4.75877 -0.683645 -0.265358
4.78451 -0.689939 -0.239862
4.80425 -0.694703 -0.236734
4.82202 -0.698284 -0.198831
4.83163 -0.70042 -0.218949
4.83506 -0.701166 -0.213572
4.84179 -0.702365 -0.176439
4.85022 -0.704039 -0.196074
4.85787 -0.705453 -0.182568
4.87206 -0.708672 -0.223145
4.88673 -0.712634 -0.263715
4.90724 -0.718871 -0.295191
4.93512 -0.727568 -0.302482
4.95336 -0.733821 -0.330181
4.96486 -0.737664 -0.3225
4.99141 -0.744015 -0.234755
5.01033 -0.748044 -0.209895
5.02245 -0.750595 -0.207356
5.04638 -0.755318 -0.194935
5.05874 -0.757724 -0.192143
5.08779 -0.765473 -0.260655
5.10273 -0.769248 -0.247649
5.11736 -0.773246 -0.26667
5.13091 -0.776836 -0.258963
5.13947 -0.779006 -0.248398
5.14232 -0.779684 -0.233435
5.15251 -0.782096 -0.232509
5.16478 -0.784795 -0.216451
5.1697 -0.785746 -0.191059
5.1808 -0.787493 -0.156142
5.19676 -0.789393 -0.118433
5.20781 -0.790502 -0.0999702
True
0.260908
