4.47541 -0.00814305 -2.82178
4.46045 -0.0141682 -2.75865
4.437 -0.0245549 -2.7247
4.39174 -0.0457072 -2.7044
4.35906 -0.0635783 -2.64118
4.32001 -0.0889284 -2.56586
4.28208 -0.118571 -2.47823
4.25509 -0.14112 -2.44552
4.23809 -0.158277 -2.35154
4.20909 -0.191576 -2.28738
4.17738 -0.229003 -2.27364
4.14704 -0.267257 -2.2413
4.11899 -0.302137 -2.24811
4.09362 -0.335431 -2.22189
4.06501 -0.37432 -2.20514
4.03958 -0.412832 -2.15445
4.01643 -0.457138 -2.05229
3.99002 -0.499248 -2.13091
3.9739 -0.526487 -2.10518
3.96133 -0.545201 -2.16211
3.93837 -0.577429 -2.1899
3.92117 -0.603835 -2.14798
3.89418 -0.645773 -2.14276
3.87132 -0.683417 -2.11643
3.84807 -0.723295 -2.09874
3.82906 -0.757257 -2.08109
3.80815 -0.792377 -2.10773
3.79157 -0.825793 -2.03151
3.77509 -0.859647 -2.02377
3.75679 -0.899045 -2.00563
3.74337 -0.92597 -2.03303
3.72499 -0.964607 -2.01499
3.71535 -0.988114 -1.95967
3.69543 -1.03017 -2.01314
3.67532 -1.07584 -1.98559
3.66073 -1.10844 -1.99182
3.6426 -1.15075 -1.97549
3.62712 -1.19088 -1.93899
3.60887 -1.23722 -1.94605
3.59368 -1.28101 -1.90468
3.57689 -1.32681 -1.92217
3.56189 -1.36515 -1.94364
3.54429 -1.41195 -1.93058
3.52911 -1.45114 -1.94026
3.5129 -1.4957 -1.91972
3.49523 -1.54218 -1.93409
3.48547 -1.56723 -1.94244
3.47034 -1.60507 -1.95113
3.44944 -1.65048 -2.002
3.42878 -1.696 -1.99699
3.4084 -1.74166 -1.99051
3.38814 -1.78519 -2.00643
3.36849 -1.83116 -1.97486
3.35035 -1.8727 -1.98238
3.32814 -1.9175 -2.0312
3.30932 -1.9541 -2.04564
3.28538 -1.99773 -2.07258
3.26273 -2.03743 -2.08932
3.23765 -2.07448 -2.16594
3.21048 -2.11539 -2.15703
3.18246 -2.15497 -2.18675
3.15557 -2.19222 -2.196
3.13176 -2.22578 -2.18796
3.10916 -2.25843 -2.17631
3.08966 -2.28592 -2.18775
3.06268 -2.32155 -2.21886
3.0364 -2.35574 -2.22611
3.00488 -2.39437 -2.25526
2.97389 -2.43175 -2.26288
2.94194 -2.4702 -2.26414
2.91738 -2.49854 -2.28501
2.88729 -2.53431 -2.27003
2.86043 -2.56681 -2.26164
2.8358 -2.59649 -2.2634
2.80818 -2.62804 -2.28986
2.77736 -2.66494 -2.26655
2.74688 -2.70456 -2.22672
2.72105 -2.73889 -2.21581
2.6943 -2.77327 -2.23198
2.66456 -2.81118 -2.23601
2.63723 -2.84628 -2.23233
2.6049 -2.8798 -2.33813
2.5758 -2.91052 -2.32919
2.54156 -2.94606 -2.33757
2.50698 -2.97922 -2.37708
2.47014 -3.01152 -2.42171
2.43427 -3.0451 -2.38926
2.40091 -3.07461 -2.41732
2.37275 -3.09964 -2.41506
2.34253 -3.12574 -2.42917
2.31236 -3.15078 -2.44878
2.27305 -3.17948 -2.51085
2.23252 -3.20868 -2.51736
2.19052 -3.23574 -2.5692
2.15935 -3.25795 -2.52263
2.11964 -3.28833 -2.48853
2.08011 -3.31868 -2.48669
2.03966 -3.34803 -2.514
2.00088 -3.37316 -2.56661
1.96079 -3.39487 -2.64519
1.93159 -3.41132 -2.62878
1.90986 -3.42226 -2.67519
1.89039 -3.43292 -2.64057
1.86888 -3.44404 -2.66432
1.82725 -3.46532 -2.66897
1.78759 -3.48432 -2.69505
1.748 -3.50073 -2.74861
1.70279 -3.51986 -2.74137
1.6668 -3.53464 -2.75189
1.62065 -3.5531 -2.76103
1.5739 -3.56903 -2.81306
1.53756 -3.58158 -2.80909
1.49069 -3.59557 -2.85149
1.44322 -3.6102 -2.84266
1.41086 -3.62139 -2.80885
1.36854 -3.63394 -2.85329
1.32113 -3.64578 -2.89692
1.29007 -3.65334 -2.90262
1.27092 -3.65821 -2.89285
1.22265 -3.67115 -2.87968
1.18562 -3.6805 -2.8941
1.14846 -3.69067 -2.87447
1.10028 -3.70197 -2.91118
1.05758 -3.71375 -2.87262
1.01406 -3.72468 -2.89547
0.965573 -3.73669 -2.89882
0.917048 -3.74874 -2.8981
0.877951 -3.75774 -2.91547
0.829491 -3.76905 -2.91219
0.780917 -3.78028 -2.91435
0.747319 -3.78824 -2.90906
0.706099 -3.79685 -2.93572
0.661739 -3.80314 -3.00073
0.612342 -3.81088 -2.98622
0.563693 -3.81872 -2.98168
0.51433 -3.82658 -2.98367
0.469337 -3.83185 -3.02507
0.419733 -3.83781 -3.02205
0.378002 -3.84349 -3.00624
0.334441 -3.84777 -3.04372
0.286146 -3.85376 -3.01822
0.257026 -3.85703 -3.02963
0.207433 -3.86319 -3.01801
0.162798 -3.86742 -3.04702
0.114524 -3.87425 -3.00116
0.0649323 -3.88057 -3.01484
0.0243123 -3.88527 -3.02642
-0.025255 -3.8892 -3.06242
-0.0651173 -3.89067 -3.10482
-0.109077 -3.89176 -3.11672
-0.15859 -3.89177 -3.14142
-0.20851 -3.89377 -3.10144
-0.256813 -3.89401 -3.13666
-0.305386 -3.89444 -3.13277
-0.346026 -3.89432 -3.14446
-0.39321 -3.89304 3.11443
-0.44256 -3.89021 3.08416
-0.486075 -3.88794 3.08966
-0.534044 -3.88385 3.05646
-0.580233 -3.87875 3.03166
-0.624193 -3.87006 2.94629
-0.671968 -3.86102 2.95458
-0.718283 -3.85204 2.9501
-0.754474 -3.84634 2.9855
-0.79809 -3.83852 2.96418
-0.842756 -3.83112 2.97743
-0.887848 -3.81973 2.89418
-0.931516 -3.80805 2.8802
-0.964063 -3.79971 2.89075
-0.994043 -3.79217 2.8951
-1.03725 -3.77913 2.84859
-1.08338 -3.76493 2.84282
-1.11984 -3.75204 2.80184
-1.15645 -3.73876 2.79364
-1.2006 -3.7216 2.77098
-1.23647 -3.70842 2.78928
-1.27414 -3.69514 2.8027
-1.32184 -3.68021 2.83839
-1.36968 -3.66568 2.84667
-1.41563 -3.64925 2.79812
-1.45921 -3.63344 2.79366
-1.50537 -3.61773 2.81345
-1.53936 -3.60509 2.78571
-1.58697 -3.59037 2.84161
-1.62184 -3.57986 2.84902
-1.66521 -3.56491 2.80952
-1.70118 -3.55299 2.8216
-1.74864 -3.53727 2.82183
-1.7875 -3.52251 2.77857
-1.83172 -3.50318 2.72943
-1.8749 -3.48579 2.75886
-1.92168 -3.46817 2.78133
-1.96663 -3.44997 2.75683
-2.01295 -3.43132 2.75888
-2.05799 -3.41007 2.70079
-2.10078 -3.39006 2.70417
-2.14309 -3.36911 2.68176
-2.18194 -3.35031 2.69081
-2.22285 -3.33201 2.72091
-2.26617 -3.31199 2.70876
-2.3065 -3.29121 2.66587
-2.35107 -3.26904 2.67992
-2.39548 -3.24706 2.68199
-2.43986 -3.22617 2.70183
-2.48581 -3.20686 2.74369
-2.5113 -3.19645 2.7539
-2.55036 -3.17994 2.7416
-2.58808 -3.16395 2.74075
-2.61919 -3.15144 2.75934
-2.65843 -3.13755 2.80132
-2.69588 -3.12307 2.77266
-2.72218 -3.11308 2.77864
-2.75269 -3.10163 2.78242
-2.78536 -3.0901 2.80227
-2.82012 -3.07823 2.81263
-2.85849 -3.06412 2.78911
-2.89985 -3.04726 2.75462
-2.92355 -3.03696 2.73142
-2.93515 -3.0317 2.71616
-2.9478 -3.0264 2.74526
-2.97585 -3.0152 2.76166
-3.0073 -3.00249 2.75732
-3.03635 -2.99 2.73571
-3.06682 -2.97645 2.72313
-3.09434 -2.96419 2.72252
-3.12029 -2.95259 2.72129
-3.13901 -2.94378 2.70138
-3.14609 -2.94038 2.69458
-3.17692 -2.92959 2.80485
-3.20457 -2.91915 2.78062
-3.22662 -2.91017 2.75465
-3.25997 -2.89553 2.72811
-3.30296 -2.87661 2.72691
-3.34051 -2.85983 2.72141
-3.37767 -2.84456 2.75166
-3.41044 -2.83187 2.77201
-3.4383 -2.82119 2.77554
-3.46446 -2.81087 2.76605
-3.49173 -2.80001 2.76247
-3.52588 -2.78575 2.74611
-3.56357 -2.77074 2.76269
-3.59563 -2.75976 2.81144
-3.62543 -2.75031 2.83459
-3.65092 -2.74244 2.84216
-3.66223 -2.7392 2.86249
-3.67534 -2.73556 2.87094
-3.69813 -2.72959 2.88539
-3.71492 -2.7251 2.87984
-3.72254 -2.7232 2.89773
-3.74098 -2.71946 2.94152
-3.7526 -2.71704 2.9364
-3.76631 -2.71404 2.92607
-3.77729 -2.71149 2.91323
-3.79086 -2.70799 2.88908
-3.79753 -2.7062 2.88064
-3.80154 -2.70487 2.81976
-3.80334 -2.70417 2.77097
-3.82177 -2.69644 2.74449
-3.82782 -2.69439 2.81581
-3.848 -2.68618 2.75471
-3.87948 -2.67198 2.7181
-3.90346 -2.66149 2.72917
-3.9145 -2.65623 2.69678
-3.92624 -2.65089 2.71516
-3.93417 -2.64709 2.69439
-3.945 -2.64183 2.68902
-3.95655 -2.63568 2.65299
-3.97883 -2.62471 2.68367
-3.9958 -2.61691 2.71113
-4.00635 -2.61278 2.76823
-4.01367 -2.61009 2.78917
-4.03276 -2.60366 2.81688
-4.03809 -2.60188 2.81908
-4.05736 -2.59505 2.80103
-4.06703 -2.59114 2.75745
-4.06996 -2.58998 2.7626
-4.0833 -2.58594 2.84768
-4.09892 -2.58222 2.90781
-4.10467 -2.58081 2.90128
-4.10773 -2.58023 2.95341
-4.12596 -2.57676 2.95351
-4.13629 -2.57463 2.93846
-4.14936 -2.57153 2.90861
-4.15021 -2.57131 2.89259
-4.15631 -2.56967 2.87854
-4.1755 -2.56502 2.90383
-4.18518 -2.56259 2.89549
-4.18558 -2.56247 2.8601
-4.1837 -2.56302 2.86026
-4.19052 -2.56092 2.84299
-4.20886 -2.55559 2.85902
-4.2194 -2.55226 2.83566
-4.22678 -2.55023 2.87277
True
0.0659709
