-5.47135 -0.237666 -0.00709547
-5.43468 -0.242634 -0.134656
-5.38507 -0.246481 -0.0774044
-5.34171 -0.249044 -0.059031
-5.29176 -0.250635 -0.0318409
-5.24433 -0.251891 -0.0264741
-5.19786 -0.253733 -0.0396233
-5.15072 -0.255134 -0.0297025
-5.10236 -0.255638 -0.0104243
-5.05368 -0.253001 0.0541156
-5.00454 -0.252402 0.012194
-4.95463 -0.250134 0.0454088
-4.90779 -0.248454 0.0358371
-4.85815 -0.246347 0.0424307
-4.80841 -0.242889 0.0694155
-4.75862 -0.242211 0.0136047
-4.70864 -0.243429 -0.0243679
-4.65872 -0.246164 -0.0547192
-4.60922 -0.247955 -0.0361837
-4.56006 -0.248086 -0.00265419
-4.51572 -0.249844 -0.0396178
-4.46806 -0.253614 -0.0789596
-4.41919 -0.257112 -0.0714418
-4.37271 -0.260105 -0.0643194
-4.32318 -0.264384 -0.0861795
-4.28133 -0.267134 -0.0656069
-4.23791 -0.270723 -0.082481
-4.19027 -0.271896 -0.0246093
-4.15217 -0.272449 -0.0145026
-4.10723 -0.274253 -0.0401179
-4.06076 -0.275224 -0.0208981
-4.01708 -0.276465 -0.0284075
-3.97872 -0.279006 -0.0661511
-3.94374 -0.280381 -0.0392965
-3.89417 -0.280224 0.00317759
-3.8473 -0.27911 0.0237679
-3.80003 -0.278566 0.0115046
-3.75052 -0.279282 -0.0144584
-3.70068 -0.28026 -0.019627
-3.65074 -0.282378 -0.0423778
-3.60112 -0.284525 -0.0432525
-3.55747 -0.288144 -0.0827178
-3.50906 -0.29478 -0.136239
-3.45975 -0.302739 -0.160005
-3.42169 -0.309541 -0.176872
-3.37471 -0.317338 -0.164455
-3.33084 -0.323814 -0.14655
-3.28276 -0.33028 -0.133682
-3.23344 -0.337432 -0.144019
-3.18615 -0.342637 -0.109626
-3.15021 -0.345759 -0.0866566
-3.10373 -0.349745 -0.0855444
-3.05462 -0.353277 -0.0718057
-3.00588 -0.356853 -0.0732345
-2.95693 -0.360486 -0.0740644
-2.91666 -0.362821 -0.0579496
-2.8667 -0.362928 -0.00212945
-2.8167 -0.36319 -0.00524903
-2.76682 -0.362573 0.0123732
-2.72247 -0.361464 0.0250001
-2.68853 -0.361832 -0.0108581
-2.64741 -0.360276 0.0378335
-2.59845 -0.358578 0.0346652
-2.55039 -0.358002 0.0119817
-2.50279 -0.356281 0.036136
-2.45422 -0.353544 0.0562895
-2.41059 -0.352082 0.0335029
-2.36385 -0.352266 -0.00393762
-2.31774 -0.352482 -0.00468951
-2.26794 -0.352935 -0.0090799
-2.21796 -0.35213 0.0160991
-2.17936 -0.350441 0.0437296
-2.12965 -0.348504 0.0389473
-2.0868 -0.345257 0.0756468
-2.03769 -0.342647 0.0530899
-1.99094 -0.342457 0.00406877
-1.94096 -0.342085 0.00743352
-1.89275 -0.343172 -0.0225468
-1.84435 -0.341693 0.0305562
-1.79499 -0.340461 0.0249533
-1.74947 -0.338927 0.0336756
-1.69986 -0.336824 0.0423728
-1.65957 -0.335923 0.0223544
-1.60968 -0.335415 0.0101816
-1.56344 -0.334757 0.0142439
-1.5137 -0.337133 -0.0477358
-1.47444 -0.338272 -0.0290061
-1.42597 -0.33949 -0.0251235
-1.38426 -0.34031 -0.0196593
-1.33811 -0.340866 -0.0120443
-1.29 -0.34237 -0.0312459
-1.2401 -0.343269 -0.0180222
-1.19754 -0.344036 -0.0180058
-1.15763 -0.34577 -0.0434346
-1.11658 -0.347305 -0.0373666
-1.08352 -0.349677 -0.0716193
-1.03398 -0.353011 -0.0672152
-0.984024 -0.354185 -0.0234881
-0.935962 -0.357106 -0.0606909
-0.889561 -0.358458 -0.0291487
-0.83964 -0.358696 -0.00476341
-0.789648 -0.358122 0.0114889
-0.741961 -0.356355 0.0370421
-0.692206 -0.354248 0.042319
-0.648704 -0.352751 0.0343901
-0.598901 -0.352548 0.00408009
-0.556659 -0.353213 -0.0157386
-0.52489 -0.354215 -0.0315227
-0.474908 -0.354511 -0.00592892
-0.425072 -0.355692 -0.0237013
-0.375075 -0.355461 0.00462143
-0.339115 -0.355835 -0.0103982
-0.289254 -0.352992 0.05697
-0.247903 -0.351425 0.0378554
-0.210464 -0.348942 0.066233
-0.168064 -0.347119 0.0429719
-0.119615 -0.344076 0.0627256
-0.0821934 -0.339885 0.111522
-0.0376114 -0.334808 0.113406
0.0120067 -0.329799 0.100599
0.0614743 -0.327318 0.0501127
0.101942 -0.323946 0.0831422
0.148757 -0.320051 0.0830071
0.193962 -0.317025 0.0668483
0.238172 -0.316698 0.00737666
0.288071 -0.317022 -0.00648661
0.334789 -0.317178 -0.00334799
0.384746 -0.317582 -0.00808067
0.431632 -0.31652 0.022652
0.474051 -0.315137 0.0325868
0.523652 -0.31241 0.054924
0.569092 -0.311163 0.0274402
0.60545 -0.30904 0.0583332
0.654792 -0.305565 0.0703098
0.704701 -0.304751 0.0163036
0.753201 -0.302871 0.0387345
0.80316 -0.304545 -0.0334868
0.851619 -0.307607 -0.0631036
0.896732 -0.310041 -0.0539064
0.946516 -0.313017 -0.0597054
0.98367 -0.315724 -0.0727198
1.03291 -0.319155 -0.0695755
1.08281 -0.320955 -0.0360528
1.13267 -0.323521 -0.0514069
1.18245 -0.325735 -0.0444603
1.21947 -0.325927 -0.00517846
1.26938 -0.323463 0.049317
1.31863 -0.32049 0.0603048
1.36807 -0.31822 0.045889
1.4175 -0.315659 0.0517582
1.45574 -0.314925 0.0191879
1.4989 -0.31382 0.0255966
1.54873 -0.31003 0.0759072
1.59854 -0.30568 0.0871098
1.64627 -0.299211 0.134705
1.69419 -0.292391 0.141366
1.74249 -0.285289 0.146001
1.79151 -0.279408 0.119405
1.84097 -0.273846 0.111972
1.87641 -0.268434 0.151537
1.92552 -0.260586 0.158494
1.9727 -0.253681 0.145295
2.02228 -0.247386 0.126281
2.06884 -0.241935 0.11656
2.10585 -0.237856 0.109757
2.15546 -0.231819 0.12109
2.20327 -0.226173 0.117547
2.24433 -0.219402 0.163463
2.29293 -0.212721 0.136607
2.34224 -0.207397 0.107559
2.38312 -0.203268 0.100644
2.43287 -0.19828 0.099938
2.46812 -0.194719 0.100674
2.50978 -0.188915 0.138446
2.5564 -0.183856 0.108078
2.59586 -0.177928 0.149146
2.64108 -0.172796 0.112983
2.68794 -0.169115 0.0784035
2.7339 -0.163906 0.112849
2.78294 -0.157542 0.129041
2.81864 -0.152684 0.135268
2.86813 -0.14555 0.143178
2.91736 -0.136864 0.174607
2.96697 -0.130654 0.124526
3.00806 -0.127018 0.0882654
3.05478 -0.121441 0.118819
3.10383 -0.117234 0.0855359
3.13855 -0.115635 0.0460412
3.18779 -0.114689 0.0192018
3.23326 -0.114666 0.000521177
3.27387 -0.113444 0.0300768
3.32336 -0.111094 0.0474457
3.35831 -0.109237 0.0530801
3.39604 -0.106646 0.0685683
3.42254 -0.106316 0.0124502
3.44709 -0.107445 -0.0459606
3.48585 -0.109629 -0.0562857
3.52409 -0.112599 -0.0775065
3.56528 -0.115485 -0.0699577
3.61251 -0.12139 -0.124383
3.65973 -0.129902 -0.178335
3.6864 -0.135665 -0.212817
3.72118 -0.14453 -0.249569
3.75865 -0.152408 -0.207257
3.77424 -0.155347 -0.186314
3.78063 -0.156579 -0.190487
3.78441 -0.157206 -0.16433
3.78986 -0.157905 -0.127483
3.80943 -0.160699 -0.141865
3.84302 -0.16718 -0.19061
3.87308 -0.172215 -0.165903
3.89753 -0.176156 -0.159855
3.92253 -0.181143 -0.196868
3.9424 -0.185172 -0.200073
3.95739 -0.188474 -0.216759
3.97296 -0.192247 -0.237766
3.98426 -0.194465 -0.193836
3.9917 -0.195756 -0.171857
4.01244 -0.199452 -0.176369
4.03514 -0.204398 -0.214494
4.0485 -0.207523 -0.229866
4.0556 -0.209247 -0.238198
4.07838 -0.214046 -0.207572
4.09669 -0.218611 -0.244381
4.12737 -0.225819 -0.230769
4.17158 -0.235548 -0.216612
4.21462 -0.245453 -0.2262
4.25156 -0.253504 -0.214594
4.27528 -0.259121 -0.232517
4.29688 -0.264183 -0.230224
4.3166 -0.267762 -0.179499
4.34964 -0.27281 -0.151606
4.38927 -0.278538 -0.143543
4.42156 -0.28091 -0.0733339
4.44307 -0.281659 -0.0347939
4.46238 -0.281933 -0.0142149
4.47774 -0.282243 -0.0201824
4.49727 -0.282871 -0.0321129
4.52734 -0.2835 -0.0209261
4.55009 -0.283889 -0.0171045
4.5782 -0.283576 0.0111542
4.62356 -0.284632 -0.0232836
4.66043 -0.2842 0.01171
4.69312 -0.283442 0.0231982
4.72631 -0.282923 0.0156217
4.74918 -0.282006 0.0400591
4.76165 -0.28146 0.0437933
4.76455 -0.281316 0.0498255
4.77697 -0.281012 0.0244091
4.78861 -0.280563 0.0385639
4.80074 -0.280131 0.0355688
4.82512 -0.279111 0.0418286
4.8487 -0.278701 0.0173852
4.87346 -0.276964 0.0700446
4.89695 -0.275172 0.0761535
4.90831 -0.274567 0.0532037
4.93264 -0.273326 0.0509528
4.93901 -0.27307 0.0401805
4.95185 -0.272968 0.00790024
4.95437 -0.27294 0.0111015
4.96303 -0.27257 0.0427554
4.97429 -0.271773 0.0706013
4.98439 -0.271151 0.0615603
4.99396 -0.270492 0.0687541
5.01062 -0.269755 0.044197
5.01622 -0.269771 -0.00275633
5.01753 -0.269775 -0.00367225
5.02953 -0.269549 0.0189191
5.02999 -0.269513 0.0777371
5.03961 -0.268518 0.103017
5.05319 -0.266664 0.135705
5.07646 -0.263392 0.139673
5.08338 -0.262397 0.142852
5.10167 -0.259909 0.135172
5.12081 -0.257982 0.100368
5.13428 -0.25625 0.127832
5.14016 -0.255523 0.12321
5.14304 -0.255279 0.0843725
5.15255 -0.254749 0.0557066
5.15642 -0.254594 0.0398818
5.1592 -0.25437 0.0804597
5.16436 -0.2538 0.109888
5.17694 -0.251867 0.152504
5.19421 -0.248802 0.175639
5.20002 -0.247645 0.196618
5.21531 -0.243922 0.238863
True
0.0628774
