4.48472 -0.00730746 -2.69563
4.44025 -0.0301196 -2.6676
4.39972 -0.0541563 -2.60631
4.36387 -0.0789534 -2.53636
4.33032 -0.105822 -2.46642
4.29318 -0.138444 -2.4209
4.27645 -0.155298 -2.35228
4.24302 -0.190985 -2.32362
4.21198 -0.230132 -2.24122
4.18326 -0.270753 -2.18622
4.16594 -0.297422 -2.1466
4.1459 -0.329352 -2.1314
4.12039 -0.372318 -2.10657
4.09567 -0.414701 -2.09876
4.0723 -0.458819 -2.05792
4.05003 -0.503506 -2.03311
4.03622 -0.539451 -1.93774
4.01669 -0.584901 -1.97657
4.00838 -0.60661 -1.93641
3.99447 -0.642484 -1.94061
3.9836 -0.67069 -1.93876
3.96697 -0.710839 -1.9636
3.95009 -0.756162 -1.92724
3.93932 -0.784678 -1.93177
3.92468 -0.824617 -1.92228
3.91213 -0.860944 -1.90344
3.89626 -0.908341 -1.89382
3.88152 -0.954304 -1.88114
3.8664 -1.00072 -1.88569
3.85166 -1.04243 -1.91056
3.83544 -1.08607 -1.92654
3.82262 -1.13018 -1.85379
3.80815 -1.17398 -1.88984
3.79328 -1.22168 -1.87293
3.77879 -1.26047 -1.92841
3.7588 -1.30353 -2.00529
3.74133 -1.33863 -2.0326
3.72136 -1.37804 -2.03989
3.70078 -1.42348 -1.99611
3.68237 -1.46475 -1.99036
3.66902 -1.49516 -1.9845
3.65217 -1.53249 -1.9947
3.63929 -1.56073 -1.99885
3.61888 -1.60464 -2.00578
3.59557 -1.64887 -2.05592
3.58331 -1.67622 -1.99212
3.56067 -1.72071 -2.04154
3.54501 -1.75154 -2.04087
3.52298 -1.79415 -2.04793
3.51191 -1.81685 -2.02455
3.49 -1.8597 -2.0435
3.468 -1.89929 -2.07795
3.44363 -1.94257 -2.08368
3.4253 -1.97599 -2.07233
3.40316 -2.01274 -2.11316
3.38418 -2.04576 -2.09228
3.36366 -2.07806 -2.13684
3.34287 -2.11362 -2.09995
3.31549 -2.15541 -2.15084
3.28868 -2.19631 -2.15095
3.26017 -2.23729 -2.17866
3.23303 -2.27904 -2.14718
3.20881 -2.31684 -2.14057
3.18753 -2.35054 -2.13404
3.16711 -2.38445 -2.1129
3.13956 -2.42574 -2.15923
3.11257 -2.46758 -2.14369
3.08474 -2.50912 -2.16105
3.05588 -2.54983 -2.18735
3.02706 -2.58686 -2.2322
3.0022 -2.61656 -2.26775
2.96872 -2.6535 -2.30714
2.94221 -2.68103 -2.33742
2.91346 -2.70939 -2.36274
2.88377 -2.74026 -2.33678
2.85552 -2.76865 -2.35384
2.83394 -2.78935 -2.37704
2.79585 -2.82173 -2.43693
2.75728 -2.85314 -2.45826
2.71828 -2.88419 -2.46913
2.68663 -2.90831 -2.49056
2.6632 -2.92532 -2.51344
2.64358 -2.93993 -2.50154
2.60439 -2.97098 -2.47161
2.57637 -2.99094 -2.52243
2.55022 -3.01147 -2.47616
2.52141 -3.03402 -2.47751
2.48142 -3.06395 -2.49919
2.45877 -3.08041 -2.51279
2.41796 -3.1069 -2.56596
2.38111 -3.1325 -2.53443
2.34536 -3.15777 -2.52622
2.30886 -3.18452 -2.50916
2.26785 -3.21278 -2.53827
2.23043 -3.23999 -2.51281
2.18975 -3.26905 -2.52129
2.14837 -3.29568 -2.56983
2.11728 -3.31591 -2.5646
2.07765 -3.34127 -2.57231
2.04647 -3.3619 -2.55729
2.00874 -3.38552 -2.58212
1.97074 -3.41053 -2.55962
1.93382 -3.43352 -2.58453
1.89193 -3.45932 -2.58957
1.85213 -3.48342 -2.59715
1.80917 -3.50895 -2.60557
1.76768 -3.53605 -2.56282
1.72841 -3.56029 -2.58863
1.69701 -3.57841 -2.61828
1.65722 -3.60094 -2.62636
1.61462 -3.62633 -2.60402
1.57346 -3.65162 -2.5907
1.53168 -3.67448 -2.64099
1.48706 -3.69692 -2.67567
1.44602 -3.71797 -2.66747
1.40069 -3.73903 -2.7068
1.35557 -3.76042 -2.6989
1.31099 -3.78096 -2.70972
1.26907 -3.80061 -2.70331
1.22464 -3.8234 -2.66758
1.18841 -3.84131 -2.68262
1.14359 -3.86343 -2.68308
1.10504 -3.88047 -2.72546
1.05889 -3.89947 -2.75102
1.01342 -3.91778 -2.75876
0.966922 -3.93577 -2.77234
0.919832 -3.95253 -2.7997
0.873763 -3.96899 -2.79839
0.825978 -3.98324 -2.85187
0.779196 -3.9954 -2.88732
0.732288 -4.00714 -2.89634
0.683992 -4.01681 -2.94385
0.639912 -4.02644 -2.92664
0.604622 -4.03237 -2.97495
0.562488 -4.03973 -2.96866
0.515597 -4.04667 -2.99476
0.467617 -4.0535 -3.00028
0.420951 -4.06017 -2.99952
0.377474 -4.06405 -3.05258
0.327965 -4.07025 -3.01707
0.29147 -4.07342 -3.05499
0.24274 -4.07884 -3.03077
0.196523 -4.08571 -2.99405
0.150711 -4.09015 -3.04489
0.104616 -4.09466 -3.04413
0.0645767 -4.09893 -3.03543
0.0223483 -4.105 -2.99877
-0.0243051 -4.11007 -3.0333
-0.0735349 -4.11578 -3.02607
-0.121733 -4.12223 -3.0087
-0.164088 -4.12762 -3.01502
-0.2082 -4.13436 -2.98994
-0.249937 -4.13797 -3.05519
-0.2993 -4.14362 -3.02761
-0.342345 -4.14658 -3.07311
-0.391838 -4.14938 -3.08497
-0.439652 -4.15152 -3.09689
-0.47386 -4.15342 -3.08622
-0.523448 -4.15485 -3.11277
-0.572937 -4.15497 -3.13912
-0.622277 -4.15401 -3.16098
-0.668452 -4.15159 3.0893
-0.710656 -4.15213 3.1544
-0.757236 -4.15077 -3.17086
-0.805787 -4.14926 3.1104
-0.85343 -4.14855 3.12687
-0.901591 -4.14899 3.15068
-0.947073 -4.1494 -3.13257
-0.997059 -4.14838 -3.16213
-1.04698 -4.14786 3.13125
-1.08771 -4.14738 3.12981
-1.12967 -4.14699 3.13238
-1.17954 -4.14519 3.10553
-1.22951 -4.14399 3.11745
-1.27342 -4.14123 3.07879
-1.31055 -4.14014 3.11229
-1.35987 -4.13813 3.10094
-1.40928 -4.13322 3.0426
-1.45601 -4.12757 3.02126
-1.49678 -4.1242 3.05911
-1.54622 -4.1184 3.02467
-1.5874 -4.11453 3.04802
-1.6287 -4.11128 3.06296
-1.66691 -4.11012 3.11143
-1.71387 -4.1085 3.10707
-1.75749 -4.10861 3.14414
-1.80343 -4.10687 -3.17954
-1.85005 -4.10405 3.08119
-1.89981 -4.10126 3.08561
-1.93973 -4.09943 3.09577
-1.98438 -4.09684 3.08356
-2.02467 -4.09393 3.06957
-2.07397 -4.09017 3.06545
-2.11197 -4.08672 3.05108
-2.15949 -4.08402 3.08491
-2.20865 -4.08036 3.06727
-2.24564 -4.07714 3.05484
-2.28663 -4.07218 3.02117
-2.32671 -4.06644 2.99924
-2.37317 -4.06057 3.01599
-2.41747 -4.0558 3.03435
-2.45297 -4.05254 3.04987
-2.48838 -4.05072 3.09021
-2.53215 -4.05007 3.12687
-2.56898 -4.05003 3.14044
-2.60867 -4.04939 3.12552
-2.65304 -4.04878 3.12781
-2.6995 -4.05027 3.17372
-2.74131 -4.05187 -3.10344
-2.78804 -4.05191 -3.14076
-2.82697 -4.05154 -3.15095
-2.8602 -4.05086 3.12093
-2.90022 -4.04855 3.08396
-2.94281 -4.04592 3.07989
-2.9777 -4.04373 3.07883
-3.00613 -4.04048 3.02791
-3.04722 -4.03559 3.0231
-3.08294 -4.03107 3.01569
-3.12647 -4.02534 3.01077
-3.16175 -4.02117 3.0239
-3.19982 -4.01623 3.01263
-3.2239 -4.01289 3.0037
-3.25218 -4.00982 3.0334
-3.29015 -4.00601 3.04164
-3.32201 -4.00288 3.04368
-3.35544 -3.99935 3.03627
-3.37551 -3.99703 3.02672
-3.40937 -3.99315 3.02737
-3.42712 -3.99137 3.0418
-3.44272 -3.9902 3.06713
-3.45396 -3.9889 3.02638
-3.46361 -3.98781 3.02928
-3.486 -3.98527 3.02831
-3.51833 -3.98289 3.06833
-3.53889 -3.98177 3.08675
-3.56391 -3.97907 3.03424
-3.58021 -3.9774 3.03951
-3.61351 -3.97362 3.02871
-3.6257 -3.97239 3.04056
-3.6411 -3.97117 3.06254
-3.65182 -3.97053 3.08191
-3.65431 -3.97046 3.11288
-3.6705 -3.96995 3.11027
-3.69059 -3.96962 3.12542
-3.72362 -3.96941 3.13514
-3.75572 -3.96966 3.14931
-3.78817 -3.96978 -3.13788
-3.81376 -3.9698 -3.14072
-3.8226 -3.96972 -3.15068
-3.84015 -3.96965 3.13759
-3.86682 -3.96869 3.10573
-3.89542 -3.96712 3.08654
-3.92253 -3.9661 3.10397
-3.94842 -3.96442 3.0769
-3.96832 -3.96337 3.08907
-3.98281 -3.9626 3.08797
-3.99402 -3.96213 3.09978
-4.00299 -3.96135 3.05483
-4.02092 -3.95898 3.01045
-4.03334 -3.95713 2.99385
-4.05417 -3.95348 2.96789
-4.06202 -3.95204 2.96063
-4.07316 -3.9501 2.96864
-4.09142 -3.94625 2.93398
-4.11155 -3.94304 2.98363
-4.12647 -3.94088 2.99756
-4.13232 -3.94 2.99227
-4.14112 -3.93862 2.98655
-4.14356 -3.93819 2.96697
-4.15535 -3.93607 2.96371
-4.15922 -3.93548 2.98798
-4.15934 -3.93546 3.00005
-4.16699 -3.93436 2.99839
-4.18342 -3.93178 2.98639
-4.18794 -3.93073 2.91342
-4.19008 -3.93014 2.86954
-4.19549 -3.92891 2.91843
-4.19491 -3.92903 2.93279
-4.20611 -3.92671 2.93709
-4.21713 -3.92449 2.94253
True
0.186858
