-5.48437 -1.41164 0.0382093
-5.45315 -1.41202 -0.012071
-5.40566 -1.4122 -0.00377047
-5.36766 -1.41231 -0.00292819
-5.3324 -1.41274 -0.0123338
-5.28265 -1.4135 -0.0152561
-5.24053 -1.41348 0.000436806
-5.19832 -1.41146 0.0479214
-5.15135 -1.40627 0.110015
-5.11125 -1.40154 0.117492
-5.0659 -1.3933 0.179613
-5.01775 -1.38473 0.176269
-4.96849 -1.37619 0.17161
-4.92568 -1.36759 0.198175
-4.88301 -1.3591 0.196586
-4.85261 -1.35238 0.217485
-4.81168 -1.34088 0.273985
-4.7903 -1.33567 0.2388
-4.74124 -1.32604 0.193914
-4.69556 -1.31512 0.234661
-4.64835 -1.30546 0.201686
-4.60059 -1.29513 0.213015
-4.55185 -1.28421 0.220405
-4.5128 -1.27769 0.165392
-4.46823 -1.27071 0.155459
-4.41972 -1.2624 0.16962
-4.38179 -1.25627 0.16035
-4.34047 -1.25084 0.13048
-4.30152 -1.24394 0.175378
-4.25259 -1.2338 0.204388
-4.20364 -1.22376 0.202351
-4.15523 -1.21124 0.253013
-4.11368 -1.20177 0.224046
-4.06772 -1.19145 0.221034
-4.02252 -1.18155 0.215617
-3.97762 -1.17151 0.219891
-3.92938 -1.15853 0.262801
-3.88431 -1.14751 0.239921
-3.84215 -1.13899 0.199264
-3.80296 -1.12965 0.234125
-3.75835 -1.11965 0.22044
-3.71158 -1.10812 0.241694
-3.66294 -1.0978 0.209156
-3.61391 -1.08871 0.183242
-3.56943 -1.08139 0.163093
-3.52024 -1.07344 0.160267
-3.47126 -1.06475 0.175526
-3.42453 -1.05656 0.173585
-3.37561 -1.04773 0.178461
-3.32736 -1.03804 0.198335
-3.28469 -1.03063 0.171899
-3.23936 -1.02622 0.0969956
-3.19161 -1.02147 0.0991452
-3.14476 -1.0158 0.120496
-3.09523 -1.00919 0.132622
-3.04583 -1.00237 0.137178
-2.99876 -0.996324 0.127727
-2.95615 -0.99059 0.133755
-2.90668 -0.983365 0.145014
-2.85707 -0.977184 0.123959
-2.81496 -0.970707 0.152623
-2.76527 -0.965531 0.103795
-2.71855 -0.960408 0.1092
-2.67019 -0.952962 0.152805
-2.63417 -0.946577 0.175386
-2.58568 -0.937171 0.191643
-2.54081 -0.93048 0.148027
-2.49198 -0.922444 0.163102
-2.44281 -0.913423 0.181455
-2.40887 -0.908939 0.131342
-2.35929 -0.902643 0.126299
-2.31019 -0.89578 0.138902
-2.26073 -0.891127 0.0937821
-2.21233 -0.884524 0.135608
-2.17113 -0.87896 0.134188
-2.1214 -0.873724 0.104918
-2.08354 -0.868504 0.137007
-2.04128 -0.863314 0.12218
-1.99833 -0.860288 0.070361
-1.95416 -0.856355 0.0888016
-1.91154 -0.853738 0.0613359
-1.86236 -0.84932 0.089596
-1.81344 -0.846929 0.0488191
-1.7657 -0.843292 0.076048
-1.71909 -0.841733 0.03343
-1.6691 -0.842069 -0.00672129
-1.6201 -0.841678 0.00798575
-1.57144 -0.839677 0.0411089
-1.52278 -0.836502 0.0651561
-1.47399 -0.833195 0.0676651
-1.42419 -0.830813 0.0478098
-1.38305 -0.830106 0.0171619
-1.33453 -0.827163 0.0605974
-1.28489 -0.825532 0.0328312
-1.23679 -0.822562 0.0616623
-1.18725 -0.819851 0.0546817
-1.14441 -0.818613 0.0288889
-1.0945 -0.817239 0.0275181
-1.05092 -0.81408 0.0723572
-1.01131 -0.810319 0.094689
-0.963861 -0.807027 0.0692673
-0.914056 -0.804438 0.0519208
-0.870515 -0.80134 0.0710429
-0.82271 -0.797047 0.0895655
-0.773704 -0.792201 0.0985546
-0.727285 -0.788661 0.0761236
-0.677781 -0.785662 0.0604987
-0.634092 -0.785441 0.00507074
-0.584098 -0.784725 0.014307
-0.537556 -0.784769 -0.000932531
-0.487612 -0.784909 -0.00280796
-0.445536 -0.785305 -0.00941881
-0.400144 -0.785513 -0.00458001
-0.350588 -0.783324 0.0441398
-0.310136 -0.781197 0.0525262
-0.262799 -0.780486 0.0150269
-0.213851 -0.779456 0.0210363
-0.163863 -0.778374 0.0216478
-0.122161 -0.78023 -0.0444767
-0.0724727 -0.781225 -0.0200139
-0.0261104 -0.782516 -0.0278424
0.00975939 -0.783445 -0.0258918
0.0596859 -0.786068 -0.0525042
0.107489 -0.788832 -0.0577421
0.156839 -0.793294 -0.0901812
0.19925 -0.798067 -0.112062
0.248925 -0.803575 -0.110432
0.297827 -0.808961 -0.109695
0.347571 -0.813061 -0.082232
0.396691 -0.816676 -0.0734627
0.445354 -0.81913 -0.0503835
0.495065 -0.823383 -0.0853573
0.535292 -0.824802 -0.0352435
0.585131 -0.825349 -0.0109807
0.62775 -0.826621 -0.0298457
0.676544 -0.826814 -0.00395703
0.725224 -0.826289 0.0107967
0.774478 -0.824265 0.041057
0.815999 -0.821104 0.0759994
0.865779 -0.819269 0.0368341
0.905383 -0.817344 0.0485695
0.955334 -0.815154 0.0438168
1.00507 -0.810143 0.1004
1.04847 -0.807253 0.0665118
1.08868 -0.802048 0.128706
1.1382 -0.797895 0.0836647
1.18215 -0.795956 0.044098
1.22217 -0.794979 0.0244236
1.26975 -0.794278 0.014726
1.3171 -0.794347 -0.00146271
1.36166 -0.792954 0.0312535
1.41036 -0.79252 0.00891064
1.45221 -0.793458 -0.0224096
1.50097 -0.795933 -0.0507017
1.54707 -0.799758 -0.0828141
1.59445 -0.80306 -0.0695725
1.64169 -0.807041 -0.0840696
1.68916 -0.810242 -0.0673338
1.73903 -0.811981 -0.0348551
1.78873 -0.811367 0.0123496
1.82439 -0.81129 0.00216531
1.86783 -0.812407 -0.0256966
1.91756 -0.815112 -0.0543514
1.96443 -0.81413 0.0209663
2.0144 -0.814823 -0.0138625
2.05863 -0.815846 -0.0231348
2.09639 -0.816276 -0.0113967
2.13441 -0.817257 -0.0258007
2.1696 -0.818972 -0.0486676
2.21923 -0.821464 -0.0501885
2.26459 -0.824576 -0.0684807
2.31397 -0.826219 -0.0332682
2.36367 -0.827729 -0.030365
2.40763 -0.828172 -0.0100877
2.45718 -0.832253 -0.0821647
2.50633 -0.833547 -0.0263161
2.55096 -0.833691 -0.00322521
2.59638 -0.833805 -0.00250938
2.64438 -0.835672 -0.0388844
2.69253 -0.835866 -0.00402359
2.73695 -0.837546 -0.0377942
2.78695 -0.836845 0.0140215
2.8351 -0.836132 0.0147945
2.87141 -0.836779 -0.0178064
2.91476 -0.838139 -0.0313574
2.95978 -0.838562 -0.00940197
3.0093 -0.838563 -1.77743e-05
3.05185 -0.840216 -0.0388244
3.09839 -0.841591 -0.0295474
3.13926 -0.843139 -0.0378507
3.18698 -0.843429 -0.00608251
3.22845 -0.84499 -0.0376139
3.27169 -0.848006 -0.0696384
3.31154 -0.849335 -0.0333553
3.34379 -0.849682 -0.0107601
3.3661 -0.84969 -0.000333183
3.3911 -0.849887 -0.00789278
3.43732 -0.851065 -0.0254816
3.48595 -0.849418 0.033859
3.51465 -0.849264 0.0053724
3.55834 -0.848081 0.0270552
3.5978 -0.847485 0.0151075
3.64048 -0.846363 0.0262942
3.66919 -0.846683 -0.0111419
3.70215 -0.848016 -0.0404401
3.73397 -0.848455 -0.0137953
3.76475 -0.848943 -0.0158372
3.79728 -0.849266 -0.00992524
3.8214 -0.849902 -0.0263878
3.85074 -0.849398 0.0171996
3.87499 -0.849036 0.0148925
3.91178 -0.847768 0.0344665
3.93192 -0.847372 0.019642
3.96623 -0.847248 0.00361147
3.99943 -0.847542 -0.00885465
4.03047 -0.847559 -0.000538452
4.05677 -0.847321 0.00904614
4.09152 -0.848955 -0.0470014
4.12121 -0.851235 -0.0766096
4.14456 -0.85366 -0.103531
4.16053 -0.855617 -0.121879
4.17563 -0.857406 -0.118008
4.18845 -0.858887 -0.114898
4.20307 -0.860737 -0.125918
4.22782 -0.863046 -0.093043
4.24238 -0.864665 -0.110725
4.26894 -0.8676 -0.110029
4.2821 -0.870231 -0.197449
4.31237 -0.87787 -0.247183
4.34137 -0.884236 -0.216096
4.37628 -0.891649 -0.209226
4.41737 -0.899974 -0.199885
4.44522 -0.905753 -0.204583
4.46879 -0.910667 -0.205578
4.49786 -0.91639 -0.194352
4.52455 -0.921317 -0.182559
4.55124 -0.925323 -0.148979
4.57194 -0.927858 -0.12189
4.5861 -0.929678 -0.127799
4.60707 -0.932063 -0.113262
4.62483 -0.93433 -0.126938
4.63467 -0.935144 -0.0825567
4.64322 -0.935828 -0.0797841
4.65987 -0.937663 -0.109824
4.66877 -0.938555 -0.0998296
4.68636 -0.93983 -0.0723625
4.69707 -0.940727 -0.0835357
4.71686 -0.943141 -0.121387
4.73306 -0.945194 -0.126088
4.74986 -0.94678 -0.094084
4.76398 -0.948477 -0.119657
4.78648 -0.949924 -0.0642067
4.81222 -0.950543 -0.0240442
4.82747 -0.950819 -0.0180849
4.85256 -0.950654 0.00654424
4.8782 -0.950663 -0.000340022
4.89688 -0.950301 0.0194079
4.90668 -0.950392 -0.00932664
4.92306 -0.950648 -0.0156509
4.92977 -0.950903 -0.0379567
4.94743 -0.951284 -0.0215939
4.95905 -0.951641 -0.0307041
4.97703 -0.95224 -0.0333259
4.99661 -0.953029 -0.0402544
5.00946 -0.953872 -0.0655373
5.0181 -0.954411 -0.0622561
5.03233 -0.955171 -0.0533669
5.04077 -0.955772 -0.0711387
5.04599 -0.955987 -0.0411016
5.06775 -0.956214 -0.0104189
5.07285 -0.95617 0.00856184
5.09207 -0.956438 -0.0139633
5.10072 -0.956384 0.00635918
5.12202 -0.955933 0.0211283
5.12654 -0.955876 0.012814
5.13351 -0.955635 0.0344218
5.13469 -0.955569 0.0559601
5.15067 -0.954648 0.0576047
5.15771 -0.953918 0.103372
5.16091 -0.953706 0.0659256
5.17867 -0.953179 0.0296584
5.18784 -0.953365 -0.0202222
5.19956 -0.954142 -0.066248
5.20228 -0.954418 -0.101257
True
0.258559
