-5.46526 1.90089 -0.0848738
-5.41696 1.89714 -0.077462
-5.36774 1.89379 -0.0679505
-5.31902 1.89235 -0.0295629
-5.26921 1.88803 -0.0863635
-5.22055 1.88422 -0.0782782
-5.17119 1.87926 -0.100048
-5.12359 1.87476 -0.0943204
-5.07392 1.86944 -0.106646
-5.03032 1.86288 -0.149335
-4.98442 1.8559 -0.151055
-4.9474 1.85337 -0.0680663
-4.90714 1.85053 -0.0705384
-4.8647 1.84789 -0.0621176
-4.81671 1.84478 -0.0646693
-4.7676 1.83901 -0.116917
-4.72811 1.83372 -0.133346
-4.67869 1.82771 -0.120815
-4.63588 1.82265 -0.11786
-4.59103 1.81666 -0.132607
-4.54149 1.8106 -0.121716
-4.49562 1.80436 -0.135309
-4.44615 1.79823 -0.123366
-4.39704 1.79312 -0.103623
-4.34788 1.78821 -0.0994341
-4.30396 1.78216 -0.136916
-4.26275 1.77573 -0.15485
-4.21523 1.76991 -0.121838
-4.16543 1.76552 -0.0880152
-4.11598 1.76021 -0.106957
-4.06615 1.75622 -0.0799284
-4.01664 1.75188 -0.0873642
-3.96801 1.7476 -0.0878175
-3.92601 1.74408 -0.0836044
-3.87619 1.74069 -0.0678703
-3.82785 1.73859 -0.0434633
-3.78661 1.73601 -0.0623971
-3.75592 1.73262 -0.11025
-3.7149 1.72927 -0.0813522
-3.66743 1.72923 -0.000795722
-3.61763 1.72941 0.00349033
-3.56786 1.73226 0.0571803
-3.51842 1.73465 0.0482795
-3.47016 1.73411 -0.0111001
-3.42122 1.73288 -0.0251557
-3.37295 1.73072 -0.0446112
-3.32503 1.72895 -0.0370587
-3.27974 1.72929 0.00755833
-3.24073 1.72826 -0.0264963
-3.19858 1.72816 -0.00223523
-3.15708 1.7279 -0.00633132
-3.10952 1.72706 -0.0175842
-3.05986 1.72387 -0.0641922
-3.01943 1.72194 -0.0477684
-2.96967 1.71765 -0.0860065
-2.92763 1.71375 -0.092382
-2.88071 1.70821 -0.117501
-2.83242 1.70441 -0.0785961
-2.78897 1.70056 -0.0884733
-2.74004 1.69581 -0.0967893
-2.69252 1.68981 -0.125554
-2.64316 1.68611 -0.0747163
-2.59423 1.68143 -0.0953003
-2.54465 1.67593 -0.110635
-2.50168 1.67082 -0.118399
-2.4578 1.66653 -0.0974094
-2.40999 1.6616 -0.102704
-2.36008 1.65877 -0.0566342
-2.31376 1.65601 -0.0595832
-2.26732 1.65421 -0.038695
-2.21997 1.65302 -0.0251859
-2.18384 1.652 -0.0280987
-2.1426 1.6499 -0.0508906
-2.09538 1.64767 -0.047269
-2.04608 1.64739 -0.00567337
-2.00107 1.64724 -0.00319238
-1.95331 1.64727 0.000577711
-1.90966 1.64869 0.0324086
-1.85992 1.65298 0.0861749
-1.81052 1.65611 0.0631989
-1.76075 1.65933 0.0646924
-1.72072 1.66135 0.0502216
-1.67346 1.66352 0.046056
-1.62973 1.66362 0.00209005
-1.58637 1.66512 0.0347192
-1.53642 1.66623 0.0221664
-1.48902 1.66688 0.0137945
-1.4408 1.66762 0.015259
-1.39084 1.66828 0.0133223
-1.34103 1.66997 0.0337584
-1.30226 1.66926 -0.0181722
-1.2531 1.66736 -0.0387251
-1.20636 1.66412 -0.0692443
-1.16219 1.66102 -0.0698827
-1.11362 1.65664 -0.0900964
-1.06622 1.65129 -0.112402
-1.02641 1.64693 -0.108878
-0.979591 1.64237 -0.0971447
-0.932945 1.63764 -0.101041
-0.889098 1.63257 -0.115223
-0.861039 1.63001 -0.0908504
-0.841159 1.62839 -0.0811526
-0.805248 1.62672 -0.0466104
-0.771408 1.62458 -0.0631516
-0.738627 1.62231 -0.0692457
-0.701717 1.6184 -0.105533
-0.662933 1.61381 -0.117759
-0.625012 1.60887 -0.129568
-0.587411 1.60463 -0.112314
-0.546124 1.59914 -0.132112
-0.510604 1.59517 -0.111204
-0.468137 1.58925 -0.138577
-0.43747 1.58446 -0.155024
-0.406344 1.5791 -0.170354
-0.388381 1.57598 -0.172359
-0.371937 1.57378 -0.132756
-0.358147 1.57222 -0.112865
-0.329595 1.56841 -0.132553
-0.309843 1.56567 -0.137757
-0.291952 1.56317 -0.1387
-0.284363 1.56223 -0.123529
-0.273229 1.56058 -0.14744
-0.261989 1.55909 -0.132022
-0.238774 1.55528 -0.162651
-0.219622 1.55165 -0.187016
-0.196347 1.54738 -0.181695
-0.172576 1.54309 -0.178351
-0.146383 1.53777 -0.20026
-0.102198 1.53023 -0.169164
-0.0761745 1.52588 -0.165471
-0.0385106 1.51999 -0.155106
-0.00340453 1.51434 -0.159649
0.0323034 1.50712 -0.199545
0.0661111 1.49982 -0.212484
0.096104 1.49396 -0.193172
0.132864 1.48695 -0.188341
0.153319 1.48284 -0.198571
0.182215 1.47627 -0.223442
0.212081 1.46951 -0.222693
0.241589 1.462 -0.248943
0.269746 1.45484 -0.249192
0.296911 1.44756 -0.261659
0.329405 1.4371 -0.311577
0.341727 1.43274 -0.340053
0.370827 1.42235 -0.34301
0.386741 1.41636 -0.359918
0.404642 1.40899 -0.390548
0.418757 1.40344 -0.374238
0.435829 1.39762 -0.329023
0.443738 1.39541 -0.272249
0.462185 1.38973 -0.298686
0.48081 1.38442 -0.277844
0.495105 1.38008 -0.294697
0.507448 1.37589 -0.327399
0.514893 1.37334 -0.329423
0.526971 1.36922 -0.329074
0.540484 1.36367 -0.389233
0.547456 1.36045 -0.43318
0.56008 1.35411 -0.465153
0.561393 1.35343 -0.47698
0.564608 1.35175 -0.48193
0.580484 1.34375 -0.466729
0.594565 1.33676 -0.460989
0.622699 1.3216 -0.494313
0.642431 1.30827 -0.59399
0.65058 1.30224 -0.637379
0.660646 1.29405 -0.683017
0.671127 1.28487 -0.718886
0.680839 1.27599 -0.740886
0.683961 1.27317 -0.735574
0.697801 1.2617 -0.691994
0.703339 1.25689 -0.71523
0.722828 1.24018 -0.708629
0.727505 1.23606 -0.722725
0.729792 1.23392 -0.750857
0.734978 1.22942 -0.714905
0.739927 1.22528 -0.696306
0.741806 1.22386 -0.647279
0.742164 1.22356 -0.703521
0.746056 1.22009 -0.727669
0.759641 1.20774 -0.738052
0.762354 1.20502 -0.785722
0.769822 1.19679 -0.834194
0.77529 1.1901 -0.885028
0.779529 1.18462 -0.912585
0.783897 1.17845 -0.954471
0.790883 1.16934 -0.917027
0.794239 1.16551 -0.851189
0.798307 1.16071 -0.867474
0.80911 1.1488 -0.833985
0.807709 1.15012 -0.753031
0.81537 1.14323 -0.732263
0.819724 1.13952 -0.705591
0.82362 1.13578 -0.764548
0.824118 1.13532 -0.753517
0.837527 1.12262 -0.758128
0.840104 1.12035 -0.72291
0.84934 1.11137 -0.771143
0.865812 1.09062 -0.899799
0.87354 1.08116 -0.886122
0.890683 1.05821 -0.9292
0.897347 1.04929 -0.929132
0.907086 1.03448 -0.989085
0.913686 1.02354 -1.02769
0.917691 1.0158 -1.09355
0.927314 0.99675 -1.10303
0.916598 1.01954 -1.13127
0.918142 1.01628 -1.12899
0.926696 0.994806 -1.19164
0.927116 0.993604 -1.23475
0.936783 0.96627 -1.23086
0.948674 0.921923 -1.30883
0.95763 0.886128 -1.32563
0.968107 0.842653 -1.3343
0.971239 0.824576 -1.39925
0.974332 0.809085 -1.37377
0.979668 0.768343 -1.44057
0.985629 0.719328 -1.44977
0.994895 0.675266 -1.36352
0.994895 0.675266 -1.36352
0.995096 0.673561 -1.45313
0.997828 0.65677 -1.4095
0.998947 0.649897 -1.4095
1.0016 0.634059 -1.4047
1.00748 0.603022 -1.38365
1.01994 0.55993 -1.28921
1.01994 0.55993 -1.28921
1.01994 0.55993 -1.28921
1.01994 0.55993 -1.28921
1.01994 0.55993 -1.2892
1.01994 0.55993 -1.28919
1.01994 0.55993 -1.28917
1.01994 0.55993 -1.28914
1.01994 0.55993 -1.28904
1.01994 0.559929 -1.28882
1.01995 0.559928 -1.28845
1.01995 0.559927 -1.28784
1.01995 0.559927 -1.28697
1.02037 0.558265 -1.31805
1.02037 0.558265 -1.31805
1.02037 0.558265 -1.31805
1.02037 0.558265 -1.31805
1.02037 0.558265 -1.31805
1.02037 0.558265 -1.31805
1.02037 0.558265 -1.31804
1.02037 0.558265 -1.31804
1.02037 0.558265 -1.31803
1.02037 0.558265 -1.31802
1.02037 0.558265 -1.31801
1.02037 0.558265 -1.318
1.02037 0.558265 -1.31798
1.02037 0.558265 -1.31796
1.02037 0.558265 -1.31794
1.02037 0.558265 -1.31791
1.02037 0.558265 -1.31788
1.02037 0.558265 -1.31784
1.02037 0.558264 -1.31779
1.02037 0.558264 -1.31773
1.02037 0.558264 -1.31766
1.02037 0.558264 -1.31757
1.02037 0.558264 -1.31748
1.02037 0.558264 -1.31737
1.02037 0.558264 -1.31726
1.02037 0.558264 -1.31714
1.02037 0.558264 -1.31701
1.02037 0.558264 -1.31687
1.02037 0.558264 -1.31672
1.02037 0.558264 -1.31656
1.02037 0.558264 -1.31638
1.02037 0.558264 -1.3162
1.02037 0.558264 -1.31601
1.02037 0.558264 -1.3158
1.02037 0.558264 -1.31559
1.02037 0.558264 -1.31537
1.02037 0.558264 -1.31513
1.02037 0.558264 -1.31489
1.02037 0.558264 -1.31465
1.02037 0.558264 -1.31439
1.02037 0.558264 -1.31413
1.02037 0.558264 -1.31386
1.02037 0.558264 -1.31358
1.02037 0.558263 -1.3133
1.02037 0.558263 -1.31302
1.02037 0.558263 -1.31272
1.02037 0.558263 -1.31242
1.02037 0.558263 -1.31212
1.02037 0.558263 -1.31181
1.02037 0.558263 -1.3115
1.02037 0.558263 -1.31118
1.02037 0.558263 -1.31086
1.02037 0.558263 -1.31054
1.02037 0.558263 -1.31021
1.02037 0.558263 -1.30988
1.02037 0.558263 -1.30955
1.02037 0.558263 -1.30922
1.02037 0.558262 -1.30889
1.02037 0.558262 -1.30856
1.02037 0.558262 -1.30823
1.02037 0.558262 -1.3079
1.02037 0.558262 -1.30757
1.02037 0.558262 -1.30724
1.02037 0.558262 -1.30691
1.02037 0.558262 -1.30659
1.02037 0.558262 -1.30626
1.02037 0.558262 -1.30594
1.02037 0.558262 -1.30562
1.02037 0.558262 -1.30532
1.02037 0.558262 -1.30502
1.02037 0.558262 -1.30473
1.02037 0.558262 -1.30444
1.02278 0.550527 -1.2699
1.02077 0.556455 -1.24517
1.02268 0.54964 -1.2976
1.02292 0.548799 -1.2976
1.02776 0.530633 -1.31009
1.02776 0.530633 -1.31009
1.02776 0.530633 -1.31009
1.02776 0.530633 -1.31009
1.02776 0.530633 -1.31009
1.02776 0.530633 -1.31009
1.02776 0.530633 -1.31009
1.02776 0.530633 -1.31009
1.02776 0.530633 -1.31009
1.02776 0.530633 -1.31009
1.02776 0.530633 -1.31009
1.02776 0.530633 -1.31009
1.02776 0.530633 -1.31009
1.02776 0.530633 -1.31009
1.02776 0.530633 -1.31009
1.02776 0.530634 -1.31008
1.02776 0.530634 -1.31003
1.02776 0.530634 -1.30995
1.02776 0.530634 -1.30982
1.02776 0.530634 -1.30964
1.02776 0.530634 -1.30942
1.02776 0.530634 -1.30916
1.02776 0.530634 -1.30886
1.02776 0.530633 -1.30852
1.02776 0.530633 -1.30814
1.02776 0.530634 -1.30772
1.02776 0.530634 -1.30727
1.02776 0.530634 -1.30679
1.02776 0.530634 -1.30627
1.02776 0.530633 -1.30572
1.02776 0.530634 -1.30515
1.02776 0.530633 -1.30454
1.02776 0.530633 -1.30392
1.02776 0.530633 -1.30327
1.02777 0.530632 -1.30258
1.02777 0.530632 -1.30184
1.02776 0.530633 -1.30102
1.02776 0.530633 -1.30013
1.02776 0.530633 -1.29913
1.02776 0.530633 -1.29913
1.02776 0.530633 -1.29913
1.02776 0.530633 -1.29913
1.02776 0.530633 -1.29913
1.02776 0.530633 -1.29913
1.02776 0.530633 -1.29913
1.02776 0.530633 -1.29913
1.02776 0.530633 -1.29913
1.02776 0.530633 -1.29913
1.02776 0.530633 -1.29913
1.02776 0.530633 -1.29912
1.02776 0.530633 -1.29911
1.02776 0.530633 -1.29911
1.02776 0.530633 -1.2991
1.02776 0.530633 -1.29909
1.02776 0.530633 -1.29907
1.02776 0.530633 -1.29906
1.02776 0.530633 -1.29902
1.02776 0.530633 -1.29897
1.02776 0.530633 -1.29889
1.02776 0.530633 -1.2988
1.02776 0.530633 -1.29869
1.02776 0.530633 -1.29854
1.02776 0.530632 -1.29834
1.02776 0.530632 -1.29807
1.02777 0.530632 -1.29774
1.02777 0.530631 -1.29736
1.02777 0.53063 -1.29691
1.02777 0.53063 -1.2964
1.02777 0.53063 -1.29584
1.02777 0.530629 -1.29523
1.02777 0.530629 -1.29457
1.02777 0.530628 -1.29385
1.02777 0.530627 -1.29305
1.02777 0.530626 -1.29218
1.02777 0.530626 -1.29122
1.02823 0.529071 -1.27953
1.0345 0.502785 -1.33658
1.0485 0.463986 -1.22471
1.07002 0.422143 -1.09562
1.09686 0.383347 -0.965664
1.12493 0.351198 -0.853057
1.1617 0.318132 -0.732387
1.19932 0.290787 -0.628477
1.24323 0.266889 -0.49848
1.27574 0.250801 -0.4595
1.31711 0.233203 -0.402208
1.35293 0.220264 -0.346615
1.39098 0.208083 -0.309789
1.43908 0.194513 -0.27497
1.48845 0.18712 -0.148675
1.53291 0.179208 -0.176096
1.58236 0.171908 -0.146563
1.62332 0.168131 -0.0919524
1.67311 0.167579 -0.0110939
1.72305 0.169229 0.0330286
1.77165 0.171999 0.056946
1.81812 0.176097 0.0879516
1.8675 0.180402 0.0869586
1.90704 0.184345 0.0993936
1.9538 0.190254 0.125699
1.99705 0.196585 0.145351
2.04021 0.204844 0.189063
2.08179 0.213805 0.21227
2.1308 0.223623 0.197704
2.17464 0.232173 0.192635
2.22339 0.243248 0.223381
2.27192 0.255255 0.242534
2.31985 0.265579 0.212154
2.36816 0.274937 0.191356
2.40925 0.283314 0.20111
2.45812 0.293764 0.210641
2.50394 0.30356 0.210636
2.54005 0.311415 0.214195
2.58284 0.318871 0.172513
2.62966 0.32675 0.166731
2.67164 0.334363 0.179377
2.71862 0.343491 0.191914
2.7665 0.356536 0.265972
2.81489 0.367979 0.232246
2.8528 0.378098 0.260844
2.90033 0.393105 0.3058
2.9428 0.405847 0.291474
2.99048 0.420851 0.304872
3.03863 0.434289 0.272169
3.08581 0.45028 0.326778
3.13328 0.465213 0.304811
3.17983 0.481425 0.335144
3.22115 0.495407 0.326204
3.26856 0.511094 0.319593
3.31573 0.526317 0.312183
3.35582 0.539665 0.321372
3.40199 0.555219 0.324957
3.44906 0.569556 0.295672
3.49216 0.580249 0.243167
3.52908 0.588933 0.230986
3.57206 0.599734 0.246206
3.60104 0.60793 0.275679
3.64216 0.621267 0.313627
3.67021 0.629797 0.295199
3.69653 0.638451 0.31767
3.72887 0.647228 0.265063
3.75413 0.653676 0.249871
3.7847 0.660803 0.22908
3.82711 0.669066 0.192406
3.85657 0.674549 0.184042
3.8955 0.681456 0.175576
3.93698 0.688843 0.176235
3.9724 0.696112 0.202399
4.00647 0.70431 0.23613
4.04411 0.713392 0.236794
4.05665 0.716415 0.236529
4.09123 0.72425 0.222794
4.12036 0.731663 0.249166
4.14334 0.738524 0.290238
4.16487 0.745723 0.322591
4.20847 0.761316 0.343476
4.2286 0.767673 0.305939
4.24679 0.773716 0.320749
4.27647 0.785197 0.369024
4.30008 0.793625 0.342916
4.33428 0.806039 0.348185
4.3723 0.819871 0.348971
4.3885 0.826196 0.37207
4.41907 0.838895 0.3937
4.4518 0.853132 0.410389
4.46496 0.859149 0.428791
4.48083 0.866304 0.423427
4.50368 0.875709 0.390466
4.52275 0.883627 0.393521
4.52743 0.885703 0.41777
4.54693 0.893879 0.397126
4.56932 0.902809 0.379402
4.60304 0.916001 0.372941
4.6363 0.927477 0.332241
4.67547 0.940495 0.320882
4.70574 0.950141 0.308441
4.72937 0.957139 0.287927
4.75706 0.965831 0.304158
4.79369 0.975956 0.269696
4.81873 0.982134 0.241911
4.83006 0.984465 0.202817
4.84611 0.987036 0.15892
4.85222 0.98818 0.185048
4.86133 0.989863 0.182592
4.8604 0.989642 0.233583
4.87926 0.993986 0.226466
4.89278 0.996706 0.198467
4.90359 0.998803 0.191605
4.9079 0.999651 0.19442
4.92733 1.00361 0.200892
4.948 1.00734 0.178597
4.95552 1.00843 0.143586
4.9634 1.00932 0.112683
4.9814 1.01114 0.100696
5.00613 1.01398 0.114333
5.01588 1.01455 0.0589137
5.03175 1.0162 0.103727
5.05203 1.0183 0.103102
5.06732 1.01987 0.102354
5.0852 1.02163 0.098174
5.09912 1.02271 0.0769391
5.10644 1.02331 0.0828479
5.11471 1.02407 0.0911518
5.11924 1.02452 0.0992532
5.12234 1.025 0.154456
5.1303 1.0262 0.148844
5.14143 1.02784 0.146352
5.16675 1.03029 0.0966565
5.17882 1.03124 0.0784465
5.17753 1.03118 0.0451305
5.17508 1.03102 0.0659648
5.18371 1.03149 0.0545356
5.18685 1.03155 0.0188673
5.18884 1.03163 0.0386166
5.1958 1.03179 0.0224842
5.19775 1.03177 -0.00686652
5.20701 1.03176 -0.00173872
5.22395 1.03169 -0.00388131
True
0.0462889
