4.48187 -0.00584029 -2.82999
4.47225 -0.00951364 -2.77685
4.46183 -0.0148489 -2.66835
4.44162 -0.0255937 -2.65298
4.41588 -0.0437219 -2.52785
4.39252 -0.0608907 -2.50782
4.35606 -0.093967 -2.4049
4.32486 -0.126871 -2.32958
4.29175 -0.164323 -2.29477
4.25891 -0.201236 -2.29779
4.22737 -0.23838 -2.27476
4.19699 -0.274644 -2.26823
4.16822 -0.313614 -2.20663
4.14564 -0.347567 -2.15783
4.11973 -0.386807 -2.15429
4.09523 -0.430343 -2.08347
4.07112 -0.473928 -2.07595
4.06039 -0.496303 -2.01816
4.04011 -0.538714 -2.0168
4.02289 -0.571585 -2.0532
4.00775 -0.601085 -2.04508
3.9877 -0.645377 -1.99593
3.96867 -0.686929 -2.00014
3.95208 -0.733059 -1.91608
3.93248 -0.779022 -1.97384
3.91464 -0.825619 -1.93645
3.89777 -0.865843 -1.96804
3.88138 -0.905425 -1.96332
3.8765 -0.918399 -1.93055
3.87071 -0.933925 -1.92767
3.85485 -0.974896 -1.94026
3.8387 -1.0154 -1.95017
3.81923 -1.06146 -1.97065
3.79998 -1.1076 -1.96609
3.78513 -1.14147 -1.98406
3.77543 -1.16548 -1.95472
3.7556 -1.20844 -2.0031
3.73968 -1.24448 -1.98683
3.72463 -1.28119 -1.95985
3.70475 -1.32263 -2.01814
3.6853 -1.36319 -2.01801
3.66425 -1.40757 -2.01365
3.64543 -1.44665 -2.01948
3.62901 -1.48013 -2.02672
3.61196 -1.51728 -2.00122
3.59006 -1.56223 -2.02411
3.56979 -1.60623 -2.00257
3.55008 -1.65219 -1.97584
3.53855 -1.67812 -1.98932
3.5172 -1.72231 -2.02079
3.49462 -1.76691 -2.0395
3.4744 -1.80267 -2.08537
3.45252 -1.84205 -2.07796
3.42832 -1.88543 -2.07957
3.40335 -1.92816 -2.09973
3.37844 -1.97139 -2.09352
3.35265 -2.01419 -2.11311
3.32601 -2.05649 -2.13274
3.29903 -2.09858 -2.14091
3.27591 -2.13143 -2.18403
3.25405 -2.16085 -2.21004
3.24045 -2.17932 -2.20509
3.20949 -2.21858 -2.23857
3.18674 -2.24625 -2.25901
3.16348 -2.2748 -2.25446
3.14781 -2.29365 -2.26445
3.13168 -2.3145 -2.22929
3.11116 -2.34142 -2.22196
3.08079 -2.37969 -2.24164
3.05207 -2.41652 -2.23315
3.0228 -2.45694 -2.19744
3.00482 -2.48473 -2.14514
2.98104 -2.52003 -2.16352
2.95379 -2.56109 -2.15677
2.93306 -2.58991 -2.19451
2.90317 -2.6292 -2.22102
2.88692 -2.65245 -2.18072
2.86183 -2.68852 -2.17878
2.83735 -2.72056 -2.22319
2.81366 -2.74932 -2.25984
2.78983 -2.77621 -2.29573
2.7627 -2.80731 -2.28815
2.72799 -2.8433 -2.33801
2.69624 -2.8759 -2.34309
2.66522 -2.90796 -2.3398
2.63816 -2.93688 -2.32281
2.60338 -2.97034 -2.37562
2.56867 -3.00254 -2.39363
2.53585 -3.03306 -2.39257
2.50527 -3.05931 -2.43214
2.46737 -3.09172 -2.43416
2.42895 -3.12367 -2.4478
2.39417 -3.15399 -2.42482
2.36791 -3.1755 -2.45515
2.33524 -3.20386 -2.42659
2.30264 -3.23205 -2.42868
2.26905 -3.26078 -2.43396
2.23137 -3.28981 -2.48534
2.19631 -3.31539 -2.51129
2.16748 -3.33866 -2.46222
2.12978 -3.36939 -2.4578
2.09346 -3.39793 -2.47559
2.05594 -3.42598 -2.49959
2.01493 -3.45332 -2.55363
1.98015 -3.47615 -2.56073
1.94423 -3.49838 -2.58732
1.90349 -3.52145 -2.62637
1.86555 -3.54308 -2.62342
1.82173 -3.56683 -2.64497
1.78895 -3.5846 -2.6449
1.74471 -3.60788 -2.65717
1.70128 -3.62882 -2.69233
1.6689 -3.6441 -2.70065
1.62666 -3.66412 -2.69894
1.58346 -3.68384 -2.71331
1.54048 -3.70074 -2.76694
1.49481 -3.71858 -2.7693
1.46364 -3.73043 -2.77837
1.42042 -3.74641 -2.78742
1.37825 -3.76198 -2.78778
1.33584 -3.77738 -2.79334
1.29529 -3.79161 -2.80412
1.25542 -3.80419 -2.836
1.20915 -3.81849 -2.84176
1.16143 -3.83103 -2.88468
1.12984 -3.83868 -2.90382
1.08263 -3.84911 -2.92419
1.0343 -3.86189 -2.88307
0.986625 -3.87349 -2.90298
0.946161 -3.88136 -2.9496
0.89759 -3.89177 -2.93032
0.860431 -3.90014 -2.92004
0.817295 -3.90863 -2.94736
0.768255 -3.91706 -2.97135
0.730741 -3.92291 -2.98693
0.703754 -3.9268 -2.99816
0.654113 -3.9322 -3.0333
0.607798 -3.93781 -3.02118
0.564093 -3.94266 -3.03097
0.514278 -3.94692 -3.05637
0.46459 -3.95044 -3.07077
0.429473 -3.95158 -3.10929
0.382314 -3.95544 -3.05979
0.332646 -3.9599 -3.05208
0.296735 -3.96377 -3.03418
0.246849 -3.96714 -3.07422
0.205053 -3.96975 -3.07909
0.155156 -3.97284 -3.07981
0.105323 -3.97607 -3.07682
0.0654059 -3.97614 -3.13986
0.0159077 -3.97682 -3.1278
-0.0338546 -3.97788 -3.12032
-0.0822191 -3.97881 -3.12238
-0.129193 -3.9795 -3.12703
-0.177595 -3.98203 -3.08934
-0.225425 -3.98239 -3.13409
-0.275029 -3.98158 -3.15784
-0.324993 -3.98122 3.13431
-0.372893 -3.97777 3.06978
-0.416728 -3.97675 3.11839
-0.466597 -3.97545 3.11542
-0.515463 -3.97184 3.06795
-0.564132 -3.96589 3.01993
-0.611747 -3.96033 3.02531
-0.660933 -3.95298 2.99316
-0.709866 -3.94595 2.99892
-0.750979 -3.94035 3.00639
-0.783112 -3.936 3.00692
-0.831252 -3.93058 3.02945
-0.872294 -3.92239 2.94464
-0.914302 -3.91473 2.96122
-0.959506 -3.905 2.92956
-1.00777 -3.89425 2.92242
-1.05654 -3.88325 2.91979
-1.09304 -3.87681 2.96703
-1.14207 -3.86703 2.94469
-1.18874 -3.85666 2.92299
-1.21528 -3.84971 2.8853
-1.25445 -3.83891 2.87266
-1.29737 -3.82705 2.87203
-1.34582 -3.81535 2.90453
-1.39323 -3.80253 2.87753
-1.43533 -3.7906 2.86555
-1.48321 -3.77828 2.88961
-1.5301 -3.76489 2.86346
-1.57478 -3.75252 2.87149
-1.62065 -3.73717 2.81874
-1.66701 -3.71955 2.77844
-1.71303 -3.70397 2.81503
-1.75477 -3.68773 2.77064
-1.80048 -3.66779 2.73016
-1.83928 -3.65152 2.74455
-1.88361 -3.63394 2.76416
-1.9242 -3.61601 2.7256
-1.96977 -3.59647 2.73655
-2.0038 -3.5815 2.72708
-2.047 -3.56009 2.68144
-2.09132 -3.53693 2.66002
-2.13528 -3.51331 2.64867
-2.175 -3.49237 2.65646
-2.21721 -3.47004 2.65495
-2.2524 -3.45188 2.6652
-2.29277 -3.42842 2.61513
-2.33391 -3.40399 2.60563
-2.37782 -3.38007 2.64292
-2.41997 -3.35358 2.58049
-2.45283 -3.33473 2.62067
-2.49008 -3.3128 2.6096
-2.52774 -3.29002 2.5975
-2.56264 -3.26848 2.58862
-2.60042 -3.2444 2.57433
-2.64092 -3.21927 2.58616
-2.66415 -3.20366 2.54978
-2.70587 -3.17723 2.57698
-2.74639 -3.1507 2.56192
-2.78125 -3.12771 2.55858
-2.80799 -3.1116 2.59938
-2.84803 -3.08728 2.59565
-2.87566 -3.06982 2.57803
-2.90255 -3.05148 2.54315
-2.93819 -3.02833 2.5655
-2.9787 -3.00082 2.54502
-3.01564 -2.97402 2.51384
-3.05404 -2.94761 2.53917
-3.09341 -2.91953 2.52203
-3.13239 -2.89204 2.52734
-3.1572 -2.87614 2.57168
-3.18401 -2.86042 2.61148
-3.20033 -2.85065 2.60211
-3.22237 -2.8363 2.56446
-3.23713 -2.82702 2.58013
-3.26077 -2.81171 2.56683
-3.28999 -2.79193 2.54676
-3.32532 -2.76838 2.55356
-3.35089 -2.75033 2.527
-3.38595 -2.72594 2.53381
-3.42682 -2.69789 2.54007
-3.44093 -2.68796 2.52808
-3.47393 -2.66435 2.52067
-3.50361 -2.64294 2.51658
-3.53962 -2.61494 2.4806
-3.55844 -2.60017 2.47659
-3.58019 -2.58211 2.44851
-3.60066 -2.56417 2.42191
-3.62026 -2.54524 2.37342
-3.64733 -2.52072 2.40581
-3.6671 -2.50416 2.44416
-3.68363 -2.49003 2.43428
-3.69774 -2.47898 2.47707
-3.70549 -2.4732 2.50094
-3.71638 -2.46532 2.51526
-3.73496 -2.4516 2.50584
-3.75373 -2.43837 2.52723
-3.77835 -2.41985 2.49688
-3.80415 -2.40037 2.49486
-3.83069 -2.38074 2.50471
-3.85501 -2.36264 2.50167
-3.87369 -2.34811 2.48061
-3.90308 -2.32431 2.46102
-3.93813 -2.29453 2.43719
-3.95686 -2.27841 2.4308
-3.96687 -2.27028 2.45978
-3.97372 -2.26485 2.47125
-3.99247 -2.24853 2.42539
-4.00296 -2.23908 2.40857
-4.01841 -2.22407 2.37044
-4.02659 -2.21492 2.30058
-4.03488 -2.2053 2.28189
-4.03966 -2.20024 2.3278
-4.04798 -2.19158 2.33636
-4.0533 -2.18592 2.3254
-4.05996 -2.17881 2.32337
-4.06378 -2.17463 2.31115
-4.08128 -2.15321 2.25587
-4.0911 -2.14216 2.29715
-4.09929 -2.13273 2.28596
-4.11179 -2.11873 2.29951
-4.12607 -2.10249 2.29221
-4.13578 -2.09105 2.27421
-4.14937 -2.07612 2.30954
-4.15035 -2.075 2.29051
-4.15739 -2.06788 2.35011
-4.17152 -2.05571 2.43053
-4.17399 -2.05371 2.46068
-4.174 -2.0537 2.45377
-4.17601 -2.05205 2.45731
-4.18168 -2.04737 2.45086
-4.1875 -2.04247 2.44209
-4.19807 -2.03368 2.44753
-4.20508 -2.02728 2.40222
-4.20622 -2.02636 2.45833
-4.20902 -2.02424 2.4949
-4.21423 -2.02066 2.53924
-4.2292 -2.01054 2.54692
True
0.178372
