-5.4513 -1.02187 0.1025
-5.40263 -1.01548 0.130621
-5.35846 -1.00885 0.148936
-5.31462 -1.00493 0.0891479
-5.26541 -0.99874 0.125143
-5.22375 -0.994557 0.100057
-5.17431 -0.990031 0.0913082
-5.13114 -0.984514 0.127108
-5.09942 -0.97966 0.151871
-5.05282 -0.971639 0.170429
-5.00845 -0.963999 0.170497
-4.96814 -0.957059 0.170553
-4.92013 -0.950516 0.135431
-4.87083 -0.944232 0.126762
-4.82423 -0.940667 0.0763501
-4.77707 -0.934931 0.121052
-4.72885 -0.927701 0.148838
-4.68161 -0.921241 0.135902
-4.63361 -0.916427 0.0999715
-4.58514 -0.910334 0.12505
-4.54252 -0.906271 0.0950317
-4.49586 -0.901187 0.108529
-4.45028 -0.897168 0.087939
-4.40834 -0.894705 0.0586768
-4.36652 -0.892789 0.0457613
-4.32189 -0.889485 0.0739243
-4.27277 -0.883366 0.123922
-4.22291 -0.879693 0.0735181
-4.17402 -0.874642 0.102969
-4.12552 -0.869117 0.113423
-4.07656 -0.862756 0.129201
-4.02728 -0.854644 0.163139
-3.98861 -0.8472 0.190142
-3.94184 -0.836728 0.220276
-3.90104 -0.827938 0.212218
-3.85171 -0.819952 0.160484
-3.8025 -0.811463 0.170824
-3.769 -0.807574 0.115595
-3.72861 -0.802857 0.116277
-3.68442 -0.798164 0.105779
-3.63458 -0.795447 0.0544671
-3.58552 -0.792876 0.0523543
-3.53603 -0.791412 0.0295759
-3.4862 -0.787707 0.0742142
-3.44076 -0.786624 0.0238272
-3.39093 -0.782652 0.0795188
-3.34443 -0.777679 0.106559
-3.29982 -0.774474 0.0717273
-3.25346 -0.769794 0.100589
-3.20382 -0.764003 0.11614
-3.15416 -0.75871 0.106181
-3.10429 -0.756547 0.0433481
-3.0561 -0.75322 0.0689166
-3.0106 -0.749613 0.0791359
-2.9614 -0.746896 0.055161
-2.9116 -0.742518 0.087698
-2.8786 -0.739971 0.0770309
-2.82979 -0.73756 0.0493546
-2.78365 -0.735561 0.0432803
-2.7345 -0.733699 0.0378763
-2.68504 -0.730169 0.0712527
-2.63551 -0.723499 0.133858
-2.58599 -0.716626 0.137925
-2.53675 -0.708156 0.170336
-2.50547 -0.702504 0.178728
-2.45676 -0.691341 0.225291
-2.41503 -0.683721 0.180611
-2.36801 -0.674387 0.195982
-2.323 -0.66559 0.193012
-2.27507 -0.655547 0.206555
-2.22577 -0.647338 0.165005
-2.18347 -0.639505 0.183087
-2.14948 -0.633273 0.181307
-2.1135 -0.627147 0.168627
-2.07338 -0.61756 0.234578
-2.04165 -0.608946 0.26513
-1.99308 -0.597078 0.239651
-1.94456 -0.586052 0.223439
-1.89541 -0.576945 0.183209
-1.84641 -0.567279 0.194747
-1.79757 -0.559016 0.167632
-1.75189 -0.550835 0.177184
-1.70346 -0.545278 0.114246
-1.65876 -0.537538 0.171484
-1.60939 -0.530643 0.138771
-1.56265 -0.524266 0.135577
-1.51904 -0.518407 0.133562
-1.47542 -0.513047 0.122261
-1.42946 -0.505322 0.16651
-1.38235 -0.497278 0.169137
-1.34235 -0.490816 0.160156
-1.29433 -0.482421 0.173072
-1.24715 -0.473622 0.184414
-1.19811 -0.464775 0.178447
-1.14974 -0.455372 0.192013
-1.10191 -0.445133 0.210892
-1.05964 -0.436571 0.199829
-1.01005 -0.430141 0.128964
-0.960966 -0.422623 0.151982
-0.913879 -0.415608 0.147893
-0.864354 -0.409264 0.127395
-0.815222 -0.401076 0.16513
-0.769891 -0.392791 0.180789
-0.721155 -0.384992 0.158664
-0.671739 -0.379838 0.103917
-0.625526 -0.375423 0.0952672
-0.580983 -0.369717 0.127407
-0.533191 -0.364782 0.102882
-0.483602 -0.35848 0.126409
-0.437428 -0.351711 0.14557
-0.38793 -0.345387 0.127073
-0.338153 -0.342374 0.0604485
-0.293402 -0.337395 0.110803
-0.243907 -0.332179 0.104995
-0.195109 -0.327633 0.0928948
-0.151124 -0.32406 0.0810542
-0.118193 -0.321874 0.066291
-0.0693379 -0.317642 0.0864067
-0.0247945 -0.313509 0.0925274
0.0189073 -0.310007 0.0799629
0.0618705 -0.305107 0.113542
0.109865 -0.300804 0.0894207
0.157832 -0.295889 0.102124
0.206825 -0.292612 0.0667868
0.255144 -0.289719 0.0597939
0.30508 -0.287201 0.0503759
0.344816 -0.284503 0.0678008
0.387332 -0.279782 0.11058
0.433742 -0.274118 0.121441
0.47653 -0.27028 0.0894557
0.517637 -0.266443 0.0930779
0.567427 -0.263952 0.0499849
0.609973 -0.260662 0.0771834
0.658659 -0.257594 0.062922
0.690816 -0.254526 0.0951217
0.739868 -0.25035 0.0849273
0.78731 -0.248582 0.0372691
0.837016 -0.244918 0.0735654
0.874816 -0.241664 0.0858694
0.92044 -0.238121 0.0775056
0.969392 -0.237351 0.0157251
1.00932 -0.238599 -0.0312303
1.05296 -0.237793 0.0184515
1.10144 -0.237055 0.0152255
1.15103 -0.235428 0.0327964
1.20099 -0.233576 0.0370459
1.25096 -0.234546 -0.0194062
1.2969 -0.235142 -0.0129785
1.34415 -0.234683 0.00970988
1.3901 -0.236101 -0.0308298
1.43739 -0.236109 -0.000171047
1.48075 -0.23502 0.0251051
1.52846 -0.232882 0.0447783
1.57838 -0.230361 0.0504675
1.62763 -0.227696 0.0540595
1.66979 -0.2246 0.0733031
1.71957 -0.221982 0.0525354
1.76834 -0.218706 0.067069
1.81773 -0.215787 0.0590406
1.85871 -0.214008 0.0433932
1.90861 -0.211788 0.0444436
1.95238 -0.208161 0.0826769
2.00087 -0.204748 0.0702896
2.03174 -0.20244 0.0746081
2.0794 -0.198645 0.0794529
2.1263 -0.193273 0.114058
2.17348 -0.185914 0.154717
2.22268 -0.179811 0.123428
2.26176 -0.175753 0.103438
2.30687 -0.170522 0.115456
2.35642 -0.164949 0.111997
2.40094 -0.160018 0.110309
2.45064 -0.155041 0.0998099
2.49538 -0.15004 0.111331
2.53848 -0.145459 0.105867
2.58804 -0.138972 0.130175
2.63749 -0.133895 0.102305
2.68708 -0.127535 0.127541
2.72999 -0.123969 0.0829334
2.775 -0.117271 0.147723
2.81994 -0.112038 0.11591
2.86955 -0.107107 0.0990746
2.91801 -0.101625 0.112667
2.95984 -0.0950251 0.156452
3.00427 -0.0882422 0.151511
3.05111 -0.0793687 0.187208
3.09328 -0.0703074 0.211659
3.14196 -0.0593346 0.221723
3.18841 -0.0480928 0.237469
3.23663 -0.0384775 0.196788
3.27552 -0.0308811 0.192941
3.32365 -0.0211632 0.199219
3.36357 -0.0143908 0.168038
3.39488 -0.0101213 0.135547
3.42882 -0.00530374 0.141005
3.46805 0.000970546 0.158586
3.51484 0.00900794 0.170088
3.54833 0.0137851 0.141728
3.57261 0.0166589 0.117807
3.61695 0.0225605 0.13232
3.65425 0.0276981 0.136856
3.68855 0.0318486 0.120431
3.71855 0.0369532 0.168553
3.75555 0.0448792 0.21103
3.78967 0.0530895 0.236094
3.82169 0.0608783 0.238659
3.84753 0.0681987 0.276009
3.87473 0.0764351 0.294095
3.89749 0.082429 0.257508
3.91391 0.0874513 0.296697
3.94771 0.097711 0.294743
3.97745 0.105388 0.252606
4.01846 0.117969 0.29769
4.04477 0.126261 0.305308
4.08167 0.137617 0.298539
4.11655 0.146215 0.241673
4.14313 0.15255 0.233988
4.15435 0.154947 0.210447
4.17573 0.158908 0.183211
4.18781 0.161034 0.174125
4.20661 0.165217 0.219012
4.22571 0.169027 0.196874
4.22976 0.170121 0.263667
4.24504 0.174576 0.283667
4.27246 0.184935 0.361285
4.30317 0.196992 0.374113
4.32489 0.205741 0.38292
4.33521 0.209697 0.366024
4.34246 0.212165 0.328077
4.35359 0.216055 0.336322
4.37369 0.222962 0.330979
4.40068 0.233036 0.357238
4.42213 0.240832 0.348522
4.44812 0.250748 0.36446
4.47529 0.262012 0.393029
4.50693 0.274817 0.384548
4.52823 0.283997 0.407043
4.54383 0.290256 0.381557
4.57016 0.300824 0.381588
4.60024 0.311496 0.340981
4.62576 0.320764 0.348321
4.65254 0.329697 0.322019
4.67392 0.336296 0.299355
4.6996 0.3427 0.244384
4.7258 0.348865 0.231093
4.73357 0.350324 0.185646
4.75014 0.35304 0.162474
4.77046 0.355563 0.123547
4.78098 0.356863 0.122936
4.79375 0.35808 0.0949747
4.81216 0.360117 0.11021
4.83204 0.362116 0.100191
4.83708 0.362647 0.105028
4.85225 0.364489 0.120808
4.87054 0.365958 0.0801475
4.89311 0.367464 0.0666235
4.91393 0.368136 0.0322744
4.93481 0.368449 0.0149984
4.96025 0.368995 0.0214723
4.97474 0.369327 0.022851
4.99348 0.370204 0.0468189
5.00175 0.370379 0.0211226
5.0156 0.370529 0.0107966
5.02432 0.370792 0.0301551
5.03896 0.371218 0.0291057
5.06617 0.372053 0.0306786
5.07982 0.371989 -0.00471962
5.08824 0.372153 0.0195219
5.10103 0.372023 -0.010124
5.09768 0.372367 -0.10218
5.1116 0.37028 -0.148845
5.12448 0.368076 -0.169454
5.13789 0.364993 -0.225989
5.1482 0.362555 -0.232247
5.15436 0.361203 -0.215988
5.15873 0.360333 -0.196589
5.16371 0.359517 -0.162407
5.18442 0.357241 -0.109479
5.19313 0.356118 -0.128174
5.19921 0.355276 -0.137753
5.20672 0.354276 -0.132276
True
0.0654705
