-5.47664 -0.27927 0.101174
-5.43466 -0.272307 0.164382
-5.39675 -0.268532 0.0992296
-5.35492 -0.263928 0.109657
-5.30528 -0.258183 0.11521
-5.25816 -0.252704 0.115744
-5.21642 -0.250129 0.0616099
-5.17433 -0.245103 0.118863
-5.12503 -0.237164 0.159671
-5.07673 -0.231594 0.114795
-5.02731 -0.225712 0.118474
-4.97968 -0.219908 0.121262
-4.93617 -0.212272 0.173728
-4.88752 -0.205233 0.143685
-4.83831 -0.198346 0.139058
-4.78938 -0.190144 0.166072
-4.74968 -0.184365 0.14455
-4.70742 -0.179639 0.111367
-4.66308 -0.172267 0.164755
-4.61374 -0.164176 0.16254
-4.57052 -0.158661 0.126924
-4.52639 -0.152656 0.135233
-4.47925 -0.145184 0.157227
-4.43035 -0.138568 0.134439
-4.38553 -0.131988 0.145775
-4.33667 -0.123009 0.181742
-4.28843 -0.115042 0.163706
-4.23887 -0.109499 0.111385
-4.19993 -0.103105 0.162719
-4.15112 -0.094518 0.17415
-4.10491 -0.0862759 0.17652
-4.0562 -0.0753335 0.220963
-4.0075 -0.064315 0.22251
-3.95967 -0.052515 0.24187
-3.91195 -0.0427241 0.202348
-3.87133 -0.034888 0.190607
-3.82513 -0.0265416 0.178718
-3.77891 -0.0173345 0.19662
-3.7355 -0.00771221 0.218118
-3.69348 0.00118165 0.208577
-3.64419 0.00948241 0.166861
-3.60259 0.0162889 0.162159
-3.55547 0.0223923 0.128827
-3.51276 0.0268596 0.104201
-3.46549 0.0323821 0.116312
-3.41873 0.0389299 0.139141
-3.37054 0.0435725 0.0960348
-3.32509 0.0485898 0.109934
-3.27791 0.0533415 0.100391
-3.22892 0.0596458 0.127985
-3.18572 0.0650135 0.123613
-3.13745 0.0717423 0.138494
-3.08776 0.0771095 0.107597
-3.04473 0.0805047 0.0787369
-2.99556 0.0824635 0.0398221
-2.94717 0.0836591 0.0247026
-2.89777 0.0844503 0.0160142
-2.85064 0.0857468 0.0275011
-2.80453 0.087488 0.0377451
-2.75543 0.0887926 0.0265625
-2.71492 0.0901546 0.033608
-2.66755 0.0951552 0.105172
-2.61796 0.101561 0.128478
-2.56893 0.106991 0.11031
-2.51928 0.111804 0.09664
-2.46989 0.118333 0.13142
-2.42533 0.123315 0.111349
-2.38708 0.126184 0.074843
-2.33748 0.130404 0.0848876
-2.29433 0.131621 0.0282014
-2.24688 0.134225 0.0548354
-2.20305 0.134932 0.0161212
-2.15371 0.136064 0.0229436
-2.10528 0.13962 0.0732798
-2.06516 0.144174 0.113041
-2.02105 0.149113 0.111484
-1.97521 0.155724 0.143264
-1.92882 0.162651 0.148213
-1.88038 0.168102 0.112045
-1.83102 0.175069 0.140213
-1.78167 0.182278 0.145065
-1.73875 0.188678 0.14806
-1.68911 0.194455 0.115853
-1.64655 0.200963 0.151697
-1.59799 0.209885 0.181729
-1.54906 0.219177 0.187667
-1.49948 0.225497 0.126779
-1.44972 0.230272 0.0956613
-1.40347 0.233357 0.0666263
-1.35362 0.236578 0.0645073
-1.30611 0.239436 0.0600915
-1.25735 0.241525 0.0428179
-1.20766 0.245953 0.0888707
-1.1589 0.249973 0.0822726
-1.11314 0.255316 0.116229
-1.06375 0.263049 0.155318
-1.02004 0.266774 0.0850092
-0.974159 0.271814 0.109408
-0.924597 0.278126 0.126684
-0.884913 0.280149 0.050918
-0.842821 0.281222 0.0254851
-0.806776 0.281891 0.018564
-0.766433 0.281629 -0.00648848
-0.720653 0.280712 -0.0200376
-0.674104 0.278321 -0.0513019
-0.625986 0.277504 -0.0169867
-0.578789 0.27704 -0.00983997
-0.542725 0.275924 -0.0309277
-0.492836 0.272683 -0.0648604
-0.444577 0.269266 -0.0707078
-0.395141 0.263802 -0.110069
-0.34985 0.257629 -0.135462
-0.300067 0.253035 -0.0920152
-0.250588 0.246086 -0.139529
-0.201906 0.240077 -0.122818
-0.155183 0.233303 -0.143989
-0.105492 0.227787 -0.11055
-0.0624312 0.222884 -0.113372
-0.0208922 0.219972 -0.0699801
0.0275995 0.214978 -0.10262
0.0727619 0.2103 -0.103231
0.122558 0.206277 -0.0806026
0.169869 0.202364 -0.0825147
0.213409 0.199965 -0.0550529
0.262388 0.195845 -0.0839219
0.293727 0.193382 -0.0784189
0.340147 0.190016 -0.072396
0.383368 0.186522 -0.0806512
0.433073 0.183953 -0.0516544
0.480634 0.180067 -0.081526
0.530233 0.177762 -0.0464244
0.580184 0.176051 -0.0342484
0.62715 0.176169 0.00250445
0.669469 0.177031 0.0203874
0.719417 0.177916 0.0177043
0.769191 0.175431 -0.0498789
0.809777 0.173888 -0.0380013
0.855312 0.171504 -0.0523041
0.900884 0.168367 -0.0687329
0.948091 0.166243 -0.0449663
0.998057 0.165148 -0.0219046
1.03032 0.165328 0.00557807
1.0692 0.165604 0.00709106
1.10912 0.16425 -0.0338989
1.15484 0.163403 -0.0185266
1.20476 0.160795 -0.0521953
1.2535 0.158758 -0.0417613
1.29604 0.158264 -0.0116196
1.34453 0.158717 0.00934432
1.39066 0.160123 0.0304765
1.44062 0.161434 0.0262297
1.47826 0.1636 0.0574716
1.5277 0.167531 0.0793503
1.57229 0.170583 0.0683376
1.60935 0.172699 0.0570426
1.65645 0.174341 0.0348384
1.70503 0.17664 0.0472943
1.75481 0.179477 0.0569333
1.79404 0.185381 0.14937
1.84102 0.191572 0.131026
1.88897 0.201011 0.194367
1.93661 0.208482 0.15557
1.98569 0.217521 0.182122
2.02896 0.227198 0.220036
2.07103 0.237078 0.230655
2.11384 0.247145 0.23098
2.16199 0.256652 0.194943
2.20696 0.265549 0.195315
2.25108 0.273272 0.173261
2.29074 0.280218 0.173384
2.33186 0.287235 0.169027
2.38132 0.293672 0.129418
2.43021 0.302501 0.178675
2.47926 0.312156 0.194345
2.51567 0.321192 0.243203
2.55226 0.329539 0.224309
2.57389 0.334262 0.215004
2.62228 0.344448 0.207453
2.6716 0.352559 0.162998
2.72065 0.359626 0.143093
2.75632 0.365508 0.163454
2.80434 0.374281 0.180694
2.85338 0.384016 0.195937
2.90114 0.394532 0.216758
2.94965 0.406607 0.243977
2.99705 0.417242 0.220686
3.04564 0.426636 0.190978
3.09164 0.437062 0.222898
3.14022 0.446937 0.200527
3.18908 0.456945 0.202034
3.22623 0.463531 0.175481
3.27258 0.471403 0.168228
3.31404 0.477993 0.157609
3.35954 0.485374 0.16081
3.40388 0.493354 0.178082
3.45289 0.502164 0.177886
3.4892 0.51078 0.232962
3.5215 0.518609 0.237788
3.55744 0.526814 0.224426
3.6057 0.538036 0.228504
3.6429 0.545962 0.20989
3.68451 0.554403 0.200127
3.73338 0.564038 0.194693
3.78234 0.572485 0.170824
3.82513 0.579803 0.169399
3.86301 0.58532 0.14463
3.89647 0.590474 0.152813
3.91306 0.59341 0.175224
3.91921 0.594622 0.194545
3.93258 0.597074 0.181342
3.9472 0.600024 0.199197
3.97361 0.6051 0.189843
3.99656 0.609135 0.174021
4.01399 0.61213 0.170221
4.04463 0.617624 0.177442
4.07562 0.62242 0.153486
4.12519 0.627824 0.108592
4.16013 0.631057 0.0922856
4.20569 0.631761 0.0154416
4.24534 0.630621 -0.0287495
4.28369 0.629812 -0.021078
4.31132 0.629897 0.00308206
4.33178 0.631284 0.0676853
4.37167 0.635844 0.113798
4.39208 0.639543 0.179299
4.42869 0.646445 0.186348
4.4737 0.655211 0.192364
4.50988 0.662987 0.211696
4.55173 0.672426 0.221848
4.58281 0.677573 0.16414
4.62219 0.682613 0.127258
4.64609 0.685302 0.112042
4.66256 0.687471 0.13092
4.68097 0.690114 0.142584
4.68982 0.691451 0.150068
4.70433 0.692922 0.101012
4.72728 0.695403 0.107688
4.73712 0.696653 0.126351
4.76334 0.70007 0.129586
4.78522 0.703143 0.139509
4.8136 0.706505 0.117929
4.84042 0.709877 0.125101
4.87222 0.714375 0.140484
4.89011 0.716835 0.136639
4.90448 0.719563 0.187705
4.92747 0.724131 0.196084
4.94337 0.728774 0.284094
4.97189 0.737968 0.311877
4.9949 0.745811 0.328506
5.00799 0.749816 0.296992
5.01699 0.752613 0.301069
5.02142 0.754013 0.306546
5.03532 0.758515 0.313165
5.04402 0.761116 0.29046
5.06018 0.765718 0.277397
5.07416 0.770108 0.304441
5.0856 0.773728 0.306507
5.10578 0.780475 0.322581
5.11288 0.7831 0.354042
5.13112 0.790464 0.383764
5.13895 0.793638 0.385275
5.15379 0.799463 0.373991
5.16653 0.804161 0.353372
5.17037 0.805538 0.344378
5.1846 0.810471 0.333533
5.19611 0.813752 0.277683
5.20595 0.816766 0.297418
5.21247 0.818448 0.252421
5.22141 0.820754 0.25246
5.22776 0.822372 0.249319
5.23811 0.825362 0.281205
5.24053 0.825958 0.241928
5.2559 0.82966 0.236347
True
0.0671399
