-5.45335 -0.906337 -0.158044
-5.42338 -0.911689 -0.176721
-5.37406 -0.919917 -0.165322
-5.32703 -0.925576 -0.119741
-5.28141 -0.932384 -0.148163
-5.23296 -0.93931 -0.141974
-5.19087 -0.944357 -0.119333
-5.14746 -0.949664 -0.121648
-5.10401 -0.952634 -0.0682491
-5.05437 -0.958598 -0.119577
-5.00457 -0.963002 -0.0882048
-4.95492 -0.968721 -0.11469
-4.91252 -0.974927 -0.145316
-4.86606 -0.982191 -0.155094
-4.81663 -0.989676 -0.150281
-4.77139 -0.994447 -0.105066
-4.72203 -1.00122 -0.136453
-4.67243 -1.00738 -0.123398
-4.62318 -1.00972 -0.0475265
-4.57335 -1.01224 -0.050525
-4.52336 -1.01206 0.00348264
-4.47357 -1.01048 0.0317646
-4.42364 -1.00972 0.0152495
-4.37388 -1.00878 0.0188293
-4.32418 -1.00804 0.0149664
-4.27452 -1.00855 -0.0103592
-4.22456 -1.01049 -0.0386583
-4.17462 -1.01124 -0.0151256
-4.12614 -1.01408 -0.0585416
-4.07618 -1.01516 -0.021651
-4.03644 -1.01543 -0.00675048
-3.98651 -1.0148 0.0126763
-3.93766 -1.01588 -0.0221381
-3.88769 -1.01693 -0.0210668
-3.83848 -1.01672 0.00435152
-3.78971 -1.01912 -0.0491724
-3.74983 -1.02026 -0.0285148
-3.70302 -1.02012 0.00302651
-3.65907 -1.02003 0.00194912
-3.61098 -1.01868 0.0281599
-3.57162 -1.01696 0.0434923
-3.52175 -1.01519 0.0355386
-3.47237 -1.01253 0.0538136
-3.42578 -1.0112 0.0285526
-3.38317 -1.01084 0.00854902
-3.33423 -1.01081 0.000596614
-3.28427 -1.00954 0.0254218
-3.23689 -1.00917 0.00772337
-3.18728 -1.00837 0.0160498
-3.13755 -1.0069 0.0296161
-3.09073 -1.00575 0.0245295
-3.05371 -1.00477 0.0263836
-3.00815 -1.00017 0.100727
-2.95856 -0.995565 0.0925896
-2.92471 -0.993161 0.0709024
-2.87499 -0.988068 0.102086
-2.82513 -0.987086 0.0196891
-2.78402 -0.985442 0.0399731
-2.73823 -0.982817 0.0572532
-2.69105 -0.981703 0.0236185
-2.64505 -0.978732 0.0644942
-2.59541 -0.975487 0.0652702
-2.5505 -0.973245 0.0498778
-2.50876 -0.969841 0.0813843
-2.45906 -0.966688 0.0633522
-2.4117 -0.963123 0.075134
-2.36407 -0.959151 0.0832068
-2.32748 -0.957447 0.0465243
-2.28026 -0.954446 0.0634747
-2.23795 -0.951514 0.069196
-2.18831 -0.946912 0.0924428
-2.13837 -0.946094 0.0163808
-2.10785 -0.945515 0.0189538
-2.06395 -0.944252 0.0287657
-2.02659 -0.942954 0.0347272
-1.97661 -0.943296 -0.00683722
-1.93804 -0.943868 -0.0148182
-1.88806 -0.943604 0.00527996
-1.85049 -0.944088 -0.0128972
-1.80915 -0.944924 -0.0202277
-1.77519 -0.946411 -0.0437601
-1.72573 -0.949207 -0.0564617
-1.68678 -0.950137 -0.0238556
-1.63725 -0.95267 -0.0511137
-1.59308 -0.955104 -0.0550535
-1.56055 -0.956288 -0.0363636
-1.511 -0.956949 -0.0133301
-1.46259 -0.957969 -0.0210856
-1.41274 -0.960171 -0.0441416
-1.36954 -0.962967 -0.0646296
-1.32024 -0.963393 -0.00863789
-1.27027 -0.965105 -0.0342365
-1.22046 -0.964753 0.00705685
-1.17683 -0.966822 -0.0473753
-1.12706 -0.971637 -0.0964587
-1.07759 -0.975751 -0.0829646
-1.04057 -0.977774 -0.0546054
-0.992745 -0.981922 -0.0865138
-0.943449 -0.985489 -0.0722375
-0.897036 -0.987597 -0.0453827
-0.84718 -0.991177 -0.0716831
-0.797296 -0.994075 -0.0580258
-0.747489 -0.995806 -0.0347374
-0.697503 -0.994674 0.0226444
-0.650171 -0.994463 0.00445677
-0.602211 -0.990792 0.0764006
-0.553046 -0.985661 0.103987
-0.503439 -0.980445 0.104756
-0.453608 -0.976485 0.0792914
-0.405595 -0.97421 0.0473569
-0.364693 -0.970901 0.0807218
-0.322239 -0.967073 0.0899155
-0.2725 -0.964087 0.0599748
-0.223368 -0.961584 0.0509025
-0.173759 -0.95992 0.033519
-0.134395 -0.957439 0.0629365
-0.092532 -0.95596 0.0353374
-0.0546583 -0.95592 0.00104737
-0.00512498 -0.958353 -0.0490809
0.0423995 -0.959306 -0.0200583
0.092128 -0.964366 -0.101388
0.134603 -0.968833 -0.104785
0.176399 -0.972528 -0.0881811
0.225868 -0.978549 -0.121128
0.273763 -0.98124 -0.056109
0.3235 -0.985112 -0.0777075
0.370713 -0.988233 -0.0660084
0.420396 -0.991132 -0.0582867
0.468297 -0.995021 -0.0810057
0.50709 -0.998232 -0.0825819
0.548517 -1.00172 -0.0839029
0.597692 -1.00506 -0.0678503
0.637632 -1.0091 -0.100855
0.682289 -1.01455 -0.121391
0.728376 -1.02033 -0.124826
0.777082 -1.02574 -0.110677
0.813244 -1.03115 -0.148296
0.854357 -1.03806 -0.166529
0.903311 -1.04798 -0.200018
0.951675 -1.05392 -0.122237
0.996138 -1.05905 -0.114917
1.0385 -1.06315 -0.0964335
1.08811 -1.06643 -0.0659644
1.12286 -1.06941 -0.0855807
1.17139 -1.0735 -0.084028
1.21631 -1.07914 -0.124971
1.26542 -1.08732 -0.16501
1.30021 -1.09614 -0.248241
1.34542 -1.10791 -0.254765
1.39378 -1.11932 -0.231728
1.43535 -1.13028 -0.257697
1.48117 -1.14246 -0.259809
1.52944 -1.15474 -0.249183
1.57421 -1.16603 -0.246994
1.61688 -1.17682 -0.247639
1.66569 -1.18658 -0.197393
1.71226 -1.19649 -0.209757
1.75919 -1.20773 -0.234993
1.80702 -1.22213 -0.292391
1.852 -1.23375 -0.252763
1.88924 -1.24288 -0.240594
1.93782 -1.25472 -0.238953
1.98522 -1.26561 -0.22581
2.02237 -1.27404 -0.22319
2.0668 -1.28429 -0.22676
2.11459 -1.29876 -0.293993
2.16297 -1.31139 -0.255472
2.21057 -1.32116 -0.202369
2.25715 -1.33006 -0.188823
2.30571 -1.3415 -0.231344
2.35426 -1.35277 -0.228027
2.40308 -1.36343 -0.215153
2.44556 -1.37136 -0.184345
2.49308 -1.38029 -0.185819
2.53823 -1.38897 -0.189875
2.57281 -1.39611 -0.203695
2.61614 -1.40676 -0.241034
2.65548 -1.41507 -0.208044
2.70173 -1.42616 -0.235376
2.75049 -1.43716 -0.221881
2.77786 -1.44208 -0.177809
2.82734 -1.44921 -0.143113
2.86984 -1.45728 -0.187657
2.91569 -1.467 -0.209042
2.95402 -1.47657 -0.24448
2.99235 -1.48501 -0.216747
3.02701 -1.49158 -0.187524
3.07194 -1.50014 -0.188167
3.11797 -1.50956 -0.201819
3.16092 -1.51805 -0.195293
3.20515 -1.52828 -0.227311
3.25421 -1.53718 -0.179428
3.29859 -1.54677 -0.212747
3.34613 -1.55964 -0.26434
3.38581 -1.57181 -0.297609
3.42975 -1.58484 -0.288428
3.47159 -1.59548 -0.248828
3.51268 -1.60555 -0.240464
3.55293 -1.61611 -0.256632
3.59464 -1.6274 -0.264209
3.63253 -1.63801 -0.273039
3.6666 -1.64906 -0.313839
3.69994 -1.65965 -0.307559
3.73863 -1.67069 -0.277907
3.76189 -1.67761 -0.289192
3.78663 -1.6857 -0.31575
3.81337 -1.69373 -0.291943
3.85654 -1.7096 -0.352277
3.88387 -1.71819 -0.304455
3.92517 -1.73255 -0.334748
3.94652 -1.73903 -0.294565
3.97678 -1.74805 -0.289562
4.01424 -1.75855 -0.273421
4.05875 -1.77123 -0.277401
4.10203 -1.78259 -0.25672
4.13353 -1.79108 -0.263145
4.18048 -1.80365 -0.261656
4.22581 -1.8167 -0.280435
4.27247 -1.82749 -0.227261
4.31174 -1.83533 -0.19692
4.34823 -1.84276 -0.200821
4.37462 -1.84883 -0.226343
4.38826 -1.85224 -0.244803
4.40205 -1.85565 -0.242212
4.43992 -1.86482 -0.237618
4.48168 -1.87543 -0.248836
4.52004 -1.88633 -0.276845
4.55179 -1.89409 -0.23973
4.56741 -1.89733 -0.204584
4.5744 -1.89856 -0.17373
4.59191 -1.90156 -0.169431
4.60862 -1.90475 -0.188864
4.62098 -1.9071 -0.187736
4.63292 -1.90945 -0.194224
4.65161 -1.91339 -0.208176
4.66669 -1.91703 -0.236502
4.67627 -1.91963 -0.264729
4.69126 -1.92389 -0.276934
4.69963 -1.92622 -0.272
4.71359 -1.93026 -0.281919
4.73392 -1.93711 -0.324611
4.75112 -1.94223 -0.289661
4.77579 -1.94926 -0.277468
4.78042 -1.95051 -0.264389
4.79939 -1.95444 -0.204019
4.82063 -1.95875 -0.200232
4.84984 -1.96415 -0.183013
4.86364 -1.96729 -0.223289
4.88923 -1.97261 -0.205185
4.91973 -1.97805 -0.176434
4.93476 -1.98075 -0.177499
4.97481 -1.98727 -0.161553
5.00954 -1.99365 -0.1815
5.01932 -1.99554 -0.190948
5.03453 -1.9986 -0.198436
5.04845 -2.00128 -0.190398
5.06281 -2.00375 -0.170049
5.06999 -2.0048 -0.145676
5.08202 -2.00564 -0.0697288
5.09339 -2.00627 -0.0554887
5.10717 -2.00728 -0.0732301
5.11771 -2.0076 -0.0299246
5.12375 -2.00789 -0.0482828
5.1415 -2.00856 -0.0379578
5.15242 -2.00872 -0.0143418
5.16058 -2.00882 -0.0123552
5.16579 -2.00885 -0.00477345
5.16717 -2.00885 -0.00339402
5.18528 -2.00822 0.0349443
5.19323 -2.00796 0.0319368
5.1973 -2.00751 0.110824
5.205 -2.00643 0.139353
5.2034 -2.00673 0.182416
5.21761 -2.00304 0.253688
True
0.259323
