-5.48704 0.879585 -0.245445
-5.4518 0.870715 -0.246566
-5.40909 0.860307 -0.239015
-5.36027 0.850519 -0.197867
-5.31815 0.841821 -0.203667
-5.27009 0.833118 -0.179128
-5.22224 0.823323 -0.201914
-5.17337 0.815026 -0.168191
-5.12457 0.806712 -0.168747
-5.07993 0.799294 -0.164677
-5.03204 0.78978 -0.196096
-4.98312 0.779557 -0.205982
-4.93726 0.770355 -0.198054
-4.8883 0.760233 -0.203849
-4.8495 0.750445 -0.247091
-4.80088 0.739365 -0.224085
-4.75319 0.729573 -0.2025
-4.70418 0.720326 -0.186495
-4.6556 0.709804 -0.213304
-4.61012 0.701362 -0.183495
-4.56081 0.69339 -0.1603
-4.51702 0.68543 -0.17981
-4.4737 0.678781 -0.152309
-4.42459 0.671735 -0.142507
-4.37868 0.66665 -0.110296
-4.33363 0.661505 -0.113716
-4.28643 0.657275 -0.089393
-4.24421 0.653132 -0.0977894
-4.19448 0.649395 -0.0750146
-4.14551 0.645066 -0.0881797
-4.10533 0.641928 -0.0779342
-4.05581 0.637859 -0.0819863
-4.00715 0.631772 -0.124441
-3.95943 0.626619 -0.107571
-3.91129 0.619032 -0.156326
-3.86931 0.614315 -0.111863
-3.8214 0.607776 -0.135672
-3.77584 0.601259 -0.142062
-3.72669 0.595119 -0.124287
-3.67718 0.588222 -0.138427
-3.63329 0.580271 -0.179202
-3.58546 0.572846 -0.154002
-3.53644 0.565039 -0.157926
-3.48734 0.556268 -0.176764
-3.43843 0.5461 -0.205009
-3.40358 0.53975 -0.180231
-3.35767 0.531865 -0.170082
-3.31087 0.523084 -0.185451
-3.26209 0.514031 -0.183523
-3.21327 0.503867 -0.205261
-3.17308 0.49534 -0.209062
-3.12455 0.485674 -0.196596
-3.07645 0.478168 -0.154809
-3.03553 0.473346 -0.117299
-2.9865 0.468924 -0.0899409
-2.94664 0.465587 -0.0835235
-2.89696 0.461971 -0.0726697
-2.84928 0.460281 -0.0354222
-2.80276 0.460386 0.00225838
-2.75287 0.457452 -0.0587287
-2.70294 0.454945 -0.0501638
-2.65307 0.451354 -0.0719019
-2.61224 0.4474 -0.0965299
-2.57395 0.444254 -0.081964
-2.53528 0.438113 -0.15751
-2.49603 0.43502 -0.0786268
-2.44776 0.429532 -0.113193
-2.40744 0.426052 -0.0861056
-2.36297 0.422371 -0.0825988
-2.31454 0.418674 -0.076187
-2.26471 0.41466 -0.0803719
-2.21477 0.412455 -0.0441191
-2.16891 0.409578 -0.062663
-2.11915 0.40659 -0.059978
-2.07671 0.402818 -0.0886689
-2.03064 0.397611 -0.11253
-1.99993 0.393752 -0.124993
-1.95602 0.386983 -0.152978
-1.90687 0.37971 -0.146896
-1.85757 0.371386 -0.167261
-1.81006 0.367147 -0.0889901
-1.76034 0.3633 -0.0772139
-1.7118 0.359884 -0.0702571
-1.66599 0.356656 -0.0703403
-1.61618 0.352933 -0.0746239
-1.57493 0.349373 -0.0860838
-1.53243 0.345477 -0.0914026
-1.48899 0.34161 -0.0887941
-1.44109 0.336144 -0.113633
-1.39755 0.329688 -0.14719
-1.34857 0.319729 -0.20058
-1.29959 0.309701 -0.20198
-1.25257 0.299201 -0.219687
-1.20803 0.29034 -0.196399
-1.15929 0.279296 -0.222782
-1.11379 0.269863 -0.204421
-1.07607 0.261256 -0.22434
-1.03629 0.251539 -0.239585
-0.990957 0.242567 -0.195409
-0.950951 0.233551 -0.221641
-0.903805 0.222815 -0.223906
-0.856456 0.211318 -0.238203
-0.809482 0.198165 -0.273008
-0.761969 0.182979 -0.309368
-0.717511 0.172028 -0.241504
-0.676328 0.161195 -0.25723
-0.630979 0.147358 -0.296155
-0.584062 0.130862 -0.338086
-0.546533 0.118537 -0.317335
-0.502841 0.103852 -0.324234
-0.458024 0.0896916 -0.306029
-0.411565 0.0755615 -0.295251
-0.364437 0.06129 -0.294045
-0.319857 0.0458339 -0.333737
-0.288867 0.03625 -0.299927
-0.242066 0.0244253 -0.247482
-0.19616 0.0128538 -0.246926
-0.149005 0.000299254 -0.260204
-0.103861 -0.0122763 -0.271677
-0.0567463 -0.0282331 -0.326556
-0.00930603 -0.0426803 -0.295611
0.0374592 -0.0568056 -0.293334
0.0808027 -0.0688094 -0.270174
0.12823 -0.0817065 -0.26551
0.176637 -0.0941432 -0.251482
0.216467 -0.104426 -0.252659
0.264584 -0.11638 -0.243506
0.313141 -0.128303 -0.240786
0.350544 -0.137329 -0.236774
0.396464 -0.14843 -0.237205
0.432619 -0.156297 -0.214241
0.456406 -0.160702 -0.183127
0.502004 -0.170347 -0.208437
0.550548 -0.180167 -0.199611
0.595774 -0.186807 -0.145771
0.644787 -0.192563 -0.116898
0.677612 -0.196718 -0.125926
0.722514 -0.203337 -0.146352
0.769229 -0.211293 -0.168685
0.807078 -0.217038 -0.150643
0.856022 -0.227096 -0.202675
0.904185 -0.235549 -0.17374
0.953524 -0.242479 -0.139544
0.998105 -0.248302 -0.129885
1.04755 -0.255728 -0.149073
1.09727 -0.260916 -0.10395
1.13475 -0.263982 -0.0816292
1.18423 -0.2693 -0.107057
1.22594 -0.276271 -0.165632
1.27554 -0.281879 -0.112595
1.32059 -0.287106 -0.115479
1.36395 -0.290221 -0.0717307
1.41146 -0.295174 -0.103853
1.45915 -0.30049 -0.111026
1.50893 -0.305027 -0.0908939
1.54489 -0.310066 -0.139228
1.58946 -0.317733 -0.17033
1.62851 -0.321918 -0.106787
1.67658 -0.328531 -0.136693
1.7219 -0.333582 -0.110996
1.77067 -0.339956 -0.129965
1.81969 -0.347735 -0.157385
1.86658 -0.354786 -0.149255
1.91416 -0.363934 -0.189948
1.95531 -0.370506 -0.158366
1.99939 -0.377626 -0.160132
2.0482 -0.383104 -0.111771
2.08752 -0.38842 -0.134362
2.13672 -0.396309 -0.159
2.18645 -0.40138 -0.101639
2.23162 -0.408616 -0.158821
2.27606 -0.415248 -0.148119
2.31766 -0.422695 -0.177165
2.35553 -0.430224 -0.196231
2.398 -0.439167 -0.207573
2.44661 -0.450334 -0.225774
2.49193 -0.462827 -0.268999
2.53845 -0.475319 -0.262358
2.58682 -0.485177 -0.20105
2.62579 -0.493702 -0.215386
2.6719 -0.50229 -0.184129
2.71982 -0.510775 -0.175241
2.75266 -0.51728 -0.195567
2.78864 -0.523974 -0.183936
2.83686 -0.533865 -0.202319
2.88546 -0.545595 -0.236807
2.9341 -0.556808 -0.226564
2.97572 -0.565566 -0.207428
3.01322 -0.573366 -0.205045
3.05847 -0.582393 -0.196948
3.09845 -0.589931 -0.186355
3.13544 -0.597095 -0.191272
3.1775 -0.604757 -0.180229
3.21099 -0.610623 -0.17337
3.24718 -0.616016 -0.147918
3.29633 -0.623957 -0.160171
3.34364 -0.631054 -0.148926
3.38938 -0.638732 -0.166301
3.41726 -0.642154 -0.122153
3.45566 -0.647459 -0.137268
3.4894 -0.652383 -0.144918
3.53077 -0.658484 -0.146426
3.56911 -0.664138 -0.146409
3.60628 -0.669216 -0.135758
3.6428 -0.673656 -0.120977
3.68037 -0.678199 -0.120343
3.72758 -0.686272 -0.169389
3.76733 -0.689999 -0.0934795
3.80244 -0.692065 -0.0587791
3.83812 -0.693147 -0.0303167
3.8694 -0.692855 0.00934259
3.90821 -0.692861 -0.000147815
3.93831 -0.694014 -0.0383085
3.96455 -0.695242 -0.046746
4.0052 -0.697091 -0.0454546
4.04146 -0.699324 -0.0615236
4.07636 -0.701878 -0.0730324
4.09785 -0.703837 -0.0909344
4.12698 -0.707084 -0.110997
4.15787 -0.710566 -0.112244
4.19731 -0.715548 -0.125668
4.21538 -0.717443 -0.104481
4.23453 -0.719883 -0.126723
4.25168 -0.72175 -0.108393
4.29213 -0.726706 -0.121939
4.30994 -0.727423 -0.0402675
4.33055 -0.727979 -0.0269295
4.36065 -0.730088 -0.0699584
4.37184 -0.730885 -0.0711004
4.37835 -0.731283 -0.0610931
4.38355 -0.731893 -0.116985
4.39642 -0.733566 -0.129184
4.42217 -0.736222 -0.102797
4.44181 -0.738083 -0.0944438
4.45599 -0.739525 -0.101351
4.4873 -0.740852 -0.0423705
4.50921 -0.741139 -0.0131064
4.53687 -0.741621 -0.0174034
4.56181 -0.742351 -0.029261
4.58899 -0.743415 -0.0391148
4.60596 -0.744346 -0.0548386
4.60886 -0.744459 -0.0390932
4.61588 -0.744894 -0.0618164
4.63069 -0.746013 -0.0754206
4.66666 -0.749295 -0.0909923
4.68731 -0.751793 -0.120383
4.69827 -0.752634 -0.0766029
4.7068 -0.75349 -0.10006
4.72241 -0.755611 -0.135016
4.72864 -0.756386 -0.123644
4.73974 -0.758347 -0.174882
4.76145 -0.763433 -0.23018
4.7747 -0.767745 -0.31463
4.79034 -0.772754 -0.309807
4.80613 -0.777532 -0.293902
4.82124 -0.78211 -0.294238
4.83292 -0.7857 -0.298013
4.84974 -0.789624 -0.229255
4.86408 -0.79337 -0.25554
4.87454 -0.796322 -0.275139
4.88122 -0.798147 -0.266603
4.88739 -0.800337 -0.341016
4.8967 -0.803513 -0.328716
4.90648 -0.807155 -0.356449
4.92547 -0.814301 -0.359886
4.95432 -0.8231 -0.296033
4.97138 -0.828344 -0.298364
4.984 -0.832102 -0.289304
4.99612 -0.835644 -0.284438
5.00766 -0.83953 -0.324786
5.01368 -0.841618 -0.333864
5.03353 -0.84865 -0.340371
5.03834 -0.850458 -0.359384
5.04479 -0.853343 -0.420707
5.06192 -0.861022 -0.421535
5.07317 -0.866273 -0.436721
5.08221 -0.870587 -0.445125
5.09289 -0.875398 -0.42317
5.10585 -0.88174 -0.455176
5.12799 -0.891284 -0.406939
5.13532 -0.894389 -0.400954
5.14514 -0.89815 -0.365505
5.15845 -0.903086 -0.355223
5.16895 -0.906296 -0.296569
5.17727 -0.909042 -0.31903
5.18197 -0.910473 -0.295208
5.18626 -0.911932 -0.327731
5.19956 -0.917164 -0.374938
5.20951 -0.920853 -0.355112
True
0.249521
