4.4825 -0.00692898 -2.76464
4.45113 -0.0192621 -2.76699
4.42978 -0.0277929 -2.76146
4.39809 -0.0433393 -2.68545
4.36633 -0.0623296 -2.60274
4.32825 -0.0910681 -2.49514
4.30268 -0.111902 -2.45789
4.27111 -0.142 -2.38
4.23977 -0.174211 -2.34253
4.2061 -0.207307 -2.36479
4.17252 -0.244121 -2.31033
4.14266 -0.280099 -2.26356
4.11085 -0.318656 -2.26063
4.08206 -0.358061 -2.20167
4.05416 -0.398297 -2.1771
4.02726 -0.437002 -2.17818
4.00294 -0.480515 -2.08043
3.98287 -0.51738 -2.0693
3.96331 -0.552635 -2.07734
3.94826 -0.581634 -2.04962
3.92988 -0.619186 -2.02587
3.90897 -0.660871 -2.03578
3.8889 -0.706666 -1.98388
3.87167 -0.753559 -1.92296
3.85483 -0.798309 -1.93062
3.84303 -0.833032 -1.89844
3.82586 -0.879255 -1.92647
3.81415 -0.908372 -1.95325
3.80318 -0.93425 -1.97147
3.79132 -0.965529 -1.93344
3.77518 -1.00834 -1.93136
3.75982 -1.04982 -1.92537
3.7441 -1.09729 -1.89053
3.7259 -1.14334 -1.94716
3.70948 -1.18953 -1.91241
3.69417 -1.23713 -1.88207
3.68233 -1.27645 -1.86312
3.6677 -1.32067 -1.89035
3.65687 -1.35831 -1.85088
3.64731 -1.39323 -1.83816
3.63181 -1.44017 -1.88963
3.6157 -1.48536 -1.91333
3.59853 -1.5323 -1.92136
3.58797 -1.56095 -1.92395
3.57219 -1.5956 -1.99825
3.55739 -1.6298 -1.97911
3.53918 -1.67083 -1.98847
3.52416 -1.70783 -1.95643
3.50372 -1.75219 -2.00268
3.48511 -1.79519 -1.97923
3.47063 -1.83154 -1.94979
3.45375 -1.87472 -1.94346
3.43279 -1.9201 -2.00344
3.41197 -1.96554 -2.0005
3.39443 -2.00255 -2.01349
3.37907 -2.03357 -2.03044
3.36048 -2.0728 -2.01333
3.33573 -2.11604 -2.09057
3.30966 -2.15868 -2.11965
3.29306 -2.18457 -2.14075
3.27281 -2.21709 -2.1279
3.24667 -2.25595 -2.16298
3.21696 -2.29596 -2.20933
3.18673 -2.33476 -2.23281
3.15557 -2.37244 -2.26175
3.12495 -2.41195 -2.2301
3.09357 -2.44983 -2.26275
3.06239 -2.48656 -2.27454
3.0319 -2.52333 -2.26312
3.00211 -2.5573 -2.29069
2.97939 -2.58369 -2.28159
2.95161 -2.61584 -2.28341
2.9345 -2.63605 -2.27349
2.90918 -2.66569 -2.27762
2.87981 -2.69929 -2.28912
2.85508 -2.72701 -2.29918
2.82069 -2.76299 -2.33357
2.78438 -2.7973 -2.38448
2.74851 -2.83213 -2.37099
2.73379 -2.84638 -2.37253
2.70797 -2.8705 -2.39026
2.67226 -2.90551 -2.36606
2.63829 -2.94119 -2.33168
2.602 -2.97428 -2.40227
2.56536 -3.0072 -2.40957
2.53054 -3.03709 -2.43232
2.49593 -3.06606 -2.44451
2.46235 -3.09804 -2.38081
2.43233 -3.1268 -2.37758
2.39859 -3.1572 -2.40809
2.35962 -3.18849 -2.46517
2.32944 -3.21171 -2.48579
2.28992 -3.24231 -2.48266
2.25258 -3.27195 -2.47069
2.21769 -3.29945 -2.47405
2.17746 -3.32909 -2.50662
2.13505 -3.35554 -2.58413
2.10726 -3.37232 -2.59822
2.06804 -3.39568 -2.60442
2.03205 -3.41859 -2.57461
1.98887 -3.44342 -2.61975
1.94783 -3.46932 -2.57876
1.90576 -3.49444 -2.60326
1.86904 -3.51651 -2.60033
1.83424 -3.53697 -2.61008
1.79394 -3.55862 -2.6487
1.74853 -3.57949 -2.7108
1.7156 -3.59373 -2.73341
1.66964 -3.61276 -2.74911
1.62538 -3.6333 -2.70704
1.581 -3.65175 -2.74751
1.53448 -3.66986 -2.77032
1.49273 -3.68801 -2.73156
1.45191 -3.70489 -2.74953
1.4055 -3.72274 -2.77451
1.36233 -3.73756 -2.81073
1.32391 -3.74932 -2.84454
1.29411 -3.75836 -2.84713
1.25004 -3.77251 -2.831
1.21798 -3.7823 -2.84523
1.19215 -3.7903 -2.84121
1.1481 -3.80558 -2.80755
1.10083 -3.82132 -2.82029
1.05633 -3.83456 -2.85233
1.01554 -3.84588 -2.87085
0.968539 -3.85978 -2.85414
0.923059 -3.87022 -2.91602
0.874394 -3.88169 -2.91001
0.829705 -3.8905 -2.94708
0.793882 -3.89796 -2.93621
0.746039 -3.90853 -2.92408
0.701478 -3.91771 -2.93844
0.661643 -3.92507 -2.95887
0.619816 -3.93113 -2.99774
0.579804 -3.93691 -2.99815
0.530023 -3.9413 -3.05359
0.480241 -3.94567 -3.05397
0.431117 -3.94965 -3.06089
0.381179 -3.95214 -3.0917
0.345531 -3.95441 -3.07814
0.297576 -3.95472 -3.13504
0.249609 -3.95648 -3.10494
0.200688 -3.96004 -3.06895
0.151533 -3.96459 -3.04923
0.102744 -3.9685 -3.06178
0.0604703 -3.96998 -3.10649
0.0210282 -3.97426 -3.03342
-0.0184462 -3.97726 -3.06579
-0.0645109 -3.98013 -3.07939
-0.114394 -3.9823 -3.09818
-0.164341 -3.98455 -3.09651
-0.213411 -3.98714 -3.08888
-0.261813 -3.98604 -3.16439
-0.311628 -3.98582 3.1373
-0.358162 -3.98612 3.14797
-0.408041 -3.98489 -3.16621
-0.455764 -3.98321 3.10647
-0.502 -3.98288 3.13441
-0.549719 -3.98071 3.09614
-0.598923 -3.97808 3.08825
-0.644898 -3.97572 3.09024
-0.692683 -3.97531 3.13305
-0.742457 -3.97519 3.13901
-0.780431 -3.97287 3.08079
-0.822704 -3.97112 3.10021
-0.869252 -3.96658 3.04426
-0.904938 -3.96174 3.00675
-0.95434 -3.9541 2.9882
-1.00356 -3.94584 2.97535
-1.05056 -3.93886 2.99414
-1.09626 -3.9308 2.96702
-1.14583 -3.92443 3.01375
-1.19394 -3.91809 3.01066
-1.23569 -3.91245 3.00731
-1.28468 -3.90441 2.9789
-1.32949 -3.89674 2.97212
-1.36807 -3.88997 2.96791
-1.41653 -3.87943 2.92736
-1.46391 -3.86779 2.90068
-1.50822 -3.85699 2.90257
-1.54225 -3.84874 2.90366
-1.58952 -3.83796 2.91742
-1.63781 -3.82519 2.88306
-1.68612 -3.81282 2.89088
-1.7107 -3.80715 2.915
-1.75029 -3.79592 2.86506
-1.79443 -3.78544 2.90861
-1.83896 -3.77317 2.87263
-1.88425 -3.75966 2.85182
-1.92401 -3.74881 2.87509
-1.96381 -3.7378 2.8717
-1.99116 -3.73023 2.87171
-2.03893 -3.71771 2.88521
-2.06701 -3.7091 2.84419
-2.11532 -3.69634 2.88322
-2.1569 -3.6821 2.8117
-2.19898 -3.66854 2.82991
-2.24396 -3.65163 2.78197
-2.27874 -3.64003 2.81953
-2.32606 -3.62447 2.82399
-2.36771 -3.61031 2.81383
-2.41183 -3.59634 2.83502
-2.45927 -3.58153 2.83887
-2.50223 -3.56754 2.82684
-2.54254 -3.55325 2.80092
-2.58115 -3.53973 2.8048
-2.61819 -3.52695 2.80922
-2.66381 -3.51152 2.81553
-2.68726 -3.50444 2.8485
-2.72534 -3.49204 2.82663
-2.75194 -3.48422 2.8559
-2.79632 -3.47146 2.86159
-2.83698 -3.45987 2.86374
-2.86727 -3.45175 2.87991
-2.89541 -3.44458 2.89191
-2.93043 -3.43617 2.90611
-2.95418 -3.43016 2.89363
-2.96844 -3.42673 2.9054
-2.98262 -3.42318 2.8963
-3.00173 -3.41696 2.82707
-3.01511 -3.41284 2.84311
-3.03516 -3.40664 2.84127
-3.06652 -3.39716 2.84806
-3.08687 -3.39052 2.82639
-3.12548 -3.37897 2.85081
-3.15262 -3.37134 2.86757
-3.16854 -3.3663 2.83533
-3.18682 -3.36022 2.82022
-3.20216 -3.35479 2.80154
-3.23178 -3.34429 2.80098
-3.27589 -3.32864 2.80055
-3.30251 -3.31729 2.7385
-3.34516 -3.29598 2.67831
-3.3712 -3.28356 2.69645
-3.40066 -3.27049 2.72423
-3.43095 -3.257 2.7226
-3.44758 -3.24974 2.72998
-3.45179 -3.24804 2.75731
-3.45998 -3.24506 2.79173
-3.4799 -3.23774 2.78983
-3.51036 -3.22694 2.80073
-3.53111 -3.21835 2.74903
-3.54155 -3.21403 2.74994
-3.56383 -3.20381 2.7112
-3.57217 -3.19988 2.70113
-3.60314 -3.18653 2.73486
-3.6309 -3.17625 2.78661
-3.64781 -3.17048 2.81296
-3.65505 -3.1683 2.84916
-3.67571 -3.16416 2.94374
-3.7144 -3.15665 2.9499
-3.7531 -3.1499 2.96907
-3.79582 -3.14338 2.99013
-3.83388 -3.13764 2.99185
-3.86837 -3.13262 2.99704
-3.89939 -3.12705 2.96396
-3.93131 -3.11988 2.92049
-3.9527 -3.11351 2.85239
-3.96885 -3.10887 2.86147
-4.00409 -3.09831 2.85054
-4.02474 -3.09156 2.82576
-4.04921 -3.0828 2.79788
-4.062 -3.07805 2.78569
-4.07636 -3.07272 2.7861
-4.08632 -3.06926 2.80771
-4.09037 -3.06797 2.83277
-4.09468 -3.06636 2.78313
-4.09352 -3.06678 2.7898
-4.09702 -3.06535 2.75323
-4.09991 -3.06423 2.77242
-4.10264 -3.06312 2.75405
-4.11464 -3.05826 2.75682
-4.12186 -3.05537 2.76115
-4.13096 -3.05166 2.75494
-4.14218 -3.0471 2.75494
-4.1665 -3.0378 2.77653
-4.178 -3.03324 2.76399
-4.18701 -3.02984 2.78077
-4.18233 -3.03155 2.79116
-4.18543 -3.03036 2.77554
-4.19959 -3.02537 2.80272
-4.20618 -3.02319 2.82191
True
0.218631
