-5.49095 1.98453 -0.144678
-5.45868 1.97886 -0.174035
-5.41101 1.96886 -0.206769
-5.36424 1.95845 -0.219077
-5.32138 1.94824 -0.233924
-5.2726 1.93738 -0.219095
-5.23791 1.92762 -0.274116
-5.19455 1.91844 -0.208587
-5.14725 1.90571 -0.263035
-5.09898 1.89307 -0.255991
-5.05078 1.88122 -0.241105
-5.00355 1.8682 -0.269023
-4.958 1.85801 -0.220134
-4.91075 1.84789 -0.210913
-4.87904 1.84116 -0.209031
-4.83007 1.83188 -0.187279
-4.7828 1.82185 -0.209155
-4.75156 1.81637 -0.173487
-4.70373 1.80608 -0.212077
-4.65469 1.79692 -0.184528
-4.60718 1.78697 -0.206511
-4.55789 1.77869 -0.166389
-4.50862 1.77025 -0.169651
-4.46183 1.76518 -0.108053
-4.41247 1.76067 -0.090986
-4.36285 1.75469 -0.120079
-4.31324 1.74883 -0.117424
-4.26457 1.74288 -0.121701
-4.21801 1.73693 -0.127036
-4.18977 1.7341 -0.100116
-4.1418 1.72834 -0.119505
-4.0932 1.72225 -0.1246
-4.04709 1.71861 -0.0787555
-4.00205 1.71349 -0.113177
-3.95237 1.7089 -0.0920724
-3.90551 1.703 -0.125371
-3.85615 1.69518 -0.157122
-3.81311 1.68744 -0.178009
-3.7652 1.67765 -0.20142
-3.72005 1.66715 -0.228541
-3.6742 1.65586 -0.241464
-3.62563 1.64405 -0.238495
-3.5808 1.63218 -0.258858
-3.5337 1.62102 -0.232632
-3.48634 1.61104 -0.207689
-3.43825 1.60116 -0.202739
-3.39974 1.59532 -0.150395
-3.35234 1.58747 -0.164223
-3.30341 1.57967 -0.157914
-3.25715 1.57051 -0.195457
-3.21215 1.56036 -0.221904
-3.16994 1.55 -0.240827
-3.12173 1.53692 -0.264763
-3.08206 1.5279 -0.223567
-3.04343 1.51867 -0.234652
-3.00347 1.50852 -0.248756
-2.95799 1.49574 -0.273999
-2.91015 1.48279 -0.264344
-2.86378 1.46674 -0.333135
-2.82517 1.45407 -0.316987
-2.7903 1.44153 -0.345324
-2.74999 1.4257 -0.374238
-2.70431 1.41007 -0.329605
-2.66007 1.39509 -0.326528
-2.61616 1.37962 -0.338806
-2.56892 1.36441 -0.311386
-2.52538 1.35371 -0.241024
-2.4811 1.34196 -0.259494
-2.43912 1.33012 -0.274804
-2.39111 1.31663 -0.273977
-2.34687 1.30352 -0.287982
-2.30649 1.29329 -0.248279
-2.26484 1.28196 -0.265613
-2.2165 1.26931 -0.255892
-2.16981 1.25688 -0.260203
-2.13135 1.24626 -0.269452
-2.0843 1.23188 -0.296439
-2.04297 1.22103 -0.256755
-1.99477 1.20775 -0.268855
-1.94984 1.19898 -0.192811
-1.90456 1.18918 -0.213154
-1.86007 1.18081 -0.185971
-1.81247 1.17329 -0.156797
-1.7628 1.16763 -0.113433
-1.71374 1.16425 -0.0687178
-1.66669 1.16103 -0.0682443
-1.62608 1.15748 -0.0874024
-1.58032 1.15378 -0.0806494
-1.53362 1.15127 -0.0535812
-1.48414 1.14847 -0.0566159
-1.44267 1.14715 -0.0318778
-1.40522 1.14506 -0.0557154
-1.35579 1.1426 -0.0497488
-1.31067 1.14242 -0.00392429
-1.26587 1.14278 0.00802704
-1.22774 1.14495 0.0567868
-1.18644 1.14741 0.059508
-1.14126 1.14975 0.0518894
-1.09187 1.15239 0.0533588
-1.05141 1.15505 0.0657075
-1.00314 1.15713 0.0430577
-0.957398 1.15927 0.0467275
-0.90807 1.16161 0.0473755
-0.862133 1.16296 0.0294027
-0.817307 1.16425 0.0286629
-0.773116 1.16379 -0.0104379
-0.732245 1.16516 0.0336401
-0.69869 1.16538 0.00657859
-0.648708 1.16442 -0.0193097
-0.608426 1.16424 -0.00439327
-0.561049 1.16298 -0.0266817
-0.518204 1.16374 0.0178737
-0.472245 1.16756 0.0828777
-0.430106 1.17132 0.0889961
-0.380447 1.17713 0.116457
-0.333177 1.1837 0.138207
-0.284931 1.18956 0.120826
-0.2394 1.19502 0.119285
-0.190119 1.20333 0.167148
-0.148908 1.20663 0.0799076
-0.0995454 1.21201 0.10857
-0.055633 1.21759 0.126267
-0.011655 1.22341 0.131639
0.0281724 1.22735 0.0985878
0.0741642 1.23215 0.103902
0.123769 1.23836 0.124574
0.165202 1.24588 0.179603
0.208137 1.2506 0.109595
0.252193 1.25519 0.10367
0.301781 1.26157 0.128021
0.348585 1.26597 0.0936556
0.394041 1.27206 0.133148
0.439404 1.2778 0.125879
0.479922 1.28238 0.112617
0.529785 1.28571 0.0667456
0.579444 1.29149 0.115919
0.627985 1.2966 0.10487
0.660432 1.29905 0.0753684
0.698901 1.30135 0.0595591
0.748768 1.30495 0.0721072
0.798475 1.31034 0.10799
0.840229 1.31567 0.127025
0.87914 1.31774 0.0529976
0.927742 1.31893 0.024629
0.971599 1.3195 0.0129249
1.01065 1.32158 0.0533193
1.0606 1.32207 0.00978466
1.11058 1.32199 -0.00171052
1.16051 1.32154 -0.00902316
1.19625 1.32026 -0.0358457
1.24618 1.31836 -0.0380151
1.29594 1.31544 -0.0586293
1.34588 1.31341 -0.0404437
1.39578 1.3118 -0.03237
1.4457 1.30981 -0.0397977
1.49557 1.30935 -0.0092153
1.5368 1.30893 -0.0101835
1.58452 1.30769 -0.0260068
1.63007 1.30456 -0.0685909
1.67358 1.30061 -0.0904955
1.72074 1.29394 -0.140528
1.77036 1.28777 -0.12367
1.81963 1.28027 -0.151179
1.86069 1.27272 -0.181735
1.90914 1.26593 -0.139284
1.95764 1.25574 -0.207193
2.00632 1.24447 -0.227434
2.05413 1.23328 -0.229817
2.09638 1.2231 -0.236644
2.1448 1.21142 -0.236648
2.18719 1.20037 -0.255016
2.23509 1.18823 -0.248234
2.28181 1.17618 -0.252405
2.32862 1.16502 -0.2339
2.37525 1.15453 -0.221426
2.41909 1.14383 -0.239228
2.46798 1.1337 -0.204418
2.51649 1.12431 -0.191194
2.56502 1.11355 -0.218145
2.61255 1.10089 -0.260305
2.65498 1.09151 -0.217671
2.7036 1.08049 -0.222772
2.752 1.06818 -0.249184
2.78641 1.05824 -0.281115
2.82685 1.04785 -0.251529
2.87329 1.03523 -0.265239
2.91431 1.02496 -0.245326
2.96244 1.01153 -0.272116
3.01049 0.997732 -0.279652
3.05408 0.985147 -0.281093
3.09949 0.971968 -0.282478
3.14486 0.957076 -0.317157
3.18794 0.944222 -0.289932
3.23428 0.928987 -0.317644
3.27418 0.916739 -0.29783
3.32116 0.904595 -0.252954
3.36671 0.891629 -0.277347
3.40457 0.881673 -0.257154
3.45246 0.870666 -0.225898
3.48696 0.861228 -0.267082
3.52367 0.851735 -0.253037
3.54989 0.844942 -0.253432
3.58056 0.83624 -0.276512
3.62614 0.822218 -0.298453
3.66672 0.806658 -0.366137
3.71173 0.791033 -0.334142
3.75238 0.776726 -0.338434
3.79637 0.76146 -0.334024
3.84248 0.744716 -0.348272
3.88176 0.728624 -0.388884
3.92703 0.711539 -0.360823
3.95555 0.70169 -0.332494
3.98901 0.689527 -0.348702
4.01684 0.680138 -0.325401
4.0534 0.666646 -0.353491
4.08929 0.65337 -0.354291
4.12844 0.638998 -0.351823
4.16335 0.627174 -0.326599
4.18583 0.619565 -0.326443
4.20882 0.61136 -0.342703
4.23827 0.59978 -0.374625
4.26931 0.587365 -0.380553
4.28505 0.580599 -0.405907
4.3109 0.570486 -0.372978
4.32431 0.564088 -0.444921
4.34451 0.553926 -0.466267
4.3761 0.537923 -0.468893
4.41033 0.519612 -0.491179
4.44121 0.503602 -0.478235
4.47523 0.485856 -0.480816
4.50892 0.467823 -0.491446
4.53197 0.455828 -0.47987
4.56266 0.439832 -0.480488
4.59461 0.423298 -0.477586
4.62157 0.41013 -0.454299
4.64845 0.397258 -0.446671
4.6684 0.388741 -0.403479
4.70522 0.371544 -0.436944
4.74069 0.35305 -0.480631
4.77147 0.33723 -0.474649
4.78774 0.32854 -0.490748
4.7962 0.324053 -0.487333
4.8082 0.317995 -0.467573
4.82159 0.310981 -0.482448
4.85163 0.295248 -0.482537
4.8861 0.278295 -0.457038
4.89992 0.272259 -0.41188
4.9214 0.2629 -0.410818
4.92481 0.261471 -0.397561
4.92972 0.259426 -0.394289
4.94687 0.252113 -0.403098
4.95884 0.24619 -0.459435
4.97059 0.240222 -0.469965
4.97876 0.236168 -0.460815
4.99048 0.230397 -0.457464
5.00166 0.225719 -0.396302
5.0282 0.214956 -0.385325
5.03652 0.211861 -0.356022
5.04383 0.209383 -0.326832
5.0595 0.20497 -0.27442
5.07128 0.202704 -0.19007
5.07583 0.201693 -0.218559
5.07716 0.20142 -0.203116
5.08196 0.200381 -0.212941
5.07816 0.201406 -0.263287
5.08355 0.199949 -0.264279
5.09539 0.196784 -0.261184
5.11192 0.192133 -0.274192
5.13053 0.188065 -0.215258
5.14617 0.185377 -0.170181
5.16715 0.183636 -0.082796
5.1778 0.183421 -0.020244
5.19889 0.183132 -0.0136927
5.20816 0.182993 -0.0149689
True
0.255084
