4.47689 -0.00916196 -2.76421
4.44485 -0.0232721 -2.72666
4.40138 -0.0469246 -2.64334
4.36226 -0.0744655 -2.52814
4.32807 -0.0995674 -2.50824
4.29872 -0.123811 -2.4513
4.26144 -0.156606 -2.42004
4.24205 -0.176577 -2.34159
4.21136 -0.212558 -2.27688
4.17994 -0.247835 -2.29844
4.15269 -0.280668 -2.2636
4.13516 -0.303428 -2.22708
4.11358 -0.336951 -2.14282
4.09574 -0.368484 -2.08554
4.07548 -0.409485 -2.02991
4.05303 -0.454159 -2.03639
4.03205 -0.495738 -2.03814
4.0099 -0.540226 -2.03275
3.99369 -0.574519 -2.01242
3.97389 -0.620406 -1.97805
3.95967 -0.653234 -1.97966
3.94736 -0.684324 -1.94764
3.93485 -0.718391 -1.92288
3.92671 -0.738552 -1.95443
3.91147 -0.781984 -1.90833
3.89806 -0.822924 -1.88735
3.88092 -0.869881 -1.92079
3.86626 -0.915682 -1.8804
3.85339 -0.953611 -1.89791
3.83724 -1.00008 -1.90529
3.82596 -1.03277 -1.9031
3.8159 -1.06501 -1.8733
3.79951 -1.11152 -1.90972
3.78103 -1.15599 -1.96454
3.76136 -1.20194 -1.97532
3.74764 -1.23395 -1.97578
3.72835 -1.2768 -1.99364
3.71428 -1.31117 -1.95938
3.69515 -1.35736 -1.9634
3.67542 -1.40317 -1.97761
3.65732 -1.44121 -2.01493
3.63538 -1.48614 -2.02504
3.6159 -1.53211 -1.97166
3.59452 -1.57724 -2.0131
3.57493 -1.61719 -2.02682
3.55817 -1.65536 -1.98445
3.5419 -1.68928 -2.01797
3.5208 -1.73461 -2.00649
3.49822 -1.77918 -2.03969
3.48011 -1.81834 -2.00405
3.4614 -1.85735 -2.01801
3.4404 -1.89788 -2.04887
3.41971 -1.93879 -2.03907
3.39679 -1.98323 -2.0469
3.37463 -2.02805 -2.02999
3.35392 -2.06658 -2.064
3.33375 -2.10526 -2.05144
3.30835 -2.14833 -2.1036
3.2856 -2.18774 -2.09431
3.26097 -2.23062 -2.09226
3.23888 -2.26901 -2.09281
3.21402 -2.31133 -2.10193
3.20033 -2.33272 -2.14027
3.175 -2.37042 -2.16241
3.14803 -2.41159 -2.15067
3.12444 -2.44417 -2.19757
3.09409 -2.48338 -2.22953
3.06923 -2.51537 -2.2313
3.04407 -2.54685 -2.24509
3.01331 -2.58615 -2.235
2.98613 -2.61977 -2.25057
2.95445 -2.65799 -2.263
2.93232 -2.68447 -2.26688
2.89853 -2.72123 -2.3141
2.86855 -2.75446 -2.30488
2.83443 -2.79099 -2.32201
2.79948 -2.82658 -2.34708
2.7722 -2.85408 -2.3523
2.7386 -2.88851 -2.34408
2.70458 -2.92452 -2.32768
2.6808 -2.94657 -2.39411
2.64531 -2.98045 -2.37937
2.61047 -3.01062 -2.42784
2.57511 -3.04331 -2.39536
2.53623 -3.0746 -2.4639
2.49907 -3.10414 -2.46996
2.46446 -3.13061 -2.48867
2.42441 -3.15891 -2.52658
2.38331 -3.18738 -2.53559
2.35933 -3.20323 -2.55778
2.33028 -3.22064 -2.6016
2.29653 -3.24342 -2.54787
2.26182 -3.26795 -2.52635
2.22525 -3.29258 -2.54887
2.18304 -3.31914 -2.57992
2.14409 -3.34299 -2.59233
2.11058 -3.36241 -2.61625
2.07129 -3.38321 -2.65477
2.02757 -3.40736 -2.63695
1.99179 -3.42736 -2.63191
1.94779 -3.45036 -2.6598
1.90403 -3.47454 -2.63678
1.85901 -3.49627 -2.692
1.81534 -3.51834 -2.6737
1.77391 -3.53898 -2.67923
1.73101 -3.55675 -2.74895
1.68618 -3.57772 -2.70401
1.64397 -3.59837 -2.68658
1.60142 -3.61855 -2.69895
1.56562 -3.63496 -2.71162
1.5221 -3.65474 -2.71509
1.48583 -3.67224 -2.69211
1.44069 -3.69251 -2.71952
1.39681 -3.70931 -2.77585
1.35057 -3.72771 -2.76283
1.30579 -3.74662 -2.74206
1.26694 -3.7609 -2.78947
1.22606 -3.77451 -2.82007
1.17931 -3.78946 -2.83213
1.14123 -3.80281 -2.80443
1.10504 -3.81538 -2.80738
1.06287 -3.82957 -2.81683
1.02075 -3.846 -2.76979
0.990513 -3.85553 -2.83633
0.945204 -3.86953 -2.8418
0.896976 -3.88266 -2.8758
0.848859 -3.89517 -2.8872
0.80985 -3.90615 -2.86731
0.771004 -3.91699 -2.86938
0.722224 -3.92781 -2.92327
0.678403 -3.93699 -2.93512
0.630149 -3.94637 -2.9496
0.580723 -3.95386 -2.99123
0.53963 -3.95955 -3.00414
0.493995 -3.96469 -3.02939
0.444623 -3.97215 -2.99157
0.410295 -3.97648 -3.01621
0.364048 -3.98235 -3.01539
0.327853 -3.98627 -3.0336
0.281152 -3.99017 -3.05834
0.239915 -3.99331 -3.0655
0.190435 -3.99965 -3.01421
0.147062 -4.00443 -3.03177
0.100416 -4.01092 -3.00325
0.0512651 -4.01807 -2.99713
0.00709856 -4.02479 -2.99065
-0.0352768 -4.03052 -3.00736
-0.0848695 -4.03575 -3.03644
-0.133419 -4.0419 -3.01548
-0.172547 -4.04556 -3.0485
-0.216866 -4.05026 -3.03595
-0.26044 -4.05442 -3.04641
-0.305387 -4.05977 -3.0231
-0.355182 -4.06367 -3.06337
-0.402597 -4.06601 -3.09236
-0.448783 -4.06902 -3.07637
-0.498531 -4.07099 -3.10206
-0.548438 -4.07338 -3.09384
-0.593344 -4.07232 -3.16504
-0.641965 -4.07132 3.121
-0.688392 -4.06973 3.10735
-0.732146 -4.06852 3.11394
-0.774691 -4.06784 3.12547
-0.822243 -4.06596 3.10223
-0.872169 -4.06559 3.13412
-0.910503 -4.06575 3.1459
-0.948968 -4.06548 -3.1487
-0.998298 -4.06639 3.15993
-1.04506 -4.06679 -3.13285
-1.08903 -4.06688 -3.13972
-1.13643 -4.06723 -3.13411
-1.17826 -4.06611 -3.16848
-1.22639 -4.06331 3.08364
-1.26727 -4.05905 3.03757
-1.31099 -4.05203 2.98249
-1.35977 -4.04589 3.0164
-1.40771 -4.03927 3.00439
-1.45609 -4.03062 2.96463
-1.50241 -4.02172 2.95184
-1.55147 -4.01208 2.94745
-1.59296 -4.00392 2.94753
-1.62902 -3.99679 2.94637
-1.66654 -3.99017 2.96692
-1.71558 -3.98047 2.9462
-1.76178 -3.97024 2.92387
-1.8087 -3.95946 2.91572
-1.85566 -3.95224 2.98886
-1.90027 -3.94441 2.96798
-1.94944 -3.93638 2.97962
-1.99777 -3.92749 2.9597
-2.04122 -3.91957 2.96144
-2.08976 -3.91074 2.96156
-2.12663 -3.90233 2.91745
-2.1707 -3.89233 2.91842
-2.20658 -3.88366 2.90454
-2.25495 -3.87355 2.93547
-2.28598 -3.86738 2.94522
-2.32978 -3.85904 2.95357
-2.35396 -3.85408 2.93904
-2.40193 -3.84396 2.93363
-2.43098 -3.83711 2.91006
-2.46357 -3.8295 2.91221
-2.49764 -3.82173 2.91737
-2.53511 -3.81125 2.86881
-2.57405 -3.80081 2.87975
-2.60836 -3.79098 2.86254
-2.65352 -3.77807 2.86327
-2.68757 -3.76824 2.86039
-2.72819 -3.75664 2.86334
-2.76499 -3.74679 2.88009
-2.81185 -3.73623 2.91997
-2.85365 -3.72882 2.96629
-2.8952 -3.72118 2.95956
-2.93967 -3.71148 2.9269
-2.97654 -3.70268 2.90743
-3.01955 -3.69285 2.91672
-3.05671 -3.68391 2.90563
-3.08976 -3.67719 2.94109
-3.13683 -3.6678 2.94455
-3.18574 -3.66 2.98342
-3.22115 -3.65639 3.04019
-3.26703 -3.65383 3.08576
-3.31203 -3.6522 3.10537
-3.35764 -3.64903 3.07214
-3.39259 -3.64543 3.0391
-3.42557 -3.64087 3.00415
-3.46829 -3.63411 2.98462
-3.51155 -3.62721 2.98343
-3.55008 -3.62028 2.96375
-3.59727 -3.61215 2.97093
-3.63234 -3.60457 2.92875
-3.66369 -3.59726 2.9126
-3.69865 -3.58903 2.9103
-3.73471 -3.58027 2.90335
-3.77345 -3.57041 2.89235
-3.80623 -3.56239 2.90165
-3.84016 -3.55342 2.88302
-3.8701 -3.54512 2.87111
-3.89747 -3.5368 2.84672
-3.90238 -3.53543 2.86901
-3.93041 -3.5281 2.88593
-3.9452 -3.52464 2.91131
-3.95674 -3.52238 2.94841
-3.97649 -3.51914 2.97914
-3.99335 -3.51653 2.98813
-4.01489 -3.51322 2.98871
-4.0389 -3.51003 3.00952
-4.04778 -3.50905 3.03171
-4.05873 -3.50819 3.06349
-4.06817 -3.50721 3.0387
-4.06876 -3.50713 3.00556
-4.07901 -3.50565 2.99782
-4.1002 -3.50249 2.99376
-4.10821 -3.50165 3.03612
-4.11803 -3.50082 3.05784
-4.13162 -3.5002 3.09578
-4.13982 -3.5 3.11682
-4.14507 -3.49998 3.13897
-4.15258 -3.50007 3.15362
-4.16583 -3.50003 -3.1449
-4.16923 -3.49989 3.10127
-4.17188 -3.49975 3.08686
-4.18297 -3.4987 3.04751
-4.17671 -3.49963 2.99464
-4.1905 -3.49734 2.97737
-4.20847 -3.49362 2.93757
True
0.198846
