4.47246 0.00103071 3.10419
4.44871 0.00209897 3.09663
4.4273 0.0032036 3.09004
4.41396 0.00388144 3.09083
4.40464 0.00441816 3.08406
4.39884 0.00483821 3.06937
4.38357 0.00540025 3.1048
4.37565 0.00549082 3.13015
4.36578 0.0049862 3.19266
4.35002 0.00401645 -3.08012
4.33305 0.00372743 -3.12456
4.31907 0.00428054 -3.18114
4.31036 0.00493123 3.06703
4.30079 0.00591634 3.039
4.27998 0.00801854 3.04094
4.25172 0.0125725 2.98182
4.22974 0.0168603 2.94896
4.2046 0.0233763 2.88797
4.19242 0.0273221 2.82832
4.15816 0.0406605 2.77026
4.1351 0.0513557 2.70743
4.10799 0.0667286 2.62569
4.07308 0.0918939 2.51698
4.04643 0.115377 2.41941
4.03134 0.132225 2.30094
4.00919 0.161587 2.21722
3.99048 0.192766 2.11119
3.9692 0.232732 2.06018
3.95494 0.264522 1.99227
3.94179 0.293099 2.00206
3.92833 0.326127 1.95777
3.91659 0.357738 1.92654
3.90147 0.403809 1.88793
3.88663 0.449295 1.88613
3.87398 0.489964 1.87238
3.86158 0.537716 1.82491
3.85161 0.586266 1.77329
3.8419 0.62861 1.79617
3.8306 0.674826 1.81065
3.82085 0.722935 1.77079
3.81068 0.771479 1.77719
3.80567 0.799227 1.74968
3.79893 0.833723 1.76364
3.79135 0.868786 1.78372
3.78394 0.9076 1.75949
3.77544 0.953584 1.75347
3.76604 1.00269 1.75988
3.75933 1.03892 1.75395
3.75124 1.07124 1.81608
3.74097 1.10823 1.84167
3.7355 1.12991 1.81797
3.72321 1.17775 1.82217
3.71413 1.21488 1.81073
3.70379 1.25351 1.8323
3.69034 1.29653 1.87396
3.679 1.33344 1.86883
3.66518 1.37891 1.86589
3.6513 1.41563 1.93214
3.63551 1.45867 1.92229
3.61676 1.5047 1.95775
3.598 1.551 1.95567
3.58568 1.58104 1.96008
3.56479 1.62643 2.0021
3.54276 1.6713 2.0272
3.52511 1.7052 2.05085
3.5091 1.73757 2.03005
3.49243 1.77352 2.00511
3.47313 1.81833 1.97745
3.45394 1.86341 1.97312
3.44142 1.8951 1.94729
3.43198 1.91647 1.98661
3.42241 1.93634 2.01969
3.39987 1.98072 2.04066
3.37921 2.0238 2.01814
3.35772 2.06848 2.01904
3.33615 2.11351 2.0174
3.31122 2.15682 2.09315
3.29241 2.18814 2.11155
3.26676 2.22556 2.17183
3.25264 2.24507 2.19749
3.22474 2.2786 2.26458
3.21099 2.29497 2.26933
3.1962 2.31388 2.23476
3.18496 2.32844 2.2282
3.15978 2.36094 2.22994
3.12864 2.39911 2.25511
3.09696 2.43433 2.30332
3.06575 2.46894 2.30454
3.03341 2.50693 2.27614
3.00137 2.54157 2.31708
2.97378 2.57174 2.3116
2.94748 2.6013 2.29801
2.91943 2.63245 2.3039
2.8839 2.66762 2.36123
2.85505 2.69605 2.36361
2.82036 2.7306 2.35817
2.78569 2.76661 2.33732
2.75214 2.79896 2.37437
2.71407 2.83122 2.43857
2.68299 2.86057 2.38479
2.65017 2.89374 2.35097
2.63365 2.90852 2.41178
2.61271 2.92739 2.40788
2.57704 2.95884 2.41896
2.54242 2.98816 2.43896
2.50603 3.0198 2.42586
2.47008 3.05147 2.41957
2.43188 3.08358 2.44263
2.39444 3.11176 2.49635
2.37452 3.12602 2.52006
2.33575 3.15751 2.45958
2.30036 3.18472 2.48599
2.26797 3.20877 2.503
2.24619 3.22274 2.57107
2.21474 3.24365 2.55487
2.17097 3.26774 2.63855
2.12948 3.29061 2.63777
2.08986 3.31211 2.64433
2.05458 3.33216 2.62476
2.02495 3.34807 2.64888
1.9815 3.37281 2.62403
1.94479 3.39442 2.60963
1.90818 3.41507 2.62793
1.8648 3.43987 2.62234
1.82472 3.46249 2.62766
1.79883 3.47771 2.61018
1.75617 3.50054 2.65013
1.72443 3.51811 2.636
1.68482 3.53877 2.66098
1.65857 3.552 2.67463
1.62234 3.56996 2.68148
1.57807 3.59177 2.68375
1.53312 3.61205 2.7177
1.48866 3.63419 2.6796
1.45206 3.65153 2.69926
1.40874 3.67273 2.68632
1.36294 3.69276 2.72937
1.31688 3.71209 2.74427
1.27543 3.72964 2.74108
1.2301 3.75071 2.70659
1.19818 3.76677 2.67522
1.15533 3.78586 2.72252
1.11084 3.80399 2.75468
1.06367 3.8196 2.82188
1.01729 3.83479 2.82511
0.973352 3.84789 2.85188
0.930939 3.86176 2.82563
0.883388 3.87721 2.82734
0.840947 3.89124 2.82235
0.797661 3.90376 2.86012
0.749843 3.91836 2.84532
0.707613 3.93066 2.85817
0.659808 3.94194 2.90982
0.611627 3.95529 2.87132
0.567575 3.96556 2.91252
0.518693 3.97589 2.93324
0.47845 3.9857 2.90267
0.431682 3.99315 2.98359
0.384046 4.00044 2.98971
0.357186 4.00531 2.96212
0.312786 4.01064 3.0222
0.270705 4.01478 3.04351
0.227162 4.01874 3.05096
0.178112 4.02058 3.10403
0.128199 4.02324 3.08841
0.0785275 4.02595 3.08693
0.0285349 4.02569 3.14686
-0.0189823 4.02681 -3.16521
-0.0687926 4.02475 3.18293
-0.114015 4.02511 -3.14936
-0.163886 4.02152 3.21327
-0.21358 4.01644 -3.03968
-0.259143 4.01323 -3.0712
-0.29862 4.00923 -3.04072
-0.34595 4.00536 -3.06001
-0.390299 4.00134 -3.05099
-0.439993 3.99582 -3.03101
-0.487201 3.99021 -3.02339
-0.534883 3.98528 -3.03845
-0.580169 3.97862 -2.99555
-0.625337 3.96879 -2.92744
-0.671907 3.95909 -2.93613
-0.720168 3.94809 -2.91748
-0.769278 3.93945 -2.96756
-0.814629 3.9295 -2.92551
-0.860801 3.91801 -2.8977
-0.908839 3.90414 -2.86055
-0.947033 3.89111 -2.81279
-0.992519 3.87681 -2.83699
-1.03958 3.86199 -2.83659
-1.08657 3.84808 -2.85383
-1.13132 3.83355 -2.82765
-1.17304 3.82019 -2.83154
-1.2155 3.80542 -2.80688
-1.25495 3.79319 -2.84106
-1.30094 3.77538 -2.77201
-1.33703 3.76284 -2.80713
-1.37984 3.74637 -2.77443
-1.42489 3.72969 -2.78696
-1.45291 3.71793 -2.74423
-1.49126 3.70041 -2.71304
-1.51574 3.68989 -2.73557
-1.5522 3.67444 -2.74083
-1.59662 3.65609 -2.74986
-1.63942 3.63574 -2.69781
-1.68341 3.61232 -2.65229
-1.71839 3.59559 -2.69567
-1.75851 3.57514 -2.67022
-1.80179 3.5501 -2.61703
-1.84526 3.52675 -2.64868
-1.88614 3.50465 -2.6459
-1.92755 3.48175 -2.63642
-1.96573 3.46068 -2.63735
-2.00426 3.43808 -2.61116
-2.04228 3.41294 -2.55747
-2.08272 3.38457 -2.52983
-2.12447 3.35706 -2.55899
-2.16732 3.33244 -2.62004
-2.20665 3.30725 -2.57196
-2.24226 3.28474 -2.5778
-2.2821 3.25741 -2.54033
-2.32307 3.22875 -2.5311
-2.36363 3.20029 -2.52977
-2.39792 3.17407 -2.48888
-2.4312 3.14781 -2.47341
-2.47183 3.11866 -2.51939
-2.50373 3.0932 -2.46789
-2.54114 3.06531 -2.50091
-2.58124 3.03568 -2.50528
-2.61407 3.00967 -2.47144
-2.64728 2.98459 -2.49501
-2.67399 2.962 -2.43949
-2.70723 2.93396 -2.44089
-2.74356 2.89961 -2.38422
-2.77597 2.86844 -2.3756
-2.80877 2.8338 -2.32896
-2.83633 2.80328 -2.30529
-2.86598 2.77164 -2.32379
-2.89855 2.7359 -2.30983
-2.93045 2.69983 -2.29484
-2.96091 2.6607 -2.23222
-2.98668 2.62886 -2.25125
-3.01552 2.58819 -2.18763
-3.04509 2.54922 -2.2198
-3.07303 2.51144 -2.20759
-3.0964 2.48102 -2.22594
-3.11975 2.45081 -2.22878
-3.149 2.41293 -2.22834
-3.17806 2.37515 -2.22661
-3.20617 2.33382 -2.16803
-3.23541 2.29499 -2.21616
-3.26389 2.25398 -2.17787
-3.29194 2.21398 -2.18232
-3.31581 2.17813 -2.15816
-3.34267 2.1379 -2.15952
-3.37095 2.09792 -2.18641
-3.39441 2.06555 -2.19806
-3.42228 2.02592 -2.18366
-3.44636 1.99035 -2.16583
-3.47566 1.95146 -2.21652
-3.49534 1.92527 -2.21527
-3.51389 1.90031 -2.20989
-3.53756 1.86629 -2.17864
-3.55494 1.84086 -2.17038
-3.57366 1.81462 -2.19055
-3.60248 1.77629 -2.21546
-3.62509 1.74613 -2.21406
-3.64676 1.71457 -2.17253
-3.67314 1.67519 -2.16099
-3.69361 1.64228 -2.12719
-3.71802 1.60445 -2.14385
-3.7373 1.57354 -2.1285
-3.75746 1.54068 -2.12113
-3.7807 1.49957 -2.08531
-3.79527 1.4734 -2.07888
-3.81164 1.44417 -2.08129
-3.82973 1.41046 -2.06331
-3.84788 1.38033 -2.11285
-3.86991 1.33914 -2.06197
-3.88732 1.30539 -2.047
-3.89756 1.28449 -2.02663
-3.91071 1.2582 -2.03441
-3.92839 1.22554 -2.06709
-3.9403 1.20261 -2.04981
-3.96135 1.16118 -2.04078
-3.97948 1.1248 -2.03325
-3.99348 1.09395 -1.99664
-4.00414 1.0693 -1.97914
-4.01927 1.02817 -1.92342
-4.03089 0.992986 -1.88955
-4.03954 0.962919 -1.85101
-4.05054 0.925226 -1.85474
-4.06141 0.892978 -1.89577
-4.07581 0.855328 -1.93616
-4.08847 0.825306 -1.97004
-4.09909 0.801417 -1.98898
-4.10642 0.784929 -1.98922
-4.11492 0.763526 -1.94875
-4.12092 0.748553 -1.95212
-4.12915 0.729452 -1.97747
-4.13901 0.707209 -1.98819
-4.13912 0.706971 -1.97594
-4.14001 0.705021 -2.00104
-4.14636 0.692194 -2.03066
-4.1505 0.683764 -2.02699
-4.15456 0.67535 -2.02081
-4.16297 0.658583 -2.0356
-4.16861 0.647904 -2.05678
-4.17587 0.635232 -2.09078
-4.18028 0.627253 -2.07585
-4.18223 0.623578 -2.0593
-4.18931 0.610642 -2.0715
-4.19576 0.599282 -2.08715
-4.19905 0.59332 -2.07481
-4.20357 0.585969 -2.12225
-4.20492 0.583716 -2.1089
-4.21162 0.573036 -2.13121
-4.21321 0.570533 -2.13775
-4.21602 0.566095 -2.13441
-4.22439 0.552767 -2.13176
-4.22994 0.543602 -2.11521
-4.23635 0.533147 -2.12098
-4.23988 0.527486 -2.12812
-4.24238 0.523893 -2.17786
-4.24985 0.513857 -2.21124
-4.25552 0.506385 -2.21968
-4.25803 0.503183 -2.23535
-4.26048 0.500301 -2.27576
-4.26829 0.490875 -2.26269
-4.26909 0.489838 -2.22618
-4.27533 0.481886 -2.23607
True
0.179836
