-5.47661 -1.56383 -0.140763
-5.43677 -1.56913 -0.132259
-5.39276 -1.5743 -0.116972
-5.35392 -1.57992 -0.143799
-5.30415 -1.58392 -0.0801054
-5.25668 -1.58845 -0.0950409
-5.21779 -1.59035 -0.048827
-5.16827 -1.59486 -0.0910112
-5.13285 -1.59567 -0.0227667
-5.09119 -1.59726 -0.038097
-5.04141 -1.60155 -0.0860318
-4.99153 -1.60456 -0.0602693
-4.94686 -1.6048 -0.00535867
-4.90556 -1.60427 0.0129745
-4.85775 -1.60447 -0.00420115
-4.80828 -1.60301 0.0295284
-4.76192 -1.60197 0.0222695
-4.71193 -1.60127 0.0139572
-4.66259 -1.59865 0.0531259
-4.61379 -1.59742 0.0253159
-4.56381 -1.59744 -0.000493573
-4.51435 -1.59731 0.00254202
-4.46444 -1.59809 -0.0155067
-4.41664 -1.59531 0.058133
-4.36682 -1.59131 0.0801077
-4.31817 -1.58674 0.0936119
-4.26859 -1.58178 0.0996623
-4.21942 -1.57846 0.0674018
-4.17031 -1.57525 0.0652918
-4.1208 -1.57305 0.0443794
-4.07103 -1.57033 0.0546131
-4.02284 -1.56976 0.0118585
-3.97304 -1.57057 -0.0163085
-3.93517 -1.57083 -0.00692031
-3.89226 -1.57356 -0.0635111
-3.84256 -1.57637 -0.0563366
-3.80071 -1.57996 -0.0856494
-3.75107 -1.5827 -0.0551504
-3.70979 -1.58571 -0.0728804
-3.67043 -1.58925 -0.0896698
-3.62489 -1.59232 -0.0672635
-3.58728 -1.5948 -0.0659541
-3.53732 -1.59666 -0.0371277
-3.48737 -1.59846 -0.0360409
-3.44208 -1.59987 -0.0311547
-3.39214 -1.60191 -0.0408408
-3.34234 -1.60136 0.0111538
-3.30236 -1.60094 0.0104763
-3.25814 -1.60257 -0.0368997
-3.21197 -1.60415 -0.0341887
-3.17547 -1.60635 -0.06031
-3.12818 -1.609 -0.055928
-3.07829 -1.61091 -0.0381756
-3.02846 -1.61496 -0.0812097
-2.97903 -1.61655 -0.0321737
-2.93264 -1.61661 -0.00118035
-2.88338 -1.61754 -0.018995
-2.83593 -1.61842 -0.0183616
-2.78605 -1.62089 -0.0494968
-2.73998 -1.62243 -0.0335176
-2.69841 -1.62388 -0.034944
-2.64857 -1.62771 -0.0766593
-2.61139 -1.6294 -0.045429
-2.57504 -1.63062 -0.0335204
-2.53417 -1.63363 -0.0735296
-2.49086 -1.63589 -0.0520248
-2.44827 -1.63767 -0.041778
-2.3983 -1.63773 -0.001228
-2.34839 -1.63745 0.00554683
-2.29841 -1.63607 0.0276039
-2.25166 -1.6335 0.0549337
-2.20173 -1.63216 0.0268899
-2.15175 -1.6306 0.0311653
-2.10205 -1.62519 0.108361
-2.0664 -1.6215 0.10337
-2.02011 -1.61837 0.0674753
-1.97299 -1.61548 0.0611282
-1.9243 -1.61402 0.0300888
-1.88362 -1.61401 0.000158951
-1.83379 -1.61136 0.0530758
-1.78399 -1.60737 0.0799638
-1.74589 -1.60379 0.093702
-1.70533 -1.60025 0.0870419
-1.65627 -1.59405 0.125853
-1.60733 -1.5875 0.132941
-1.5577 -1.58158 0.118683
-1.50896 -1.57626 0.108863
-1.46134 -1.5719 0.0911893
-1.42312 -1.57057 0.034809
-1.37758 -1.56801 0.056269
-1.32778 -1.56779 0.00428725
-1.28517 -1.56694 0.0200423
-1.2371 -1.56596 0.0202789
-1.1877 -1.56461 0.0273088
-1.13865 -1.56416 0.00920517
-1.08906 -1.56321 0.0192301
-1.04122 -1.5617 0.0314348
-0.991341 -1.55825 0.0692427
-0.94157 -1.55536 0.0578428
-0.891767 -1.55445 0.018406
-0.841852 -1.5558 -0.0271597
-0.792974 -1.55614 -0.00691641
-0.747626 -1.55464 0.0331175
-0.70922 -1.55399 0.0169828
-0.667496 -1.55278 0.0289846
-0.61895 -1.54915 0.0746037
-0.576851 -1.54678 0.0560775
-0.526918 -1.54543 0.0270681
-0.479071 -1.54253 0.0606013
-0.429374 -1.54066 0.0376817
-0.37957 -1.54069 -0.000718292
-0.336388 -1.54006 0.0146108
-0.287519 -1.53957 0.0100809
-0.241468 -1.54071 -0.0248902
-0.192107 -1.5454 -0.094689
-0.144752 -1.54772 -0.0489279
-0.0948281 -1.55036 -0.052766
-0.0530357 -1.55231 -0.0466956
-0.0118137 -1.5527 -0.00933767
0.0322717 -1.55042 0.0516745
0.0788964 -1.54822 0.0471058
0.128881 -1.54937 -0.0229588
0.165376 -1.54996 -0.0162075
0.208282 -1.54959 0.00860807
0.256645 -1.549 0.012144
0.293486 -1.54893 0.00192582
0.342985 -1.54984 -0.0183746
0.392945 -1.5515 -0.0333243
0.44138 -1.55314 -0.0336628
0.48381 -1.5534 -0.00617713
0.529167 -1.55517 -0.0390523
0.565322 -1.5576 -0.0669978
0.611766 -1.56172 -0.0885489
0.660957 -1.56617 -0.0902822
0.704753 -1.56888 -0.0618115
0.751805 -1.57085 -0.0418006
0.800356 -1.57379 -0.0605564
0.842971 -1.57596 -0.0506548
0.884645 -1.57667 -0.0172009
0.929216 -1.57902 -0.0525754
0.978706 -1.58411 -0.102444
1.02766 -1.59052 -0.130345
1.07732 -1.59612 -0.112137
1.12142 -1.59979 -0.0830586
1.16882 -1.60379 -0.0843454
1.20735 -1.60714 -0.0867005
1.25225 -1.61208 -0.109575
1.2875 -1.61717 -0.143366
1.33709 -1.62327 -0.122421
1.37788 -1.62983 -0.159479
1.42701 -1.6335 -0.0744073
1.47644 -1.64054 -0.141498
1.52027 -1.64655 -0.136327
1.56264 -1.65075 -0.0989223
1.61247 -1.65473 -0.0795292
1.64286 -1.65694 -0.0726199
1.67316 -1.65863 -0.0559738
1.71773 -1.66075 -0.0474637
1.76034 -1.66417 -0.0801264
1.80775 -1.6701 -0.124275
1.85513 -1.67476 -0.098097
1.9044 -1.68081 -0.122209
1.95219 -1.68529 -0.0934943
2.0011 -1.68952 -0.0863029
2.03485 -1.69306 -0.104445
2.06587 -1.69746 -0.140894
2.10325 -1.70441 -0.183933
2.15018 -1.71404 -0.202341
2.19814 -1.72194 -0.163318
2.24458 -1.72856 -0.141566
2.29397 -1.73626 -0.15451
2.34316 -1.7437 -0.150219
2.38989 -1.75164 -0.168223
2.43866 -1.76215 -0.212409
2.48493 -1.77245 -0.218848
2.5319 -1.78261 -0.213171
2.57138 -1.79042 -0.195177
2.61947 -1.80264 -0.248881
2.66382 -1.81253 -0.219317
2.71246 -1.82389 -0.229531
2.76068 -1.83491 -0.224737
2.80961 -1.84519 -0.207038
2.85236 -1.85362 -0.194712
2.89866 -1.8642 -0.224565
2.94385 -1.87483 -0.230987
2.9889 -1.88502 -0.222471
3.02707 -1.89501 -0.256194
3.06801 -1.90528 -0.245651
3.11695 -1.91519 -0.199766
3.16478 -1.92463 -0.194952
3.20879 -1.93504 -0.232175
3.2551 -1.94587 -0.229844
3.30304 -1.95835 -0.254655
3.34945 -1.97003 -0.246541
3.39441 -1.98092 -0.237673
3.43606 -1.99344 -0.292
3.48412 -2.00679 -0.270818
3.52122 -2.01746 -0.28016
3.55622 -2.0289 -0.315859
3.58454 -2.03844 -0.324897
3.62071 -2.04938 -0.293638
3.66099 -2.06119 -0.28534
3.69599 -2.06981 -0.241378
3.73471 -2.07737 -0.192952
3.7772 -2.08414 -0.157998
3.82289 -2.08885 -0.102675
3.87232 -2.09382 -0.100179
3.91551 -2.09772 -0.0899938
3.94264 -2.1014 -0.134907
3.98813 -2.10825 -0.149525
4.03229 -2.11267 -0.099641
4.06797 -2.11632 -0.10196
4.09545 -2.1191 -0.101019
4.14057 -2.12496 -0.129016
4.18468 -2.13251 -0.169661
4.21948 -2.13825 -0.163396
4.24808 -2.14194 -0.128353
4.27078 -2.14414 -0.0964187
4.29727 -2.14648 -0.0882125
4.32004 -2.14901 -0.110627
4.32263 -2.1494 -0.149896
4.34104 -2.15091 -0.0817808
4.35347 -2.15202 -0.0890381
4.37364 -2.15298 -0.0476466
4.39887 -2.15532 -0.092399
4.41448 -2.15751 -0.139702
4.42906 -2.15862 -0.0755867
4.43286 -2.15896 -0.090346
4.44928 -2.16141 -0.148088
4.46488 -2.16347 -0.131001
4.48481 -2.16499 -0.0764208
4.49473 -2.16563 -0.0646514
4.50069 -2.16586 -0.0370425
4.51842 -2.16619 -0.0190772
4.53498 -2.16663 -0.0266002
4.55524 -2.16683 -0.0095633
4.57605 -2.16767 -0.0405996
4.60065 -2.1688 -0.0457092
4.62296 -2.17028 -0.0664471
4.64905 -2.17166 -0.0525591
4.68397 -2.17308 -0.0406283
4.71795 -2.17508 -0.0588351
4.72752 -2.17582 -0.0774466
4.74824 -2.17746 -0.0791918
4.77053 -2.17829 -0.0371967
4.80217 -2.17881 -0.0162332
4.82035 -2.17869 0.00669309
4.82526 -2.17869 -0.00141312
4.83394 -2.17858 0.0127398
4.84399 -2.17837 0.0215415
4.86975 -2.17748 0.0343447
4.8803 -2.17736 0.0117522
4.89909 -2.17787 -0.0270905
4.92229 -2.17919 -0.057032
4.92923 -2.17989 -0.1
4.9399 -2.18109 -0.112455
4.94638 -2.18174 -0.0997175
4.95331 -2.18257 -0.119245
4.96446 -2.18421 -0.145531
4.97906 -2.18592 -0.117135
4.99596 -2.18765 -0.101841
5.00725 -2.1889 -0.11059
5.0238 -2.18939 -0.0294411
5.05562 -2.18912 0.00840618
5.08227 -2.18802 0.041285
5.11294 -2.18724 0.0255832
5.12172 -2.18708 0.0178826
5.12794 -2.18693 0.0243263
5.12934 -2.18686 0.0471628
5.13222 -2.18675 0.0406758
5.15016 -2.18595 0.0440872
5.16168 -2.1854 0.0482913
5.16884 -2.18528 0.0163927
5.17461 -2.18532 -0.00613
5.19314 -2.18563 -0.0168983
5.21637 -2.18639 -0.0327803
True
0.0662884
