-5.47015 1.44673 -0.392664
-5.43487 1.43406 -0.344677
-5.39882 1.42023 -0.36645
-5.35502 1.40317 -0.371405
-5.3103 1.38687 -0.349517
-5.26361 1.37048 -0.337635
-5.21607 1.35501 -0.3145
-5.17218 1.33647 -0.399707
-5.12658 1.31978 -0.351006
-5.07945 1.30328 -0.336696
-5.03244 1.28664 -0.34022
-4.99229 1.27147 -0.361237
-4.94518 1.25475 -0.340893
-4.90988 1.24212 -0.343668
-4.86537 1.22648 -0.337875
-4.81966 1.2102 -0.342187
-4.7817 1.19718 -0.330362
-4.73997 1.18265 -0.335237
-4.69699 1.16825 -0.323237
-4.64964 1.15222 -0.326356
-4.60296 1.13432 -0.366123
-4.5641 1.11834 -0.390194
-4.51724 1.10295 -0.317381
-4.47123 1.08433 -0.384455
-4.42519 1.06488 -0.399853
-4.39375 1.05279 -0.367173
-4.34771 1.03455 -0.377109
-4.30139 1.01727 -0.357086
-4.25478 1.00193 -0.317872
-4.20813 0.985848 -0.332002
-4.16908 0.969938 -0.386897
-4.13337 0.956215 -0.366911
-4.09113 0.941816 -0.328524
-4.05859 0.929892 -0.351289
-4.01251 0.913851 -0.334977
-3.97566 0.90003 -0.358816
-3.93028 0.882063 -0.376991
-3.88771 0.866306 -0.354453
-3.84472 0.851005 -0.341971
-3.79729 0.835263 -0.320495
-3.75007 0.819932 -0.31393
-3.70338 0.804675 -0.315806
-3.65818 0.792477 -0.263603
-3.61188 0.775689 -0.347841
-3.56636 0.762033 -0.291459
-3.52275 0.748786 -0.294892
-3.47574 0.735218 -0.28096
-3.42794 0.720842 -0.292183
-3.38027 0.705805 -0.305525
-3.33289 0.689847 -0.324914
-3.28637 0.672727 -0.352609
-3.23976 0.655578 -0.352596
-3.19381 0.63996 -0.327606
-3.15166 0.624898 -0.343201
-3.10555 0.609229 -0.327576
-3.05873 0.592966 -0.334322
-3.01253 0.576219 -0.347754
-2.96796 0.559409 -0.360667
-2.92895 0.545388 -0.345047
-2.88232 0.527368 -0.368726
-2.83531 0.511887 -0.318193
-2.79414 0.497002 -0.346896
-2.75447 0.484441 -0.306618
-2.70875 0.471356 -0.278729
-2.66591 0.458514 -0.291304
-2.62036 0.443861 -0.311234
-2.57362 0.430889 -0.270703
-2.53044 0.420344 -0.239521
-2.48805 0.409414 -0.252326
-2.44443 0.396473 -0.288443
-2.39627 0.383265 -0.267649
-2.34916 0.367066 -0.3312
-2.30663 0.355094 -0.274422
-2.2591 0.339588 -0.315344
-2.21169 0.326993 -0.259628
-2.17982 0.320002 -0.215973
-2.14526 0.312419 -0.215998
-2.09866 0.302321 -0.213361
-2.05187 0.291322 -0.230868
-2.00334 0.280161 -0.226066
-1.96015 0.270204 -0.22657
-1.91101 0.261271 -0.179833
-1.86234 0.252056 -0.187131
-1.82831 0.246756 -0.154509
-1.77928 0.23757 -0.185211
-1.73025 0.228104 -0.190724
-1.68325 0.217872 -0.214367
-1.64243 0.208903 -0.216252
-1.59931 0.198422 -0.238473
-1.55033 0.188414 -0.201514
-1.50927 0.178728 -0.231663
-1.46121 0.167697 -0.225653
-1.41915 0.158038 -0.225715
-1.37027 0.147718 -0.208101
-1.32342 0.136934 -0.226237
-1.27896 0.12577 -0.245979
-1.23665 0.116596 -0.213533
-1.19003 0.104789 -0.248067
-1.15059 0.0939643 -0.267836
-1.10947 0.0809995 -0.305447
-1.06207 0.0656803 -0.312575
-1.01848 0.0515861 -0.31276
-0.972139 0.0368663 -0.307537
-0.924279 0.0228394 -0.285097
-0.880744 0.00990179 -0.288863
-0.83525 -0.0031174 -0.278726
-0.796801 -0.0164843 -0.334584
-0.753794 -0.0330393 -0.367449
-0.711022 -0.0514054 -0.40559
-0.664968 -0.0708699 -0.399871
-0.622217 -0.0886541 -0.394224
-0.590948 -0.102658 -0.421046
-0.548719 -0.122272 -0.434841
-0.505131 -0.144728 -0.475708
-0.459531 -0.165227 -0.422473
-0.413769 -0.185276 -0.412937
-0.369981 -0.205515 -0.432952
-0.332466 -0.221421 -0.401026
-0.286363 -0.238582 -0.356339
-0.241733 -0.257827 -0.407106
-0.197036 -0.276051 -0.387156
-0.151381 -0.293995 -0.374495
-0.104944 -0.31253 -0.379758
-0.0604663 -0.329923 -0.372762
-0.0150161 -0.350738 -0.429465
0.0263011 -0.369045 -0.417093
0.0711658 -0.390593 -0.447759
0.114111 -0.408151 -0.388095
0.159813 -0.4283 -0.415241
0.205813 -0.446987 -0.385884
0.244695 -0.462976 -0.39014
0.287062 -0.47741 -0.328351
0.32271 -0.490833 -0.360128
0.366933 -0.508881 -0.387489
0.404296 -0.522561 -0.350978
0.442177 -0.537188 -0.368477
0.486903 -0.555025 -0.379476
0.531705 -0.573455 -0.390281
0.574484 -0.591435 -0.397878
0.619348 -0.61333 -0.454019
0.662518 -0.633133 -0.430096
0.70814 -0.653378 -0.417638
0.750981 -0.672312 -0.416147
0.796393 -0.693068 -0.428716
0.83453 -0.708715 -0.389334
0.873639 -0.726519 -0.427197
0.905232 -0.739405 -0.387288
0.940909 -0.753867 -0.385117
0.983434 -0.770246 -0.367649
1.02913 -0.78521 -0.316493
1.07321 -0.798937 -0.301844
1.11876 -0.814039 -0.32016
1.16619 -0.829708 -0.319078
1.20745 -0.844335 -0.340657
1.25389 -0.859791 -0.321323
1.29154 -0.872222 -0.318899
1.33744 -0.884114 -0.253469
1.38108 -0.898771 -0.324078
1.42784 -0.916247 -0.357639
1.47495 -0.932982 -0.341324
1.51606 -0.948355 -0.357861
1.55977 -0.966242 -0.388438
1.60628 -0.984573 -0.375394
1.64975 -1.00327 -0.406198
1.68988 -1.01938 -0.381877
1.73486 -1.03883 -0.408032
1.76578 -1.05214 -0.406618
1.8118 -1.07166 -0.401151
1.84273 -1.083 -0.351202
1.88295 -1.09837 -0.365188
1.92949 -1.11459 -0.335236
1.97549 -1.13099 -0.342518
2.02283 -1.14708 -0.327639
2.06173 -1.15995 -0.319439
2.09979 -1.17287 -0.327481
2.14715 -1.18712 -0.292147
2.19123 -1.20142 -0.313792
2.23461 -1.21452 -0.293268
2.28173 -1.23124 -0.340806
2.32847 -1.24838 -0.351575
2.37523 -1.26311 -0.305122
2.41306 -1.27553 -0.317276
2.4608 -1.29035 -0.300984
2.50545 -1.30478 -0.312716
2.55135 -1.32079 -0.335579
2.59542 -1.33767 -0.365788
2.63398 -1.35247 -0.366442
2.68042 -1.36839 -0.330276
2.72765 -1.38369 -0.313229
2.75984 -1.39432 -0.31882
2.80605 -1.4118 -0.361712
2.85217 -1.43093 -0.393172
2.89381 -1.44974 -0.424244
2.93801 -1.47106 -0.449458
2.97357 -1.48719 -0.425794
3.01828 -1.50916 -0.456676
3.06135 -1.52709 -0.394681
3.10113 -1.54303 -0.381047
3.14683 -1.56279 -0.408029
3.18837 -1.58047 -0.402479
3.23205 -1.59836 -0.388765
3.27586 -1.61583 -0.379354
3.31099 -1.63016 -0.387274
3.34692 -1.64534 -0.399848
3.38298 -1.66112 -0.412403
3.39991 -1.66868 -0.419818
3.42786 -1.68076 -0.408016
3.46536 -1.69553 -0.375374
3.50753 -1.71168 -0.36568
3.5503 -1.72837 -0.37207
3.58527 -1.74267 -0.388071
3.63103 -1.76167 -0.393692
3.66877 -1.77558 -0.353036
3.70864 -1.78958 -0.337709
3.73917 -1.80035 -0.339157
3.77937 -1.81445 -0.33727
3.82633 -1.82875 -0.295584
3.87173 -1.84105 -0.264716
3.90595 -1.85113 -0.286231
3.94726 -1.86553 -0.335548
3.98324 -1.87968 -0.374657
4.02595 -1.89705 -0.386237
4.05153 -1.90824 -0.412347
4.08925 -1.9247 -0.411435
4.13008 -1.94027 -0.364459
4.17166 -1.95759 -0.394599
4.20577 -1.97083 -0.370384
4.23813 -1.98226 -0.33941
4.28194 -1.99609 -0.305749
4.31973 -2.00923 -0.33477
4.34 -2.01553 -0.301103
4.36005 -2.0218 -0.302907
4.4042 -2.0358 -0.307212
4.44324 -2.04949 -0.33726
4.46203 -2.05636 -0.350538
4.48296 -2.06403 -0.351206
4.52439 -2.0784 -0.33384
4.53762 -2.08381 -0.387803
4.56415 -2.09423 -0.374646
4.593 -2.10602 -0.387721
4.62021 -2.11587 -0.34728
4.63584 -2.12171 -0.357505
4.65115 -2.12742 -0.356966
4.6704 -2.13492 -0.371561
4.69559 -2.14534 -0.39242
4.72064 -2.15488 -0.364022
4.7453 -2.16405 -0.355931
4.78014 -2.17655 -0.34434
4.81167 -2.18496 -0.26064
4.8466 -2.19325 -0.233133
4.87676 -2.20147 -0.265959
4.90407 -2.20906 -0.271065
4.92111 -2.21381 -0.272265
4.93351 -2.21769 -0.302836
4.94703 -2.22158 -0.280381
4.95471 -2.22377 -0.277484
4.97238 -2.22869 -0.271394
5.00707 -2.23809 -0.264733
5.01976 -2.24069 -0.201712
5.03289 -2.24337 -0.201853
5.03837 -2.24478 -0.251703
5.04105 -2.2455 -0.260607
5.05041 -2.24801 -0.262241
5.05573 -2.2496 -0.290789
5.06275 -2.252 -0.330093
5.07614 -2.25637 -0.315111
5.09716 -2.26388 -0.343229
5.10997 -2.26874 -0.362331
5.13051 -2.276 -0.339927
5.15381 -2.28546 -0.385477
5.16215 -2.28893 -0.39491
5.16565 -2.29031 -0.375641
5.16686 -2.29078 -0.366294
5.17194 -2.29278 -0.375397
5.17909 -2.29564 -0.380554
5.19247 -2.30191 -0.438562
5.20913 -2.31009 -0.456362
True
0.270588
