4.47549 -0.00620903 -2.8935
4.44626 -0.0157371 -2.82652
4.41903 -0.0257871 -2.78798
4.37877 -0.044759 -2.70125
4.33692 -0.0708898 -2.58335
4.29609 -0.0991449 -2.53632
4.25546 -0.127983 -2.52429
4.22776 -0.153551 -2.3962
4.19771 -0.183643 -2.35542
4.16409 -0.220042 -2.31668
4.1361 -0.25381 -2.2628
4.10412 -0.290952 -2.28165
4.08387 -0.318131 -2.2112
4.06118 -0.349223 -2.20123
4.03456 -0.391544 -2.13229
4.01975 -0.416373 -2.10861
4.00198 -0.447306 -2.09206
3.98928 -0.47329 -2.02548
3.97247 -0.511071 -1.98951
3.95113 -0.556086 -2.01347
3.93021 -0.597315 -2.04037
3.91187 -0.636894 -2.00472
3.8931 -0.682176 -1.96365
3.87639 -0.72217 -1.96663
3.862 -0.758401 -1.94876
3.84389 -0.804972 -1.94184
3.83031 -0.844305 -1.90317
3.81634 -0.886081 -1.89346
3.80584 -0.927842 -1.81713
3.79658 -0.961295 -1.84086
3.78337 -1.00875 -1.84239
3.76999 -1.05483 -1.85331
3.75577 -1.10271 -1.85942
3.74336 -1.14333 -1.86734
3.72872 -1.19033 -1.8727
3.7146 -1.23805 -1.85854
3.69772 -1.28501 -1.91585
3.68433 -1.33078 -1.85536
3.67276 -1.37772 -1.81255
3.66239 -1.4132 -1.85524
3.65171 -1.44605 -1.88507
3.63728 -1.49028 -1.88617
3.62317 -1.53683 -1.86508
3.61632 -1.55648 -1.90612
3.60092 -1.60377 -1.88561
3.58653 -1.64737 -1.88956
3.57033 -1.6907 -1.92858
3.55729 -1.72776 -1.90907
3.54126 -1.77316 -1.91037
3.52559 -1.81302 -1.94528
3.50908 -1.85564 -1.9405
3.49031 -1.90185 -1.95654
3.47136 -1.94546 -1.98065
3.44842 -1.98987 -2.04755
3.42584 -2.03289 -2.0542
3.41683 -2.04886 -2.08456
3.39024 -2.08856 -2.16103
3.37702 -2.10836 -2.1593
3.36038 -2.1309 -2.20664
3.34317 -2.15328 -2.22662
3.31324 -2.19331 -2.21273
3.28502 -2.23336 -2.18466
3.25721 -2.27334 -2.17851
3.22778 -2.31372 -2.2006
3.19768 -2.35252 -2.23067
3.16497 -2.39018 -2.28593
3.13986 -2.42057 -2.26133
3.10892 -2.45915 -2.24665
3.0765 -2.49617 -2.29005
3.0546 -2.52093 -2.29492
3.02456 -2.55379 -2.31147
2.99392 -2.58423 -2.35953
2.95868 -2.61883 -2.36535
2.93606 -2.64035 -2.38095
2.91688 -2.6592 -2.36486
2.88383 -2.69169 -2.36483
2.84843 -2.72695 -2.35819
2.81963 -2.75667 -2.34041
2.79955 -2.77573 -2.38242
2.76313 -2.80999 -2.3868
2.72763 -2.84519 -2.36036
2.69488 -2.87631 -2.38172
2.66057 -2.90765 -2.40131
2.63721 -2.93057 -2.36596
2.60949 -2.95742 -2.37186
2.57871 -2.98537 -2.40454
2.56699 -2.99573 -2.41749
2.53892 -3.0215 -2.39892
2.50138 -3.05395 -2.42881
2.47378 -3.07789 -2.42711
2.43569 -3.11025 -2.4373
2.39856 -3.14372 -2.40794
2.36846 -3.16745 -2.47403
2.3278 -3.19655 -2.52042
2.28693 -3.22534 -2.52789
2.25031 -3.25084 -2.53334
2.21056 -3.27852 -2.53338
2.16911 -3.30647 -2.54823
2.14124 -3.32605 -2.52914
2.11237 -3.34652 -2.52469
2.07148 -3.37461 -2.53982
2.0379 -3.39776 -2.53795
2.00454 -3.41776 -2.60154
1.96254 -3.44319 -2.59719
1.92391 -3.46711 -2.58718
1.88293 -3.49141 -2.60626
1.8405 -3.51787 -2.58414
1.80027 -3.54257 -2.59094
1.75717 -3.56744 -2.6182
1.7172 -3.58879 -2.65102
1.67459 -3.61024 -2.6751
1.63107 -3.63243 -2.6702
1.59266 -3.65159 -2.67892
1.55273 -3.66933 -2.7234
1.5183 -3.68352 -2.75074
1.4717 -3.6993 -2.81506
1.44221 -3.7092 -2.81763
1.39543 -3.72494 -2.81703
1.35325 -3.73775 -2.84671
1.31219 -3.75068 -2.83665
1.27933 -3.76179 -2.81547
1.2345 -3.77864 -2.78196
1.19594 -3.79362 -2.77106
1.14995 -3.81094 -2.78158
1.10493 -3.82604 -2.81793
1.05818 -3.84106 -2.83066
1.01302 -3.85343 -2.8742
0.970532 -3.86314 -2.91698
0.933205 -3.87158 -2.91937
0.887793 -3.88268 -2.90177
0.841886 -3.89301 -2.92034
0.796921 -3.90231 -2.93749
0.753016 -3.91196 -2.92528
0.706435 -3.92265 -2.916
0.658565 -3.93107 -2.96743
0.615389 -3.93865 -2.96787
0.569783 -3.94684 -2.96401
0.520313 -3.9541 -2.99585
0.471894 -3.96235 -2.97275
0.423475 -3.96946 -2.99581
0.373939 -3.97412 -3.04785
0.324265 -3.97981 -3.02742
0.274652 -3.98599 -3.0177
0.225039 -3.99071 -3.04671
0.18474 -3.99561 -3.02067
0.13656 -4.00005 -3.04977
0.0931918 -4.00251 -3.08496
0.0437229 -4.00411 -3.10915
-0.00344238 -4.00534 -3.11553
-0.048138 -4.00706 -3.10324
-0.0980589 -4.00971 -3.08842
-0.145565 -4.01104 -3.11375
-0.187007 -4.01231 -3.11077
-0.219947 -4.01239 -3.13918
-0.265945 -4.01113 -3.16892
-0.315852 -4.00857 3.09029
-0.362505 -4.00599 3.08639
-0.40306 -4.00205 3.04475
-0.449122 -3.9972 3.03658
-0.4949 -3.99325 3.05551
-0.537233 -3.98853 3.03065
-0.58701 -3.9844 3.05869
-0.634388 -3.98008 3.05064
-0.681355 -3.97347 3.00197
-0.728167 -3.96765 3.0178
-0.769655 -3.96314 3.03336
-0.818603 -3.95613 2.99923
-0.868003 -3.94931 3.0044
-0.91709 -3.94091 2.97222
-0.960948 -3.93251 2.9524
-1.00356 -3.92302 2.92242
-1.03355 -3.91746 2.95831
-1.07816 -3.90765 2.92504
-1.11804 -3.89595 2.85617
-1.15156 -3.88506 2.82757
-1.19242 -3.87189 2.82968
-1.22806 -3.86043 2.8306
-1.27077 -3.84782 2.85444
-1.31815 -3.83192 2.81787
-1.36553 -3.81728 2.84184
-1.41299 -3.80209 2.83191
-1.46017 -3.78664 2.8252
-1.50476 -3.77213 2.82689
-1.5474 -3.75872 2.83704
-1.58505 -3.74457 2.78206
-1.63196 -3.72751 2.79278
-1.6785 -3.71026 2.78665
-1.71965 -3.69393 2.76369
-1.76275 -3.67631 2.75348
-1.80882 -3.65689 2.74275
-1.85094 -3.63784 2.71688
-1.89555 -3.61756 2.71493
-1.94159 -3.59872 2.75318
-1.98438 -3.57962 2.72167
-2.02939 -3.55951 2.72144
-2.07159 -3.53961 2.7009
-2.11635 -3.51734 2.68003
-2.16013 -3.4932 2.63771
-2.19647 -3.47495 2.67604
-2.23957 -3.44962 2.61033
-2.28188 -3.42585 2.62965
-2.32459 -3.40099 2.61451
-2.3661 -3.37559 2.59243
-2.40194 -3.35528 2.62607
-2.44052 -3.32936 2.54986
-2.48154 -3.30261 2.56386
-2.52252 -3.27629 2.57066
-2.56366 -3.2485 2.54747
-2.60123 -3.22356 2.55559
-2.63929 -3.19639 2.52159
-2.67601 -3.17042 2.52616
-2.71664 -3.14171 2.52628
-2.75387 -3.11598 2.53703
-2.79273 -3.08573 2.48011
-2.82842 -3.05817 2.48387
-2.86378 -3.0301 2.47076
-2.89912 -3.00032 2.44143
-2.93073 -2.97393 2.44577
-2.95928 -2.94948 2.43346
-2.99096 -2.92287 2.44302
-3.027 -2.89506 2.4844
-3.05232 -2.87564 2.48724
-3.06778 -2.86275 2.44625
-3.09785 -2.83742 2.44181
-3.12668 -2.81114 2.40232
-3.14952 -2.78912 2.37437
-3.18108 -2.75802 2.36357
-3.21281 -2.72901 2.40106
-3.24685 -2.69598 2.37122
-3.27036 -2.67147 2.33532
-3.29434 -2.64677 2.34154
-3.31957 -2.62196 2.36445
-3.33183 -2.61025 2.37879
-3.33894 -2.60346 2.38014
-3.35566 -2.58876 2.42038
-3.36796 -2.57795 2.42056
-3.37992 -2.56777 2.43656
-3.39207 -2.55741 2.4356
-3.41091 -2.54131 2.43422
-3.43647 -2.52029 2.45348
-3.46011 -2.50012 2.43522
-3.48785 -2.47628 2.43158
-3.52093 -2.44801 2.43433
-3.54627 -2.4266 2.44029
-3.55917 -2.41602 2.45462
-3.5718 -2.40571 2.45681
-3.5914 -2.39052 2.48229
-3.60102 -2.3834 2.50485
-3.62191 -2.36796 2.50483
-3.64486 -2.35246 2.54787
-3.66603 -2.33923 2.5826
-3.69487 -2.32119 2.58297
-3.72205 -2.30311 2.55444
-3.74911 -2.28575 2.57098
-3.77848 -2.26693 2.57188
-3.80767 -2.24784 2.56237
-3.84369 -2.22128 2.50638
-3.87119 -2.20008 2.4847
-3.8825 -2.19161 2.49889
-3.90165 -2.17672 2.48054
-3.92489 -2.15872 2.48265
-3.92838 -2.15599 2.47818
-3.9363 -2.14989 2.48552
-3.94015 -2.14693 2.48484
-3.96094 -2.131 2.48771
-3.97599 -2.11896 2.467
-4.00029 -2.09879 2.44895
-4.02544 -2.07727 2.43378
-4.05946 -2.04644 2.40521
-4.08444 -2.02223 2.37203
-4.10795 -1.99949 2.37289
-4.12536 -1.98292 2.38053
-4.13201 -1.97685 2.40263
-4.13944 -1.97064 2.44499
-4.14637 -1.96545 2.49875
-4.15996 -1.95535 2.5028
-4.16813 -1.94898 2.47879
-4.17867 -1.93983 2.42669
-4.18525 -1.93349 2.375
-4.18682 -1.93184 2.33017
-4.18962 -1.92883 2.31976
-4.19977 -1.91866 2.35506
-4.20668 -1.91174 2.356
-4.21092 -1.90778 2.38998
-4.21793 -1.90077 2.35635
-4.21884 -1.89986 2.35588
-4.22275 -1.89599 2.36092
-4.22506 -1.89321 2.26486
-4.22569 -1.89241 2.23992
-4.23165 -1.88443 2.21232
-4.2319 -1.88407 2.17915
-4.23448 -1.88011 2.14753
-4.23376 -1.88116 2.17019
-4.23774 -1.87525 2.16347
True
0.186921
