4.47936 -0.0056974 -2.87232
4.44846 -0.0166121 -2.80203
4.42129 -0.0299533 -2.68514
4.37847 -0.0523354 -2.65989
4.34072 -0.0755945 -2.58944
4.32012 -0.0878194 -2.60594
4.29422 -0.104814 -2.56105
4.25426 -0.131961 -2.54481
4.21534 -0.161924 -2.48553
4.18393 -0.186622 -2.47522
4.14578 -0.218539 -2.44487
4.11041 -0.253494 -2.36208
4.07984 -0.289497 -2.27486
4.05427 -0.322234 -2.23378
4.02434 -0.362278 -2.21274
4.00063 -0.400183 -2.12977
3.97772 -0.44209 -2.07098
3.96683 -0.462157 -2.06817
3.94545 -0.507352 -2.0126
3.9319 -0.540608 -1.9578
3.91103 -0.586047 -2.00125
3.89536 -0.628321 -1.92585
3.88183 -0.66489 -1.9251
3.8703 -0.698552 -1.90099
3.85556 -0.73712 -1.93581
3.85282 -0.744096 -1.9448
3.85353 -0.742325 -1.95219
3.85022 -0.750372 -1.96106
3.83855 -0.781636 -1.92814
3.82712 -0.813967 -1.91043
3.81349 -0.848375 -1.94802
3.80026 -0.881711 -1.94864
3.78145 -0.922657 -2.00138
3.76271 -0.964895 -1.98838
3.74717 -0.998756 -2.00117
3.72703 -1.04409 -1.98893
3.70731 -1.08861 -1.98777
3.69224 -1.12586 -1.95507
3.67324 -1.17021 -1.97554
3.65264 -1.21572 -1.99584
3.63409 -1.25415 -2.02051
3.61479 -1.30027 -1.96719
3.59625 -1.34355 -1.97544
3.58104 -1.38834 -1.89821
3.56605 -1.42991 -1.9168
3.55266 -1.4739 -1.86637
3.5362 -1.5211 -1.90624
3.51783 -1.56748 -1.94806
3.50917 -1.59066 -1.92839
3.49494 -1.62485 -1.96505
3.476 -1.67111 -1.95937
3.45452 -1.71603 -2.01696
3.43599 -1.7574 -1.99192
3.4157 -1.79655 -2.04881
3.39506 -1.83694 -2.04336
3.37215 -1.88135 -2.04694
3.35143 -1.91989 -2.06409
3.32652 -1.96322 -2.09259
3.30217 -2.00522 -2.09627
3.28323 -2.04036 -2.06504
3.26349 -2.07797 -2.05419
3.23686 -2.12027 -2.13253
3.21095 -2.1594 -2.15581
3.18749 -2.19269 -2.18458
3.16447 -2.22473 -2.19395
3.13702 -2.26211 -2.20415
3.10798 -2.30001 -2.22465
3.0765 -2.33885 -2.25185
3.04823 -2.37273 -2.26618
3.01548 -2.4102 -2.28908
2.9884 -2.43841 -2.33564
2.9552 -2.47332 -2.33118
2.92307 -2.50625 -2.34388
2.88633 -2.54011 -2.39699
2.85598 -2.56857 -2.3883
2.81951 -2.60277 -2.38839
2.79563 -2.62652 -2.35888
2.76537 -2.65551 -2.37764
2.74548 -2.67574 -2.34759
2.71392 -2.70481 -2.39715
2.69682 -2.72091 -2.38666
2.66838 -2.75225 -2.30771
2.63481 -2.78931 -2.30681
2.60112 -2.82624 -2.3103
2.56658 -2.8624 -2.33335
2.53094 -2.8974 -2.36517
2.49691 -2.93117 -2.36012
2.46217 -2.96424 -2.38073
2.42934 -2.99205 -2.4388
2.39276 -3.02453 -2.41553
2.35459 -3.05657 -2.44331
2.32055 -3.08109 -2.51741
2.28094 -3.11156 -2.48576
2.2442 -3.13869 -2.50562
2.21147 -3.16238 -2.51498
2.17087 -3.19046 -2.53653
2.13238 -3.21803 -2.52017
2.0915 -3.244 -2.57551
2.04899 -3.2703 -2.58749
2.03025 -3.28054 -2.64188
1.99839 -3.29884 -2.62015
1.96827 -3.31599 -2.624
1.93067 -3.3379 -2.61391
1.89983 -3.3559 -2.61332
1.85609 -3.38011 -2.63607
1.83567 -3.39221 -2.60682
1.81285 -3.40469 -2.64081
1.76995 -3.43034 -2.60275
1.72996 -3.45232 -2.63898
1.68831 -3.4732 -2.67688
1.64712 -3.4938 -2.67785
1.60135 -3.51391 -2.72762
1.55758 -3.53216 -2.74665
1.51609 -3.5482 -2.77278
1.47825 -3.56227 -2.78537
1.43407 -3.57892 -2.78141
1.38719 -3.59632 -2.78608
1.34083 -3.61421 -2.77341
1.30153 -3.63003 -2.75882
1.26069 -3.64567 -2.77574
1.21413 -3.66381 -2.77014
1.1767 -3.6771 -2.80054
1.12986 -3.69457 -2.7846
1.08362 -3.71359 -2.75125
1.04356 -3.72838 -2.78804
1.0056 -3.74272 -2.78039
0.967335 -3.75792 -2.7633
0.929823 -3.77082 -2.81046
0.902126 -3.78002 -2.82101
0.858464 -3.79526 -2.80574
0.811515 -3.81246 -2.79047
0.769879 -3.82437 -2.8629
0.723014 -3.83698 -2.87863
0.681507 -3.84849 -2.87121
0.64198 -3.86082 -2.83927
0.608706 -3.87056 -2.85663
0.566583 -3.8817 -2.88315
0.518062 -3.89297 -2.91334
0.46957 -3.90514 -2.89566
0.42051 -3.91218 -2.99908
0.373505 -3.92049 -2.96666
0.329664 -3.92703 -2.99354
0.299333 -3.93036 -3.03232
0.252273 -3.93275 -3.09068
0.209335 -3.93532 -3.08202
0.159459 -3.93749 -3.0981
0.10978 -3.94068 -3.07746
0.0612492 -3.94258 -3.10239
0.0244289 -3.94297 -3.13097
-0.0244881 -3.94221 -3.15714
-0.0656592 -3.94085 3.10862
-0.11493 -3.93778 3.07939
-0.156815 -3.93455 3.0646
-0.206171 -3.92874 3.02428
-0.252054 -3.92415 3.0419
-0.297171 -3.91926 3.03379
-0.343382 -3.9142 3.03245
-0.381355 -3.90981 3.02662
-0.42907 -3.90337 3.00739
-0.473678 -3.89655 2.98973
-0.522627 -3.88839 2.97645
-0.566024 -3.88063 2.96476
-0.614988 -3.87068 2.94103
-0.659843 -3.86171 2.94433
-0.706782 -3.85359 2.97022
-0.754667 -3.84533 2.97074
-0.801587 -3.83475 2.91992
-0.837056 -3.82619 2.90481
-0.885499 -3.81387 2.89247
-0.934048 -3.80192 2.90016
-0.982677 -3.79072 2.91533
-1.02926 -3.77704 2.85593
-1.07279 -3.76354 2.84086
-1.11727 -3.74976 2.8412
-1.16435 -3.73488 2.83541
-1.20977 -3.721 2.84505
-1.24586 -3.70854 2.80919
-1.28928 -3.69239 2.78545
-1.33571 -3.67395 2.7635
-1.36949 -3.66087 2.77223
-1.41519 -3.64158 2.74228
-1.45218 -3.62627 2.74915
-1.49796 -3.60777 2.75761
-1.54404 -3.58856 2.74648
-1.58915 -3.56812 2.71619
-1.63402 -3.54607 2.68471
-1.67254 -3.52525 2.64617
-1.70923 -3.50464 2.62974
-1.74358 -3.48458 2.61313
-1.78617 -3.45996 2.61731
-1.8121 -3.44557 2.6351
-1.85074 -3.42434 2.63921
-1.88866 -3.40268 2.62254
-1.9326 -3.37994 2.66405
-1.97679 -3.35759 2.67332
-2.02067 -3.33444 2.65611
-2.06034 -3.31237 2.63405
-2.08899 -3.2962 2.62767
-2.1189 -3.27882 2.61529
-2.16076 -3.25358 2.59885
-2.2035 -3.2279 2.60067
-2.24053 -3.2066 2.61953
-2.27992 -3.1833 2.6074
-2.32225 -3.15668 2.58022
-2.35589 -3.13509 2.571
-2.39814 -3.10844 2.57887
-2.43813 -3.08108 2.54155
-2.47876 -3.0521 2.52211
-2.51612 -3.02601 2.53203
-2.55632 -2.99798 2.53261
-2.58331 -2.97956 2.54276
-2.61352 -2.95886 2.54092
-2.65068 -2.93075 2.49392
-2.69144 -2.90219 2.53036
-2.71902 -2.88145 2.49692
-2.75146 -2.85703 2.49637
-2.78963 -2.82902 2.5086
-2.82901 -2.79992 2.505
-2.85989 -2.77579 2.4784
-2.88689 -2.75393 2.46094
-2.92127 -2.72601 2.45967
-2.96092 -2.70046 2.56901
-3.00155 -2.67172 2.52592
-3.03825 -2.6453 2.5178
-3.0752 -2.61736 2.49404
-3.10634 -2.59349 2.48775
-3.14246 -2.56901 2.54593
-3.17034 -2.55167 2.58502
-3.20276 -2.53036 2.56022
-3.24043 -2.50484 2.5461
-3.27001 -2.4846 2.54154
-3.28069 -2.4772 2.53551
-3.28783 -2.47153 2.47049
-3.30416 -2.46048 2.54666
-3.30448 -2.46028 2.57667
-3.32436 -2.44717 2.55876
-3.3417 -2.43619 2.57708
-3.35975 -2.42541 2.60321
-3.384 -2.41078 2.59873
-3.41034 -2.39628 2.63852
-3.42941 -2.38659 2.67121
-3.43999 -2.38109 2.66212
-3.45412 -2.3729 2.6168
-3.46555 -2.36682 2.65228
-3.48321 -2.35686 2.62801
-3.4971 -2.34886 2.61926
-3.51051 -2.34136 2.63151
-3.53836 -2.32683 2.66074
-3.56658 -2.31229 2.66577
-3.59316 -2.29902 2.67848
-3.61325 -2.28981 2.71193
-3.64793 -2.27229 2.67392
-3.65522 -2.26786 2.59486
-3.67578 -2.25483 2.5767
-3.68321 -2.25008 2.57341
-3.69329 -2.24421 2.61383
-3.69609 -2.24257 2.6119
-3.70476 -2.23769 2.62895
-3.73017 -2.22325 2.62476
-3.75013 -2.21235 2.64187
-3.75826 -2.20777 2.62901
-3.78372 -2.19235 2.59685
-3.81893 -2.17485 2.68041
-3.85011 -2.15818 2.65053
-3.86861 -2.14782 2.63106
-3.88787 -2.13731 2.64214
-3.9013 -2.12965 2.62293
-3.91811 -2.11914 2.58325
-3.92348 -2.11568 2.56899
-3.93217 -2.10994 2.55765
-3.95122 -2.09818 2.58862
-3.95479 -2.09607 2.60677
-3.96189 -2.0919 2.61069
-3.98267 -2.07898 2.58513
-4.01617 -2.05728 2.56702
-4.04738 -2.03571 2.5368
-4.07379 -2.0166 2.51512
-4.08635 -2.00752 2.51606
-4.10539 -1.99337 2.50235
-4.11509 -1.98631 2.51239
-4.12052 -1.98236 2.5122
-4.12633 -1.97807 2.50587
-4.13791 -1.96981 2.52202
-4.1468 -1.96293 2.4829
-4.16001 -1.95285 2.48982
-4.16852 -1.94605 2.46768
-4.17517 -1.94105 2.49593
-4.17746 -1.93934 2.50147
-4.19163 -1.92809 2.47041
-4.20144 -1.92006 2.45603
-4.2138 -1.90981 2.44927
-4.22018 -1.90447 2.4448
-4.23248 -1.89412 2.44219
-4.244 -1.88413 2.42715
-4.25569 -1.8736 2.40793
-4.26025 -1.86992 2.46353
-4.27118 -1.86117 2.46649
-4.27436 -1.85879 2.5
-4.28023 -1.85437 2.49528
-4.29062 -1.84611 2.46966
-4.29541 -1.84279 2.53585
-4.30307 -1.83718 2.50982
-4.30943 -1.83227 2.48456
-4.31393 -1.8287 2.46918
-4.31495 -1.82776 2.40131
-4.32234 -1.81962 2.30793
-4.3281 -1.81283 2.27399
-4.3409 -1.79853 2.301
True
0.0657175
