-5.46998 0.871461 -0.116017
-5.45836 0.870737 -0.0622396
-5.44001 0.868542 -0.119008
-5.40127 0.863783 -0.122253
-5.35241 0.856587 -0.1462
-5.30331 0.849181 -0.149727
-5.26999 0.843962 -0.155362
-5.22467 0.839346 -0.101497
-5.17818 0.834319 -0.107739
-5.12869 0.82784 -0.130151
-5.0864 0.823291 -0.107154
-5.03672 0.817724 -0.111601
-4.99312 0.811801 -0.135021
-4.9442 0.802794 -0.18207
-4.89825 0.795034 -0.167313
-4.84856 0.789495 -0.111015
-4.80781 0.784508 -0.121776
-4.76148 0.779452 -0.1087
-4.71208 0.77389 -0.112102
-4.66834 0.77049 -0.0775934
-4.63032 0.769216 -0.0334981
-4.58087 0.764787 -0.0893091
-4.53598 0.760791 -0.0887964
-4.49054 0.755252 -0.121296
-4.44528 0.7506 -0.102436
-4.39933 0.744016 -0.142306
-4.36725 0.739647 -0.135339
-4.3249 0.734587 -0.118927
-4.28131 0.72883 -0.13132
-4.2371 0.721327 -0.168126
-4.1909 0.713956 -0.158199
-4.148 0.705018 -0.20538
-4.09953 0.692744 -0.248027
-4.0501 0.685583 -0.143868
-4.0011 0.676342 -0.1864
-3.95746 0.669407 -0.157622
-3.90793 0.663362 -0.12144
-3.85841 0.656835 -0.13106
-3.81257 0.653779 -0.0665556
-3.76298 0.648886 -0.0983687
-3.71589 0.64182 -0.14893
-3.66751 0.63602 -0.119309
-3.6194 0.628521 -0.15464
-3.57024 0.620233 -0.16701
-3.52397 0.61022 -0.213118
-3.47617 0.59821 -0.24616
-3.43415 0.589058 -0.214475
-3.39252 0.578701 -0.243842
-3.34368 0.56827 -0.210408
-3.29662 0.557263 -0.229733
-3.24706 0.550643 -0.13278
-3.19781 0.542011 -0.173517
-3.15003 0.532403 -0.198463
-3.10147 0.520878 -0.233
-3.05268 0.510674 -0.206185
-3.00549 0.499908 -0.224312
-2.95762 0.488685 -0.230253
-2.90955 0.477432 -0.229968
-2.86079 0.467709 -0.196845
-2.81374 0.459107 -0.180834
-2.76574 0.452547 -0.135816
-2.721 0.446705 -0.129824
-2.67184 0.442629 -0.0827222
-2.62568 0.438228 -0.0950616
-2.57739 0.431739 -0.133575
-2.52767 0.4264 -0.106983
-2.47835 0.419344 -0.142084
-2.44775 0.415718 -0.117952
-2.40418 0.410792 -0.112591
-2.35518 0.407444 -0.0682145
-2.30522 0.405892 -0.0310563
-2.25536 0.40434 -0.0311111
-2.20744 0.401412 -0.0610322
-2.1581 0.399633 -0.0360376
-2.11223 0.396146 -0.0758684
-2.07125 0.392079 -0.0989438
-2.03424 0.388144 -0.1059
-1.99141 0.384692 -0.0804352
-1.94155 0.381054 -0.072832
-1.89229 0.375587 -0.110527
-1.84638 0.369222 -0.137774
-1.81473 0.3667 -0.0794981
-1.77083 0.361582 -0.116076
-1.7224 0.355271 -0.129588
-1.67326 0.346105 -0.184378
-1.62715 0.337785 -0.178544
-1.58301 0.327932 -0.219617
-1.53746 0.320533 -0.161008
-1.49565 0.31339 -0.169236
-1.46348 0.307803 -0.17193
-1.42068 0.300211 -0.175583
-1.3754 0.291742 -0.184886
-1.33086 0.283372 -0.185763
-1.28644 0.27552 -0.174965
-1.24032 0.267987 -0.161902
-1.19349 0.261161 -0.144724
-1.14855 0.25299 -0.179864
-1.10002 0.245175 -0.15965
-1.05681 0.238271 -0.158438
-1.00899 0.229676 -0.177833
-0.961437 0.222203 -0.155898
-0.912383 0.212578 -0.193762
-0.863439 0.203922 -0.175027
-0.829888 0.197026 -0.202715
-0.790524 0.190449 -0.165573
-0.741362 0.181877 -0.172614
-0.692136 0.173238 -0.173741
-0.64458 0.166484 -0.14108
-0.599732 0.158141 -0.183913
-0.557486 0.149836 -0.194114
-0.508286 0.140938 -0.178923
-0.469031 0.132971 -0.200224
-0.421779 0.123764 -0.192456
-0.386215 0.115376 -0.23162
-0.346216 0.10874 -0.164402
-0.296975 0.102916 -0.117721
-0.258049 0.0970367 -0.149912
-0.21505 0.0916872 -0.12377
-0.165378 0.0860167 -0.113669
-0.118655 0.0806315 -0.114749
-0.0734416 0.0754076 -0.11503
-0.0249511 0.0717517 -0.0752524
0.0195225 0.0680276 -0.0835432
0.0693035 0.0634642 -0.0914122
0.118917 0.0573103 -0.123408
0.162903 0.0511248 -0.139708
0.210198 0.0456326 -0.115608
0.257371 0.0387059 -0.145795
0.304271 0.0319682 -0.142685
0.351595 0.0253212 -0.139542
0.393937 0.0182326 -0.165875
0.436595 0.0109436 -0.169236
0.48605 0.00432085 -0.133124
0.531992 -9.95168e-05 -0.0959202
0.581111 -0.00504256 -0.100297
0.630792 -0.0101925 -0.103291
0.678085 -0.0141859 -0.0842399
0.727324 -0.0193499 -0.104493
0.777147 -0.0233274 -0.0796641
0.826427 -0.0254894 -0.0438452
0.876307 -0.0276208 -0.0427032
0.925608 -0.0306354 -0.061071
0.968731 -0.0343324 -0.0855229
1.00573 -0.0378422 -0.094567
1.05543 -0.0431708 -0.10682
1.1051 -0.0481437 -0.0997736
1.15194 -0.0535404 -0.114722
1.19705 -0.0564418 -0.0642304
1.24672 -0.0620546 -0.112526
1.29629 -0.0682193 -0.123723
1.33644 -0.0718281 -0.089634
1.38622 -0.0754359 -0.0723492
1.43591 -0.0810251 -0.112029
1.48435 -0.0871771 -0.126312
1.53387 -0.0928058 -0.113192
1.5734 -0.0981048 -0.133231
1.61935 -0.104185 -0.13157
1.66665 -0.111265 -0.148581
1.7115 -0.118143 -0.152147
1.7595 -0.125386 -0.14978
1.80882 -0.132813 -0.149464
1.85769 -0.142803 -0.201655
1.89109 -0.148098 -0.157219
1.93545 -0.153853 -0.129
1.97684 -0.158772 -0.11831
2.02269 -0.163316 -0.0987947
2.07219 -0.170357 -0.141281
2.11962 -0.176232 -0.123236
2.16767 -0.181688 -0.113056
2.20315 -0.185773 -0.114651
2.24985 -0.19195 -0.131483
2.29955 -0.194462 -0.0504986
2.33429 -0.198285 -0.109587
2.36998 -0.20409 -0.161257
2.41343 -0.212248 -0.185629
2.46263 -0.220756 -0.171229
2.51177 -0.227433 -0.135032
2.5552 -0.234172 -0.153952
2.60399 -0.245063 -0.219627
2.64466 -0.254105 -0.21878
2.69373 -0.263468 -0.188501
2.74048 -0.270672 -0.152908
2.78916 -0.278314 -0.155727
2.83763 -0.287932 -0.195866
2.88262 -0.297537 -0.210381
2.93154 -0.305561 -0.162572
2.97682 -0.310564 -0.110026
3.02074 -0.314786 -0.0958357
3.06911 -0.321468 -0.137275
3.11749 -0.328269 -0.139661
3.16666 -0.33673 -0.170407
3.20915 -0.343556 -0.1593
3.25175 -0.349567 -0.140172
3.30061 -0.355222 -0.115233
3.34836 -0.359412 -0.0875235
3.39459 -0.366483 -0.151778
3.43977 -0.371749 -0.116036
3.48924 -0.378782 -0.141192
3.52335 -0.384639 -0.170094
3.55671 -0.390447 -0.172382
3.59613 -0.395203 -0.120074
3.61736 -0.397902 -0.126408
3.6445 -0.401881 -0.145573
3.69284 -0.408325 -0.132524
3.7275 -0.413192 -0.139513
3.76219 -0.419136 -0.169706
3.79964 -0.425684 -0.173105
3.84759 -0.434011 -0.171924
3.87742 -0.439187 -0.171792
3.91271 -0.445801 -0.18529
3.92948 -0.448434 -0.155701
3.95273 -0.452579 -0.17648
3.9864 -0.457288 -0.138925
4.0115 -0.461825 -0.17887
4.03243 -0.465986 -0.196205
4.05166 -0.469712 -0.191376
4.08709 -0.476935 -0.201112
4.10911 -0.481218 -0.192124
4.12729 -0.483449 -0.12212
4.15273 -0.485281 -0.0719114
4.18483 -0.487125 -0.0573761
4.21478 -0.489112 -0.0662443
4.25974 -0.491653 -0.0564382
4.27567 -0.493198 -0.0967025
4.28321 -0.493793 -0.078845
4.30607 -0.495327 -0.0669909
4.33884 -0.496225 -0.0273948
4.372 -0.49773 -0.0453553
4.40218 -0.499535 -0.0597265
4.42352 -0.500602 -0.0499848
4.43354 -0.501247 -0.0642865
4.46384 -0.504584 -0.109647
4.48791 -0.506387 -0.0748039
4.50581 -0.508167 -0.0991116
4.51741 -0.509365 -0.102873
4.53046 -0.510425 -0.0810731
4.53628 -0.510841 -0.0712855
4.54523 -0.511514 -0.0750635
4.55455 -0.512188 -0.0722319
4.5599 -0.512471 -0.0528944
4.56472 -0.512673 -0.0417056
4.58629 -0.513041 -0.0170903
4.61025 -0.513709 -0.0278531
4.62241 -0.514456 -0.0613471
4.64846 -0.516263 -0.0692661
4.65436 -0.517065 -0.135057
4.66663 -0.519194 -0.171775
4.68664 -0.523355 -0.205015
4.71094 -0.52791 -0.185331
4.73877 -0.532829 -0.174948
4.75337 -0.535433 -0.176493
4.76686 -0.537898 -0.180744
4.76345 -0.537365 -0.155239
4.77906 -0.538908 -0.0985427
4.80094 -0.540549 -0.0748827
4.81796 -0.541608 -0.0621133
4.84501 -0.544065 -0.0906024
4.8591 -0.545362 -0.0917542
4.87726 -0.547527 -0.118625
4.88465 -0.548817 -0.172909
4.90281 -0.552481 -0.199057
4.91523 -0.554945 -0.195875
4.92744 -0.557299 -0.190528
4.93313 -0.558476 -0.203881
4.94553 -0.56112 -0.210159
4.95562 -0.563166 -0.200061
4.97639 -0.567197 -0.191621
5.00319 -0.57305 -0.21505
5.01706 -0.576092 -0.215861
5.03578 -0.580514 -0.231937
5.05362 -0.5854 -0.267357
5.06887 -0.589914 -0.287877
5.0691 -0.589979 -0.266821
5.08647 -0.59506 -0.284673
5.09639 -0.598054 -0.293163
5.10931 -0.601701 -0.275035
5.11255 -0.602624 -0.277893
5.12252 -0.605542 -0.284507
5.1363 -0.609713 -0.293984
5.14719 -0.612966 -0.290162
5.16161 -0.618212 -0.349055
5.17745 -0.624531 -0.379558
5.18561 -0.628026 -0.404618
5.19276 -0.631186 -0.416249
5.20286 -0.635734 -0.423059
5.21071 -0.639646 -0.462283
True
0.0651025
