-5.46427 -0.0699931 0.18256
-5.42403 -0.0619917 0.19629
-5.38125 -0.0541596 0.181095
-5.33253 -0.0429809 0.225536
-5.28401 -0.0326657 0.209477
-5.24233 -0.0230335 0.227082
-5.19463 -0.00927676 0.280799
-5.14709 0.00289319 0.250631
-5.0999 0.0141244 0.233643
-5.05899 0.023889 0.234323
-5.01424 0.0348995 0.241249
-4.97021 0.0442256 0.208705
-4.9282 0.0533427 0.213729
-4.88357 0.0644298 0.243501
-4.84355 0.0749354 0.256713
-4.79523 0.0837823 0.18107
-4.75081 0.0893284 0.124207
-4.709 0.0975321 0.193779
-4.66 0.10748 0.200307
-4.6153 0.115575 0.17915
-4.56963 0.125629 0.216661
-4.52805 0.135009 0.221895
-4.47903 0.144381 0.188887
-4.43156 0.153926 0.19846
-4.38892 0.161056 0.165667
-4.34001 0.170194 0.184718
-4.29729 0.176816 0.153754
-4.25067 0.185804 0.190456
-4.20711 0.194317 0.193009
-4.15912 0.202719 0.173335
-4.10966 0.20889 0.124124
-4.07191 0.215875 0.182962
-4.02589 0.224296 0.180973
-3.97986 0.233655 0.200586
-3.94302 0.241511 0.210126
-3.89705 0.250583 0.19484
-3.85033 0.260627 0.211739
-3.81078 0.268101 0.186789
-3.76148 0.276393 0.16661
-3.7179 0.284318 0.179917
-3.67027 0.293793 0.196373
-3.62166 0.30369 0.200819
-3.57525 0.31261 0.189902
-3.52667 0.31955 0.141908
-3.47761 0.327685 0.1643
-3.43497 0.335504 0.181379
-3.3872 0.342937 0.154355
-3.3388 0.35549 0.253787
-3.29138 0.369274 0.282856
-3.24365 0.384102 0.301249
-3.19508 0.395858 0.237431
-3.14965 0.406989 0.240287
-3.10254 0.418003 0.229692
-3.05875 0.428661 0.238711
-3.00933 0.436196 0.151312
-2.9619 0.44426 0.168412
-2.91696 0.451463 0.158926
-2.87147 0.459941 0.184262
-2.82349 0.468793 0.182454
-2.77815 0.47668 0.172224
-2.72895 0.485582 0.178983
-2.6798 0.494069 0.170984
-2.64156 0.501325 0.187541
-2.59688 0.507109 0.128739
-2.55214 0.515399 0.183209
-2.50397 0.522043 0.13707
-2.45726 0.528279 0.132714
-2.40877 0.534539 0.128395
-2.36144 0.539508 0.104595
-2.31925 0.542908 0.0804343
-2.27595 0.547399 0.103328
-2.23062 0.552793 0.118446
-2.18385 0.559696 0.146551
-2.13455 0.567356 0.154126
-2.08817 0.574102 0.144451
-2.03867 0.581042 0.139271
-1.99234 0.587732 0.14342
-1.94402 0.592498 0.0983099
-1.89513 0.599635 0.144985
-1.8457 0.607027 0.148428
-1.79867 0.61421 0.151578
-1.75075 0.623918 0.199836
-1.71112 0.632073 0.202974
-1.66587 0.64406 0.258946
-1.61777 0.656289 0.248979
-1.56926 0.667935 0.235605
-1.52286 0.678321 0.220191
-1.47408 0.689295 0.221298
-1.42979 0.699736 0.231544
-1.38511 0.710357 0.233337
-1.34272 0.719183 0.20532
-1.29727 0.728701 0.20642
-1.25656 0.738412 0.234156
-1.20846 0.751522 0.266085
-1.16926 0.759538 0.201744
-1.12461 0.770543 0.241629
-1.07624 0.781839 0.229414
-1.02739 0.792052 0.206124
-0.980828 0.803337 0.237757
-0.931842 0.813154 0.197791
-0.883639 0.824049 0.222292
-0.839608 0.833581 0.213186
-0.7982 0.843419 0.233262
-0.750477 0.854106 0.220298
-0.701013 0.861328 0.144983
-0.652888 0.870646 0.191255
-0.603485 0.878309 0.153881
-0.556203 0.885728 0.155648
-0.511113 0.892812 0.155825
-0.473882 0.899964 0.189793
-0.425645 0.908247 0.170067
-0.377032 0.914304 0.123955
-0.332774 0.921416 0.159335
-0.305174 0.925041 0.130567
-0.257748 0.932233 0.150502
-0.208237 0.939157 0.138946
-0.159072 0.945345 0.125199
-0.110922 0.951329 0.123653
-0.0683642 0.957307 0.139542
-0.0211836 0.96378 0.136363
0.0279275 0.972614 0.177968
0.0733006 0.979349 0.147369
0.115071 0.985627 0.14917
0.160251 0.990745 0.112806
0.209686 0.997479 0.135377
0.256266 1.00421 0.143495
0.30493 1.01329 0.184491
0.352295 1.01891 0.118113
0.392644 1.02499 0.149605
0.440955 1.03426 0.189506
0.482153 1.04155 0.175234
0.530076 1.05092 0.192941
0.57883 1.0605 0.19402
0.62424 1.06821 0.168284
0.672418 1.07785 0.19749
0.714659 1.08513 0.170594
0.763985 1.09111 0.120774
0.813098 1.09743 0.127797
0.855377 1.1037 0.147226
0.904439 1.11182 0.164049
0.953867 1.11851 0.134531
1.00029 1.12724 0.186023
1.04547 1.13621 0.196007
1.09497 1.14158 0.107895
1.12542 1.14686 0.171717
1.17134 1.15404 0.1551
1.21279 1.16175 0.183862
1.26169 1.16928 0.152949
1.30973 1.17855 0.190552
1.35588 1.18714 0.184109
1.40456 1.19559 0.17184
1.45111 1.20462 0.191632
1.48899 1.21043 0.152178
1.53633 1.2171 0.139954
1.58318 1.22303 0.125855
1.63268 1.22975 0.134855
1.67476 1.2342 0.105547
1.70813 1.23919 0.148381
1.75507 1.24559 0.135557
1.79279 1.25268 0.18559
1.83774 1.25967 0.154447
1.88314 1.2662 0.142755
1.93236 1.27478 0.172508
1.97981 1.28251 0.161612
2.02906 1.29009 0.1526
2.07693 1.29747 0.153044
2.12565 1.30588 0.17097
2.16633 1.31405 0.198266
2.21318 1.32212 0.170542
2.25635 1.32817 0.139271
2.30415 1.33492 0.14015
2.35353 1.34279 0.158096
2.40108 1.35083 0.167586
2.44372 1.35525 0.103312
2.48413 1.36168 0.157782
2.52798 1.36735 0.128546
2.57679 1.3739 0.13343
2.62626 1.38078 0.138135
2.67546 1.38845 0.154568
2.72044 1.3938 0.118474
2.75336 1.40013 0.1899
2.80116 1.41043 0.212151
2.84131 1.41735 0.170915
2.88318 1.4265 0.214958
2.92196 1.43436 0.200051
2.97041 1.44231 0.16273
3.01646 1.45018 0.169079
3.06556 1.45952 0.188144
3.10964 1.46677 0.162914
3.15485 1.47414 0.161606
3.20291 1.48127 0.14727
3.24758 1.48832 0.15659
3.29498 1.49525 0.145147
3.33663 1.50039 0.122828
3.38602 1.50763 0.14553
3.433 1.51317 0.117336
3.4793 1.51873 0.119535
3.51554 1.52268 0.108701
3.55425 1.52641 0.0960074
3.58933 1.53055 0.117436
3.63435 1.5367 0.135637
3.66893 1.54102 0.124339
3.71089 1.54414 0.07425
3.74189 1.54638 0.0722085
3.77605 1.54934 0.0864776
3.79902 1.55156 0.0964635
3.81884 1.5543 0.137409
3.8435 1.55761 0.133202
3.87179 1.56239 0.167344
3.89517 1.56544 0.129775
3.905 1.56673 0.130607
3.92623 1.56946 0.127773
3.94536 1.57122 0.0919304
3.95592 1.57233 0.104766
3.9811 1.57455 0.0880234
4.02107 1.57809 0.0881899
4.0449 1.58075 0.111361
4.09006 1.58493 0.0921875
4.12977 1.58883 0.0979762
4.15632 1.5908 0.0739198
4.18913 1.59463 0.116248
4.221 1.59836 0.116683
4.25316 1.60309 0.145848
4.28638 1.60764 0.13613
4.31345 1.61127 0.133467
4.34735 1.61626 0.14613
4.36869 1.6197 0.159494
4.37949 1.62093 0.113522
4.38664 1.622 0.148694
4.38834 1.6223 0.173055
4.40473 1.6256 0.198763
4.42736 1.62981 0.183995
4.43682 1.63152 0.179218
4.46188 1.6364 0.192317
4.48138 1.64112 0.237199
4.49029 1.64324 0.233822
4.5084 1.6477 0.241685
4.51873 1.65007 0.225187
4.53613 1.6548 0.265597
4.53712 1.65506 0.253329
4.54904 1.65871 0.297412
4.56877 1.66462 0.290859
4.58755 1.67071 0.313753
4.6171 1.67944 0.287222
4.62859 1.68361 0.348127
4.63624 1.68668 0.382047
4.64575 1.69033 0.366427
4.66596 1.69771 0.349743
4.68351 1.7037 0.329053
4.70616 1.71195 0.349414
4.72618 1.71863 0.321832
4.74537 1.72499 0.320048
4.76261 1.73039 0.303556
4.77854 1.73579 0.32723
4.80201 1.74416 0.342411
4.83478 1.75527 0.326802
4.85857 1.76376 0.342793
4.87954 1.77073 0.3211
4.89642 1.77617 0.311519
4.91596 1.7825 0.313554
4.93113 1.78707 0.292413
4.93435 1.78798 0.275806
4.94604 1.79139 0.283786
4.95865 1.7953 0.300232
4.96778 1.79802 0.290512
4.9882 1.80336 0.255406
4.99843 1.80588 0.241751
5.00665 1.8078 0.230061
5.02768 1.81256 0.222521
5.03951 1.81529 0.226682
5.06347 1.81994 0.191564
5.07672 1.82251 0.191924
5.0828 1.82378 0.206094
5.08646 1.82458 0.214429
5.10149 1.82736 0.182685
5.11041 1.82961 0.247108
5.13685 1.83682 0.266493
5.1443 1.83898 0.281575
5.148 1.83987 0.23784
5.15908 1.8423 0.215087
5.1691 1.84426 0.193685
5.1732 1.84492 0.159901
5.1843 1.84636 0.128726
5.195 1.84748 0.104228
5.20393 1.84812 0.0715733
5.21662 1.84887 0.0588744
True
0.0657218
