-5.47621 -0.778538 0.0362504
-5.43584 -0.778169 0.00913664
-5.38607 -0.773957 0.0844321
-5.34005 -0.769263 0.101638
-5.29064 -0.766378 0.058323
-5.24237 -0.762761 0.0747989
-5.19292 -0.758937 0.0771759
-5.14515 -0.754022 0.102512
-5.09642 -0.75014 0.0794966
-5.04711 -0.745059 0.102689
-5.00451 -0.738696 0.148271
-4.96111 -0.733188 0.126241
-4.91244 -0.728844 0.0890135
-4.86245 -0.728202 0.0128599
-4.81248 -0.729374 -0.0234496
-4.76379 -0.729235 0.00284683
-4.71725 -0.727702 0.0329148
-4.67968 -0.72583 0.0497946
-4.62971 -0.724988 0.0168464
-4.5838 -0.724077 0.0198495
-4.53626 -0.724043 0.000704423
-4.49 -0.72362 0.00915754
-4.44497 -0.72543 -0.0401751
-4.40041 -0.727785 -0.0528096
-4.35514 -0.72912 -0.0294881
-4.30536 -0.731778 -0.0533372
-4.2577 -0.735223 -0.0721568
-4.21317 -0.736791 -0.0352031
-4.16612 -0.738366 -0.033455
-4.11623 -0.738057 0.00619121
-4.06726 -0.738823 -0.0156444
-4.01765 -0.741424 -0.0523779
-3.97078 -0.743911 -0.0530179
-3.92149 -0.745 -0.0220811
-3.87848 -0.745826 -0.0192146
-3.83111 -0.744659 0.024638
-3.78637 -0.742028 0.0587286
-3.73639 -0.742356 -0.00655542
-3.69291 -0.742257 0.00227524
-3.65187 -0.740924 0.0324835
-3.60224 -0.739806 0.0225249
-3.55278 -0.738101 0.0344559
-3.50288 -0.736877 0.0245216
-3.45548 -0.737461 -0.0123295
-3.40798 -0.739093 -0.0343363
-3.36673 -0.739338 -0.0059436
-3.31777 -0.739407 -0.00140248
-3.27001 -0.739358 0.00101151
-3.22411 -0.739625 -0.00581378
-3.17614 -0.741235 -0.0335594
-3.12671 -0.744134 -0.0585573
-3.07687 -0.746922 -0.055881
-3.03081 -0.748529 -0.0348794
-2.9823 -0.748905 -0.00774959
-2.93958 -0.748826 0.00183848
-2.89562 -0.748325 0.0113984
-2.84982 -0.749132 -0.0176028
-2.80285 -0.749389 -0.00548301
-2.75522 -0.750661 -0.0266929
-2.70894 -0.750823 -0.0035075
-2.66183 -0.751214 -0.00829798
-2.61196 -0.75067 0.0109136
-2.5621 -0.749954 0.0143514
-2.51227 -0.747486 0.0494818
-2.46253 -0.744596 0.0580568
-2.41293 -0.741906 0.0541633
-2.36349 -0.742866 -0.0194229
-2.31522 -0.745889 -0.0625239
-2.26571 -0.749823 -0.0792863
-2.21721 -0.752863 -0.0626001
-2.17029 -0.754912 -0.0436633
-2.12048 -0.759194 -0.0857513
-2.0796 -0.762414 -0.0785754
-2.02977 -0.76541 -0.0600778
-1.98339 -0.769427 -0.0863843
-1.93408 -0.772577 -0.0637963
-1.89468 -0.774 -0.0360808
-1.85835 -0.774413 -0.0113921
-1.80836 -0.774876 -0.00924348
-1.76092 -0.776252 -0.0290068
-1.71972 -0.774511 0.0422357
-1.66983 -0.771417 0.061922
-1.63194 -0.769857 0.0411724
-1.58225 -0.766599 0.0654675
-1.53634 -0.765271 0.0289128
-1.4967 -0.764077 0.0300977
-1.4517 -0.760728 0.0743084
-1.41042 -0.757198 0.0852791
-1.36724 -0.752707 0.103646
-1.31973 -0.748224 0.0940611
-1.27468 -0.744218 0.0887068
-1.225 -0.739187 0.100926
-1.18464 -0.735146 0.0998096
-1.1383 -0.73022 0.105873
-1.09022 -0.723192 0.145147
-1.04872 -0.721029 0.0520947
-1.01029 -0.717532 0.0907148
-0.962196 -0.712459 0.105107
-0.920546 -0.709307 0.0755372
-0.872584 -0.70589 0.0711114
-0.823307 -0.700992 0.099086
-0.781014 -0.696253 0.111583
-0.733914 -0.691362 0.103467
-0.684545 -0.687359 0.0809072
-0.643179 -0.683252 0.0989722
-0.593842 -0.6817 0.0314483
-0.548044 -0.67992 0.0388251
-0.498081 -0.678108 0.0362694
-0.450132 -0.677179 0.0193549
-0.402596 -0.677843 -0.0139534
-0.354248 -0.679412 -0.0324526
-0.304765 -0.681408 -0.0403031
-0.255108 -0.681111 0.00597714
-0.211962 -0.681876 -0.0177288
-0.1622 -0.685809 -0.078878
-0.115481 -0.687013 -0.0257534
-0.0763849 -0.690103 -0.0788769
-0.0267785 -0.694173 -0.0818661
0.0230312 -0.698525 -0.0871526
0.0725805 -0.704105 -0.112139
0.121918 -0.705894 -0.0362406
0.170737 -0.706495 -0.0123113
0.220343 -0.710099 -0.072522
0.263557 -0.711764 -0.0385107
0.303202 -0.712711 -0.0238837
0.352939 -0.714314 -0.0322155
0.400783 -0.714002 0.00652159
0.438763 -0.715671 -0.0439272
0.488049 -0.716253 -0.0118089
0.529976 -0.719008 -0.0656214
0.579861 -0.720709 -0.0340787
0.62938 -0.720666 0.000871275
0.676694 -0.720528 0.00290277
0.726141 -0.72051 0.000362476
0.772226 -0.718415 0.0454489
0.814717 -0.716762 0.0388833
0.860796 -0.717172 -0.00890165
0.906994 -0.716866 0.00662623
0.949057 -0.718067 -0.0285477
0.99806 -0.718573 -0.0103382
1.04661 -0.717555 0.0209736
1.08921 -0.713592 0.0927608
1.12682 -0.712673 0.0244387
1.16687 -0.710224 0.0610581
1.21213 -0.707026 0.0705502
1.2599 -0.703008 0.0839142
1.30952 -0.697454 0.111465
1.34595 -0.692785 0.127482
1.39031 -0.689729 0.0687601
1.42474 -0.688062 0.0483919
1.46972 -0.685895 0.0481444
1.51187 -0.680557 0.125972
1.5581 -0.676086 0.0964148
1.60786 -0.671143 0.0990206
1.65452 -0.666238 0.104729
1.70174 -0.661106 0.108274
1.75127 -0.65548 0.113097
1.79603 -0.651399 0.0908983
1.83192 -0.647918 0.0967188
1.88137 -0.64528 0.0532816
1.91585 -0.641245 0.116513
1.96538 -0.634565 0.134042
2.01055 -0.631974 0.0573172
2.0599 -0.627572 0.0889467
2.10584 -0.622545 0.109004
2.15538 -0.61929 0.0656094
2.19706 -0.617919 0.0328967
2.2469 -0.616225 0.0339676
2.28481 -0.613332 0.0761659
2.33443 -0.607281 0.121343
2.38372 -0.602799 0.0906785
2.42911 -0.596906 0.129109
2.47108 -0.593062 0.091337
2.50277 -0.589771 0.103466
2.55264 -0.587314 0.0492354
2.59923 -0.583671 0.0780444
2.6487 -0.582414 0.0254037
2.69803 -0.580606 0.0366244
2.74724 -0.58063 -0.000485271
2.78907 -0.579814 0.0195039
2.83648 -0.576458 0.0706716
2.88488 -0.574188 0.0468702
2.92311 -0.570342 0.100246
2.97126 -0.565215 0.106085
3.01994 -0.560497 0.0966268
3.06803 -0.557235 0.067723
3.11753 -0.550511 0.135007
3.16373 -0.543294 0.154963
3.20881 -0.536916 0.140532
3.24934 -0.531138 0.141608
3.29281 -0.524542 0.150591
3.34246 -0.519701 0.0972003
3.38396 -0.514132 0.133388
3.43071 -0.509791 0.0926072
3.47112 -0.507411 0.0588346
3.50592 -0.505216 0.0629701
3.54489 -0.504203 0.0259821
3.59255 -0.503833 0.00776969
3.61356 -0.503424 0.0194699
3.64843 -0.501117 0.0660681
3.67032 -0.499485 0.0743823
3.68421 -0.498974 0.036811
3.70296 -0.498945 0.00152361
3.71993 -0.498871 0.00437541
3.76641 -0.497172 0.0365465
3.81449 -0.495292 0.039076
3.86395 -0.494006 0.0259837
3.89904 -0.491558 0.069674
3.93518 -0.48836 0.0882319
3.97481 -0.484039 0.108607
4.01548 -0.479867 0.102229
4.04822 -0.478031 0.056021
4.0883 -0.47522 0.0700147
4.11706 -0.473488 0.0601583
4.15418 -0.472146 0.0361337
4.19492 -0.47036 0.0438091
4.22253 -0.469702 0.0238244
4.25966 -0.467527 0.0585349
4.30406 -0.464853 0.0601464
4.33502 -0.462781 0.0668237
4.35901 -0.46145 0.0554463
4.38173 -0.459843 0.0705901
4.41102 -0.458265 0.0538502
4.43907 -0.455969 0.0816321
4.46852 -0.454798 0.0397615
4.5048 -0.455387 -0.0162544
4.54103 -0.458047 -0.0732716
4.58857 -0.462137 -0.085837
4.62684 -0.466218 -0.106216
4.66109 -0.470336 -0.119659
4.69254 -0.473523 -0.100976
4.72853 -0.47659 -0.0850161
4.76223 -0.481056 -0.131773
4.81028 -0.488774 -0.159266
4.84002 -0.493184 -0.14718
4.86538 -0.496115 -0.115099
4.87995 -0.497461 -0.0920959
4.89458 -0.498149 -0.0470132
4.905 -0.498344 -0.0186706
4.92286 -0.498511 -0.00934187
4.94106 -0.499371 -0.0472087
4.96077 -0.500673 -0.0659828
4.97946 -0.50222 -0.0825523
4.99768 -0.504306 -0.113996
5.02065 -0.508064 -0.16217
5.03146 -0.510007 -0.177935
5.04294 -0.51195 -0.167572
5.05181 -0.513496 -0.172727
5.06694 -0.515685 -0.14365
5.07402 -0.516618 -0.13097
5.08162 -0.517541 -0.120926
5.09332 -0.518523 -0.0837519
5.10199 -0.518867 -0.0396127
5.11044 -0.519219 -0.0416178
5.12344 -0.519823 -0.0464825
5.13678 -0.520638 -0.0609653
5.15404 -0.52185 -0.0701031
5.15917 -0.522214 -0.070975
5.17903 -0.524114 -0.0953659
5.19023 -0.525078 -0.0858374
5.19978 -0.525966 -0.0927946
5.20668 -0.526472 -0.0731718
True
0.0684832
