4.49023 -0.000543737 -3.08601
4.47977 -0.00107579 -3.09076
4.46675 -0.00215947 -3.05856
4.45579 -0.0031201 -3.05414
4.4509 -0.00346939 -3.07035
4.43404 -0.00502672 -3.04945
4.41497 -0.00641895 -3.06873
4.4016 -0.00725487 -3.07913
4.39171 -0.00726411 -3.14066
4.37814 -0.0074466 -3.12814
4.36252 -0.00767849 -3.12674
4.33551 -0.00858098 -3.10819
4.31481 -0.00925931 -3.10883
4.28769 -0.0121857 -3.03411
4.24879 -0.018159 -2.98922
4.20789 -0.0252736 -2.96936
4.16177 -0.0361274 -2.91046
4.12899 -0.0461922 -2.84374
4.09283 -0.05893 -2.80285
4.0866 -0.061416 -2.76232
4.08166 -0.0634965 -2.74306
4.07429 -0.0674338 -2.65093
4.05739 -0.0783409 -2.56822
4.02402 -0.105917 -2.45109
3.99328 -0.136957 -2.35131
3.96986 -0.163015 -2.30301
3.9398 -0.201718 -2.23109
3.91677 -0.236193 -2.15965
3.89414 -0.272987 -2.12234
3.87981 -0.298932 -2.07545
3.87496 -0.307537 -2.08389
3.86954 -0.318716 -2.02194
3.86064 -0.337843 -2.00616
3.85084 -0.360888 -1.97304
3.84071 -0.386892 -1.94235
3.82656 -0.427096 -1.90913
3.81512 -0.468039 -1.84327
3.80241 -0.515 -1.83524
3.79147 -0.555352 -1.83534
3.78212 -0.596991 -1.79176
3.77064 -0.643976 -1.81049
3.75901 -0.692574 -1.80574
3.74679 -0.740461 -1.82061
3.7352 -0.784246 -1.82944
3.72145 -0.832316 -1.84943
3.70973 -0.87324 -1.84978
3.69544 -0.918671 -1.87546
3.68701 -0.951962 -1.81876
3.67632 -0.998355 -1.79738
3.66571 -1.04441 -1.79714
3.6546 -1.09218 -1.79929
3.64452 -1.13523 -1.80078
3.63286 -1.17788 -1.83787
3.62446 -1.22251 -1.75667
3.61511 -1.27161 -1.75897
3.60548 -1.31017 -1.81557
3.59423 -1.35672 -1.80797
3.58029 -1.40473 -1.8534
3.5683 -1.44541 -1.8574
3.55274 -1.48778 -1.92277
3.54255 -1.515 -1.92909
3.53027 -1.5574 -1.8525
3.51738 -1.59582 -1.8946
3.50251 -1.63533 -1.93081
3.48396 -1.68155 -1.95244
3.4642 -1.72241 -2.0212
3.44473 -1.76603 -1.99064
3.43011 -1.79797 -2.00003
3.41364 -1.83151 -2.02732
3.39299 -1.87198 -2.04267
3.3721 -1.9174 -2.00179
3.35194 -1.95759 -2.03578
3.33996 -1.98412 -1.99511
3.31831 -2.0287 -2.02276
3.30226 -2.05845 -2.06557
3.27809 -2.09995 -2.09819
3.25738 -2.13935 -2.05465
3.23326 -2.18281 -2.07746
3.20943 -2.22675 -2.06782
3.18766 -2.27049 -2.03264
3.16403 -2.31122 -2.09643
3.14412 -2.34211 -2.14346
3.12094 -2.37879 -2.13424
3.09533 -2.4191 -2.13684
3.07391 -2.45313 -2.13253
3.06739 -2.46334 -2.13898
3.055 -2.48213 -2.15393
3.02923 -2.51974 -2.17163
3.00131 -2.55493 -2.24136
2.97352 -2.58745 -2.27785
2.94375 -2.622 -2.28216
2.91321 -2.65644 -2.29633
2.88518 -2.68465 -2.353
2.86028 -2.70846 -2.37854
2.82432 -2.7384 -2.4471
2.78738 -2.77208 -2.40242
2.7493 -2.80199 -2.47569
2.72197 -2.82498 -2.44242
2.6992 -2.84351 -2.45832
2.66078 -2.87286 -2.48935
2.63265 -2.89604 -2.45237
2.59409 -2.92771 -2.45392
2.55764 -2.95714 -2.46234
2.53065 -2.97933 -2.45357
2.49976 -3.00421 -2.4635
2.46528 -3.03154 -2.47136
2.4385 -3.05316 -2.46246
2.40077 -3.08105 -2.505
2.36721 -3.10553 -2.51153
2.3307 -3.13124 -2.5279
2.30464 -3.15013 -2.51447
2.26914 -3.17521 -2.52647
2.23491 -3.19856 -2.54291
2.19417 -3.22754 -2.52328
2.15624 -3.25264 -2.55695
2.13251 -3.26867 -2.54768
2.10898 -3.28305 -2.59291
2.06926 -3.30748 -2.59024
2.02937 -3.33284 -2.57525
1.98758 -3.3603 -2.56037
1.94557 -3.38733 -2.56974
1.90732 -3.41153 -2.57751
1.86454 -3.43731 -2.59929
1.82749 -3.46011 -2.58995
1.79379 -3.47962 -2.61681
1.75143 -3.50238 -2.64845
1.72293 -3.51701 -2.66735
1.69266 -3.53209 -2.67941
1.66243 -3.54523 -2.73171
1.62935 -3.56282 -2.65274
1.60516 -3.57495 -2.67672
1.57133 -3.59432 -2.62177
1.52743 -3.61541 -2.69375
1.48532 -3.63448 -2.71632
1.45943 -3.64444 -2.7744
1.41403 -3.66146 -2.78294
1.36603 -3.67508 -2.86511
1.31893 -3.68827 -2.86856
1.27189 -3.70038 -2.88957
1.22305 -3.71105 -2.92652
1.18371 -3.71735 -2.98272
1.13571 -3.72762 -2.93074
1.08784 -3.73654 -2.95743
1.06411 -3.74054 -2.97453
1.03051 -3.74776 -2.93001
0.985788 -3.75715 -2.93457
0.959383 -3.76176 -2.96876
0.944173 -3.76464 -2.95449
0.911495 -3.76942 -2.99633
0.862042 -3.77612 -3.00707
0.821964 -3.78066 -3.02858
0.780144 -3.78623 -3.00924
0.730565 -3.79028 -3.06001
0.682551 -3.79585 -3.0263
0.641853 -3.80189 -2.99416
0.592901 -3.80745 -3.02846
0.543249 -3.81334 -3.0236
0.493943 -3.82006 -3.00601
0.444316 -3.82607 -3.02121
0.415195 -3.83201 -2.94031
0.380118 -3.83806 -2.97071
0.330809 -3.84634 -2.97519
0.281666 -3.85556 -2.95613
0.232035 -3.86161 -3.02034
0.182274 -3.86635 -3.04668
0.133981 -3.87198 -3.02545
0.0850042 -3.87973 -2.98476
0.0435809 -3.88507 -3.01325
-0.00252799 -3.88913 -3.05372
-0.0232037 -3.89142 -3.03141
-0.0569255 -3.8935 -3.07991
-0.0997049 -3.8964 -3.07402
-0.149207 -3.89857 -3.09783
-0.195425 -3.90006 -3.10937
-0.245418 -3.89926 -3.15744
-0.294696 -3.89813 3.11858
-0.334619 -3.89632 3.09628
-0.377458 -3.89453 3.09981
-0.412596 -3.89134 3.05097
-0.441109 -3.88974 3.08561
-0.485663 -3.8862 3.06232
-0.533825 -3.88124 3.03896
-0.570821 -3.87613 3.00425
-0.617499 -3.86894 2.98881
-0.666275 -3.85796 2.92029
-0.703062 -3.84899 2.90243
-0.749465 -3.83581 2.86466
-0.797016 -3.82039 2.82812
-0.843283 -3.80788 2.87751
-0.878035 -3.7984 2.87538
-0.924039 -3.78544 2.86691
-0.971781 -3.77131 2.85383
-1.01828 -3.75634 2.83019
-1.05989 -3.74421 2.85796
-1.09447 -3.73557 2.89659
-1.14193 -3.72116 2.84686
-1.18978 -3.7069 2.85202
-1.23733 -3.69155 2.82933
-1.28492 -3.67623 2.83013
-1.3218 -3.66354 2.8101
-1.35717 -3.65164 2.81708
-1.39711 -3.63779 2.80772
-1.43209 -3.62532 2.7992
-1.47299 -3.61214 2.82987
-1.51979 -3.59459 2.78297
-1.56061 -3.57605 2.71516
-1.60634 -3.55598 2.72808
-1.64767 -3.53751 2.72113
-1.68028 -3.52284 2.71911
-1.70358 -3.51136 2.68356
-1.73865 -3.49274 2.65355
-1.77769 -3.47167 2.64672
-1.81995 -3.44497 2.57798
-1.86295 -3.41946 2.60636
-1.90409 -3.3916 2.54618
-1.94348 -3.36789 2.59994
-1.98502 -3.34083 2.56409
-2.0247 -3.31564 2.5761
-2.06223 -3.29257 2.59042
-2.09577 -3.27081 2.5659
-2.13684 -3.24229 2.53471
-2.17828 -3.21434 2.54819
-2.21745 -3.18578 2.5116
-2.25774 -3.15631 2.50999
-2.29223 -3.13222 2.53192
-2.30953 -3.1203 2.53838
-2.33831 -3.09914 2.50768
-2.36932 -3.07529 2.4859
-2.40713 -3.04304 2.43534
-2.44162 -3.01352 2.43376
-2.4792 -2.98164 2.438
-2.51749 -2.9495 2.44338
-2.55449 -2.91591 2.40445
-2.59199 -2.8845 2.44434
-2.63012 -2.85304 2.45178
-2.66482 -2.82204 2.41236
-2.69764 -2.79169 2.39528
-2.73121 -2.75929 2.374
-2.75371 -2.73763 2.3752
-2.79154 -2.70597 2.44467
-2.82728 -2.67298 2.39627
-2.85862 -2.64457 2.40519
-2.88783 -2.6161 2.369
-2.92237 -2.58188 2.36079
-2.9574 -2.54678 2.35529
-2.99174 -2.51045 2.32801
-3.0261 -2.47415 2.32874
-3.0524 -2.44617 2.32526
-3.082 -2.41186 2.28261
-3.10926 -2.37924 2.2669
-3.12912 -2.35185 2.19814
-3.15038 -2.32112 2.17588
-3.1748 -2.28648 2.18498
-3.20069 -2.25057 2.19549
-3.229 -2.20937 2.17282
-3.25686 -2.16789 2.16228
-3.28286 -2.13182 2.19523
-3.30222 -2.10475 2.19175
-3.32686 -2.07283 2.22827
-3.33825 -2.05768 2.21542
-3.36653 -2.01778 2.18729
-3.39411 -1.97816 2.17891
-3.42136 -1.93921 2.18124
-3.44914 -1.8991 2.17669
-3.47445 -1.86147 2.16283
-3.49696 -1.82774 2.1593
-3.52095 -1.78966 2.13291
-3.53756 -1.76 2.08136
-3.55508 -1.72761 2.06651
-3.56791 -1.6981 1.98088
-3.5757 -1.67963 1.96989
-3.58457 -1.66099 2.01506
-3.60588 -1.62248 2.0763
-3.62059 -1.59677 2.09041
-3.63122 -1.57681 2.06014
-3.64131 -1.55555 2.01406
-3.65621 -1.5282 2.06963
-3.67193 -1.50089 2.09307
-3.69459 -1.46312 2.11116
-3.70901 -1.4388 2.10605
-3.72002 -1.41945 2.0881
-3.73264 -1.39658 2.07503
-3.74519 -1.3744 2.0858
-3.76703 -1.34072 2.14605
-3.78232 -1.31655 2.13495
-3.80076 -1.28914 2.16291
-3.81764 -1.26282 2.14092
-3.82576 -1.25017 2.14184
-3.83622 -1.2335 2.13118
-3.84513 -1.22018 2.16009
-3.84929 -1.21351 2.12801
-3.86886 -1.18371 2.15194
-3.88358 -1.16176 2.16136
-3.88809 -1.15536 2.18563
-3.89888 -1.1418 2.24293
-3.91241 -1.12376 2.21409
-3.92408 -1.10834 2.21875
-3.93205 -1.0981 2.23253
-3.94007 -1.08782 2.23319
-3.95191 -1.07357 2.26399
-3.96366 -1.05958 2.26918
-3.97614 -1.04448 2.26164
-3.98895 -1.02907 2.26451
-4.00075 -1.01485 2.26312
-4.00782 -1.0067 2.28584
-4.01351 -1.00025 2.29327
-4.02092 -0.991545 2.27579
-4.02897 -0.982391 2.29262
-4.03579 -0.974643 2.29259
-4.03862 -0.971005 2.2306
-4.04382 -0.964793 2.26815
-4.05654 -0.95024 2.28914
-4.06637 -0.938729 2.2774
-4.0761 -0.927799 2.29844
-4.08661 -0.916045 2.30008
-4.09282 -0.909581 2.33666
-4.1088 -0.893487 2.35247
-4.11884 -0.88269 2.32003
-4.14507 -0.855267 2.3339
-4.16345 -0.836266 2.33956
-4.18736 -0.81291 2.36804
-4.20345 -0.797723 2.38517
-4.21269 -0.789338 2.40446
-4.21626 -0.78593 2.37864
-4.22475 -0.777177 2.34132
-4.22906 -0.772539 2.31955
-4.2418 -0.75865 2.31294
-4.24557 -0.754701 2.3331
-4.24949 -0.75008 2.27463
-4.26455 -0.73228 2.27286
-4.27833 -0.716182 2.27877
-4.28413 -0.709661 2.29815
-4.29154 -0.701745 2.32285
-4.30424 -0.68869 2.34237
-4.30942 -0.683093 2.31752
-4.31544 -0.676671 2.3239
-4.32929 -0.661105 2.29822
-4.33142 -0.658631 2.28004
-4.33447 -0.655037 2.27474
-4.34225 -0.645136 2.23688
True
0.0670386
