-5.47491 -1.2783 0.0174852
-5.45165 -1.27815 0.0066062
-5.41658 -1.2792 -0.030191
-5.36668 -1.278 0.0241032
-5.31697 -1.27523 0.0556512
-5.27086 -1.27189 0.0723861
-5.22421 -1.26865 0.0692412
-5.17632 -1.26443 0.0878983
-5.12917 -1.25923 0.109931
-5.07956 -1.25414 0.102157
-5.02999 -1.24874 0.108508
-4.98098 -1.24196 0.137444
-4.93718 -1.23647 0.124729
-4.89097 -1.22921 0.155987
-4.84166 -1.22109 0.163174
-4.79244 -1.21494 0.124299
-4.74332 -1.20739 0.152461
-4.69388 -1.2014 0.120586
-4.64537 -1.19534 0.124217
-4.61464 -1.19247 0.0932188
-4.56533 -1.18669 0.116742
-4.51573 -1.18106 0.112986
-4.47918 -1.17696 0.111754
-4.44059 -1.17287 0.105605
-4.39077 -1.16955 0.0664343
-4.34928 -1.16479 0.114318
-4.30489 -1.16123 0.0799536
-4.25608 -1.15641 0.0983709
-4.20668 -1.15281 0.0727369
-4.15766 -1.14961 0.0651972
-4.10786 -1.14577 0.0769987
-4.06446 -1.14324 0.0582595
-4.0146 -1.14217 0.0214947
-3.96498 -1.14074 0.0288544
-3.91902 -1.13906 0.03655
-3.86923 -1.13578 0.0657567
-3.81934 -1.13293 0.0570776
-3.78083 -1.12931 0.0937165
-3.73763 -1.12557 0.0861675
-3.69421 -1.12217 0.078307
-3.64527 -1.11915 0.0616824
-3.60765 -1.116 0.0833111
-3.56964 -1.11529 0.0188415
-3.51979 -1.11416 0.0226349
-3.47386 -1.11248 0.0364786
-3.42546 -1.11087 0.0333783
-3.3757 -1.10941 0.0292212
-3.32587 -1.10526 0.0831584
-3.27627 -1.10366 0.0321726
-3.22887 -1.10179 0.0394999
-3.17941 -1.0996 0.0443178
-3.13566 -1.09952 0.00175893
-3.09859 -1.09952 -9.11931e-05
-3.04861 -1.09964 -0.00242735
-3.00103 -1.10137 -0.0362149
-2.95559 -1.10112 0.00553583
-2.91625 -1.10217 -0.0268986
-2.86957 -1.1017 0.0102374
-2.82087 -1.10044 0.0257517
-2.78004 -1.1008 -0.0088672
-2.7393 -1.09817 0.0644597
-2.68944 -1.09493 0.0650021
-2.63958 -1.09209 0.0568481
-2.5933 -1.09082 0.0274457
-2.5535 -1.08943 0.0350086
-2.50703 -1.08775 0.0361548
-2.46273 -1.08669 0.0237645
-2.41291 -1.08349 0.0642676
-2.36458 -1.07735 0.126341
-2.31733 -1.07155 0.122188
-2.27054 -1.06631 0.111334
-2.22688 -1.06127 0.114981
-2.18047 -1.05767 0.0775347
-2.14028 -1.05307 0.113854
-2.09132 -1.04849 0.0933748
-2.0497 -1.04469 0.0910427
-2.00003 -1.04121 0.0698103
-1.95426 -1.03621 0.108971
-1.90946 -1.02902 0.159006
-1.8599 -1.02258 0.129242
-1.8136 -1.01845 0.0888812
-1.76507 -1.01663 0.0376164
-1.71539 -1.01574 0.0178734
-1.66757 -1.01298 0.0575972
-1.62512 -1.01095 0.0478033
-1.57881 -1.00861 0.0505912
-1.52935 -1.00598 0.0529756
-1.48035 -1.0034 0.0527298
-1.43116 -1.00151 0.0383443
-1.38392 -0.999133 0.0503016
-1.33684 -0.996846 0.048532
-1.28869 -0.994449 0.0497661
-1.2388 -0.994702 -0.00508565
-1.18881 -0.994566 0.00272412
-1.14521 -0.997791 -0.0738176
-1.09536 -0.999347 -0.0312068
-1.04948 -0.999984 -0.0138776
-1.00186 -1.00064 -0.0137943
-0.952325 -0.997813 0.0570196
-0.905612 -0.995355 0.0525738
-0.866092 -0.992161 0.0806315
-0.816249 -0.988492 0.0734881
-0.766432 -0.985784 0.0542999
-0.717224 -0.982986 0.0568094
-0.678255 -0.977856 0.130882
-0.628773 -0.970915 0.13937
-0.586 -0.963935 0.161756
-0.548314 -0.958328 0.147687
-0.498779 -0.951527 0.13644
-0.449951 -0.945449 0.12386
-0.402141 -0.939173 0.130514
-0.352574 -0.93306 0.122715
-0.304109 -0.931094 0.0405393
-0.259968 -0.929476 0.0366335
-0.212777 -0.929996 -0.0110134
-0.162834 -0.928593 0.0280805
-0.113597 -0.927965 0.0127604
-0.0636457 -0.925774 0.0438216
-0.0151636 -0.925323 0.00930138
0.0319853 -0.923525 0.0381303
0.0816526 -0.922128 0.0281092
0.131361 -0.918519 0.0724767
0.180136 -0.914962 0.0728003
0.223027 -0.912183 0.0647035
0.271013 -0.910274 0.0397523
0.320148 -0.907642 0.053519
0.365462 -0.903012 0.101829
0.408151 -0.898234 0.11145
0.448404 -0.896241 0.0494754
0.492026 -0.894579 0.0380884
0.539361 -0.892404 0.045908
0.589319 -0.890428 0.0395318
0.633152 -0.888775 0.037714
0.682727 -0.887125 0.0332636
0.732478 -0.88561 0.0304427
0.78231 -0.883575 0.0408171
0.831618 -0.881421 0.0436526
0.870215 -0.878789 0.0680917
0.918169 -0.875275 0.073132
0.964487 -0.870987 0.0923167
1.01192 -0.866398 0.0964641
1.06127 -0.862221 0.0844265
1.10977 -0.858333 0.0800081
1.15699 -0.856154 0.0460974
1.20253 -0.851627 0.0990976
1.24492 -0.847617 0.0943077
1.29397 -0.842378 0.106394
1.33929 -0.836057 0.138587
1.3887 -0.831757 0.0868043
1.43843 -0.827291 0.089561
1.4883 -0.823663 0.0726289
1.53813 -0.819647 0.0804283
1.58697 -0.815518 0.0843116
1.63253 -0.813038 0.0543968
1.68076 -0.81026 0.0575286
1.70639 -0.809438 0.0320504
1.75575 -0.80924 0.00402372
1.80472 -0.807879 0.0277944
1.85251 -0.803995 0.0810839
1.89579 -0.800289 0.0854097
1.94232 -0.797531 0.0592101
1.98953 -0.794378 0.0666695
2.03944 -0.793218 0.0232371
2.08882 -0.790574 0.0535155
2.13241 -0.790912 -0.00775644
2.1793 -0.789575 0.028511
2.21875 -0.791614 -0.0516414
2.26414 -0.793478 -0.0410476
2.31397 -0.796089 -0.0523472
2.35945 -0.796485 -0.00870709
2.40936 -0.799257 -0.0554866
2.45924 -0.802439 -0.0637069
2.50811 -0.804243 -0.0369009
2.55801 -0.807199 -0.0591717
2.59356 -0.809425 -0.0625363
2.63928 -0.812725 -0.0720475
2.68665 -0.814983 -0.0476356
2.7355 -0.817091 -0.043128
2.78427 -0.818251 -0.0237894
2.83409 -0.816733 0.0304626
2.87642 -0.814381 0.0555066
2.9203 -0.811601 0.063274
2.95411 -0.808853 0.0810976
3.00142 -0.804662 0.0883478
3.0435 -0.801797 0.0679916
3.09296 -0.801572 0.00454672
3.14037 -0.80225 -0.0143095
3.18302 -0.802785 -0.0125345
3.22394 -0.802593 0.00468409
3.26394 -0.801288 0.0326246
3.29433 -0.799544 0.0573333
3.33448 -0.799783 -0.00595836
3.38434 -0.799311 0.00946951
3.42282 -0.79854 0.020021
3.4511 -0.798213 0.0115695
3.48051 -0.79726 0.0323962
3.52836 -0.794262 0.0625804
3.57791 -0.789894 0.0879227
3.61303 -0.78859 0.0371082
3.66036 -0.78778 0.0171211
3.70316 -0.788162 -0.00892609
3.74899 -0.788037 0.00273054
3.79835 -0.78811 -0.00148998
3.84507 -0.788262 -0.00324204
3.89489 -0.78866 -0.00799572
3.94404 -0.787519 0.0232228
3.98059 -0.786686 0.0227879
4.02275 -0.783699 0.0707293
4.06076 -0.780414 0.0862286
4.10947 -0.775482 0.100901
4.15696 -0.772181 0.0693772
4.18594 -0.768945 0.111214
4.22704 -0.766194 0.0668548
4.26995 -0.763731 0.0573348
4.31417 -0.759451 0.0964734
4.36323 -0.756403 0.0620479
4.40021 -0.754041 0.0637996
4.44852 -0.751363 0.0553617
4.48824 -0.748553 0.0706435
4.51319 -0.746878 0.0670426
4.54412 -0.744658 0.0716446
4.57484 -0.742433 0.0723031
4.61602 -0.739797 0.06392
4.63901 -0.738434 0.0591967
4.65789 -0.737603 0.0440288
4.67091 -0.736876 0.0557879
4.69725 -0.735505 0.0520088
4.72369 -0.735336 0.00639129
4.75258 -0.736062 -0.0251423
4.77498 -0.7373 -0.0552029
4.80374 -0.738048 -0.0259869
4.81514 -0.738351 -0.0265969
4.83469 -0.73827 0.00415197
4.8553 -0.738622 -0.0170836
4.86747 -0.738527 0.00777225
4.87891 -0.738806 -0.0243297
4.89529 -0.739828 -0.062345
4.90914 -0.741434 -0.115405
4.91622 -0.742308 -0.122831
4.92522 -0.743572 -0.139629
4.93248 -0.744802 -0.167703
4.95344 -0.748118 -0.156854
4.9693 -0.750533 -0.1512
4.98203 -0.752154 -0.126651
4.99512 -0.753927 -0.134564
5.01449 -0.757115 -0.163115
5.02253 -0.758377 -0.155805
5.03474 -0.760123 -0.142043
5.0459 -0.761588 -0.130469
5.04667 -0.761675 -0.11283
5.04685 -0.761702 -0.145074
5.06558 -0.765699 -0.210273
5.07631 -0.768255 -0.233996
5.07804 -0.7687 -0.250545
5.08256 -0.769745 -0.22748
5.10361 -0.774303 -0.213277
5.11431 -0.776078 -0.164338
5.11669 -0.776361 -0.118263
5.12754 -0.77749 -0.103722
5.14538 -0.778645 -0.0646024
5.15693 -0.77902 -0.0324812
5.1738 -0.778904 0.00684943
5.18242 -0.778563 0.039593
5.19211 -0.77802 0.0559827
5.19016 -0.778183 0.083575
5.19917 -0.777363 0.0907282
5.20585 -0.776783 0.0866395
5.21341 -0.775921 0.113552
True
0.0665628
