-5.47902 -1.84432 0.107711
-5.43844 -1.84117 0.0774048
-5.38955 -1.83751 0.0747016
-5.33968 -1.83419 0.0665074
-5.2898 -1.83083 0.0674144
-5.24227 -1.82503 0.12136
-5.1932 -1.82068 0.0883187
-5.14384 -1.81704 0.073716
-5.09516 -1.81262 0.0904916
-5.05547 -1.8059 0.167798
-5.01861 -1.79931 0.176966
-4.97506 -1.79232 0.159012
-4.93482 -1.78614 0.152468
-4.89059 -1.77884 0.163592
-4.84209 -1.77006 0.17908
-4.80429 -1.76207 0.208231
-4.75612 -1.74914 0.262284
-4.73167 -1.74336 0.231971
-4.6831 -1.73235 0.223086
-4.63488 -1.72043 0.242263
-4.59349 -1.71148 0.2129
-4.5525 -1.70371 0.187445
-4.51352 -1.69528 0.212869
-4.4691 -1.68501 0.227279
-4.42807 -1.67515 0.235928
-4.38331 -1.66504 0.222018
-4.33425 -1.65541 0.193789
-4.2918 -1.64644 0.208342
-4.24366 -1.63535 0.226322
-4.19461 -1.62632 0.182179
-4.14517 -1.6195 0.137004
-4.0974 -1.6135 0.124962
-4.04976 -1.60797 0.115623
-4.00004 -1.60342 0.091215
-3.95548 -1.59757 0.130544
-3.906 -1.59104 0.131087
-3.85651 -1.58392 0.14293
-3.8154 -1.57663 0.175482
-3.76593 -1.56943 0.144703
-3.71648 -1.56204 0.148293
-3.66776 -1.55525 0.138535
-3.62106 -1.55095 0.0916783
-3.59563 -1.54845 0.0980934
-3.5491 -1.54273 0.122236
-3.49953 -1.53621 0.130933
-3.45367 -1.52857 0.16501
-3.40452 -1.52315 0.109885
-3.3571 -1.51663 0.13651
-3.30758 -1.51408 0.0514891
-3.25769 -1.51275 0.026598
-3.20775 -1.51022 0.050662
-3.15821 -1.50769 0.0511088
-3.11067 -1.50344 0.089074
-3.06084 -1.49968 0.0752418
-3.01105 -1.49554 0.083056
-2.9614 -1.49294 0.052383
-2.91628 -1.4885 0.0979209
-2.87329 -1.48461 0.090277
-2.82731 -1.48121 0.0738811
-2.77752 -1.4768 0.0882652
-2.73255 -1.47189 0.10875
-2.6893 -1.4681 0.0873867
-2.64177 -1.46382 0.0898104
-2.60108 -1.4591 0.11552
-2.569 -1.4567 0.074612
-2.51907 -1.45416 0.050919
-2.46988 -1.45156 0.0528505
-2.44533 -1.45124 0.0130847
-2.40599 -1.45072 0.0130135
-2.35601 -1.45156 -0.0166541
-2.30738 -1.4515 0.00126983
-2.25755 -1.45088 0.0124486
-2.20801 -1.45017 0.0141543
-2.16007 -1.44749 0.0558616
-2.12926 -1.44623 0.0410511
-2.08166 -1.44578 0.00949849
-2.04028 -1.44554 0.00580913
-1.99245 -1.44676 -0.0255533
-1.95047 -1.44696 -0.00488834
-1.9006 -1.44849 -0.0305092
-1.85091 -1.44809 0.0078706
-1.8023 -1.44807 0.00039504
-1.76224 -1.44855 -0.0118804
-1.71252 -1.45024 -0.034013
-1.66254 -1.44963 0.0121752
-1.61255 -1.44858 0.0211539
-1.57296 -1.44604 0.063933
-1.52308 -1.44507 0.0195053
-1.49155 -1.4428 0.0716853
-1.4418 -1.43796 0.0970327
-1.39249 -1.43434 0.0733057
-1.34314 -1.43061 0.0754334
-1.29356 -1.4253 0.106734
-1.24966 -1.422 0.074906
-1.20009 -1.42069 0.0264976
-1.15093 -1.41742 0.066394
-1.10381 -1.41333 0.0866854
-1.05974 -1.40902 0.097357
-1.0157 -1.40474 0.0969892
-0.966199 -1.40026 0.0901959
-0.916606 -1.39397 0.126095
-0.867453 -1.38763 0.128419
-0.820691 -1.38197 0.12029
-0.770799 -1.3787 0.0655469
-0.721263 -1.37205 0.133428
-0.672641 -1.36643 0.115063
-0.625576 -1.35944 0.147461
-0.582811 -1.35457 0.113463
-0.534222 -1.3479 0.136365
-0.486934 -1.34067 0.151735
-0.437591 -1.33416 0.131187
-0.389029 -1.32603 0.165806
-0.339982 -1.32035 0.115302
-0.294018 -1.31333 0.151683
-0.250501 -1.30697 0.144987
-0.20986 -1.29996 0.170786
-0.160629 -1.29134 0.173476
-0.113153 -1.28122 0.209966
-0.0734859 -1.27374 0.186265
-0.0241272 -1.26647 0.146352
0.025357 -1.25969 0.136205
0.0675864 -1.25524 0.10488
0.110051 -1.25194 0.0775836
0.159286 -1.24585 0.122991
0.20906 -1.24125 0.092124
0.258858 -1.2371 0.083127
0.308223 -1.23229 0.0972928
0.348078 -1.22895 0.0835019
0.396992 -1.22521 0.0763686
0.439192 -1.22186 0.0790827
0.488595 -1.21874 0.0631116
0.536843 -1.21453 0.0870124
0.586427 -1.20831 0.124862
0.635649 -1.19958 0.175481
0.68343 -1.19156 0.166242
0.719326 -1.18514 0.177153
0.755684 -1.18024 0.134027
0.799483 -1.17281 0.167911
0.84721 -1.16435 0.175434
0.896427 -1.15668 0.154573
0.944596 -1.15105 0.116356
0.990018 -1.14623 0.105684
1.03967 -1.14158 0.0934977
1.08946 -1.13701 0.0915694
1.13669 -1.12915 0.164837
1.182 -1.12139 0.169662
1.2304 -1.11279 0.175862
1.27281 -1.10418 0.200149
1.32045 -1.09493 0.191876
1.36959 -1.08571 0.185464
1.41734 -1.07714 0.177559
1.46272 -1.06843 0.189704
1.5092 -1.05805 0.219652
1.55742 -1.04823 0.200901
1.60144 -1.03913 0.203909
1.65016 -1.02998 0.1855
1.69768 -1.02226 0.161206
1.74165 -1.01376 0.19095
1.78347 -1.00936 0.104736
1.8329 -1.00332 0.121583
1.88147 -0.997952 0.110116
1.92816 -0.99274 0.111172
1.9779 -0.98778 0.0993773
2.02575 -0.983122 0.0970541
2.07509 -0.979956 0.0640683
2.12264 -0.977881 0.04362
2.17244 -0.976714 0.0234194
2.21382 -0.974196 0.0607746
2.25793 -0.972419 0.0402744
2.30737 -0.969868 0.0515499
2.35625 -0.967009 0.0584272
2.40596 -0.96167 0.106981
2.45356 -0.957587 0.0855756
2.49844 -0.952 0.123841
2.5471 -0.946519 0.112178
2.59535 -0.93936 0.14728
2.64153 -0.933947 0.116709
2.69065 -0.925383 0.172588
2.7392 -0.918748 0.135805
2.78593 -0.911782 0.148003
2.83496 -0.90494 0.138646
2.88321 -0.896288 0.177459
2.93143 -0.887242 0.185416
2.97699 -0.878719 0.184916
3.02644 -0.872882 0.117497
3.06951 -0.867226 0.130578
3.11232 -0.86191 0.123542
3.15555 -0.855742 0.141732
3.20402 -0.84898 0.138633
3.24059 -0.843739 0.142321
3.28652 -0.83775 0.129666
3.33055 -0.832853 0.110774
3.37297 -0.830409 0.0575298
3.4029 -0.827434 0.0991029
3.44252 -0.823287 0.10427
3.4846 -0.819207 0.096675
3.53312 -0.814883 0.0888779
3.5738 -0.808427 0.157382
3.61701 -0.80152 0.158505
3.66155 -0.794387 0.158792
3.69411 -0.788274 0.185591
3.72468 -0.783515 0.154438
3.74838 -0.780184 0.139689
3.76601 -0.778678 0.0852322
3.78766 -0.776977 0.0783728
3.79707 -0.776096 0.0933302
3.82107 -0.773454 0.109661
3.84149 -0.771013 0.118932
3.85677 -0.768408 0.168876
3.86991 -0.766116 0.172649
3.88283 -0.763686 0.186025
3.89257 -0.761683 0.202804
3.89802 -0.760523 0.209788
3.91171 -0.757635 0.207906
3.93151 -0.75276 0.241382
3.95475 -0.746941 0.245296
3.97122 -0.742654 0.254683
3.97909 -0.74077 0.235082
3.99157 -0.73755 0.252375
4.00779 -0.732938 0.277113
4.02873 -0.728383 0.214156
4.04483 -0.724659 0.227293
4.06836 -0.719748 0.205808
4.0832 -0.716881 0.190828
4.08859 -0.715754 0.206206
4.09167 -0.715064 0.219995
4.10729 -0.712066 0.189684
4.12213 -0.70899 0.204366
4.15113 -0.702669 0.214615
4.16651 -0.699618 0.195796
4.18945 -0.695763 0.166536
4.20703 -0.692762 0.169019
4.21363 -0.691602 0.173808
4.22227 -0.689934 0.190772
4.24367 -0.685295 0.213477
4.26592 -0.680979 0.191578
4.2942 -0.67675 0.148456
4.31805 -0.672248 0.186575
4.34241 -0.666652 0.225812
4.36357 -0.661768 0.226875
4.39118 -0.655486 0.223729
4.41444 -0.650795 0.198938
4.44981 -0.640591 0.280858
4.48309 -0.629903 0.310826
4.51512 -0.618161 0.351396
4.5461 -0.606887 0.34892
4.57508 -0.596852 0.333363
4.59532 -0.589995 0.326723
4.61696 -0.582872 0.317908
4.64301 -0.575047 0.291838
4.66278 -0.568816 0.305367
4.68191 -0.562407 0.323258
4.70256 -0.55557 0.319752
4.72833 -0.545984 0.35602
4.73419 -0.543776 0.360793
4.74819 -0.538928 0.333385
4.76397 -0.534843 0.253217
4.78052 -0.530843 0.237198
4.7943 -0.527063 0.267682
4.814 -0.521612 0.27001
4.83422 -0.515187 0.307605
4.84745 -0.510703 0.326743
4.86342 -0.505438 0.318481
4.88179 -0.500062 0.284708
4.89402 -0.496714 0.267208
4.89852 -0.495598 0.242834
4.91014 -0.492355 0.272177
4.91442 -0.491224 0.258772
4.92663 -0.487842 0.270126
4.94397 -0.482715 0.287502
4.95765 -0.478491 0.299454
4.95057 -0.480448 0.269669
4.96229 -0.477225 0.268473
4.97681 -0.473169 0.272404
4.99088 -0.468109 0.345164
5.00788 -0.461927 0.348708
5.01812 -0.45782 0.381491
5.02498 -0.455238 0.359773
5.05225 -0.443432 0.408629
5.06549 -0.437433 0.425526
5.08328 -0.429968 0.397186
5.10501 -0.421486 0.372187
5.12109 -0.415232 0.371009
5.1379 -0.408981 0.355943
5.15295 -0.403521 0.347958
5.16228 -0.399772 0.382372
5.16873 -0.396782 0.433982
5.17512 -0.393939 0.418436
5.18304 -0.390245 0.436449
5.18888 -0.387528 0.435618
5.19676 -0.383912 0.430232
5.20029 -0.382062 0.482047
5.20755 -0.378246 0.484025
True
0.250378
