-5.46178 -0.7466 -0.0731131
-5.44127 -0.749384 -0.134874
-5.40694 -0.755407 -0.173659
-5.35844 -0.761807 -0.131205
-5.30986 -0.768217 -0.131199
-5.26073 -0.774007 -0.117302
-5.21328 -0.776703 -0.0567657
-5.17415 -0.779763 -0.0780187
-5.14049 -0.781732 -0.0584592
-5.10416 -0.785103 -0.092494
-5.06076 -0.789662 -0.104673
-5.01158 -0.793185 -0.0714973
-4.97304 -0.797125 -0.101898
-4.92555 -0.800628 -0.0736255
-4.87802 -0.805991 -0.112369
-4.83887 -0.811061 -0.128789
-4.79528 -0.816946 -0.134193
-4.75518 -0.823849 -0.170478
-4.70795 -0.830423 -0.138288
-4.6585 -0.837108 -0.134389
-4.61182 -0.844469 -0.156391
-4.57283 -0.849868 -0.137592
-4.52366 -0.858865 -0.18097
-4.4824 -0.86851 -0.229632
-4.4393 -0.877719 -0.210494
-4.39453 -0.886698 -0.197955
-4.34733 -0.898275 -0.240525
-4.30074 -0.910326 -0.253128
-4.26846 -0.918312 -0.242498
-4.22238 -0.928557 -0.218761
-4.17986 -0.937655 -0.210823
-4.13144 -0.948932 -0.228808
-4.08313 -0.961604 -0.256529
-4.04581 -0.97248 -0.283516
-4.00298 -0.98547 -0.29452
-3.9567 -0.998174 -0.267879
-3.90885 -1.01078 -0.257682
-3.86857 -1.01995 -0.223636
-3.82034 -1.0323 -0.250746
-3.77421 -1.04367 -0.241761
-3.72555 -1.05515 -0.231674
-3.68016 -1.06444 -0.201834
-3.63595 -1.07431 -0.219671
-3.58782 -1.0851 -0.220603
-3.54368 -1.0936 -0.190249
-3.4946 -1.10282 -0.185573
-3.44638 -1.11195 -0.18714
-3.39788 -1.12369 -0.23751
-3.34937 -1.13537 -0.236232
-3.30406 -1.14464 -0.20179
-3.2639 -1.15305 -0.206439
-3.21448 -1.16045 -0.148673
-3.17499 -1.16948 -0.224927
-3.13547 -1.1768 -0.183103
-3.08628 -1.18574 -0.179652
-3.03961 -1.19474 -0.190598
-2.99209 -1.20327 -0.177652
-2.95689 -1.20885 -0.157251
-2.90791 -1.21793 -0.183132
-2.86732 -1.22426 -0.154793
-2.82411 -1.2292 -0.11378
-2.77503 -1.23632 -0.14412
-2.74133 -1.24095 -0.136552
-2.6967 -1.24501 -0.090732
-2.65871 -1.25093 -0.154451
-2.61711 -1.25706 -0.146293
-2.56939 -1.26333 -0.130712
-2.5255 -1.26956 -0.140986
-2.47611 -1.27697 -0.148907
-2.42913 -1.28694 -0.20921
-2.38122 -1.29661 -0.199058
-2.33183 -1.30439 -0.156214
-2.28806 -1.3113 -0.15662
-2.23881 -1.3199 -0.172849
-2.19002 -1.32692 -0.14294
-2.14055 -1.33416 -0.145247
-2.09649 -1.34037 -0.140131
-2.06002 -1.34597 -0.152465
-2.01071 -1.35271 -0.135748
-1.96105 -1.35844 -0.114945
-1.91511 -1.36572 -0.15711
-1.87547 -1.37051 -0.120253
-1.83088 -1.3756 -0.113598
-1.78296 -1.3832 -0.157297
-1.74165 -1.39027 -0.169496
-1.69565 -1.39651 -0.134914
-1.6459 -1.4013 -0.095918
-1.5985 -1.4045 -0.0675549
-1.55527 -1.40778 -0.0755917
-1.50665 -1.4116 -0.0783478
-1.46574 -1.41412 -0.0616997
-1.41585 -1.41683 -0.0541701
-1.37338 -1.4186 -0.0417532
-1.32676 -1.42231 -0.0793301
-1.28039 -1.42627 -0.0851977
-1.23222 -1.42815 -0.0389776
-1.18339 -1.42878 -0.0128761
-1.13832 -1.43039 -0.0357266
-1.09159 -1.43266 -0.048572
-1.04163 -1.43456 -0.0379553
-0.991667 -1.43477 -0.00423213
-0.94273 -1.43516 -0.0079471
-0.898822 -1.4353 -0.00336009
-0.849998 -1.43511 0.00399939
-0.800939 -1.43464 0.0094732
-0.754496 -1.43704 -0.0515058
-0.706707 -1.43887 -0.0383714
-0.658934 -1.4415 -0.0548851
-0.614016 -1.44098 0.0115559
-0.581549 -1.43877 0.0680237
-0.534165 -1.43469 0.0858796
-0.48439 -1.43045 0.0848242
-0.43824 -1.42693 0.0762465
-0.391902 -1.42299 0.084789
-0.344085 -1.41978 0.0671103
-0.305449 -1.41714 0.0680598
-0.256455 -1.41379 0.0683032
-0.218471 -1.41065 0.0825169
-0.178453 -1.4089 0.0436284
-0.128511 -1.40733 0.031438
-0.0790691 -1.40608 0.0252783
-0.0468223 -1.40516 0.0285996
0.0030043 -1.40757 -0.0483768
0.0467072 -1.40968 -0.048115
0.0965533 -1.4122 -0.0505112
0.143242 -1.41491 -0.0579901
0.186672 -1.41717 -0.0521032
0.236525 -1.41985 -0.0536075
0.28041 -1.42031 -0.0106215
0.330108 -1.42062 -0.00615853
0.380038 -1.4213 -0.0137345
0.429897 -1.42452 -0.0644406
0.477691 -1.42888 -0.0909675
0.521464 -1.43238 -0.0798055
0.571408 -1.43428 -0.0379691
0.621124 -1.43728 -0.0603046
0.670949 -1.43927 -0.0398894
0.719677 -1.44087 -0.0329135
0.760472 -1.4428 -0.0471102
0.809931 -1.44424 -0.0292205
0.855437 -1.44404 0.00455898
0.885514 -1.44528 -0.0412566
0.933428 -1.44654 -0.026382
0.975397 -1.44861 -0.0492908
1.0225 -1.45021 -0.0338981
1.07148 -1.45288 -0.0544542
1.1194 -1.45713 -0.0884916
1.16844 -1.45953 -0.048956
1.21488 -1.46342 -0.0834821
1.2644 -1.46497 -0.031296
1.30631 -1.46636 -0.0331344
1.35074 -1.46658 -0.00506269
1.37618 -1.4671 -0.0202985
1.42564 -1.47117 -0.082188
1.47296 -1.4731 -0.0406003
1.52062 -1.47563 -0.0530932
1.57047 -1.47843 -0.0561391
1.61486 -1.48331 -0.109524
1.65552 -1.48813 -0.117891
1.70365 -1.49338 -0.108709
1.74715 -1.49871 -0.121834
1.79691 -1.50227 -0.071464
1.8442 -1.50722 -0.104273
1.88786 -1.5094 -0.0498477
1.92041 -1.51216 -0.0847509
1.97025 -1.51611 -0.0791301
2.01975 -1.51891 -0.0564276
2.06739 -1.51988 -0.0202558
2.11736 -1.51915 0.0145927
2.16419 -1.52266 -0.0749705
2.20977 -1.52436 -0.0372423
2.25816 -1.52458 -0.00447921
2.30161 -1.52612 -0.0354924
2.34423 -1.52771 -0.0371421
2.39086 -1.53138 -0.0786993
2.43741 -1.53429 -0.062329
2.48713 -1.53627 -0.0399235
2.53024 -1.53618 0.00211386
2.56711 -1.53622 -0.0010926
2.61701 -1.53656 -0.00677565
2.66498 -1.53723 -0.0139416
2.71037 -1.53982 -0.0569205
2.74792 -1.54246 -0.0703469
2.78769 -1.54351 -0.0263279
2.83493 -1.54101 0.0528849
2.87701 -1.5417 -0.0163313
2.92561 -1.53997 0.0355112
2.96756 -1.53726 0.0646268
3.01508 -1.53333 0.0823182
3.06495 -1.53153 0.0361343
3.11326 -1.52962 0.0395731
3.15829 -1.52738 0.0496249
3.20497 -1.5254 0.0423563
3.2544 -1.52432 0.0220185
3.29686 -1.52401 0.00728557
3.34342 -1.52204 0.0422756
3.38669 -1.52322 -0.0274123
3.42695 -1.52276 0.0114094
3.46073 -1.52306 -0.00880271
3.50111 -1.52377 -0.0175896
3.52874 -1.52355 0.007995
3.56098 -1.52366 -0.00324966
3.59975 -1.52387 -0.00561143
3.62984 -1.52513 -0.0416928
3.6579 -1.52628 -0.0409615
3.68978 -1.52736 -0.0337779
3.72869 -1.53017 -0.0722262
3.75116 -1.53103 -0.0382505
3.79004 -1.53308 -0.0527515
3.8232 -1.53451 -0.0429775
3.84771 -1.53561 -0.0449441
3.88559 -1.53887 -0.0858372
3.92744 -1.54157 -0.0644156
3.96803 -1.54423 -0.0655132
4.00601 -1.54785 -0.095018
4.03812 -1.55072 -0.0889258
4.08345 -1.55514 -0.0972593
4.12643 -1.55871 -0.0829488
4.1704 -1.5636 -0.110769
4.21267 -1.56748 -0.0914423
4.25602 -1.5726 -0.117515
4.29207 -1.57708 -0.123664
4.33534 -1.58241 -0.122682
4.36975 -1.58749 -0.146428
4.39806 -1.59232 -0.169124
4.42337 -1.59681 -0.175366
4.45905 -1.60363 -0.188918
4.47298 -1.6061 -0.175438
4.49569 -1.61032 -0.184027
4.50279 -1.61151 -0.165685
4.51675 -1.61334 -0.129844
4.53686 -1.61539 -0.101715
4.55111 -1.61668 -0.0906834
4.56803 -1.61741 -0.0428562
4.58411 -1.61792 -0.031487
4.60154 -1.61866 -0.0424297
4.62035 -1.62037 -0.0908729
4.66016 -1.62516 -0.11971
4.67981 -1.62751 -0.119058
4.70333 -1.62949 -0.0839161
4.72526 -1.63086 -0.0623797
4.73514 -1.63193 -0.10795
4.74302 -1.63269 -0.0967327
4.77158 -1.6346 -0.0667338
4.80918 -1.63754 -0.0778902
4.82535 -1.63886 -0.081916
4.84978 -1.64122 -0.096256
4.86483 -1.64314 -0.127025
4.87011 -1.64377 -0.118245
4.87538 -1.64451 -0.138751
4.88639 -1.64643 -0.173241
4.89097 -1.64726 -0.179274
4.89563 -1.64806 -0.169468
4.90909 -1.65075 -0.197159
4.91623 -1.65215 -0.19363
4.93133 -1.6552 -0.19957
4.95752 -1.65953 -0.163767
4.97666 -1.66215 -0.135739
5.00488 -1.66654 -0.154367
5.04115 -1.67272 -0.168912
5.0591 -1.67648 -0.206572
5.06444 -1.67794 -0.266149
5.08007 -1.68336 -0.333813
5.0953 -1.68885 -0.34573
5.10406 -1.6925 -0.394739
5.10965 -1.69512 -0.439463
5.12119 -1.70088 -0.462492
5.12719 -1.70387 -0.463293
5.13219 -1.70624 -0.441753
5.1425 -1.71089 -0.423879
5.15061 -1.71428 -0.396037
5.16202 -1.71842 -0.347894
5.17577 -1.72311 -0.328933
5.1888 -1.72763 -0.333345
5.19198 -1.72889 -0.379033
5.20876 -1.73566 -0.383467
True
0.237956
