-5.47013 -1.88087 0.0664627
-5.44394 -1.87816 0.103021
-5.41678 -1.87619 0.0724821
-5.39113 -1.87362 0.0997664
-5.34381 -1.86859 0.10601
-5.29989 -1.86326 0.120649
-5.25017 -1.85799 0.105638
-5.20057 -1.85266 0.107125
-5.15102 -1.84612 0.131087
-5.10122 -1.84173 0.0879913
-5.05182 -1.83411 0.152919
-5.00902 -1.83052 0.0837512
-4.97519 -1.82532 0.152624
-4.92725 -1.81687 0.174507
-4.88022 -1.80829 0.180412
-4.84017 -1.80223 0.150119
-4.79235 -1.79312 0.188236
-4.75035 -1.78798 0.121946
-4.70307 -1.7811 0.144393
-4.65777 -1.77429 0.149196
-4.61024 -1.76762 0.139452
-4.56314 -1.7593 0.174788
-4.5197 -1.75335 0.136083
-4.47504 -1.74682 0.145183
-4.42902 -1.73928 0.162507
-4.38108 -1.73542 0.0803256
-4.33779 -1.73202 0.0783427
-4.2894 -1.72931 0.056049
-4.23977 -1.72686 0.0492228
-4.19827 -1.7251 0.0423156
-4.16023 -1.72189 0.0842728
-4.12347 -1.71687 0.135751
-4.07724 -1.71166 0.112116
-4.03198 -1.70736 0.0948242
-3.99019 -1.70276 0.109604
-3.95732 -1.69848 0.129555
-3.91606 -1.69213 0.152607
-3.87196 -1.68512 0.157606
-3.83007 -1.67713 0.188591
-3.7861 -1.67087 0.141326
-3.73965 -1.66446 0.137306
-3.69589 -1.65868 0.131271
-3.65314 -1.65279 0.136764
-3.61611 -1.6476 0.139328
-3.59466 -1.64391 0.170582
-3.5762 -1.64095 0.158858
-3.55461 -1.63755 0.156069
-3.52636 -1.63338 0.146564
-3.49003 -1.6289 0.122646
-3.44542 -1.62182 0.157549
-3.41553 -1.6172 0.15321
-3.38012 -1.61164 0.155641
-3.3478 -1.60704 0.141428
-3.31921 -1.60364 0.118401
-3.29431 -1.6007 0.117748
-3.26667 -1.59729 0.122472
-3.25021 -1.59553 0.106677
-3.22957 -1.59299 0.122351
-3.21081 -1.59035 0.139783
-3.17987 -1.58642 0.126292
-3.14431 -1.58246 0.111072
-3.11254 -1.57928 0.0996435
-3.08402 -1.5778 0.0519555
-3.05615 -1.57585 0.0698042
-3.03309 -1.57356 0.0990712
-3.00099 -1.5693 0.132024
-2.96896 -1.56438 0.152415
-2.93558 -1.55836 0.178199
-2.91539 -1.55462 0.183609
-2.88573 -1.55012 0.150525
-2.84724 -1.54518 0.127671
-2.81809 -1.54239 0.0953723
-2.77457 -1.53608 0.143812
-2.74625 -1.53219 0.136796
-2.72229 -1.5289 0.136371
-2.70727 -1.52692 0.131202
-2.68955 -1.52445 0.138257
-2.67609 -1.52214 0.169872
-2.66415 -1.51963 0.207588
-2.64775 -1.51552 0.245613
-2.62866 -1.50998 0.28224
-2.60871 -1.50434 0.275415
-2.59175 -1.49898 0.306313
-2.5699 -1.49292 0.270565
-2.55478 -1.48825 0.299677
-2.54834 -1.48608 0.324899
-2.54206 -1.48409 0.306246
-2.53642 -1.48249 0.276806
-2.52607 -1.47928 0.300657
-2.51278 -1.475 0.311767
-2.50122 -1.47148 0.295017
-2.48847 -1.46738 0.310988
-2.47487 -1.46307 0.307622
-2.45748 -1.45624 0.374058
-2.44123 -1.4491 0.413873
-2.43093 -1.4446 0.411986
-2.41129 -1.43549 0.434054
-2.39213 -1.42675 0.4284
-2.38072 -1.42141 0.437482
-2.36755 -1.41429 0.495503
-2.35287 -1.4051 0.559519
-2.33447 -1.39175 0.627398
-2.32011 -1.3799 0.69003
-2.30001 -1.36279 0.705323
-2.28786 -1.35159 0.744741
-2.27352 -1.33794 0.760471
-2.25206 -1.31909 0.720786
-2.22984 -1.29742 0.772932
-2.22923 -1.2969 0.707179
-2.22973 -1.29731 0.680632
-2.22148 -1.29091 0.659575
-2.20605 -1.28168 0.539214
-2.18971 -1.273 0.488229
-2.17917 -1.26877 0.381332
-2.17693 -1.26815 0.27303
-2.17089 -1.26678 0.222003
-2.171 -1.2668 0.152219
-2.17792 -1.26708 0.0403051
-2.16475 -1.26686 0.0166298
-2.15515 -1.26721 -0.0366098
-2.14922 -1.26755 -0.0576694
-2.12651 -1.26919 -0.0718071
-2.11171 -1.27212 -0.195741
-2.11726 -1.27038 -0.303925
-2.10944 -1.27367 -0.39808
-2.09672 -1.28014 -0.470482
-2.10486 -1.27575 -0.494372
-2.10996 -1.27229 -0.596358
-2.10274 -1.27824 -0.689469
-2.09869 -1.28215 -0.768522
-2.0874 -1.29419 -0.817086
-2.08402 -1.29821 -0.871933
-2.0754 -1.3085 -0.873241
-2.07168 -1.31306 -0.886519
-2.07882 -1.30342 -0.93297
-2.08309 -1.29732 -0.95997
-2.08567 -1.29314 -1.01872
-2.07571 -1.31076 -1.05657
-2.07102 -1.31962 -1.08351
-2.06317 -1.33992 -1.20177
-2.05534 -1.37026 -1.31843
-2.04799 -1.41595 -1.41129
-2.04155 -1.45123 -1.39017
-2.03736 -1.48227 -1.43657
-2.03264 -1.5176 -1.43816
-2.03162 -1.5312 -1.49537
-2.03075 -1.54558 -1.51056
-2.03075 -1.54596 -1.56434
-2.0308 -1.5496 -1.58552
-2.03099 -1.56185 -1.5867
-2.03118 -1.57767 -1.58238
-2.03153 -1.58167 -1.65766
-2.0325 -1.59031 -1.68304
-2.03508 -1.61098 -1.69519
-2.037 -1.62635 -1.69482
-2.03923 -1.63885 -1.74721
-2.04059 -1.64609 -1.75636
-2.04079 -1.64796 -1.68039
-2.04059 -1.64524 -1.64395
-2.04241 -1.6652 -1.66156
-2.04389 -1.68083 -1.66494
-2.04498 -1.69136 -1.67378
-2.04525 -1.70051 -1.60051
-2.04535 -1.7042 -1.59934
-2.046 -1.73709 -1.59058
-2.04696 -1.75897 -1.61433
-2.0479 -1.77847 -1.61888
-2.04827 -1.79687 -1.5914
-2.04815 -1.80425 -1.55408
-2.04777 -1.79955 -1.65048
-2.04931 -1.81913 -1.64929
-2.04982 -1.82567 -1.64734
-2.05039 -1.83247 -1.65516
-2.05057 -1.83395 -1.69319
-2.05165 -1.84138 -1.71503
-2.05194 -1.84311 -1.73788
-2.05301 -1.84949 -1.73664
-2.05419 -1.86072 -1.67525
-2.05457 -1.86754 -1.62713
-2.05504 -1.87714 -1.61921
-2.05506 -1.87757 -1.61267
-2.0552 -1.87927 -1.65471
-2.05587 -1.88703 -1.6573
-2.05571 -1.88505 -1.65565
-2.05643 -1.89147 -1.68338
-2.05669 -1.89373 -1.68546
-2.05662 -1.89281 -1.65298
-2.05681 -1.89437 -1.69219
-2.06006 -1.91707 -1.71339
-2.06166 -1.92751 -1.72221
-2.06361 -1.94563 -1.67819
-2.06496 -1.95632 -1.69612
-2.0669 -1.97449 -1.67703
-2.06922 -1.9986 -1.6667
-2.07013 -2.01079 -1.64599
-2.07017 -2.00886 -1.54976
-2.07001 -2.01116 -1.50029
-2.07004 -2.00942 -1.55256
-2.07005 -2.006 -1.57052
-2.07023 -2.01153 -1.60334
-2.07062 -2.0243 -1.60146
-2.07064 -2.02512 -1.60176
-2.07057 -2.02714 -1.53307
-2.06953 -2.03507 -1.44111
-2.06769 -2.04726 -1.42115
-2.06695 -2.05104 -1.37753
-2.06681 -2.05175 -1.36505
-2.06794 -2.0484 -1.24405
-2.06601 -2.0524 -1.12059
-2.06208 -2.05983 -1.08433
-2.06206 -2.05987 -1.1143
-2.05548 -2.07219 -1.08023
-2.05249 -2.07919 -1.16766
-2.04806 -2.09448 -1.28875
-2.04861 -2.09216 -1.33962
-2.04841 -2.09288 -1.30275
-2.04642 -2.09771 -1.17982
-2.05074 -2.0897 -1.0762
-2.04286 -2.10159 -0.985281
-2.04752 -2.09537 -0.926833
-2.04657 -2.09642 -0.83599
-2.04614 -2.09686 -0.792103
-2.03302 -2.10858 -0.728809
-2.02524 -2.11504 -0.693292
-2.01537 -2.12324 -0.693375
-2.01892 -2.12051 -0.655118
-2.01793 -2.12122 -0.623592
-2.0189 -2.12056 -0.598855
-2.02384 -2.11687 -0.641603
-2.03506 -2.10634 -0.753644
-2.04323 -2.09749 -0.825355
-2.04004 -2.10197 -0.95186
-2.03794 -2.10537 -1.01691
-2.03705 -2.1067 -0.98509
-2.03886 -2.10396 -0.988434
-2.03118 -2.11686 -1.03376
-2.02891 -2.1213 -1.09846
-2.02734 -2.12537 -1.20146
-2.02543 -2.13117 -1.25333
-2.0244 -2.13482 -1.29664
-2.02517 -2.13203 -1.30371
-2.02737 -2.11746 -1.4209
-2.02733 -2.11914 -1.54644
-2.02799 -2.1257 -1.67175
-2.02786 -2.12514 -1.79134
-2.0295 -2.12967 -1.91652
-2.03191 -2.13452 -2.03221
-2.03611 -2.14083 -2.15833
-2.04 -2.14555 -2.2598
-2.04506 -2.15045 -2.37205
-2.05253 -2.15643 -2.466
-2.05842 -2.16035 -2.55478
-2.06815 -2.16554 -2.65141
-2.07946 -2.17047 -2.73046
-2.09473 -2.1752 -2.84122
-2.1099 -2.17846 -2.93035
-2.12638 -2.18095 -2.99144
-2.14645 -2.18156 -3.11132
-2.18377 -2.17861 -3.22036
-2.22631 -2.17037 2.95012
-2.26069 -2.16044 2.86035
-2.28728 -2.14948 2.75094
-2.30547 -2.1403 2.67374
-2.32316 -2.12941 2.59013
-2.33534 -2.12069 2.51989
-2.3487 -2.11005 2.46912
-2.35965 -2.10019 2.40893
-2.37646 -2.0833 2.35366
-2.39105 -2.06818 2.33848
-2.41522 -2.04098 2.29722
-2.43406 -2.01789 2.25514
-2.44536 -2.00402 2.25445
-2.46624 -1.97839 2.25449
-2.47809 -1.9616 2.18542
-2.4911 -1.9416 2.14731
-2.51199 -1.90619 2.10393
-2.53027 -1.86871 2.0244
-2.54894 -1.82766 1.99769
-2.56102 -1.79416 1.9169
-2.5694 -1.76633 1.86323
-2.57739 -1.73182 1.79843
-2.58452 -1.69203 1.74793
-2.58974 -1.65835 1.72462
-2.5933 -1.62826 1.68874
-2.59495 -1.6063 1.64552
-2.59524 -1.59311 1.59299
-2.59592 -1.56647 1.59616
-2.59604 -1.53815 1.57508
-2.5948 -1.50813 1.52955
-2.59374 -1.49044 1.51129
-2.59227 -1.47479 1.47723
-2.59128 -1.46675 1.44725
-2.58866 -1.45036 1.41225
-2.58692 -1.44168 1.37338
-2.58347 -1.42758 1.33113
-2.57836 -1.41064 1.27765
-2.57157 -1.38996 1.2536
-2.56566 -1.37215 1.25058
-2.5599 -1.35583 1.23094
-2.54628 -1.32358 1.17143
-2.53034 -1.28468 1.18182
-2.51574 -1.25211 1.14942
-2.4986 -1.21943 1.08754
-2.48214 -1.19311 1.01204
-2.47243 -1.17731 1.01986
-2.46255 -1.16132 1.01729
-2.45083 -1.14127 1.04195
-2.44111 -1.12245 1.09399
-2.4302 -1.10004 1.11791
-2.42168 -1.08166 1.13642
-2.41454 -1.06617 1.13893
-2.40924 -1.05636 1.07562
-2.39842 -1.03892 1.01526
-2.38878 -1.02464 0.976961
-2.37938 -1.00838 1.04689
-2.36938 -0.991615 1.0331
-2.36191 -0.978931 1.03829
-2.35823 -0.972681 1.03887
-2.35254 -0.964159 0.982171
-2.3475 -0.957761 0.903146
-2.33921 -0.947406 0.895781
-2.33254 -0.938039 0.951774
-2.32543 -0.927065 0.996241
-2.31188 -0.90349 1.04922
-2.28721 -0.864683 1.00448
-2.27007 -0.833943 1.06204
-2.2464 -0.789914 1.07758
-2.22989 -0.760059 1.06572
-2.21446 -0.732213 1.06478
-2.19005 -0.688577 1.06078
-2.16577 -0.644875 1.06365
-2.14439 -0.605478 1.07362
-2.12034 -0.562749 1.05803
-2.10258 -0.534417 1.01087
-2.07565 -0.493531 0.988343
-2.04822 -0.456317 0.935767
-2.01783 -0.417926 0.901205
-1.99039 -0.390899 0.777671
-1.95938 -0.359414 0.793073
-1.92308 -0.328861 0.699622
-1.88466 -0.301184 0.624256
-1.85207 -0.279905 0.578466
-1.80851 -0.255581 0.509304
-1.77008 -0.2377 0.435407
-1.72418 -0.219044 0.386098
-1.67642 -0.204573 0.294179
-1.62894 -0.192511 0.248782
-1.58223 -0.181127 0.239045
-1.54025 -0.172302 0.207235
-1.49104 -0.164886 0.149565
-1.44639 -0.159318 0.124055
-1.39655 -0.155305 0.0803502
-1.34701 -0.153069 0.0450996
-1.29747 -0.1481 0.0999741
-1.25537 -0.145041 0.0725371
-1.20942 -0.145239 -0.00431868
-1.16287 -0.146564 -0.0284489
-1.11538 -0.147571 -0.0212033
-1.0737 -0.148571 -0.0240003
-1.02842 -0.149525 -0.0210472
-0.985551 -0.148954 0.0133188
-0.935606 -0.149316 -0.00725082
-0.887989 -0.149435 -0.00251487
-0.838058 -0.15136 -0.0385177
-0.795255 -0.152321 -0.0224508
-0.746287 -0.153657 -0.0272755
-0.696432 -0.15672 -0.0613707
-0.648227 -0.159895 -0.0657664
-0.604389 -0.162056 -0.0492661
-0.564079 -0.16589 -0.0948133
-0.518535 -0.171707 -0.127036
-0.472338 -0.179722 -0.171791
-0.430638 -0.186429 -0.15946
-0.392545 -0.194545 -0.209921
-0.344973 -0.208001 -0.275669
-0.296189 -0.218056 -0.203252
-0.253792 -0.227581 -0.221002
-0.213163 -0.234953 -0.179484
-0.164277 -0.245421 -0.210943
-0.123054 -0.255835 -0.247463
-0.0785531 -0.268184 -0.270681
-0.0436725 -0.278563 -0.289213
0.00247605 -0.292768 -0.298606
0.050438 -0.306377 -0.276491
0.0970561 -0.320975 -0.303463
0.142635 -0.332555 -0.2488
0.189738 -0.343769 -0.233712
0.238766 -0.353416 -0.194303
0.282673 -0.363775 -0.23168
0.330921 -0.376483 -0.257543
0.379333 -0.388258 -0.238589
0.428539 -0.396847 -0.172817
0.472795 -0.405311 -0.188956
0.518573 -0.416552 -0.240807
0.566684 -0.429341 -0.259799
0.614602 -0.442833 -0.274468
0.660192 -0.454248 -0.245343
0.700343 -0.462851 -0.211066
0.74314 -0.472441 -0.220438
0.791234 -0.482423 -0.204658
0.839999 -0.493128 -0.216088
0.888239 -0.502842 -0.198712
0.933197 -0.512401 -0.209512
0.982074 -0.522337 -0.200547
1.03015 -0.529246 -0.142732
1.06111 -0.534329 -0.162705
1.09703 -0.539556 -0.144522
1.14247 -0.547344 -0.169744
1.17924 -0.554264 -0.186002
1.21781 -0.561565 -0.187085
1.26648 -0.570445 -0.180482
1.31201 -0.58009 -0.20875
1.34424 -0.586855 -0.206882
1.38628 -0.594888 -0.188819
1.43338 -0.603538 -0.181623
1.48244 -0.61234 -0.177534
1.52812 -0.620556 -0.177932
1.57734 -0.629209 -0.174002
1.62684 -0.636033 -0.137012
1.67337 -0.64385 -0.166451
1.72259 -0.652598 -0.175879
1.77178 -0.659304 -0.135504
1.80796 -0.663913 -0.126717
1.85367 -0.668274 -0.0951187
1.90306 -0.675002 -0.135392
1.95158 -0.683671 -0.176788
1.99779 -0.692922 -0.197587
2.04351 -0.701939 -0.194749
2.08581 -0.711837 -0.229859
2.13057 -0.722856 -0.241371
2.17872 -0.736251 -0.271309
2.21191 -0.745337 -0.267221
2.2597 -0.760026 -0.29822
2.30781 -0.773517 -0.273359
2.35561 -0.787964 -0.293552
2.39358 -0.798855 -0.279286
2.42755 -0.807125 -0.238815
2.47603 -0.818231 -0.225231
2.52221 -0.825999 -0.166643
2.57146 -0.834073 -0.162476
2.61426 -0.841491 -0.171612
2.65824 -0.849266 -0.175009
2.70687 -0.860508 -0.227173
2.75379 -0.870767 -0.215252
2.79941 -0.880662 -0.213578
2.84748 -0.892382 -0.239178
2.89549 -0.904171 -0.240756
2.94351 -0.915491 -0.231513
2.99114 -0.927203 -0.24115
3.03121 -0.935545 -0.205247
3.07241 -0.943275 -0.18545
3.11082 -0.950304 -0.180968
3.15878 -0.956382 -0.126087
3.20727 -0.964592 -0.167716
3.25497 -0.972022 -0.154534
3.28613 -0.977226 -0.165441
3.32384 -0.984331 -0.186233
3.37127 -0.991633 -0.15275
3.40902 -0.995528 -0.102811
3.43367 -0.997881 -0.0951755
3.46101 -0.998994 -0.0406845
3.51073 -0.999929 -0.0187978
3.54333 -1.00143 -0.0459676
3.56385 -1.00225 -0.0399939
3.60783 -1.00267 -0.00955643
3.64786 -1.00323 -0.0140742
3.68595 -1.00468 -0.0378794
3.72267 -1.0067 -0.0550933
3.75226 -1.01017 -0.116578
3.77975 -1.01275 -0.0935985
3.81994 -1.01777 -0.124258
3.85487 -1.02161 -0.1096
3.86906 -1.02349 -0.13182
3.88945 -1.02566 -0.105888
3.91981 -1.02753 -0.061693
3.95127 -1.03094 -0.107915
3.97177 -1.03307 -0.103282
3.99387 -1.03531 -0.101243
3.99833 -1.03564 -0.073999
4.02379 -1.03669 -0.040913
4.05916 -1.03642 0.00743023
4.09166 -1.0362 0.00683018
4.13627 -1.03602 0.00401873
4.17941 -1.03723 -0.0279185
4.22748 -1.04134 -0.0854318
4.26286 -1.04475 -0.0960833
4.30203 -1.04733 -0.0656131
4.34668 -1.05021 -0.0643812
4.37538 -1.05193 -0.0598382
4.41115 -1.05644 -0.125433
4.44752 -1.06152 -0.138789
4.48816 -1.06657 -0.123717
4.52633 -1.07147 -0.127606
4.55308 -1.07439 -0.108988
4.57607 -1.07746 -0.132715
4.58501 -1.07879 -0.147456
4.60854 -1.08207 -0.138597
4.62812 -1.0847 -0.133193
4.65425 -1.08765 -0.112541
4.66816 -1.08934 -0.12119
4.68949 -1.09184 -0.116441
4.70131 -1.09324 -0.118078
4.71915 -1.09571 -0.137262
4.75281 -1.10034 -0.136727
4.7792 -1.10381 -0.131009
4.7966 -1.10641 -0.148223
4.82109 -1.11157 -0.207374
4.84908 -1.11845 -0.240993
4.87521 -1.12496 -0.244469
4.90684 -1.13227 -0.226867
4.92277 -1.13587 -0.222336
4.93172 -1.13782 -0.215493
4.94826 -1.1415 -0.218721
4.95984 -1.14413 -0.223565
4.97864 -1.14836 -0.220987
4.98663 -1.14984 -0.183408
4.99592 -1.15148 -0.175228
5.00591 -1.15283 -0.133564
5.01669 -1.15391 -0.100639
5.02066 -1.15427 -0.0881728
5.02574 -1.15458 -0.060932
5.03987 -1.15524 -0.0468913
5.04911 -1.15566 -0.0456642
5.05694 -1.15598 -0.0408778
5.06131 -1.15618 -0.0461582
5.07528 -1.15626 -0.0054599
5.0888 -1.15684 -0.0432624
5.09071 -1.15697 -0.0644333
5.09602 -1.15715 -0.034594
5.10629 -1.1571 0.00499972
5.11229 -1.15718 -0.0135834
5.12036 -1.15744 -0.031623
5.12308 -1.15751 -0.0257884
5.13298 -1.15795 -0.0450786
5.15265 -1.15802 -0.00354811
5.16512 -1.15841 -0.0310246
5.17101 -1.15882 -0.0691664
5.18649 -1.16091 -0.134195
5.1922 -1.1619 -0.17115
5.19247 -1.16194 -0.177937
5.20387 -1.16439 -0.211716
True
0.0580747
