4.47352 -0.00811636 -2.84414
4.42776 -0.0242344 -2.80299
4.38408 -0.0388696 -2.81824
4.34138 -0.0568869 -2.74232
4.30038 -0.0804989 -2.6191
4.26558 -0.100791 -2.61373
4.22422 -0.127808 -2.56294
4.19536 -0.149417 -2.49877
4.16392 -0.174732 -2.46374
4.13459 -0.19848 -2.46104
4.10598 -0.226796 -2.36132
4.07881 -0.25727 -2.29896
4.05562 -0.284976 -2.2676
4.02853 -0.321202 -2.21297
4.00398 -0.357675 -2.16317
3.98034 -0.391912 -2.17516
3.95865 -0.426752 -2.12763
3.94787 -0.44545 -2.09397
3.92526 -0.484707 -2.0932
3.90114 -0.526762 -2.09154
3.87988 -0.567115 -2.05568
3.86437 -0.598282 -2.03262
3.8426 -0.643296 -2.02121
3.82261 -0.684263 -2.02485
3.80807 -0.718907 -1.96808
3.79082 -0.765833 -1.92308
3.77648 -0.804313 -1.92753
3.76918 -0.824283 -1.92139
3.75736 -0.858309 -1.905
3.74115 -0.901959 -1.9264
3.72586 -0.945451 -1.90883
3.71338 -0.985093 -1.87587
3.70103 -1.03071 -1.83531
3.69011 -1.06662 -1.86574
3.68044 -1.09669 -1.88198
3.66596 -1.13855 -1.90386
3.65096 -1.18203 -1.90313
3.6339 -1.22866 -1.92155
3.6181 -1.27212 -1.91933
3.60349 -1.30695 -1.96813
3.58897 -1.34171 -1.96638
3.57488 -1.37824 -1.93896
3.56312 -1.40706 -1.9581
3.54743 -1.43988 -2.01678
3.53246 -1.47227 -2.00367
3.51707 -1.50648 -1.99361
3.49398 -1.55047 -2.05429
3.4767 -1.58943 -1.9882
3.46616 -1.61208 -2.00628
3.44873 -1.64899 -2.01201
3.43519 -1.67673 -2.02475
3.41447 -1.72223 -1.99822
3.39565 -1.75703 -2.06634
3.37359 -1.7993 -2.05194
3.35292 -1.84097 -2.03121
3.33062 -1.88516 -2.03822
3.30933 -1.92986 -2.0152
3.28753 -1.97218 -2.04648
3.26668 -2.0125 -2.04808
3.24369 -2.05662 -2.05105
3.21949 -2.09695 -2.11146
3.19904 -2.1328 -2.08904
3.17814 -2.16799 -2.10683
3.15111 -2.20988 -2.14381
3.12789 -2.24598 -2.14238
3.09964 -2.28724 -2.17105
3.07874 -2.31692 -2.18443
3.05115 -2.35495 -2.19839
3.03482 -2.37761 -2.19541
3.00746 -2.41597 -2.19028
2.98059 -2.45142 -2.21935
2.95017 -2.49001 -2.23848
2.92064 -2.52427 -2.28207
2.88993 -2.55826 -2.30571
2.85961 -2.59364 -2.27928
2.82842 -2.62888 -2.29519
2.79694 -2.66217 -2.32824
2.77132 -2.6921 -2.27871
2.7396 -2.72798 -2.29483
2.72207 -2.74813 -2.28658
2.70488 -2.76717 -2.30554
2.68185 -2.79075 -2.34406
2.64694 -2.82573 -2.35534
2.62284 -2.85039 -2.34471
2.58849 -2.88493 -2.3534
2.56907 -2.90539 -2.33018
2.53408 -2.93809 -2.39001
2.49558 -2.96931 -2.46032
2.46029 -2.99964 -2.43154
2.43834 -3.01686 -2.47634
2.40136 -3.04458 -2.49839
2.3614 -3.07373 -2.51146
2.32383 -3.10176 -2.5004
2.28569 -3.13025 -2.50013
2.25344 -3.15219 -2.54424
2.22331 -3.17245 -2.5495
2.18116 -3.19935 -2.57361
2.14213 -3.22522 -2.55626
2.10165 -3.25294 -2.5411
2.06342 -3.27698 -2.58032
2.03338 -3.29586 -2.58042
1.99017 -3.32024 -2.62799
1.95456 -3.33833 -2.67145
1.92038 -3.35327 -2.72945
1.88722 -3.36712 -2.74617
1.84122 -3.38523 -2.7665
1.79911 -3.40431 -2.71615
1.75497 -3.4278 -2.65256
1.7105 -3.45011 -2.67644
1.66654 -3.47299 -2.66177
1.6283 -3.49197 -2.68092
1.58995 -3.51083 -2.68451
1.54636 -3.53474 -2.63992
1.51435 -3.55002 -2.69619
1.46992 -3.57117 -2.69727
1.43772 -3.58455 -2.74795
1.39106 -3.60243 -2.77552
1.34505 -3.62183 -2.74253
1.30125 -3.63967 -2.75475
1.25446 -3.65728 -2.78186
1.22476 -3.66888 -2.76921
1.1806 -3.68441 -2.80339
1.13339 -3.70053 -2.81249
1.10615 -3.70833 -2.86276
1.06237 -3.72053 -2.86992
1.02102 -3.73121 -2.88863
0.979012 -3.74343 -2.85864
0.933586 -3.7563 -2.86546
0.890206 -3.76505 -2.94254
0.8419 -3.7767 -2.90497
0.793635 -3.78744 -2.92253
0.74823 -3.79707 -2.93265
0.700113 -3.80555 -2.96725
0.66299 -3.81168 -2.97783
0.615031 -3.8207 -2.9558
0.566699 -3.83131 -2.92531
0.518185 -3.84214 -2.92196
0.484188 -3.84935 -2.93285
0.443572 -3.85888 -2.91113
0.411544 -3.86597 -2.92353
0.371668 -3.87403 -2.94216
0.334931 -3.87946 -2.99502
0.285382 -3.88584 -3.01336
0.235853 -3.89106 -3.03658
0.188151 -3.89556 -3.04772
0.1404 -3.89904 -3.06878
0.101979 -3.90337 -3.02934
0.0591985 -3.90695 -3.05802
0.00944332 -3.91189 -3.0427
-0.0403322 -3.91657 -3.04786
-0.0751465 -3.91751 -3.11447
-0.125137 -3.91783 -3.13525
-0.173947 -3.91551 -3.18916
-0.211817 -3.91341 3.08633
-0.259685 -3.9107 3.085
-0.308029 -3.90713 3.06787
-0.356658 -3.90365 3.07014
-0.405959 -3.89899 3.04734
-0.455558 -3.89345 3.03045
-0.504738 -3.8869 3.00918
-0.551255 -3.87907 2.97475
-0.600264 -3.86962 2.95114
-0.648963 -3.8584 2.9151
-0.696574 -3.8454 2.87514
-0.742843 -3.83312 2.88212
-0.783214 -3.82274 2.88992
-0.823872 -3.81247 2.89426
-0.871842 -3.79837 2.85568
-0.916283 -3.78611 2.87241
-0.963436 -3.77146 2.84026
-1.00442 -3.75796 2.82348
-1.03319 -3.74966 2.86068
-1.07952 -3.73731 2.88101
-1.12258 -3.72452 2.85287
-1.16792 -3.71163 2.8646
-1.21003 -3.69999 2.87206
-1.25843 -3.68746 2.8882
-1.29791 -3.67553 2.84803
-1.33928 -3.66275 2.84203
-1.38294 -3.64824 2.82074
-1.42893 -3.63412 2.84371
-1.47549 -3.61787 2.80572
-1.5218 -3.59945 2.76305
-1.56694 -3.57938 2.72338
-1.61157 -3.56035 2.73844
-1.65507 -3.54031 2.70992
-1.6998 -3.5198 2.71168
-1.74327 -3.5013 2.73917
-1.78648 -3.48028 2.68874
-1.82368 -3.4604 2.65094
-1.86505 -3.4382 2.64914
-1.90913 -3.41482 2.65395
-1.95145 -3.39294 2.66429
-1.99196 -3.37091 2.64353
-2.02965 -3.34864 2.60798
-2.06615 -3.32765 2.61959
-2.10784 -3.30224 2.59415
-2.14246 -3.28153 2.60261
-2.18221 -3.25927 2.63101
-2.22298 -3.23615 2.62582
-2.26091 -3.21358 2.60491
-2.29209 -3.19361 2.57197
-2.3272 -3.17185 2.58661
-2.36374 -3.14852 2.5734
-2.40645 -3.12411 2.62237
-2.44151 -3.1048 2.6381
-2.48465 -3.07972 2.61509
-2.52679 -3.05342 2.58352
-2.56186 -3.03208 2.59502
-2.60353 -3.00487 2.5632
-2.63369 -2.98477 2.55366
-2.67256 -2.96206 2.61295
-2.69469 -2.94943 2.62268
-2.73783 -2.92474 2.62192
-2.77401 -2.90404 2.62188
-2.8104 -2.88565 2.67354
-2.82687 -2.87813 2.71343
-2.85133 -2.86476 2.64145
-2.87372 -2.85266 2.64599
-2.88112 -2.84847 2.62659
-2.89091 -2.84274 2.61181
-2.90515 -2.83412 2.59727
-2.93195 -2.81656 2.56149
-2.96147 -2.79625 2.53903
-2.98635 -2.77891 2.53295
-3.02533 -2.7497 2.49849
-3.04803 -2.73378 2.53004
-3.07304 -2.7167 2.54245
-3.08472 -2.70948 2.58816
-3.09776 -2.70167 2.60188
-3.11663 -2.68918 2.55691
-3.13346 -2.67796 2.55364
-3.15143 -2.66631 2.56618
-3.17109 -2.65346 2.56267
-3.19932 -2.63611 2.59062
-3.23413 -2.61553 2.60766
-3.25744 -2.6014 2.5964
-3.27362 -2.59075 2.55948
-3.28911 -2.58076 2.5689
-3.30948 -2.5674 2.56117
-3.32369 -2.55829 2.57167
-3.34279 -2.5472 2.61536
-3.36225 -2.53601 2.62003
-3.37788 -2.52759 2.64743
-3.39903 -2.51522 2.61224
-3.42313 -2.50079 2.60194
-3.44427 -2.48759 2.58364
-3.45743 -2.4796 2.59599
-3.47931 -2.46662 2.60613
-3.5061 -2.45086 2.60969
-3.53897 -2.43185 2.61728
-3.57223 -2.4142 2.65372
-3.60128 -2.39845 2.64467
-3.6138 -2.39096 2.60258
-3.6211 -2.38618 2.56148
-3.62756 -2.38203 2.5713
-3.63718 -2.37553 2.54729
-3.64277 -2.37164 2.53387
-3.66641 -2.35631 2.56638
-3.67719 -2.34991 2.60578
-3.68559 -2.34474 2.5901
-3.69628 -2.33842 2.60722
-3.71358 -2.32789 2.59499
-3.73759 -2.31362 2.60541
-3.76444 -2.29758 2.60302
-3.7765 -2.29074 2.62516
-3.79678 -2.27819 2.58772
-3.8127 -2.26841 2.59046
-3.83446 -2.25412 2.56075
-3.84903 -2.24509 2.58654
-3.85398 -2.24208 2.5955
-3.86827 -2.23386 2.61956
-3.87881 -2.22799 2.633
-3.89296 -2.22062 2.66182
-3.90253 -2.2159 2.68334
-3.91786 -2.20828 2.68038
-3.92708 -2.20345 2.65874
-3.93473 -2.19927 2.6418
-3.94039 -2.19626 2.65229
-3.95388 -2.18867 2.62931
-3.96881 -2.18035 2.63342
-3.9827 -2.17261 2.63282
-3.98811 -2.16985 2.67085
-3.99657 -2.16583 2.69746
-4.01312 -2.1574 2.6703
-4.01761 -2.15512 2.67138
-4.02147 -2.15313 2.66688
-4.03171 -2.14752 2.64026
-4.04189 -2.14222 2.66135
-4.04791 -2.13903 2.65524
-4.055 -2.13508 2.63237
-4.07077 -2.1267 2.65341
-4.06914 -2.12755 2.65891
-4.07086 -2.12672 2.68777
-4.07759 -2.12364 2.71284
-4.08482 -2.12015 2.69173
-4.09458 -2.1157 2.71362
-4.10514 -2.11092 2.71694
-4.11731 -2.10563 2.7317
-4.13153 -2.09935 2.72535
-4.14268 -2.09461 2.73954
-4.16057 -2.08664 2.72276
-4.17249 -2.08143 2.7298
-4.18543 -2.07531 2.69958
-4.18752 -2.07427 2.67983
-4.20633 -2.06507 2.68651
-4.21312 -2.06159 2.6685
True
0.0649247
