4.47513 0.00218895 3.0538
4.44664 0.00828721 2.93069
4.40905 0.0211057 2.81297
4.36504 0.0383479 2.76818
4.33117 0.0550164 2.6843
4.29311 0.076295 2.63178
4.26925 0.0914458 2.57587
4.23714 0.114937 2.50995
4.21226 0.136201 2.43449
4.17978 0.171451 2.31528
4.1534 0.201217 2.29589
4.13221 0.226649 2.26556
4.12148 0.240171 2.24152
4.10697 0.260426 2.1925
4.08764 0.287574 2.18947
4.07565 0.306841 2.12735
4.07456 0.308511 2.14966
4.06921 0.316885 2.13992
4.06071 0.330643 2.12386
4.04507 0.357877 2.09222
4.02367 0.402206 2.02055
4.00174 0.446356 2.03176
3.9871 0.476936 2.01726
3.97535 0.50185 2.0117
3.96218 0.533476 1.96515
3.94861 0.567917 1.94615
3.93123 0.612544 1.9422
3.91692 0.649185 1.9432
3.90298 0.694438 1.8695
3.89083 0.738049 1.8427
3.87528 0.78545 1.88774
3.86293 0.822918 1.88922
3.84544 0.868231 1.93904
3.83122 0.907871 1.91524
3.81678 0.950766 1.89554
3.80047 0.99534 1.92161
3.78398 1.04173 1.91241
3.7663 1.0885 1.93209
3.75845 1.10792 1.95505
3.74648 1.13919 1.93636
3.72981 1.17789 1.97745
3.71276 1.22157 1.94291
3.69757 1.25797 1.96634
3.6922 1.27063 1.97178
3.67965 1.29974 1.97769
3.66076 1.33993 2.01018
3.63775 1.38431 2.04911
3.61766 1.41901 2.09578
3.59876 1.45469 2.05777
3.57954 1.48517 2.13348
3.56328 1.51259 2.1061
3.53827 1.55575 2.09596
3.51725 1.59368 2.07682
3.4933 1.63731 2.07289
3.4772 1.66942 2.03541
3.45891 1.70851 2.0085
3.44085 1.74994 1.9818
3.42936 1.7786 1.95227
3.4205 1.80011 1.96121
3.40416 1.84081 1.95273
3.38883 1.88166 1.92979
3.36873 1.9272 1.98643
3.34792 1.97259 2.00069
3.32891 2.01402 2.00092
3.32333 2.02422 2.07157
3.30479 2.0609 2.03883
3.29312 2.08326 2.05186
3.28085 2.10705 2.047
3.25789 2.14939 2.06758
3.2321 2.19213 2.1138
3.20837 2.23276 2.09932
3.18191 2.27513 2.12906
3.15954 2.30945 2.14846
3.14531 2.33039 2.16768
3.11758 2.36932 2.18976
3.08701 2.40889 2.22849
3.05862 2.44884 2.18868
3.03109 2.48943 2.16678
3.00208 2.52968 2.19529
2.97176 2.56849 2.23403
2.94298 2.60879 2.19082
2.91328 2.647 2.23164
2.88631 2.67899 2.27133
2.85902 2.70757 2.33306
2.82319 2.7423 2.37186
2.79543 2.77174 2.32667
2.76141 2.80567 2.35754
2.72901 2.8391 2.34055
2.69492 2.87564 2.32152
2.66709 2.90283 2.36802
2.63591 2.93251 2.38071
2.60809 2.96079 2.348
2.58991 2.97945 2.34313
2.55673 3.01213 2.36369
2.52087 3.04622 2.38161
2.48349 3.07898 2.42183
2.45942 3.09858 2.4583
2.42694 3.12396 2.4784
2.38825 3.15029 2.54394
2.37777 3.15756 2.5351
2.34729 3.17944 2.51894
2.30761 3.20987 2.48745
2.26636 3.23797 2.54369
2.2287 3.26313 2.55254
2.19057 3.28748 2.57323
2.15004 3.31606 2.52739
2.10838 3.3436 2.55751
2.06976 3.3695 2.55091
2.02829 3.39656 2.56331
2.00786 3.40942 2.5799
1.97659 3.4263 2.64676
1.93134 3.44748 2.70366
1.88604 3.46861 2.70519
1.8433 3.4876 2.72352
1.7984 3.50893 2.69816
1.7548 3.5317 2.66023
1.71115 3.55279 2.69152
1.68131 3.56651 2.71064
1.64249 3.58504 2.69621
1.59936 3.60729 2.66539
1.55696 3.62848 2.67804
1.51345 3.64855 2.70949
1.47468 3.66512 2.73761
1.43784 3.67926 2.77509
1.39432 3.69734 2.74779
1.35414 3.71451 2.73777
1.3232 3.7265 2.7718
1.29083 3.73768 2.80907
1.24423 3.75344 2.81559
1.19756 3.7659 2.88063
1.15527 3.77905 2.84017
1.11031 3.79217 2.85759
1.07804 3.80038 2.89261
1.02963 3.81133 2.91912
0.992069 3.81952 2.92685
0.943228 3.82989 2.93243
0.893975 3.8385 2.96859
0.854058 3.84629 2.94881
0.811329 3.85282 2.98996
0.766605 3.86058 2.96984
0.723827 3.86718 2.98838
0.689505 3.87371 2.95357
0.640277 3.88241 2.96669
0.600028 3.8896 2.96491
0.556683 3.89585 2.99826
0.515695 3.9044 2.93589
0.466272 3.91192 2.99069
0.416757 3.91849 3.00976
0.367218 3.92347 3.04139
0.317521 3.9273 3.06468
0.285222 3.92884 3.09395
0.245605 3.92942 3.12678
0.221441 3.93121 3.06792
0.183173 3.93325 3.08828
0.1404 3.9366 3.06342
0.0905284 3.93961 3.08131
0.0500228 3.93926 3.15014
9.87075e-05 3.939 -3.13637
-0.0375852 3.93984 -3.16387
-0.0840443 3.94131 3.11007
-0.120987 3.94004 3.17597
-0.170932 3.93776 -3.09594
-0.220706 3.93425 -3.07128
-0.264928 3.93167 -3.08324
-0.314819 3.92852 -3.0787
-0.35202 3.92523 -3.05331
-0.389543 3.92044 -3.01457
-0.436968 3.91745 -3.07869
-0.485275 3.91117 -3.01221
-0.525607 3.90412 -2.96868
-0.565661 3.89791 -2.98759
-0.613985 3.89058 -2.9912
-0.663096 3.88124 -2.95357
-0.700238 3.87481 -2.97022
-0.745198 3.86292 -2.88306
-0.782134 3.85146 -2.84073
-0.828188 3.83802 -2.85757
-0.876261 3.8255 -2.88693
-0.924454 3.81218 -2.87196
-0.962736 3.80054 -2.84642
-1.00542 3.78776 -2.85059
-1.04359 3.77622 -2.84796
-1.07798 3.76553 -2.84021
-1.10771 3.75575 -2.82374
-1.15464 3.74116 -2.84015
-1.18099 3.73304 -2.84268
-1.22696 3.71718 -2.80949
-1.27097 3.69992 -2.76769
-1.31783 3.68249 -2.78566
-1.35698 3.66794 -2.78575
-1.39875 3.65214 -2.77984
-1.44519 3.63498 -2.78773
-1.48887 3.61859 -2.78261
-1.53218 3.60218 -2.77942
-1.57529 3.58574 -2.77727
-1.61707 3.56782 -2.7364
-1.64961 3.55447 -2.75217
-1.69656 3.5373 -2.7911
-1.7417 3.5217 -2.80879
-1.78526 3.50409 -2.7574
-1.82439 3.48623 -2.71349
-1.86926 3.46441 -2.6889
-1.9126 3.44164 -2.65786
-1.95602 3.41772 -2.63798
-1.9953 3.39526 -2.6223
-2.03904 3.37106 -2.63612
-2.07853 3.34844 -2.62152
-2.11606 3.32718 -2.62621
-2.15895 3.30176 -2.60656
-2.20124 3.27613 -2.59662
-2.2368 3.25438 -2.5928
-2.28059 3.23122 -2.65509
-2.32391 3.20862 -2.66078
-2.36815 3.18609 -2.67046
-2.41256 3.16321 -2.66592
-2.45178 3.14231 -2.65207
-2.49441 3.11797 -2.62263
-2.53423 3.09357 -2.59185
-2.56882 3.07169 -2.57755
-2.60836 3.04167 -2.49224
-2.62647 3.02879 -2.5235
-2.66676 2.99921 -2.50822
-2.69838 2.97515 -2.4911
-2.73656 2.94555 -2.48223
-2.77108 2.91985 -2.50152
-2.80621 2.89316 -2.49202
-2.84175 2.86552 -2.4805
-2.87648 2.83767 -2.46572
-2.91483 2.80851 -2.49147
-2.95227 2.77796 -2.45729
-2.98929 2.74784 -2.45845
-3.02063 2.71922 -2.40175
-3.05404 2.68776 -2.38613
-3.08858 2.65417 -2.37013
-3.12365 2.61863 -2.34953
-3.15402 2.58566 -2.31516
-3.18745 2.54937 -2.3151
-3.21881 2.51055 -2.25045
-3.25076 2.47216 -2.26488
-3.27584 2.44178 -2.26076
-3.30261 2.40675 -2.2234
-3.32981 2.37046 -2.21407
-3.34678 2.3477 -2.2112
-3.35772 2.33397 -2.24358
-3.3803 2.30385 -2.21434
-3.40999 2.26529 -2.22684
-3.43794 2.22907 -2.22805
-3.46136 2.19611 -2.18844
-3.48707 2.15683 -2.15047
-3.50261 2.13098 -2.11188
-3.51967 2.10166 -2.09782
-3.5334 2.07801 -2.09681
-3.54952 2.05009 -2.09433
-3.56913 2.01573 -2.08963
-3.59039 1.9806 -2.11499
-3.60884 1.9497 -2.10903
-3.62435 1.9233 -2.10183
-3.64148 1.89375 -2.09615
-3.6569 1.86739 -2.10017
-3.66555 1.85088 -2.0537
-3.67332 1.83583 -2.04747
-3.67917 1.82509 -2.06945
-3.68785 1.80847 -2.05176
-3.69643 1.79182 -2.0469
-3.70663 1.77235 -2.05338
-3.72728 1.73351 -2.05951
-3.74393 1.70462 -2.09338
-3.764 1.67104 -2.10959
-3.77595 1.65047 -2.097
-3.78224 1.64007 -2.11491
-3.79402 1.623 -2.17497
-3.81113 1.59764 -2.16415
-3.82898 1.57012 -2.14622
-3.84604 1.54373 -2.14478
-3.86683 1.51104 -2.13728
-3.8907 1.47412 -2.14463
-3.91279 1.44163 -2.16793
-3.93546 1.41071 -2.2035
-3.96397 1.37097 -2.1931
-3.97915 1.34902 -2.17582
-4.00065 1.31726 -2.16582
-4.02002 1.28973 -2.18413
-4.04674 1.25365 -2.20801
-4.07073 1.22025 -2.19375
-4.09377 1.188 -2.19111
-4.115 1.15731 -2.17597
-4.13907 1.12043 -2.14912
-4.16685 1.08366 -2.21776
-4.17466 1.07274 -2.19209
-4.18923 1.05085 -2.15778
-4.20696 1.02409 -2.15613
-4.21542 1.01065 -2.13263
-4.22331 0.998544 -2.14811
-4.2348 0.980285 -2.13272
-4.24341 0.967052 -2.14738
-4.24692 0.961877 -2.16729
-4.25303 0.951886 -2.11954
-4.26142 0.938181 -2.11988
-4.27126 0.921582 -2.10603
-4.28532 0.897352 -2.09653
-4.29617 0.879156 -2.10838
-4.30934 0.857116 -2.10972
-4.31542 0.846618 -2.09564
-4.31233 0.852022 -2.09041
-4.31404 0.84927 -2.1272
-4.31488 0.847859 -2.10666
-4.31765 0.843353 -2.12131
-4.31821 0.842338 -2.07866
-4.32203 0.83366 -1.98478
-4.32638 0.822856 -1.9539
-4.33162 0.809073 -1.93396
-4.33682 0.794944 -1.92365
True
0.183907
