-5.46244 -1.88155 0.111826
-5.4232 -1.87748 0.10331
-5.3773 -1.87259 0.106284
-5.33195 -1.8683 0.0941896
-5.28948 -1.86208 0.145452
-5.24168 -1.85821 0.0808019
-5.205 -1.8544 0.10359
-5.15887 -1.84894 0.117879
-5.11406 -1.84701 0.0428789
-5.0671 -1.84372 0.0699349
-5.02137 -1.84127 0.0536704
-4.97231 -1.83715 0.083621
-4.93539 -1.83348 0.099249
-4.89203 -1.82769 0.13262
-4.8427 -1.81968 0.161077
-4.79435 -1.81057 0.186263
-4.75052 -1.80053 0.225129
-4.70526 -1.79313 0.162016
-4.66373 -1.78524 0.187723
-4.62341 -1.77755 0.188531
-4.57833 -1.7697 0.172417
-4.53144 -1.76099 0.183728
-4.48307 -1.75084 0.206812
-4.43435 -1.73967 0.225386
-4.38736 -1.73025 0.197816
-4.34283 -1.72132 0.197861
-4.29736 -1.7123 0.195749
-4.25263 -1.70354 0.193393
-4.20379 -1.69308 0.211088
-4.16463 -1.6864 0.168968
-4.1223 -1.67812 0.19318
-4.07358 -1.6678 0.208731
-4.03697 -1.65815 0.257634
-3.99445 -1.64619 0.27435
-3.9621 -1.63542 0.321148
-3.92989 -1.62582 0.289751
-3.90639 -1.61835 0.307796
-3.87413 -1.60898 0.282534
-3.84075 -1.59968 0.271911
-3.82089 -1.59342 0.305393
-3.79573 -1.58535 0.310392
-3.77728 -1.57964 0.299963
-3.74616 -1.56995 0.301867
-3.70512 -1.55886 0.263957
-3.66314 -1.54763 0.261322
-3.62009 -1.53636 0.255996
-3.59364 -1.52932 0.260274
-3.56728 -1.52216 0.26528
-3.53887 -1.51363 0.291694
-3.49158 -1.49891 0.30169
-3.44432 -1.48276 0.329266
-3.41151 -1.4698 0.376243
-3.3673 -1.45064 0.408938
-3.32883 -1.43452 0.396769
-3.29662 -1.42193 0.372716
-3.25856 -1.40482 0.422388
-3.21448 -1.38311 0.457638
-3.1684 -1.3637 0.398671
-3.13283 -1.34521 0.479374
-3.10355 -1.3279 0.533987
-3.07108 -1.30508 0.612602
-3.03341 -1.27891 0.607184
-2.99322 -1.24916 0.637259
-2.95634 -1.22223 0.630709
-2.91648 -1.19205 0.648049
-2.88915 -1.17118 0.652063
-2.86509 -1.15351 0.63362
-2.84022 -1.13515 0.635799
-2.80229 -1.10393 0.688721
-2.76466 -1.07115 0.716627
-2.73417 -1.04431 0.721944
-2.69708 -1.01091 0.732958
-2.6649 -0.980147 0.762928
-2.62993 -0.944566 0.794084
-2.59563 -0.908571 0.80946
-2.57245 -0.884541 0.803367
-2.54077 -0.851473 0.806844
-2.50781 -0.813893 0.8508
-2.47478 -0.776355 0.849221
-2.44196 -0.738827 0.852215
-2.41149 -0.704673 0.842346
-2.37834 -0.667253 0.845773
-2.35131 -0.638674 0.813221
-2.32404 -0.611938 0.775618
-2.29106 -0.5777 0.804109
-2.25815 -0.544114 0.795538
-2.23054 -0.516056 0.793404
-2.19504 -0.481918 0.765852
-2.16463 -0.451886 0.779213
-2.12843 -0.419537 0.729185
-2.09134 -0.386375 0.729573
-2.05451 -0.356917 0.674604
-2.01473 -0.326707 0.649546
-1.97535 -0.297887 0.631752
-1.93823 -0.274576 0.560811
-1.89442 -0.250808 0.497065
-1.8488 -0.230337 0.421833
-1.8039 -0.212569 0.376777
-1.7577 -0.19645 0.33571
-1.71054 -0.185434 0.229464
-1.66206 -0.173215 0.246873
-1.61313 -0.165243 0.161536
-1.57462 -0.160626 0.119324
-1.5251 -0.154958 0.11394
-1.48268 -0.149254 0.133667
-1.4332 -0.145668 0.07236
-1.38426 -0.143418 0.045933
-1.3355 -0.142574 0.0173095
-1.29057 -0.142503 0.00157215
-1.24062 -0.143558 -0.0211133
-1.19128 -0.143175 0.00777332
-1.14165 -0.141471 0.034316
-1.09172 -0.139274 0.0439706
-1.05181 -0.136931 0.0586408
-1.00298 -0.13065 0.127921
-0.957748 -0.126474 0.0920663
-0.91789 -0.123793 0.0671589
-0.869401 -0.122871 0.0190204
-0.820168 -0.120951 0.0389762
-0.772152 -0.119462 0.0309971
-0.732224 -0.116728 0.0683627
-0.682307 -0.113981 0.0549826
-0.632614 -0.110796 0.0640022
-0.584963 -0.108481 0.0485418
-0.539456 -0.105368 0.0683161
-0.492167 -0.100974 0.0926522
-0.45014 -0.099608 0.0324803
-0.402947 -0.0971749 0.0515111
-0.356562 -0.0933687 0.0818744
-0.314964 -0.0895444 0.0916774
-0.277748 -0.0873135 0.0598737
-0.228324 -0.0823898 0.0992936
-0.181391 -0.0780744 0.0916886
-0.136555 -0.0740909 0.088613
-0.0915587 -0.0721498 0.0431131
-0.0493858 -0.0686205 0.083491
-0.00850179 -0.0648687 0.0915122
0.0403412 -0.0622986 0.0525701
0.0877427 -0.0609917 0.0275647
0.137402 -0.0598237 0.0235155
0.180933 -0.0585577 0.0290751
0.227109 -0.0556913 0.0619949
0.274868 -0.0508556 0.100908
0.324676 -0.0478589 0.0600935
0.373738 -0.0451539 0.0550789
0.422596 -0.0408249 0.0883715
0.469754 -0.0356573 0.109146
0.51654 -0.03361 0.0437312
0.562213 -0.0305625 0.0666254
0.605737 -0.0284716 0.048004
0.650593 -0.0258985 0.0572993
0.698751 -0.0248465 0.0218411
0.748387 -0.0240543 0.0159587
0.798364 -0.0253262 -0.0254435
0.846707 -0.0267678 -0.0298105
0.886005 -0.0268289 -0.00155658
0.935958 -0.0280957 -0.0253544
0.978331 -0.0274607 0.0149862
1.0219 -0.0296317 -0.0497888
1.06928 -0.0316855 -0.043324
1.11847 -0.0347051 -0.0612996
1.16793 -0.0379713 -0.0659432
1.20769 -0.0404577 -0.0624557
1.25234 -0.0433789 -0.0653271
1.29831 -0.0470933 -0.0806383
1.34793 -0.0531777 -0.122001
1.39388 -0.0562121 -0.0659351
1.44322 -0.0594883 -0.0663071
1.49278 -0.0647401 -0.105578
1.53812 -0.0686457 -0.0859191
1.58382 -0.0726624 -0.0876796
1.6318 -0.0775535 -0.101577
1.67855 -0.0823935 -0.103178
1.71195 -0.0854341 -0.0907734
1.75793 -0.0913048 -0.126986
1.80745 -0.0975338 -0.125143
1.85659 -0.102363 -0.0979521
1.90229 -0.108965 -0.143472
1.94694 -0.115296 -0.14085
1.99627 -0.123045 -0.155821
2.03607 -0.128117 -0.126763
2.0774 -0.134333 -0.149269
2.121 -0.141775 -0.169075
2.16869 -0.148581 -0.141764
2.21342 -0.155525 -0.153977
2.26294 -0.161564 -0.121382
2.30676 -0.167322 -0.130635
2.3544 -0.172235 -0.102752
2.39951 -0.178455 -0.137012
2.44554 -0.185005 -0.141389
2.48508 -0.192184 -0.179593
2.53274 -0.19845 -0.130717
2.58055 -0.203528 -0.105819
2.62727 -0.207274 -0.0800074
2.67715 -0.210379 -0.0621672
2.72377 -0.216871 -0.138352
2.77155 -0.22417 -0.151602
2.82057 -0.232862 -0.175494
2.86866 -0.240957 -0.166767
2.91625 -0.250044 -0.188661
2.96308 -0.258624 -0.181216
3.0115 -0.266817 -0.167617
3.0494 -0.271055 -0.111357
3.09782 -0.275452 -0.0905518
3.14176 -0.279479 -0.0914028
3.18114 -0.282693 -0.0814449
3.22662 -0.286021 -0.0730429
3.27493 -0.290421 -0.0908196
3.32209 -0.296051 -0.118826
3.3613 -0.301217 -0.130993
3.40299 -0.3082 -0.165959
3.44324 -0.316422 -0.201493
3.48984 -0.326458 -0.212143
3.52404 -0.33401 -0.217289
3.55644 -0.339245 -0.160176
3.58986 -0.344495 -0.155862
3.60895 -0.346734 -0.116749
3.63632 -0.349705 -0.108097
3.67063 -0.352201 -0.0726274
3.7007 -0.354543 -0.0777042
3.73443 -0.356248 -0.0505083
3.77974 -0.358479 -0.0492057
3.82629 -0.362586 -0.0880092
3.85943 -0.366777 -0.125805
3.88843 -0.37028 -0.120223
3.91535 -0.373588 -0.122233
3.9406 -0.376416 -0.111544
3.96843 -0.379841 -0.122479
4.00172 -0.384895 -0.15066
4.02895 -0.388278 -0.123593
4.04855 -0.390594 -0.117582
4.06566 -0.392303 -0.0995744
4.08766 -0.396002 -0.166594
4.10351 -0.399355 -0.208499
4.11752 -0.402739 -0.236913
4.1254 -0.404608 -0.232908
4.15984 -0.41241 -0.222802
4.18669 -0.419046 -0.242267
4.20626 -0.423666 -0.23181
4.22712 -0.427997 -0.204762
4.25416 -0.433907 -0.215155
4.28826 -0.443194 -0.265916
4.31442 -0.449628 -0.24117
4.34149 -0.454673 -0.184236
4.37318 -0.458899 -0.132556
4.40268 -0.461804 -0.0981785
4.44154 -0.466913 -0.130713
4.47725 -0.4717 -0.133263
4.51895 -0.47519 -0.083483
4.54502 -0.477137 -0.0745391
4.58022 -0.478651 -0.0429899
4.61907 -0.479354 -0.018105
4.65568 -0.480011 -0.0179397
4.68424 -0.479573 0.0153421
4.71097 -0.47919 0.0143155
4.72714 -0.479532 -0.0211255
4.75607 -0.481315 -0.061576
4.77248 -0.482064 -0.0455523
4.79317 -0.483157 -0.052819
4.80366 -0.483476 -0.0303984
4.81031 -0.483417 0.00893453
4.83329 -0.482272 0.0497998
4.84379 -0.481821 0.0428681
4.85351 -0.481713 0.0111595
4.87141 -0.482095 -0.0213369
4.88154 -0.48257 -0.0469019
4.88996 -0.482707 -0.0162849
4.92193 -0.483893 -0.0370757
4.93653 -0.484213 -0.0218749
4.95078 -0.484551 -0.023745
4.9524 -0.484568 -0.010247
4.95333 -0.484581 -0.0144691
4.95897 -0.484651 -0.0123809
4.97996 -0.48457 0.00388247
4.99286 -0.484199 0.0287198
5.01205 -0.483312 0.0461993
5.03298 -0.481858 0.0693472
5.0406 -0.481518 0.0445269
5.07363 -0.479941 0.0477227
5.0855 -0.47947 0.0396236
5.09966 -0.479485 -0.00102816
5.10732 -0.479475 0.00128423
5.10963 -0.479637 -0.0697763
5.12137 -0.480875 -0.105119
5.13728 -0.483113 -0.139682
5.15011 -0.485112 -0.154645
5.15671 -0.486331 -0.182642
5.16869 -0.489031 -0.221597
5.17758 -0.49141 -0.261446
5.18166 -0.492415 -0.24134
5.18172 -0.492426 -0.199852
5.2031 -0.495758 -0.154603
True
0.067096
