-5.47633 -0.159606 0.263803
-5.46814 -0.157559 0.244821
-5.43739 -0.149334 0.261346
-5.39738 -0.138547 0.263328
-5.34839 -0.128763 0.197113
-5.30253 -0.119572 0.1978
-5.25606 -0.109268 0.218207
-5.21637 -0.100801 0.210202
-5.16753 -0.0909744 0.198527
-5.12041 -0.0825653 0.176633
-5.07168 -0.0737402 0.179138
-5.02273 -0.0646418 0.183797
-4.97472 -0.0575225 0.147189
-4.92529 -0.0500001 0.151043
-4.8762 -0.0411693 0.177982
-4.83789 -0.0350555 0.15827
-4.79183 -0.025873 0.196772
-4.74548 -0.0174417 0.179937
-4.7001 -0.0101557 0.159178
-4.65074 -0.00294613 0.145043
-4.60107 0.0020412 0.100072
-4.55721 0.00851567 0.146545
-4.50768 0.0136386 0.103076
-4.45933 0.0177824 0.0854923
-4.42099 0.0228636 0.131778
-4.37399 0.0315825 0.183414
-4.32537 0.0393099 0.157623
-4.27709 0.0476067 0.17016
-4.22956 0.0533745 0.120777
-4.18243 0.0593985 0.127107
-4.14161 0.0642088 0.1173
-4.09209 0.0711381 0.139042
-4.04624 0.0766951 0.120622
-4.00366 0.0806685 0.0930283
-3.95412 0.0871482 0.130069
-3.90483 0.0918672 0.095448
-3.85588 0.0971243 0.106989
-3.80599 0.1001 0.0595786
-3.75839 0.103783 0.0772047
-3.71297 0.109087 0.11627
-3.66433 0.118082 0.182847
-3.61658 0.128962 0.224025
-3.56759 0.138489 0.19206
-3.52335 0.146008 0.168365
-3.47714 0.155731 0.207392
-3.42912 0.168954 0.268704
-3.38147 0.181732 0.26203
-3.33806 0.19043 0.197732
-3.29233 0.198479 0.174222
-3.24992 0.207098 0.200475
-3.20695 0.217572 0.239111
-3.16089 0.229118 0.24563
-3.1125 0.241632 0.253055
-3.06399 0.252889 0.228011
-3.01924 0.263448 0.231709
-2.97136 0.274413 0.225149
-2.93108 0.285548 0.2697
-2.88499 0.29477 0.197449
-2.83664 0.306946 0.246713
-2.78842 0.316983 0.205223
-2.75319 0.325574 0.239209
-2.70636 0.336171 0.222529
-2.66174 0.346764 0.233114
-2.62007 0.356141 0.221299
-2.57905 0.366251 0.241652
-2.53461 0.376418 0.224948
-2.4881 0.385613 0.195179
-2.44505 0.392564 0.160073
-2.40247 0.400917 0.19368
-2.35346 0.410757 0.198148
-2.30974 0.419589 0.199346
-2.26401 0.429151 0.206141
-2.21652 0.439427 0.21306
-2.17102 0.448947 0.206274
-2.12771 0.458753 0.222688
-2.08311 0.468272 0.210274
-2.03418 0.47841 0.204307
-1.98793 0.488524 0.215259
-1.93972 0.498248 0.199033
-1.89103 0.508815 0.21374
-1.84223 0.519701 0.219472
-1.79542 0.531111 0.239072
-1.75424 0.54233 0.265985
-1.70613 0.555355 0.26443
-1.65887 0.567481 0.251145
-1.61627 0.578106 0.244418
-1.56858 0.590432 0.25291
-1.51993 0.601984 0.233144
-1.47385 0.612253 0.219254
-1.42505 0.622884 0.214493
-1.38295 0.629238 0.1498
-1.33491 0.637585 0.172057
-1.28807 0.647922 0.217196
-1.24137 0.661489 0.282703
-1.19449 0.678802 0.353801
-1.14754 0.695993 0.351001
-1.10054 0.712866 0.344675
-1.05519 0.728791 0.33768
-1.00923 0.742932 0.298534
-0.963578 0.757803 0.314873
-0.916975 0.775218 0.35761
-0.873062 0.792552 0.375959
-0.829595 0.810653 0.394599
-0.784883 0.830768 0.422744
-0.739875 0.851496 0.431602
-0.696475 0.869748 0.398094
-0.665076 0.883461 0.41175
-0.622796 0.90054 0.383907
-0.577383 0.918678 0.37999
-0.531289 0.933296 0.307107
-0.483896 0.948064 0.302078
-0.436227 0.961495 0.274633
-0.393118 0.972451 0.248866
-0.344793 0.984434 0.243061
-0.296765 0.998075 0.276755
-0.255965 1.01088 0.304104
-0.208825 1.02518 0.294529
-0.166753 1.0383 0.302356
-0.118592 1.05128 0.26327
-0.0701293 1.06187 0.21515
-0.0209849 1.07075 0.178707
0.0266826 1.07893 0.169973
0.0755035 1.08747 0.173209
0.117532 1.09537 0.185673
0.163236 1.1057 0.222302
0.208531 1.11613 0.226292
0.254886 1.12609 0.211746
0.302512 1.13622 0.209494
0.351599 1.14573 0.191442
0.398285 1.15615 0.219529
0.44169 1.16668 0.238027
0.486462 1.17926 0.273976
0.534634 1.19266 0.271243
0.582521 1.20678 0.286726
0.616379 1.21676 0.286597
0.66252 1.2299 0.277422
0.711025 1.24203 0.245125
0.758088 1.25235 0.215861
0.805677 1.26444 0.248672
0.852522 1.27573 0.236644
0.895078 1.28521 0.219195
0.932313 1.29308 0.208124
0.974911 1.30303 0.229616
1.01898 1.31277 0.217351
1.06771 1.32259 0.19898
1.11542 1.3318 0.190713
1.16088 1.33953 0.168458
1.20638 1.346 0.141054
1.25547 1.35436 0.168705
1.2919 1.36305 0.234353
1.34033 1.37279 0.19845
1.38627 1.38316 0.221929
1.42901 1.3916 0.194923
1.47802 1.40145 0.198384
1.51822 1.40925 0.1916
1.56746 1.41637 0.143635
1.61678 1.42459 0.16515
1.65661 1.43073 0.153
1.70576 1.43905 0.167711
1.74814 1.44637 0.171037
1.79727 1.45542 0.182118
1.84635 1.46393 0.171689
1.89211 1.47084 0.149842
1.93465 1.47868 0.182369
1.97816 1.48514 0.147294
2.02501 1.49205 0.146452
2.07407 1.50116 0.18355
2.12024 1.50911 0.170545
2.16588 1.51836 0.200065
2.21466 1.52851 0.205064
2.26362 1.53721 0.175861
2.30712 1.54605 0.200475
2.35287 1.55437 0.179968
2.39771 1.56284 0.186574
2.4425 1.57035 0.166249
2.48634 1.57797 0.172097
2.5353 1.58651 0.172691
2.58224 1.59289 0.135129
2.63177 1.59903 0.123222
2.67356 1.60476 0.13623
2.72054 1.61229 0.158948
2.76564 1.61835 0.133494
2.81216 1.62595 0.162129
2.86021 1.63274 0.140338
2.90293 1.63996 0.167495
2.94196 1.64721 0.183642
2.99127 1.65539 0.164274
3.04085 1.66192 0.131016
3.07174 1.66669 0.153239
3.11578 1.67293 0.140788
3.16427 1.6812 0.168795
3.20955 1.6896 0.183547
3.24518 1.69517 0.15503
3.2893 1.70597 0.240082
3.33276 1.71747 0.258633
3.36938 1.7264 0.239213
3.39626 1.73267 0.229341
3.41699 1.73831 0.265226
3.46291 1.75129 0.27555
3.50514 1.76252 0.259924
3.54544 1.7735 0.265887
3.59302 1.78636 0.264059
3.63488 1.79752 0.260513
3.66191 1.80432 0.246641
3.69326 1.81177 0.233161
3.71111 1.81488 0.172296
3.71603 1.81575 0.176464
3.73057 1.81865 0.19658
3.76866 1.8258 0.185627
3.79864 1.8316 0.191114
3.82727 1.83759 0.206215
3.85773 1.84292 0.173252
3.89364 1.84761 0.129866
3.93845 1.85609 0.187048
3.98712 1.86621 0.205015
4.02434 1.87539 0.241679
4.06016 1.88388 0.232944
4.08628 1.89038 0.243533
4.11115 1.89665 0.247176
4.12994 1.90202 0.27847
4.15262 1.90868 0.285531
4.16709 1.91267 0.269049
4.2007 1.92143 0.254866
4.23322 1.93037 0.268334
4.26577 1.93961 0.276669
4.29101 1.94694 0.282675
4.32014 1.9543 0.24743
4.3522 1.96284 0.260277
4.39054 1.97256 0.248404
4.43386 1.9852 0.283886
4.46736 1.9942 0.262398
4.51319 2.00562 0.244185
4.55769 2.01861 0.283988
4.59287 2.02745 0.246187
4.62384 2.03622 0.276074
4.64808 2.04294 0.270388
4.66329 2.04769 0.302946
4.66744 2.04882 0.263814
4.6931 2.0553 0.247442
4.71547 2.0613 0.262043
4.73769 2.06659 0.233859
4.76026 2.07246 0.254546
4.79334 2.08068 0.243566
4.82633 2.09017 0.279874
4.85789 2.09985 0.297763
4.88314 2.10881 0.340856
4.90784 2.11836 0.368925
4.93058 2.1281 0.404761
4.94898 2.13597 0.404011
4.96473 2.14361 0.451788
4.9761 2.14857 0.411638
4.98857 2.15358 0.381871
5.00859 2.16085 0.348374
5.01752 2.1636 0.298875
5.0305 2.1675 0.291536
5.03419 2.16858 0.284188
5.04833 2.17216 0.247862
5.07444 2.17887 0.251849
5.09195 2.18291 0.226839
5.1158 2.1882 0.218265
5.12562 2.19052 0.231364
5.13349 2.19254 0.251479
5.15156 2.19729 0.257254
5.16583 2.2012 0.266817
5.17782 2.20449 0.268749
5.19835 2.21051 0.285055
5.20886 2.21368 0.29225
True
0.069836
