4.48102 -0.00457939 -2.90488
4.43521 -0.0220727 -2.77682
4.39099 -0.0437763 -2.68526
4.35699 -0.0633084 -2.62014
4.31696 -0.0890895 -2.56945
4.27696 -0.119002 -2.49951
4.24365 -0.146371 -2.45384
4.21601 -0.171529 -2.40307
4.17983 -0.205933 -2.38133
4.14715 -0.240837 -2.32328
4.12451 -0.2698 -2.23429
4.0996 -0.306128 -2.17185
4.07166 -0.347587 -2.16393
4.04561 -0.390206 -2.11946
4.02191 -0.432928 -2.07715
4.00583 -0.465414 -2.03061
3.98457 -0.510571 -2.01077
3.96412 -0.556198 -1.99203
3.94818 -0.598787 -1.92899
3.9324 -0.637716 -1.95588
3.91738 -0.67535 -1.95058
3.90019 -0.72098 -1.93113
3.8852 -0.767166 -1.88463
3.87218 -0.812533 -1.85029
3.86002 -0.846186 -1.91737
3.84445 -0.892762 -1.89346
3.82963 -0.940512 -1.87171
3.81488 -0.988284 -1.87038
3.80306 -1.03262 -1.83128
3.79164 -1.0813 -1.80125
3.77885 -1.12865 -1.83452
3.7669 -1.16362 -1.90007
3.74962 -1.21023 -1.9258
3.73314 -1.25361 -1.93389
3.72059 -1.29594 -1.85899
3.71059 -1.32693 -1.88296
3.69474 -1.37424 -1.89412
3.68097 -1.4161 -1.88849
3.66433 -1.46302 -1.91161
3.64512 -1.50773 -1.9767
3.62532 -1.55334 -1.98029
3.61604 -1.57683 -1.94718
3.59712 -1.62049 -1.97968
3.57757 -1.6665 -1.97252
3.55662 -1.7119 -2.00327
3.54052 -1.75183 -1.95412
3.52051 -1.79725 -1.98577
3.50153 -1.84319 -1.96259
3.4832 -1.88534 -1.9808
3.46259 -1.93075 -1.99696
3.44429 -1.96867 -2.02034
3.42283 -2.00911 -2.05872
3.40804 -2.03657 -2.06492
3.39682 -2.05617 -2.09063
3.37917 -2.08623 -2.10172
3.35774 -2.12498 -2.07614
3.33697 -2.16167 -2.08585
3.32525 -2.18053 -2.1266
3.30547 -2.21121 -2.14345
3.28524 -2.24365 -2.12838
3.25448 -2.28306 -2.23367
3.22644 -2.32423 -2.16858
3.19698 -2.36347 -2.2149
3.16821 -2.40245 -2.20658
3.13711 -2.44159 -2.24217
3.10977 -2.47584 -2.24454
3.07761 -2.51144 -2.30549
3.04738 -2.54452 -2.31108
3.01294 -2.58076 -2.3307
2.99139 -2.60633 -2.27108
2.95823 -2.64374 -2.29614
2.92788 -2.67681 -2.3132
2.89574 -2.70949 -2.34799
2.8733 -2.73196 -2.35563
2.83707 -2.76642 -2.38117
2.79974 -2.79968 -2.41372
2.77074 -2.82803 -2.36755
2.73862 -2.85705 -2.40691
2.70353 -2.88916 -2.40042
2.67857 -2.91455 -2.34754
2.6439 -2.95038 -2.33995
2.60896 -2.98445 -2.36864
2.57966 -3.01125 -2.40094
2.54842 -3.03841 -2.4258
2.512 -3.07265 -2.38711
2.4758 -3.10137 -2.47087
2.43738 -3.13337 -2.44713
2.39861 -3.16451 -2.46481
2.36543 -3.19215 -2.44705
2.32726 -3.22149 -2.48626
2.29945 -3.24258 -2.49268
2.25996 -3.27325 -2.48136
2.22224 -3.29925 -2.53811
2.18226 -3.32888 -2.50382
2.15253 -3.35076 -2.50699
2.11298 -3.38054 -2.49626
2.07599 -3.40612 -2.53648
2.04072 -3.42838 -2.57861
2.00303 -3.45055 -2.61001
1.96228 -3.4751 -2.59933
1.91948 -3.50057 -2.60481
1.8763 -3.52565 -2.61525
1.83232 -3.54928 -2.64869
1.78884 -3.57388 -2.62665
1.75083 -3.59373 -2.66031
1.71218 -3.61091 -2.72339
1.68256 -3.62439 -2.71453
1.64092 -3.64462 -2.68937
1.59972 -3.66067 -2.77006
1.55847 -3.67971 -2.70918
1.51207 -3.69832 -2.76011
1.46651 -3.71527 -2.78553
1.42273 -3.73097 -2.79728
1.37678 -3.75069 -2.7361
1.33191 -3.76672 -2.7984
1.28971 -3.78192 -2.79599
1.24815 -3.79698 -2.7939
1.21175 -3.80848 -2.83556
1.17596 -3.82058 -2.81565
1.13394 -3.83333 -2.84689
1.08633 -3.84795 -2.84368
1.03789 -3.86032 -2.89164
0.993098 -3.8735 -2.85536
0.945085 -3.88746 -2.85873
0.896776 -3.89892 -2.90857
0.850279 -3.90842 -2.94012
0.802017 -3.91781 -2.9493
0.752926 -3.92653 -2.96591
0.70706 -3.93266 -3.0087
0.659668 -3.93867 -3.0155
0.610934 -3.94937 -2.92547
0.563007 -3.96043 -2.91483
0.515907 -3.97005 -2.94
0.46724 -3.97955 -2.94888
0.422036 -3.98817 -2.95312
0.373223 -3.99617 -2.97907
0.327232 -4.00515 -2.94894
0.27859 -4.01665 -2.90925
0.233216 -4.02563 -2.94635
0.184203 -4.0355 -2.94279
0.136401 -4.04363 -2.97324
0.0922011 -4.04952 -3.00902
0.0429035 -4.05613 -3.00829
-0.00548431 -4.06072 -3.04704
-0.0493277 -4.0629 -3.09195
-0.0992425 -4.063 -3.13959
-0.148184 -4.06485 -3.10387
-0.196643 -4.06584 -3.12103
-0.243024 -4.06707 -3.11501
-0.292496 -4.06595 -3.16428
-0.342434 -4.06361 3.09482
-0.392426 -4.06278 3.12494
-0.442338 -4.06044 3.09477
-0.486874 -4.05869 3.10223
-0.530335 -4.05543 3.06666
-0.578451 -4.04974 3.024
-0.623081 -4.04565 3.0502
-0.672635 -4.03957 3.01952
-0.721233 -4.03434 3.03428
-0.769786 -4.02779 3.00758
-0.818994 -4.01893 2.9634
-0.85792 -4.01036 2.92499
-0.890156 -4.00113 2.86259
-0.936468 -3.98898 2.88503
-0.983245 -3.97353 2.82256
-1.02439 -3.96151 2.85743
-1.05134 -3.95377 2.86203
-1.08901 -3.93981 2.78663
-1.13636 -3.92376 2.81485
-1.16605 -3.91503 2.8554
-1.20316 -3.90342 2.83838
-1.24006 -3.8916 2.83162
-1.28063 -3.87823 2.82322
-1.32189 -3.86612 2.85626
-1.3694 -3.85114 2.83615
-1.41502 -3.83577 2.81651
-1.45789 -3.82098 2.80937
-1.50169 -3.80636 2.81944
-1.54393 -3.78983 2.76856
-1.59033 -3.77127 2.76119
-1.63478 -3.75298 2.75124
-1.67821 -3.73694 2.78771
-1.72509 -3.71962 2.78776
-1.77218 -3.70323 2.8066
-1.81541 -3.68902 2.82414
-1.85622 -3.6742 2.79314
-1.90197 -3.65791 2.79943
-1.9489 -3.64108 2.79726
-1.99454 -3.62429 2.78912
-2.03907 -3.60865 2.80387
-2.07573 -3.5954 2.79469
-2.12157 -3.57607 2.74264
-2.15252 -3.56137 2.69819
-2.19858 -3.54225 2.74809
-2.24237 -3.52196 2.70777
-2.28575 -3.50014 2.67543
-2.32812 -3.4781 2.66202
-2.36161 -3.46028 2.65246
-2.40681 -3.4389 2.69983
-2.44757 -3.415 2.61129
-2.49112 -3.39099 2.63775
-2.52818 -3.37057 2.63805
-2.56799 -3.34613 2.59091
-2.61022 -3.31943 2.57783
-2.63897 -3.30029 2.55428
-2.6678 -3.28132 2.55947
-2.7064 -3.2569 2.57756
-2.74504 -3.23238 2.57613
-2.77108 -3.21597 2.57908
-2.79438 -3.20119 2.57657
-2.82378 -3.18063 2.53138
-2.85835 -3.15742 2.55021
-2.8932 -3.13381 2.54624
-2.91586 -3.11932 2.57252
-2.93662 -3.10608 2.57404
-2.9644 -3.08926 2.59715
-2.99193 -3.07229 2.58904
-3.0308 -3.04923 2.60613
-3.05507 -3.03501 2.61162
-3.09075 -3.01376 2.60444
-3.1303 -2.98649 2.53795
-3.16951 -2.95962 2.54079
-3.20669 -2.93217 2.50561
-3.23727 -2.90724 2.45776
-3.27232 -2.87761 2.43963
-3.30542 -2.84931 2.4344
-3.33732 -2.82058 2.40827
-3.37091 -2.78806 2.37247
-3.39544 -2.76497 2.38635
-3.42826 -2.73555 2.41069
-3.45665 -2.71156 2.44025
-3.48998 -2.68684 2.50335
-3.51595 -2.66703 2.49001
-3.54167 -2.6457 2.44906
-3.57694 -2.61442 2.41618
-3.59771 -2.59652 2.4302
-3.61553 -2.58079 2.41837
-3.64783 -2.55116 2.39936
-3.66755 -2.53305 2.39886
-3.69124 -2.51318 2.44333
-3.70898 -2.49927 2.47694
-3.72876 -2.48377 2.47686
-3.75225 -2.46569 2.48572
-3.76842 -2.45355 2.49733
-3.79052 -2.43729 2.50745
-3.82197 -2.41422 2.50868
-3.83986 -2.40041 2.48421
-3.8578 -2.38677 2.49149
-3.86828 -2.37901 2.50402
-3.87574 -2.37345 2.50135
-3.88923 -2.36164 2.42238
-3.90239 -2.34934 2.38998
-3.926 -2.32603 2.36274
-3.94798 -2.30422 2.35986
-3.96931 -2.28331 2.36615
-3.98701 -2.26608 2.36969
-3.99655 -2.25727 2.39609
-4.00364 -2.25039 2.37148
-4.01224 -2.24185 2.35951
-4.01687 -2.23712 2.34475
-4.03629 -2.2177 2.35639
-4.05257 -2.2014 2.35558
-4.0659 -2.18626 2.2928
-4.0714 -2.17967 2.26557
-4.08494 -2.16263 2.24244
-4.09463 -2.15021 2.23315
-4.10527 -2.13653 2.23167
-4.10959 -2.13063 2.20352
-4.11759 -2.11961 2.19855
-4.12065 -2.11541 2.20059
-4.12508 -2.10928 2.19622
-4.13581 -2.09369 2.17367
-4.13714 -2.09178 2.18141
-4.14276 -2.08461 2.23472
-4.15136 -2.07426 2.26464
-4.16053 -2.06363 2.28228
-4.16693 -2.05577 2.25479
-4.17977 -2.04197 2.31981
-4.19024 -2.03063 2.31619
-4.19056 -2.0303 2.35547
-4.19472 -2.02669 2.42627
-4.20347 -2.02017 2.50129
True
0.190177
