-5.46204 -0.229608 -0.0770548
-5.41219 -0.231415 -0.03624
-5.36347 -0.233437 -0.0414723
-5.31372 -0.237865 -0.0887565
-5.26385 -0.241519 -0.0731505
-5.21743 -0.245981 -0.0958186
-5.17822 -0.247728 -0.044531
-5.12994 -0.253535 -0.119701
-5.08072 -0.262305 -0.176325
-5.03138 -0.270271 -0.160061
-4.98325 -0.277314 -0.145319
-4.93388 -0.283146 -0.117574
-4.88428 -0.289427 -0.125965
-4.83912 -0.298061 -0.188923
-4.7943 -0.304904 -0.151499
-4.74845 -0.312241 -0.158656
-4.7014 -0.318404 -0.130254
-4.65191 -0.324416 -0.120891
-4.60245 -0.33073 -0.12699
-4.55323 -0.339045 -0.16732
-4.50736 -0.346105 -0.152718
-4.46095 -0.354237 -0.173465
-4.41144 -0.358466 -0.0852094
-4.36183 -0.363079 -0.0927187
-4.31245 -0.368405 -0.107454
-4.2697 -0.374256 -0.136026
-4.23168 -0.380844 -0.171519
-4.19118 -0.387014 -0.151229
-4.14613 -0.395628 -0.188923
-4.10752 -0.403762 -0.20761
-4.06817 -0.411121 -0.184894
-4.02533 -0.420612 -0.21803
-3.98541 -0.428383 -0.192221
-3.93604 -0.43628 -0.158608
-3.88658 -0.442326 -0.121643
-3.84424 -0.445904 -0.0843144
-3.80328 -0.447176 -0.0310498
-3.75331 -0.447206 -0.000596998
-3.70346 -0.44566 0.0309968
-3.66443 -0.443032 0.0672415
-3.61452 -0.442467 0.0113178
-3.56454 -0.44082 0.0329426
-3.53761 -0.438868 0.0723392
-3.49835 -0.436244 0.0667399
-3.4631 -0.434571 0.0474201
-3.41411 -0.430459 0.083738
-3.36445 -0.426825 0.0730587
-3.31682 -0.419547 0.151635
-3.27091 -0.413168 0.138049
-3.22458 -0.407803 0.115291
-3.17688 -0.39964 0.169489
-3.13474 -0.394247 0.127282
-3.09571 -0.387899 0.161259
-3.05029 -0.379767 0.177164
-3.00186 -0.367463 0.248758
-2.95434 -0.354994 0.25663
-2.90901 -0.343763 0.24286
-2.8608 -0.330815 0.262402
-2.81936 -0.321929 0.211201
-2.77515 -0.311388 0.234057
-2.74713 -0.304061 0.25577
-2.70923 -0.29468 0.242683
-2.66123 -0.281354 0.270782
-2.61299 -0.268294 0.264392
-2.5684 -0.256559 0.257319
-2.52223 -0.244061 0.26438
-2.47735 -0.232139 0.259661
-2.42889 -0.222858 0.189199
-2.37953 -0.214929 0.159275
-2.33352 -0.20861 0.136492
-2.28403 -0.201472 0.143251
-2.24362 -0.196735 0.116685
-2.19388 -0.191771 0.0994767
-2.14772 -0.187321 0.0961156
-2.09797 -0.184696 0.0527064
-2.04836 -0.180256 0.0892581
-1.99888 -0.178776 0.0298996
-1.96427 -0.175522 0.0937519
-1.91572 -0.172789 0.0562248
-1.86724 -0.169812 0.0613517
-1.8182 -0.166347 0.0705273
-1.7718 -0.163419 0.0630141
-1.722 -0.159457 0.0793962
-1.67203 -0.157704 0.0350631
-1.62462 -0.156658 0.0220691
-1.57928 -0.154594 0.0454955
-1.52965 -0.154528 0.00133459
-1.48499 -0.156292 -0.0395
-1.43889 -0.158401 -0.0457174
-1.4017 -0.161464 -0.0821751
-1.35836 -0.165449 -0.0916861
-1.3086 -0.167963 -0.0504813
-1.25906 -0.17127 -0.0666538
-1.21741 -0.174435 -0.075847
-1.16917 -0.179886 -0.112526
-1.11979 -0.183677 -0.0766094
-1.072 -0.187661 -0.083189
-1.02228 -0.192895 -0.104868
-0.976557 -0.198415 -0.120148
-0.927367 -0.203337 -0.099722
-0.890073 -0.207099 -0.100531
-0.841933 -0.213998 -0.142359
-0.792514 -0.220773 -0.136237
-0.752018 -0.228897 -0.197983
-0.702903 -0.236263 -0.148866
-0.656172 -0.243177 -0.14688
-0.613696 -0.249594 -0.149951
-0.564394 -0.256663 -0.142401
-0.516043 -0.264096 -0.152544
-0.467702 -0.27578 -0.237137
-0.419589 -0.28758 -0.240514
-0.37204 -0.298454 -0.224833
-0.331168 -0.306411 -0.192273
-0.282032 -0.315011 -0.173275
-0.240347 -0.322334 -0.173889
-0.198771 -0.329877 -0.179469
-0.149402 -0.337288 -0.149017
-0.106976 -0.346321 -0.209766
-0.0609101 -0.354628 -0.178419
-0.0128484 -0.364171 -0.196
0.0199011 -0.371244 -0.212724
0.0683958 -0.381622 -0.210819
0.115831 -0.393473 -0.244827
0.164579 -0.404282 -0.218188
0.213084 -0.413457 -0.186954
0.258785 -0.424248 -0.231881
0.305758 -0.435281 -0.2307
0.3535 -0.447209 -0.244829
0.402184 -0.458009 -0.218289
0.443849 -0.467564 -0.22545
0.492213 -0.47817 -0.215876
0.537159 -0.489419 -0.245229
0.585226 -0.501099 -0.238382
0.62886 -0.51196 -0.24395
0.673989 -0.522564 -0.230782
0.722383 -0.533257 -0.217469
0.769946 -0.544551 -0.233127
0.815484 -0.553864 -0.201739
0.863405 -0.565366 -0.235554
0.911073 -0.577541 -0.250078
0.946266 -0.586391 -0.246362
0.991611 -0.598261 -0.25602
1.03874 -0.607188 -0.187181
1.08736 -0.617822 -0.215359
1.13233 -0.625878 -0.177254
1.17551 -0.634439 -0.195741
1.22153 -0.643675 -0.198028
1.26936 -0.654752 -0.227609
1.31677 -0.66501 -0.213059
1.36104 -0.67544 -0.231375
1.40298 -0.685088 -0.226114
1.45162 -0.696672 -0.233821
1.49743 -0.707324 -0.228424
1.54673 -0.71526 -0.159652
1.59477 -0.724869 -0.197395
1.64011 -0.733829 -0.195076
1.6807 -0.742148 -0.202202
1.71845 -0.752116 -0.25814
1.76084 -0.764317 -0.28027
1.80801 -0.778244 -0.287045
1.85393 -0.791028 -0.271532
1.90157 -0.803338 -0.252855
1.94982 -0.814759 -0.23243
1.99585 -0.825884 -0.237185
2.04277 -0.838414 -0.260921
2.0905 -0.853106 -0.298607
2.13469 -0.867477 -0.314453
2.17706 -0.881396 -0.317436
2.22131 -0.895053 -0.299335
2.26403 -0.908921 -0.313914
2.30873 -0.925736 -0.35976
2.3564 -0.940645 -0.303128
2.39563 -0.95426 -0.33406
2.44282 -0.970334 -0.328287
2.49072 -0.984656 -0.290547
2.52992 -0.99685 -0.301547
2.57802 -1.01042 -0.275012
2.62554 -1.02591 -0.314964
2.67324 -1.03887 -0.265499
2.72025 -1.05473 -0.325275
2.76641 -1.0705 -0.329235
2.81271 -1.08773 -0.356241
2.85036 -1.10244 -0.372486
2.88478 -1.11613 -0.378467
2.93204 -1.13242 -0.332022
2.97791 -1.14644 -0.296532
3.02447 -1.15804 -0.244242
3.07194 -1.16869 -0.220759
3.12083 -1.17903 -0.208297
3.16657 -1.18927 -0.220267
3.21495 -1.19919 -0.2022
3.26398 -1.20894 -0.19631
3.30633 -1.21872 -0.226993
3.35237 -1.22809 -0.200702
3.38915 -1.23503 -0.18651
3.42808 -1.24272 -0.195152
3.46996 -1.25232 -0.225245
3.50738 -1.25904 -0.177825
3.55507 -1.26652 -0.155555
3.60294 -1.27521 -0.179563
3.64908 -1.28316 -0.17065
3.68795 -1.29257 -0.237428
3.70986 -1.29751 -0.221668
3.75398 -1.30786 -0.230631
3.78667 -1.3172 -0.278243
3.81185 -1.32408 -0.266691
3.84606 -1.33302 -0.255621
3.86445 -1.33809 -0.268917
3.89364 -1.34526 -0.24094
3.9333 -1.3537 -0.209485
3.96892 -1.36135 -0.211542
4.00764 -1.37098 -0.243818
4.05552 -1.37846 -0.155127
4.06438 -1.37955 -0.121884
4.07818 -1.38117 -0.117081
4.1124 -1.38416 -0.0871984
4.14004 -1.3866 -0.0880617
4.17437 -1.38935 -0.0798305
4.20607 -1.39249 -0.0986338
4.23745 -1.39539 -0.0922686
4.26735 -1.39683 -0.0480628
4.305 -1.39828 -0.03853
4.34652 -1.39928 -0.0240239
4.39513 -1.39952 -0.00497757
4.41969 -1.40019 -0.0273102
4.45335 -1.40055 -0.0105671
4.47766 -1.40089 -0.0141076
4.5025 -1.40138 -0.0198094
4.53464 -1.40045 0.0290945
4.57537 -1.39767 0.0681027
4.58775 -1.39622 0.1164
4.60748 -1.39388 0.118176
4.63452 -1.39045 0.126206
4.64882 -1.3888 0.114466
4.66467 -1.38692 0.118115
4.6915 -1.38294 0.147445
4.70894 -1.38047 0.140611
4.72045 -1.37945 0.0885351
4.74211 -1.37848 0.0448342
4.76359 -1.37847 0.000165723
4.78545 -1.37808 0.0180557
4.79959 -1.37817 -0.00659878
4.83332 -1.3793 -0.0333336
4.85169 -1.37992 -0.0342462
4.86959 -1.38078 -0.0476121
4.89655 -1.38251 -0.0640995
4.91443 -1.38262 -0.00598744
4.92933 -1.38286 -0.0163111
4.9439 -1.38359 -0.0502413
4.95325 -1.38399 -0.0429243
4.96849 -1.38491 -0.0602768
4.97334 -1.38518 -0.0558197
4.98759 -1.38625 -0.074688
5.00474 -1.38782 -0.0910516
5.01801 -1.38889 -0.0807631
5.02153 -1.38911 -0.0635139
5.03654 -1.38997 -0.0571667
5.04516 -1.39038 -0.0473483
5.05964 -1.3908 -0.0286392
5.07448 -1.39127 -0.0321073
5.07856 -1.39147 -0.0484623
5.09172 -1.3918 -0.0248795
5.11047 -1.39286 -0.0565386
5.14543 -1.39781 -0.140648
5.16628 -1.40052 -0.129143
5.18545 -1.40341 -0.149756
5.19632 -1.40473 -0.121187
5.20615 -1.40599 -0.126844
5.22032 -1.40805 -0.144323
5.22367 -1.40866 -0.180994
5.22937 -1.4098 -0.198243
5.24267 -1.41277 -0.219413
5.25201 -1.41508 -0.242332
5.25836 -1.41669 -0.248173
5.2696 -1.41983 -0.272897
True
0.0661592
