-5.46442 1.46783 -0.246084
-5.42747 1.45761 -0.269764
-5.3808 1.44455 -0.273035
-5.33201 1.43402 -0.212424
-5.28406 1.42339 -0.218131
-5.23914 1.41119 -0.26527
-5.19709 1.40024 -0.254853
-5.14921 1.38826 -0.245059
-5.1037 1.37901 -0.200639
-5.05754 1.36917 -0.209917
-5.02435 1.36089 -0.244426
-4.97552 1.35051 -0.209545
-4.93302 1.33954 -0.252665
-4.89168 1.33167 -0.188068
-4.84333 1.31979 -0.240865
-4.79517 1.30639 -0.271382
-4.75445 1.29511 -0.270415
-4.70611 1.28239 -0.257112
-4.66764 1.27113 -0.284932
-4.62673 1.25896 -0.289108
-4.58091 1.24396 -0.316297
-4.53572 1.23034 -0.292706
-4.48989 1.21626 -0.298211
-4.44588 1.20378 -0.276232
-4.40108 1.18742 -0.350187
-4.35735 1.17298 -0.318869
-4.31039 1.1575 -0.318541
-4.26524 1.14113 -0.347776
-4.2225 1.12563 -0.347905
-4.18771 1.11417 -0.318146
-4.14063 1.09794 -0.332075
-4.09687 1.0844 -0.299954
-4.05839 1.07303 -0.287293
-4.01076 1.05823 -0.301343
-3.96264 1.04484 -0.271259
-3.9145 1.03154 -0.269698
-3.86825 1.02029 -0.23851
-3.82264 1.00939 -0.234686
-3.78736 1.00056 -0.245243
-3.73901 0.988808 -0.238402
-3.6935 0.979163 -0.208822
-3.64476 0.969015 -0.205298
-3.59739 0.95717 -0.24501
-3.55081 0.948007 -0.194215
-3.50538 0.939829 -0.178104
-3.45781 0.933372 -0.134921
-3.40895 0.922785 -0.213391
-3.36103 0.913344 -0.194536
-3.31397 0.90211 -0.234303
-3.26634 0.890914 -0.230881
-3.21986 0.881111 -0.207854
-3.17128 0.86939 -0.236765
-3.12265 0.858046 -0.229147
-3.0796 0.847969 -0.229983
-3.03114 0.835753 -0.246916
-2.98318 0.822283 -0.273789
-2.94817 0.813015 -0.258798
-2.90508 0.799114 -0.312074
-2.86679 0.786931 -0.308095
-2.82361 0.772899 -0.314142
-2.77546 0.75989 -0.263899
-2.72777 0.74721 -0.259885
-2.67967 0.734117 -0.265729
-2.63925 0.725764 -0.203803
-2.59058 0.714707 -0.223394
-2.54548 0.706764 -0.174332
-2.49635 0.698001 -0.176494
-2.44757 0.687423 -0.213567
-2.39899 0.675979 -0.231324
-2.36095 0.6675 -0.219345
-2.32268 0.658791 -0.223762
-2.27658 0.646517 -0.260201
-2.23019 0.635914 -0.224698
-2.18789 0.624218 -0.269769
-2.14467 0.612637 -0.26178
-2.09683 0.600836 -0.241846
-2.04812 0.589828 -0.222276
-1.99933 0.578938 -0.219568
-1.95024 0.569621 -0.18759
-1.90131 0.560788 -0.178617
-1.85309 0.552756 -0.165043
-1.80379 0.544462 -0.166664
-1.75546 0.536734 -0.158556
-1.70943 0.531124 -0.121275
-1.66008 0.523094 -0.16131
-1.6112 0.513115 -0.201373
-1.57578 0.507166 -0.166424
-1.5324 0.497189 -0.226064
-1.4881 0.488049 -0.203435
-1.43981 0.475328 -0.257605
-1.39372 0.463539 -0.250417
-1.34654 0.452775 -0.224317
-1.29863 0.440272 -0.255268
-1.25677 0.428361 -0.277183
-1.21483 0.415648 -0.294317
-1.1672 0.401668 -0.285537
-1.12489 0.389001 -0.290889
-1.07774 0.372385 -0.338779
-1.03575 0.358291 -0.32386
-0.989689 0.343167 -0.317265
-0.942252 0.327813 -0.313025
-0.895414 0.311629 -0.332679
-0.849964 0.294672 -0.357097
-0.802541 0.279011 -0.318961
-0.758785 0.267694 -0.253092
-0.713108 0.255773 -0.255295
-0.664081 0.246642 -0.184134
-0.615914 0.236887 -0.199821
-0.569894 0.227969 -0.191426
-0.531528 0.222307 -0.146498
-0.482137 0.215045 -0.146001
-0.437019 0.207006 -0.176313
-0.401848 0.201212 -0.163271
-0.35307 0.190412 -0.217906
-0.30388 0.181474 -0.179746
-0.259021 0.172462 -0.19825
-0.21066 0.163168 -0.18987
-0.164878 0.153988 -0.197897
-0.120728 0.142812 -0.247914
-0.0723047 0.13112 -0.236921
-0.0281019 0.117971 -0.289127
0.0175928 0.103862 -0.299483
0.0644922 0.0883192 -0.320022
0.111918 0.073465 -0.303531
0.153185 0.0591997 -0.332822
0.197036 0.0456589 -0.299502
0.232775 0.0340075 -0.315149
0.280474 0.0197588 -0.290285
0.328099 0.00639408 -0.273585
0.376116 -0.00712373 -0.274423
0.418944 -0.0200263 -0.292616
0.454015 -0.029523 -0.264445
0.501247 -0.0434373 -0.286488
0.544709 -0.0540643 -0.239806
0.593297 -0.0647247 -0.215982
0.640446 -0.0782607 -0.279573
0.684107 -0.0916271 -0.297082
0.717056 -0.0996204 -0.237995
0.763265 -0.111635 -0.254371
0.811108 -0.122938 -0.232008
0.855447 -0.134962 -0.264812
0.893559 -0.144153 -0.236641
0.940282 -0.154149 -0.210766
0.982688 -0.162418 -0.192585
1.03147 -0.172297 -0.199803
1.08017 -0.181813 -0.192975
1.12665 -0.191968 -0.215113
1.16746 -0.199931 -0.192698
1.21558 -0.209831 -0.20289
1.26291 -0.221716 -0.246014
1.31041 -0.235861 -0.28944
1.358 -0.250489 -0.298226
1.40339 -0.262846 -0.265806
1.44397 -0.275112 -0.293478
1.49125 -0.290968 -0.323602
1.53867 -0.306456 -0.315681
1.58035 -0.322247 -0.362138
1.62733 -0.338746 -0.337747
1.67359 -0.357328 -0.382001
1.7192 -0.37334 -0.337609
1.75518 -0.386455 -0.349485
1.79181 -0.401071 -0.379649
1.83298 -0.416531 -0.359289
1.87608 -0.432983 -0.364595
1.92088 -0.449243 -0.348226
1.95413 -0.460726 -0.332524
2.00066 -0.478676 -0.368185
2.03284 -0.489963 -0.337318
2.07864 -0.505518 -0.327394
2.1264 -0.51976 -0.289783
2.17119 -0.53459 -0.319752
2.21078 -0.550876 -0.39027
2.25208 -0.569376 -0.421144
2.29714 -0.590284 -0.434387
2.34281 -0.610641 -0.419362
2.38289 -0.628461 -0.41834
2.42517 -0.645489 -0.382867
2.47049 -0.661114 -0.332048
2.51264 -0.676224 -0.34421
2.5602 -0.691544 -0.311583
2.60727 -0.707726 -0.331122
2.65274 -0.720995 -0.283963
2.69904 -0.734754 -0.288858
2.735 -0.744673 -0.269174
2.78009 -0.756607 -0.258714
2.82879 -0.767797 -0.225871
2.87469 -0.777237 -0.202827
2.91973 -0.787241 -0.218542
2.96798 -0.799437 -0.247586
3.01626 -0.809532 -0.206127
3.06104 -0.81928 -0.214373
3.10906 -0.829293 -0.205572
3.15759 -0.841318 -0.242881
3.20229 -0.849367 -0.178138
3.25024 -0.859554 -0.209325
3.28251 -0.867552 -0.243007
3.33101 -0.87947 -0.240949
3.37926 -0.892577 -0.265247
3.4163 -0.90202 -0.249616
3.45918 -0.912527 -0.240273
3.48298 -0.919713 -0.293333
3.52264 -0.933512 -0.334764
3.56876 -0.95111 -0.364537
3.60832 -0.966307 -0.366782
3.65116 -0.982602 -0.363459
3.69614 -0.998929 -0.348219
3.7365 -1.01323 -0.340425
3.77066 -1.02482 -0.327138
3.81427 -1.03805 -0.294637
3.84261 -1.04593 -0.271127
3.88677 -1.05895 -0.286759
3.90617 -1.06409 -0.25878
3.92667 -1.06999 -0.280138
3.95483 -1.07838 -0.289892
3.96994 -1.082 -0.234869
3.97538 -1.08324 -0.224482
3.99561 -1.08751 -0.207872
4.02352 -1.09409 -0.231592
4.05594 -1.10144 -0.223013
4.10102 -1.11188 -0.227447
4.14692 -1.12243 -0.225915
4.188 -1.13321 -0.256564
4.23476 -1.14448 -0.236616
4.26993 -1.15143 -0.195194
4.30857 -1.15827 -0.175039
4.34768 -1.16518 -0.174883
4.38175 -1.17103 -0.169968
4.39718 -1.17424 -0.205336
4.42119 -1.17911 -0.200065
4.42949 -1.1809 -0.213008
4.4401 -1.18309 -0.203608
4.45832 -1.18743 -0.233713
4.47659 -1.19208 -0.249432
4.50008 -1.19777 -0.237287
4.51985 -1.20189 -0.205881
4.53683 -1.20607 -0.241151
4.5406 -1.20685 -0.203132
4.54706 -1.20825 -0.213412
4.56532 -1.21182 -0.193367
4.57674 -1.21462 -0.240385
4.59899 -1.2198 -0.228729
4.61034 -1.2224 -0.22528
4.61814 -1.22444 -0.2557
4.63964 -1.23119 -0.304199
4.65104 -1.23582 -0.38603
4.65873 -1.23952 -0.44766
4.67782 -1.24938 -0.476888
4.69581 -1.25908 -0.494268
4.71645 -1.27105 -0.525726
4.72719 -1.27825 -0.590694
4.75277 -1.29534 -0.589083
4.7828 -1.31459 -0.570003
4.81066 -1.33241 -0.568839
4.83373 -1.34598 -0.53174
4.8587 -1.35993 -0.509772
4.882 -1.37233 -0.488822
4.89556 -1.37923 -0.470695
4.91308 -1.38821 -0.473683
4.92635 -1.39534 -0.493347
4.95495 -1.41102 -0.501484
4.9947 -1.43192 -0.484005
5.01226 -1.44089 -0.472239
5.02747 -1.44799 -0.436885
5.03852 -1.45261 -0.395763
5.04672 -1.45587 -0.377826
5.05511 -1.45908 -0.366084
5.06967 -1.46459 -0.361806
5.08 -1.46891 -0.395975
5.09458 -1.47485 -0.386718
5.10244 -1.4783 -0.414024
5.11351 -1.48308 -0.407608
5.12834 -1.48905 -0.382719
5.1347 -1.49154 -0.373187
5.14352 -1.49473 -0.346912
5.14721 -1.49598 -0.32538
5.15734 -1.49908 -0.297835
5.18004 -1.50546 -0.273629
5.18378 -1.50648 -0.267813
5.19628 -1.50986 -0.263981
5.20784 -1.51306 -0.269947
True
0.0684121
