4.48548 -0.0014126 -3.04462
4.47175 -0.00308113 -3.02066
4.45567 -0.00553246 -2.99027
4.44594 -0.00745524 -2.94661
4.42259 -0.0128211 -2.91565
4.40492 -0.0171451 -2.90159
4.39364 -0.0199382 -2.89894
4.37965 -0.0237764 -2.8738
4.36104 -0.0300483 -2.81651
4.33564 -0.0408624 -2.7391
4.31685 -0.0496493 -2.70419
4.28973 -0.062649 -2.69455
4.26623 -0.0760198 -2.62435
4.2488 -0.0872725 -2.56847
4.2171 -0.112535 -2.46871
4.19237 -0.13523 -2.39901
4.17377 -0.153972 -2.35238
4.1536 -0.177497 -2.27957
4.1282 -0.213304 -2.18776
4.10905 -0.2408 -2.17918
4.08456 -0.278228 -2.15028
4.0652 -0.311446 -2.09833
4.04882 -0.343045 -2.04918
4.03441 -0.374831 -1.99637
4.01436 -0.419936 -1.98913
3.99504 -0.463782 -1.98582
3.97582 -0.503375 -2.02267
3.96015 -0.542389 -1.95279
3.94162 -0.586911 -1.96508
3.92328 -0.628975 -1.982
3.90821 -0.663244 -1.98508
3.88991 -0.70969 -1.94608
3.87587 -0.749742 -1.90814
3.86332 -0.79394 -1.84735
3.8488 -0.841668 -1.8661
3.83512 -0.88795 -1.85819
3.82333 -0.92426 -1.88475
3.81376 -0.955519 -1.86795
3.80192 -0.996012 -1.85538
3.79334 -1.02267 -1.88207
3.78579 -1.04357 -1.91738
3.77826 -1.06617 -1.89231
3.77134 -1.09171 -1.83543
3.75999 -1.13292 -1.83972
3.74652 -1.181 -1.84391
3.73324 -1.22497 -1.86405
3.71976 -1.27185 -1.85076
3.70573 -1.31749 -1.86911
3.69326 -1.36059 -1.85236
3.6796 -1.40201 -1.8893
3.6678 -1.43766 -1.89049
3.655 -1.47445 -1.90567
3.63785 -1.52126 -1.92192
3.61727 -1.56656 -1.99718
3.59707 -1.60867 -2.01823
3.58144 -1.6431 -1.99693
3.55979 -1.68671 -2.03156
3.54005 -1.73133 -1.98732
3.51933 -1.77232 -2.03891
3.49829 -1.81335 -2.04439
3.47975 -1.84709 -2.07334
3.46035 -1.88117 -2.0883
3.43785 -1.92461 -2.04867
3.4146 -1.96468 -2.09667
3.39027 -2.00813 -2.08112
3.36667 -2.05173 -2.067
3.3515 -2.07802 -2.0942
3.33598 -2.10714 -2.06041
3.31193 -2.1508 -2.07425
3.28828 -2.19413 -2.07049
3.27129 -2.22554 -2.06655
3.24594 -2.26855 -2.10357
3.22235 -2.30599 -2.13289
3.19432 -2.34685 -2.17202
3.16534 -2.38759 -2.18915
3.13723 -2.42894 -2.16783
3.1193 -2.45177 -2.23669
3.09103 -2.48501 -2.27543
3.05752 -2.52209 -2.30567
3.02453 -2.55823 -2.31066
2.99145 -2.59572 -2.29393
2.96229 -2.62806 -2.30445
2.93079 -2.66209 -2.31758
2.90144 -2.69189 -2.34861
2.8743 -2.71986 -2.34106
2.84849 -2.74396 -2.39057
2.81403 -2.77933 -2.34311
2.79433 -2.79922 -2.35137
2.75934 -2.83494 -2.34596
2.72752 -2.86556 -2.37536
2.69347 -2.89626 -2.40785
2.66646 -2.92085 -2.40313
2.63658 -2.94751 -2.41297
2.59967 -2.98123 -2.40137
2.57183 -3.00644 -2.40577
2.53463 -3.03985 -2.40974
2.50341 -3.06642 -2.43667
2.46563 -3.09908 -2.42858
2.43201 -3.13075 -2.38609
2.39411 -3.16336 -2.43107
2.35703 -3.19521 -2.43204
2.31943 -3.22816 -2.4219
2.29874 -3.24598 -2.43067
2.25945 -3.27592 -2.49036
2.22025 -3.30509 -2.50185
2.18123 -3.33007 -2.57223
2.14233 -3.35592 -2.5551
2.09921 -3.38123 -2.61084
2.05593 -3.40627 -2.61713
2.01466 -3.42965 -2.62614
1.97347 -3.45206 -2.6432
1.93417 -3.47385 -2.63532
1.89065 -3.49644 -2.66285
1.85132 -3.5148 -2.70496
1.81918 -3.53009 -2.6974
1.77922 -3.5512 -2.65556
1.73449 -3.57345 -2.67994
1.68917 -3.59452 -2.70649
1.64416 -3.61571 -2.70164
1.60219 -3.6329 -2.75273
1.559 -3.65044 -2.75593
1.51852 -3.66439 -2.8098
1.4743 -3.68071 -2.78798
1.43953 -3.69352 -2.78876
1.3962 -3.71013 -2.77546
1.35216 -3.72506 -2.81469
1.32053 -3.73661 -2.79155
1.27563 -3.75224 -2.80649
1.22971 -3.76611 -2.84837
1.19268 -3.77792 -2.83287
1.15425 -3.79079 -2.8183
1.10714 -3.80684 -2.81325
1.06015 -3.82388 -2.79368
1.0221 -3.83675 -2.81553
0.984419 -3.84916 -2.82341
0.937376 -3.86609 -2.7961
0.890981 -3.88391 -2.7749
0.844977 -3.8985 -2.83447
0.824282 -3.90605 -2.79188
0.777019 -3.92235 -2.80946
0.729516 -3.93727 -2.83723
0.681732 -3.94953 -2.89048
0.63346 -3.96255 -2.8781
0.58554 -3.9762 -2.86421
0.537289 -3.98812 -2.8994
0.488481 -3.99708 -2.95997
0.444949 -4.00726 -2.9119
0.401583 -4.01698 -2.92101
0.353076 -4.02807 -2.91686
0.304879 -4.03853 -2.92794
0.25546 -4.04613 -2.98904
0.20673 -4.05235 -3.01457
0.16324 -4.05712 -3.03227
0.113783 -4.05942 -3.09521
0.0637969 -4.06053 -3.11926
0.0138732 -4.06076 -3.13717
-0.0359786 -4.061 -3.13673
-0.0859701 -4.0603 -3.15564
-0.124398 -4.06004 3.13484
-0.163784 -4.05908 3.11725
-0.210545 -4.05904 3.14069
-0.24674 -4.05863 3.13045
-0.295383 -4.0573 3.1142
-0.336932 -4.05605 3.11157
-0.381 -4.05491 3.11579
-0.422832 -4.05404 3.12064
-0.46939 -4.05294 3.11804
-0.513557 -4.0528 3.13843
-0.56185 -4.05039 3.09173
-0.609706 -4.04604 3.05088
-0.642759 -4.04175 3.01249
-0.689637 -4.03611 3.02188
-0.736013 -4.03125 3.03713
-0.777506 -4.02426 2.97481
-0.82695 -4.0169 2.99373
-0.867369 -4.00889 2.94598
-0.91612 -3.99997 2.96074
-0.962073 -3.99092 2.9472
-0.989266 -3.98436 2.9048
-1.03199 -3.9726 2.87296
-1.08014 -3.95913 2.86879
-1.12694 -3.94821 2.91244
-1.16658 -3.93765 2.88115
-1.21434 -3.92318 2.84748
-1.26214 -3.90872 2.84781
-1.30889 -3.89193 2.79679
-1.3542 -3.87438 2.77202
-1.40025 -3.85498 2.74295
-1.44653 -3.83616 2.75529
-1.49147 -3.81659 2.73088
-1.5375 -3.79817 2.76098
-1.57723 -3.78121 2.73809
-1.6131 -3.76547 2.72811
-1.65737 -3.74287 2.66954
-1.7014 -3.71971 2.65725
-1.73391 -3.70298 2.66657
-1.77536 -3.68285 2.68934
-1.81826 -3.65829 2.62169
-1.85606 -3.6367 2.62267
-1.89875 -3.61163 2.61061
-1.92929 -3.5958 2.66338
-1.97338 -3.57267 2.65832
-2.01565 -3.54948 2.63992
-2.04834 -3.53129 2.63376
-2.08735 -3.50968 2.63586
-2.12878 -3.48825 2.66412
-2.17145 -3.46238 2.59659
-2.20917 -3.43879 2.58275
-2.24975 -3.41191 2.55641
-2.29058 -3.38589 2.5743
-2.31878 -3.36693 2.54983
-2.35592 -3.3399 2.51229
-2.39172 -3.31287 2.49494
-2.42313 -3.28979 2.50793
-2.45168 -3.26754 2.47955
-2.48489 -3.24412 2.52749
-2.51933 -3.2215 2.5604
-2.5608 -3.19361 2.5496
-2.59794 -3.16595 2.50137
-2.63008 -3.14009 2.46401
-2.66275 -3.11226 2.43591
-2.69569 -3.08413 2.43494
-2.73109 -3.04897 2.35961
-2.76324 -3.01478 2.32552
-2.79757 -2.98 2.34955
-2.8309 -2.94812 2.37845
-2.8656 -2.91449 2.37178
-2.8997 -2.87802 2.32269
-2.93302 -2.8444 2.35174
-2.96784 -2.8089 2.34657
-3.00242 -2.77287 2.33564
-3.01727 -2.7581 2.35867
-3.05051 -2.72347 2.33581
-3.08116 -2.69233 2.34817
-3.11369 -2.65695 2.31438
-3.14908 -2.62166 2.35744
-3.17953 -2.58851 2.31374
-3.21071 -2.55412 2.30726
-3.24306 -2.51614 2.27653
-3.26907 -2.48083 2.20556
-3.29828 -2.4415 2.20959
-3.32308 -2.41003 2.23809
-3.3495 -2.37308 2.19161
-3.37866 -2.33253 2.19431
-3.40771 -2.29371 2.21324
-3.43587 -2.25626 2.21543
-3.46504 -2.21849 2.22847
-3.4914 -2.18312 2.21127
-3.51846 -2.14803 2.22772
-3.54651 -2.11396 2.25962
-3.57325 -2.08475 2.31204
-3.59505 -2.06086 2.31045
-3.62043 -2.03044 2.26609
-3.6456 -1.99855 2.23898
-3.66454 -1.97135 2.17893
-3.68543 -1.94038 2.16441
-3.70696 -1.90501 2.11759
-3.72072 -1.88204 2.11051
-3.7439 -1.84407 2.11884
-3.75835 -1.81993 2.11035
-3.77962 -1.78506 2.11834
-3.7846 -1.77662 2.1042
-3.79537 -1.75856 2.10855
-3.81123 -1.73327 2.13104
-3.82708 -1.7083 2.13638
-3.84225 -1.68562 2.15992
-3.85926 -1.66148 2.18486
-3.87234 -1.64337 2.1964
-3.88106 -1.63005 2.15019
-3.88608 -1.62244 2.15443
-3.89709 -1.60608 2.16272
-3.90468 -1.59483 2.16452
-3.90755 -1.59072 2.18103
-3.91392 -1.58038 2.12234
-3.92131 -1.56897 2.14595
-3.93005 -1.5565 2.182
-3.93459 -1.5499 2.174
-3.95017 -1.5294 2.22058
-3.96409 -1.51104 2.21927
-3.98938 -1.47909 2.24032
-4.00768 -1.45591 2.23929
-4.0357 -1.42278 2.27281
-4.06439 -1.38968 2.28489
-4.09467 -1.35289 2.25956
-4.12089 -1.31796 2.21477
-4.14227 -1.28893 2.20532
-4.16872 -1.25193 2.19143
-4.18382 -1.22763 2.12704
-4.19472 -1.2085 2.08876
-4.20805 -1.18413 2.07131
-4.22312 -1.15082 1.99561
-4.23647 -1.12164 1.99998
-4.24586 -1.10164 2.00963
-4.25079 -1.08796 1.91641
-4.2525 -1.08279 1.8895
-4.25886 -1.06389 1.89564
-4.26288 -1.05125 1.87881
-4.26816 -1.03394 1.86659
-4.27543 -1.00972 1.86241
-4.27788 -1.00038 1.82764
-4.28212 -0.983036 1.81073
-4.28455 -0.971418 1.77711
-4.28887 -0.950619 1.77526
-4.29316 -0.930614 1.78208
-4.2958 -0.917107 1.76439
-4.29918 -0.903146 1.8081
-4.30198 -0.891658 1.80961
-4.30501 -0.879435 1.81429
-4.30795 -0.868968 1.84471
-4.31085 -0.858867 1.84985
-4.31189 -0.855294 1.85482
-4.31253 -0.853361 1.88979
-4.31514 -0.845873 1.90653
-4.31765 -0.838222 1.8868
-4.32093 -0.826918 1.85372
-4.32198 -0.823373 1.85876
-4.32332 -0.819145 1.87707
-4.3258 -0.810291 1.84402
-4.33013 -0.793898 1.82889
-4.33115 -0.789609 1.80591
-4.33547 -0.772461 1.81711
-4.33587 -0.770914 1.82392
-4.33795 -0.760908 1.77625
-4.33992 -0.750882 1.76433
-4.34266 -0.736964 1.76526
-4.34616 -0.7204 1.77923
-4.34865 -0.708722 1.78105
-4.35126 -0.694464 1.7515
-4.35661 -0.672007 1.80484
-4.35907 -0.66209 1.81408
True
0.178518
