-5.45006 1.09444 0.0472638
-5.40047 1.09647 0.0410194
-5.35307 1.09948 0.0633751
-5.30357 1.10128 0.036231
-5.26375 1.10453 0.0816231
-5.2141 1.10837 0.0770132
-5.18016 1.11068 0.0680753
-5.13027 1.11336 0.0536383
-5.0884 1.11544 0.0496481
-5.03868 1.12033 0.0981041
-4.98983 1.12608 0.117164
-4.94348 1.13033 0.0913334
-4.89955 1.13478 0.100941
-4.85019 1.13909 0.0871287
-4.81244 1.14368 0.121086
-4.76292 1.15022 0.131308
-4.718 1.15565 0.12036
-4.66857 1.16303 0.148078
-4.619 1.16666 0.0731727
-4.57404 1.17199 0.117988
-4.52588 1.17829 0.130042
-4.47635 1.18272 0.0891249
-4.43623 1.18471 0.049736
-4.38795 1.18643 0.0355384
-4.34344 1.18942 0.0670783
-4.29488 1.19372 0.0883531
-4.24633 1.19911 0.110539
-4.19637 1.2011 0.0398969
-4.14723 1.20133 0.00464194
-4.09733 1.20294 0.0321558
-4.0587 1.20584 0.0750664
-4.00955 1.21224 0.129436
-3.97995 1.21637 0.138658
-3.93027 1.22035 0.0799599
-3.88694 1.22414 0.0871721
-3.83726 1.22752 0.0679893
-3.78875 1.2323 0.0980797
-3.73937 1.23765 0.108013
-3.68968 1.2431 0.109242
-3.64501 1.2469 0.0848752
-3.6093 1.24947 0.071918
-3.56063 1.25368 0.0862439
-3.51744 1.25743 0.0865612
-3.46972 1.2621 0.0975956
-3.42527 1.26732 0.116829
-3.3763 1.2751 0.157655
-3.33085 1.28157 0.141343
-3.29117 1.28699 0.135784
-3.25318 1.2943 0.190087
-3.20652 1.30374 0.199519
-3.15923 1.31319 0.19739
-3.1122 1.32198 0.184812
-3.06356 1.33202 0.203533
-3.01956 1.33856 0.147583
-2.97157 1.34785 0.191148
-2.92328 1.3583 0.213167
-2.87415 1.36664 0.16802
-2.825 1.37574 0.183046
-2.79067 1.38061 0.141113
-2.74115 1.38606 0.109509
-2.70398 1.38959 0.094861
-2.67184 1.39328 0.114118
-2.63034 1.39844 0.123744
-2.58895 1.40322 0.11503
-2.54157 1.40798 0.1
-2.49166 1.41089 0.0583849
-2.44391 1.41392 0.0633337
-2.39413 1.41728 0.067314
-2.35161 1.4195 0.0521567
-2.30672 1.42164 0.047673
-2.27086 1.42609 0.123488
-2.22212 1.4308 0.0962639
-2.17224 1.43416 0.0672612
-2.13103 1.43787 0.0898473
-2.08214 1.44202 0.0847735
-2.03702 1.44702 0.110403
-1.98779 1.45139 0.0884881
-1.93796 1.45505 0.0732156
-1.89407 1.45833 0.0746211
-1.85321 1.46006 0.0423536
-1.80882 1.46376 0.0832034
-1.762 1.46651 0.0586571
-1.71913 1.46782 0.0306303
-1.66947 1.47114 0.0667519
-1.62323 1.47444 0.0712261
-1.57955 1.47697 0.0578367
-1.53063 1.48193 0.100978
-1.48108 1.48462 0.0542702
-1.43581 1.48715 0.0557055
-1.38584 1.48825 0.0221238
-1.33597 1.48933 0.021676
-1.29376 1.48831 -0.0241483
-1.24471 1.48795 -0.00749102
-1.19476 1.48674 -0.0241446
-1.14605 1.48358 -0.0647372
-1.0966 1.4805 -0.0621924
-1.0471 1.47706 -0.0693467
-0.998199 1.47389 -0.0648119
-0.953214 1.47006 -0.0848413
-0.906684 1.46488 -0.110906
-0.863793 1.46231 -0.0598991
-0.817218 1.45773 -0.0980796
-0.77558 1.45313 -0.110028
-0.738029 1.44986 -0.0867484
-0.694155 1.44612 -0.0851974
-0.65507 1.4421 -0.102455
-0.609279 1.43912 -0.0649981
-0.568821 1.43649 -0.0647449
-0.519254 1.43535 -0.022984
-0.472102 1.43751 0.0455878
-0.422128 1.43688 -0.0125764
-0.385168 1.43679 -0.00237138
-0.335549 1.43498 -0.0364519
-0.285581 1.43323 -0.0350687
-0.236123 1.42901 -0.0851443
-0.187745 1.42518 -0.0789613
-0.137985 1.42042 -0.0953019
-0.0880736 1.41799 -0.0485697
-0.0387733 1.41774 -0.00519536
0.0107308 1.4187 0.019467
0.0606273 1.41804 -0.0131925
0.105114 1.41768 -0.00826634
0.154065 1.41718 -0.0100356
0.198018 1.4176 0.00942949
0.246158 1.41684 -0.0157225
0.295357 1.41825 0.0285143
0.345213 1.42199 0.074998
0.39239 1.42684 0.102373
0.43577 1.43103 0.0964384
0.485693 1.43377 0.0546611
0.5334 1.43459 0.0172468
0.573407 1.43633 0.043428
0.620833 1.43952 0.0672876
0.662548 1.44041 0.0211866
0.710947 1.44237 0.0404185
0.760603 1.44459 0.0448549
0.810383 1.44808 0.0699156
0.845471 1.44986 0.0506009
0.884465 1.45456 0.119962
0.930614 1.45872 0.0899246
0.979009 1.46293 0.086876
1.02769 1.46756 0.0948562
1.07144 1.47271 0.11697
1.11912 1.48006 0.153031
1.16855 1.48733 0.146068
1.21448 1.4931 0.124985
1.25434 1.49919 0.151462
1.28901 1.50382 0.132739
1.33839 1.50922 0.108981
1.38807 1.51086 0.0330419
1.43481 1.51262 0.0377142
1.4817 1.51513 0.0534139
1.53075 1.51741 0.0463378
1.57949 1.51851 0.0226411
1.62917 1.51985 0.0269304
1.67704 1.52289 0.0635433
1.72656 1.52668 0.0764016
1.77376 1.53118 0.0949286
1.82318 1.53358 0.0485861
1.87091 1.5352 0.0339229
1.92091 1.53477 -0.00855717
1.9709 1.53438 -0.00782383
2.01915 1.53352 -0.0177665
2.06358 1.53205 -0.0331084
2.11129 1.53108 -0.0204986
2.15159 1.5303 -0.0191757
2.19286 1.52824 -0.0500199
2.24238 1.52555 -0.0542835
2.2871 1.52413 -0.0316787
2.33588 1.52174 -0.0489003
2.38265 1.5206 -0.0243235
2.43262 1.51988 -0.0145642
2.47932 1.51848 -0.0299638
2.52931 1.51842 -0.0011191
2.5789 1.51998 0.0313867
2.62426 1.52104 0.0234084
2.67425 1.52234 0.0260542
2.71554 1.52458 0.0540445
2.76536 1.52877 0.0841049
2.81507 1.53234 0.0716764
2.85171 1.53669 0.117931
2.89605 1.54432 0.170421
2.94391 1.55338 0.187254
2.98227 1.5607 0.18853
3.02649 1.56761 0.154929
3.07111 1.57449 0.152937
3.11935 1.57963 0.106118
3.16905 1.58467 0.101176
3.20801 1.58868 0.102619
3.24327 1.59119 0.0709681
3.27574 1.59261 0.0436932
3.32483 1.59599 0.0687443
3.37046 1.59953 0.0774765
3.41661 1.60171 0.0472415
3.4607 1.60666 0.111671
3.50321 1.61186 0.121676
3.53732 1.61708 0.152021
3.57287 1.62303 0.165899
3.60843 1.62745 0.123501
3.64256 1.63238 0.143588
3.68852 1.6387 0.136564
3.7139 1.64366 0.193196
3.75491 1.65242 0.210414
3.79237 1.66118 0.229631
3.80869 1.66506 0.233665
3.84371 1.67286 0.219145
3.88671 1.68152 0.198734
3.90265 1.68534 0.234822
3.9337 1.69255 0.228307
3.98126 1.70186 0.193321
4.0228 1.70947 0.181168
4.05455 1.71634 0.213085
4.07911 1.72027 0.158613
4.09015 1.72166 0.125264
4.10342 1.72437 0.201197
4.12562 1.7283 0.175476
4.15599 1.73276 0.145744
4.18968 1.73799 0.154068
4.20897 1.74044 0.12622
4.2383 1.74437 0.133342
4.26586 1.74837 0.144022
4.29692 1.75274 0.139645
4.30281 1.75349 0.126295
4.32188 1.75603 0.132426
4.33797 1.75802 0.123609
4.37202 1.76332 0.154211
4.39835 1.76653 0.121497
4.43343 1.77071 0.118625
4.47609 1.77567 0.115755
4.50997 1.77886 0.0937899
4.53728 1.7809 0.0745003
4.54313 1.78116 0.0444971
4.55779 1.78159 0.0295904
4.59892 1.78275 0.0281801
4.63773 1.78428 0.0393755
4.66292 1.78748 0.126238
4.70244 1.79362 0.154124
4.73182 1.79774 0.139247
4.76546 1.80252 0.141408
4.8015 1.80824 0.157278
4.8412 1.81513 0.171861
4.87462 1.8223 0.211334
4.89211 1.82686 0.255075
4.91303 1.83229 0.254012
4.91991 1.83415 0.263981
4.91955 1.83406 0.239981
4.9289 1.83661 0.265895
4.94358 1.83972 0.208474
4.9767 1.84632 0.196711
4.99632 1.8497 0.170514
5.00459 1.8512 0.180595
5.01798 1.85343 0.164607
5.02405 1.8542 0.126931
5.0353 1.85611 0.168168
5.04961 1.8586 0.172054
5.06736 1.86167 0.171164
5.08211 1.86436 0.180434
5.09162 1.86588 0.158756
5.09513 1.86638 0.141751
5.10964 1.86804 0.113561
5.11038 1.86815 0.146053
5.11756 1.8694 0.172593
5.12641 1.87067 0.143135
5.12661 1.8707 0.15823
5.13879 1.87195 0.102118
5.14337 1.87246 0.111115
5.15384 1.87357 0.105583
5.15899 1.87413 0.106862
5.16402 1.87481 0.136031
5.188 1.87768 0.118812
5.19589 1.87866 0.124548
5.20491 1.88016 0.16443
5.21222 1.88117 0.137641
5.22239 1.88242 0.121754
True
0.225444
