-5.4826 -0.39993 -0.129996
-5.43314 -0.407106 -0.144071
-5.38393 -0.41573 -0.173489
-5.33802 -0.422436 -0.145063
-5.30347 -0.427083 -0.133689
-5.25451 -0.434317 -0.146686
-5.20943 -0.44048 -0.135866
-5.16452 -0.443194 -0.0603716
-5.11529 -0.448267 -0.102672
-5.06584 -0.451856 -0.0724547
-5.02088 -0.454147 -0.0508987
-4.97276 -0.455281 -0.023566
-4.92383 -0.457146 -0.0380971
-4.87398 -0.458192 -0.0209889
-4.82477 -0.460254 -0.0418625
-4.77513 -0.461847 -0.0320833
-4.72779 -0.46277 -0.0194988
-4.6862 -0.464792 -0.0485801
-4.63913 -0.467207 -0.0512554
-4.58969 -0.469294 -0.0421977
-4.54145 -0.47254 -0.0671831
-4.49265 -0.476402 -0.0789763
-4.44322 -0.480625 -0.0852382
-4.39386 -0.484994 -0.0882704
-4.34874 -0.48901 -0.0887805
-4.29921 -0.495745 -0.135139
-4.25464 -0.498976 -0.072356
-4.20531 -0.501673 -0.0546384
-4.15839 -0.50482 -0.066966
-4.1091 -0.508281 -0.0701063
-4.06116 -0.510808 -0.0526565
-4.01145 -0.515465 -0.0933951
-3.96284 -0.518846 -0.0694532
-3.91353 -0.524431 -0.112778
-3.86412 -0.53202 -0.15242
-3.81787 -0.538207 -0.132979
-3.78252 -0.542845 -0.130441
-3.74111 -0.550462 -0.181918
-3.69215 -0.558699 -0.166662
-3.64347 -0.565171 -0.132184
-3.5949 -0.571663 -0.132872
-3.54575 -0.580489 -0.177679
-3.50298 -0.587601 -0.164778
-3.45884 -0.594705 -0.159574
-3.41589 -0.601831 -0.164417
-3.36666 -0.610217 -0.168752
-3.31768 -0.61916 -0.180551
-3.27503 -0.627821 -0.200363
-3.24004 -0.634378 -0.185271
-3.19107 -0.643824 -0.190531
-3.14921 -0.65194 -0.191514
-3.10072 -0.658899 -0.14255
-3.05112 -0.664853 -0.119474
-3.01318 -0.669081 -0.110984
-2.97382 -0.675963 -0.173064
-2.92454 -0.683888 -0.159474
-2.8752 -0.691132 -0.145772
-2.82745 -0.697412 -0.130763
-2.78113 -0.703076 -0.121676
-2.74854 -0.708155 -0.154617
-2.69967 -0.716457 -0.168256
-2.65062 -0.722324 -0.119058
-2.61146 -0.726501 -0.106239
-2.56205 -0.728946 -0.0494465
-2.51399 -0.734016 -0.105114
-2.46783 -0.739734 -0.123248
-2.42971 -0.744998 -0.137215
-2.37996 -0.749789 -0.096011
-2.33305 -0.754885 -0.108211
-2.28708 -0.762031 -0.154223
-2.23913 -0.767729 -0.118289
-2.19756 -0.772757 -0.120346
-2.14821 -0.776309 -0.0718527
-2.10296 -0.781392 -0.111845
-2.05691 -0.783545 -0.046737
-2.00963 -0.786345 -0.0591433
-1.95999 -0.789183 -0.0571166
-1.9221 -0.791022 -0.0484876
-1.87947 -0.793992 -0.0695496
-1.84905 -0.795272 -0.0420665
-1.81124 -0.79735 -0.0549107
-1.76185 -0.798795 -0.0292405
-1.71311 -0.80021 -0.0290286
-1.66345 -0.800961 -0.0151168
-1.61349 -0.801975 -0.0203007
-1.57699 -0.801694 0.00770601
-1.52863 -0.801291 0.00834216
-1.48073 -0.798821 0.0515221
-1.43715 -0.798057 0.0175352
-1.3895 -0.797473 0.0122471
-1.34826 -0.796954 0.0125769
-1.30041 -0.796667 0.00599989
-1.25369 -0.798767 -0.0449112
-1.20511 -0.799849 -0.0222738
-1.15514 -0.800357 -0.0101503
-1.10993 -0.799219 0.0251493
-1.06212 -0.799257 -0.000790622
-1.01472 -0.798233 0.0216042
-0.97959 -0.800566 -0.0663105
-0.930054 -0.801647 -0.0218226
-0.883179 -0.803813 -0.0461846
-0.839429 -0.806884 -0.0700802
-0.790299 -0.808963 -0.0422722
-0.740339 -0.810952 -0.039808
-0.705881 -0.809552 0.0406238
-0.655904 -0.808061 0.0298301
-0.606467 -0.812051 -0.0805369
-0.558223 -0.816469 -0.0913216
-0.509637 -0.821313 -0.099375
-0.464982 -0.824372 -0.0683982
-0.417524 -0.826654 -0.0480541
-0.367816 -0.832051 -0.10815
-0.31829 -0.837613 -0.111832
-0.268452 -0.841532 -0.0784656
-0.222564 -0.84553 -0.0869147
-0.172833 -0.850337 -0.0963509
-0.123576 -0.855798 -0.110429
-0.0816647 -0.860036 -0.10076
-0.0336638 -0.865842 -0.120387
0.0108624 -0.871058 -0.116598
0.0603271 -0.877039 -0.12033
0.0998772 -0.88155 -0.113576
0.14463 -0.88642 -0.108401
0.191947 -0.893075 -0.139725
0.241225 -0.90109 -0.16123
0.284878 -0.907468 -0.1451
0.328958 -0.914928 -0.167637
0.375192 -0.920223 -0.11402
0.42277 -0.925909 -0.118951
0.471411 -0.932315 -0.130956
0.521089 -0.937597 -0.105911
0.570727 -0.94198 -0.0880716
0.619753 -0.946746 -0.0969134
0.667977 -0.950971 -0.0873924
0.715932 -0.953021 -0.0427126
0.764647 -0.954678 -0.0340189
0.814486 -0.958561 -0.0777365
0.86444 -0.96068 -0.0424034
0.900955 -0.963042 -0.0645794
0.950313 -0.964534 -0.0302329
0.998042 -0.967041 -0.0524755
1.04386 -0.967253 -0.00462614
1.09364 -0.965671 0.0317622
1.13505 -0.964252 0.0342612
1.18497 -0.963591 0.0132523
1.23418 -0.964106 -0.0104698
1.27554 -0.962635 0.0355441
1.32077 -0.961987 0.0143223
1.36889 -0.961576 0.00853586
1.40587 -0.962878 -0.0351705
1.45575 -0.964914 -0.0408013
1.50057 -0.96433 0.0130207
1.54907 -0.96475 -0.00866255
1.59763 -0.966623 -0.0385502
1.63253 -0.967168 -0.0156197
1.66782 -0.968395 -0.0347326
1.71524 -0.96933 -0.0197167
1.76517 -0.971551 -0.0444644
1.81253 -0.975106 -0.0749066
1.86024 -0.980211 -0.106614
1.90103 -0.982744 -0.0620367
1.94745 -0.986708 -0.0851662
1.99432 -0.989011 -0.0491072
2.03734 -0.990226 -0.0282362
2.06863 -0.991426 -0.0383119
2.11002 -0.993627 -0.0531255
2.15568 -0.99704 -0.0746233
2.19674 -0.999367 -0.0566191
2.24239 -1.0014 -0.0445253
2.29232 -1.00414 -0.0548063
2.34211 -1.00845 -0.0862694
2.39102 -1.01225 -0.0776318
2.44072 -1.01696 -0.0944759
2.48873 -1.02199 -0.104389
2.5328 -1.02556 -0.0807034
2.57995 -1.0283 -0.0581551
2.62346 -1.03518 -0.15691
2.67268 -1.04269 -0.151321
2.71077 -1.04768 -0.130343
2.74663 -1.05111 -0.0952771
2.78603 -1.05544 -0.109543
2.82934 -1.06032 -0.112025
2.87903 -1.06555 -0.105001
2.92623 -1.06912 -0.0755468
2.97464 -1.07306 -0.0810245
3.02322 -1.07573 -0.0549854
3.05778 -1.07654 -0.0233699
3.10331 -1.07769 -0.0252257
3.14911 -1.07938 -0.0369811
3.19471 -1.0795 -0.00260542
3.23705 -1.08116 -0.0392081
3.27677 -1.08221 -0.0264139
3.32162 -1.08168 0.0118246
3.35362 -1.08288 -0.0375471
3.38869 -1.08405 -0.0332724
3.41719 -1.08347 0.0201814
3.44534 -1.08191 0.0554984
3.47666 -1.07919 0.0865187
3.52044 -1.07549 0.0843301
3.56426 -1.07279 0.0616438
3.60444 -1.07177 0.0254025
3.64229 -1.07195 -0.00478913
3.68019 -1.07397 -0.0533411
3.70041 -1.07586 -0.0931332
3.72389 -1.07739 -0.0652363
3.75178 -1.0788 -0.0503361
3.7808 -1.0801 -0.0447375
3.82785 -1.08239 -0.0487074
3.86896 -1.08506 -0.0648924
3.91201 -1.08778 -0.0629543
3.95351 -1.08984 -0.0497579
3.99647 -1.09043 -0.0136273
4.04535 -1.08977 0.0134874
4.09407 -1.08819 0.0324157
4.13818 -1.08885 -0.0150012
4.1578 -1.08973 -0.0447667
4.18522 -1.09286 -0.113817
4.20034 -1.09536 -0.163653
4.2026 -1.09574 -0.167594
4.21491 -1.09792 -0.174566
4.23242 -1.10063 -0.153669
4.26572 -1.10589 -0.156713
4.29061 -1.11045 -0.181445
4.31664 -1.11508 -0.175802
4.33893 -1.11906 -0.176792
4.3677 -1.12374 -0.161234
4.37464 -1.1247 -0.137501
4.39608 -1.12819 -0.161198
4.39635 -1.12824 -0.190291
4.4075 -1.13005 -0.160819
4.42263 -1.1319 -0.121773
4.44742 -1.1342 -0.0924313
4.4634 -1.13582 -0.101152
4.48831 -1.13868 -0.114256
4.50649 -1.14075 -0.113308
4.5208 -1.14239 -0.11445
4.54525 -1.14518 -0.113727
4.56517 -1.14582 -0.0319093
4.57327 -1.1461 -0.03453
4.57965 -1.14641 -0.0489878
4.59785 -1.14676 -0.0192238
4.62575 -1.14697 -0.0074915
4.65154 -1.14792 -0.0367514
4.67923 -1.1498 -0.0677617
4.70954 -1.15209 -0.0754479
4.73128 -1.15426 -0.0994822
4.75175 -1.15582 -0.0758287
4.77927 -1.1573 -0.053831
4.81101 -1.15783 -0.016684
4.83018 -1.1577 0.00660224
4.85924 -1.15799 -0.00998068
4.86303 -1.15792 0.0193457
4.88624 -1.15748 0.0189625
4.91178 -1.15849 -0.0395368
4.91763 -1.15873 -0.0413162
4.92448 -1.15924 -0.0750219
4.93716 -1.16055 -0.102268
4.94832 -1.1619 -0.120964
4.96171 -1.16383 -0.143089
4.97525 -1.16597 -0.156454
4.99552 -1.16908 -0.152449
5.01242 -1.17243 -0.195533
5.02405 -1.17477 -0.1989
5.03297 -1.17657 -0.198791
5.05295 -1.18193 -0.262142
5.05532 -1.18251 -0.239107
5.06933 -1.1861 -0.251052
5.07855 -1.18913 -0.317165
5.08275 -1.19072 -0.362539
5.09899 -1.19744 -0.392462
5.11016 -1.20226 -0.406754
5.1173 -1.20517 -0.387985
5.12051 -1.2065 -0.392595
5.12372 -1.2079 -0.411171
5.1344 -1.21312 -0.454704
5.14205 -1.21721 -0.490872
5.15729 -1.2254 -0.493025
5.17181 -1.23448 -0.558479
5.17849 -1.23895 -0.590262
5.18743 -1.24423 -0.533804
5.19402 -1.24787 -0.504263
5.1952 -1.24846 -0.462015
5.20305 -1.25248 -0.474075
5.20522 -1.25366 -0.49389
True
0.258137
