-5.46144 1.27267 0.039407
-5.42657 1.27346 0.0225514
-5.39076 1.27329 -0.0047054
-5.34182 1.27113 -0.0440475
-5.29546 1.27168 0.0118541
-5.2603 1.26904 -0.0750375
-5.21102 1.26701 -0.041042
-5.16108 1.265 -0.0402909
-5.11454 1.26296 -0.0437952
-5.06458 1.26419 0.0246235
-5.01459 1.26366 -0.0105251
-4.97424 1.26202 -0.0406624
-4.93029 1.25919 -0.0642865
-4.88569 1.25432 -0.108738
-4.84702 1.24971 -0.118761
-4.79913 1.24252 -0.148954
-4.75185 1.23504 -0.156942
-4.71313 1.2308 -0.109107
-4.66378 1.22282 -0.160401
-4.61772 1.21694 -0.126961
-4.56804 1.21171 -0.10477
-4.51874 1.20371 -0.160845
-4.4702 1.19637 -0.150182
-4.42112 1.18715 -0.18565
-4.37931 1.18048 -0.158223
-4.33 1.17219 -0.16646
-4.28189 1.16284 -0.192077
-4.24212 1.15651 -0.157813
-4.19294 1.14773 -0.176701
-4.14372 1.13893 -0.176811
-4.09573 1.12863 -0.211411
-4.05637 1.12283 -0.14644
-4.01093 1.11573 -0.154913
-3.96755 1.10983 -0.13517
-3.9177 1.10597 -0.0773447
-3.86803 1.10026 -0.114436
-3.82299 1.09609 -0.0924428
-3.77708 1.09276 -0.0722827
-3.73566 1.08888 -0.0934885
-3.68743 1.08382 -0.104576
-3.63911 1.07826 -0.114548
-3.59017 1.06955 -0.176093
-3.5479 1.06361 -0.139472
-3.4991 1.05425 -0.189617
-3.45039 1.0446 -0.195474
-3.40966 1.03371 -0.261414
-3.36366 1.02535 -0.179779
-3.31638 1.01537 -0.207966
-3.27021 1.00821 -0.15385
-3.22738 1.00003 -0.188776
-3.17827 0.990679 -0.188086
-3.13025 0.981723 -0.184359
-3.09052 0.974054 -0.190712
-3.05062 0.967716 -0.15754
-3.00986 0.962261 -0.133018
-2.96506 0.956404 -0.130003
-2.91568 0.949558 -0.137749
-2.86616 0.944613 -0.0995527
-2.82292 0.94266 -0.0451316
-2.77345 0.940645 -0.0407055
-2.72351 0.939156 -0.0298255
-2.67377 0.93813 -0.0206097
-2.62736 0.938106 -0.000520628
-2.57746 0.940569 0.0493188
-2.52751 0.942808 0.0448013
-2.48583 0.943704 0.021491
-2.4377 0.944625 0.0191402
-2.39205 0.946238 0.0353064
-2.34351 0.94588 -0.00736832
-2.30387 0.945254 -0.0157886
-2.25612 0.944127 -0.0235999
-2.22128 0.943915 -0.00609701
-2.1843 0.943933 0.000483144
-2.13782 0.943181 -0.0161768
-2.08849 0.941751 -0.0289787
-2.04309 0.942736 0.0217001
-1.99421 0.943276 0.0110346
-1.9482 0.944977 0.0369652
-1.90059 0.944123 -0.017934
-1.85114 0.944391 0.00541422
-1.8083 0.944762 0.00865346
-1.76179 0.944628 -0.00286806
-1.71187 0.944538 -0.00182115
-1.66861 0.945321 0.0181169
-1.61965 0.94461 -0.0145321
-1.57218 0.943529 -0.022767
-1.52221 0.94278 -0.0149908
-1.47225 0.942062 -0.0143723
-1.42966 0.941623 -0.0102884
-1.38761 0.940544 -0.0256734
-1.33779 0.938808 -0.0348168
-1.28781 0.937329 -0.0295865
-1.24484 0.936277 -0.0244876
-1.19654 0.935509 -0.0158957
-1.14969 0.935879 0.0078941
-1.09984 0.933575 -0.0461888
-1.04987 0.932359 -0.0243303
-1.00408 0.931887 -0.0102956
-0.960464 0.929505 -0.0545487
-0.913432 0.927322 -0.0463839
-0.863512 0.924738 -0.0517186
-0.819618 0.923564 -0.0267455
-0.770383 0.922123 -0.0292558
-0.725425 0.921898 -0.00501997
-0.676705 0.923452 0.031904
-0.626809 0.923854 0.00804868
-0.58775 0.925818 0.0502345
-0.538817 0.928026 0.0450953
-0.491731 0.92885 0.0174946
-0.44263 0.930239 0.0282808
-0.396841 0.929956 -0.0061797
-0.356018 0.930468 0.0125516
-0.307319 0.932416 0.0399806
-0.261995 0.930033 -0.0525326
-0.223503 0.928552 -0.0384521
-0.176793 0.926887 -0.0356427
-0.128107 0.925069 -0.0373245
-0.0794608 0.920246 -0.0988187
-0.0300637 0.91488 -0.108214
0.0181746 0.909382 -0.113471
0.0669875 0.903091 -0.128178
0.113588 0.89506 -0.170654
0.163095 0.888318 -0.135351
0.210135 0.882438 -0.12435
0.253287 0.877264 -0.119348
0.299743 0.872268 -0.107121
0.348854 0.869098 -0.0644664
0.395004 0.865409 -0.0797726
0.444675 0.861924 -0.0700311
0.49432 0.855983 -0.1191
0.542104 0.850517 -0.113906
0.588865 0.847816 -0.057687
0.634205 0.844488 -0.0732832
0.680695 0.840807 -0.0790029
0.723549 0.839077 -0.0403558
0.772682 0.836308 -0.0562963
0.816494 0.834195 -0.0481832
0.8663 0.829807 -0.0878889
0.915971 0.826269 -0.0710987
0.957194 0.825206 -0.0257854
1.00644 0.825177 -0.000592994
1.04876 0.824411 -0.0180927
1.09775 0.825642 0.0251294
1.14543 0.826826 0.0248248
1.19338 0.827075 0.00518371
1.2427 0.827284 0.00424856
1.29216 0.826903 -0.00770688
1.33439 0.827339 0.0103223
1.38407 0.827632 0.0059008
1.4321 0.826692 -0.0195656
1.47733 0.825533 -0.0256337
1.52054 0.824587 -0.0218905
1.56205 0.823378 -0.0291118
1.60426 0.821231 -0.0508044
1.65367 0.819329 -0.0384812
1.69903 0.81757 -0.0387653
1.7475 0.817481 -0.00184312
1.79742 0.816762 -0.0143968
1.84155 0.816728 -0.000773883
1.88804 0.816451 -0.00595386
1.93672 0.815553 -0.0184345
1.9834 0.812515 -0.0650119
2.01863 0.811379 -0.0322344
2.06797 0.808685 -0.054542
2.11705 0.806554 -0.0433885
2.16679 0.802199 -0.0873355
2.2165 0.796979 -0.104612
2.26595 0.793749 -0.0652271
2.31573 0.789281 -0.089512
2.36481 0.787442 -0.037461
2.41232 0.783604 -0.0805933
2.46214 0.779624 -0.0797186
2.50437 0.775586 -0.0953384
2.55369 0.770766 -0.0974126
2.59432 0.769299 -0.0360865
2.63928 0.764645 -0.103171
2.68822 0.761505 -0.0640641
2.73246 0.757046 -0.100446
2.77974 0.755378 -0.0352767
2.82166 0.756245 0.0206858
2.87072 0.759416 0.0645487
2.91262 0.761541 0.0506665
2.95103 0.761657 0.00301212
2.99428 0.762166 0.0117663
3.031 0.763086 0.0250554
3.07583 0.765897 0.0626365
3.11615 0.768078 0.0540308
3.16426 0.771961 0.08053
3.20784 0.775465 0.080248
3.25405 0.77881 0.0722543
3.29744 0.780202 0.0320604
3.33685 0.781589 0.0351933
3.38021 0.78389 0.0530152
3.42116 0.786841 0.0719353
3.46574 0.78971 0.0642678
3.51162 0.794006 0.0933675
3.55905 0.796939 0.0617516
3.59666 0.799422 0.0659293
3.64386 0.801055 0.0345763
3.67411 0.801792 0.0243706
3.71258 0.802178 0.0100182
3.74149 0.802691 0.0177451
3.78056 0.803399 0.0181185
3.81833 0.802554 -0.0223614
3.86584 0.805581 0.0636213
3.9109 0.808431 0.0631522
3.95355 0.813059 0.108111
3.99387 0.817546 0.11081
4.02163 0.82018 0.0946166
4.03503 0.821492 0.0976206
4.06048 0.824709 0.125726
4.08689 0.82756 0.107525
4.13284 0.833622 0.131162
4.15604 0.836305 0.115168
4.18276 0.840736 0.164354
4.20433 0.844244 0.161176
4.21376 0.844917 0.071304
4.21533 0.845049 0.0838845
4.23884 0.847228 0.0923999
4.26976 0.849394 0.0699295
4.30618 0.853056 0.100208
4.34731 0.857365 0.104392
4.37818 0.861014 0.117654
4.4063 0.86477 0.132796
4.44872 0.870829 0.141862
4.471 0.874529 0.164553
4.49425 0.87863 0.174605
4.52162 0.884016 0.194308
4.53825 0.887933 0.231336
4.5639 0.893961 0.230825
4.58959 0.899761 0.222047
4.62341 0.906869 0.207143
4.64887 0.911242 0.17012
4.66089 0.913254 0.165813
4.67929 0.916533 0.176381
4.69616 0.920393 0.224951
4.71806 0.925854 0.244385
4.74699 0.933276 0.251122
4.7803 0.941361 0.23814
4.80642 0.947844 0.24321
4.84016 0.954551 0.196232
4.85976 0.957996 0.174043
4.89204 0.961754 0.115904
4.90704 0.96331 0.103342
4.91039 0.96356 0.0744782
4.92906 0.964715 0.0617851
4.94742 0.966175 0.0793426
4.95895 0.967181 0.0870298
4.97981 0.969325 0.102463
4.99967 0.972199 0.14369
5.01197 0.973871 0.135118
5.01796 0.974584 0.118313
5.0288 0.976058 0.135197
5.03812 0.977566 0.160348
5.05446 0.980425 0.173206
5.06499 0.982336 0.179669
5.08143 0.985602 0.19607
5.08927 0.987445 0.230838
5.09988 0.989956 0.23243
5.11488 0.993626 0.239985
5.1208 0.994886 0.209724
5.11866 0.994486 0.185207
5.13537 0.997341 0.169232
5.14657 0.99909 0.154831
5.15118 0.999833 0.159966
5.15822 1.00086 0.144995
5.16008 1.00106 0.106972
5.16842 1.00185 0.0946434
5.17581 1.00263 0.104276
5.18557 1.00321 0.0594482
5.18777 1.00326 0.0264942
5.19081 1.00349 0.0753699
5.20386 1.00561 0.160793
True
0.261184
