4.49126 -0.00330738 -2.77976
4.4531 -0.0215012 -2.69669
4.41656 -0.0418205 -2.63412
4.40024 -0.0528163 -2.54879
4.36389 -0.0795189 -2.50804
4.32745 -0.108513 -2.46942
4.30775 -0.12363 -2.48705
4.2686 -0.153386 -2.4917
4.23397 -0.183283 -2.42945
4.20611 -0.210345 -2.37077
4.17161 -0.246399 -2.33411
4.1426 -0.279582 -2.28925
4.12418 -0.303476 -2.22745
4.09695 -0.345109 -2.15013
4.07242 -0.383267 -2.14206
4.04994 -0.426733 -2.04814
4.0259 -0.470573 -2.07238
4.00739 -0.506462 -2.04683
3.98547 -0.548493 -2.05158
3.96405 -0.589759 -2.04964
3.94339 -0.625027 -2.10053
3.92818 -0.653079 -2.06773
3.9096 -0.68352 -2.11871
3.88931 -0.721549 -2.06096
3.86829 -0.766917 -2.00463
3.84778 -0.809455 -2.02022
3.82968 -0.845881 -2.03193
3.80757 -0.889981 -2.03543
3.78931 -0.931142 -1.98842
3.77262 -0.966558 -2.01112
3.75529 -1.00732 -1.97272
3.73879 -1.04484 -1.9852
3.72291 -1.08802 -1.92313
3.70662 -1.1343 -1.90938
3.69087 -1.18168 -1.89171
3.6768 -1.22113 -1.91334
3.66439 -1.2542 -1.92968
3.64783 -1.29573 -1.95035
3.63201 -1.33709 -1.93603
3.61479 -1.37683 -1.97983
3.60032 -1.4114 -1.96696
3.58149 -1.45749 -1.95871
3.56045 -1.50284 -2.0053
3.54443 -1.53764 -2.00209
3.52801 -1.57486 -1.98637
3.50623 -1.61986 -2.02146
3.48336 -1.66102 -2.07809
3.46657 -1.69179 -2.07018
3.44458 -1.73668 -2.02642
3.42131 -1.78032 -2.06058
3.40093 -1.81992 -2.04607
3.37821 -1.86446 -2.04254
3.35749 -1.90099 -2.08659
3.33408 -1.94081 -2.1024
3.30872 -1.98389 -2.10284
3.2844 -2.02758 -2.07863
3.25784 -2.06805 -2.15166
3.23315 -2.10742 -2.13094
3.20509 -2.1488 -2.1666
3.17747 -2.18891 -2.17392
3.1615 -2.21036 -2.21059
3.1443 -2.23363 -2.2075
3.11458 -2.27292 -2.21835
3.08596 -2.30861 -2.24668
3.05855 -2.34383 -2.23204
3.03291 -2.37674 -2.23281
3.00948 -2.40885 -2.20115
2.98181 -2.4505 -2.1572
2.95326 -2.49129 -2.18137
2.92502 -2.5323 -2.17397
2.89799 -2.56858 -2.2111
2.86761 -2.60829 -2.22384
2.83501 -2.64621 -2.2809
2.80357 -2.68504 -2.25132
2.78254 -2.71024 -2.26642
2.74851 -2.74685 -2.31963
2.71497 -2.77994 -2.36294
2.67966 -2.81502 -2.35954
2.64336 -2.84911 -2.38757
2.6093 -2.87879 -2.42478
2.57183 -2.90783 -2.48225
2.53591 -2.93299 -2.5306
2.49902 -2.95979 -2.51332
2.46031 -2.98739 -2.52212
2.4265 -3.01258 -2.50124
2.39675 -3.03383 -2.52146
2.36403 -3.05722 -2.52098
2.32502 -3.0843 -2.53488
2.2896 -3.10938 -2.52524
2.25913 -3.13159 -2.51185
2.2205 -3.16323 -2.45528
2.18016 -3.19263 -2.51178
2.14545 -3.2157 -2.55494
2.10877 -3.23841 -2.58737
2.07293 -3.26211 -2.55718
2.03502 -3.28638 -2.57235
2.00285 -3.30787 -2.55256
1.97276 -3.3263 -2.59202
1.93022 -3.35251 -2.58948
1.89888 -3.37107 -2.60678
1.85611 -3.39605 -2.61291
1.81406 -3.42078 -2.6101
1.76968 -3.44359 -2.66667
1.72503 -3.46602 -2.67627
1.6809 -3.48953 -2.65196
1.63637 -3.51225 -2.66994
1.60265 -3.53034 -2.64906
1.55947 -3.55329 -2.65303
1.51558 -3.57712 -2.64424
1.47173 -3.60111 -2.64101
1.42645 -3.6223 -2.70388
1.39548 -3.63644 -2.71338
1.35079 -3.65557 -2.73702
1.30465 -3.67483 -2.74628
1.2603 -3.69212 -2.7698
1.23044 -3.7026 -2.80409
1.1846 -3.71966 -2.78528
1.14048 -3.73622 -2.78259
1.0941 -3.75121 -2.82901
1.04886 -3.76553 -2.83482
1.00132 -3.78088 -2.82941
0.954756 -3.79464 -2.85415
0.90882 -3.80911 -2.83645
0.862515 -3.82217 -2.86673
0.822137 -3.83313 -2.87647
0.77774 -3.84433 -2.89454
0.749347 -3.85103 -2.9099
0.713917 -3.85858 -2.93175
0.672882 -3.86746 -2.92835
0.623746 -3.87671 -2.95546
0.592017 -3.88235 -2.96577
0.543958 -3.88929 -2.99825
0.502298 -3.89492 -3.00729
0.455331 -3.90034 -3.02651
0.40583 -3.90738 -3.00036
0.357708 -3.91515 -2.9816
0.311831 -3.92167 -3.0003
0.272841 -3.92817 -2.97657
0.233632 -3.93481 -2.97367
0.184495 -3.94047 -3.02709
0.137783 -3.94551 -3.03406
0.0977256 -3.94854 -3.06614
0.0512927 -3.9535 -3.03511
0.00502443 -3.95734 -3.05882
-0.0385628 -3.96137 -3.04928
-0.0781616 -3.96395 -3.07665
-0.107549 -3.96536 -3.09368
-0.154654 -3.96736 -3.09903
-0.201478 -3.96906 -3.10539
-0.246925 -3.96993 -3.12237
-0.296911 -3.96879 -3.16449
-0.336486 -3.96707 3.09822
-0.386023 -3.96578 3.11555
-0.428991 -3.96468 3.11598
-0.474452 -3.9646 3.13993
-0.521048 -3.96351 3.11814
-0.562405 -3.9619 3.10261
-0.611594 -3.95824 3.06736
-0.654178 -3.95538 3.07441
-0.700267 -3.9532 3.09447
-0.745964 -3.95022 3.07635
-0.795487 -3.94641 3.06491
-0.845139 -3.94092 3.03152
-0.887021 -3.93489 2.99847
-0.936862 -3.93115 3.06681
-0.985088 -3.92517 3.01819
-1.03368 -3.91822 2.99953
-1.0811 -3.90925 2.95453
-1.12761 -3.89944 2.93391
-1.17305 -3.88659 2.86589
-1.22131 -3.87532 2.91224
-1.2635 -3.86353 2.8691
-1.31139 -3.85 2.86616
-1.35856 -3.8356 2.84536
-1.40656 -3.82164 2.85843
-1.45029 -3.80904 2.86123
-1.4952 -3.79564 2.85156
-1.54036 -3.78217 2.85172
-1.56193 -3.77471 2.80841
-1.60499 -3.76087 2.83072
-1.65268 -3.74811 2.88008
-1.70116 -3.73665 2.90951
-1.7452 -3.72684 2.92255
-1.7941 -3.71816 2.96592
-1.84177 -3.70916 2.95483
-1.88843 -3.70061 2.96052
-1.93404 -3.69137 2.94158
-1.98334 -3.68342 2.98173
-2.02332 -3.67541 2.94393
-2.07003 -3.66725 2.96867
-2.11879 -3.65712 2.93662
-2.16713 -3.64798 2.95473
-2.21004 -3.63936 2.94343
-2.24567 -3.63162 2.92771
-2.2871 -3.62106 2.89189
-2.32915 -3.61052 2.89601
-2.36607 -3.60292 2.93868
-2.4042 -3.59515 2.94051
-2.44649 -3.58586 2.92547
-2.48175 -3.578 2.92214
-2.51031 -3.57209 2.93769
-2.54473 -3.56364 2.90059
-2.57144 -3.55742 2.91303
-2.59129 -3.55298 2.92156
-2.60937 -3.54843 2.89506
-2.63627 -3.54263 2.92928
-2.67101 -3.53652 2.96747
-2.70146 -3.53104 2.96344
-2.74244 -3.52292 2.94596
-2.77416 -3.51622 2.9335
-2.80273 -3.50938 2.9067
-2.84288 -3.49945 2.8991
-2.87363 -3.4923 2.91304
-2.90112 -3.48614 2.92121
-2.92815 -3.48034 2.93013
-2.95371 -3.4741 2.90227
-2.97009 -3.47 2.89602
-2.98826 -3.46518 2.88258
-3.01622 -3.45803 2.89122
-3.03315 -3.45394 2.90429
-3.0564 -3.44852 2.91257
-3.07754 -3.4443 2.94468
-3.10477 -3.43828 2.9239
-3.12148 -3.43428 2.90708
-3.13698 -3.43072 2.91585
-3.16511 -3.42615 2.98055
-3.18745 -3.42324 3.01201
-3.21685 -3.42005 3.03342
-3.23789 -3.41692 2.99371
-3.24926 -3.41535 3.00491
-3.25983 -3.41363 2.97971
-3.28612 -3.40879 2.95983
-3.31849 -3.40208 2.93705
-3.34042 -3.39782 2.94977
-3.36483 -3.39354 2.9678
-3.389 -3.39013 3.00162
-3.41131 -3.38673 2.99042
-3.4448 -3.38234 3.0112
-3.48036 -3.37729 3.00068
-3.52168 -3.36947 2.95438
-3.5695 -3.36086 2.96343
-3.61827 -3.35288 2.97955
-3.66082 -3.34723 3.00943
-3.69701 -3.34343 3.0371
-3.73585 -3.34016 3.05764
-3.76441 -3.33767 3.05462
-3.79482 -3.33411 3.02503
-3.80666 -3.33236 2.99486
-3.83348 -3.3277 2.96938
-3.86836 -3.32155 2.96709
-3.89484 -3.31631 2.94625
-3.91895 -3.31124 2.93455
-3.94082 -3.30613 2.91179
-3.9563 -3.30315 2.95166
-3.97883 -3.29845 2.93568
-3.99668 -3.29477 2.93814
-4.0265 -3.28909 2.95351
-4.03729 -3.28681 2.93377
-4.04516 -3.28508 2.9242
-4.05358 -3.28297 2.89671
-4.06469 -3.28015 2.89276
-4.08128 -3.2766 2.93107
-4.09062 -3.27475 2.9455
-4.11034 -3.27058 2.93318
-4.118 -3.26881 2.91458
-4.12997 -3.26617 2.92445
-4.14318 -3.26314 2.91638
-4.14895 -3.26178 2.90934
-4.15691 -3.26007 2.92986
-4.16366 -3.25871 2.94383
-4.17105 -3.25702 2.91704
-4.182 -3.25453 2.91753
-4.19314 -3.25193 2.91268
-4.20264 -3.25028 2.96959
-4.21141 -3.24889 2.98398
-4.22009 -3.24734 2.96526
-4.23365 -3.24449 2.93396
True
0.0683609
