-5.47603 -0.0160824 -0.120489
-5.43604 -0.0215897 -0.136879
-5.3896 -0.0246409 -0.0655992
-5.34042 -0.0269568 -0.0470597
-5.2907 -0.0321958 -0.104974
-5.24075 -0.0345113 -0.0463256
-5.19144 -0.0416325 -0.143434
-5.14526 -0.0470882 -0.117582
-5.0954 -0.0488464 -0.0352508
-5.04865 -0.0516903 -0.0607469
-5.01193 -0.0537726 -0.0566461
-4.96256 -0.0566275 -0.0577672
-4.91389 -0.0609281 -0.0881348
-4.86399 -0.0640298 -0.0620769
-4.81822 -0.0676588 -0.0791301
-4.77036 -0.0722961 -0.0965766
-4.72181 -0.0746625 -0.0487097
-4.67196 -0.077374 -0.0543358
-4.62497 -0.0811642 -0.0804852
-4.57582 -0.0856489 -0.0909859
-4.55106 -0.0876225 -0.0795704
-4.50806 -0.0881351 -0.0119196
-4.46144 -0.089237 -0.0236303
-4.41923 -0.0897809 -0.0128851
-4.37477 -0.0901787 -0.00894729
-4.32778 -0.0900634 0.00245311
-4.28975 -0.0892093 0.022456
-4.24584 -0.0873516 0.0422781
-4.20524 -0.0866858 0.0163993
-4.15754 -0.0867819 -0.00201445
-4.11761 -0.0864922 0.00725773
-4.06968 -0.0848566 0.0341083
-4.02003 -0.0812561 0.0723994
-3.97595 -0.0779988 0.0737478
-3.92655 -0.0726708 0.107446
-3.878 -0.0689473 0.0765493
-3.82902 -0.065801 0.0641393
-3.78692 -0.0626405 0.0749402
-3.73862 -0.058645 0.0825388
-3.68899 -0.0545236 0.0828403
-3.64755 -0.0511987 0.0800681
-3.59828 -0.0453582 0.117994
-3.56065 -0.0409137 0.11755
-3.52718 -0.0388308 0.0621665
-3.47752 -0.0341478 0.0940157
-3.43829 -0.0304376 0.0942927
-3.39062 -0.0254978 0.103249
-3.35329 -0.0221105 0.0904965
-3.30599 -0.0162915 0.122403
-3.27048 -0.0111936 0.142592
-3.22126 -0.0026937 0.171017
-3.17781 0.00624268 0.20283
-3.13139 0.0170251 0.228223
-3.08675 0.0270905 0.22178
-3.04425 0.0369967 0.22901
-3.01072 0.0447004 0.225819
-2.96426 0.0562197 0.243041
-2.92133 0.0659817 0.223618
-2.87561 0.0751149 0.197153
-2.8267 0.0852234 0.203795
-2.77935 0.0970355 0.244485
-2.7327 0.110348 0.277987
-2.68759 0.121742 0.247403
-2.64009 0.131862 0.209904
-2.59681 0.139133 0.16647
-2.55399 0.145498 0.147554
-2.5043 0.150954 0.10937
-2.45445 0.154626 0.0735052
-2.40569 0.16099 0.129787
-2.35622 0.166116 0.103269
-2.30806 0.172617 0.134181
-2.26288 0.177584 0.109482
-2.21459 0.184143 0.135019
-2.16501 0.190556 0.128613
-2.11542 0.196775 0.124752
-2.06804 0.202483 0.119921
-2.01892 0.20943 0.14049
-1.97113 0.215338 0.12301
-1.9247 0.220246 0.105305
-1.87488 0.223274 0.0607043
-1.82605 0.225284 0.0411314
-1.77621 0.229271 0.0798333
-1.72684 0.23292 0.0737796
-1.68199 0.236787 0.0860142
-1.63584 0.239495 0.0586094
-1.59018 0.239453 -0.000932314
-1.55099 0.238471 -0.025042
-1.51552 0.239044 0.0161641
-1.4742 0.237876 -0.028274
-1.42424 0.239729 0.037086
-1.38062 0.239073 -0.0150366
-1.33077 0.239246 0.00346622
-1.2866 0.237021 -0.0503142
-1.24478 0.233866 -0.0753152
-1.19569 0.229823 -0.0821645
-1.14667 0.225916 -0.0795316
-1.09933 0.21902 -0.144662
-1.06756 0.21434 -0.146257
-1.0292 0.208739 -0.144969
-0.979671 0.202702 -0.121306
-0.933481 0.195009 -0.165024
-0.884319 0.185936 -0.182509
-0.839393 0.174825 -0.242446
-0.795409 0.165036 -0.218992
-0.746501 0.155872 -0.185238
-0.706392 0.147504 -0.205658
-0.659277 0.138038 -0.198288
-0.611155 0.127522 -0.215143
-0.568577 0.118759 -0.202972
-0.525617 0.109628 -0.209429
-0.477395 0.0980285 -0.23606
-0.437703 0.0865586 -0.281311
-0.403481 0.0774896 -0.259052
-0.369957 0.0675098 -0.289336
-0.322677 0.0546652 -0.265269
-0.274417 0.0418459 -0.259634
-0.230882 0.0320836 -0.220593
-0.185054 0.0223083 -0.210154
-0.141673 0.0117354 -0.239062
-0.0937208 -0.000504231 -0.24991
-0.0457732 -0.0146201 -0.286314
0.000125854 -0.0271614 -0.266726
0.0462541 -0.0383258 -0.237462
0.093616 -0.0481612 -0.204756
0.142491 -0.0568812 -0.176557
0.186639 -0.0654258 -0.191178
0.235296 -0.0758722 -0.211486
0.284383 -0.0853754 -0.191233
0.333145 -0.0944621 -0.184233
0.382066 -0.104284 -0.198133
0.428786 -0.113179 -0.188143
0.47343 -0.122893 -0.214256
0.518191 -0.132495 -0.211298
0.566601 -0.142127 -0.196402
0.603917 -0.149918 -0.205835
0.652131 -0.159767 -0.201509
0.694316 -0.170026 -0.238549
0.742993 -0.180782 -0.217484
0.787516 -0.190215 -0.208771
0.835275 -0.201355 -0.229159
0.884493 -0.209824 -0.170404
0.927873 -0.218437 -0.195995
0.962379 -0.226759 -0.236657
1.01092 -0.238729 -0.241748
1.05248 -0.249635 -0.256675
1.09845 -0.261725 -0.25716
1.13955 -0.26941 -0.184866
1.18775 -0.280538 -0.226886
1.23255 -0.294127 -0.294476
1.28106 -0.305939 -0.238854
1.32897 -0.318777 -0.261804
1.37829 -0.326982 -0.164851
1.42676 -0.335409 -0.172139
1.47531 -0.344128 -0.177725
1.51363 -0.352488 -0.214744
1.56047 -0.363901 -0.239017
1.60658 -0.374033 -0.216321
1.65433 -0.386834 -0.261913
1.70095 -0.39899 -0.255084
1.7474 -0.410689 -0.246712
1.79509 -0.422258 -0.237997
1.84058 -0.434612 -0.265168
1.88539 -0.447111 -0.272055
1.93342 -0.458534 -0.233445
1.97978 -0.46874 -0.216721
2.02769 -0.477951 -0.189934
2.05755 -0.484661 -0.220982
2.10613 -0.495557 -0.220647
2.14954 -0.505985 -0.235774
2.1944 -0.514988 -0.198075
2.24341 -0.523913 -0.180118
2.28451 -0.534951 -0.262394
2.32314 -0.545905 -0.276325
2.37069 -0.559231 -0.273228
2.41435 -0.572806 -0.301457
2.46238 -0.586712 -0.281831
2.50686 -0.597247 -0.232518
2.55561 -0.608254 -0.222094
2.60247 -0.617561 -0.196044
2.65074 -0.62693 -0.191729
2.69723 -0.636456 -0.202095
2.73626 -0.645061 -0.216998
2.78168 -0.655091 -0.217334
2.82488 -0.664173 -0.207229
2.87374 -0.67459 -0.210043
2.90856 -0.681451 -0.194555
2.95701 -0.690591 -0.186458
3.00141 -0.699886 -0.206377
3.05007 -0.709761 -0.200217
3.09742 -0.717751 -0.167175
3.1438 -0.726177 -0.1797
3.19217 -0.735726 -0.19488
3.2337 -0.743521 -0.18556
3.2803 -0.753596 -0.212924
3.32897 -0.761575 -0.162503
3.35728 -0.766694 -0.178901
3.38379 -0.77201 -0.197909
3.42114 -0.778712 -0.177546
3.45549 -0.785618 -0.198373
3.50219 -0.792307 -0.14228
3.52586 -0.795824 -0.147487
3.56134 -0.801334 -0.154087
3.606 -0.807302 -0.132823
3.63096 -0.811973 -0.185061
3.65816 -0.816535 -0.166155
3.68345 -0.821131 -0.17978
3.71214 -0.825933 -0.16583
3.73807 -0.829878 -0.150985
3.76524 -0.833273 -0.124301
3.79862 -0.837975 -0.139931
3.82019 -0.841998 -0.184404
3.86357 -0.84943 -0.169695
3.89979 -0.85487 -0.149081
3.94385 -0.861419 -0.147547
3.98177 -0.867192 -0.151065
4.01183 -0.872214 -0.165546
4.02656 -0.874242 -0.136851
4.03695 -0.875798 -0.148662
4.04764 -0.877438 -0.152194
4.0717 -0.881938 -0.184891
4.08763 -0.885073 -0.194317
4.10551 -0.889465 -0.240883
4.12258 -0.89525 -0.326679
4.16755 -0.910063 -0.31822
4.20316 -0.922858 -0.344982
4.21783 -0.928916 -0.391479
4.22981 -0.934094 -0.408135
4.24606 -0.9401 -0.354011
4.26586 -0.947127 -0.340987
4.29279 -0.957084 -0.354138
4.30875 -0.963453 -0.379811
4.33323 -0.974379 -0.419793
4.36055 -0.987374 -0.443903
4.38201 -0.997455 -0.439246
4.40736 -1.00974 -0.451137
4.4136 -1.01298 -0.47893
4.42923 -1.02102 -0.475202
4.4413 -1.0274 -0.486284
4.47276 -1.04285 -0.456548
4.48503 -1.04896 -0.461513
4.50806 -1.05983 -0.441255
4.52859 -1.06921 -0.428535
4.54623 -1.07673 -0.403088
4.55759 -1.08126 -0.379424
4.56973 -1.08528 -0.319695
4.58085 -1.08861 -0.290808
4.58211 -1.08901 -0.303767
4.60564 -1.09562 -0.27397
4.64104 -1.10547 -0.271339
4.67966 -1.11677 -0.284625
4.70778 -1.12448 -0.26787
4.74038 -1.13428 -0.29192
4.76806 -1.14301 -0.305584
4.77813 -1.14637 -0.322013
4.78938 -1.15011 -0.320757
4.79917 -1.1535 -0.333556
4.81974 -1.16137 -0.365511
4.83456 -1.16627 -0.318986
4.84743 -1.17079 -0.337755
4.86467 -1.17708 -0.349637
4.88128 -1.18346 -0.366835
4.8896 -1.18653 -0.354193
4.89817 -1.18964 -0.347473
4.92742 -1.19878 -0.302866
4.94712 -1.20455 -0.285142
4.96611 -1.20949 -0.254186
4.978 -1.21226 -0.229268
4.99097 -1.21466 -0.182849
5.00574 -1.21767 -0.201096
5.02838 -1.22202 -0.189838
5.04285 -1.22533 -0.225254
5.05256 -1.22753 -0.222905
5.05943 -1.22902 -0.212583
5.07331 -1.23125 -0.159229
5.09069 -1.23367 -0.138705
5.09847 -1.23466 -0.125917
5.11596 -1.23617 -0.0860008
5.12639 -1.23606 0.00983994
5.14298 -1.23579 0.0165385
5.1528 -1.23574 0.0050129
5.15192 -1.23571 -0.0304067
5.16191 -1.23569 0.00250364
5.18269 -1.23657 -0.0426102
5.19185 -1.23696 -0.0424583
5.20525 -1.23755 -0.0436312
5.21344 -1.23767 -0.0149439
5.2293 -1.23808 -0.0255105
True
0.278195
