-5.46977 -1.71482 0.105929
-5.42327 -1.70953 0.113237
-5.37386 -1.7034 0.123412
-5.32857 -1.69827 0.112787
-5.28078 -1.69439 0.0810535
-5.24235 -1.68846 0.153113
-5.19342 -1.67901 0.190762
-5.14742 -1.66821 0.230673
-5.10363 -1.66069 0.17003
-5.05953 -1.65364 0.158576
-5.01056 -1.64645 0.145734
-4.96776 -1.64052 0.137774
-4.92257 -1.63713 0.0747882
-4.87346 -1.62907 0.162765
-4.82408 -1.62124 0.157087
-4.78063 -1.61452 0.153501
-4.7312 -1.60701 0.15085
-4.68171 -1.60103 0.120117
-4.63191 -1.59676 0.0856421
-4.5857 -1.58987 0.148052
-4.53662 -1.58052 0.188287
-4.48728 -1.57252 0.160617
-4.43856 -1.5644 0.165244
-4.39737 -1.55754 0.164931
-4.35097 -1.54826 0.197363
-4.30194 -1.53885 0.189735
-4.25417 -1.52907 0.201791
-4.20763 -1.51764 0.240876
-4.16771 -1.50763 0.245829
-4.12172 -1.49676 0.23194
-4.08677 -1.48888 0.221871
-4.0428 -1.47836 0.234753
-4.00576 -1.46809 0.270439
-3.96359 -1.45558 0.288541
-3.92358 -1.44297 0.305137
-3.87775 -1.42483 0.377128
-3.83982 -1.40991 0.3745
-3.803 -1.39544 0.374613
-3.76882 -1.38447 0.310408
-3.73498 -1.37222 0.347417
-3.70902 -1.35937 0.459743
-3.66737 -1.33914 0.45202
-3.6232 -1.31573 0.48748
-3.58549 -1.29679 0.465363
-3.54256 -1.27415 0.485315
-3.5279 -1.26672 0.468986
-3.5163 -1.2615 0.422891
-3.47037 -1.24176 0.40592
-3.42531 -1.22052 0.440417
-3.38349 -1.20186 0.419806
-3.3375 -1.18224 0.403334
-3.29547 -1.16165 0.455462
-3.25365 -1.14156 0.447815
-3.21362 -1.1202 0.490077
-3.17015 -1.09551 0.516601
-3.15132 -1.08402 0.547992
-3.11218 -1.05791 0.588245
-3.07564 -1.03206 0.615672
-3.05006 -1.01221 0.65984
-3.01187 -0.982391 0.662991
-2.9824 -0.958625 0.678755
-2.94277 -0.928201 0.654721
-2.91666 -0.906087 0.702721
-2.87955 -0.874129 0.710932
-2.84922 -0.848484 0.701959
-2.81648 -0.820015 0.715576
-2.77992 -0.787743 0.723207
-2.74356 -0.753581 0.754353
-2.7221 -0.734769 0.719698
-2.6966 -0.711725 0.734862
-2.66445 -0.684123 0.709412
-2.62558 -0.652793 0.678345
-2.59039 -0.624207 0.682285
-2.55576 -0.598564 0.637387
-2.51502 -0.570848 0.597322
-2.47596 -0.542942 0.620345
-2.44037 -0.51799 0.611538
-2.39916 -0.491235 0.575764
-2.35737 -0.464002 0.57755
-2.31537 -0.43882 0.54011
-2.27702 -0.415499 0.546372
-2.23357 -0.392476 0.48727
-2.20035 -0.375195 0.479625
-2.15641 -0.351673 0.491526
-2.11295 -0.329953 0.463489
-2.08027 -0.313503 0.466357
-2.03586 -0.293519 0.422844
-1.98983 -0.274306 0.395379
-1.94654 -0.257858 0.363139
-1.89958 -0.242154 0.322702
-1.85396 -0.228769 0.285424
-1.80795 -0.216967 0.251098
-1.76541 -0.206333 0.244945
-1.7224 -0.197029 0.213039
-1.67379 -0.185668 0.229569
-1.62543 -0.177081 0.175746
-1.58232 -0.169149 0.181968
-1.53314 -0.161575 0.152807
-1.48644 -0.158095 0.0743702
-1.43651 -0.155679 0.048341
-1.3931 -0.152656 0.0695359
-1.3463 -0.149887 0.0590992
-1.30518 -0.147415 0.0600297
-1.2582 -0.14611 0.0277885
-1.20831 -0.143627 0.0497264
-1.16457 -0.143492 0.0030732
-1.11979 -0.143494 -3.49926e-05
-1.07064 -0.142792 0.0142852
-1.02073 -0.140117 0.0535298
-0.970818 -0.140668 -0.0110233
-0.921818 -0.138727 0.0395781
-0.87678 -0.136442 0.0506933
-0.829583 -0.13471 0.0366972
-0.780627 -0.135175 -0.00950094
-0.732044 -0.133696 0.0304186
-0.682664 -0.13165 0.041426
-0.641414 -0.128956 0.0652144
-0.591528 -0.126336 0.0524646
-0.543858 -0.125007 0.0278799
-0.494009 -0.123613 0.0279499
-0.444105 -0.120543 0.0614518
-0.394235 -0.121009 -0.00934914
-0.346178 -0.120249 0.0158053
-0.298889 -0.120005 0.00517244
-0.248901 -0.119665 0.00679844
-0.202495 -0.119758 -0.00201043
-0.152703 -0.118301 0.0292553
-0.103571 -0.11445 0.0782138
-0.0626545 -0.112271 0.0532015
-0.0261275 -0.110345 0.0526952
0.0125691 -0.108117 0.0575165
0.0621422 -0.106623 0.0301225
0.109747 -0.106856 -0.00490442
0.159277 -0.106155 0.0141634
0.208577 -0.103067 0.0625428
0.258259 -0.101822 0.0250544
0.306132 -0.0993071 0.0524941
0.354102 -0.0954277 0.0806949
0.395706 -0.0914207 0.0960157
0.445479 -0.0873805 0.0809957
0.494323 -0.083231 0.0847518
0.544 -0.0776393 0.112089
0.589068 -0.0727841 0.107315
0.638226 -0.067045 0.116222
0.686459 -0.0626028 0.0918411
0.736315 -0.0588645 0.0748415
0.777444 -0.0569333 0.0469205
0.827036 -0.0553435 0.0320469
0.876331 -0.0553163 0.000551801
0.914371 -0.056428 -0.0292168
0.958167 -0.0565053 -0.00176401
1.0038 -0.054458 0.0448352
1.05345 -0.0527125 0.0351375
1.09672 -0.0506474 0.0476946
1.14637 -0.0487969 0.0372495
1.19612 -0.0452438 0.0713044
1.24417 -0.0428146 0.050517
1.29409 -0.0402576 0.0511773
1.34264 -0.0378673 0.0491937
1.39232 -0.0342317 0.0730429
1.44164 -0.0321364 0.0424607
1.48794 -0.0296106 0.0544996
1.5376 -0.0271703 0.0491017
1.58362 -0.0282803 -0.0241131
1.63323 -0.0295536 -0.0256588
1.67947 -0.0291735 0.00821971
1.72539 -0.0303775 -0.0262106
1.77462 -0.0316338 -0.0255144
1.8215 -0.0319884 -0.00756337
1.87145 -0.031933 0.00110831
1.91855 -0.0307587 0.0249293
1.96366 -0.0282642 0.0552341
2.0132 -0.0254556 0.0566412
2.05954 -0.0237161 0.0375186
2.09303 -0.0259193 -0.065689
2.13934 -0.029463 -0.0763665
2.18584 -0.0329284 -0.0743993
2.23345 -0.0354235 -0.0523489
2.28043 -0.0381703 -0.0584067
2.32585 -0.0394271 -0.0276631
2.3757 -0.0429983 -0.0715138
2.42211 -0.0433327 -0.00720651
2.45326 -0.0432662 0.00213679
2.50264 -0.0454474 -0.044151
2.55228 -0.0469325 -0.0299084
2.59849 -0.0492644 -0.050421
2.64802 -0.0519928 -0.0550254
2.69781 -0.0526203 -0.0126034
2.74532 -0.0524561 0.00345563
2.79503 -0.0529072 -0.00907432
2.845 -0.0511168 0.0358175
2.89493 -0.0485541 0.051281
2.94016 -0.0459569 0.0573493
2.98724 -0.0440547 0.0403869
3.03462 -0.0445838 -0.0111645
3.07902 -0.0441825 0.00903895
3.12529 -0.045021 -0.0181184
3.1732 -0.0455941 -0.0119612
3.21762 -0.0422914 0.0742088
3.26267 -0.0392316 0.0678114
3.30717 -0.0364853 0.061633
3.34642 -0.0337468 0.0696732
3.38751 -0.0310906 0.064547
3.42953 -0.0270206 0.0965666
3.4602 -0.0244726 0.082889
3.50185 -0.0191491 0.127102
3.53442 -0.0134096 0.174465
3.58327 -0.00416751 0.186966
3.61032 0.000200115 0.160119
3.6542 0.00905048 0.19899
3.69023 0.0162279 0.196636
3.73926 0.0258223 0.19324
3.7845 0.0355416 0.211652
3.82975 0.0460948 0.229112
3.86899 0.0560522 0.248521
3.89382 0.0616026 0.219854
3.92285 0.0672156 0.191052
3.95684 0.0730274 0.169329
3.99119 0.0792704 0.179807
4.03896 0.0883645 0.188112
4.07661 0.0935058 0.135724
4.12566 0.101791 0.167332
4.15945 0.10745 0.165932
4.20575 0.116948 0.202318
4.24781 0.125951 0.210878
4.28593 0.132228 0.163209
4.32763 0.138224 0.142796
4.36137 0.141095 0.0849129
4.39138 0.143306 0.0735395
4.42893 0.145614 0.0613898
4.45483 0.147181 0.0603944
4.48618 0.149387 0.0702773
4.52801 0.152018 0.0628068
4.57395 0.155502 0.0756892
4.61971 0.157905 0.0524753
4.65299 0.159212 0.0392433
4.69792 0.161029 0.0404213
4.73678 0.161194 0.00423385
4.77378 0.160854 -0.00919114
4.80713 0.159651 -0.036041
4.85454 0.158689 -0.0202852
4.90059 0.157644 -0.0226956
4.94077 0.156517 -0.0280259
4.9766 0.15556 -0.02671
4.99025 0.154525 -0.0756388
5.0086 0.153335 -0.064793
5.0237 0.152967 -0.0243518
5.03848 0.152807 -0.0108271
5.04153 0.152726 -0.0263599
5.04845 0.15247 -0.0370027
5.06469 0.151464 -0.0619149
5.07281 0.150946 -0.0636083
5.09297 0.149722 -0.0606161
5.09575 0.149475 -0.0891033
5.10563 0.148355 -0.112808
5.10711 0.148166 -0.127431
5.12495 0.145167 -0.166512
5.14132 0.142506 -0.161198
5.15289 0.140576 -0.165224
5.17062 0.137988 -0.144935
5.17251 0.137713 -0.144625
5.18432 0.136584 -0.0952685
5.20415 0.134731 -0.0931694
5.21174 0.133827 -0.118616
5.20798 0.134551 -0.190111
5.20895 0.134315 -0.237573
5.21794 0.132151 -0.236231
5.2285 0.129624 -0.234866
5.23959 0.127255 -0.210575
5.24908 0.125429 -0.189968
True
0.0698157
