-5.46737 1.32564 -0.291487
-5.43264 1.31485 -0.301196
-5.38837 1.30353 -0.250335
-5.34034 1.28968 -0.280787
-5.2943 1.27891 -0.229598
-5.24648 1.26671 -0.249795
-5.19893 1.2529 -0.282704
-5.15108 1.23919 -0.279118
-5.10354 1.22441 -0.301301
-5.05908 1.20938 -0.326152
-5.01345 1.19579 -0.289478
-4.96485 1.18404 -0.23711
-4.92787 1.17294 -0.291658
-4.8815 1.16144 -0.243143
-4.83672 1.14822 -0.286964
-4.78933 1.13256 -0.31926
-4.74271 1.11538 -0.352878
-4.69643 1.09679 -0.38207
-4.64936 1.08102 -0.323237
-4.60423 1.06539 -0.333548
-4.56152 1.05211 -0.301342
-4.51474 1.03892 -0.274852
-4.46765 1.02362 -0.314112
-4.4211 1.00669 -0.348784
-4.38691 0.994001 -0.355497
-4.33994 0.977255 -0.342481
-4.30123 0.964608 -0.315727
-4.26089 0.953386 -0.271324
-4.21306 0.940044 -0.272078
-4.16965 0.927547 -0.280261
-4.12236 0.911339 -0.330205
-4.07592 0.893921 -0.358821
-4.04013 0.881732 -0.328242
-3.99947 0.869441 -0.293548
-3.95244 0.852496 -0.34586
-3.9101 0.838642 -0.316192
-3.86665 0.82323 -0.3409
-3.82404 0.806419 -0.37576
-3.78443 0.792241 -0.343718
-3.73831 0.775877 -0.340937
-3.69372 0.761329 -0.315411
-3.65059 0.74645 -0.332191
-3.60392 0.728694 -0.363567
-3.55759 0.711357 -0.358048
-3.51242 0.695972 -0.32826
-3.47334 0.681253 -0.360231
-3.4334 0.666523 -0.353354
-3.39167 0.650768 -0.360937
-3.34874 0.634205 -0.368262
-3.31047 0.617197 -0.418165
-3.2813 0.603485 -0.439518
-3.23524 0.584281 -0.395006
-3.19199 0.567629 -0.367526
-3.14931 0.551123 -0.368989
-3.10953 0.53792 -0.320484
-3.06886 0.522975 -0.352128
-3.02196 0.505806 -0.350943
-2.98286 0.492042 -0.338437
-2.94021 0.476094 -0.357877
-2.89521 0.459006 -0.362883
-2.85309 0.444267 -0.336616
-2.80594 0.427708 -0.337723
-2.75951 0.411504 -0.335773
-2.71338 0.397666 -0.291483
-2.67149 0.385062 -0.29225
-2.63357 0.373205 -0.303015
-2.59089 0.358452 -0.332813
-2.55093 0.344891 -0.327208
-2.50471 0.329877 -0.314061
-2.46327 0.316164 -0.319582
-2.41622 0.30101 -0.311568
-2.37436 0.287278 -0.317018
-2.33004 0.274092 -0.289192
-2.2847 0.261075 -0.27953
-2.23883 0.248167 -0.274338
-2.19996 0.237713 -0.262748
-2.16235 0.227254 -0.271229
-2.12719 0.218246 -0.250799
-2.08658 0.206569 -0.27999
-2.03826 0.194982 -0.235368
-1.99232 0.185064 -0.212635
-1.94428 0.17433 -0.219794
-1.89713 0.165128 -0.192767
-1.84921 0.155247 -0.203325
-1.80284 0.14404 -0.237162
-1.75525 0.128779 -0.310303
-1.71058 0.116516 -0.267909
-1.67183 0.105858 -0.268409
-1.63092 0.0952103 -0.254613
-1.58275 0.0820046 -0.267578
-1.53509 0.0690017 -0.266383
-1.48812 0.0548032 -0.293528
-1.44111 0.0378272 -0.346567
-1.39874 0.021995 -0.357567
-1.35108 0.0076836 -0.291691
-1.30823 -0.00729474 -0.336301
-1.26125 -0.0240551 -0.34271
-1.21686 -0.0415354 -0.375095
-1.18294 -0.0543685 -0.361694
-1.13622 -0.0721538 -0.363731
-1.08984 -0.088523 -0.339315
-1.04348 -0.106138 -0.363112
-0.997446 -0.121335 -0.318868
-0.950409 -0.137779 -0.336317
-0.917384 -0.148191 -0.305384
-0.874869 -0.163212 -0.339627
-0.827834 -0.179899 -0.340931
-0.783929 -0.196594 -0.363362
-0.74256 -0.210777 -0.330284
-0.697868 -0.228029 -0.368407
-0.665498 -0.239545 -0.341778
-0.624181 -0.254095 -0.338613
-0.58212 -0.267919 -0.317534
-0.551367 -0.277786 -0.310469
-0.504412 -0.293632 -0.32547
-0.459427 -0.308974 -0.32868
-0.417041 -0.322555 -0.31007
-0.372788 -0.337461 -0.324892
-0.32707 -0.353617 -0.339706
-0.293441 -0.365735 -0.34584
-0.246917 -0.383956 -0.373303
-0.201998 -0.399634 -0.335793
-0.162824 -0.415576 -0.386482
-0.116008 -0.432944 -0.355255
-0.0704605 -0.450467 -0.367267
-0.0236115 -0.46792 -0.356603
0.0205795 -0.483285 -0.334629
0.0679682 -0.498732 -0.315101
0.112493 -0.514223 -0.334819
0.158889 -0.532248 -0.370546
0.204421 -0.547644 -0.32608
0.248889 -0.561522 -0.302509
0.297066 -0.574099 -0.255344
0.340614 -0.584384 -0.231941
0.386185 -0.596392 -0.257634
0.42931 -0.607183 -0.245196
0.473609 -0.618595 -0.252132
0.521333 -0.630935 -0.253025
0.554741 -0.638289 -0.216672
0.603279 -0.650214 -0.240924
0.638041 -0.658347 -0.229804
0.685968 -0.669737 -0.233325
0.733746 -0.680186 -0.215314
0.782202 -0.6907 -0.213682
0.82889 -0.701451 -0.226317
0.877369 -0.713524 -0.244066
0.925573 -0.726739 -0.267574
0.97364 -0.740391 -0.276748
1.02074 -0.753379 -0.269071
1.06822 -0.767836 -0.295557
1.11496 -0.78477 -0.347612
1.16195 -0.801792 -0.347537
1.20832 -0.820126 -0.376523
1.25056 -0.835993 -0.359266
1.29826 -0.850871 -0.302367
1.33896 -0.863199 -0.294119
1.38556 -0.87875 -0.322082
1.42531 -0.893484 -0.354959
1.47224 -0.910382 -0.345631
1.51844 -0.929265 -0.388043
1.55622 -0.94512 -0.397281
1.60183 -0.962242 -0.359119
1.64825 -0.975627 -0.280764
1.69596 -0.9888 -0.269394
1.74395 -1.00011 -0.231531
1.79271 -1.00941 -0.188392
1.83305 -1.01778 -0.204671
1.87747 -1.02717 -0.208177
1.92139 -1.0362 -0.20274
1.97026 -1.04675 -0.21278
2.01191 -1.05774 -0.257871
2.06016 -1.07024 -0.253536
2.10491 -1.08167 -0.250096
2.15247 -1.09425 -0.258501
2.19949 -1.10739 -0.272593
2.24493 -1.11965 -0.263505
2.2883 -1.13055 -0.246293
2.33476 -1.14291 -0.259879
2.37757 -1.15652 -0.307913
2.42205 -1.17153 -0.325514
2.46882 -1.18475 -0.275409
2.51643 -1.19957 -0.301625
2.56359 -1.21545 -0.324864
2.6098 -1.23127 -0.329965
2.6545 -1.24555 -0.309148
2.69981 -1.25903 -0.289156
2.74678 -1.27316 -0.292149
2.794 -1.28401 -0.226003
2.8303 -1.29352 -0.256239
2.87822 -1.30628 -0.260183
2.92599 -1.32073 -0.293756
2.9536 -1.32838 -0.270383
2.97595 -1.33587 -0.323325
3.01502 -1.34947 -0.334872
3.0558 -1.36486 -0.360904
3.09908 -1.37999 -0.33618
3.14139 -1.39478 -0.336452
3.18747 -1.41287 -0.37395
3.23337 -1.4319 -0.393026
3.27765 -1.44781 -0.345061
3.32394 -1.4667 -0.387451
3.3672 -1.48331 -0.366524
3.41449 -1.49947 -0.329313
3.46069 -1.51684 -0.359574
3.50784 -1.53302 -0.330653
3.53379 -1.54348 -0.383023
3.5741 -1.56036 -0.396509
3.60828 -1.57499 -0.404624
3.63731 -1.58663 -0.381375
3.66912 -1.59958 -0.386434
3.71224 -1.61645 -0.373035
3.74934 -1.62929 -0.333057
3.78306 -1.6413 -0.342179
3.82405 -1.6536 -0.291681
3.87067 -1.66758 -0.291328
3.89673 -1.67475 -0.268258
3.91965 -1.68147 -0.285302
3.9332 -1.68443 -0.214979
3.96126 -1.69028 -0.20576
3.99515 -1.69838 -0.234587
4.04129 -1.71032 -0.253106
4.06226 -1.71609 -0.268763
4.08324 -1.72144 -0.249336
4.09064 -1.72338 -0.256897
4.10636 -1.72805 -0.288908
4.11912 -1.73212 -0.30819
4.12915 -1.73535 -0.31155
4.14752 -1.74186 -0.340756
4.16008 -1.74641 -0.347436
4.19627 -1.75835 -0.31871
4.2242 -1.76718 -0.30623
4.24507 -1.77436 -0.331558
4.27642 -1.7854 -0.338321
4.2982 -1.79311 -0.34051
4.31898 -1.80044 -0.339128
4.34703 -1.81041 -0.341421
4.36544 -1.81692 -0.340158
4.38491 -1.82366 -0.333128
4.40562 -1.82963 -0.280795
4.41901 -1.83399 -0.314844
4.44677 -1.8434 -0.326687
4.47294 -1.85239 -0.33093
4.50601 -1.86215 -0.286961
4.53979 -1.87122 -0.262214
4.57658 -1.88124 -0.266028
4.58798 -1.88359 -0.203422
4.60622 -1.88713 -0.191385
4.6285 -1.89097 -0.170836
4.65267 -1.8939 -0.120522
4.66473 -1.89552 -0.133994
4.6921 -1.89895 -0.124384
4.71988 -1.90255 -0.128829
4.73769 -1.90518 -0.146674
4.77317 -1.91131 -0.171226
4.80857 -1.91759 -0.175578
4.84135 -1.92337 -0.174344
4.86401 -1.92799 -0.201166
4.88526 -1.9328 -0.222962
4.89757 -1.93587 -0.243916
4.90661 -1.9383 -0.263162
4.92314 -1.94324 -0.29002
4.93185 -1.94589 -0.295326
4.93774 -1.94795 -0.337351
4.94751 -1.95142 -0.340933
4.95037 -1.95246 -0.347831
4.95227 -1.95312 -0.333905
4.96534 -1.95763 -0.332579
4.98348 -1.96371 -0.323537
4.99591 -1.96813 -0.341718
5.01044 -1.97344 -0.3504
5.02567 -1.97949 -0.377616
5.05155 -1.98995 -0.384402
5.07247 -1.99837 -0.382298
5.08934 -2.00397 -0.320838
5.09878 -2.00687 -0.297934
5.11539 -2.01124 -0.256986
5.13373 -2.01589 -0.248405
5.13772 -2.01661 -0.179136
5.13995 -2.01696 -0.156565
5.15061 -2.01888 -0.177845
5.1586 -2.02031 -0.177612
5.1647 -2.02142 -0.179226
5.16887 -2.02212 -0.167442
5.17484 -2.02357 -0.237922
5.18226 -2.02574 -0.284809
5.19101 -2.02885 -0.340993
5.20275 -2.03299 -0.339501
True
0.0661265
