4.47338 -0.00857012 -2.83008
4.42843 -0.0226467 -2.83814
4.38591 -0.0397276 -2.75958
4.34389 -0.0605064 -2.68238
4.30436 -0.0844196 -2.59752
4.27506 -0.105143 -2.52608
4.24396 -0.130035 -2.46661
4.20768 -0.163443 -2.3974
4.17776 -0.194842 -2.33212
4.14738 -0.227888 -2.31411
4.11558 -0.263514 -2.29946
4.08803 -0.300342 -2.21315
4.05917 -0.340623 -2.19244
4.03506 -0.380325 -2.11658
4.01241 -0.419269 -2.09751
3.99823 -0.444141 -2.08893
3.97557 -0.484897 -2.07833
3.95691 -0.516305 -2.10688
3.93451 -0.554465 -2.10152
3.91017 -0.596906 -2.09151
3.89077 -0.628279 -2.12461
3.86879 -0.673185 -2.02609
3.84576 -0.716364 -2.06075
3.82488 -0.759716 -2.01963
3.81171 -0.787608 -2.01187
3.7961 -0.820719 -2.01145
3.77956 -0.859535 -1.97344
3.76643 -0.89255 -1.94941
3.7495 -0.935308 -1.94786
3.7345 -0.973408 -1.94592
3.72202 -1.00238 -1.97736
3.70437 -1.04766 -1.9425
3.6917 -1.08374 -1.90841
3.67726 -1.12117 -1.9392
3.67054 -1.14122 -1.89378
3.66071 -1.16927 -1.90811
3.64829 -1.20243 -1.92904
3.63682 -1.23185 -1.94272
3.6221 -1.26662 -1.97116
3.60606 -1.30516 -1.96511
3.59132 -1.33663 -2.00878
3.58398 -1.35521 -1.94718
3.57948 -1.36657 -1.94791
3.57739 -1.37196 -1.94047
3.55995 -1.41843 -1.92994
3.54068 -1.46261 -1.9821
3.52065 -1.50841 -1.98307
3.5006 -1.55422 -1.98337
3.48037 -1.59939 -1.99188
3.45951 -1.64302 -2.01673
3.4423 -1.68081 -1.99811
3.42384 -1.71991 -2.01186
3.40432 -1.7654 -1.97609
3.38593 -1.80647 -1.99189
3.37299 -1.83908 -1.94846
3.35548 -1.87482 -2.02648
3.33486 -1.91986 -2.00003
3.31373 -1.96479 -2.01041
3.2928 -2.00978 -2.00631
3.27359 -2.04608 -2.05756
3.24925 -2.08679 -2.10958
3.22228 -2.12889 -2.14064
3.20368 -2.15881 -2.12679
3.17805 -2.19669 -2.16564
3.15365 -2.23291 -2.16374
3.12722 -2.27165 -2.16942
3.09737 -2.31176 -2.21061
3.06623 -2.35058 -2.24686
3.03635 -2.38689 -2.2593
3.00414 -2.42512 -2.271
2.97423 -2.45995 -2.28046
2.94662 -2.49148 -2.28994
2.91989 -2.52343 -2.26737
2.89067 -2.55494 -2.31845
2.85826 -2.58674 -2.36584
2.83619 -2.60792 -2.37653
2.80547 -2.63696 -2.38444
2.77116 -2.66943 -2.38363
2.73796 -2.70121 -2.37824
2.70935 -2.72664 -2.41477
2.67889 -2.75614 -2.37224
2.64232 -2.79023 -2.3913
2.60989 -2.81971 -2.40382
2.57698 -2.84955 -2.40514
2.5404 -2.88296 -2.40145
2.50384 -2.9151 -2.42041
2.47667 -2.93724 -2.45784
2.43725 -2.968 -2.47902
2.39955 -2.9959 -2.50448
2.36071 -3.02495 -2.49938
2.32474 -3.05414 -2.45986
2.28679 -3.08556 -2.45007
2.25008 -3.1162 -2.44607
2.21332 -3.14528 -2.47232
2.17477 -3.1771 -2.4514
2.13666 -3.20946 -2.43766
2.11113 -3.23114 -2.43768
2.07337 -3.26161 -2.46263
2.04041 -3.28894 -2.44917
2.00104 -3.31976 -2.47748
1.97 -3.34308 -2.49729
1.93527 -3.36854 -2.509
1.89744 -3.39504 -2.53047
1.85986 -3.42189 -2.52138
1.82327 -3.44594 -2.5601
1.79319 -3.46703 -2.52992
1.75029 -3.49232 -2.60897
1.71835 -3.50894 -2.66181
1.68452 -3.5277 -2.63535
1.66775 -3.53563 -2.69989
1.63859 -3.54996 -2.68474
1.60018 -3.56807 -2.70093
1.56997 -3.58029 -2.75734
1.54627 -3.59004 -2.75122
1.50476 -3.60678 -2.75837
1.45938 -3.62262 -2.80564
1.41254 -3.63819 -2.82079
1.37203 -3.65261 -2.79957
1.3249 -3.66849 -2.81671
1.28537 -3.68172 -2.81849
1.25047 -3.69425 -2.79693
1.20442 -3.71017 -2.80871
1.16475 -3.7221 -2.84952
1.11672 -3.73592 -2.86145
1.06786 -3.74642 -2.92984
1.02392 -3.7548 -2.95312
0.984377 -3.76159 -2.97152
0.935017 -3.76946 -2.98359
0.887615 -3.7788 -2.94709
0.840129 -3.78694 -2.97181
0.794822 -3.79416 -2.98347
0.76386 -3.8001 -2.95203
0.720068 -3.80468 -3.03734
0.678738 -3.80879 -3.04249
0.631633 -3.81413 -3.02877
0.581939 -3.81937 -3.03646
0.537477 -3.82341 -3.05112
0.487871 -3.82966 -3.01609
0.44199 -3.83562 -3.01244
0.397284 -3.84121 -3.01724
0.347814 -3.84496 -3.06588
0.297893 -3.84713 -3.0982
0.247922 -3.84793 -3.12562
0.198554 -3.84839 -3.13237
0.152112 -3.85033 -3.09973
0.106896 -3.85202 -3.10433
0.0575435 -3.85314 -3.11883
0.00754678 -3.85371 -3.13011
-0.0386481 -3.85366 -3.14283
-0.0879199 -3.8546 3.16069
-0.133894 -3.85589 -3.11343
-0.183575 -3.85686 -3.12206
-0.232094 -3.8596 -3.08527
-0.278378 -3.86171 -3.09611
-0.318542 -3.86176 -3.14023
-0.366184 -3.86274 -3.12096
-0.411492 -3.86233 -3.15071
-0.461277 -3.85988 3.09233
-0.511169 -3.85665 3.07701
-0.560734 -3.85301 3.06822
-0.61062 -3.84968 3.07503
-0.656161 -3.84648 3.07134
-0.701222 -3.8415 3.03154
-0.749958 -3.83668 3.04304
-0.797385 -3.82887 2.97833
-0.845717 -3.82132 2.98672
-0.890939 -3.8139 2.97895
-0.939957 -3.80411 2.94439
-0.984951 -3.79579 2.95891
-1.01895 -3.79007 2.97478
-1.06651 -3.77907 2.91435
-1.11333 -3.76802 2.90976
-1.1621 -3.75711 2.92149
-1.21005 -3.74463 2.8871
-1.25803 -3.73136 2.87173
-1.30117 -3.71775 2.83589
-1.34218 -3.70449 2.82884
-1.38873 -3.68632 2.76943
-1.43533 -3.6682 2.77089
-1.4786 -3.65011 2.74551
-1.51917 -3.63508 2.78683
-1.56398 -3.61589 2.73697
-1.60661 -3.59959 2.77649
-1.65171 -3.58188 2.7673
-1.69614 -3.56699 2.81833
-1.74311 -3.54995 2.79353
-1.78967 -3.53174 2.76867
-1.8337 -3.51773 2.83367
-1.86985 -3.50427 2.78501
-1.90708 -3.49099 2.79901
-1.9502 -3.47616 2.81023
-1.98894 -3.46072 2.76254
-2.03291 -3.44051 2.71069
-2.07534 -3.42226 2.73533
-2.12064 -3.40124 2.70725
-2.1634 -3.38251 2.72875
-2.20764 -3.36354 2.73644
-2.25425 -3.34548 2.77189
-2.2999 -3.32577 2.73399
-2.3433 -3.30845 2.76185
-2.38796 -3.28937 2.73796
-2.43119 -3.26973 2.7152
-2.46905 -3.25359 2.73842
-2.51038 -3.23283 2.67611
-2.54699 -3.21657 2.7237
-2.57824 -3.20215 2.70925
-2.61892 -3.1832 2.7057
-2.65103 -3.16671 2.66709
-2.68204 -3.15179 2.69321
-2.72144 -3.132 2.67622
-2.74324 -3.12248 2.72995
-2.77726 -3.10775 2.7329
-2.81447 -3.09148 2.72922
-2.83957 -3.0809 2.74272
-2.85434 -3.0753 2.77961
-2.86777 -3.0705 2.79782
-2.88536 -3.06378 2.77683
-2.90604 -3.0561 2.78608
-2.93308 -3.04612 2.78798
-2.96161 -3.03729 2.84135
-3.00232 -3.02437 2.83439
-3.04563 -3.01308 2.88648
-3.08991 -3.0023 2.90286
-3.13789 -2.98967 2.88418
-3.18245 -2.97626 2.84923
-3.2238 -2.9608 2.78389
-3.2665 -2.94335 2.75356
-3.30681 -2.92653 2.74633
-3.33951 -2.91351 2.76285
-3.38049 -2.89687 2.75567
-3.40881 -2.88403 2.71615
-3.44263 -2.86813 2.70205
-3.48431 -2.85111 2.75396
-3.52994 -2.8317 2.73929
-3.56617 -2.81814 2.7835
-3.5998 -2.80364 2.73445
-3.63249 -2.7882 2.70041
-3.65724 -2.77654 2.70147
-3.69151 -2.75939 2.67763
-3.72295 -2.744 2.68614
-3.76 -2.72518 2.6717
-3.78195 -2.71455 2.69048
-3.79935 -2.70639 2.70338
-3.80799 -2.70204 2.67539
-3.82441 -2.69424 2.69767
-3.8357 -2.68912 2.71571
-3.8488 -2.68327 2.72194
-3.86144 -2.67811 2.75418
-3.87817 -2.67118 2.74879
-3.88561 -2.66797 2.73441
-3.89555 -2.66356 2.72402
-3.91598 -2.65543 2.76262
-3.93674 -2.6468 2.74762
-3.95595 -2.63948 2.77764
-3.98233 -2.63067 2.81936
-3.99954 -2.62508 2.82742
-4.02113 -2.61785 2.81847
-4.04183 -2.60911 2.74183
-4.06107 -2.60054 2.723
-4.07611 -2.59329 2.69206
-4.08043 -2.59114 2.68131
-4.08151 -2.59064 2.70454
-4.08444 -2.58922 2.68948
-4.09914 -2.5821 2.69064
-4.11788 -2.57342 2.70808
-4.12696 -2.56994 2.77462
-4.13011 -2.56899 2.84962
-4.13493 -2.56743 2.829
-4.14841 -2.56312 2.83173
-4.15872 -2.55957 2.81098
-4.16762 -2.55662 2.82115
-4.16682 -2.55685 2.86043
-4.17149 -2.55549 2.85763
-4.18127 -2.55266 2.85986
-4.19116 -2.54995 2.87407
-4.19666 -2.54855 2.89339
-4.19547 -2.54873 2.99409
-4.20196 -2.54792 3.01771
-4.21043 -2.54668 2.99635
-4.21638 -2.54571 2.97868
-4.22738 -2.54415 3.00092
-4.23323 -2.54322 2.98427
-4.23473 -2.54295 2.96161
-4.24085 -2.54172 2.94392
-4.24437 -2.54115 2.98042
-4.25219 -2.53965 2.95219
-4.26269 -2.53703 2.897
-4.26604 -2.53621 2.9028
True
0.0673574
