-5.46994 1.92376 -0.0318082
-5.42835 1.92255 -0.0290783
-5.37872 1.9208 -0.0351177
-5.32889 1.91675 -0.0811032
-5.27998 1.91543 -0.0271266
-5.23133 1.91197 -0.0709376
-5.18171 1.9098 -0.0437526
-5.13333 1.90959 -0.0042441
-5.08978 1.90902 -0.013179
-5.04139 1.9078 -0.0250523
-4.99263 1.90733 -0.0097637
-4.94466 1.90801 0.0142607
-4.90232 1.908 -0.000186888
-4.85507 1.90752 -0.0103232
-4.80573 1.90892 0.0284421
-4.75741 1.90682 -0.0434763
-4.71156 1.90644 -0.00826867
-4.66208 1.90542 -0.0205345
-4.6142 1.90429 -0.0235737
-4.58312 1.90265 -0.0529153
-4.53326 1.90146 -0.0237224
-4.49256 1.89819 -0.0802624
-4.44713 1.89364 -0.0998646
-4.3979 1.88669 -0.140156
-4.3488 1.88147 -0.105996
-4.29981 1.87651 -0.10096
-4.25081 1.8719 -0.0937344
-4.20102 1.86737 -0.0907168
-4.15124 1.86292 -0.089121
-4.102 1.86071 -0.0449573
-4.05753 1.85901 -0.0381538
-4.00763 1.85672 -0.0459576
-3.95808 1.85506 -0.033379
-3.90905 1.85363 -0.0292236
-3.86283 1.85123 -0.0517787
-3.81529 1.84723 -0.0838943
-3.76555 1.84212 -0.10251
-3.72199 1.83552 -0.150344
-3.67242 1.82963 -0.118237
-3.6233 1.82557 -0.0825352
-3.57754 1.82577 0.00433981
-3.52924 1.82506 -0.0146715
-3.48806 1.82362 -0.0348508
-3.44568 1.82175 -0.0441108
-3.40629 1.81944 -0.0585024
-3.35644 1.81574 -0.0742354
-3.30844 1.81277 -0.0617995
-3.26295 1.80881 -0.0867895
-3.21325 1.80393 -0.0979216
-3.1643 1.80015 -0.0769452
-3.1153 1.7963 -0.0784499
-3.06828 1.79385 -0.0521406
-3.01946 1.79171 -0.0437964
-2.97044 1.78949 -0.045153
-2.92673 1.78841 -0.0246824
-2.8779 1.78892 0.0103371
-2.82927 1.79084 0.0395042
-2.77937 1.78916 -0.0335395
-2.73461 1.79012 0.0213686
-2.68895 1.79209 0.0430119
-2.64387 1.79202 -0.00149792
-2.59392 1.79024 -0.035596
-2.54679 1.7892 -0.0220204
-2.4969 1.78632 -0.0576451
-2.44704 1.78338 -0.0589446
-2.39709 1.78152 -0.0373112
-2.34727 1.77789 -0.0727422
-2.3022 1.77379 -0.090684
-2.25436 1.76907 -0.0983095
-2.20444 1.76659 -0.0495813
-2.15452 1.76463 -0.0391951
-2.10495 1.76418 -0.00924935
-2.06182 1.76521 0.0239522
-2.0176 1.76368 -0.0344687
-1.96868 1.76509 0.0288201
-1.91871 1.76664 0.0308888
-1.86931 1.77029 0.0738677
-1.8215 1.77131 0.0211775
-1.77162 1.77259 0.0257049
-1.72834 1.77301 0.00977817
-1.68033 1.77493 0.0399543
-1.63185 1.77621 0.0263247
-1.58326 1.77735 0.0234937
-1.53698 1.77532 -0.0439345
-1.48967 1.77296 -0.0496669
-1.44166 1.77054 -0.0503812
-1.3993 1.76849 -0.0484261
-1.35079 1.7666 -0.0388845
-1.30199 1.76391 -0.0552088
-1.25313 1.76188 -0.0414478
-1.20378 1.75792 -0.0800644
-1.16237 1.75348 -0.106708
-1.12197 1.74914 -0.107032
-1.08373 1.74542 -0.0971115
-1.04107 1.74242 -0.0700817
-1.0049 1.74132 -0.0305812
-0.961075 1.73961 -0.0388263
-0.920343 1.73751 -0.0515027
-0.874927 1.73621 -0.0287779
-0.833265 1.73466 -0.0370859
-0.793828 1.73227 -0.0605161
-0.759234 1.7284 -0.111426
-0.733652 1.7247 -0.143635
-0.700356 1.71932 -0.16025
-0.66045 1.71155 -0.192396
-0.622008 1.70335 -0.210143
-0.595183 1.69689 -0.23605
-0.556407 1.68849 -0.213361
-0.520535 1.68121 -0.200297
-0.477262 1.67267 -0.194899
-0.443871 1.66593 -0.199004
-0.406595 1.65858 -0.194892
-0.376469 1.65356 -0.164995
-0.346586 1.64883 -0.15702
-0.313805 1.64387 -0.150055
-0.280323 1.63759 -0.185501
-0.251077 1.63237 -0.176674
-0.222549 1.62764 -0.164107
-0.201236 1.62428 -0.156399
-0.176295 1.62035 -0.156416
-0.15215 1.61643 -0.160837
-0.132862 1.61304 -0.174199
-0.108624 1.60884 -0.171484
-0.0843911 1.60444 -0.179445
-0.0592876 1.59985 -0.181185
-0.0405923 1.59643 -0.180844
-0.0216017 1.59273 -0.192397
0.00851648 1.58752 -0.171225
0.0310031 1.58413 -0.149419
0.0509256 1.58134 -0.139239
0.0734519 1.5785 -0.125283
0.097199 1.57571 -0.116975
0.113485 1.57362 -0.127906
0.140977 1.57011 -0.127001
0.16337 1.56705 -0.135728
0.181417 1.56482 -0.122864
0.195857 1.56308 -0.120025
0.209935 1.56127 -0.12807
0.227152 1.5595 -0.102338
0.246391 1.55781 -0.0877653
0.26435 1.55707 -0.0411937
0.282181 1.55673 -0.0190401
0.299127 1.55596 -0.0449895
0.31562 1.5546 -0.0822707
0.333297 1.55258 -0.113987
0.346623 1.55089 -0.126516
0.368429 1.54892 -0.0899357
0.391916 1.54746 -0.0620651
0.403712 1.54721 -0.021109
0.417677 1.54722 0.000644563
0.43537 1.54619 -0.0581539
0.443297 1.54591 -0.0352019
0.460806 1.54602 0.00611585
0.473287 1.546 -0.00107348
0.485538 1.54564 -0.0296011
0.494502 1.5451 -0.0599967
0.498006 1.54507 -0.00967287
0.513394 1.54548 0.0269567
0.520362 1.54602 0.0768336
0.526359 1.54676 0.122949
0.536953 1.54765 0.0832309
0.545179 1.54824 0.0715503
0.554198 1.5485 0.0290515
0.564495 1.54891 0.039675
0.56979 1.54905 0.0276849
0.58431 1.54885 -0.01373
0.595074 1.54895 0.00906127
0.599336 1.54938 0.100617
0.602993 1.54992 0.146576
0.616891 1.55209 0.154642
0.626954 1.55392 0.179995
0.630271 1.55436 0.132325
0.629568 1.55432 0.0549781
0.649977 1.55376 -0.0275967
0.656532 1.55323 -0.0807167
0.674979 1.55071 -0.135801
0.679226 1.5501 -0.14224
0.683765 1.54964 -0.100703
0.684208 1.54959 -0.116648
0.685849 1.54948 -0.0686296
0.694596 1.54975 0.0317871
0.703583 1.55062 0.0961865
0.705524 1.55089 0.137087
0.715858 1.55249 0.153594
0.725631 1.55488 0.239896
0.73349 1.55681 0.240551
0.744134 1.55892 0.195752
0.752229 1.56007 0.140855
0.772243 1.56162 0.0774283
0.784899 1.56171 0.00694975
0.806179 1.56022 -0.0695799
0.812829 1.55941 -0.121563
0.825946 1.55687 -0.191457
0.843139 1.55291 -0.226352
0.85123 1.55032 -0.309276
0.842869 1.55382 -0.395649
0.847129 1.55165 -0.469718
0.853567 1.54787 -0.531625
0.854222 1.54746 -0.551435
0.858937 1.54431 -0.589936
0.871771 1.53476 -0.639826
0.878291 1.52917 -0.708027
0.888203 1.51996 -0.748728
0.898142 1.50978 -0.797743
0.902729 1.50426 -0.877546
0.905523 1.50052 -0.927928
0.914904 1.48715 -0.95903
0.917407 1.48328 -0.997431
0.91983 1.4789 -1.06561
0.921663 1.47533 -1.09582
0.922621 1.47341 -1.10764
0.926676 1.4641 -1.16031
0.93014 1.453 -1.26803
0.932914 1.44327 -1.2931
0.937528 1.42237 -1.3536
0.939914 1.40854 -1.39991
0.941412 1.39186 -1.48126
0.94434 1.36207 -1.4728
0.944555 1.35989 -1.47228
0.944539 1.36 -1.42101
0.944637 1.35935 -1.42139
0.946101 1.34811 -1.44128
0.947358 1.3386 -1.43936
0.947872 1.33409 -1.45732
0.948851 1.32135 -1.4941
0.949238 1.31697 -1.48282
0.949266 1.31656 -1.50241
0.949484 1.30981 -1.53848
0.949733 1.29983 -1.54589
0.949711 1.28223 -1.57203
0.949196 1.26553 -1.60162
0.948023 1.25155 -1.65448
0.947975 1.25124 -1.72885
0.945331 1.23847 -1.77496
0.943618 1.23133 -1.80621
0.940456 1.21667 -1.7832
0.937413 1.20389 -1.8045
0.934295 1.19126 -1.81279
0.931712 1.18131 -1.82496
0.928651 1.17102 -1.85971
0.925569 1.16203 -1.90109
0.921664 1.15129 -1.91971
0.91699 1.13893 -1.9323
0.912523 1.12828 -1.96776
0.912684 1.12863 -1.99654
0.911117 1.12536 -2.01768
0.908705 1.12013 -2.00284
0.903904 1.10975 -2.00412
0.897025 1.09322 -1.96502
0.892217 1.08209 -1.97861
0.888782 1.07389 -1.96748
0.885431 1.06576 -1.96204
0.881955 1.05663 -1.93435
0.879864 1.04945 -1.85407
0.874573 1.03123 -1.85343
0.868805 1.0118 -1.85943
0.865163 1.0006 -1.88509
0.862721 0.993643 -1.90855
0.859161 0.98308 -1.89582
0.855423 0.971996 -1.89608
0.853282 0.965873 -1.90729
0.849173 0.954315 -1.91233
0.837365 0.924472 -1.94758
0.830992 0.909161 -1.96522
0.828626 0.903559 -1.97034
0.826231 0.897571 -1.95128
0.826111 0.897282 -1.9656
0.821256 0.885592 -1.96441
0.806279 0.837991 -1.87563
0.798035 0.7946 -1.75855
0.792701 0.745718 -1.67949
0.793004 0.695844 -1.56472
0.79851 0.652609 -1.44411
0.806531 0.607443 -1.39505
0.817651 0.563323 -1.32389
0.829864 0.53131 -1.20635
0.848578 0.490435 -1.14145
0.871852 0.451913 -1.02729
0.894648 0.418695 -0.969364
0.928041 0.381488 -0.839369
0.95507 0.35333 -0.805854
0.993827 0.32174 -0.683864
1.02705 0.297675 -0.626938
1.06603 0.272704 -0.569745
1.1047 0.251964 -0.492205
1.12848 0.240891 -0.435791
1.15778 0.227703 -0.422953
1.20233 0.210286 -0.372714
1.24402 0.195609 -0.338473
1.29248 0.183737 -0.240262
1.32193 0.177153 -0.219946
1.369 0.166211 -0.228394
1.41063 0.158767 -0.176965
1.45995 0.152926 -0.117874
1.50952 0.146614 -0.126666
1.55599 0.139495 -0.151998
1.60533 0.135135 -0.0881515
1.64294 0.133519 -0.0429304
1.69293 0.134267 0.0149467
1.74187 0.135149 0.0180339
1.788 0.137293 0.0464404
1.83563 0.141665 0.0915158
1.8845 0.148906 0.147105
1.92322 0.155995 0.181079
1.9634 0.164644 0.212026
2.0108 0.175016 0.215408
2.05664 0.187042 0.256606
2.10274 0.19902 0.254198
2.15055 0.21361 0.296168
2.19898 0.225388 0.238605
2.24674 0.239197 0.281449
2.29362 0.255349 0.331772
2.34089 0.271236 0.324239
2.38176 0.284947 0.323682
2.42747 0.301479 0.347035
2.46189 0.315687 0.391514
2.5067 0.336017 0.425884
2.55042 0.357439 0.45558
2.5935 0.380136 0.484885
2.62992 0.397394 0.442595
2.67479 0.4193 0.454146
2.7027 0.431703 0.418237
2.7385 0.449432 0.459708
2.78173 0.47225 0.48573
2.82325 0.493023 0.463877
2.86728 0.515318 0.468683
2.89484 0.528989 0.460536
2.93843 0.547947 0.410208
2.98335 0.567541 0.411365
3.02384 0.584369 0.393867
3.0682 0.601782 0.374062
3.11169 0.619108 0.379136
3.15417 0.636422 0.387048
3.20064 0.654466 0.370356
3.24764 0.671233 0.342642
3.28762 0.686564 0.366155
3.31971 0.699514 0.383582
3.36257 0.715124 0.349285
3.38982 0.725617 0.367591
3.43701 0.742076 0.335556
3.48403 0.756676 0.301091
3.52545 0.768497 0.278037
3.57208 0.7818 0.27788
3.61931 0.79619 0.295736
3.65961 0.809782 0.325303
3.70157 0.824267 0.332408
3.74214 0.839717 0.363819
3.77205 0.850255 0.33874
3.80494 0.862667 0.360928
3.81832 0.867611 0.353773
3.83735 0.874262 0.336231
3.85933 0.881665 0.324975
3.87367 0.886452 0.322017
3.88893 0.890837 0.279904
3.89283 0.891992 0.287912
3.90543 0.895665 0.283614
3.93333 0.904114 0.294071
3.93508 0.904609 0.276236
3.956 0.910999 0.296382
3.97968 0.917578 0.27096
4.00137 0.92334 0.259642
4.04531 0.933857 0.234985
4.08834 0.947304 0.302866
4.11909 0.958707 0.355119
4.1393 0.967157 0.395947
4.16574 0.978374 0.401219
4.18882 0.988303 0.406284
4.21843 1.0032 0.466187
4.25102 1.01841 0.436655
4.29433 1.04031 0.468119
4.3212 1.05342 0.453879
4.34588 1.06528 0.448199
4.38279 1.08228 0.431567
4.41335 1.09594 0.420297
4.43911 1.10664 0.393703
4.46099 1.11614 0.409752
4.47838 1.12359 0.404445
4.48773 1.12766 0.410376
4.50668 1.13654 0.438523
4.51648 1.14144 0.46373
4.5247 1.14568 0.475464
4.54011 1.15349 0.469346
4.55974 1.16234 0.42367
4.57668 1.16939 0.394194
4.59701 1.17782 0.393085
4.61652 1.18526 0.364378
4.63435 1.19194 0.358219
4.64672 1.19699 0.387577
4.65764 1.20176 0.412301
4.66708 1.20577 0.401298
4.67612 1.20941 0.383072
4.69873 1.21845 0.380365
4.70776 1.2225 0.42103
4.71812 1.2276 0.457568
4.735 1.23597 0.460537
4.74988 1.24283 0.432103
4.76611 1.24995 0.413506
4.77042 1.25195 0.432624
4.77225 1.2528 0.436788
4.78363 1.25882 0.486879
4.78958 1.26195 0.483859
4.80787 1.27151 0.481333
4.82595 1.28103 0.484592
4.85426 1.29628 0.494378
4.87326 1.30682 0.506299
4.89199 1.317 0.4979
4.90996 1.32641 0.482544
4.93696 1.3401 0.469186
4.94679 1.34466 0.434408
4.95852 1.34995 0.423856
4.97931 1.35821 0.377852
4.99102 1.36274 0.369359
4.99497 1.36419 0.351514
5.01361 1.37047 0.325314
5.02894 1.37559 0.322279
5.05245 1.38373 0.333198
5.06608 1.38882 0.357267
5.0735 1.39155 0.352549
5.08282 1.39493 0.34777
5.08477 1.39569 0.374363
5.08852 1.39712 0.364033
5.09441 1.39937 0.364208
5.10913 1.40413 0.313188
5.12497 1.40837 0.261461
5.13852 1.41178 0.246166
5.14586 1.41387 0.277257
5.15552 1.41655 0.270715
5.16192 1.41884 0.344001
5.17082 1.42222 0.362521
5.17438 1.42375 0.40582
5.18117 1.4269 0.43551
5.18853 1.43014 0.413602
5.19699 1.43361 0.389275
5.19969 1.43469 0.380406
5.20078 1.43508 0.351444
5.21163 1.43924 0.36605
True
0.049605
