-5.45838 -1.92764 0.290077
-5.41633 -1.91648 0.259403
-5.38949 -1.90895 0.2734
-5.34392 -1.8977 0.242023
-5.29505 -1.88868 0.182594
-5.24625 -1.87975 0.180963
-5.19869 -1.86861 0.23001
-5.1504 -1.85771 0.222047
-5.10218 -1.84559 0.246209
-5.05833 -1.83291 0.281474
-5.02204 -1.82256 0.277802
-4.97723 -1.81268 0.217114
-4.93083 -1.80223 0.221515
-4.88207 -1.79214 0.203966
-4.83385 -1.78168 0.213716
-4.78712 -1.77151 0.214185
-4.73792 -1.76265 0.178331
-4.68937 -1.75189 0.217978
-4.64128 -1.73839 0.273828
-4.59376 -1.72328 0.307826
-4.5473 -1.70803 0.317143
-4.49962 -1.69405 0.285124
-4.45181 -1.67998 0.286258
-4.40487 -1.66362 0.335394
-4.35782 -1.64682 0.342865
-4.31012 -1.632 0.301245
-4.2638 -1.61618 0.329137
-4.22739 -1.60498 0.298495
-4.18475 -1.5912 0.312596
-4.13933 -1.57653 0.312464
-4.10439 -1.56497 0.31944
-4.06436 -1.55091 0.337687
-4.02186 -1.53697 0.317027
-3.97599 -1.51712 0.408377
-3.93214 -1.49829 0.405557
-3.89333 -1.48222 0.392534
-3.84998 -1.46159 0.444327
-3.81433 -1.44596 0.413156
-3.77306 -1.42701 0.430439
-3.72848 -1.40601 0.440141
-3.69462 -1.39011 0.439138
-3.65313 -1.37042 0.443011
-3.60905 -1.34702 0.488075
-3.56632 -1.32292 0.51356
-3.52292 -1.29808 0.519775
-3.48118 -1.27056 0.582943
-3.44149 -1.2402 0.652983
-3.40627 -1.21412 0.637365
-3.38893 -1.20178 0.618567
-3.34918 -1.1716 0.649409
-3.30936 -1.14292 0.6242
-3.27204 -1.11521 0.63863
-3.24277 -1.09214 0.667419
-3.20379 -1.06111 0.67234
-3.16589 -1.02852 0.710129
-3.13775 -1.00334 0.73016
-3.10082 -0.969638 0.739739
-3.06209 -0.939279 0.664762
-3.03098 -0.914378 0.675055
-2.99397 -0.885738 0.658513
-2.95906 -0.857936 0.672535
-2.92244 -0.832186 0.612866
-2.88131 -0.8039 0.602503
-2.84108 -0.777358 0.583203
-2.8001 -0.749949 0.589503
-2.76058 -0.722913 0.600005
-2.71742 -0.697795 0.527021
-2.67477 -0.67199 0.544081
-2.63902 -0.65084 0.534216
-2.59898 -0.625852 0.557938
-2.55934 -0.601035 0.55939
-2.52025 -0.575075 0.586231
-2.47717 -0.54972 0.531936
-2.43911 -0.528115 0.516303
-2.4023 -0.507251 0.5157
-2.36455 -0.487029 0.491786
-2.32233 -0.462036 0.534446
-2.27928 -0.436672 0.532408
-2.23629 -0.412198 0.517617
-2.19321 -0.388217 0.507926
-2.15036 -0.362751 0.536225
-2.11408 -0.343085 0.49671
-2.06977 -0.319949 0.481133
-2.02437 -0.29901 0.432158
-1.98068 -0.278495 0.439064
-1.93915 -0.259735 0.424259
-1.89987 -0.242787 0.407279
-1.85937 -0.22846 0.340034
-1.8245 -0.218048 0.290216
-1.78302 -0.204952 0.305789
-1.7355 -0.189523 0.313926
-1.69145 -0.176159 0.294559
-1.64322 -0.163163 0.263198
-1.59466 -0.152103 0.223964
-1.54702 -0.140581 0.237297
-1.50245 -0.129187 0.250255
-1.47191 -0.12276 0.207448
-1.4236 -0.110827 0.242188
-1.38879 -0.10314 0.217266
-1.34055 -0.0918757 0.229447
-1.29215 -0.0793749 0.252752
-1.24442 -0.0679646 0.234655
-1.20995 -0.059054 0.252947
-1.16872 -0.0490465 0.238097
-1.12089 -0.0374746 0.237399
-1.07486 -0.0248824 0.267026
-1.03198 -0.0146772 0.23367
-0.983024 -0.00465095 0.201992
-0.942072 0.00568294 0.24718
-0.899862 0.0149368 0.215818
-0.856313 0.0272993 0.276599
-0.807609 0.0386051 0.228096
-0.758918 0.0482916 0.196371
-0.712921 0.0570723 0.188628
-0.663736 0.0659794 0.179154
-0.626228 0.070072 0.108684
-0.593701 0.0732011 0.0959048
-0.550755 0.0750149 0.0422096
-0.501069 0.077762 0.0552329
-0.451104 0.0793459 0.0316902
-0.40907 0.0798714 0.0125003
-0.362493 0.0814251 0.0333461
-0.313183 0.0826088 0.0239991
-0.270285 0.0832866 0.0158001
-0.230487 0.0823523 -0.0234717
-0.180497 0.0822257 -0.00253406
-0.135089 0.0826251 0.00879658
-0.085126 0.0810105 -0.0323049
-0.0467722 0.0795915 -0.0369803
0.000512153 0.0777246 -0.0394621
0.0383585 0.0776808 -0.0011562
0.085089 0.0764371 -0.0266085
0.123905 0.0767147 0.00715165
0.162642 0.0776943 0.0252816
0.211975 0.0770151 -0.0137658
0.247927 0.0764842 -0.0147654
0.297837 0.0737918 -0.0538947
0.342048 0.0729747 -0.0184801
0.390817 0.0714926 -0.0303806
0.440809 0.0706427 -0.0169994
0.490701 0.0694562 -0.0237755
0.539646 0.0695291 0.00148894
0.588782 0.0697475 0.00444449
0.635914 0.0713361 0.0336935
0.685624 0.0722772 0.0189301
0.734725 0.0738744 0.0325159
0.772335 0.0760625 0.0581135
0.819971 0.0785881 0.0529688
0.86894 0.0813777 0.0569047
0.900249 0.0824683 0.0348207
0.950036 0.0841622 0.0340099
0.996937 0.0865513 0.0508965
1.03687 0.0894463 0.072378
1.07354 0.091323 0.0511323
1.12245 0.0961448 0.0982503
1.17125 0.100566 0.0903452
1.21211 0.105019 0.108586
1.26004 0.11123 0.128851
1.29689 0.115159 0.106227
1.3404 0.121337 0.141038
1.39006 0.127184 0.117199
1.43954 0.134077 0.138426
1.48888 0.142102 0.161247
1.53177 0.147948 0.135446
1.58099 0.154785 0.13802
1.63046 0.161715 0.139187
1.67574 0.169827 0.177259
1.71566 0.177473 0.189247
1.75918 0.184951 0.170171
1.80792 0.194595 0.195342
1.85156 0.20321 0.19487
1.89956 0.217207 0.283773
1.94717 0.232474 0.310302
1.99144 0.246008 0.296678
2.03446 0.258907 0.291314
2.0766 0.269886 0.254888
2.12493 0.282418 0.253726
2.17332 0.293407 0.223306
2.22119 0.306818 0.273156
2.26452 0.319542 0.285629
2.31062 0.333244 0.288882
2.35767 0.350165 0.345234
2.40118 0.364169 0.311392
2.44947 0.377016 0.260043
2.49773 0.390061 0.263971
2.54636 0.401495 0.230905
2.5915 0.411415 0.21635
2.63901 0.424418 0.267145
2.68184 0.435696 0.257495
2.72904 0.451523 0.323532
2.76792 0.464046 0.311576
2.81518 0.479421 0.31452
2.86046 0.495432 0.339871
2.90803 0.510396 0.304815
2.94791 0.522147 0.286551
2.9831 0.533091 0.301487
3.02567 0.544647 0.265051
3.0684 0.556019 0.260095
3.11424 0.570069 0.297406
3.16223 0.583968 0.281932
3.20972 0.59892 0.305045
3.25686 0.610971 0.250243
3.30191 0.622552 0.251638
3.35001 0.635949 0.271615
3.38975 0.646987 0.270968
3.43703 0.661507 0.297975
3.47487 0.675591 0.356291
3.51772 0.690473 0.334243
3.56485 0.706779 0.333111
3.61045 0.724552 0.371682
3.64176 0.73594 0.348795
3.65733 0.741426 0.338799
3.68655 0.751476 0.331281
3.68908 0.752348 0.330816
3.7031 0.756854 0.311144
3.72178 0.762592 0.297937
3.75686 0.771641 0.252503
3.80316 0.78502 0.28129
3.83423 0.793747 0.273813
3.87613 0.805444 0.27226
3.91033 0.815997 0.299264
3.9309 0.821492 0.26097
3.96202 0.829307 0.246052
3.98757 0.835658 0.243662
4.01887 0.843551 0.247034
4.05029 0.851082 0.235222
4.08668 0.859782 0.23468
4.12979 0.870177 0.236612
4.16974 0.879128 0.220446
4.20146 0.885019 0.183582
4.2142 0.887456 0.188956
4.2402 0.89371 0.236139
4.26811 0.902716 0.312116
4.29263 0.91129 0.336384
4.31351 0.919114 0.358434
4.33965 0.929092 0.364652
4.35902 0.935807 0.333724
4.37771 0.942261 0.332449
4.41472 0.956404 0.365089
4.44727 0.969421 0.380365
4.48044 0.98307 0.390433
4.5135 0.996655 0.389779
4.54946 1.01163 0.394694
4.57227 1.02073 0.379682
4.59354 1.02957 0.393855
4.61104 1.03647 0.375732
4.65163 1.05134 0.351128
4.67498 1.06032 0.366805
4.69736 1.06873 0.359646
4.73214 1.0826 0.379493
4.7641 1.09618 0.401781
4.78731 1.10484 0.356892
4.80533 1.11131 0.344701
4.81979 1.11631 0.332972
4.84022 1.12274 0.304919
4.85717 1.12877 0.342221
4.8839 1.13888 0.361571
4.90213 1.14679 0.409059
4.92884 1.15765 0.386405
4.96989 1.17377 0.37403
5.00268 1.18636 0.366754
5.01803 1.19174 0.336871
5.02611 1.19421 0.296633
5.04845 1.20121 0.303709
5.06049 1.20497 0.303047
5.06874 1.20778 0.327933
5.07769 1.21092 0.337121
5.0835 1.21317 0.370301
5.0883 1.21474 0.315987
5.09474 1.217 0.337264
5.09779 1.218 0.31523
5.10992 1.22166 0.293551
5.11865 1.22424 0.287334
5.13455 1.22884 0.281299
5.14462 1.23139 0.24826
5.15947 1.23557 0.274275
5.17458 1.23963 0.262902
5.19268 1.24451 0.26302
5.19794 1.2458 0.241213
5.19965 1.24602 0.127664
5.21138 1.2468 0.0666251
5.21507 1.24688 0.0218257
True
0.071599
