-5.45835 1.39071 -0.0293757
-5.40946 1.38619 -0.0922715
-5.35956 1.3831 -0.0617651
-5.31048 1.37816 -0.100227
-5.27158 1.37544 -0.0699495
-5.22177 1.37118 -0.0852079
-5.17226 1.36508 -0.122695
-5.12347 1.35665 -0.171167
-5.08168 1.34848 -0.192943
-5.0347 1.34018 -0.174844
-4.98933 1.33063 -0.20742
-4.94076 1.31907 -0.233768
-4.89362 1.30984 -0.193263
-4.84567 1.30011 -0.200294
-4.7967 1.29087 -0.186531
-4.74966 1.28228 -0.180627
-4.71191 1.27517 -0.18617
-4.66383 1.2644 -0.22019
-4.62546 1.25562 -0.225045
-4.5795 1.244 -0.247588
-4.53773 1.23215 -0.276477
-4.49255 1.21913 -0.280564
-4.44712 1.20763 -0.247991
-4.39952 1.19621 -0.235511
-4.35813 1.18547 -0.253843
-4.31062 1.17489 -0.219034
-4.2624 1.1633 -0.235862
-4.21427 1.15244 -0.222005
-4.16607 1.13991 -0.254361
-4.12098 1.12841 -0.249696
-4.07866 1.11826 -0.235387
-4.03001 1.10793 -0.209267
-3.98053 1.10115 -0.136206
-3.93179 1.09088 -0.207511
-3.8858 1.08066 -0.218829
-3.8456 1.07287 -0.191385
-3.7979 1.06635 -0.135848
-3.75152 1.05993 -0.137416
-3.70913 1.05391 -0.141025
-3.66093 1.04786 -0.125037
-3.61134 1.04468 -0.0640517
-3.56168 1.03977 -0.098415
-3.51781 1.03706 -0.0616892
-3.46905 1.03613 -0.019137
-3.42918 1.0355 -0.0156852
-3.37918 1.03493 -0.0115165
-3.32927 1.03345 -0.0295618
-3.27936 1.03436 0.0181515
-3.22952 1.03571 0.027057
-3.17968 1.03428 -0.0285691
-3.1368 1.03477 0.0112884
-3.09167 1.0339 -0.0191329
-3.05133 1.03278 -0.0278414
-3.0085 1.03097 -0.0421931
-2.95883 1.0261 -0.0977641
-2.91213 1.0229 -0.0683951
-2.86737 1.01962 -0.0731547
-2.8178 1.01625 -0.0679045
-2.76787 1.01403 -0.044422
-2.72147 1.01201 -0.0435107
-2.67326 1.01074 -0.0263405
-2.62419 1.01034 -0.00817076
-2.5744 1.00945 -0.0178641
-2.53068 1.00903 -0.00954371
-2.48194 1.00943 0.00822494
-2.43411 1.01134 0.0397562
-2.38413 1.01106 -0.00547001
-2.34206 1.01053 -0.0126872
-2.29212 1.01292 0.0477785
-2.24725 1.0169 0.08845
-2.20473 1.02061 0.0872118
-2.16512 1.02397 0.0846405
-2.11541 1.02926 0.105846
-2.0658 1.03453 0.105832
-2.01607 1.03971 0.103943
-1.97152 1.04281 0.0693237
-1.92226 1.04469 0.0383083
-1.87272 1.04627 0.031713
-1.82487 1.04674 0.00996746
-1.77488 1.04762 0.0174973
-1.72812 1.0489 0.0274599
-1.68263 1.04871 -0.00427802
-1.6431 1.04832 -0.00971268
-1.60709 1.04676 -0.0434275
-1.55736 1.04539 -0.0274614
-1.50813 1.0433 -0.0423946
-1.45822 1.04155 -0.0350422
-1.40969 1.03879 -0.056962
-1.36004 1.03342 -0.107579
-1.31269 1.02894 -0.094415
-1.26353 1.02538 -0.072336
-1.21576 1.02239 -0.0625308
-1.16585 1.02099 -0.0279546
-1.11587 1.0217 0.0140934
-1.07463 1.0203 -0.0338167
-1.03488 1.01872 -0.0396294
-0.984954 1.01649 -0.0448052
-0.936655 1.01385 -0.0546026
-0.886965 1.01102 -0.0567657
-0.837295 1.00786 -0.0635903
-0.789316 1.00405 -0.0793526
-0.747747 1.00024 -0.0911634
-0.707176 0.996288 -0.0972324
-0.657578 0.992099 -0.0842484
-0.609001 0.989346 -0.0566115
-0.564833 0.986172 -0.0717347
-0.517609 0.981389 -0.100955
-0.468137 0.979082 -0.0465818
-0.432129 0.97755 -0.0425218
-0.382848 0.973809 -0.0757789
-0.334954 0.970777 -0.0632138
-0.290126 0.96683 -0.0878302
-0.240227 0.963727 -0.0621035
-0.191078 0.959615 -0.0834686
-0.146177 0.95581 -0.0845404
-0.0970757 0.951782 -0.081843
-0.0482635 0.94725 -0.0925877
0.00152527 0.945886 -0.0273784
0.0510964 0.940249 -0.113229
0.0942643 0.934081 -0.141934
0.143596 0.927832 -0.126006
0.193353 0.922926 -0.0982691
0.242204 0.920326 -0.0531765
0.29162 0.918728 -0.0323307
0.340969 0.919272 0.0110183
0.386191 0.920321 0.0231978
0.435237 0.921577 0.0256131
0.477239 0.922066 0.0116287
0.522849 0.922286 0.0048164
0.572075 0.922222 -0.00128565
0.611999 0.922307 0.00211446
0.658406 0.920874 -0.0308552
0.704865 0.921511 0.0136963
0.752691 0.919967 -0.0322725
0.802418 0.920669 0.014123
0.852364 0.919562 -0.0221637
0.892485 0.92016 0.0149158
0.942471 0.921192 0.0206395
0.973414 0.921573 0.0123029
1.01928 0.921186 -0.00844016
1.06879 0.922293 0.0223558
1.11673 0.923298 0.020975
1.16273 0.922924 -0.0081365
1.21257 0.92558 0.0532388
1.26165 0.926474 0.0182088
1.30677 0.930811 0.0958331
1.35658 0.933883 0.0615962
1.40175 0.937132 0.0717888
1.45094 0.941508 0.0887434
1.49439 0.943386 0.0432049
1.54416 0.944727 0.0269181
1.59097 0.94672 0.0425633
1.634 0.949363 0.0613401
1.67601 0.951068 0.0405757
1.72407 0.954708 0.0755774
1.77399 0.957495 0.0557678
1.82219 0.958627 0.0234837
1.86747 0.960489 0.0411086
1.91632 0.961151 0.0135472
1.95976 0.962827 0.0385614
2.00767 0.965579 0.057387
2.05749 0.967981 0.0481689
2.10717 0.971465 0.0700239
2.15515 0.973855 0.0497756
2.20235 0.976073 0.0469498
2.24763 0.977813 0.0384157
2.29522 0.978649 0.0175575
2.34176 0.979123 0.0101744
2.38968 0.980382 0.0262674
2.43879 0.978767 -0.0328692
2.4883 0.979205 0.00885973
2.53818 0.979476 0.00543418
2.57708 0.97977 0.00756009
2.62445 0.981627 0.0391677
2.67191 0.983539 0.0402679
2.71945 0.98617 0.0552769
2.76806 0.987961 0.036837
2.80676 0.990007 0.0528151
2.84428 0.992404 0.0637957
2.89184 0.99721 0.10073
2.94133 1.00102 0.0768367
2.98774 1.00545 0.0951432
3.02607 1.00923 0.0984037
3.0724 1.01363 0.0945367
3.11846 1.01648 0.0617964
3.15482 1.01875 0.0624172
3.19889 1.02046 0.0388199
3.24842 1.02347 0.0606322
3.29221 1.02627 0.0639954
3.32894 1.02736 0.0296654
3.36108 1.02785 0.01516
3.40524 1.02881 0.0217873
3.44349 1.02871 -0.00269667
3.48237 1.0279 -0.0208906
3.53155 1.02824 0.00687863
3.57696 1.02904 0.0176968
3.6115 1.03063 0.0461025
3.62842 1.03129 0.0386266
3.66341 1.0316 0.00899216
3.6876 1.03245 0.0351318
3.71874 1.03451 0.0660331
3.75162 1.03685 0.0709141
3.78826 1.03729 0.0119841
3.83386 1.03584 -0.0317011
3.88012 1.03419 -0.0356044
3.91705 1.03238 -0.0490776
3.95656 1.03009 -0.0577624
3.99192 1.0283 -0.0506652
4.02085 1.02659 -0.0592055
4.04095 1.02632 -0.0133626
4.07372 1.02563 -0.0211091
4.10825 1.02491 -0.0206446
4.1371 1.02473 -0.00640832
4.16615 1.02463 -0.00335132
4.19918 1.02446 -0.0050641
4.24525 1.02226 -0.0477954
4.28877 1.0193 -0.0679659
4.32065 1.0186 -0.0218047
4.36453 1.01798 -0.0141993
4.39571 1.01733 -0.0207444
4.42625 1.01795 0.0200894
4.44481 1.01872 0.0415299
4.46199 1.01892 0.0115859
4.47322 1.01918 0.0233707
4.48203 1.01934 0.018098
4.49322 1.01944 0.00912674
4.51333 1.01947 0.00135966
4.5314 1.01967 0.0114077
4.55003 1.02052 0.0455881
4.5631 1.02163 0.084503
4.58737 1.02377 0.0881392
4.60016 1.02487 0.0853459
4.61233 1.02619 0.108107
4.61587 1.02693 0.205918
4.63626 1.03088 0.191331
4.64509 1.03258 0.190312
4.65805 1.03458 0.153213
4.67051 1.03694 0.187162
4.69332 1.04136 0.191189
4.70867 1.0438 0.158065
4.72253 1.04579 0.14215
4.73974 1.04811 0.133989
4.75875 1.05065 0.132921
4.77946 1.05323 0.123845
4.78732 1.054 0.0987684
4.80453 1.05514 0.0660986
4.82345 1.0569 0.0924385
4.83287 1.05781 0.0969774
4.8468 1.05917 0.0968708
4.86705 1.06135 0.107526
4.89075 1.06392 0.107965
4.91702 1.06714 0.121982
4.94374 1.07032 0.118444
4.97636 1.07535 0.15309
4.98969 1.07749 0.158415
4.99659 1.07887 0.197672
4.9985 1.07929 0.218118
5.00227 1.0801 0.212617
5.01426 1.08227 0.178935
5.02684 1.08415 0.148402
5.03111 1.08468 0.12334
5.03491 1.08504 0.094883
5.03993 1.08535 0.0602039
5.06092 1.08705 0.0811857
5.0637 1.08722 0.0588784
5.07203 1.08799 0.0923206
5.08212 1.08936 0.135292
5.10517 1.09186 0.108068
5.11691 1.09291 0.0891392
5.12987 1.09474 0.140273
5.13815 1.096 0.150599
5.14004 1.09627 0.139619
5.15778 1.10018 0.217149
5.16934 1.10264 0.209892
5.18077 1.10505 0.207617
5.18566 1.10615 0.222012
5.18861 1.10697 0.271016
5.19666 1.1094 0.293187
5.20203 1.11105 0.298652
5.21071 1.11382 0.308654
True
0.253772
