4.48431 0.00028478 3.12344
4.47578 0.000798052 3.0815
4.46154 0.0020779 3.05196
4.45594 0.00226899 3.10748
4.44261 0.00227481 3.14116
4.43087 0.00192667 3.17125
4.41481 0.000381705 -3.04568
4.40043 -0.00101543 -3.04476
4.39288 -0.00154051 -3.07218
4.37135 -0.00302957 -3.07255
4.35866 -0.00424901 -3.04574
4.33759 -0.0066883 -3.02637
4.32957 -0.00722476 -3.07479
4.32349 -0.00755997 -3.08646
4.31437 -0.00837001 -3.0531
4.30609 -0.009458 -3.01085
4.29017 -0.0117124 -3.00091
4.27947 -0.0131406 -3.00892
4.25513 -0.0155136 -3.04441
4.24125 -0.0160085 -3.10595
4.23117 -0.0156424 -3.17788
4.21759 -0.0141541 3.03243
4.20113 -0.0108583 2.94395
4.18666 -0.00743166 2.909
4.16021 0.000319676 2.85658
4.15295 0.00292681 2.79687
4.13645 0.00971851 2.75097
4.12566 0.014627 2.71467
4.11192 0.0204366 2.7417
4.10589 0.0232184 2.70901
4.09857 0.0273365 2.62944
4.08477 0.0355695 2.60365
4.07167 0.0440936 2.56476
4.06091 0.0517946 2.52022
4.05272 0.0583805 2.46468
4.04766 0.0629558 2.40602
4.0421 0.0684893 2.35825
4.02623 0.0867072 2.2875
3.99524 0.12499 2.25136
3.97674 0.15155 2.17919
3.95077 0.194222 2.11747
3.9344 0.229179 2.00867
3.92089 0.261278 1.96925
3.91206 0.288208 1.88771
3.905 0.313579 1.84235
3.89355 0.357978 1.82301
3.88452 0.397959 1.79298
3.87735 0.437369 1.75076
3.86883 0.479187 1.77191
3.86184 0.519912 1.74064
3.85524 0.569251 1.70372
3.84867 0.61601 1.71059
3.84049 0.664183 1.73891
3.83139 0.713349 1.75375
3.82174 0.756883 1.78909
3.81415 0.793356 1.77583
3.80427 0.833717 1.81084
3.80058 0.855548 1.73855
3.7964 0.883386 1.71969
3.78995 0.930889 1.70581
3.78026 0.979787 1.76629
3.77232 1.01845 1.77332
3.76425 1.05628 1.78107
3.75167 1.10268 1.8356
3.73826 1.14929 1.85085
3.72477 1.19744 1.84403
3.7124 1.24345 1.83337
3.69764 1.28798 1.89083
3.68856 1.32201 1.83164
3.67659 1.36298 1.85514
3.66994 1.38201 1.90706
3.65796 1.41781 1.89356
3.64645 1.45306 1.88643
3.63147 1.49556 1.90974
3.61657 1.53619 1.92225
3.59811 1.5788 1.97947
3.58397 1.61128 1.98148
3.56581 1.65289 1.98242
3.54278 1.69726 2.04958
3.52033 1.74188 2.03696
3.497 1.78583 2.05873
3.48333 1.81173 2.0566
3.46561 1.8411 2.11351
3.43987 1.88261 2.12586
3.41413 1.92501 2.11637
3.38898 1.96438 2.13924
3.37147 1.99253 2.1272
3.3492 2.02545 2.16568
3.32209 2.06548 2.16599
3.29728 2.10881 2.09087
3.28181 2.13445 2.11369
3.25783 2.17469 2.10826
3.23408 2.21341 2.12088
3.20693 2.25524 2.14659
3.18407 2.28689 2.19639
3.15419 2.32635 2.21883
3.12781 2.36326 2.19138
3.09947 2.40269 2.19392
3.07591 2.43647 2.17994
3.04934 2.47399 2.18698
3.02187 2.51317 2.18222
2.99019 2.55184 2.25718
2.95866 2.58856 2.28024
2.92729 2.62736 2.25065
2.90195 2.65907 2.24515
2.87053 2.69497 2.28971
2.83717 2.73222 2.30119
2.80385 2.76949 2.30033
2.77309 2.8042 2.29583
2.74056 2.83658 2.35844
2.71513 2.86312 2.33486
2.68514 2.89195 2.37609
2.65955 2.9185 2.33769
2.62301 2.95246 2.39265
2.59499 2.97662 2.43013
2.56565 2.99849 2.50095
2.54105 3.01701 2.49634
2.50221 3.04834 2.46279
2.46351 3.07753 2.49542
2.42358 3.10721 2.50246
2.39659 3.12838 2.47633
2.35971 3.15556 2.50641
2.34181 3.16953 2.47927
2.30801 3.19499 2.49599
2.26702 3.22352 2.53344
2.22483 3.24998 2.58147
2.18786 3.27412 2.56328
2.14679 3.30258 2.53556
2.10777 3.32541 2.61215
2.08562 3.33889 2.59491
2.04705 3.36229 2.59617
2.0092 3.38717 2.56011
1.96698 3.4116 2.61712
1.93911 3.42855 2.59499
1.89709 3.45565 2.56882
1.85618 3.48362 2.54196
1.81705 3.50809 2.58281
1.77547 3.5328 2.60527
1.75396 3.54352 2.67956
1.74205 3.55009 2.63725
1.70209 3.57288 2.62317
1.66615 3.5908 2.67918
1.62097 3.61223 2.69864
1.57499 3.63186 2.73808
1.52972 3.65308 2.70336
1.48409 3.67163 2.75536
1.43779 3.69044 2.7558
1.4052 3.70266 2.78286
1.35936 3.71845 2.80982
1.31479 3.7344 2.79784
1.28427 3.74523 2.80066
1.24056 3.76178 2.77979
1.19956 3.7769 2.78822
1.15886 3.79127 2.80219
1.12275 3.80594 2.75575
1.0772 3.82207 2.80122
1.03513 3.83772 2.78543
0.988229 3.85478 2.7926
0.945716 3.8692 2.8147
0.897941 3.88192 2.88143
0.85344 3.8927 2.90386
0.820422 3.89896 2.95416
0.77718 3.90754 2.94583
0.731791 3.91658 2.94484
0.682906 3.92708 2.93008
0.633856 3.93677 2.94659
0.588136 3.94583 2.94588
0.549101 3.95093 3.01181
0.524143 3.95412 3.01451
0.474332 3.95792 3.06548
0.42473 3.96166 3.06625
0.377928 3.96376 3.09683
0.327931 3.96397 3.13739
0.2854 3.96306 3.16298
0.242682 3.96331 -3.14747
0.192752 3.9649 3.10963
0.143532 3.96701 3.09885
0.0990089 3.96933 3.08957
0.0618749 3.96938 3.14023
0.0126897 3.96656 3.19884
-0.0274887 3.96246 -3.04008
-0.073498 3.95743 -3.03256
-0.116552 3.95344 -3.04923
-0.166319 3.94862 -3.045
-0.207264 3.94482 -3.04904
-0.249268 3.94037 -3.0361
-0.296328 3.93583 -3.04531
-0.343838 3.92992 -3.01792
-0.393613 3.92519 -3.04689
-0.429151 3.92154 -3.0392
-0.466599 3.91671 -3.01345
-0.515816 3.90933 -2.99269
-0.555428 3.90384 -3.00383
-0.590766 3.89894 -3.00393
-0.640231 3.89182 -2.99849
-0.68972 3.88474 -2.99955
-0.739084 3.87717 -2.98948
-0.786016 3.87148 -3.02096
-0.835069 3.86431 -2.9963
-0.88328 3.8577 -3.00538
-0.93224 3.84999 -2.98545
-0.971731 3.84304 -2.96742
-1.02062 3.83428 -2.96428
-1.05928 3.82636 -2.93951
-1.09494 3.8168 -2.87968
-1.14241 3.80183 -2.83616
-1.1823 3.78889 -2.8279
-1.22836 3.77214 -2.79275
-1.27296 3.75775 -2.82941
-1.31906 3.74241 -2.82037
-1.35781 3.72627 -2.74695
-1.40362 3.70763 -2.75525
-1.44809 3.68776 -2.72132
-1.49173 3.66799 -2.71623
-1.5336 3.64848 -2.70557
-1.56573 3.63467 -2.7357
-1.60612 3.61718 -2.73282
-1.64886 3.59756 -2.71118
-1.694 3.57605 -2.69707
-1.73288 3.5547 -2.63933
-1.77717 3.53182 -2.66478
-1.82043 3.50695 -2.61991
-1.86169 3.48399 -2.63375
-1.90164 3.4623 -2.64406
-1.94424 3.43683 -2.60275
-1.98814 3.41291 -2.64271
-2.03038 3.38628 -2.57911
-2.05827 3.36922 -2.59267
-2.10024 3.34361 -2.59379
-2.13048 3.32404 -2.56726
-2.16544 3.30352 -2.61058
-2.20837 3.27793 -2.60413
-2.24727 3.25395 -2.58916
-2.28261 3.23154 -2.57656
-2.32475 3.20626 -2.60116
-2.35914 3.18397 -2.5667
-2.39656 3.16105 -2.59187
-2.43787 3.1329 -2.54342
-2.47429 3.10797 -2.54133
-2.50838 3.08469 -2.54261
-2.54616 3.05942 -2.55192
-2.58389 3.03352 -2.54008
-2.61439 3.01063 -2.49775
-2.65122 2.98407 -2.5167
-2.6912 2.95537 -2.51911
-2.72446 2.92997 -2.48945
-2.76174 2.89935 -2.45391
-2.80016 2.86734 -2.44701
-2.83624 2.83751 -2.45057
-2.87501 2.80596 -2.45859
-2.91156 2.77698 -2.47127
-2.94296 2.75027 -2.43669
-2.98211 2.71917 -2.47016
-3.01414 2.69577 -2.51062
-3.05379 2.66539 -2.48791
-3.0916 2.63282 -2.43058
-3.11901 2.60735 -2.3928
-3.1544 2.57204 -2.35728
-3.18663 2.53751 -2.32179
-3.21905 2.50053 -2.29054
-3.24801 2.47048 -2.33777
-3.28173 2.43356 -2.31092
-3.31373 2.39553 -2.27031
-3.34134 2.36469 -2.30091
-3.364 2.33804 -2.27556
-3.39605 2.30214 -2.29969
-3.42738 2.26701 -2.29899
-3.45783 2.23029 -2.26319
-3.48142 2.19983 -2.22975
-3.50829 2.16712 -2.25826
-3.52035 2.15093 -2.21148
-3.54274 2.12253 -2.23846
-3.56518 2.09048 -2.18146
-3.58731 2.05768 -2.16452
-3.61368 2.01708 -2.14669
-3.63597 1.98459 -2.17212
-3.65883 1.94983 -2.15247
-3.67912 1.91952 -2.1609
-3.69425 1.89819 -2.18742
-3.71057 1.87389 -2.16244
-3.71988 1.86065 -2.18367
-3.73312 1.83861 -2.11162
-3.73961 1.82738 -2.09484
-3.75076 1.8097 -2.13333
-3.76771 1.78329 -2.14157
-3.78773 1.75068 -2.12135
-3.79404 1.73874 -2.05658
-3.79344 1.73984 -2.06638
-3.79773 1.73115 -2.02907
-3.80157 1.72203 -1.96921
-3.81487 1.69033 -1.96804
-3.82656 1.66287 -1.97338
-3.84014 1.62815 -1.94354
-3.85172 1.59779 -1.93527
-3.86466 1.56109 -1.90974
-3.87409 1.53632 -1.93466
-3.88582 1.50383 -1.91735
-3.89405 1.48129 -1.92063
-3.90081 1.46401 -1.94385
-3.90895 1.44468 -1.96952
-3.91729 1.42581 -1.98681
-3.92678 1.40404 -1.98174
-3.93832 1.37915 -2.00507
-3.94998 1.35155 -1.97039
-3.95676 1.33533 -1.96696
-3.96548 1.31459 -1.96858
-3.9731 1.29665 -1.97251
-3.97837 1.28323 -1.94533
-3.98901 1.25761 -1.9644
-4.00391 1.22015 -1.94923
-4.01263 1.19935 -1.96775
-4.02268 1.17086 -1.91004
-4.03285 1.13642 -1.85785
-4.04359 1.09511 -1.82531
-4.05245 1.0597 -1.81585
-4.06037 1.02509 -1.79579
-4.06891 0.986766 -1.79
-4.07352 0.967347 -1.80394
-4.07912 0.945295 -1.81941
-4.08282 0.930323 -1.81316
-4.08795 0.908817 -1.805
-4.09545 0.880703 -1.83146
-4.10051 0.858831 -1.7983
-4.10734 0.832475 -1.82428
-4.11552 0.804273 -1.85309
-4.12266 0.778148 -1.83765
-4.13152 0.742588 -1.81503
-4.13502 0.727079 -1.79223
-4.13699 0.714651 -1.72862
-4.13747 0.712255 -1.7654
-4.14032 0.699615 -1.79254
-4.14142 0.695603 -1.83939
-4.14358 0.686438 -1.80271
-4.14516 0.679584 -1.7964
-4.14658 0.673049 -1.78478
-4.14815 0.666392 -1.80248
-4.15378 0.641579 -1.79396
-4.15813 0.624805 -1.82448
-4.16241 0.609049 -1.83633
-4.16475 0.601395 -1.86698
-4.16703 0.593285 -1.84467
-4.16834 0.58761 -1.79895
-4.17052 0.574342 -1.7331
-4.17231 0.562996 -1.72801
-4.17354 0.555313 -1.72902
-4.17584 0.537887 -1.70216
-4.1787 0.520845 -1.7368
-4.18035 0.512528 -1.76708
-4.18529 0.490876 -1.79516
-4.19096 0.470635 -1.84378
-4.19414 0.457625 -1.81061
-4.19984 0.432665 -1.79543
-4.20239 0.418827 -1.75254
-4.20626 0.399778 -1.77139
-4.21002 0.383437 -1.79701
-4.21425 0.365354 -1.80045
-4.21522 0.362225 -1.87244
-4.21956 0.349605 -1.90177
-4.22857 0.323575 -1.90425
-4.23396 0.310804 -1.97009
-4.23444 0.309677 -1.96837
-4.23749 0.302499 -1.97281
-4.23986 0.297353 -2.00258
-4.24502 0.286288 -2.00733
-4.24592 0.284546 -2.0448
-4.2551 0.267782 -2.07182
-4.25993 0.258249 -2.04032
-4.26032 0.257487 -2.04158
-4.2622 0.253628 -2.02453
-4.26817 0.242106 -2.04854
True
0.166871
