-5.45317 0.905734 0.0768413
-5.40368 0.908016 0.0460838
-5.36285 0.90944 0.0348623
-5.31344 0.911697 0.0456478
-5.26362 0.910772 -0.0185659
-5.21616 0.911234 0.0097235
-5.16822 0.911247 0.000284969
-5.11991 0.912188 0.0194675
-5.0706 0.915213 0.0612688
-5.03165 0.915572 0.00921663
-4.98178 0.91265 -0.0585312
-4.93189 0.909679 -0.0594801
-4.88889 0.907137 -0.0590302
-4.84213 0.904149 -0.0638401
-4.80882 0.90288 -0.038071
-4.7594 0.897642 -0.105582
-4.72054 0.895303 -0.060141
-4.67732 0.893073 -0.0515446
-4.6291 0.890379 -0.0558145
-4.57921 0.887419 -0.0592564
-4.52951 0.883092 -0.0868433
-4.47989 0.879691 -0.0684265
-4.43749 0.877722 -0.0463934
-4.39381 0.875009 -0.0620496
-4.34997 0.874492 -0.0117945
-4.3 0.874859 0.00735923
-4.25034 0.87324 -0.0326014
-4.20394 0.872224 -0.0218964
-4.1543 0.870853 -0.0276008
-4.10799 0.869266 -0.0342535
-4.05869 0.866937 -0.0472144
-4.00893 0.863198 -0.0749997
-3.95921 0.861189 -0.0403848
-3.91194 0.859997 -0.0252207
-3.86221 0.857142 -0.0573382
-3.81357 0.854698 -0.0502083
-3.7802 0.854196 -0.0150305
-3.73751 0.853444 -0.0176265
-3.68813 0.853126 -0.00643301
-3.63856 0.850507 -0.0527943
-3.59132 0.84859 -0.0405562
-3.54965 0.847303 -0.0308712
-3.50148 0.844578 -0.0565137
-3.46186 0.842403 -0.0548362
-3.4119 0.841993 -0.00820801
-3.36343 0.843986 0.0410981
-3.31347 0.843704 -0.00564586
-3.27257 0.84332 -0.00940626
-3.22268 0.840269 -0.0610756
-3.17283 0.837107 -0.0633306
-3.12302 0.833936 -0.0635919
-3.07966 0.831782 -0.0496391
-3.03057 0.827495 -0.0870984
-2.98491 0.823108 -0.0957851
-2.93615 0.814847 -0.167823
-2.8881 0.806456 -0.172891
-2.83945 0.799035 -0.151384
-2.80191 0.794089 -0.130972
-2.75205 0.790987 -0.0621445
-2.70215 0.7908 -0.00373632
-2.65668 0.790703 -0.00213591
-2.61873 0.790235 -0.012326
-2.57008 0.790925 0.0141768
-2.52011 0.792361 0.0287438
-2.47025 0.79226 -0.00202527
-2.42079 0.791674 -0.0118653
-2.37484 0.792483 0.0176197
-2.33457 0.793805 0.0327983
-2.285 0.797574 0.0758998
-2.23534 0.80232 0.0952728
-2.18564 0.807751 0.108848
-2.14455 0.812045 0.104118
-2.09611 0.815184 0.0647135
-2.05741 0.817891 0.0698416
-2.01269 0.819745 0.0414207
-1.96974 0.825119 0.124495
-1.92746 0.828469 0.0790645
-1.87793 0.835253 0.13613
-1.84049 0.838638 0.0901713
-1.79142 0.846952 0.167817
-1.74184 0.853398 0.129282
-1.69591 0.860635 0.1563
-1.6506 0.866306 0.124502
-1.60112 0.872464 0.123818
-1.55186 0.878751 0.126952
-1.50424 0.883885 0.107394
-1.45453 0.887026 0.0630966
-1.40466 0.890543 0.0704111
-1.37015 0.892677 0.0617549
-1.32372 0.894659 0.042675
-1.28517 0.894923 0.00684633
-1.23525 0.896495 0.0314746
-1.19121 0.896886 0.00887403
-1.14215 0.895834 -0.021443
-1.09219 0.896437 0.0120722
-1.04573 0.896645 0.00447899
-0.996033 0.89569 -0.0192109
-0.95017 0.893801 -0.0411663
-0.900687 0.892493 -0.0264387
-0.853618 0.892691 0.00421996
-0.806142 0.892533 -0.00333648
-0.760572 0.891863 -0.0146919
-0.710577 0.89259 0.0145438
-0.661023 0.89527 0.0540149
-0.611977 0.899829 0.0926914
-0.566823 0.906299 0.142324
-0.517255 0.912861 0.131616
-0.475256 0.914881 0.0480547
-0.425274 0.915872 0.0198279
-0.376345 0.917035 0.0237646
-0.34172 0.918753 0.0495734
-0.292683 0.921872 0.0635288
-0.246268 0.925812 0.084674
-0.202523 0.92805 0.0511191
-0.152811 0.928112 0.00124692
-0.103042 0.929413 0.0261342
-0.0585798 0.928924 -0.0110083
-0.0108835 0.930274 0.0282955
0.0389608 0.930438 0.00330671
0.0844854 0.931913 0.0323732
0.1343 0.932131 0.00437324
0.184284 0.932801 0.0134183
0.22992 0.933024 0.00488211
0.272826 0.93241 -0.0143123
0.322814 0.933064 0.0130754
0.365132 0.935296 0.0527116
0.410393 0.940131 0.106413
0.455325 0.943575 0.076496
0.502802 0.948183 0.0967703
0.545636 0.953712 0.128364
0.595528 0.956848 0.0627738
0.641587 0.959894 0.0660341
0.689511 0.959615 -0.00582707
0.73685 0.960671 0.0223108
0.786198 0.962398 0.0349813
0.836154 0.963435 0.0207425
0.885875 0.965768 0.0468957
0.933685 0.965982 0.0044782
0.976089 0.966917 0.0220533
1.02401 0.968962 0.0426297
1.07012 0.969112 0.0032538
1.12 0.972369 0.0652057
1.16342 0.976565 0.0963432
1.21263 0.97965 0.0626059
1.25798 0.982985 0.0734116
1.30109 0.98705 0.0940189
1.3486 0.991513 0.0936598
1.39721 0.993923 0.0495335
1.44679 0.998896 0.0999826
1.49306 1.00407 0.111288
1.53575 1.00784 0.0880776
1.58568 1.01008 0.0449238
1.63081 1.0105 0.00935853
1.67874 1.01162 0.0232592
1.72522 1.01237 0.0161525
1.7727 1.01274 0.00773533
1.81112 1.01415 0.0368282
1.85898 1.01503 0.0182434
1.89928 1.01558 0.0136894
1.94824 1.01921 0.0739837
1.98232 1.02297 0.109942
2.03164 1.02747 0.0909258
2.07586 1.03063 0.0715337
2.1246 1.03328 0.0543393
2.16881 1.03457 0.029062
2.21263 1.03605 0.0338536
2.25533 1.03916 0.0727118
2.30512 1.04372 0.0912433
2.3527 1.04884 0.107106
2.4022 1.05406 0.105241
2.44598 1.06022 0.139707
2.48922 1.06407 0.0888916
2.53435 1.06836 0.094713
2.57208 1.07229 0.103666
2.6135 1.07505 0.0665168
2.65807 1.07642 0.0307874
2.70247 1.07561 -0.01822
2.75192 1.07294 -0.0538681
2.80179 1.07108 -0.0372995
2.85168 1.07184 0.0151519
2.90158 1.07439 0.0511708
2.94918 1.07685 0.051473
2.99679 1.0783 0.0305115
3.0464 1.08109 0.0561937
3.09347 1.08365 0.0543835
3.13828 1.08657 0.0650591
3.17911 1.08875 0.0533898
3.21575 1.08964 0.0242159
3.25778 1.09103 0.0330689
3.30159 1.09181 0.0178341
3.34205 1.09173 -0.00199035
3.39143 1.09017 -0.0316356
3.43841 1.08987 -0.00634607
3.46627 1.08955 -0.0114171
3.49665 1.08839 -0.0383529
3.53626 1.08712 -0.0320847
3.58295 1.08357 -0.0757151
3.62646 1.08104 -0.0582591
3.65593 1.07848 -0.0865416
3.69445 1.07439 -0.105895
3.72779 1.07084 -0.106039
3.76835 1.06626 -0.112278
3.80468 1.06344 -0.0774821
3.83906 1.06177 -0.0485475
3.88774 1.06308 0.0267968
3.91889 1.0644 0.0425977
3.96769 1.06604 0.0334116
3.99319 1.06745 0.0552393
4.01942 1.06927 0.0694754
4.03962 1.07153 0.111382
4.06809 1.07452 0.104611
4.09642 1.07804 0.123684
4.11242 1.08053 0.154347
4.11478 1.08079 0.110772
4.13406 1.08305 0.116639
4.14888 1.08492 0.125502
4.15608 1.08582 0.123803
4.16382 1.08698 0.148926
4.17764 1.08905 0.148497
4.19629 1.09034 0.0689582
4.20091 1.09072 0.0838428
4.21029 1.09156 0.0889432
4.21198 1.09179 0.136502
4.2194 1.09276 0.129537
4.23064 1.09435 0.140928
4.25927 1.09728 0.101695
4.26181 1.09751 0.090676
4.27684 1.09881 0.0865952
4.29405 1.09993 0.0648096
4.30565 1.10061 0.0589563
4.32481 1.10219 0.0821703
4.36547 1.10594 0.0919794
4.39535 1.10937 0.114112
4.42283 1.11109 0.0628432
4.43706 1.11168 0.0410523
4.44841 1.11213 0.0395207
4.46566 1.11245 0.0186941
4.49272 1.11205 -0.0149354
4.52159 1.11195 -0.003375
4.54415 1.11195 1.58155e-05
4.56278 1.1122 0.0134496
4.58746 1.11206 -0.00579174
4.61004 1.11174 -0.0141171
4.64434 1.1126 0.0252275
4.66678 1.11343 0.0368881
4.69372 1.11564 0.081802
4.72122 1.11733 0.0612688
4.73611 1.1186 0.085357
4.76922 1.12097 0.0713726
4.79899 1.12458 0.120818
4.82263 1.12817 0.150407
4.85452 1.13269 0.140883
4.89099 1.13932 0.179918
4.92206 1.14539 0.192902
4.93623 1.14793 0.177339
4.94626 1.14998 0.201365
4.94829 1.15038 0.195107
4.95852 1.15278 0.230863
4.9749 1.1565 0.223215
4.9934 1.16046 0.210924
5.01566 1.16646 0.26321
5.02053 1.16791 0.289775
5.01805 1.16702 0.343763
5.0306 1.17173 0.358899
5.04356 1.1761 0.325064
5.05659 1.18035 0.315087
5.06563 1.18309 0.29401
5.07804 1.18595 0.226852
5.10112 1.1908 0.206918
5.11578 1.19343 0.177967
5.13359 1.19641 0.16549
5.13764 1.19694 0.13101
5.141 1.19717 0.0689921
5.14914 1.19827 0.134321
5.16718 1.20163 0.183958
5.17648 1.20334 0.182007
5.18773 1.20512 0.156638
5.19292 1.20591 0.151441
5.20071 1.2066 0.0885739
5.20914 1.20728 0.0805268
True
0.262652
