-5.46117 -0.00944974 0.0627807
-5.41711 -0.00433442 0.115587
-5.36907 -0.000626433 0.0770326
-5.32239 0.00403454 0.0995138
-5.27286 0.00922495 0.104414
-5.2244 0.0147772 0.114079
-5.17559 0.0216924 0.140745
-5.12635 0.0279487 0.126374
-5.07812 0.030542 0.0537136
-5.02857 0.0351887 0.0935124
-4.98219 0.0380478 0.0615716
-4.93947 0.0417772 0.0870716
-4.88992 0.0458816 0.0826464
-4.84682 0.0496967 0.0882839
-4.80183 0.053217 0.0780846
-4.76539 0.0561319 0.079818
-4.72459 0.0600826 0.0965286
-4.67755 0.0637272 0.0773316
-4.62793 0.0682619 0.0911301
-4.58642 0.0727053 0.106632
-4.54676 0.07819 0.137444
-4.49756 0.0856968 0.15139
-4.44922 0.0932819 0.155642
-4.40243 0.102675 0.19814
-4.35564 0.110666 0.169138
-4.31117 0.119163 0.188801
-4.26256 0.13086 0.236153
-4.2221 0.141252 0.251377
-4.18223 0.15024 0.221765
-4.14433 0.159966 0.251177
-4.10025 0.171468 0.25528
-4.05235 0.184655 0.268602
-4.00391 0.196777 0.245235
-3.95693 0.207377 0.221921
-3.9106 0.21924 0.250627
-3.86512 0.230337 0.239353
-3.81953 0.241012 0.229994
-3.78459 0.248018 0.197931
-3.7366 0.257805 0.201176
-3.69037 0.265915 0.173666
-3.65557 0.270742 0.137801
-3.60757 0.278273 0.155632
-3.56176 0.284289 0.130597
-3.52077 0.291326 0.170009
-3.4775 0.296682 0.123132
-3.42863 0.304175 0.152144
-3.3804 0.310928 0.139122
-3.33119 0.318766 0.157967
-3.28246 0.329674 0.220195
-3.23496 0.337776 0.168923
-3.18575 0.346602 0.177462
-3.13765 0.353306 0.13851
-3.10186 0.357344 0.112335
-3.05635 0.363559 0.135715
-3.01074 0.370478 0.150579
-2.97077 0.375272 0.119359
-2.9213 0.381217 0.119593
-2.87452 0.387614 0.135919
-2.8291 0.392923 0.11633
-2.77928 0.396618 0.0740542
-2.7296 0.401255 0.0930506
-2.67996 0.40522 0.0797117
-2.62997 0.405864 0.0128876
-2.58235 0.40674 0.0183909
-2.53562 0.408196 0.0311358
-2.49091 0.41007 0.0419018
-2.44277 0.411588 0.0315295
-2.3966 0.413124 0.033245
-2.34707 0.414085 0.019406
-2.30236 0.413015 -0.0239224
-2.25251 0.412631 -0.00771441
-2.20255 0.41222 -0.00822014
-2.1545 0.413253 0.0215027
-2.11643 0.415371 0.0555645
-2.06883 0.419137 0.0789413
-2.0313 0.423265 0.109565
-1.98236 0.425321 0.0419821
-1.93687 0.428378 0.0671105
-1.88857 0.431434 0.0631721
-1.83959 0.439067 0.154616
-1.79028 0.446407 0.147745
-1.74238 0.453081 0.138466
-1.70357 0.457503 0.113433
-1.66517 0.462617 0.1324
-1.62295 0.469295 0.15686
-1.5766 0.47613 0.146415
-1.52766 0.484316 0.165723
-1.48058 0.490935 0.139678
-1.43207 0.498028 0.145212
-1.38313 0.505688 0.155248
-1.33897 0.511026 0.120314
-1.28955 0.516095 0.102213
-1.24119 0.522767 0.1371
-1.19269 0.529379 0.135488
-1.14354 0.538101 0.17562
-1.10251 0.545002 0.166607
-1.06079 0.552901 0.187141
-1.01354 0.561476 0.179548
-0.966567 0.567929 0.136495
-0.917203 0.573725 0.116883
-0.873764 0.578681 0.113603
-0.82981 0.585538 0.154756
-0.781033 0.591226 0.116087
-0.733419 0.595653 0.0927087
-0.690974 0.5995 0.0903871
-0.641087 0.602837 0.066787
-0.592703 0.605372 0.0523652
-0.543494 0.611044 0.114754
-0.506144 0.613346 0.0615427
-0.456477 0.618752 0.10842
-0.409736 0.621814 0.0654088
-0.360995 0.626309 0.0919747
-0.3205 0.629549 0.0798348
-0.284848 0.63506 0.153363
-0.235194 0.639456 0.0882961
-0.187054 0.643793 0.0898532
-0.138293 0.649174 0.109915
-0.0946985 0.652978 0.087032
-0.0449503 0.657891 0.0984302
0.000111365 0.662395 0.0996297
0.045099 0.667433 0.11152
0.0925862 0.672669 0.109816
0.142261 0.67742 0.0953636
0.190926 0.683514 0.124575
0.239149 0.688533 0.103694
0.286367 0.693691 0.108818
0.335441 0.697571 0.0788863
0.376223 0.700731 0.0773303
0.414533 0.703913 0.0828889
0.448741 0.7076 0.107366
0.496712 0.712036 0.0921988
0.54592 0.719022 0.141038
0.594362 0.725448 0.131884
0.64353 0.727815 0.0480907
0.69339 0.728523 0.0142042
0.731215 0.729234 0.0187877
0.770164 0.7339 0.119233
0.820035 0.737487 0.071804
0.868857 0.741696 0.0859913
0.916451 0.745316 0.0759174
0.963606 0.751076 0.121547
1.01227 0.756595 0.112922
1.06186 0.759728 0.0630998
1.10793 0.7629 0.0687581
1.15786 0.762892 -0.000161782
1.20713 0.765585 0.0546044
1.25675 0.768669 0.0620733
1.3023 0.770812 0.04701
1.35105 0.77466 0.0787735
1.39736 0.777674 0.064989
1.44292 0.781677 0.087648
1.49267 0.785647 0.0796219
1.54237 0.788935 0.0660657
1.58564 0.793127 0.0965641
1.63514 0.79923 0.122683
1.68461 0.806399 0.143892
1.72668 0.813252 0.161494
1.7755 0.820739 0.152181
1.82452 0.828585 0.158703
1.87065 0.836256 0.164805
1.91324 0.842273 0.140357
1.96074 0.848434 0.12898
2.00682 0.855043 0.142441
2.05205 0.861099 0.133099
2.09751 0.866901 0.126946
2.13361 0.872215 0.146152
2.17264 0.877762 0.141147
2.21667 0.882106 0.0983802
2.26481 0.887986 0.121511
2.31401 0.894201 0.125655
2.36333 0.901078 0.138561
2.41057 0.907898 0.143382
2.45892 0.914724 0.140244
2.50468 0.923429 0.187984
2.5535 0.931908 0.171979
2.59693 0.939127 0.164693
2.64655 0.945203 0.121861
2.6917 0.952985 0.170649
2.74069 0.962849 0.198698
2.7841 0.972342 0.215326
2.82905 0.982024 0.212125
2.87722 0.991476 0.193776
2.92444 1.00196 0.218546
2.97024 1.01342 0.245014
3.01618 1.02587 0.264814
3.06016 1.03722 0.25238
3.10611 1.04931 0.257304
3.15246 1.06184 0.264188
3.19316 1.07149 0.232744
3.23694 1.07969 0.185044
3.27601 1.08707 0.186714
3.31249 1.09345 0.173071
3.3599 1.10055 0.148762
3.40754 1.10796 0.154265
3.44807 1.11405 0.149048
3.48642 1.12163 0.195182
3.52788 1.128 0.152642
3.57664 1.13455 0.133474
3.61272 1.13934 0.131843
3.64438 1.1441 0.14945
3.68991 1.14964 0.120923
3.7168 1.15178 0.0794651
3.76014 1.15556 0.0870365
3.80126 1.16035 0.116021
3.84667 1.16612 0.126356
3.89001 1.17213 0.137865
3.91501 1.17442 0.0912402
3.94361 1.17759 0.110331
3.97185 1.18088 0.116122
3.99416 1.18349 0.116362
4.02511 1.18671 0.103675
4.05894 1.18993 0.0949192
4.09499 1.19266 0.0756287
4.13726 1.19568 0.0713139
4.17833 1.1986 0.0708951
4.20707 1.20153 0.101456
4.22392 1.20268 0.0684769
4.24195 1.20393 0.0693217
4.26648 1.20611 0.0883495
4.30517 1.21025 0.106598
4.35052 1.21644 0.135721
4.39539 1.22307 0.146663
4.43003 1.22692 0.110915
4.46255 1.23139 0.136365
4.50352 1.23672 0.129377
4.53275 1.24116 0.150925
4.55182 1.24479 0.18787
4.56775 1.24798 0.197773
4.57187 1.24896 0.232518
4.58348 1.25153 0.218258
4.61416 1.25917 0.244015
4.65496 1.27004 0.260474
4.67776 1.27682 0.288731
4.7068 1.2864 0.318836
4.7268 1.29276 0.307868
4.74525 1.29874 0.313347
4.76189 1.30424 0.318947
4.77548 1.30835 0.293986
4.79447 1.31321 0.250645
4.80062 1.31466 0.2307
4.80213 1.31505 0.252943
4.82327 1.32111 0.279377
4.848 1.32842 0.28719
4.8609 1.33205 0.274387
4.86749 1.33389 0.272861
4.87778 1.33656 0.253677
4.88352 1.33812 0.26598
4.88989 1.33978 0.254279
4.89743 1.34168 0.247503
4.91252 1.34638 0.30146
4.93187 1.35278 0.319501
4.95214 1.35892 0.294426
4.97293 1.36515 0.291098
4.98834 1.36942 0.270206
4.99834 1.37186 0.239551
5.00793 1.3746 0.278048
5.01373 1.37623 0.274472
5.02739 1.3799 0.262093
5.03804 1.38261 0.249104
5.05783 1.38738 0.236737
5.07766 1.39258 0.256427
5.08471 1.39491 0.319081
5.1052 1.40313 0.381479
5.11459 1.40708 0.39779
5.12519 1.4116 0.403482
5.14719 1.42296 0.476447
5.16477 1.43209 0.479369
5.17143 1.4353 0.448688
5.16458 1.43184 0.468337
5.16585 1.43241 0.424892
5.17493 1.43622 0.397371
5.19036 1.44243 0.382681
5.19533 1.44445 0.385328
5.19849 1.44559 0.345805
5.21641 1.45124 0.305917
True
0.260718
