4.4814 0.0032176 2.97031
4.45643 0.00851489 2.93249
4.43106 0.0155548 2.87098
4.39776 0.0275544 2.79567
4.35951 0.0433213 2.75067
4.3241 0.0598673 2.70441
4.28649 0.0811929 2.62586
4.24565 0.10955 2.53466
4.2113 0.136713 2.47244
4.18131 0.164132 2.40103
4.14779 0.198923 2.33748
4.11769 0.235108 2.26472
4.08625 0.273824 2.25281
4.05639 0.313156 2.2201
4.02849 0.352346 2.18949
4.00326 0.395144 2.1036
3.9774 0.437905 2.11457
3.95291 0.479752 2.10041
3.93922 0.504021 2.08429
3.9211 0.539736 2.04028
3.91099 0.560943 2.01554
3.89052 0.606372 1.99418
3.87482 0.644207 1.96407
3.85847 0.691362 1.9047
3.84149 0.734481 1.94587
3.83234 0.764478 1.86683
3.81604 0.811725 1.90311
3.80145 0.853027 1.91032
3.7901 0.891136 1.86032
3.77592 0.938425 1.86207
3.76276 0.977635 1.89461
3.74989 1.0192 1.87106
3.74053 1.05217 1.84748
3.73066 1.09405 1.80218
3.72008 1.13888 1.8025
3.70693 1.18616 1.84204
3.69552 1.23132 1.81841
3.68417 1.27484 1.82593
3.67079 1.32287 1.84246
3.65731 1.36699 1.86721
3.64498 1.40901 1.85629
3.63111 1.45384 1.87093
3.61932 1.49071 1.88023
3.60491 1.53796 1.86675
3.59097 1.58284 1.87205
3.57449 1.62869 1.91586
3.55705 1.67401 1.93806
3.54561 1.70306 1.94601
3.53002 1.74201 1.95143
3.51239 1.78674 1.94619
3.49256 1.83222 1.98214
3.47446 1.87381 1.98124
3.45469 1.91973 1.97727
3.43648 1.96186 1.97873
3.41835 1.99996 2.01493
3.39497 2.04372 2.06147
3.37319 2.08803 2.02781
3.352 2.12771 2.06115
3.33431 2.15918 2.08302
3.31372 2.19231 2.12681
3.29311 2.2263 2.11595
3.26828 2.2695 2.0923
3.243 2.30843 2.1468
3.21587 2.35041 2.14453
3.18842 2.39061 2.16995
3.16097 2.42874 2.19471
3.13088 2.46743 2.23181
3.09876 2.50575 2.2685
3.07149 2.54009 2.24188
3.04135 2.57411 2.29589
3.01175 2.6047 2.3397
2.97791 2.64151 2.31413
2.94587 2.67463 2.33964
2.91004 2.70921 2.37399
2.8746 2.74448 2.35847
2.84327 2.77263 2.40978
2.81148 2.80323 2.37517
2.78632 2.82474 2.43432
2.75154 2.85826 2.37467
2.71423 2.89152 2.41335
2.67658 2.92439 2.42407
2.64429 2.95173 2.43896
2.60661 2.98415 2.4311
2.56897 3.01343 2.48034
2.52963 3.04307 2.49601
2.4898 3.07326 2.493
2.45051 3.10381 2.48081
2.43398 3.11612 2.50146
2.39312 3.14494 2.52718
2.35399 3.17586 2.47287
2.32949 3.19433 2.49548
2.28861 3.22306 2.52902
2.24725 3.25109 2.54605
2.20629 3.27839 2.55366
2.17075 3.30132 2.56858
2.13222 3.32767 2.5418
2.09577 3.35309 2.5327
2.05834 3.3784 2.54698
2.01571 3.40446 2.59294
1.97578 3.43205 2.53688
1.93644 3.45819 2.55522
1.90009 3.48192 2.56317
1.86209 3.50622 2.57265
1.83465 3.52398 2.56712
1.79331 3.54972 2.58459
1.75795 3.57134 2.5929
1.71561 3.59487 2.63438
1.67244 3.62003 2.61398
1.63072 3.64133 2.66959
1.58699 3.66527 2.64062
1.56861 3.67444 2.67862
1.52719 3.69348 2.71092
1.48237 3.71523 2.68959
1.4396 3.73382 2.7317
1.39792 3.7505 2.76088
1.35562 3.76649 2.7803
1.30955 3.78493 2.76084
1.26778 3.8002 2.79113
1.23046 3.81489 2.76653
1.18288 3.83025 2.82933
1.13602 3.8472 2.79441
1.08985 3.86078 2.85572
1.04501 3.87215 2.89315
0.996793 3.88452 2.89044
0.952808 3.89412 2.92673
0.908393 3.90438 2.91451
0.86215 3.91272 2.96319
0.819281 3.91863 3.00466
0.773879 3.92433 3.01676
0.727793 3.92931 3.03388
0.685608 3.93357 3.04085
0.635902 3.93792 3.05446
0.586425 3.94064 3.0867
0.536464 3.94262 3.10193
0.486746 3.94343 3.12525
0.439882 3.9473 3.05919
0.391683 3.94977 3.09036
0.357374 3.95137 3.09499
0.307405 3.95307 3.10771
0.261951 3.95507 3.09745
0.215945 3.95731 3.09297
0.173318 3.9595 3.09036
0.12727 3.96235 3.07976
0.0804132 3.96526 3.07967
0.0304612 3.96742 3.09833
-0.0115408 3.96749 3.13996
-0.0472342 3.96733 3.14609
-0.0970756 3.96561 -3.10718
-0.140905 3.96375 -3.09914
-0.183148 3.96135 -3.08483
-0.226646 3.96023 -3.11581
-0.267485 3.95995 -3.13482
-0.315418 3.9575 -3.09046
-0.36534 3.95523 -3.09621
-0.40772 3.95312 -3.09196
-0.457266 3.95058 -3.09037
-0.507165 3.9474 -3.07783
-0.556684 3.94406 -3.07435
-0.606221 3.93728 -3.00545
-0.655887 3.93302 -3.05608
-0.703388 3.92397 -2.95328
-0.75237 3.91423 -2.94546
-0.796089 3.90571 -2.94905
-0.829411 3.89771 -2.90588
-0.865605 3.89038 -2.94198
-0.892761 3.88514 -2.95065
-0.939476 3.87316 -2.89066
-0.988076 3.86141 -2.90436
-1.03136 3.85193 -2.92589
-1.07961 3.84178 -2.93427
-1.12166 3.83277 -2.93059
-1.16379 3.82235 -2.8991
-1.2034 3.81376 -2.92807
-1.25179 3.80163 -2.89597
-1.30017 3.78959 -2.89771
-1.33831 3.77966 -2.88687
-1.37802 3.77064 -2.91824
-1.41786 3.76003 -2.88144
-1.46473 3.74637 -2.85794
-1.51064 3.73463 -2.89123
-1.55474 3.72058 -2.83309
-1.60093 3.7055 -2.82609
-1.64062 3.69129 -2.79766
-1.68379 3.67589 -2.79905
-1.72946 3.65937 -2.79444
-1.777 3.64392 -2.82752
-1.82377 3.62626 -2.78046
-1.86901 3.60667 -2.73294
-1.91412 3.58619 -2.71536
-1.95639 3.56682 -2.712
-1.99089 3.55266 -2.75216
-2.02608 3.53773 -2.74028
-2.07074 3.51727 -2.71189
-2.11404 3.49397 -2.64795
-2.15722 3.46942 -2.62471
-2.19086 3.45003 -2.61858
-2.2317 3.42326 -2.56149
-2.27383 3.39832 -2.60706
-2.31068 3.37407 -2.5596
-2.35267 3.34714 -2.57136
-2.39352 3.31856 -2.53104
-2.43212 3.29061 -2.51478
-2.47122 3.26267 -2.52128
-2.50983 3.23361 -2.49634
-2.54825 3.20162 -2.44736
-2.58701 3.17005 -2.45804
-2.6243 3.13776 -2.42798
-2.66164 3.10612 -2.43859
-2.69914 3.07304 -2.41867
-2.73604 3.04191 -2.44075
-2.77187 3.00983 -2.41144
-2.80624 2.97923 -2.41406
-2.84026 2.94807 -2.40006
-2.87511 2.91627 -2.40198
-2.89995 2.89301 -2.38907
-2.93232 2.86152 -2.36995
-2.96628 2.82866 -2.37266
-2.99797 2.79587 -2.33917
-3.03261 2.76363 -2.39204
-3.06431 2.73267 -2.36796
-3.09345 2.70391 -2.36279
-3.12631 2.67148 -2.36295
-3.15627 2.64474 -2.41275
-3.18394 2.62077 -2.42769
-3.2087 2.59805 -2.39919
-3.23038 2.57679 -2.36601
-3.24693 2.56059 -2.36701
-3.25786 2.55011 -2.37693
-3.27516 2.53275 -2.35436
-3.29951 2.50512 -2.29333
-3.32163 2.48056 -2.30402
-3.34641 2.45398 -2.32107
-3.37365 2.4255 -2.33398
-3.39297 2.40547 -2.33788
-3.4095 2.38965 -2.37819
-3.41785 2.38156 -2.37211
-3.41757 2.38183 -2.36837
-3.43682 2.36438 -2.40534
-3.4567 2.34555 -2.38298
-3.48293 2.31967 -2.36312
-3.51343 2.28971 -2.36502
-3.53719 2.26585 -2.35424
-3.55817 2.24499 -2.35905
-3.58373 2.21783 -2.32579
-3.60629 2.19513 -2.35329
-3.63777 2.16539 -2.3845
-3.66582 2.13922 -2.39078
-3.68606 2.11949 -2.36899
-3.70712 2.09824 -2.35178
-3.72648 2.07909 -2.36146
-3.73665 2.06958 -2.39002
-3.76013 2.04909 -2.42397
-3.78046 2.03196 -2.44154
-3.80204 2.01474 -2.46808
-3.81366 2.00512 -2.45018
-3.83604 1.98552 -2.42233
-3.8679 1.9563 -2.39939
-3.89484 1.92999 -2.36803
-3.92839 1.8971 -2.36601
-3.94584 1.87931 -2.34691
-3.97203 1.85154 -2.32682
-3.99166 1.83022 -2.31509
-4.00691 1.81214 -2.27122
-4.01849 1.79622 -2.1998
-4.0272 1.78364 -2.17654
-4.03717 1.76919 -2.17415
-4.04329 1.76067 -2.19461
-4.04604 1.75706 -2.22094
-4.05631 1.7448 -2.26812
-4.06372 1.7356 -2.249
-4.08013 1.71627 -2.27451
-4.09326 1.70102 -2.28187
-4.10942 1.68115 -2.25366
-4.12066 1.668 -2.27779
-4.12962 1.65645 -2.2305
-4.1402 1.64218 -2.20913
-4.14708 1.63301 -2.21386
-4.15407 1.62412 -2.23738
-4.16023 1.61604 -2.22199
-4.16631 1.6071 -2.16846
-4.17557 1.59345 -2.16669
-4.17873 1.58907 -2.19551
-4.18316 1.58304 -2.20476
-4.19267 1.5697 -2.1902
-4.2017 1.55733 -2.20107
-4.21203 1.5424 -2.17636
-4.21621 1.53634 -2.17438
-4.22143 1.5289 -2.18197
-4.22824 1.51894 -2.1707
-4.24299 1.49759 -2.17562
-4.24899 1.4894 -2.20269
-4.26411 1.46923 -2.21396
-4.27196 1.45935 -2.24261
-4.28044 1.44876 -2.24565
-4.28997 1.43715 -2.25785
-4.2978 1.42767 -2.2615
-4.304 1.41959 -2.22577
-4.31376 1.40725 -2.23944
-4.31665 1.40337 -2.21278
-4.32314 1.39435 -2.19367
True
0.185188
