-5.45722 0.363867 0.230261
-5.4118 0.371563 0.167868
-5.36912 0.381787 0.235117
-5.32082 0.392793 0.22403
-5.27795 0.403939 0.254379
-5.24162 0.412507 0.231622
-5.19699 0.421663 0.202302
-5.14819 0.431656 0.201995
-5.10247 0.440623 0.193694
-5.06541 0.446298 0.151931
-5.02039 0.451543 0.115993
-4.97278 0.456781 0.109558
-4.92533 0.462099 0.111625
-4.88036 0.467781 0.125686
-4.84008 0.474223 0.158609
-4.79087 0.479252 0.101826
-4.74146 0.486914 0.153843
-4.69479 0.493647 0.143272
-4.64684 0.498946 0.110068
-4.5983 0.504027 0.104307
-4.55136 0.509459 0.115203
-4.50172 0.515432 0.119765
-4.45245 0.523118 0.154744
-4.4035 0.530616 0.151986
-4.35461 0.53923 0.174381
-4.30572 0.548929 0.195845
-4.26802 0.557995 0.236041
-4.2244 0.568753 0.241779
-4.1857 0.57927 0.265359
-4.13747 0.589422 0.207465
-4.08963 0.599064 0.198871
-4.04123 0.608853 0.199567
-3.99179 0.616268 0.14886
-3.94458 0.62201 0.12104
-3.89529 0.629192 0.144695
-3.85078 0.635006 0.129901
-3.81141 0.639868 0.122862
-3.76616 0.643448 0.0789544
-3.71707 0.645803 0.0479384
-3.66734 0.648545 0.0550786
-3.61757 0.653033 0.0899355
-3.56866 0.65706 0.0821621
-3.52107 0.661276 0.0883449
-3.47303 0.666547 0.109272
-3.42587 0.671074 0.095726
-3.37604 0.675096 0.0805254
-3.3347 0.677018 0.04645
-3.28516 0.683241 0.124951
-3.24111 0.688432 0.117316
-3.19457 0.69522 0.144819
-3.14519 0.702632 0.149016
-3.10352 0.708808 0.147108
-3.06044 0.714517 0.131781
-3.01638 0.718381 0.087469
-2.9665 0.720873 0.0499234
-2.91663 0.722548 0.0335719
-2.87377 0.721276 -0.0296825
-2.82906 0.718903 -0.0530086
-2.77913 0.719587 0.0136937
-2.72922 0.716704 -0.0577014
-2.68067 0.717171 0.00962079
-2.6308 0.720023 0.0571381
-2.58283 0.723244 0.0670364
-2.54074 0.724223 0.0232586
-2.50286 0.727099 0.0757712
-2.46619 0.731817 0.127968
-2.41818 0.739287 0.154355
-2.37768 0.744133 0.119085
-2.33293 0.748985 0.107998
-2.2902 0.753422 0.103467
-2.24747 0.758039 0.10764
-2.20415 0.761919 0.0893269
-2.15708 0.766065 0.0878378
-2.10982 0.769744 0.0777047
-2.06679 0.775061 0.122962
-2.02647 0.779822 0.117514
-1.97725 0.784188 0.0884651
-1.93415 0.788042 0.0892031
-1.89436 0.792528 0.112245
-1.84462 0.796777 0.0852171
-1.79604 0.800148 0.0692875
-1.7493 0.80427 0.0879592
-1.70679 0.807479 0.0753374
-1.6671 0.809843 0.0594973
-1.61719 0.812741 0.0580087
-1.56763 0.81603 0.0662558
-1.51863 0.818713 0.0547106
-1.46876 0.822227 0.0703564
-1.42156 0.824844 0.0553684
-1.38512 0.82815 0.0904784
-1.34209 0.831476 0.0771351
-1.29386 0.836126 0.0961214
-1.24402 0.840121 0.0799882
-1.19494 0.845286 0.104863
-1.15169 0.850925 0.12963
-1.103 0.857869 0.141654
-1.05788 0.862569 0.103813
-1.01014 0.86915 0.136975
-0.960397 0.874152 0.100213
-0.910823 0.880476 0.126886
-0.872578 0.883235 0.0720082
-0.824597 0.888881 0.117135
-0.781617 0.893665 0.110857
-0.735327 0.89817 0.0970226
-0.68624 0.901846 0.0747392
-0.636448 0.904752 0.0582915
-0.586756 0.910079 0.106794
-0.548742 0.9144 0.113201
-0.504677 0.920019 0.126825
-0.45534 0.926787 0.136335
-0.407291 0.933506 0.13893
-0.358839 0.939731 0.127774
-0.31085 0.945299 0.115511
-0.262555 0.950094 0.0989659
-0.216866 0.954007 0.0854379
-0.171699 0.959573 0.122601
-0.122113 0.963815 0.0853363
-0.073856 0.969523 0.117754
-0.0241977 0.975332 0.116431
0.0167931 0.980785 0.13227
0.0596187 0.985662 0.113385
0.106167 0.990251 0.0982779
0.150163 0.996555 0.142306
0.195967 1.00148 0.107146
0.244428 1.00402 0.0522569
0.291395 1.00879 0.10133
0.337079 1.01449 0.124051
0.38633 1.02171 0.145585
0.435391 1.02607 0.0887356
0.478267 1.03137 0.122999
0.527997 1.03582 0.0890461
0.57758 1.04149 0.113904
0.626849 1.046 0.0913207
0.674112 1.05337 0.154739
0.718687 1.05863 0.117354
0.768329 1.06454 0.118589
0.814335 1.07184 0.157264
0.862361 1.07951 0.158386
0.898047 1.08511 0.155838
0.947168 1.09417 0.182339
0.994306 1.10426 0.210836
1.03253 1.11323 0.230476
1.07509 1.12437 0.255929
1.12269 1.13759 0.271115
1.16432 1.15133 0.318632
1.20701 1.16451 0.299385
1.25428 1.17937 0.304693
1.30179 1.19344 0.28799
1.34741 1.20781 0.305101
1.39227 1.22479 0.361747
1.43836 1.24078 0.334004
1.48522 1.25787 0.34964
1.52945 1.27399 0.349633
1.57655 1.29029 0.333062
1.61807 1.30407 0.320364
1.66436 1.32007 0.332869
1.71128 1.33446 0.29763
1.75323 1.34889 0.331406
1.79499 1.36106 0.283356
1.84207 1.37707 0.327932
1.88375 1.39198 0.343415
1.92588 1.40602 0.321794
1.96788 1.42081 0.338648
2.01451 1.43881 0.3682
2.06111 1.45683 0.369084
2.10249 1.47391 0.391413
2.14829 1.49294 0.393809
2.1957 1.5088 0.32283
2.23304 1.52249 0.351563
2.27965 1.54059 0.370291
2.32646 1.55713 0.339656
2.3708 1.57257 0.335017
2.41365 1.5884 0.353867
2.45386 1.60407 0.371823
2.49913 1.62243 0.385142
2.54539 1.64141 0.389401
2.59151 1.65956 0.374957
2.63743 1.67867 0.394271
2.6777 1.69304 0.342859
2.72039 1.70818 0.340792
2.75696 1.72075 0.331006
2.80407 1.73748 0.341254
2.85223 1.7509 0.271784
2.89845 1.76661 0.32762
2.94606 1.78177 0.308312
2.99431 1.79484 0.264498
3.03827 1.80634 0.255856
3.07454 1.8167 0.278254
3.11847 1.82992 0.292296
3.1562 1.84249 0.321506
3.2002 1.85691 0.316728
3.22711 1.86522 0.299578
3.27449 1.88032 0.308541
3.31847 1.89452 0.312359
3.36239 1.90778 0.293072
3.40201 1.92 0.299277
3.43723 1.93204 0.329416
3.46408 1.94025 0.296754
3.4982 1.95013 0.281807
3.5431 1.96445 0.308637
3.57878 1.97577 0.30726
3.61117 1.9858 0.300365
3.62857 1.99063 0.270798
3.66012 1.99947 0.273044
3.69027 2.00888 0.302697
3.7269 2.0217 0.33666
3.76975 2.03597 0.321498
3.81095 2.04961 0.319682
3.8568 2.06595 0.342432
3.89427 2.08007 0.360235
3.92434 2.08991 0.316337
3.95303 2.09911 0.310302
3.97443 2.10667 0.339636
4.01663 2.12184 0.344999
4.04584 2.13475 0.416178
4.07175 2.14618 0.415576
4.08125 2.15012 0.39311
4.10774 2.1607 0.37974
4.12288 2.16732 0.412411
4.14496 2.17636 0.388851
4.16362 2.18489 0.428463
4.18077 2.19224 0.405005
4.20371 2.20047 0.34436
4.2276 2.20868 0.331014
4.25335 2.21857 0.366936
4.27458 2.22706 0.380213
4.3034 2.23878 0.386311
4.33298 2.25008 0.36496
4.36734 2.26174 0.327196
4.38505 2.26808 0.343531
4.39388 2.27059 0.276961
4.42412 2.27876 0.264071
4.44901 2.28543 0.261705
4.48583 2.29523 0.260026
4.49497 2.29774 0.268601
4.49762 2.29854 0.292483
4.51193 2.30306 0.30552
4.53018 2.30946 0.337668
4.55456 2.31761 0.322359
4.56331 2.32048 0.316964
4.57891 2.32556 0.315121
4.58268 2.32699 0.361134
4.59208 2.33038 0.346276
4.59694 2.33206 0.334025
4.60683 2.33569 0.35192
4.62669 2.34371 0.38375
4.66062 2.3563 0.355259
4.69373 2.36847 0.352253
4.71126 2.37567 0.389719
4.72703 2.38275 0.421677
4.74824 2.39324 0.459329
4.75189 2.39495 0.440099
4.75869 2.39804 0.426371
4.78581 2.40973 0.406773
4.80398 2.41748 0.403286
4.81403 2.42164 0.392028
4.82588 2.42568 0.32922
4.83581 2.42877 0.301605
4.86136 2.43624 0.284316
4.8776 2.44085 0.276715
4.89829 2.44592 0.240369
4.90318 2.44714 0.244777
4.9165 2.45077 0.265352
4.93024 2.45539 0.325051
4.93437 2.45683 0.333611
4.95645 2.46496 0.353034
4.97199 2.47105 0.373623
4.98624 2.47687 0.387642
4.99999 2.48272 0.40241
5.01146 2.48738 0.385188
5.01627 2.48932 0.383007
5.02368 2.49256 0.412322
5.02942 2.49497 0.398019
5.03415 2.49703 0.410822
5.04421 2.50147 0.415782
5.05073 2.50441 0.423687
5.06095 2.50893 0.416505
5.06224 2.50949 0.407015
5.07659 2.51574 0.410531
5.08625 2.52029 0.44054
5.10172 2.52765 0.444224
5.11039 2.53193 0.458298
5.11239 2.53302 0.497677
5.11419 2.53406 0.526209
5.12494 2.54045 0.536527
5.1321 2.54451 0.515514
5.1342 2.54569 0.512117
5.14411 2.55111 0.500111
5.15016 2.55398 0.442924
5.14881 2.5534 0.405439
5.14906 2.55349 0.365418
5.15597 2.55587 0.331372
5.15865 2.55689 0.363101
5.16343 2.559 0.415457
5.17006 2.56185 0.406392
5.17834 2.56527 0.392103
5.18263 2.56701 0.384821
5.19663 2.57254 0.376053
5.19359 2.57115 0.427931
5.1969 2.5728 0.460703
5.21323 2.58142 0.485636
True
0.255221
