-5.4684 -0.823349 0.171705
-5.41965 -0.81653 0.138987
-5.37011 -0.810234 0.126386
-5.32311 -0.804566 0.120043
-5.2778 -0.798047 0.142887
-5.23198 -0.7926 0.11831
-5.19623 -0.788198 0.12253
-5.15635 -0.78436 0.0959199
-5.10663 -0.779459 0.0982659
-5.05895 -0.774065 0.112661
-5.01084 -0.767571 0.134179
-4.9619 -0.758568 0.181897
-4.91474 -0.749236 0.195363
-4.86631 -0.740037 0.1877
-4.81778 -0.729111 0.221426
-4.76841 -0.72184 0.146239
-4.71928 -0.713978 0.158684
-4.67081 -0.702828 0.226116
-4.62203 -0.691915 0.220083
-4.57503 -0.678875 0.270674
-4.53054 -0.664994 0.302383
-4.48396 -0.647078 0.367222
-4.44365 -0.632278 0.351835
-4.39873 -0.61627 0.342374
-4.36052 -0.603782 0.315891
-4.31467 -0.590335 0.285242
-4.26744 -0.573955 0.333874
-4.22003 -0.558127 0.322211
-4.17719 -0.54389 0.320839
-4.13162 -0.527414 0.34696
-4.09163 -0.511706 0.374282
-4.04625 -0.498078 0.291689
-3.99949 -0.481784 0.335355
-3.95301 -0.468339 0.281574
-3.9118 -0.457707 0.252498
-3.8635 -0.445597 0.245659
-3.81518 -0.433281 0.249525
-3.76752 -0.424145 0.189409
-3.72685 -0.416184 0.193292
-3.67889 -0.405154 0.226048
-3.6307 -0.391807 0.270228
-3.58251 -0.379161 0.256605
-3.53475 -0.364424 0.299297
-3.49899 -0.354105 0.280965
-3.46309 -0.343139 0.296463
-3.41575 -0.327044 0.327723
-3.37114 -0.314143 0.281498
-3.33221 -0.305586 0.216369
-3.28393 -0.292912 0.25671
-3.25167 -0.285578 0.223528
-3.20542 -0.275612 0.212242
-3.16776 -0.266379 0.240453
-3.12238 -0.255635 0.23245
-3.07359 -0.244684 0.220805
-3.0306 -0.236531 0.187438
-2.98698 -0.228843 0.174452
-2.94059 -0.220519 0.177521
-2.89158 -0.210916 0.193511
-2.84237 -0.202154 0.176204
-2.79391 -0.191083 0.224583
-2.74541 -0.180754 0.209851
-2.70018 -0.171858 0.194223
-2.6577 -0.162404 0.218938
-2.61329 -0.152289 0.223937
-2.56556 -0.140572 0.240728
-2.51729 -0.127681 0.260977
-2.46871 -0.116404 0.228125
-2.42294 -0.107104 0.200455
-2.37805 -0.0980884 0.198208
-2.33496 -0.0904628 0.175132
-2.28553 -0.0835278 0.13938
-2.23857 -0.0761888 0.155056
-2.2026 -0.0703707 0.160339
-2.1563 -0.0637642 0.141737
-2.11048 -0.0580312 0.12448
-2.06103 -0.0509491 0.142226
-2.01162 -0.0433489 0.152641
-1.96245 -0.0343049 0.181895
-1.91402 -0.0251118 0.187596
-1.87008 -0.0172982 0.175988
-1.82142 -0.00607029 0.226774
-1.77262 0.0041694 0.206826
-1.72752 0.0132721 0.199132
-1.68001 0.024296 0.228003
-1.63811 0.0359805 0.271962
-1.59439 0.0500367 0.311061
-1.55162 0.0626211 0.286161
-1.50303 0.0744002 0.237854
-1.45494 0.0869434 0.255129
-1.40894 0.0989395 0.255088
-1.36466 0.109466 0.233446
-1.3211 0.121539 0.270355
-1.2734 0.135793 0.290351
-1.2286 0.150167 0.310473
-1.18287 0.163964 0.293031
-1.13544 0.17915 0.309889
-1.09693 0.191254 0.304535
-1.04903 0.205555 0.290129
-1.01297 0.216005 0.282032
-0.967713 0.225171 0.199842
-0.918489 0.233845 0.174421
-0.877157 0.24055 0.160816
-0.835299 0.246646 0.144612
-0.786133 0.255712 0.182349
-0.745752 0.262322 0.162256
-0.701096 0.267656 0.11887
-0.658546 0.271623 0.0929838
-0.621459 0.275678 0.108886
-0.571638 0.279865 0.0838406
-0.529037 0.284671 0.112353
-0.484981 0.290108 0.122785
-0.443999 0.292838 0.066512
-0.399478 0.294343 0.0337938
-0.353186 0.295935 0.0343773
-0.303197 0.296965 0.0206133
-0.259881 0.297101 0.00314222
-0.218969 0.296336 -0.0186986
-0.175445 0.293366 -0.0681503
-0.134442 0.291665 -0.0414646
-0.0909154 0.287923 -0.0857411
-0.0532718 0.285915 -0.053313
-0.00371253 0.279305 -0.132575
0.0448074 0.272782 -0.133644
0.0881732 0.267069 -0.13099
0.133246 0.26284 -0.0935475
0.180545 0.255904 -0.145617
0.229394 0.248094 -0.158525
0.276978 0.237853 -0.212002
0.325022 0.228749 -0.18727
0.371258 0.21954 -0.196585
0.396396 0.215281 -0.167851
0.440987 0.20965 -0.125622
0.490389 0.202426 -0.145186
0.531885 0.196854 -0.133483
0.577097 0.189456 -0.162193
0.622027 0.182644 -0.150477
0.646725 0.178603 -0.162157
0.685478 0.170307 -0.210901
0.734709 0.162977 -0.147807
0.783332 0.156624 -0.129917
0.831978 0.152072 -0.0932984
0.881751 0.147742 -0.0867689
0.931723 0.146831 -0.0182291
0.979754 0.146154 -0.0141064
1.02913 0.146205 0.00104123
1.07671 0.14734 0.0238474
1.1203 0.147805 0.0106597
1.16723 0.148517 0.0151677
1.21509 0.150899 0.0497313
1.24766 0.151605 0.0216842
1.29763 0.152998 0.0278625
1.33645 0.154773 0.0456973
1.37945 0.155879 0.0257211
1.42206 0.156274 0.00926183
1.46986 0.158834 0.0535198
1.51982 0.160521 0.0337393
1.55319 0.163741 0.0962256
1.60255 0.171122 0.148407
1.64187 0.178651 0.189195
1.69067 0.186744 0.164358
1.73786 0.19451 0.163091
1.78178 0.203059 0.192278
1.80374 0.207558 0.202092
1.85227 0.218447 0.220706
1.89693 0.229575 0.244172
1.93704 0.239285 0.237512
1.97317 0.248179 0.24138
2.02046 0.262859 0.301008
2.06773 0.279109 0.33113
2.11119 0.293557 0.320909
2.15617 0.310654 0.363272
2.20153 0.325485 0.316002
2.24783 0.342066 0.343856
2.29245 0.358777 0.3584
2.33756 0.376105 0.366709
2.37895 0.393252 0.39278
2.41819 0.407959 0.35863
2.46378 0.424201 0.342176
2.50246 0.43697 0.318872
2.54287 0.44926 0.295273
2.5894 0.464491 0.316339
2.63581 0.481155 0.34469
2.68324 0.496634 0.315453
2.72395 0.510303 0.323944
2.7669 0.526285 0.356235
2.80943 0.542438 0.363022
2.85476 0.558105 0.332782
2.89533 0.573781 0.368643
2.94109 0.593882 0.413907
2.98742 0.612673 0.385306
3.02926 0.629757 0.387682
3.07594 0.647122 0.356163
3.11681 0.663655 0.384354
3.16308 0.681775 0.373277
3.20175 0.693885 0.303477
3.24061 0.704593 0.268904
3.27645 0.713373 0.240229
3.31113 0.724551 0.31185
3.35778 0.742376 0.364973
3.40288 0.761711 0.404991
3.44801 0.780806 0.40025
3.489 0.798252 0.402377
3.53401 0.816334 0.382027
3.56713 0.827487 0.324777
3.60334 0.839614 0.323251
3.63715 0.852675 0.368573
3.6765 0.867116 0.351736
3.71814 0.882993 0.364269
3.76509 0.898186 0.312967
3.80933 0.912324 0.309352
3.85594 0.927123 0.307396
3.88172 0.934886 0.292516
3.90436 0.942335 0.31788
3.93481 0.953231 0.343636
3.94898 0.958974 0.385157
3.96067 0.964391 0.4337
3.9763 0.970753 0.386606
3.98519 0.974287 0.378538
3.98899 0.975524 0.314652
3.99171 0.976386 0.307194
4.00406 0.980843 0.346293
4.00758 0.982206 0.368784
4.02911 0.990255 0.357838
4.06081 1.00164 0.344902
4.08714 1.009 0.272296
4.12003 1.01784 0.262617
4.15087 1.02707 0.290752
4.17616 1.03423 0.27618
4.20045 1.04162 0.295151
4.22892 1.04975 0.278276
4.27212 1.06214 0.279134
4.30893 1.07398 0.311348
4.3269 1.07975 0.31047
4.34445 1.08553 0.318164
4.35823 1.08976 0.298278
4.38863 1.09985 0.320203
4.41103 1.10779 0.340749
4.44392 1.11991 0.353235
4.47056 1.13055 0.380023
4.4913 1.13813 0.350312
4.51509 1.14773 0.383328
4.53922 1.15639 0.344761
4.54799 1.15922 0.312305
4.56963 1.16559 0.286288
4.58015 1.1686 0.277934
4.58858 1.17085 0.261417
4.60335 1.17431 0.230248
4.62122 1.17865 0.23791
4.62976 1.18079 0.246015
4.632 1.18123 0.193684
4.63602 1.18208 0.209022
4.66182 1.18752 0.207888
4.6867 1.1924 0.193402
4.72799 1.20083 0.201489
4.76057 1.20859 0.233775
4.77601 1.21248 0.246984
4.79478 1.21778 0.275318
4.82428 1.22631 0.281274
4.85225 1.23425 0.276609
4.87727 1.24152 0.283029
4.90401 1.24921 0.279768
4.92752 1.25527 0.252456
4.93889 1.25807 0.240999
4.94694 1.26015 0.253343
4.96902 1.26579 0.250188
4.98753 1.26996 0.221615
4.99907 1.27292 0.250585
5.02206 1.27877 0.249267
5.03617 1.2822 0.238652
5.06171 1.28871 0.249295
5.07249 1.291 0.209658
5.09183 1.29488 0.19796
5.11277 1.30029 0.252976
5.12145 1.30306 0.308684
5.12254 1.30347 0.357088
5.13229 1.30731 0.375129
5.13949 1.31016 0.377729
5.1462 1.31274 0.367038
5.15254 1.31548 0.407336
5.15726 1.31752 0.408328
5.16731 1.32183 0.405102
5.17719 1.32629 0.423882
5.18837 1.3318 0.457917
5.19321 1.334 0.425829
5.19661 1.33553 0.425099
5.19849 1.33638 0.424022
5.21002 1.34139 0.410206
True
0.0691741
