-5.47867 0.725446 -0.372463
-5.43664 0.709191 -0.369061
-5.39136 0.690679 -0.388062
-5.34674 0.671042 -0.414591
-5.30224 0.648437 -0.470007
-5.26566 0.631467 -0.434363
-5.22349 0.612015 -0.432242
-5.17777 0.591786 -0.416528
-5.14392 0.576086 -0.434351
-5.099 0.556925 -0.403194
-5.05664 0.537622 -0.427483
-5.01045 0.518575 -0.391148
-4.97134 0.5029 -0.381183
-4.92582 0.484843 -0.377652
-4.89664 0.472653 -0.395677
-4.85382 0.454372 -0.403541
-4.80783 0.434764 -0.402987
-4.76283 0.416089 -0.393413
-4.71611 0.398284 -0.36411
-4.67688 0.382083 -0.391588
-4.63149 0.361108 -0.432942
-4.58478 0.343487 -0.360673
-4.53852 0.324679 -0.38618
-4.50895 0.31409 -0.343875
-4.46452 0.299017 -0.327076
-4.41922 0.28479 -0.304305
-4.38224 0.273383 -0.299192
-4.3455 0.262563 -0.28643
-4.29833 0.249146 -0.277088
-4.25379 0.236198 -0.282929
-4.20697 0.223073 -0.273325
-4.15992 0.207986 -0.310273
-4.11582 0.189477 -0.397391
-4.07201 0.173146 -0.356793
-4.03509 0.159165 -0.361984
-3.98946 0.142377 -0.35258
-3.94381 0.12804 -0.304328
-3.89745 0.115108 -0.272025
-3.85836 0.10437 -0.268059
-3.81059 0.0897186 -0.297588
-3.76275 0.0753384 -0.292026
-3.71858 0.0611917 -0.309969
-3.67111 0.0455146 -0.31895
-3.62785 0.033059 -0.280361
-3.58129 0.0204672 -0.264127
-3.53506 0.00790796 -0.26523
-3.5004 -0.002305 -0.286578
-3.45314 -0.0181138 -0.322829
-3.40921 -0.0335376 -0.337668
-3.36392 -0.0483819 -0.316699
-3.31967 -0.0668016 -0.39443
-3.27767 -0.0834995 -0.37843
-3.23428 -0.0999053 -0.361464
-3.18797 -0.118399 -0.37996
-3.1423 -0.136863 -0.384224
-3.09516 -0.153486 -0.33902
-3.05945 -0.166698 -0.354332
-3.01485 -0.183878 -0.367682
-2.97023 -0.202238 -0.390353
-2.93134 -0.218553 -0.397212
-2.88552 -0.23848 -0.41027
-2.8449 -0.252559 -0.333607
-2.79876 -0.269513 -0.352157
-2.75199 -0.285873 -0.336484
-2.7169 -0.29781 -0.327871
-2.67432 -0.310166 -0.282431
-2.62821 -0.325293 -0.317044
-2.58218 -0.341068 -0.330157
-2.53721 -0.358272 -0.36538
-2.49508 -0.371844 -0.311623
-2.44937 -0.387509 -0.330156
-2.40282 -0.405596 -0.370647
-2.3569 -0.424385 -0.388311
-2.32078 -0.43927 -0.390958
-2.27418 -0.457378 -0.37064
-2.22779 -0.475955 -0.380887
-2.18185 -0.493668 -0.36798
-2.13514 -0.510538 -0.346615
-2.08886 -0.528985 -0.37925
-2.04194 -0.546248 -0.35254
-1.99674 -0.563333 -0.361417
-1.94968 -0.58002 -0.340733
-1.90684 -0.594104 -0.317631
-1.85903 -0.608729 -0.296897
-1.81358 -0.621966 -0.283399
-1.77414 -0.63305 -0.273941
-1.72712 -0.645931 -0.267396
-1.68533 -0.660088 -0.326652
-1.6439 -0.674081 -0.325681
-1.60089 -0.68803 -0.313603
-1.5544 -0.703611 -0.323442
-1.52746 -0.713288 -0.34484
-1.48636 -0.728212 -0.348304
-1.4524 -0.738218 -0.286486
-1.4076 -0.752726 -0.313231
-1.36037 -0.765265 -0.259476
-1.31496 -0.780308 -0.319926
-1.2675 -0.792284 -0.247132
-1.21936 -0.803476 -0.228429
-1.17695 -0.814919 -0.26355
-1.14173 -0.82371 -0.244644
-1.09987 -0.833079 -0.220202
-1.05269 -0.846085 -0.26894
-1.00563 -0.859951 -0.286559
-0.981287 -0.866891 -0.277721
-0.954568 -0.874988 -0.29427
-0.906514 -0.888224 -0.268772
-0.857739 -0.896528 -0.168634
-0.820368 -0.902899 -0.168845
-0.777868 -0.912362 -0.219096
-0.72859 -0.92083 -0.170166
-0.682637 -0.928657 -0.168704
-0.633414 -0.937055 -0.168983
-0.584252 -0.945195 -0.164098
-0.53586 -0.953196 -0.163859
-0.489434 -0.961487 -0.176717
-0.462715 -0.96712 -0.207785
-0.416642 -0.976282 -0.1963
-0.381005 -0.982721 -0.178755
-0.346399 -0.988209 -0.157273
-0.30201 -0.992914 -0.105599
-0.254126 -0.999534 -0.137374
-0.20675 -1.00589 -0.133281
-0.158912 -1.01241 -0.135594
-0.109376 -1.01798 -0.111875
-0.0608299 -1.02359 -0.115111
-0.0113288 -1.02949 -0.118644
0.0375334 -1.03321 -0.0759637
0.0838293 -1.03754 -0.0931832
0.13315 -1.04144 -0.0789701
0.182669 -1.04559 -0.0835601
0.232343 -1.05025 -0.0935887
0.281133 -1.05498 -0.0965999
0.326127 -1.05966 -0.103644
0.376023 -1.06276 -0.0620367
0.422391 -1.06662 -0.0831367
0.471014 -1.07238 -0.117877
0.520609 -1.07802 -0.113331
0.569936 -1.08571 -0.154493
0.611458 -1.0892 -0.0839217
0.657699 -1.09572 -0.140086
0.697789 -1.10036 -0.115321
0.747085 -1.10417 -0.0771669
0.792792 -1.10987 -0.123978
0.841646 -1.11419 -0.0881822
0.887431 -1.11966 -0.118987
0.936338 -1.12343 -0.0768188
0.981486 -1.13008 -0.146304
1.03044 -1.1396 -0.192089
1.07205 -1.14706 -0.177259
1.11886 -1.16056 -0.280763
1.1664 -1.17282 -0.252553
1.20033 -1.18208 -0.266199
1.24742 -1.19848 -0.335192
1.28771 -1.2141 -0.36996
1.33295 -1.23179 -0.372604
1.37476 -1.2479 -0.367849
1.4214 -1.26586 -0.367647
1.46711 -1.28109 -0.321523
1.51371 -1.29919 -0.370487
1.55854 -1.31408 -0.320684
1.60495 -1.33243 -0.376526
1.64647 -1.35006 -0.401596
1.68422 -1.3659 -0.397347
1.72839 -1.38523 -0.412527
1.77294 -1.40781 -0.469016
1.80679 -1.42479 -0.465027
1.84838 -1.44558 -0.46349
1.89317 -1.46665 -0.439685
1.93553 -1.48755 -0.458473
1.97755 -1.50901 -0.472004
2.02102 -1.53235 -0.492713
2.06302 -1.55507 -0.495999
2.10238 -1.57764 -0.520637
2.13229 -1.5939 -0.498009
2.17308 -1.61798 -0.533266
2.2124 -1.64163 -0.541395
2.25357 -1.66324 -0.483362
2.29613 -1.68528 -0.477948
2.33066 -1.70349 -0.485306
2.37303 -1.7294 -0.548789
2.41561 -1.75562 -0.552062
2.45579 -1.7781 -0.510084
2.49892 -1.80176 -0.501755
2.53917 -1.82364 -0.497809
2.58346 -1.84657 -0.477825
2.62637 -1.86827 -0.468048
2.66426 -1.88588 -0.435049
2.70949 -1.90614 -0.421188
2.74153 -1.92228 -0.466807
2.78528 -1.94514 -0.481385
2.83026 -1.9666 -0.445118
2.8722 -1.9881 -0.473733
2.91142 -2.00849 -0.47937
2.94613 -2.02337 -0.405073
2.98165 -2.03884 -0.410774
3.02535 -2.05653 -0.384576
3.07158 -2.07542 -0.387942
3.11281 -2.09182 -0.378737
3.15806 -2.11018 -0.385333
3.19765 -2.12652 -0.391484
3.24312 -2.1442 -0.370825
3.28426 -2.16056 -0.378503
3.32863 -2.17865 -0.387169
3.37471 -2.19656 -0.370603
3.42091 -2.21222 -0.326854
3.46112 -2.22669 -0.345433
3.50333 -2.24196 -0.347171
3.54991 -2.25856 -0.342278
3.58828 -2.27328 -0.366285
3.62262 -2.28657 -0.369176
3.65871 -2.30123 -0.385988
3.69109 -2.3144 -0.386412
3.71964 -2.32536 -0.366375
3.75843 -2.33904 -0.338993
3.79659 -2.3548 -0.391646
3.83021 -2.36805 -0.375519
3.8605 -2.37916 -0.351483
3.89677 -2.39357 -0.378192
3.93771 -2.41044 -0.390941
3.97532 -2.42715 -0.418062
4.01442 -2.44503 -0.428967
4.0481 -2.46061 -0.433211
4.08456 -2.47591 -0.397361
4.13021 -2.49344 -0.366572
4.16398 -2.50638 -0.366019
4.18883 -2.5162 -0.3761
4.22591 -2.53071 -0.373067
4.25734 -2.54195 -0.343553
4.28592 -2.55145 -0.320815
4.31599 -2.5617 -0.328393
4.33339 -2.56785 -0.339806
4.36414 -2.5798 -0.370596
4.38344 -2.58707 -0.360583
4.40297 -2.59486 -0.379453
4.41366 -2.59905 -0.373587
4.4341 -2.6087 -0.44106
4.44286 -2.61252 -0.410739
4.46945 -2.62417 -0.413238
4.48953 -2.63289 -0.409645
4.50837 -2.64141 -0.424558
4.54036 -2.65664 -0.444387
4.57706 -2.6755 -0.474711
4.60932 -2.69246 -0.48393
4.64282 -2.71039 -0.491398
4.6864 -2.7311 -0.443646
4.71596 -2.74514 -0.443308
4.73594 -2.75562 -0.483197
4.75335 -2.76493 -0.491222
4.76075 -2.76866 -0.466436
4.77569 -2.77647 -0.481754
4.78833 -2.78365 -0.516432
4.79886 -2.78975 -0.52528
4.824 -2.80351 -0.50075
4.84031 -2.8115 -0.455476
4.85028 -2.81611 -0.433378
4.86012 -2.82112 -0.470871
4.87964 -2.83163 -0.493873
4.91104 -2.84823 -0.486396
4.92689 -2.85691 -0.500969
4.9504 -2.86979 -0.501112
4.965 -2.87745 -0.483036
4.98277 -2.88713 -0.498782
4.99714 -2.89583 -0.54478
5.00932 -2.90296 -0.529328
5.0221 -2.91029 -0.521053
5.02365 -2.91123 -0.542139
5.03643 -2.91894 -0.542794
5.05318 -2.92889 -0.53618
5.06635 -2.93752 -0.580131
5.08105 -2.94657 -0.551564
5.09151 -2.95273 -0.532498
5.0982 -2.95696 -0.563558
5.11293 -2.96563 -0.532236
5.11566 -2.96721 -0.524209
5.12781 -2.97422 -0.523244
5.13748 -2.97949 -0.49873
5.14204 -2.98186 -0.480549
5.14454 -2.9832 -0.492276
5.15384 -2.98845 -0.513908
5.16231 -2.99337 -0.526331
5.17068 -2.99842 -0.542369
5.17965 -3.00383 -0.542255
5.18027 -3.00418 -0.519757
5.18495 -3.00681 -0.512855
5.19005 -3.00974 -0.521337
5.19564 -3.01328 -0.564254
5.2155 -3.02647 -0.586227
5.23042 -3.03633 -0.584157
5.23568 -3.03949 -0.540022
True
0.268059
