4.48835 0.002869 2.90021
4.45919 0.0123748 2.82639
4.42481 0.0273199 2.73161
4.37917 0.0475215 2.72487
4.33776 0.0715732 2.61536
4.31011 0.0908659 2.53248
4.275 0.11831 2.47804
4.25575 0.135693 2.4072
4.25156 0.139615 2.38947
4.24484 0.1463 2.35879
4.22821 0.163246 2.34682
4.20219 0.193105 2.28759
4.17244 0.228642 2.26773
4.14078 0.267297 2.25698
4.11397 0.302516 2.2216
4.08414 0.342528 2.2114
4.05948 0.378863 2.16712
4.03807 0.411642 2.14927
4.01179 0.453491 2.13162
3.98819 0.493848 2.09979
3.96687 0.534975 2.0492
3.94584 0.574208 2.06272
3.92759 0.61734 1.97109
3.9103 0.656386 1.98763
3.89265 0.70166 1.94265
3.87339 0.74715 1.97134
3.85568 0.792035 1.94658
3.84005 0.838843 1.89299
3.82411 0.879071 1.94803
3.80692 0.91854 1.98156
3.79631 0.941097 2.01054
3.77906 0.985528 1.94115
3.76836 1.01641 1.90443
3.75969 1.04145 1.9039
3.74398 1.08268 1.93484
3.72782 1.12493 1.93613
3.71224 1.16245 1.96432
3.70087 1.19354 1.92145
3.68041 1.23785 2.00343
3.67811 1.24284 2.00208
3.66961 1.26098 2.00888
3.65935 1.28347 1.99884
3.64742 1.31227 1.96362
3.63069 1.35553 1.93986
3.61174 1.39991 1.97429
3.59232 1.44567 1.97218
3.57815 1.48542 1.91316
3.5628 1.53299 1.88296
3.54772 1.5758 1.90955
3.53288 1.62339 1.87295
3.51787 1.67097 1.87644
3.50523 1.70823 1.89783
3.48575 1.75428 1.97111
3.46518 1.79864 2.00488
3.44643 1.8404 1.99287
3.4292 1.88 1.98116
3.41612 1.90837 2.00277
3.39915 1.94472 2.0075
3.37724 1.98385 2.08123
3.3531 2.0242 2.11002
3.3364 2.05285 2.09861
3.3204 2.08109 2.08621
3.30281 2.11302 2.07419
3.2791 2.15285 2.1079
3.25203 2.19489 2.14284
3.22924 2.22817 2.17133
3.20218 2.26474 2.20778
3.17352 2.30562 2.18225
3.15175 2.33563 2.19834
3.12321 2.37665 2.17866
3.09416 2.41693 2.19554
3.0644 2.45482 2.2368
3.03641 2.49126 2.22565
3.00721 2.53159 2.19745
2.97716 2.56994 2.23549
2.9541 2.59945 2.23412
2.92246 2.63783 2.26029
2.89687 2.67045 2.23592
2.87434 2.6985 2.24759
2.85608 2.71932 2.29052
2.82304 2.75684 2.29283
2.79353 2.79044 2.29143
2.76412 2.82902 2.22223
2.73437 2.864 2.27554
2.70329 2.89902 2.29658
2.67279 2.93429 2.2839
2.64269 2.96647 2.32282
2.60804 3.00246 2.3372
2.57456 3.0331 2.40045
2.5361 3.06504 2.44861
2.49913 3.0987 2.40294
2.46257 3.13243 2.39643
2.42516 3.16552 2.41732
2.39302 3.19149 2.46211
2.35391 3.22262 2.46939
2.31693 3.24958 2.51166
2.27774 3.27628 2.54338
2.2358 3.30337 2.56809
2.20955 3.32 2.57683
2.17801 3.34106 2.55298
2.13883 3.36613 2.57236
2.09636 3.39063 2.61836
2.05622 3.41446 2.60577
2.01186 3.43753 2.66211
1.97043 3.46258 2.59782
1.93143 3.487 2.58216
1.89155 3.51052 2.6086
1.84931 3.5348 2.61995
1.81532 3.55419 2.62321
1.7765 3.5752 2.64548
1.73362 3.60092 2.60135
1.68975 3.62489 2.64142
1.64622 3.64739 2.66452
1.60822 3.66701 2.66503
1.5633 3.68897 2.68682
1.52486 3.70879 2.6656
1.48137 3.73237 2.64483
1.43858 3.75516 2.65216
1.39325 3.77429 2.74239
1.34818 3.79496 2.71154
1.30517 3.81399 2.72501
1.25858 3.8313 2.78578
1.21283 3.84806 2.79061
1.17457 3.86085 2.8189
1.13458 3.87553 2.78963
1.09383 3.88855 2.8324
1.04855 3.90408 2.8112
1.01244 3.91719 2.79344
0.966833 3.93136 2.84019
0.932963 3.9409 2.86721
0.897954 3.95099 2.86107
0.84951 3.9625 2.90824
0.804731 3.96957 2.98489
0.757604 3.97803 2.96416
0.708225 3.98572 2.98691
0.659228 3.99292 2.99586
0.62104 3.99841 2.99864
0.594729 4.00061 3.05816
0.548609 4.00679 3.00857
0.49915 4.01143 3.04791
0.473381 4.01219 3.11218
0.429958 4.01471 3.08371
0.38431 4.01597 3.11385
0.334461 4.01782 3.10451
0.300791 4.01881 3.1122
0.252417 4.0196 3.12539
0.21204 4.02131 3.09929
0.1621 4.02334 3.10094
0.117008 4.02445 3.11703
0.0743471 4.02645 3.09474
0.0293071 4.02886 3.08813
-0.0127871 4.03088 3.0935
-0.0466838 4.03209 3.10607
-0.0877825 4.0316 3.15352
-0.126142 4.02966 -3.09111
-0.166884 4.02776 -3.09509
-0.212328 4.02635 -3.11059
-0.24285 4.02509 -3.10033
-0.292206 4.02091 -3.05705
-0.341409 4.01625 -3.0472
-0.388168 4.01093 -3.02836
-0.433961 4.00423 -2.99633
-0.48319 3.99791 -3.01373
-0.520771 3.99264 -3.00237
-0.553475 3.98793 -2.99844
-0.599409 3.98133 -2.99902
-0.632877 3.97717 -3.01781
-0.670016 3.97246 -3.01538
-0.696786 3.9679 -2.97295
-0.745853 3.95961 -2.97435
-0.785996 3.95294 -2.97678
-0.83132 3.94344 -2.93497
-0.872214 3.93479 -2.9332
-0.92129 3.92583 -2.96101
-0.966163 3.91517 -2.9083
-1.01282 3.9023 -2.87244
-1.0612 3.88983 -2.88938
-1.10864 3.87632 -2.86415
-1.15711 3.8645 -2.90236
-1.20155 3.85441 -2.91833
-1.24404 3.84456 -2.91393
-1.28173 3.83444 -2.87935
-1.32363 3.82192 -2.85108
-1.37116 3.80814 -2.85949
-1.41672 3.79245 -2.80978
-1.4611 3.77751 -2.81692
-1.50099 3.76249 -2.7815
-1.54767 3.74459 -2.77537
-1.59254 3.72668 -2.76196
-1.63782 3.70746 -2.74003
-1.68422 3.68894 -2.76192
-1.72854 3.67144 -2.76548
-1.76806 3.65531 -2.75412
-1.81261 3.63375 -2.69097
-1.85464 3.6136 -2.69445
-1.89902 3.59269 -2.70129
-1.93956 3.57228 -2.67525
-1.98202 3.54932 -2.64579
-2.02316 3.52807 -2.66477
-2.06405 3.50481 -2.62455
-2.10717 3.48056 -2.62916
-2.15105 3.45718 -2.65209
-2.19537 3.43404 -2.66043
-2.22905 3.4162 -2.65446
-2.26109 3.39862 -2.63971
-2.30268 3.37608 -2.64487
-2.34479 3.35455 -2.6692
-2.38651 3.33154 -2.63744
-2.43017 3.30719 -2.63281
-2.47077 3.28199 -2.58604
-2.50724 3.25976 -2.59431
-2.54644 3.23349 -2.55111
-2.58831 3.20644 -2.56811
-2.62841 3.18021 -2.56217
-2.66458 3.15666 -2.56456
-2.70525 3.13136 -2.58511
-2.74606 3.10396 -2.55027
-2.78131 3.07874 -2.52063
-2.81808 3.05063 -2.48889
-2.85488 3.01989 -2.44571
-2.89291 2.98758 -2.43729
-2.92888 2.95656 -2.43002
-2.96256 2.9272 -2.42447
-2.99931 2.89344 -2.39854
-3.02542 2.86856 -2.38024
-3.05905 2.83391 -2.34136
-3.08352 2.80982 -2.36409
-3.11442 2.77816 -2.34402
-3.14199 2.74735 -2.3007
-3.16976 2.71578 -2.29238
-3.19744 2.68521 -2.3064
-3.21929 2.66138 -2.31303
-3.25112 2.62828 -2.33665
-3.27618 2.60196 -2.33157
-3.30094 2.57734 -2.35922
-3.33352 2.54805 -2.40934
-3.36475 2.51951 -2.40105
-3.3981 2.48747 -2.37636
-3.42256 2.46278 -2.35149
-3.44506 2.4384 -2.31607
-3.45933 2.42249 -2.30179
-3.47697 2.4053 -2.36935
-3.48688 2.39561 -2.36738
-3.48819 2.39424 -2.33196
-3.49031 2.392 -2.32808
-3.50196 2.38052 -2.36366
-3.50933 2.37251 -2.3148
-3.51474 2.36737 -2.38197
-3.53416 2.34709 -2.3342
-3.53951 2.34098 -2.29028
-3.54577 2.33377 -2.28586
-3.55991 2.31678 -2.2649
-3.58065 2.29361 -2.30082
-3.59392 2.27768 -2.26578
-3.61272 2.25513 -2.26576
-3.62705 2.23866 -2.2867
-3.65138 2.20733 -2.23094
-3.68229 2.16851 -2.24336
-3.70147 2.14555 -2.2666
-3.71978 2.12345 -2.26272
-3.73749 2.1013 -2.24538
-3.75216 2.08421 -2.27976
-3.77669 2.05557 -2.27926
-3.79897 2.02951 -2.27814
-3.82456 1.99694 -2.23659
-3.85461 1.95837 -2.23276
-3.87661 1.93015 -2.23284
-3.89504 1.904 -2.18483
-3.91799 1.87005 -2.16534
-3.93659 1.8419 -2.1546
-3.94272 1.832 -2.1251
-3.94917 1.82026 -2.07316
-3.96656 1.79044 -2.0987
-3.96991 1.7846 -2.09201
-3.9796 1.76803 -2.10011
-3.98591 1.75749 -2.10964
-3.99847 1.73684 -2.11766
-4.0082 1.72115 -2.12551
-4.0171 1.70764 -2.1534
-4.03063 1.68981 -2.21988
-4.03815 1.68005 -2.22726
-4.03454 1.68446 -2.25613
-4.04298 1.67401 -2.2504
-4.04817 1.66732 -2.22983
-4.06361 1.64704 -2.22166
-4.07071 1.63716 -2.19387
-4.07885 1.62582 -2.19326
-4.08582 1.61727 -2.25455
-4.09783 1.60293 -2.26813
-4.10607 1.59261 -2.24491
-4.10993 1.58777 -2.2437
-4.12447 1.56996 -2.25525
-4.13532 1.55721 -2.27608
-4.1429 1.54887 -2.30796
-4.15275 1.53735 -2.27854
-4.15958 1.5291 -2.26225
-4.16351 1.52438 -2.26523
-4.17363 1.51133 -2.23027
-4.1845 1.49775 -2.24596
-4.19006 1.49146 -2.29452
-4.19156 1.48981 -2.31052
-4.19354 1.48762 -2.30448
-4.2134 1.46797 -2.36162
-4.22959 1.4528 -2.38852
-4.23333 1.44956 -2.42747
-4.24227 1.44119 -2.38986
-4.24828 1.43507 -2.34614
-4.26059 1.42138 -2.3033
-4.26951 1.41157 -2.30856
-4.27595 1.40365 -2.25384
True
0.186151
