-5.4694 0.823203 -0.0786426
-5.43212 0.821535 -0.044699
-5.38375 0.819133 -0.0496111
-5.34124 0.817667 -0.0344905
-5.29134 0.815854 -0.0363024
-5.24178 0.813701 -0.0434283
-5.19202 0.811059 -0.0530287
-5.14286 0.806446 -0.0935672
-5.09793 0.801585 -0.107782
-5.06001 0.796862 -0.123898
-5.01113 0.791297 -0.113364
-4.96132 0.787217 -0.0817214
-4.92017 0.783144 -0.0986653
-4.8706 0.779839 -0.0665844
-4.82212 0.775793 -0.0832608
-4.77258 0.771727 -0.0818945
-4.73306 0.767177 -0.114626
-4.68469 0.758605 -0.1754
-4.64166 0.749424 -0.210173
-4.59966 0.739079 -0.241507
-4.5555 0.726632 -0.274751
-4.50992 0.711826 -0.314108
-4.46407 0.69905 -0.271711
-4.41631 0.684265 -0.300235
-4.37552 0.672039 -0.29122
-4.32735 0.658943 -0.26547
-4.28242 0.646033 -0.279759
-4.23555 0.63042 -0.321578
-4.18744 0.61731 -0.26601
-4.14757 0.605608 -0.285542
-4.1074 0.591103 -0.34651
-4.06024 0.576069 -0.30859
-4.01526 0.56036 -0.336011
-3.96936 0.545643 -0.310257
-3.9269 0.533359 -0.281634
-3.8791 0.519149 -0.288979
-3.83908 0.50779 -0.276514
-3.79296 0.494969 -0.271146
-3.74973 0.483355 -0.262485
-3.70129 0.47129 -0.244074
-3.66693 0.464231 -0.202635
-3.6195 0.452283 -0.246785
-3.57173 0.44045 -0.242825
-3.53303 0.430766 -0.245238
-3.49616 0.422881 -0.21066
-3.45264 0.414573 -0.188605
-3.40324 0.406934 -0.153427
-3.35615 0.398883 -0.169327
-3.31182 0.390851 -0.17928
-3.2627 0.383162 -0.155256
-3.21356 0.374339 -0.177631
-3.16634 0.364565 -0.204132
-3.13574 0.358978 -0.180575
-3.08744 0.349114 -0.201466
-3.03856 0.33882 -0.207556
-2.993 0.329265 -0.206757
-2.95554 0.32253 -0.17786
-2.91 0.313379 -0.198305
-2.86093 0.304205 -0.184822
-2.81254 0.293948 -0.208907
-2.76628 0.284519 -0.20107
-2.71819 0.273431 -0.226588
-2.67803 0.263586 -0.240409
-2.62927 0.252936 -0.215009
-2.58001 0.244456 -0.170484
-2.53443 0.237303 -0.155669
-2.49427 0.230936 -0.157232
-2.44787 0.224479 -0.138256
-2.40198 0.216753 -0.166808
-2.35264 0.208971 -0.156457
-2.30568 0.20112 -0.165642
-2.25707 0.19334 -0.158685
-2.20833 0.186705 -0.135321
-2.15873 0.180748 -0.119518
-2.10912 0.175005 -0.115253
-2.06158 0.168425 -0.137535
-2.01516 0.161264 -0.153052
-1.96529 0.157818 -0.0689994
-1.91605 0.152641 -0.104748
-1.86893 0.146353 -0.132663
-1.82008 0.139872 -0.131904
-1.77043 0.134358 -0.110588
-1.72389 0.127569 -0.144865
-1.6754 0.122087 -0.112575
-1.62809 0.115354 -0.141381
-1.58222 0.110372 -0.108169
-1.53466 0.105782 -0.0962307
-1.49302 0.100594 -0.123941
-1.44356 0.0933557 -0.145324
-1.40147 0.0867941 -0.154624
-1.35514 0.0802577 -0.140167
-1.31075 0.0735351 -0.150308
-1.26255 0.0659666 -0.155755
-1.21367 0.0604414 -0.112552
-1.16415 0.0535392 -0.138488
-1.121 0.0485023 -0.116214
-1.07819 0.0423717 -0.142236
-1.02951 0.0323616 -0.202805
-0.988019 0.0235978 -0.208153
-0.940451 0.0148582 -0.181705
-0.892659 0.00713513 -0.160211
-0.84354 -0.00120791 -0.168251
-0.794689 -0.0116985 -0.211534
-0.746369 -0.0201277 -0.172704
-0.704438 -0.027297 -0.169343
-0.656918 -0.0359562 -0.180245
-0.610991 -0.0438916 -0.171092
-0.561496 -0.0504866 -0.132467
-0.514236 -0.0581548 -0.160853
-0.468689 -0.064667 -0.142015
-0.419599 -0.0712399 -0.133104
-0.373457 -0.0775985 -0.13694
-0.32605 -0.08493 -0.153436
-0.29108 -0.0896854 -0.135157
-0.244059 -0.095577 -0.124648
-0.209089 -0.102177 -0.186548
-0.162208 -0.11197 -0.205926
-0.117925 -0.120908 -0.199157
-0.0697382 -0.130852 -0.203513
-0.021648 -0.141581 -0.219492
0.0178551 -0.148037 -0.16202
0.0675941 -0.152965 -0.0987487
0.115657 -0.160988 -0.165392
0.163255 -0.169105 -0.168912
0.212422 -0.178138 -0.181695
0.258335 -0.189409 -0.240722
0.294729 -0.197407 -0.216337
0.341376 -0.208205 -0.227461
0.39016 -0.218951 -0.216815
0.437525 -0.228295 -0.194777
0.486438 -0.237724 -0.190433
0.534632 -0.245364 -0.157234
0.583467 -0.255678 -0.208143
0.631681 -0.264832 -0.187627
0.676399 -0.273548 -0.192485
0.719381 -0.282331 -0.201562
0.768115 -0.293504 -0.225386
0.815892 -0.305419 -0.244393
0.864035 -0.317503 -0.245932
0.912765 -0.32814 -0.214897
0.954854 -0.336937 -0.206053
1.00405 -0.345293 -0.168236
1.05114 -0.353264 -0.167688
1.10028 -0.361072 -0.157596
1.14984 -0.367021 -0.119445
1.19245 -0.372829 -0.135472
1.23502 -0.377649 -0.112769
1.28034 -0.382262 -0.101419
1.32212 -0.38842 -0.146347
1.36544 -0.394469 -0.138711
1.41186 -0.400445 -0.128074
1.45868 -0.408789 -0.17633
1.50672 -0.416063 -0.150302
1.55601 -0.421415 -0.108145
1.60524 -0.425783 -0.0885019
1.64487 -0.430141 -0.109516
1.69437 -0.437017 -0.138023
1.74254 -0.443739 -0.138665
1.78869 -0.448992 -0.113334
1.8384 -0.452911 -0.0786766
1.87518 -0.456007 -0.0839747
1.92453 -0.46118 -0.104448
1.9741 -0.467663 -0.130031
2.01866 -0.474748 -0.157701
2.06801 -0.482062 -0.147113
2.10751 -0.48685 -0.12064
2.15169 -0.492861 -0.135216
2.19001 -0.496045 -0.0829012
2.2348 -0.499795 -0.0835385
2.27838 -0.503745 -0.090375
2.3271 -0.509108 -0.109633
2.37633 -0.514166 -0.102401
2.42461 -0.521394 -0.148601
2.46977 -0.529441 -0.176314
2.51267 -0.538123 -0.199717
2.55989 -0.545832 -0.161821
2.60889 -0.552461 -0.134469
2.65795 -0.561621 -0.18456
2.70621 -0.569655 -0.164971
2.75411 -0.58037 -0.220069
2.79904 -0.590882 -0.229833
2.84676 -0.604074 -0.26971
2.89354 -0.614952 -0.228482
2.94226 -0.62597 -0.222416
2.99088 -0.635797 -0.199416
3.03791 -0.644888 -0.190945
3.08227 -0.655065 -0.225534
3.12086 -0.662349 -0.186585
3.15557 -0.66914 -0.193176
3.18824 -0.67469 -0.168278
3.22918 -0.684877 -0.243844
3.27789 -0.695181 -0.208476
3.32546 -0.706181 -0.227251
3.37351 -0.717707 -0.235418
3.40962 -0.728775 -0.297458
3.44967 -0.741616 -0.310234
3.49781 -0.754467 -0.260895
3.54377 -0.763986 -0.204227
3.5899 -0.773925 -0.212215
3.62637 -0.781594 -0.207229
3.6748 -0.792502 -0.221527
3.71437 -0.801049 -0.21273
3.73797 -0.80656 -0.229415
3.76089 -0.811647 -0.218443
3.77486 -0.814394 -0.194185
3.80054 -0.819409 -0.192801
3.82865 -0.825449 -0.211688
3.86156 -0.832272 -0.204388
3.89893 -0.84058 -0.218785
3.9401 -0.850913 -0.245916
3.98034 -0.861895 -0.266405
4.01448 -0.872162 -0.292096
4.06052 -0.885893 -0.289857
4.09972 -0.897713 -0.292882
4.12565 -0.905091 -0.277211
4.15634 -0.913871 -0.278622
4.19444 -0.92472 -0.277416
4.23322 -0.934298 -0.242118
4.25987 -0.940064 -0.213114
4.27163 -0.942412 -0.197076
4.28482 -0.945229 -0.210436
4.31825 -0.951409 -0.182797
4.33498 -0.954117 -0.160478
4.36213 -0.958327 -0.153818
4.4068 -0.965325 -0.15539
4.44043 -0.970675 -0.157786
4.46852 -0.974956 -0.151254
4.50349 -0.980244 -0.150067
4.5412 -0.986006 -0.151621
4.56909 -0.98933 -0.118632
4.60378 -0.994891 -0.158935
4.62955 -0.999677 -0.183604
4.67219 -1.00726 -0.175935
4.68721 -1.01009 -0.18674
4.70785 -1.01379 -0.177036
4.7379 -1.01847 -0.154618
4.75357 -1.02026 -0.113416
4.77279 -1.02173 -0.0767087
4.78645 -1.02252 -0.0575676
4.80834 -1.02362 -0.0501475
4.84795 -1.02716 -0.0890958
4.88481 -1.03132 -0.112436
4.91833 -1.03535 -0.119572
4.94116 -1.03821 -0.124728
4.95323 -1.03958 -0.112815
4.96097 -1.04058 -0.128588
4.97275 -1.04182 -0.105007
4.98398 -1.0428 -0.0874247
4.99337 -1.04337 -0.060474
5.00834 -1.04365 -0.0182876
5.01784 -1.04398 -0.0349549
5.03692 -1.04425 -0.0141642
5.05851 -1.0441 0.00701369
5.06748 -1.0437 0.0442722
5.08334 -1.04191 0.112545
5.10888 -1.03823 0.142785
5.12676 -1.03476 0.191769
5.13061 -1.03381 0.243876
5.14408 -1.02994 0.279271
5.15635 -1.02708 0.228899
5.17711 -1.02381 0.156281
5.18247 -1.0232 0.113044
5.18483 -1.02302 0.0785746
5.20197 -1.02205 0.056557
5.21728 -1.02208 -0.00219876
True
0.0690068
