-5.45228 -0.33371 -0.0712883
-5.40236 -0.336487 -0.0555699
-5.35471 -0.341136 -0.0972411
-5.30526 -0.34826 -0.143107
-5.2608 -0.352177 -0.0878535
-5.21764 -0.358503 -0.145542
-5.17063 -0.366084 -0.159917
-5.12753 -0.373521 -0.17085
-5.08445 -0.379006 -0.126635
-5.03616 -0.386536 -0.154696
-4.98681 -0.394514 -0.160264
-4.94763 -0.39969 -0.131341
-4.89832 -0.407982 -0.166625
-4.84895 -0.413495 -0.11119
-4.80361 -0.418611 -0.112366
-4.7554 -0.42383 -0.107832
-4.70732 -0.42934 -0.114115
-4.65808 -0.433934 -0.0930201
-4.62672 -0.43742 -0.11071
-4.58018 -0.440678 -0.0698883
-4.53022 -0.440698 -0.000407673
-4.48026 -0.442218 -0.0304122
-4.43445 -0.442489 -0.00590206
-4.38955 -0.440561 0.042904
-4.34281 -0.437262 0.0704802
-4.29394 -0.432803 0.0909776
-4.24651 -0.427929 0.102405
-4.19737 -0.422956 0.100854
-4.15354 -0.41834 0.104934
-4.1108 -0.412989 0.124542
-4.06812 -0.405393 0.176117
-4.02257 -0.399124 0.136777
-3.97424 -0.388966 0.207172
-3.92532 -0.379426 0.192584
-3.87679 -0.36737 0.243523
-3.83579 -0.355397 0.284127
-3.79873 -0.34373 0.304929
-3.75786 -0.330209 0.319528
-3.71916 -0.316781 0.33394
-3.67217 -0.301335 0.317615
-3.63922 -0.289822 0.336116
-3.60077 -0.276912 0.323958
-3.55957 -0.260677 0.375398
-3.52215 -0.245552 0.38406
-3.47702 -0.226267 0.403826
-3.43386 -0.208519 0.390155
-3.39254 -0.191706 0.386483
-3.34964 -0.172896 0.413143
-3.30797 -0.156735 0.369984
-3.26108 -0.139459 0.352999
-3.21662 -0.119263 0.426438
-3.17971 -0.103179 0.410898
-3.13287 -0.0857001 0.357149
-3.08658 -0.0668098 0.387489
-3.04382 -0.0486963 0.400723
-2.9981 -0.029506 0.397341
-2.9518 -0.0123056 0.355735
-2.9051 0.004285 0.341315
-2.86166 0.0186837 0.320107
-2.81471 0.0353264 0.340676
-2.77415 0.0469735 0.279578
-2.72717 0.0568883 0.208019
-2.68076 0.0687545 0.250311
-2.63232 0.0808834 0.245352
-2.58726 0.0906158 0.212713
-2.53841 0.100842 0.206345
-2.49576 0.108584 0.179579
-2.44955 0.115104 0.140164
-2.40093 0.122107 0.143055
-2.35537 0.129248 0.155465
-2.30588 0.136126 0.13809
-2.25721 0.146201 0.204137
-2.2082 0.153226 0.142366
-2.16477 0.160627 0.168789
-2.12082 0.17007 0.21164
-2.07167 0.176921 0.13852
-2.02232 0.181072 0.0839028
-1.97739 0.186581 0.12199
-1.93019 0.190632 0.0856147
-1.88594 0.195249 0.103975
-1.83659 0.199315 0.0821914
-1.78718 0.205139 0.117353
-1.74668 0.207966 0.0696801
-1.70288 0.211225 0.0742666
-1.6553 0.215876 0.0974494
-1.60551 0.218832 0.0592876
-1.55881 0.223323 0.0958907
-1.5106 0.226711 0.0701662
-1.46092 0.228032 0.0265711
-1.41244 0.228017 -0.000301624
-1.36463 0.228426 0.00855622
-1.31656 0.225904 -0.0524147
-1.27499 0.222948 -0.0710029
-1.22535 0.21734 -0.112507
-1.17619 0.209156 -0.164933
-1.14199 0.203317 -0.169143
-1.09624 0.195995 -0.158679
-1.05089 0.189738 -0.137109
-1.00149 0.182145 -0.152511
-0.955036 0.176038 -0.130706
-0.911062 0.170332 -0.129041
-0.861653 0.162892 -0.149469
-0.812216 0.157123 -0.116157
-0.767607 0.150184 -0.154321
-0.724553 0.142085 -0.185945
-0.675301 0.134285 -0.157063
-0.634084 0.126231 -0.192967
-0.584729 0.118224 -0.160836
-0.535769 0.108078 -0.204344
-0.488937 0.0986105 -0.199463
-0.443213 0.0878593 -0.230938
-0.401474 0.0797452 -0.192005
-0.352361 0.0704426 -0.187195
-0.315082 0.0622736 -0.215721
-0.278226 0.053311 -0.238547
-0.240302 0.0467232 -0.171994
-0.193839 0.0382971 -0.1794
-0.147989 0.0283618 -0.213392
-0.0991165 0.0198048 -0.173333
-0.0605669 0.00940298 -0.263552
-0.0207218 -0.00157816 -0.26892
0.0260363 -0.0153668 -0.286765
0.0630989 -0.0280484 -0.329679
0.109897 -0.0414087 -0.27809
0.156179 -0.0550376 -0.286383
0.203878 -0.0699672 -0.303338
0.248197 -0.0811148 -0.246418
0.291329 -0.0915626 -0.23765
0.340128 -0.102415 -0.218837
0.385914 -0.11508 -0.269863
0.432063 -0.125621 -0.22455
0.478977 -0.136922 -0.236384
0.526688 -0.147786 -0.223886
0.575093 -0.160309 -0.253173
0.620291 -0.170437 -0.220425
0.668873 -0.18193 -0.2323
0.701998 -0.189635 -0.228538
0.748908 -0.19949 -0.207083
0.786725 -0.208923 -0.244453
0.833358 -0.220194 -0.237146
0.880392 -0.232026 -0.246435
0.92863 -0.241327 -0.190493
0.969619 -0.250895 -0.229311
1.0036 -0.258378 -0.216746
1.05198 -0.270245 -0.240535
1.09777 -0.281631 -0.243718
1.1464 -0.292974 -0.229145
1.18882 -0.303969 -0.253609
1.23405 -0.31345 -0.206632
1.27534 -0.31928 -0.140294
1.32194 -0.324282 -0.106918
1.37164 -0.325785 -0.0302252
1.41934 -0.327936 -0.0450579
1.46406 -0.330467 -0.056556
1.51054 -0.33275 -0.0490747
1.55853 -0.335321 -0.0535193
1.60679 -0.337757 -0.0504239
1.65675 -0.339276 -0.0304127
1.70427 -0.340275 -0.0210115
1.74763 -0.342556 -0.0525548
1.79762 -0.341423 0.0226497
1.84667 -0.339928 0.0304726
1.89016 -0.339616 0.00718035
1.93956 -0.341073 -0.0294898
1.98955 -0.340862 0.00422356
2.03318 -0.341763 -0.0206403
2.08182 -0.343479 -0.0352653
2.12524 -0.34493 -0.0334044
2.17523 -0.345879 -0.0189963
2.22468 -0.344158 0.0347909
2.2704 -0.343245 0.0199661
2.31514 -0.34255 0.0155514
2.35964 -0.344292 -0.0391328
2.40342 -0.346067 -0.0405306
2.45131 -0.34949 -0.0713502
2.49269 -0.351602 -0.0509863
2.54091 -0.354106 -0.0518751
2.58194 -0.355522 -0.0345021
2.60987 -0.355203 0.011419
2.6555 -0.355505 -0.00661829
2.70544 -0.356997 -0.0298701
2.74432 -0.356361 0.0163507
2.78562 -0.354825 0.0371694
2.83439 -0.3524 0.0496981
2.88163 -0.3493 0.0655205
2.93134 -0.346189 0.0625034
2.9756 -0.341971 0.0950261
3.01456 -0.339274 0.0690913
3.06285 -0.335999 0.067726
3.10402 -0.332526 0.0841613
3.15366 -0.328399 0.0829354
3.19624 -0.32503 0.0789822
3.23712 -0.32086 0.101647
3.28113 -0.319186 0.0380183
3.32554 -0.317084 0.0472963
3.37036 -0.31549 0.0355511
3.40856 -0.313642 0.0483238
3.44109 -0.312412 0.0377944
3.49073 -0.310926 0.0299357
3.52549 -0.310535 0.0112531
3.56095 -0.311264 -0.0205704
3.60521 -0.312642 -0.0311308
3.64979 -0.314442 -0.0403542
3.69461 -0.315561 -0.0249433
3.73355 -0.31513 0.0110531
3.77405 -0.315892 -0.0188173
3.81771 -0.315666 0.00517756
3.8495 -0.31699 -0.0416036
3.87786 -0.317819 -0.0292451
3.91658 -0.318901 -0.0279242
3.95394 -0.321963 -0.0817649
3.98027 -0.324077 -0.0801546
3.99645 -0.325587 -0.0930157
4.04099 -0.328651 -0.0686932
4.0794 -0.330165 -0.0393808
4.11855 -0.331567 -0.035804
4.15903 -0.332536 -0.0239418
4.18258 -0.33385 -0.055747
4.21592 -0.335639 -0.0535905
4.23433 -0.336207 -0.030822
4.24954 -0.336839 -0.0415394
4.2689 -0.337379 -0.0278867
4.27406 -0.337449 -0.013602
4.29763 -0.337639 -0.00804913
4.31862 -0.338484 -0.0402486
4.33492 -0.338839 -0.0217938
4.35166 -0.338863 -0.00143123
4.3622 -0.338799 0.00611242
4.38456 -0.338535 0.0118042
4.41831 -0.337463 0.0317459
4.4576 -0.337072 0.00996808
4.47514 -0.336539 0.0303257
4.49801 -0.335988 0.0241038
4.52056 -0.33509 0.039798
4.543 -0.334111 0.0436245
4.57062 -0.333849 0.00946464
4.60433 -0.332759 0.0323149
4.63807 -0.331891 0.0257325
4.6781 -0.330924 0.0241624
4.71699 -0.329879 0.0268535
4.75931 -0.329909 -0.000718229
4.79499 -0.328808 0.0308608
4.81355 -0.328433 0.0201702
4.82986 -0.327901 0.0326451
4.85604 -0.3268 0.0420116
4.8826 -0.327435 -0.0238892
4.90178 -0.328582 -0.0596979
4.9191 -0.329851 -0.0731614
4.93906 -0.330521 -0.033575
4.94656 -0.33084 -0.042448
4.95211 -0.331232 -0.0704963
4.95951 -0.331973 -0.0999086
4.97528 -0.332645 -0.042515
4.98616 -0.332432 0.0195879
4.99423 -0.332061 0.045844
5.00583 -0.331851 0.0181004
5.01104 -0.331869 -0.00338001
5.01488 -0.332083 -0.0557195
5.02321 -0.332446 -0.0434786
5.02586 -0.332348 0.0369027
5.03515 -0.331821 0.0566234
5.03613 -0.331768 0.0542465
5.04877 -0.331011 0.0597529
5.05804 -0.330308 0.0756993
5.06597 -0.329737 0.0719761
5.06844 -0.329593 0.0582503
5.08167 -0.329434 0.0120213
5.0871 -0.329382 0.00946612
5.11257 -0.328813 0.0223408
5.11823 -0.328903 -0.0157809
5.12078 -0.328979 -0.0300219
5.13086 -0.329789 -0.0801588
5.15383 -0.331622 -0.0796581
5.16267 -0.332481 -0.0968229
5.17703 -0.335049 -0.176901
5.19538 -0.338226 -0.171481
5.19345 -0.337797 -0.218666
5.20836 -0.340753 -0.195662
True
0.26057
