4.47685 0.000342998 -3.15641
4.45583 0.000643338 3.12731
4.43761 0.00103103 3.12032
4.42108 0.00190956 3.08848
4.4014 0.00279682 3.09655
4.38405 0.00354845 3.0983
4.36019 0.0055013 3.05993
4.34397 0.00681861 3.06053
4.32438 0.00820306 3.07105
4.30717 0.00947014 3.06809
4.29137 0.0100089 3.10751
4.27335 0.0110338 3.08478
4.26324 0.0116047 3.08515
4.24461 0.0129232 3.07094
4.21747 0.0142428 3.09301
4.20655 0.0146245 3.10666
4.19411 0.0153181 3.08592
4.17621 0.0172172 3.03584
4.15029 0.0191695 3.06642
4.13455 0.0197441 3.10509
4.12493 0.0200258 3.11234
4.10873 0.0212163 3.06821
4.0962 0.0228957 3.00835
4.08805 0.0239836 3.009
4.07594 0.0259662 2.97926
4.06646 0.0264936 3.086
4.04436 0.0264199 3.14493
4.02459 0.0254425 -3.09219
4.01923 0.0250461 -3.06776
3.98759 0.0197683 -2.97632
3.98327 0.018863 -2.93481
3.96753 0.0144997 -2.87122
3.9526 0.0099702 -2.84705
3.9269 0.00284384 -2.87106
3.91032 -0.00265731 -2.82132
3.89489 -0.00934532 -2.7325
3.87273 -0.0205912 -2.67193
3.86127 -0.0272366 -2.61615
3.85237 -0.033703 -2.51357
3.84237 -0.0426716 -2.41052
3.83642 -0.0480678 -2.40471
3.83484 -0.0498855 -2.28591
3.82671 -0.0617541 -2.17157
3.82478 -0.0650896 -2.09385
3.81618 -0.0815727 -2.05191
3.81486 -0.0843425 -2.01552
3.8067 -0.104174 -1.96129
3.79605 -0.135595 -1.8976
3.79132 -0.152528 -1.84274
3.78594 -0.175467 -1.8015
3.77674 -0.218787 -1.78002
3.77534 -0.226689 -1.74598
3.7733 -0.24065 -1.71592
3.77092 -0.25816 -1.70611
3.76887 -0.288976 -1.6372
3.76657 -0.33136 -1.62494
3.76405 -0.379587 -1.62298
3.76079 -0.422957 -1.64579
3.75577 -0.470976 -1.67494
3.75182 -0.514801 -1.66075
3.74647 -0.562448 -1.68268
3.74286 -0.601981 -1.66173
3.73936 -0.649371 -1.64451
3.73517 -0.698653 -1.65564
3.72777 -0.747823 -1.72011
3.72297 -0.784217 -1.70199
3.72132 -0.801109 -1.66846
3.71969 -0.819084 -1.66087
3.71586 -0.839219 -1.75904
3.7113 -0.871323 -1.7118
3.70729 -0.895173 -1.7373
3.70097 -0.933375 -1.73488
3.6899 -0.98205 -1.79441
3.6804 -1.02296 -1.79885
3.66664 -1.07018 -1.85439
3.65377 -1.11649 -1.8418
3.64293 -1.15379 -1.85386
3.63328 -1.18714 -1.85242
3.62098 -1.2236 -1.89602
3.60672 -1.26765 -1.88392
3.59019 -1.31483 -1.90769
3.57332 -1.36186 -1.91525
3.56128 -1.40066 -1.87173
3.55031 -1.44077 -1.83774
3.53798 -1.48303 -1.85467
3.52339 -1.52701 -1.89109
3.50802 -1.57213 -1.89925
3.4946 -1.61013 -1.9101
3.48295 -1.64127 -1.92895
3.46936 -1.68226 -1.89104
3.45591 -1.71586 -1.95145
3.43984 -1.75256 -1.98349
3.42072 -1.79856 -1.96473
3.4063 -1.83003 -2.00055
3.38634 -1.87588 -1.98127
3.36576 -1.91712 -2.03377
3.34914 -1.95084 -2.02855
3.33435 -1.98065 -2.0315
3.31394 -2.02388 -2.01189
3.29428 -2.06191 -2.04787
3.27011 -2.1048 -2.08405
3.25319 -2.13344 -2.10429
3.23454 -2.16525 -2.10105
3.20759 -2.20693 -2.14483
3.18396 -2.24175 -2.16715
3.16214 -2.27099 -2.21188
3.13542 -2.30916 -2.1815
3.11719 -2.33533 -2.179
3.09006 -2.37686 -2.14961
3.06466 -2.41432 -2.16656
3.03604 -2.45283 -2.20986
3.00566 -2.49254 -2.22388
2.97777 -2.53395 -2.16354
2.96044 -2.55994 -2.15907
2.93962 -2.58712 -2.22442
2.90835 -2.62611 -2.24672
2.87806 -2.66109 -2.28452
2.84502 -2.69843 -2.29524
2.81301 -2.73367 -2.30817
2.78976 -2.75532 -2.39163
2.7567 -2.78583 -2.3963
2.72397 -2.81578 -2.40067
2.687 -2.84898 -2.40971
2.66008 -2.87218 -2.43025
2.62152 -2.90398 -2.45211
2.58431 -2.9352 -2.44359
2.54913 -2.96506 -2.43761
2.52218 -2.98615 -2.47758
2.4895 -3.01137 -2.48443
2.45057 -3.03963 -2.51362
2.41301 -3.06635 -2.5234
2.37136 -3.09394 -2.5564
2.33079 -3.11769 -2.61205
2.29448 -3.14186 -2.5542
2.25049 -3.16562 -2.64636
2.20792 -3.19131 -2.59866
2.16648 -3.21454 -2.63062
2.12325 -3.23919 -2.62337
2.08395 -3.26256 -2.60515
2.04274 -3.28636 -2.61795
2.00373 -3.31013 -2.59416
1.9643 -3.33283 -2.61921
1.9333 -3.35014 -2.63244
1.89116 -3.37698 -2.57444
1.84931 -3.40358 -2.57546
1.81067 -3.42815 -2.57521
1.77166 -3.44847 -2.66128
1.72666 -3.47018 -2.69209
1.68183 -3.4909 -2.70871
1.64156 -3.50869 -2.72557
1.60255 -3.52407 -2.76601
1.5667 -3.53892 -2.74882
1.52095 -3.55663 -2.77238
1.47455 -3.57525 -2.75999
1.43601 -3.58834 -2.81413
1.3937 -3.60352 -2.79711
1.34597 -3.61841 -2.8393
1.3167 -3.62894 -2.79625
1.28866 -3.63895 -2.79844
1.25251 -3.65142 -2.80939
1.20513 -3.66737 -2.81689
1.16068 -3.68149 -2.83418
1.11579 -3.69365 -2.87708
1.07826 -3.7052 -2.84299
1.03416 -3.71805 -2.85805
0.986589 -3.7303 -2.88943
0.944016 -3.7426 -2.86041
0.896414 -3.75427 -2.90125
0.85238 -3.76579 -2.88557
0.816359 -3.77544 -2.88004
0.768048 -3.7879 -2.88914
0.724091 -3.79892 -2.89597
0.679752 -3.81011 -2.89436
0.634486 -3.82236 -2.8773
0.588976 -3.83396 -2.89191
0.550025 -3.8429 -2.91615
0.500967 -3.85169 -2.96415
0.458557 -3.86122 -2.92067
0.416087 -3.86756 -2.99344
0.366684 -3.8752 -2.9882
0.326161 -3.87956 -3.03431
0.277816 -3.88506 -3.02837
0.231756 -3.89046 -3.02486
0.182418 -3.89741 -3.00169
0.136804 -3.90123 -3.05795
0.0869235 -3.90445 -3.07723
0.0369402 -3.90573 -3.11593
-0.0130246 -3.90533 -3.14965
-0.0591811 -3.90592 3.15449
-0.104173 -3.90568 -3.14688
-0.149874 -3.90355 3.09498
-0.192137 -3.90016 3.06143
-0.231494 -3.89581 3.03151
-0.281151 -3.89035 3.03211
-0.325944 -3.8859 3.04256
-0.361061 -3.8823 3.03959
-0.410487 -3.87721 3.03886
-0.457085 -3.87144 3.01855
-0.493522 -3.86781 3.04231
-0.534462 -3.8633 3.0318
-0.571183 -3.85797 2.99753
-0.616355 -3.8508 2.98412
-0.655979 -3.84254 2.93612
-0.704917 -3.83245 2.93813
-0.720915 -3.8292 2.94167
-0.752603 -3.8216 2.90603
-0.774503 -3.81668 2.92083
-0.810169 -3.80897 2.92868
-0.854073 -3.79946 2.92819
-0.901372 -3.78791 2.90212
-0.946221 -3.77633 2.88898
-0.988849 -3.76572 2.89751
-1.01485 -3.7597 2.91408
-1.05193 -3.75167 2.92849
-1.08599 -3.74332 2.90104
-1.12783 -3.73025 2.83882
-1.17073 -3.71874 2.87957
-1.21836 -3.70352 2.83223
-1.26035 -3.68908 2.81044
-1.3078 -3.67334 2.82125
-1.35251 -3.65562 2.7642
-1.39921 -3.63833 2.78705
-1.43671 -3.6214 2.71753
-1.48256 -3.6015 2.73208
-1.52864 -3.58209 2.74291
-1.5751 -3.56372 2.76503
-1.61894 -3.54387 2.71653
-1.64839 -3.53107 2.73161
-1.68849 -3.51229 2.70359
-1.73343 -3.49245 2.72584
-1.77713 -3.4688 2.64536
-1.8205 -3.44411 2.62424
-1.86321 -3.41835 2.59883
-1.90653 -3.39452 2.63869
-1.94901 -3.37227 2.659
-1.99266 -3.34804 2.6349
-2.02817 -3.3283 2.63434
-2.0715 -3.30337 2.61945
-2.11192 -3.27748 2.57193
-2.14325 -3.25507 2.52063
-2.18405 -3.22787 2.55367
-2.21797 -3.20338 2.51612
-2.25265 -3.17864 2.52213
-2.29127 -3.14864 2.48114
-2.32862 -3.11908 2.47187
-2.36348 -3.09027 2.45094
-2.39387 -3.06407 2.4302
-2.42297 -3.03824 2.4156
-2.44651 -3.01626 2.39057
-2.48294 -2.98319 2.40448
-2.5176 -2.95051 2.38561
-2.54629 -2.92271 2.37199
-2.57922 -2.89034 2.36478
-2.61484 -2.85527 2.36393
-2.64396 -2.82556 2.34616
-2.67528 -2.79516 2.37102
-2.71057 -2.76039 2.36366
-2.74653 -2.72617 2.38097
-2.7828 -2.69178 2.38275
-2.81741 -2.65817 2.37102
-2.84441 -2.63204 2.37255
-2.87673 -2.6002 2.36356
-2.91212 -2.5652 2.36172
-2.94652 -2.53007 2.34569
-2.97471 -2.50131 2.34624
-2.99798 -2.47657 2.32554
-3.029 -2.44231 2.30662
-3.0616 -2.40763 2.32534
-3.08835 -2.37808 2.3064
-3.1195 -2.34365 2.30626
-3.14596 -2.31305 2.28388
-3.17268 -2.28161 2.27509
-3.20331 -2.24693 2.29429
-3.23105 -2.21328 2.26022
-3.26268 -2.17486 2.25955
-3.29133 -2.13896 2.24434
-3.31717 -2.10558 2.22958
-3.34536 -2.06437 2.17071
-3.37271 -2.02271 2.15184
-3.39978 -1.98212 2.15889
-3.42413 -1.94082 2.10363
-3.44708 -1.90154 2.09939
-3.47084 -1.86112 2.10234
-3.49545 -1.81767 2.08607
-3.51651 -1.77953 2.07525
-3.53744 -1.74145 2.07338
-3.55354 -1.7107 2.05317
-3.57153 -1.67799 2.07371
-3.59321 -1.64184 2.11104
-3.61772 -1.60266 2.12977
-3.64324 -1.56104 2.12083
-3.66944 -1.52014 2.14049
-3.69076 -1.4868 2.13975
-3.71109 -1.45248 2.1055
-3.73661 -1.41125 2.12513
-3.7537 -1.38196 2.09886
-3.77325 -1.34952 2.11322
-3.79581 -1.31307 2.12497
-3.81356 -1.28478 2.13132
-3.83151 -1.25676 2.14052
-3.84083 -1.24105 2.10614
-3.84938 -1.227 2.1178
-3.86162 -1.20451 2.0688
-3.87059 -1.18531 2.0079
-3.87424 -1.1768 1.97619
-3.87943 -1.16535 1.99632
-3.88576 -1.15128 1.99374
-3.89314 -1.13336 1.9616
-3.90107 -1.11226 1.93023
-3.90738 -1.09505 1.92228
-3.91514 -1.07392 1.92243
-3.92886 -1.03223 1.88883
-3.94335 -0.990505 1.90503
-3.9531 -0.959193 1.87284
-3.9633 -0.925473 1.86446
-3.97332 -0.892363 1.86471
-3.97826 -0.874909 1.84659
-3.9857 -0.847821 1.83859
-3.99425 -0.819223 1.86135
-3.99767 -0.808454 1.87832
-4.00061 -0.798652 1.86263
-4.00289 -0.789528 1.81607
-4.00701 -0.771864 1.79941
-4.01284 -0.749606 1.82736
-4.01693 -0.732492 1.80513
-4.0224 -0.712497 1.83802
-4.02168 -0.714781 1.87882
-4.02754 -0.698027 1.90751
-4.0308 -0.687954 1.88363
-4.0421 -0.653213 1.88533
-4.05118 -0.626855 1.90233
-4.05878 -0.607789 1.95037
-4.07357 -0.578382 2.03682
-4.08331 -0.558446 2.02527
-4.0903 -0.543943 2.01951
-4.10477 -0.514997 2.03441
-4.11654 -0.491714 2.03883
-4.1329 -0.461567 2.068
-4.14422 -0.4428 2.11351
-4.15111 -0.430922 2.0969
-4.16257 -0.411766 2.1099
-4.17024 -0.398962 2.11053
-4.17604 -0.389621 2.12637
-4.17909 -0.384555 2.11272
-4.18569 -0.374607 2.15676
-4.19625 -0.359209 2.17163
-4.20175 -0.351491 2.19043
-4.21021 -0.339142 2.1715
-4.21419 -0.33323 2.16267
-4.22054 -0.323783 2.16265
-4.22844 -0.311892 2.1571
-4.23002 -0.309484 2.15166
-4.23291 -0.305242 2.16864
-4.23714 -0.299859 2.23731
-4.23731 -0.299659 2.27634
-4.24647 -0.289751 2.31698
-4.25659 -0.279486 2.34882
-4.26627 -0.270186 2.37665
-4.27792 -0.25813 2.33891
-4.27899 -0.257037 2.34773
-4.28137 -0.25453 2.33015
-4.28622 -0.249444 2.33243
True
0.067561
