-5.47669 -1.28666 0.167592
-5.43489 -1.28054 0.145412
-5.38801 -1.27256 0.168613
-5.33893 -1.26483 0.156144
-5.29723 -1.25737 0.177048
-5.25006 -1.24947 0.165999
-5.20294 -1.24096 0.178703
-5.15534 -1.23255 0.17469
-5.1066 -1.22312 0.191218
-5.06721 -1.21687 0.157252
-5.01843 -1.20641 0.211315
-4.97562 -1.19695 0.217502
-4.92819 -1.18603 0.226211
-4.8792 -1.177 0.182398
-4.83006 -1.16843 0.172548
-4.78486 -1.16113 0.160109
-4.73613 -1.14996 0.225326
-4.69357 -1.14253 0.172799
-4.65458 -1.13444 0.204703
-4.61413 -1.12644 0.195354
-4.56528 -1.11585 0.213361
-4.5182 -1.10408 0.245039
-4.47173 -1.09028 0.288548
-4.42549 -1.07497 0.319822
-4.37851 -1.06066 0.295576
-4.33158 -1.04352 0.350221
-4.28543 -1.02534 0.375319
-4.23927 -1.00617 0.393549
-4.20104 -0.989998 0.400249
-4.15748 -0.969523 0.439397
-4.11547 -0.949831 0.438356
-4.07064 -0.931403 0.390012
-4.0378 -0.916886 0.416169
-3.99512 -0.895849 0.458027
-3.95346 -0.873944 0.484032
-3.90746 -0.854497 0.39995
-3.87057 -0.838218 0.415671
-3.82527 -0.817123 0.435739
-3.78105 -0.794956 0.46467
-3.73881 -0.771286 0.510823
-3.69951 -0.751006 0.476375
-3.65492 -0.728622 0.465237
-3.61627 -0.708486 0.48026
-3.5718 -0.685707 0.473412
-3.52857 -0.660771 0.523187
-3.49565 -0.641612 0.527098
-3.45226 -0.617422 0.50861
-3.41236 -0.594594 0.519666
-3.37344 -0.570761 0.549455
-3.33149 -0.543858 0.570255
-3.2907 -0.517604 0.571924
-3.25421 -0.494924 0.556079
-3.21563 -0.471784 0.54024
-3.17323 -0.44806 0.510079
-3.13277 -0.426031 0.498677
-3.08819 -0.403877 0.461179
-3.04624 -0.382599 0.469404
-3.00099 -0.361404 0.438062
-2.95876 -0.340549 0.458708
-2.92087 -0.321884 0.457674
-2.88309 -0.302997 0.463598
-2.83784 -0.281776 0.438539
-2.79586 -0.262462 0.431186
-2.75043 -0.241591 0.430631
-2.71024 -0.221813 0.457333
-2.67819 -0.207246 0.426579
-2.64349 -0.190369 0.452733
-2.599 -0.167558 0.473758
-2.55591 -0.149141 0.403922
-2.51772 -0.131599 0.430608
-2.472 -0.111446 0.415112
-2.42689 -0.0903627 0.43724
-2.38276 -0.0670252 0.486405
-2.3404 -0.0480438 0.421316
-2.30312 -0.0300131 0.450428
-2.25787 -0.00928982 0.429496
-2.21374 0.00942432 0.401074
-2.16731 0.0277763 0.376418
-2.1215 0.0453687 0.366684
-2.07909 0.0607682 0.348296
-2.03498 0.0773857 0.360251
-1.98862 0.0960824 0.383365
-1.95121 0.111662 0.394597
-1.90466 0.129908 0.373557
-1.85821 0.147019 0.352961
-1.81227 0.166059 0.392933
-1.77131 0.181356 0.357426
-1.72623 0.195511 0.304229
-1.68091 0.209752 0.304435
-1.64188 0.222182 0.308396
-1.60283 0.235986 0.339728
-1.56471 0.248928 0.327355
-1.51879 0.264745 0.331667
-1.47759 0.27925 0.338513
-1.43195 0.293257 0.297778
-1.38777 0.30927 0.347756
-1.34299 0.325644 0.350519
-1.29538 0.34093 0.310693
-1.25758 0.352459 0.296015
-1.21029 0.365639 0.271796
-1.16163 0.377036 0.230106
-1.11744 0.391299 0.312213
-1.07841 0.405143 0.340804
-1.03435 0.42051 0.335625
-0.98903 0.435303 0.315485
-0.9452 0.4515 0.353972
-0.905003 0.465894 0.343855
-0.875123 0.476906 0.353096
-0.830902 0.492637 0.341772
-0.785281 0.511236 0.387121
-0.739716 0.531812 0.424157
-0.701977 0.548856 0.424221
-0.657414 0.571455 0.469333
-0.620987 0.589958 0.469979
-0.58102 0.606995 0.402949
-0.537562 0.630997 0.504613
-0.492355 0.652303 0.440421
-0.448074 0.671333 0.405896
-0.411463 0.689092 0.451628
-0.377817 0.705927 0.463929
-0.340579 0.721799 0.402909
-0.299471 0.740966 0.436292
-0.252846 0.757795 0.346397
-0.209998 0.774542 0.372591
-0.163698 0.793399 0.386761
-0.117941 0.813509 0.414087
-0.0739622 0.832964 0.416494
-0.0399804 0.848656 0.432619
0.00434954 0.87176 0.480441
0.0462063 0.891752 0.445597
0.0730222 0.904974 0.458087
0.115421 0.924911 0.439546
0.154707 0.944106 0.45447
0.197281 0.96467 0.449988
0.231847 0.980152 0.421102
0.277099 1.00135 0.438096
0.314189 1.01829 0.42846
0.359019 1.04043 0.458731
0.403977 1.06229 0.452512
0.443319 1.08164 0.457178
0.487409 1.10415 0.47198
0.531517 1.12759 0.488418
0.573172 1.1498 0.489956
0.615458 1.17144 0.473058
0.66142 1.19113 0.404593
0.704763 1.20965 0.403802
0.750241 1.22757 0.375351
0.786075 1.24307 0.408265
0.832615 1.26114 0.370426
0.877568 1.28049 0.406463
0.923989 1.29708 0.343253
0.97145 1.3126 0.31607
1.01906 1.32746 0.302549
1.06675 1.34094 0.275309
1.1141 1.35662 0.31986
1.15276 1.36734 0.270637
1.19809 1.37892 0.25011
1.24592 1.38891 0.205821
1.29463 1.39975 0.21889
1.33869 1.40749 0.174078
1.3879 1.4163 0.177044
1.43288 1.42337 0.156015
1.48259 1.42831 0.0989669
1.52983 1.43557 0.152429
1.57906 1.44421 0.173707
1.62113 1.44952 0.125653
1.67005 1.45382 0.0877728
1.71594 1.45684 0.0656624
1.75316 1.45842 0.0424483
1.80159 1.45912 0.0143566
1.8506 1.46223 0.0633885
1.90033 1.4667 0.0896508
1.94907 1.4701 0.0696611
1.99881 1.47287 0.0557217
2.03832 1.47509 0.0559574
2.08127 1.47665 0.0362964
2.12724 1.4789 0.0489022
2.16768 1.48081 0.0471896
2.21177 1.48382 0.068258
2.25469 1.48486 0.0241856
2.30002 1.48408 -0.0172293
2.34946 1.48516 0.0219512
2.39816 1.48554 0.00769749
2.44758 1.48648 0.0189692
2.4954 1.49009 0.0754799
2.54533 1.4927 0.0521187
2.59427 1.49657 0.0789716
2.64214 1.49707 0.0105531
2.6909 1.49698 -0.00202194
2.72893 1.49724 0.00681725
2.77888 1.49524 -0.0399679
2.8242 1.49474 -0.0108921
2.87369 1.49397 -0.0156232
2.92347 1.49212 -0.0371195
2.96419 1.49176 -0.0089701
3.01111 1.49143 -0.00687643
3.05051 1.4915 0.00166075
3.09831 1.49044 -0.0222561
3.14762 1.49237 0.0392261
3.18965 1.49343 0.025094
3.23165 1.49596 0.0602014
3.27986 1.49922 0.0675203
3.32295 1.50216 0.0680789
3.3705 1.50543 0.0687373
3.41012 1.50701 0.0398332
3.45681 1.51162 0.0985265
3.50441 1.51525 0.0760798
3.54548 1.5167 0.0351273
3.58934 1.51991 0.0732553
3.62965 1.52422 0.106308
3.64974 1.5267 0.123014
3.66684 1.52889 0.127418
3.68367 1.53115 0.133172
3.70929 1.53418 0.117812
3.73596 1.53798 0.141767
3.76945 1.54327 0.15659
3.79789 1.54777 0.156712
3.82058 1.55084 0.134534
3.8421 1.55337 0.11714
3.87469 1.55777 0.134294
3.90362 1.56067 0.0997609
3.9116 1.56183 0.144279
3.92533 1.56378 0.141466
3.93477 1.56484 0.1111
3.94925 1.56627 0.098975
3.95699 1.56713 0.110385
3.97091 1.56851 0.0984747
3.98713 1.56993 0.0874571
3.99986 1.57122 0.100921
4.00419 1.57163 0.0937989
4.01908 1.5727 0.0723674
4.03629 1.57379 0.062676
4.0636 1.57531 0.0557747
4.08688 1.57639 0.0464553
4.10203 1.57784 0.0955835
4.11703 1.57909 0.0830115
4.1314 1.58049 0.0968837
4.15542 1.58296 0.102597
4.17322 1.5855 0.141421
4.18827 1.58764 0.141257
4.21013 1.59129 0.165586
4.22513 1.59338 0.138306
4.24165 1.59649 0.186207
4.25864 1.60027 0.218915
4.26953 1.60255 0.206796
4.28098 1.60479 0.193016
4.28494 1.60547 0.169365
4.3056 1.60841 0.141546
4.33578 1.61251 0.13486
4.35216 1.61489 0.144286
4.37335 1.61765 0.129614
4.40111 1.6213 0.130656
4.44911 1.62583 0.0940859
4.49061 1.63239 0.156945
4.53424 1.63821 0.132533
4.57493 1.64269 0.109667
4.6076 1.64551 0.0860952
4.62665 1.64705 0.080551
4.65649 1.64898 0.0646478
4.69464 1.65097 0.0521287
4.73418 1.65212 0.0290395
4.75959 1.65265 0.020921
4.79764 1.65297 0.00843079
4.8258 1.65345 0.0169393
4.83429 1.65355 0.0115952
4.85258 1.65326 -0.0155386
4.87633 1.65281 -0.0192633
4.90439 1.65283 0.000733539
4.94366 1.65275 -0.00184422
4.96222 1.65227 -0.026177
4.97295 1.65215 -0.0107784
4.98222 1.65217 0.00214447
4.99106 1.65197 -0.0232595
5.00514 1.65135 -0.0437064
5.00716 1.65112 -0.114685
5.02964 1.6491 -0.0895055
5.03846 1.64841 -0.0779707
5.06046 1.64577 -0.119713
5.07456 1.64432 -0.101938
5.08586 1.64367 -0.0580367
5.09409 1.6432 -0.0573287
5.09742 1.64314 -0.0156268
5.10458 1.64346 0.0444286
5.12376 1.64468 0.0634816
5.13256 1.64588 0.135085
5.13916 1.64684 0.144812
5.15156 1.64888 0.163417
5.15464 1.64949 0.194985
5.1635 1.65123 0.194145
5.16614 1.65177 0.200134
5.17294 1.65328 0.217721
5.17863 1.65434 0.185472
5.1852 1.65534 0.150332
5.18124 1.65468 0.163152
5.18964 1.65574 0.124675
5.19557 1.65626 0.0878744
5.20077 1.65659 0.0634335
True
0.242735
