4.48905 0.00218535 2.94456
4.44408 0.0140673 2.88326
4.40335 0.0265658 2.84388
4.37747 0.0342272 2.85376
4.34001 0.0451549 2.85775
4.29862 0.0632265 2.7299
4.25519 0.0854515 2.66865
4.21419 0.111208 2.58063
4.17569 0.138935 2.51749
4.14898 0.159271 2.49096
4.12079 0.184931 2.40307
4.08631 0.215341 2.41881
4.05315 0.247842 2.36618
4.0254 0.276828 2.33454
3.9969 0.311228 2.26254
3.97075 0.343688 2.2491
3.94186 0.3845 2.18673
3.9228 0.412401 2.17025
3.89931 0.452446 2.1012
3.87909 0.490006 2.06468
3.86104 0.528341 2.01083
3.84118 0.574226 1.97935
3.82667 0.610567 1.95059
3.81539 0.638595 1.9535
3.79897 0.68582 1.90544
3.78458 0.728094 1.89874
3.77237 0.767645 1.87033
3.7592 0.810769 1.86724
3.74565 0.858693 1.84624
3.7368 0.891927 1.83119
3.72379 0.93133 1.88969
3.71436 0.959967 1.88876
3.69896 1.00754 1.88393
3.68594 1.05004 1.86808
3.66899 1.09695 1.91755
3.65434 1.14391 1.87319
3.64214 1.18061 1.8918
3.63125 1.21086 1.91624
3.62359 1.23229 1.91411
3.60804 1.27259 1.93896
3.58993 1.3192 1.94149
3.57765 1.34909 1.9604
3.55894 1.39268 1.97643
3.54533 1.42679 1.95038
3.52867 1.46825 1.95285
3.51578 1.50014 1.95497
3.49753 1.54669 1.94443
3.48091 1.59197 1.92255
3.46564 1.62943 1.95777
3.44868 1.66689 1.99597
3.42804 1.71155 2.00372
3.40694 1.75687 2.00649
3.38701 1.79151 2.09286
3.36478 1.8285 2.11195
3.34474 1.86211 2.10855
3.32177 1.90334 2.07904
3.29832 1.947 2.06363
3.28329 1.9724 2.10541
3.25981 2.01238 2.10175
3.235 2.0538 2.1104
3.21065 2.09126 2.14721
3.18814 2.12261 2.19346
3.15862 2.1629 2.2031
3.13931 2.18889 2.20974
3.11253 2.22187 2.25291
3.08426 2.2578 2.23755
3.05646 2.29162 2.25867
3.03909 2.31319 2.24885
3.01075 2.35204 2.20108
2.98229 2.3898 2.21665
2.9507 2.42854 2.25486
2.92168 2.46166 2.29024
2.88821 2.49875 2.30499
2.85386 2.53508 2.32812
2.82046 2.57021 2.33106
2.79402 2.59777 2.33534
2.76778 2.62742 2.29539
2.74465 2.6524 2.31769
2.7136 2.68588 2.31855
2.67771 2.72028 2.3773
2.65101 2.74799 2.33774
2.63141 2.7673 2.36372
2.59526 2.80185 2.37883
2.56345 2.83281 2.36968
2.52982 2.86785 2.33562
2.50828 2.88793 2.39152
2.48044 2.91339 2.4008
2.44548 2.94472 2.4108
2.41572 2.96944 2.4485
2.38218 2.997 2.45368
2.34966 3.02277 2.4715
2.318 3.04932 2.4439
2.27926 3.08022 2.46814
2.24006 3.11085 2.47843
2.20932 3.13504 2.47465
2.1742 3.16015 2.52095
2.13532 3.19094 2.47178
2.09722 3.21963 2.49627
2.05719 3.2496 2.49888
2.0232 3.27368 2.52525
1.99034 3.29231 2.62579
1.95107 3.31387 2.63954
1.92285 3.33081 2.60094
1.87971 3.35577 2.61705
1.83804 3.37888 2.63525
1.8012 3.39937 2.63393
1.7561 3.42093 2.69566
1.74311 3.42651 2.73568
1.70679 3.44212 2.7358
1.66075 3.46164 2.74055
1.61622 3.47829 2.7839
1.57521 3.49622 2.72943
1.53826 3.51219 2.73339
1.49535 3.52843 2.7799
1.45658 3.5433 2.7753
1.4114 3.55984 2.79078
1.36392 3.57548 2.82342
1.32221 3.59046 2.79657
1.27536 3.60791 2.78509
1.23291 3.62414 2.77641
1.18652 3.64054 2.80191
1.1393 3.65693 2.80744
1.09571 3.67059 2.83793
1.04876 3.68534 2.8371
1.00565 3.69793 2.85748
0.962338 3.70983 2.87341
0.915268 3.72635 2.80423
0.874633 3.73902 2.83925
0.828266 3.75157 2.87717
0.780352 3.76586 2.85176
0.734918 3.77704 2.90031
0.690303 3.78711 2.9197
0.64321 3.79698 2.93492
0.599003 3.80717 2.91501
0.550732 3.8166 2.94884
0.504762 3.8257 2.94602
0.460103 3.83283 2.98341
0.435779 3.83549 3.0327
0.390951 3.8401 3.03911
0.346603 3.84465 3.03918
0.312453 3.84899 3.01534
0.276243 3.85265 3.04085
0.238771 3.85455 3.09101
0.204148 3.85523 3.12181
0.175642 3.85482 3.15602
0.132155 3.85516 -3.14938
0.082427 3.85664 3.11192
0.0343125 3.85624 3.14977
-0.00937288 3.85381 -3.08589
-0.0584315 3.85026 -3.06945
-0.108029 3.84598 -3.05554
-0.157522 3.84189 -3.05914
-0.202045 3.8375 -3.04319
-0.23486 3.83396 -3.03411
-0.276802 3.82898 -3.02346
-0.316115 3.82513 -3.04409
-0.361318 3.82208 -3.07422
-0.411182 3.81848 -3.06945
-0.460974 3.81514 -3.07471
-0.505177 3.81194 -3.06913
-0.553118 3.80812 -3.06218
-0.602691 3.80164 -3.01164
-0.637824 3.79676 -3.00359
-0.684697 3.78769 -2.95047
-0.723414 3.78026 -2.95193
-0.767636 3.77086 -2.9322
-0.811613 3.76068 -2.91401
-0.860303 3.7497 -2.91989
-0.907773 3.73982 -2.93631
-0.943636 3.73133 -2.90903
-0.991997 3.71865 -2.88534
-1.03918 3.70655 -2.89045
-1.06432 3.69903 -2.85103
-1.09969 3.68808 -2.8414
-1.13523 3.67781 -2.86019
-1.17425 3.66569 -2.84042
-1.21743 3.65222 -2.83918
-1.25511 3.64035 -2.83636
-1.29627 3.62543 -2.79396
-1.34272 3.60865 -2.79486
-1.38949 3.59097 -2.78012
-1.43267 3.57278 -2.74298
-1.47566 3.55453 -2.7401
-1.52052 3.5354 -2.73864
-1.55784 3.51964 -2.74177
-1.60368 3.49967 -2.73092
-1.64696 3.47887 -2.6934
-1.68985 3.45616 -2.65468
-1.73337 3.4351 -2.69103
-1.77711 3.41184 -2.65286
-1.82082 3.38759 -2.63495
-1.85904 3.36391 -2.58704
-1.90186 3.33824 -2.60145
-1.93163 3.31957 -2.58141
-1.97443 3.29473 -2.61587
-2.01433 3.26972 -2.58166
-2.03968 3.25382 -2.58117
-2.08094 3.22823 -2.58663
-2.1212 3.20395 -2.59884
-2.16041 3.18228 -2.63664
-2.20294 3.15835 -2.62903
-2.24559 3.13507 -2.64205
-2.27948 3.1168 -2.64711
-2.31888 3.09572 -2.6504
-2.35692 3.07295 -2.60218
-2.3979 3.05028 -2.63632
-2.43942 3.02806 -2.65028
-2.47932 3.00433 -2.605
-2.52195 2.9797 -2.61772
-2.5635 2.95343 -2.5778
-2.60626 2.92782 -2.60187
-2.64887 2.90257 -2.60669
-2.6889 2.8757 -2.55038
-2.72774 2.84949 -2.54808
-2.76665 2.8181 -2.46261
-2.79294 2.79707 -2.46701
-2.82865 2.76706 -2.44271
-2.86264 2.7357 -2.39636
-2.89485 2.70488 -2.37824
-2.91864 2.68186 -2.37263
-2.93987 2.66135 -2.37352
-2.9625 2.63916 -2.36587
-2.99749 2.60553 -2.37607
-3.02914 2.57822 -2.42971
-3.06543 2.55051 -2.48939
-3.08584 2.53528 -2.50071
-3.12436 2.50783 -2.52237
-3.1531 2.48604 -2.49285
-3.19019 2.45721 -2.48099
-3.22062 2.43222 -2.45384
-3.24132 2.41442 -2.43154
-3.26708 2.39106 -2.40488
-3.28681 2.37364 -2.41833
-3.29521 2.36712 -2.48178
-3.31452 2.35169 -2.46735
-3.34367 2.32983 -2.49818
-3.36887 2.3098 -2.47005
-3.3942 2.28895 -2.45295
-3.41306 2.2741 -2.47467
-3.44253 2.25265 -2.51246
-3.46225 2.23763 -2.49063
-3.4714 2.23017 -2.457
-3.48773 2.21628 -2.4368
-3.50677 2.19959 -2.42213
-3.52218 2.18639 -2.43308
-3.53889 2.17383 -2.49704
-3.56773 2.15052 -2.46178
-3.58836 2.13313 -2.44107
-3.61281 2.11143 -2.41592
-3.63597 2.09242 -2.45409
-3.65976 2.075 -2.50972
-3.6847 2.05788 -2.53993
-3.70985 2.04153 -2.56536
-3.73758 2.02477 -2.59797
-3.75405 2.01383 -2.55478
-3.77245 2.00134 -2.54542
-3.79947 1.98261 -2.53552
-3.81786 1.97022 -2.54855
-3.83525 1.95898 -2.56778
-3.85205 1.94804 -2.56467
-3.87057 1.93501 -2.52852
-3.88988 1.92103 -2.51476
-3.91013 1.90578 -2.49618
-3.93214 1.88916 -2.49465
-3.94519 1.87912 -2.48599
-3.95333 1.87315 -2.50867
-3.9675 1.86324 -2.53151
-3.9805 1.85371 -2.50896
-3.99385 1.8444 -2.53285
-3.99783 1.84166 -2.53689
-4.01695 1.82839 -2.53487
-4.02954 1.81887 -2.49442
-4.04464 1.80712 -2.48039
-4.06054 1.79454 -2.47221
-4.07158 1.78597 -2.48162
-4.08638 1.77462 -2.48707
-4.09523 1.76795 -2.49563
-4.11454 1.75218 -2.4569
-4.11935 1.748 -2.42641
-4.12943 1.73922 -2.42452
-4.1461 1.72553 -2.45431
-4.16115 1.71257 -2.43052
-4.16354 1.71045 -2.4174
-4.17286 1.70179 -2.39296
-4.18194 1.69246 -2.34248
-4.18274 1.69167 -2.36518
-4.1847 1.68972 -2.35953
-4.19188 1.6819 -2.31273
-4.20017 1.67219 -2.27782
-4.21336 1.65476 -2.21849
-4.22645 1.63834 -2.24356
-4.23655 1.62536 -2.23247
-4.24773 1.61121 -2.23964
-4.25543 1.60137 -2.23426
-4.26749 1.58681 -2.26289
-4.27189 1.58173 -2.28512
-4.27732 1.5758 -2.3107
-4.28551 1.56732 -2.33898
-4.29118 1.5616 -2.35175
-4.29366 1.55927 -2.38829
-4.30177 1.55144 -2.37407
-4.30315 1.5501 -2.36935
-4.30461 1.5486 -2.34469
-4.30975 1.54306 -2.31887
True
0.0675097
