-5.48607 -0.563185 0.351041
-5.45374 -0.548676 0.421862
-5.41161 -0.530332 0.41064
-5.3674 -0.51234 0.386499
-5.3253 -0.49563 0.377862
-5.27828 -0.479932 0.322214
-5.23057 -0.466649 0.27151
-5.18945 -0.454709 0.282641
-5.14915 -0.442816 0.286975
-5.10634 -0.431269 0.263479
-5.05845 -0.418459 0.261352
-5.01294 -0.407442 0.237522
-4.97145 -0.395412 0.282225
-4.92437 -0.382906 0.259604
-4.88352 -0.372191 0.256548
-4.83817 -0.361532 0.230822
-4.7897 -0.350604 0.221762
-4.7413 -0.338184 0.251188
-4.6933 -0.327264 0.223715
-4.64437 -0.318117 0.184796
-4.59585 -0.30776 0.210298
-4.5516 -0.298982 0.195827
-4.50713 -0.289993 0.199433
-4.45835 -0.279083 0.220042
-4.41966 -0.269952 0.231808
-4.37275 -0.25796 0.25029
-4.3295 -0.246081 0.268004
-4.28315 -0.234372 0.247445
-4.23461 -0.222486 0.240132
-4.19529 -0.211929 0.262306
-4.14654 -0.200815 0.224153
-4.09811 -0.189507 0.229415
-4.05654 -0.181928 0.180335
-4.01084 -0.173478 0.182808
-3.96198 -0.165196 0.167919
-3.91364 -0.154893 0.210017
-3.86537 -0.145271 0.19674
-3.81945 -0.134327 0.233959
-3.77507 -0.12335 0.242498
-3.72738 -0.110568 0.261843
-3.67942 -0.0976958 0.262225
-3.63533 -0.085365 0.272689
-3.59944 -0.0776675 0.211296
-3.55288 -0.066268 0.240077
-3.50476 -0.0536388 0.256683
-3.45762 -0.0369772 0.339743
-3.41038 -0.0230011 0.287637
-3.3652 -0.0080854 0.318906
-3.31936 0.00641378 0.306347
-3.27218 0.0206375 0.2928
-3.23172 0.0335867 0.309708
-3.1867 0.0473012 0.295752
-3.14532 0.0593118 0.282459
-3.10046 0.0739159 0.314736
-3.05329 0.0877521 0.285308
-3.02203 0.0980906 0.319453
-2.97879 0.110845 0.286804
-2.93428 0.125229 0.312576
-2.89008 0.141103 0.344792
-2.84311 0.158219 0.349456
-2.80763 0.170056 0.321998
-2.76298 0.185482 0.332638
-2.71613 0.200157 0.303601
-2.67961 0.21263 0.329102
-2.63309 0.230746 0.371349
-2.59714 0.244312 0.360815
-2.5644 0.256243 0.349503
-2.51995 0.270064 0.301447
-2.47429 0.286904 0.353301
-2.43358 0.300616 0.324881
-2.38567 0.314807 0.287976
-2.34286 0.324451 0.221574
-2.29543 0.334371 0.2062
-2.25108 0.345035 0.235977
-2.21172 0.3554 0.257467
-2.16567 0.369121 0.289572
-2.12347 0.381038 0.275213
-2.08222 0.393858 0.301346
-2.03459 0.407385 0.27671
-1.98964 0.420584 0.285631
-1.94741 0.433622 0.299399
-1.90262 0.448309 0.316926
-1.85744 0.461786 0.289844
-1.81443 0.476088 0.321028
-1.77494 0.487226 0.274965
-1.72685 0.5009 0.276997
-1.67854 0.513753 0.260054
-1.63124 0.529711 0.325344
-1.59313 0.542877 0.332667
-1.5465 0.558267 0.318779
-1.49945 0.573489 0.312892
-1.45248 0.590632 0.349996
-1.4109 0.60398 0.310595
-1.36563 0.619032 0.321022
-1.318 0.633748 0.299618
-1.27121 0.648126 0.298165
-1.22866 0.664097 0.359053
-1.1876 0.678606 0.339702
-1.15163 0.689452 0.292825
-1.10581 0.704917 0.325482
-1.06638 0.718231 0.325685
-1.01945 0.734231 0.328578
-0.972649 0.7512 0.34782
-0.933362 0.765548 0.350165
-0.8919 0.780729 0.350976
-0.844061 0.794143 0.273383
-0.815852 0.804206 0.342664
-0.773204 0.815975 0.269253
-0.725576 0.830773 0.301235
-0.681279 0.844591 0.30238
-0.636028 0.860446 0.337022
-0.604354 0.868221 0.240693
-0.555646 0.877746 0.193126
-0.518694 0.883895 0.164896
-0.471845 0.891841 0.167996
-0.425867 0.901948 0.216387
-0.393114 0.909619 0.23007
-0.346772 0.921531 0.251583
-0.29947 0.934527 0.268137
-0.252633 0.951174 0.341503
-0.207564 0.963984 0.276933
-0.161195 0.977204 0.277733
-0.112777 0.989621 0.25103
-0.0734379 0.999253 0.240124
-0.0271046 1.0121 0.27048
0.0212785 1.02468 0.254283
0.0663203 1.03716 0.270339
0.115017 1.04832 0.22541
0.163831 1.059 0.215246
0.209936 1.06749 0.182139
0.254221 1.0755 0.179071
0.300905 1.08325 0.164419
0.344769 1.08933 0.1378
0.389829 1.09658 0.159446
0.426905 1.10438 0.207428
0.467014 1.11357 0.225089
0.515969 1.12371 0.204258
0.564497 1.13245 0.17828
0.613436 1.14267 0.205864
0.659786 1.15223 0.203492
0.708214 1.16391 0.236537
0.756176 1.17374 0.202243
0.805407 1.18223 0.170655
0.844359 1.18933 0.180391
0.892953 1.20104 0.236394
0.9364 1.21255 0.259023
0.984663 1.2252 0.256427
1.03331 1.23639 0.226112
1.08114 1.24981 0.273362
1.12729 1.26105 0.238988
1.1736 1.27343 0.261216
1.21856 1.28561 0.264513
1.26517 1.29676 0.234886
1.31323 1.31056 0.279626
1.36051 1.3263 0.321404
1.40511 1.3404 0.306122
1.45262 1.35556 0.30878
1.49414 1.36783 0.287606
1.53488 1.38123 0.317684
1.5815 1.39704 0.326984
1.6222 1.41094 0.329064
1.66747 1.42773 0.355061
1.71458 1.44445 0.341027
1.75888 1.46158 0.369019
1.80282 1.47923 0.381995
1.84166 1.49371 0.356969
1.87487 1.50705 0.381724
1.91971 1.52549 0.390295
1.96334 1.54619 0.442886
2.0073 1.56579 0.41953
2.03714 1.5781 0.391062
2.08258 1.59713 0.396594
2.12665 1.6168 0.41998
2.17212 1.63578 0.395373
2.2105 1.65113 0.380461
2.25238 1.66406 0.299425
2.29921 1.67904 0.309498
2.34516 1.69422 0.319161
2.39026 1.70881 0.312795
2.43404 1.72277 0.308793
2.47375 1.73618 0.325708
2.52113 1.75118 0.306454
2.56595 1.76635 0.326394
2.61232 1.7819 0.323599
2.65643 1.79573 0.303763
2.7008 1.81169 0.34544
2.74668 1.83032 0.385717
2.79078 1.84525 0.326398
2.83647 1.86252 0.36137
2.88256 1.87991 0.36084
2.92639 1.89742 0.37988
2.96608 1.91356 0.386401
3.01266 1.93162 0.369892
3.05855 1.94969 0.375112
3.1037 1.97023 0.42697
3.14894 1.99054 0.421956
3.19421 2.0117 0.43714
3.22271 2.02422 0.414167
3.25617 2.03819 0.395369
3.30193 2.05801 0.408857
3.33965 2.0731 0.380354
3.38058 2.09024 0.396638
3.42203 2.10721 0.388566
3.46609 2.12591 0.401458
3.50829 2.14391 0.4031
3.55178 2.16041 0.362693
3.59867 2.1773 0.345687
3.64035 2.19252 0.350045
3.68728 2.20822 0.322936
3.73151 2.22354 0.333393
3.76395 2.2351 0.342353
3.78981 2.24436 0.343875
3.80281 2.2488 0.329216
3.84738 2.26284 0.304974
3.87226 2.27132 0.328525
3.90734 2.28417 0.351247
3.94664 2.30165 0.418554
3.98361 2.3176 0.407249
4.02808 2.3353 0.378747
4.06751 2.35123 0.383954
4.10607 2.36792 0.408595
4.14386 2.38518 0.428513
4.17862 2.40012 0.405862
4.22104 2.41599 0.358075
4.25811 2.42951 0.349623
4.28863 2.44167 0.379196
4.3278 2.45727 0.378958
4.36912 2.47286 0.360722
4.39225 2.48214 0.381549
4.41878 2.49422 0.42717
4.45746 2.51057 0.400117
4.49239 2.52499 0.39142
4.51708 2.53415 0.355226
4.54148 2.54294 0.345797
4.57073 2.55421 0.36785
4.60115 2.5667 0.389526
4.64235 2.5827 0.370391
4.67558 2.59603 0.381644
4.70857 2.60771 0.340205
4.73428 2.61672 0.336838
4.76505 2.62646 0.306865
4.792 2.63348 0.254786
4.80835 2.63776 0.255581
4.81353 2.63911 0.256081
4.82731 2.64245 0.237831
4.83762 2.64467 0.212306
4.85513 2.6482 0.198554
4.87784 2.65275 0.197741
4.88776 2.65479 0.203228
4.91421 2.65941 0.172959
4.93123 2.66211 0.157398
4.95179 2.66545 0.160936
4.97442 2.66915 0.161867
4.9809 2.67004 0.137515
4.9916 2.67173 0.155709
5.00152 2.67342 0.169324
5.00879 2.67463 0.165003
5.01803 2.67603 0.150175
5.02446 2.67681 0.12045
5.03146 2.67746 0.0936751
5.04098 2.67846 0.104318
5.04814 2.67896 0.0693816
5.05751 2.67963 0.0709912
5.08218 2.68031 0.0275411
5.10065 2.68008 -0.0119336
5.10965 2.67977 -0.035284
5.11509 2.67992 0.0278451
5.11562 2.67996 0.074339
5.12141 2.6805 0.0929202
5.13027 2.68113 0.0712489
5.13549 2.68141 0.0529804
5.13943 2.6815 0.0228835
5.16399 2.68087 -0.0254733
5.17876 2.68017 -0.047677
5.18209 2.67989 -0.0836317
5.19266 2.67826 -0.153044
5.20484 2.67661 -0.134786
5.22757 2.6739 -0.118699
True
0.068391
