-5.47725 1.2694 -0.0573049
-5.43443 1.26964 0.00556214
-5.3914 1.26981 0.00398388
-5.34206 1.26692 -0.0585636
-5.29262 1.26294 -0.0802854
-5.24538 1.25866 -0.0903112
-5.19561 1.2587 0.000769556
-5.1463 1.25864 -0.00115831
-5.10475 1.25787 -0.01856
-5.05477 1.25756 -0.00628217
-5.00485 1.25967 0.0423194
-4.96066 1.26075 0.0243939
-4.91114 1.25904 -0.0345183
-4.86422 1.25639 -0.0563886
-4.81694 1.25625 -0.00301496
-4.77687 1.25536 -0.0221484
-4.72697 1.25327 -0.0418833
-4.67989 1.25154 -0.0367835
-4.63196 1.24871 -0.058884
-4.59001 1.24641 -0.0547156
-4.54024 1.24448 -0.0387947
-4.49058 1.24276 -0.0347289
-4.44341 1.24196 -0.0170137
-4.39945 1.24283 0.0198891
-4.35 1.24605 0.0650702
-4.30751 1.24931 0.0765974
-4.26162 1.25335 0.0878491
-4.2118 1.25479 0.0288548
-4.16218 1.25916 0.0878288
-4.11694 1.25866 -0.0111426
-4.06731 1.26189 0.0650466
-4.01951 1.26425 0.0492987
-3.97524 1.26702 0.062612
-3.93212 1.27035 0.0770774
-3.88332 1.27522 0.0994145
-3.84156 1.27845 0.0771112
-3.79179 1.2824 0.0793009
-3.7447 1.28861 0.130981
-3.6963 1.29532 0.137792
-3.65376 1.2995 0.0979873
-3.6044 1.30332 0.0771351
-3.55621 1.30787 0.0941764
-3.50649 1.31118 0.0666223
-3.46055 1.31558 0.0952668
-3.41472 1.31951 0.0856219
-3.36677 1.32294 0.0715019
-3.32894 1.32633 0.0891731
-3.28337 1.33088 0.0995778
-3.24167 1.33453 0.0872541
-3.19198 1.33964 0.102537
-3.14215 1.34358 0.0788787
-3.09775 1.34577 0.0493481
-3.05613 1.34748 0.0410119
-3.00894 1.35078 0.0698153
-2.95933 1.35449 0.074613
-2.91724 1.35758 0.0732549
-2.86905 1.36004 0.0510887
-2.82141 1.36379 0.0786696
-2.7739 1.36617 0.0499253
-2.72393 1.36757 0.0281163
-2.67641 1.36602 -0.0326314
-2.62655 1.36627 0.00486657
-2.59077 1.36625 -0.000429964
-2.54749 1.3674 0.0265414
-2.50105 1.36792 0.011318
-2.45304 1.36809 0.00340549
-2.40956 1.36935 0.0289697
-2.36217 1.3707 0.02852
-2.31511 1.37063 -0.00138826
-2.27092 1.37213 0.0338249
-2.2254 1.37091 -0.0268569
-2.17552 1.36967 -0.0247316
-2.12648 1.36713 -0.0518226
-2.07665 1.36474 -0.047853
-2.027 1.36394 -0.0161095
-1.98224 1.36238 -0.0348562
-1.94683 1.36175 -0.0178961
-1.89684 1.36263 0.0176435
-1.84916 1.36217 -0.00962879
-1.79929 1.36586 0.0738251
-1.75887 1.3665 0.0159443
-1.71096 1.36659 0.00178664
-1.66444 1.36891 0.0499278
-1.61693 1.36875 -0.00354271
-1.56702 1.36932 0.0114493
-1.51798 1.37152 0.0449294
-1.46865 1.37063 -0.0181437
-1.42243 1.36918 -0.0312687
-1.37396 1.36998 0.0164452
-1.3259 1.37242 0.0508106
-1.2872 1.37286 0.011245
-1.24314 1.37273 -0.00295037
-1.21071 1.37229 -0.0134844
-1.16096 1.37048 -0.036457
-1.11881 1.36572 -0.112293
-1.06898 1.36216 -0.0713746
-1.02071 1.35942 -0.0567073
-0.97988 1.35844 -0.0240783
-0.949781 1.35636 -0.0689383
-0.901949 1.3541 -0.0472831
-0.860358 1.35287 -0.029362
-0.814243 1.35086 -0.0436901
-0.769399 1.34905 -0.0403348
-0.719437 1.34918 0.00258091
-0.675244 1.3477 -0.0335136
-0.625407 1.34449 -0.0642928
-0.579206 1.34248 -0.0432997
-0.529335 1.33907 -0.0684544
-0.482409 1.33488 -0.0890362
-0.438067 1.33241 -0.0554743
-0.396057 1.32922 -0.0758913
-0.346831 1.32464 -0.0928567
-0.300193 1.323 -0.03515
-0.250726 1.3194 -0.0725235
-0.203856 1.31866 -0.0159025
-0.157721 1.31755 -0.0239816
-0.115226 1.31769 0.00324578
-0.0691136 1.31721 -0.0102824
-0.0279141 1.31863 0.0343744
0.0220591 1.31994 0.0261279
0.0708333 1.32327 0.068338
0.114293 1.32484 0.0359913
0.160921 1.32594 0.0235833
0.209611 1.32685 0.0186322
0.254487 1.32903 0.0486872
0.303251 1.33007 0.0212626
0.353132 1.33236 0.0459457
0.390122 1.33159 -0.0208629
0.433256 1.33018 -0.0327967
0.483205 1.32829 -0.0377289
0.532572 1.32508 -0.0649678
0.555008 1.32339 -0.0750742
0.59243 1.32018 -0.0855755
0.638905 1.31562 -0.0977476
0.68668 1.31061 -0.104584
0.734694 1.30681 -0.0788999
0.782029 1.30241 -0.0927173
0.82987 1.29814 -0.0890939
0.879292 1.29394 -0.0847346
0.926115 1.29138 -0.0545629
0.974014 1.28955 -0.0382305
1.02209 1.28908 -0.00977435
1.07106 1.29058 0.0306972
1.11766 1.29108 0.0105613
1.16585 1.29353 0.0508928
1.20797 1.2954 0.044405
1.25253 1.29711 0.0382995
1.30136 1.29989 0.0568371
1.34868 1.3028 0.0615092
1.391 1.30339 0.0138027
1.43893 1.30471 0.0275861
1.48786 1.30591 0.024474
1.53227 1.30756 0.0371763
1.57949 1.30777 0.00452328
1.62905 1.30905 0.0256737
1.67849 1.30648 -0.0519032
1.72105 1.30281 -0.0859844
1.77087 1.29873 -0.0816224
1.82016 1.29566 -0.0622071
1.86992 1.29512 -0.0109142
1.91984 1.29302 -0.0420313
1.95349 1.29143 -0.04735
2.0032 1.28901 -0.0485104
2.04535 1.28733 -0.0398744
2.09459 1.28506 -0.0461453
2.1434 1.28439 -0.0136175
2.18395 1.28405 -0.00838877
2.21833 1.28391 -0.00419493
2.26211 1.28413 0.00499268
2.31208 1.2852 0.0215316
2.35511 1.28764 0.056531
2.40378 1.29075 0.0638238
2.44697 1.29116 0.00942507
2.48711 1.2912 0.00104296
2.52074 1.28984 -0.040357
2.56862 1.28731 -0.0527471
2.61856 1.28702 -0.00584586
2.66835 1.28294 -0.081709
2.70953 1.28142 -0.0369318
2.75489 1.28092 -0.0110476
2.79985 1.28029 -0.014047
2.84236 1.27906 -0.0289936
2.87621 1.27875 -0.00908167
2.92551 1.27865 -0.00200234
2.97532 1.2803 0.0330955
3.0251 1.27873 -0.0315398
3.06719 1.27842 -0.00732529
3.10386 1.27854 0.00328191
3.15228 1.28034 0.0371792
3.2021 1.28182 0.0295919
3.24172 1.28319 0.0347064
3.29158 1.28689 0.074062
3.32817 1.29084 0.107435
3.37791 1.29551 0.0936719
3.42549 1.30217 0.139007
3.464 1.30578 0.0935743
3.5128 1.31268 0.140432
3.54105 1.31649 0.134057
3.57723 1.32101 0.124427
3.61174 1.32428 0.0943424
3.63104 1.32581 0.0791345
3.63345 1.32601 0.0814669
3.65093 1.32702 0.0577368
3.67238 1.32804 0.0475545
3.69764 1.32842 0.0151625
3.71871 1.32904 0.0291127
3.73345 1.32903 -9.262e-05
3.7355 1.32902 -0.00690355
3.75172 1.32915 0.00796361
3.78328 1.33003 0.0279307
3.82401 1.33099 0.0234443
3.8494 1.33051 -0.0186906
3.87235 1.32989 -0.0270622
3.91594 1.32821 -0.0384286
3.94563 1.32696 -0.0423687
3.98882 1.32388 -0.0709906
4.01047 1.32144 -0.112274
4.04691 1.31702 -0.120678
4.06798 1.31357 -0.162481
4.09769 1.30916 -0.147255
4.12819 1.30462 -0.147991
4.16005 1.30066 -0.123455
4.19113 1.29929 -0.0441715
4.23187 1.30001 0.017666
4.24751 1.30122 0.0771359
4.26412 1.30211 0.0539317
4.2818 1.30304 0.0523409
4.29624 1.30386 0.0563329
4.33275 1.30646 0.0712308
4.37083 1.30951 0.0800266
4.40418 1.30992 0.0122249
4.43252 1.31006 0.0050204
4.4455 1.3099 -0.0125966
4.46622 1.30955 -0.0169001
4.49677 1.31 0.014727
4.51558 1.31101 0.0537184
4.55475 1.31422 0.0816277
4.58074 1.31731 0.118404
4.59248 1.31906 0.148353
4.60633 1.32072 0.119047
4.62458 1.32404 0.179818
4.64747 1.32828 0.183176
4.6755 1.33388 0.197384
4.69146 1.33627 0.148285
4.71 1.33886 0.138913
4.74418 1.34358 0.137178
4.76477 1.34646 0.13885
4.78941 1.35004 0.1445
4.82052 1.35499 0.157862
4.83102 1.35627 0.120876
4.83615 1.35697 0.136155
4.84858 1.35844 0.117514
4.85791 1.35965 0.128809
4.87886 1.36132 0.0796219
4.89751 1.36239 0.0572305
4.9084 1.36279 0.0373547
4.91325 1.36285 0.0114473
4.93255 1.36367 0.0423824
4.95299 1.36409 0.0204933
4.96605 1.36407 -0.00110626
4.98828 1.36356 -0.0231903
4.99382 1.36323 -0.0591612
5.01054 1.36266 -0.0339979
5.02267 1.36211 -0.0455217
5.03073 1.3621 -0.000442818
5.03384 1.36199 -0.0370425
5.04777 1.36142 -0.0407253
5.07211 1.36149 0.00273589
5.07976 1.36153 0.0053552
5.08891 1.36165 0.0128302
5.10023 1.36102 -0.0548235
5.11383 1.36032 -0.0519323
5.13156 1.36024 -0.00411744
5.14339 1.35977 -0.0402903
5.15425 1.35893 -0.0768646
5.15845 1.35864 -0.0703191
5.16625 1.35827 -0.0466895
5.18151 1.35723 -0.0683873
5.18869 1.35676 -0.0652303
5.20047 1.35634 -0.0356866
True
0.0663407
