-5.46227 1.38899 -0.108555
-5.4498 1.38717 -0.144646
-5.42068 1.38165 -0.187327
-5.3953 1.37841 -0.127148
-5.34829 1.37277 -0.119376
-5.29894 1.36477 -0.160749
-5.25037 1.35769 -0.144705
-5.20835 1.3525 -0.122986
-5.16752 1.34825 -0.103764
-5.1183 1.34352 -0.0957188
-5.06909 1.33891 -0.0934525
-5.01966 1.33138 -0.151203
-4.97214 1.32483 -0.136882
-4.9243 1.31786 -0.144757
-4.88121 1.31158 -0.14473
-4.83361 1.30238 -0.190831
-4.78446 1.29322 -0.184301
-4.7387 1.28546 -0.167828
-4.69042 1.27882 -0.136869
-4.64109 1.2721 -0.135369
-4.59234 1.26527 -0.139094
-4.55181 1.26033 -0.121337
-4.50232 1.25319 -0.1433
-4.4572 1.24769 -0.121285
-4.41033 1.24338 -0.0917848
-4.37014 1.23949 -0.0963819
-4.32158 1.23552 -0.0815947
-4.27211 1.22832 -0.144526
-4.22278 1.22176 -0.132169
-4.17346 1.21362 -0.16367
-4.12424 1.20746 -0.124496
-4.07791 1.20195 -0.118285
-4.03085 1.19436 -0.159826
-3.98203 1.18364 -0.216233
-3.93518 1.17448 -0.193174
-3.88637 1.16375 -0.216241
-3.84548 1.15732 -0.156102
-3.80455 1.1504 -0.167465
-3.75536 1.14253 -0.158598
-3.70613 1.13467 -0.158383
-3.66044 1.12932 -0.116521
-3.61104 1.12527 -0.0817129
-3.56146 1.11974 -0.111167
-3.51178 1.11447 -0.105659
-3.46734 1.11087 -0.0807511
-3.43103 1.10777 -0.0853579
-3.38115 1.10501 -0.0553157
-3.33186 1.10159 -0.0691382
-3.28196 1.09937 -0.0445843
-3.23215 1.09648 -0.0578051
-3.18516 1.09141 -0.107517
-3.13804 1.08824 -0.0671478
-3.08806 1.08753 -0.014348
-3.04458 1.08631 -0.0279422
-3.00002 1.08588 -0.00969843
-2.95347 1.08505 -0.0178974
-2.90531 1.08344 -0.0333915
-2.86455 1.08028 -0.0773992
-2.81709 1.07621 -0.0853925
-2.76752 1.07084 -0.107904
-2.72022 1.06595 -0.103096
-2.67515 1.06072 -0.1156
-2.63157 1.05385 -0.156287
-2.58739 1.04892 -0.111068
-2.54749 1.04296 -0.148344
-2.4984 1.03839 -0.0927803
-2.44859 1.03402 -0.0876217
-2.40133 1.03191 -0.0446379
-2.35409 1.02812 -0.0799541
-2.30472 1.02434 -0.0764201
-2.25514 1.01956 -0.0961851
-2.20716 1.01619 -0.0699632
-2.15735 1.01377 -0.0485591
-2.11188 1.01151 -0.0496605
-2.06432 1.00783 -0.0773775
-2.02832 1.00673 -0.0305217
-1.98012 1.00301 -0.0769146
-1.93023 1.00066 -0.047174
-1.88126 0.99924 -0.0289453
-1.83189 0.997837 -0.0284013
-1.78233 0.997022 -0.0164584
-1.73519 0.992936 -0.086469
-1.6966 0.989272 -0.0946426
-1.64718 0.985274 -0.0807238
-1.60101 0.981961 -0.071621
-1.55349 0.977916 -0.0849117
-1.50654 0.974244 -0.0780779
-1.4579 0.967988 -0.127913
-1.4082 0.964459 -0.0708704
-1.35924 0.961303 -0.0643812
-1.31207 0.9585 -0.0593432
-1.26792 0.955345 -0.0713575
-1.21836 0.948781 -0.131663
-1.16909 0.942264 -0.131502
-1.12211 0.933442 -0.185617
-1.07279 0.926013 -0.149535
-1.0233 0.91934 -0.134022
-0.980038 0.910091 -0.210605
-0.933203 0.897647 -0.259695
-0.896048 0.887098 -0.276629
-0.853507 0.876424 -0.245843
-0.805824 0.86332 -0.268191
-0.767775 0.851733 -0.295604
-0.720389 0.836298 -0.314893
-0.672638 0.822547 -0.28039
-0.627366 0.809638 -0.277778
-0.584713 0.79654 -0.297939
-0.539719 0.779608 -0.359916
-0.50196 0.767136 -0.319026
-0.474278 0.759798 -0.259141
-0.425892 0.747277 -0.253203
-0.387387 0.736214 -0.279797
-0.340356 0.720999 -0.31288
-0.299157 0.708132 -0.302718
-0.253836 0.694324 -0.295741
-0.210148 0.678601 -0.345456
-0.17208 0.665731 -0.326019
-0.123668 0.653392 -0.249548
-0.075488 0.642345 -0.22539
-0.0295235 0.632674 -0.207377
0.0128764 0.622835 -0.228033
0.0589316 0.613245 -0.205287
0.107554 0.601768 -0.231804
0.154906 0.589897 -0.245628
0.187672 0.582028 -0.235692
0.224959 0.572569 -0.248444
0.272272 0.55764 -0.305647
0.301024 0.547966 -0.324582
0.347959 0.532511 -0.318092
0.394748 0.516262 -0.334246
0.44098 0.499827 -0.341571
0.486177 0.483057 -0.355287
0.532223 0.465074 -0.37233
0.564678 0.451554 -0.394729
0.608106 0.431599 -0.430712
0.653955 0.411652 -0.410356
0.695532 0.393519 -0.411273
0.74148 0.374066 -0.400491
0.787139 0.353687 -0.419784
0.822708 0.33775 -0.421241
0.86029 0.322406 -0.387646
0.903297 0.306576 -0.352672
0.946574 0.289033 -0.385138
0.993834 0.27273 -0.332176
1.03818 0.256836 -0.344153
1.08506 0.240103 -0.342813
1.12079 0.229331 -0.292822
1.1684 0.214429 -0.303345
1.21578 0.201452 -0.267368
1.25538 0.191541 -0.245238
1.3034 0.180441 -0.22714
1.33921 0.173256 -0.198033
1.38315 0.163934 -0.209031
1.41931 0.155835 -0.220362
1.46803 0.146996 -0.17948
1.51736 0.139705 -0.146729
1.56367 0.132369 -0.157104
1.60697 0.127229 -0.118147
1.64807 0.120602 -0.15988
1.69765 0.114641 -0.11965
1.74321 0.110463 -0.0914624
1.79172 0.107424 -0.0625491
1.83969 0.103871 -0.073935
1.88965 0.101844 -0.0405556
1.93958 0.0998903 -0.039102
1.98869 0.0978489 -0.0415511
2.03674 0.0953429 -0.0520997
2.08658 0.091324 -0.0804682
2.12283 0.0886717 -0.0730459
2.17156 0.0861928 -0.0508185
2.21787 0.082795 -0.07325
2.26759 0.078821 -0.0797502
2.30942 0.0760171 -0.0669243
2.35815 0.0734546 -0.0525371
2.40765 0.0725057 -0.0191697
2.44748 0.0703111 -0.0550472
2.49222 0.0676663 -0.0590486
2.52918 0.0634614 -0.113273
2.57784 0.0591145 -0.0890957
2.62478 0.0553008 -0.0810601
2.67464 0.0540082 -0.0259218
2.72438 0.0490464 -0.0994185
2.77415 0.0459836 -0.0614584
2.82386 0.0428409 -0.0631458
2.87307 0.040831 -0.0408169
2.91876 0.0384671 -0.0516915
2.96868 0.0370503 -0.0283767
3.01028 0.0360597 -0.0238089
3.05639 0.035383 -0.0146731
3.1045 0.0314215 -0.0821669
3.15434 0.0288919 -0.0507112
3.20389 0.0269395 -0.0393819
3.25215 0.0252585 -0.0348161
3.30201 0.0243998 -0.0172182
3.34302 0.0220388 -0.0575093
3.38765 0.0200287 -0.045015
3.43658 0.0153307 -0.0957152
3.4824 0.0114323 -0.0848732
3.50966 0.0101496 -0.0470215
3.54911 0.00737129 -0.0703169
3.57569 0.00586803 -0.0564992
3.6134 0.00227106 -0.0950857
3.65582 -0.000932524 -0.0753791
3.68923 -0.00222493 -0.0386655
3.72765 -0.00164661 0.0150496
3.77619 -0.000287042 0.0280041
3.8167 -0.00114547 -0.0211881
3.83577 -0.00142029 -0.0144118
3.8764 -0.00321881 -0.0442317
3.90459 -0.00371944 -0.0177576
3.92361 -0.00384494 -0.00659816
3.9504 -0.00474987 -0.0337673
3.99462 -0.0052913 -0.0122431
4.04254 -0.00697292 -0.0350811
4.08528 -0.00969297 -0.063546
4.12195 -0.0111121 -0.0386801
4.16173 -0.0129739 -0.0467707
4.19067 -0.0146661 -0.0584089
4.22383 -0.0173471 -0.0806659
4.26721 -0.0227228 -0.123298
4.29097 -0.0265008 -0.157683
4.31512 -0.0308533 -0.178307
4.35098 -0.0359351 -0.14078
4.38042 -0.0392096 -0.110791
4.40859 -0.0407766 -0.0555579
4.41913 -0.0417087 -0.0882014
4.44128 -0.0435338 -0.0822178
4.48312 -0.0464015 -0.0684297
4.52057 -0.0469836 -0.0155464
4.55902 -0.0472237 -0.0062431
4.60192 -0.0485364 -0.0305854
4.63869 -0.0497903 -0.0340922
4.6779 -0.0524914 -0.0687832
4.71543 -0.0542595 -0.0470815
4.76268 -0.0562818 -0.0427716
4.80661 -0.0576515 -0.0311682
4.83433 -0.0579059 -0.00917884
4.87071 -0.0571191 0.0216279
4.89196 -0.0570548 0.00302429
4.91599 -0.0574182 -0.015121
4.94037 -0.0586944 -0.0523163
4.97693 -0.0592343 -0.0147646
5.00717 -0.0584298 0.0266019
5.02933 -0.0575802 0.0383113
5.0532 -0.0560522 0.0639295
5.06012 -0.0556182 0.0626656
5.06914 -0.0550887 0.0586139
5.07425 -0.0546978 0.0763068
5.07772 -0.0544457 0.0727353
5.09204 -0.0528754 0.109215
5.10192 -0.051498 0.138477
5.11214 -0.049696 0.174572
5.11893 -0.0486867 0.147474
5.13819 -0.0456246 0.157656
5.14364 -0.0449141 0.12967
5.14655 -0.0445446 0.126503
5.1536 -0.0435433 0.141046
5.16216 -0.0423997 0.13272
5.17153 -0.0411895 0.128496
5.1803 -0.0397419 0.163517
5.18469 -0.0388907 0.19188
5.19861 -0.0363679 0.179268
5.22715 -0.031693 0.162336
True
0.0717976
