-5.47364 -0.557131 -0.0871044
-5.42796 -0.558932 -0.0394081
-5.38477 -0.560726 -0.0415197
-5.33674 -0.562943 -0.0461137
-5.29493 -0.564615 -0.0399874
-5.2505 -0.565719 -0.0248443
-5.20077 -0.567595 -0.037699
-5.15089 -0.57071 -0.0623553
-5.11298 -0.572007 -0.0342151
-5.07326 -0.576043 -0.101268
-5.02498 -0.580359 -0.0891472
-4.97875 -0.584918 -0.0982976
-4.92892 -0.588601 -0.0737774
-4.88576 -0.592043 -0.0795936
-4.8359 -0.594081 -0.0408503
-4.79177 -0.59623 -0.0486448
-4.75146 -0.599318 -0.0764842
-4.70983 -0.601231 -0.0459055
-4.66366 -0.60443 -0.0691867
-4.61726 -0.606089 -0.0357416
-4.5763 -0.608785 -0.0657187
-4.5267 -0.611102 -0.0466838
-4.48053 -0.613412 -0.0500006
-4.43084 -0.617059 -0.0732488
-4.38754 -0.619441 -0.054966
-4.33779 -0.621015 -0.0316103
-4.28841 -0.623509 -0.050474
-4.24015 -0.624191 -0.0141233
-4.19032 -0.625141 -0.019065
-4.14638 -0.628513 -0.0765938
-4.1085 -0.629416 -0.02385
-4.06444 -0.629358 0.00133205
-4.02621 -0.629258 0.00260889
-3.97912 -0.629723 -0.00987862
-3.94122 -0.631196 -0.0388428
-3.89383 -0.631871 -0.0142439
-3.84405 -0.627195 0.093659
-3.79444 -0.621624 0.111809
-3.74696 -0.619283 0.0492609
-3.69938 -0.614067 0.109218
-3.66047 -0.610125 0.100964
-3.61554 -0.605769 0.0966267
-3.57147 -0.601601 0.0942992
-3.52221 -0.59306 0.171677
-3.49332 -0.589251 0.131079
-3.46311 -0.585487 0.123979
-3.41581 -0.578633 0.143905
-3.37545 -0.57212 0.159995
-3.32643 -0.562398 0.195776
-3.27907 -0.550438 0.24737
-3.23034 -0.539535 0.220103
-3.19525 -0.531951 0.212881
-3.16067 -0.523754 0.232764
-3.11959 -0.514603 0.219149
-3.0713 -0.50564 0.183543
-3.03079 -0.496065 0.232085
-2.9892 -0.487628 0.20016
-2.94959 -0.478103 0.236
-2.90208 -0.468017 0.209178
-2.85345 -0.456427 0.233952
-2.81373 -0.443834 0.306988
-2.7686 -0.430868 0.279814
-2.73228 -0.420328 0.282415
-2.68447 -0.405707 0.296753
-2.63658 -0.391351 0.291291
-2.58838 -0.378084 0.268598
-2.54135 -0.36522 0.267006
-2.49966 -0.354336 0.255333
-2.45172 -0.340135 0.287994
-2.4136 -0.32871 0.291217
-2.3723 -0.316903 0.278426
-2.32518 -0.302179 0.302848
-2.28726 -0.289359 0.326019
-2.2405 -0.272035 0.354847
-2.19565 -0.257113 0.321175
-2.14859 -0.241022 0.329465
-2.10092 -0.227192 0.282352
-2.05293 -0.21394 0.269417
-2.01463 -0.203972 0.254628
-1.96679 -0.191414 0.256689
-1.91852 -0.181208 0.20839
-1.87423 -0.173947 0.162497
-1.82533 -0.164952 0.18193
-1.77892 -0.159225 0.12277
-1.73152 -0.152816 0.134392
-1.68955 -0.14737 0.129027
-1.6399 -0.142747 0.0928631
-1.59017 -0.138271 0.0897572
-1.54597 -0.136966 0.0295138
-1.4965 -0.135127 0.037167
-1.44662 -0.132475 0.053121
-1.39716 -0.133741 -0.0255997
-1.34803 -0.134755 -0.0206474
-1.30022 -0.137494 -0.0572233
-1.25319 -0.140982 -0.0740201
-1.21261 -0.145123 -0.101707
-1.16552 -0.150355 -0.110652
-1.12362 -0.153681 -0.0792113
-1.07756 -0.15901 -0.115186
-1.03139 -0.165787 -0.145741
-0.982289 -0.173776 -0.16129
-0.937123 -0.180521 -0.148248
-0.888487 -0.188814 -0.168874
-0.839729 -0.199307 -0.211971
-0.791052 -0.210557 -0.227141
-0.744918 -0.220413 -0.21047
-0.69653 -0.232985 -0.254188
-0.648526 -0.246578 -0.275949
-0.606079 -0.258533 -0.274538
-0.559515 -0.272173 -0.284954
-0.51261 -0.284648 -0.259937
-0.46678 -0.295738 -0.237418
-0.421669 -0.306459 -0.233339
-0.373292 -0.317996 -0.234106
-0.32578 -0.32939 -0.235362
-0.276909 -0.339705 -0.208007
-0.231381 -0.345868 -0.134556
-0.18477 -0.351424 -0.11865
-0.136017 -0.357112 -0.116128
-0.0870039 -0.366887 -0.196857
-0.041013 -0.377793 -0.232839
-0.00022376 -0.387936 -0.243717
0.0481672 -0.399703 -0.238544
0.0963389 -0.412419 -0.258092
0.144863 -0.423683 -0.228081
0.1919 -0.434213 -0.220246
0.240255 -0.446544 -0.249683
0.283537 -0.456857 -0.233915
0.321397 -0.467123 -0.264782
0.36972 -0.479964 -0.259743
0.415608 -0.492165 -0.259869
0.458781 -0.501578 -0.214671
0.497722 -0.510545 -0.226314
0.543239 -0.51964 -0.197223
0.591175 -0.526993 -0.152211
0.632623 -0.533277 -0.150465
0.668303 -0.538462 -0.144298
0.712126 -0.544921 -0.14634
0.750898 -0.54995 -0.128979
0.79229 -0.557327 -0.17638
0.835356 -0.566717 -0.214675
0.878264 -0.57614 -0.216178
0.913884 -0.582861 -0.186492
0.962338 -0.589994 -0.146171
0.996422 -0.596094 -0.177081
1.04035 -0.604599 -0.191261
1.08249 -0.616677 -0.279103
1.13147 -0.626363 -0.195228
1.17704 -0.637793 -0.245788
1.22471 -0.651699 -0.283813
1.27243 -0.665875 -0.288755
1.31973 -0.679373 -0.277989
1.36753 -0.691272 -0.244006
1.40906 -0.702376 -0.261249
1.45697 -0.715362 -0.264675
1.50373 -0.726658 -0.237007
1.55003 -0.738137 -0.243059
1.59773 -0.747747 -0.198815
1.64309 -0.758477 -0.232287
1.69002 -0.769034 -0.22126
1.73872 -0.779018 -0.20219
1.76453 -0.784461 -0.20784
1.81316 -0.792254 -0.158903
1.86112 -0.797661 -0.112271
1.90703 -0.80406 -0.138477
1.94722 -0.807728 -0.0910146
1.99663 -0.814745 -0.141079
2.04385 -0.821608 -0.144355
2.08723 -0.828572 -0.159141
2.13073 -0.835323 -0.153962
2.17073 -0.842169 -0.169539
2.19381 -0.846267 -0.175715
2.23655 -0.854477 -0.189756
2.27884 -0.86494 -0.242572
2.32692 -0.877738 -0.260145
2.36636 -0.890519 -0.313366
2.4132 -0.906216 -0.323403
2.456 -0.922005 -0.353361
2.49347 -0.935983 -0.357084
2.53966 -0.952377 -0.341031
2.58209 -0.965156 -0.292516
2.63048 -0.977627 -0.25227
2.67637 -0.989739 -0.258033
2.72425 -1.00342 -0.278284
2.77234 -1.01498 -0.235931
2.8209 -1.02663 -0.235425
2.85367 -1.03408 -0.22348
2.89991 -1.04671 -0.266782
2.94497 -1.0595 -0.276514
2.99253 -1.07422 -0.300075
3.03295 -1.08771 -0.322301
3.07544 -1.10227 -0.329925
3.11435 -1.11756 -0.374628
3.16095 -1.13564 -0.370071
3.20141 -1.14995 -0.339912
3.22943 -1.16097 -0.374657
3.27461 -1.17761 -0.35297
3.31464 -1.19152 -0.334269
3.35703 -1.20632 -0.336138
3.39978 -1.2214 -0.339047
3.44449 -1.23746 -0.344884
3.49027 -1.25352 -0.33734
3.52812 -1.26783 -0.361518
3.5662 -1.28329 -0.385535
3.59622 -1.2952 -0.37766
3.62621 -1.30681 -0.369517
3.668 -1.32207 -0.350097
3.70809 -1.33366 -0.281311
3.74042 -1.34109 -0.226118
3.77353 -1.34762 -0.194705
3.79024 -1.35082 -0.189151
3.80699 -1.35483 -0.234782
3.83064 -1.36089 -0.250893
3.86908 -1.37079 -0.252061
3.90655 -1.38138 -0.275525
3.94283 -1.39227 -0.291659
3.97599 -1.40299 -0.312533
4.01705 -1.41574 -0.300999
4.05005 -1.42711 -0.331762
4.07836 -1.43642 -0.318069
4.10319 -1.44387 -0.2913
4.13336 -1.45222 -0.270135
4.15328 -1.45812 -0.287903
4.18007 -1.46628 -0.295673
4.18848 -1.46916 -0.329457
4.20059 -1.47338 -0.33567
4.20757 -1.47572 -0.322486
4.21034 -1.47671 -0.346128
4.22483 -1.48248 -0.378568
4.24684 -1.49228 -0.419083
4.26243 -1.49976 -0.447427
4.28698 -1.51107 -0.431392
4.29799 -1.51638 -0.449766
4.30735 -1.52078 -0.439251
4.33614 -1.53473 -0.451153
4.37196 -1.55209 -0.451432
4.41167 -1.57097 -0.443747
4.44248 -1.586 -0.453815
4.47496 -1.60029 -0.414627
4.51889 -1.62025 -0.42628
4.55467 -1.63621 -0.419856
4.59985 -1.65516 -0.397067
4.61922 -1.66264 -0.368557
4.63262 -1.66798 -0.379008
4.64754 -1.67386 -0.375556
4.66074 -1.67923 -0.38627
4.6742 -1.68485 -0.395472
4.69774 -1.694 -0.370911
4.72704 -1.70469 -0.349663
4.75081 -1.71265 -0.323331
4.78127 -1.72273 -0.319609
4.80482 -1.73011 -0.303582
4.82317 -1.73638 -0.32907
4.84093 -1.7431 -0.361993
4.85284 -1.74743 -0.34825
4.86648 -1.75239 -0.349349
4.88511 -1.75946 -0.362357
4.89957 -1.76441 -0.330214
4.91793 -1.77077 -0.333425
4.93321 -1.77519 -0.28155
4.94347 -1.77766 -0.23604
4.96174 -1.78203 -0.234635
4.9775 -1.78603 -0.248492
4.99133 -1.78968 -0.258013
5.00036 -1.79208 -0.259653
5.00858 -1.79415 -0.246928
5.01916 -1.79674 -0.240502
5.03218 -1.80014 -0.255111
5.04843 -1.80417 -0.243207
5.07511 -1.81075 -0.241783
5.09322 -1.81446 -0.202373
5.10289 -1.81616 -0.17335
5.11409 -1.81851 -0.207232
5.13548 -1.82279 -0.197208
5.14363 -1.82432 -0.185403
5.16086 -1.82817 -0.219912
5.17536 -1.83165 -0.235526
5.18372 -1.8342 -0.295701
5.19349 -1.83684 -0.26445
5.20186 -1.83896 -0.248527
5.20692 -1.84033 -0.26331
True
0.0665293
