4.48473 -0.00373959 -2.90137
4.45636 -0.0121349 -2.85387
4.41994 -0.0231834 -2.84706
4.39949 -0.0318434 -2.74106
4.39688 -0.0329338 -2.7463
4.35716 -0.0499057 -2.73775
4.31666 -0.071241 -2.65679
4.27385 -0.0948435 -2.63771
4.24743 -0.111146 -2.58878
4.21212 -0.135509 -2.53753
4.19543 -0.149304 -2.45107
4.15917 -0.183696 -2.38261
4.12514 -0.219802 -2.32656
4.10572 -0.242149 -2.28613
4.07521 -0.281715 -2.22776
4.04454 -0.320146 -2.24429
4.01707 -0.357537 -2.20446
3.99191 -0.393553 -2.18053
3.9643 -0.432038 -2.19307
3.93722 -0.473668 -2.14762
3.91619 -0.506447 -2.14113
3.89137 -0.548342 -2.10576
3.87265 -0.582906 -2.06719
3.85473 -0.617929 -2.04363
3.83476 -0.659851 -2.01537
3.81995 -0.694457 -1.97522
3.80297 -0.732616 -1.98939
3.78446 -0.775568 -1.97777
3.7665 -0.822206 -1.93841
3.75013 -0.861893 -1.96201
3.7322 -0.905866 -1.95788
3.7167 -0.950641 -1.90402
3.70136 -0.998157 -1.88305
3.68792 -1.04186 -1.8692
3.67399 -1.08969 -1.85413
3.66578 -1.11522 -1.88209
3.65099 -1.16286 -1.87171
3.64562 -1.18138 -1.85318
3.63519 -1.21879 -1.84283
3.62288 -1.25918 -1.86648
3.60706 -1.3065 -1.89354
3.59166 -1.35384 -1.88534
3.5785 -1.4016 -1.83969
3.56204 -1.44879 -1.90639
3.54621 -1.49066 -1.9321
3.53303 -1.52644 -1.92386
3.51778 -1.56645 -1.93483
3.50286 -1.60189 -1.96949
3.48586 -1.6489 -1.91773
3.46823 -1.6913 -1.96484
3.45215 -1.72679 -1.99615
3.43289 -1.77067 -1.98429
3.42262 -1.79437 -1.98007
3.4041 -1.83455 -2.00269
3.39534 -1.85083 -2.06422
3.38401 -1.87347 -2.03486
3.3628 -1.91583 -2.0349
3.34417 -1.9495 -2.07635
3.32029 -1.99166 -2.08612
3.30118 -2.02456 -2.09694
3.27665 -2.06813 -2.08374
3.25679 -2.10291 -2.08936
3.22912 -2.14374 -2.16648
3.20741 -2.17378 -2.1966
3.19132 -2.19416 -2.23908
3.17996 -2.2099 -2.19584
3.15575 -2.24213 -2.21522
3.12616 -2.28208 -2.2083
3.09823 -2.32293 -2.17045
3.0717 -2.36004 -2.19138
3.05368 -2.3866 -2.16696
3.02522 -2.42767 -2.17684
2.99941 -2.46378 -2.19143
2.96943 -2.50309 -2.22231
2.94646 -2.53297 -2.22591
2.9142 -2.57062 -2.27931
2.89399 -2.59386 -2.2868
2.86213 -2.62772 -2.32562
2.82698 -2.66246 -2.36215
2.7908 -2.69696 -2.37985
2.75557 -2.72786 -2.4217
2.71706 -2.75921 -2.4584
2.68043 -2.79325 -2.39276
2.64398 -2.82744 -2.38809
2.62122 -2.84826 -2.40081
2.58681 -2.88067 -2.38604
2.55681 -2.90759 -2.41031
2.51848 -2.9397 -2.44429
2.48223 -2.97225 -2.41003
2.45247 -2.99578 -2.47236
2.41582 -3.02927 -2.40124
2.39088 -3.05238 -2.3942
2.36364 -3.07888 -2.37002
2.32791 -3.11291 -2.3806
2.2929 -3.14573 -2.38833
2.26063 -3.17293 -2.44144
2.22084 -3.20322 -2.49092
2.18514 -3.22932 -2.51022
2.15396 -3.24885 -2.58197
2.11096 -3.27436 -2.60613
2.06871 -3.30109 -2.57767
2.02598 -3.32496 -2.63215
1.98623 -3.34731 -2.6292
1.952 -3.36586 -2.64498
1.9141 -3.38644 -2.64423
1.87059 -3.41107 -2.62658
1.82577 -3.43323 -2.68226
1.79709 -3.44775 -2.67312
1.76073 -3.4657 -2.68294
1.72015 -3.48302 -2.73814
1.68076 -3.49934 -2.74876
1.643 -3.51337 -2.78584
1.60848 -3.52657 -2.77654
1.56876 -3.54286 -2.75244
1.56079 -3.54642 -2.7214
1.51459 -3.56488 -2.76137
1.47813 -3.57936 -2.76346
1.45052 -3.58961 -2.78624
1.40404 -3.60667 -2.78976
1.36305 -3.62133 -2.79827
1.3167 -3.63618 -2.83147
1.27118 -3.65388 -2.77085
1.22962 -3.66846 -2.80399
1.18318 -3.68434 -2.81225
1.13827 -3.69718 -2.86302
1.09427 -3.71016 -2.85476
1.04636 -3.7232 -2.87584
0.998036 -3.73603 -2.8821
0.952359 -3.74739 -2.89776
0.904335 -3.76129 -2.85986
0.85678 -3.77421 -2.8763
0.809184 -3.78567 -2.90531
0.761196 -3.79831 -2.88416
0.71546 -3.80985 -2.89428
0.666401 -3.81951 -2.94731
0.620241 -3.82908 -2.93707
0.571794 -3.83688 -2.98192
0.524814 -3.84544 -2.96153
0.489434 -3.84863 -3.05151
0.439672 -3.85324 -3.04919
0.39521 -3.85756 -3.04483
0.345672 -3.86367 -3.01886
0.303603 -3.86627 -3.07986
0.25367 -3.86617 -3.14353
0.216604 -3.86588 3.13375
0.166669 -3.86586 3.14118
0.116776 -3.86541 3.13254
0.0735287 -3.86322 3.09094
0.0276036 -3.8615 3.10419
-0.019253 -3.85994 3.10824
-0.0689795 -3.85483 3.03929
-0.114216 -3.85237 3.08728
-0.163822 -3.84828 3.05928
-0.208977 -3.84455 3.0592
-0.258475 -3.84247 3.09962
-0.295226 -3.84186 3.12485
-0.344396 -3.83909 3.08548
-0.382534 -3.8375 3.09972
-0.421625 -3.83282 3.02251
-0.469152 -3.82859 3.05281
-0.516539 -3.82344 3.03336
-0.557364 -3.81769 3.00165
-0.604472 -3.81211 3.02384
-0.649884 -3.80666 3.02202
-0.699266 -3.79883 2.98428
-0.748191 -3.78951 2.95335
-0.79706 -3.77894 2.92874
-0.837465 -3.7699 2.92139
-0.880409 -3.75889 2.89062
-0.927325 -3.74744 2.90214
-0.975695 -3.73483 2.88656
-1.02198 -3.72167 2.86468
-1.06928 -3.70636 2.82856
-1.11034 -3.69327 2.83287
-1.15724 -3.67754 2.81805
-1.19958 -3.66185 2.78671
-1.24545 -3.64532 2.7958
-1.29172 -3.62855 2.79384
-1.33901 -3.6136 2.83542
-1.38605 -3.5967 2.79661
-1.43374 -3.5817 2.83683
-1.47999 -3.56269 2.75163
-1.51977 -3.54687 2.76304
-1.56213 -3.52762 2.71523
-1.60065 -3.51009 2.71445
-1.64202 -3.49022 2.6938
-1.67186 -3.4768 2.71881
-1.71795 -3.45744 2.74401
-1.75882 -3.44094 2.75794
-1.80152 -3.42217 2.72747
-1.84544 -3.4017 2.70541
-1.89 -3.3799 2.68662
-1.92463 -3.36276 2.68192
-1.9548 -3.34731 2.66842
-1.99508 -3.32748 2.68408
-2.03879 -3.30383 2.64563
-2.07573 -3.28077 2.58341
-2.1146 -3.25599 2.57407
-2.15523 -3.22863 2.54905
-2.18982 -3.20379 2.51872
-2.22927 -3.17473 2.50668
-2.2667 -3.14631 2.49226
-2.30707 -3.11682 2.51066
-2.34119 -3.09378 2.54759
-2.38128 -3.06459 2.5123
-2.41955 -3.03394 2.46644
-2.45376 -3.00561 2.44975
-2.49205 -2.97472 2.46276
-2.53012 -2.94231 2.43637
-2.56869 -2.91268 2.48655
-2.6066 -2.88401 2.49419
-2.64618 -2.85389 2.49101
-2.68052 -2.83002 2.53407
-2.72068 -2.80153 2.52464
-2.75998 -2.7707 2.47634
-2.79833 -2.73978 2.46317
-2.81655 -2.724 2.42753
-2.84231 -2.70185 2.43147
-2.86559 -2.68233 2.44399
-2.89258 -2.66085 2.46933
-2.92383 -2.63698 2.48919
-2.95854 -2.6134 2.54488
-2.99577 -2.58706 2.5259
-3.02889 -2.56352 2.52357
-3.05942 -2.54102 2.50664
-3.0842 -2.52373 2.53229
-3.10638 -2.50759 2.51248
-3.12751 -2.49135 2.48648
-3.15055 -2.47355 2.48387
-3.17202 -2.45497 2.42806
-3.19174 -2.43688 2.39904
-3.20585 -2.42455 2.42348
-3.22604 -2.40792 2.45297
-3.25995 -2.38093 2.46932
-3.2962 -2.35239 2.47459
-3.31953 -2.33431 2.48217
-3.35212 -2.30871 2.47571
-3.38622 -2.28021 2.44565
-3.41653 -2.25404 2.42932
-3.43982 -2.23549 2.46883
-3.46367 -2.2167 2.47448
-3.48778 -2.19901 2.50843
-3.51016 -2.18212 2.49511
-3.54489 -2.15489 2.47661
-3.56843 -2.13595 2.46417
-3.57968 -2.12669 2.45276
-3.59255 -2.11645 2.4698
-3.60744 -2.1045 2.46538
-3.61617 -2.098 2.50093
-3.62117 -2.09438 2.51467
-3.63404 -2.08508 2.51639
-3.63571 -2.0837 2.44569
-3.64727 -2.07396 2.44167
-3.66531 -2.05863 2.4376
-3.67816 -2.04776 2.43899
-3.70433 -2.03049 2.55839
-3.73458 -2.01011 2.54873
-3.76152 -1.9917 2.54196
-3.77905 -1.97899 2.51455
-3.79184 -1.96919 2.48765
-3.80165 -1.96153 2.47865
-3.82301 -1.94468 2.47366
-3.83644 -1.93404 2.47176
-3.84738 -1.92618 2.51865
-3.86228 -1.91573 2.52984
-3.86876 -1.91122 2.5326
-3.87232 -1.90855 2.49946
-3.88369 -1.89977 2.48414
-3.89353 -1.8935 2.57402
-3.89981 -1.88966 2.59368
-3.90421 -1.88685 2.57308
-3.91332 -1.88164 2.62162
-3.92777 -1.87308 2.6068
-3.94939 -1.86104 2.63353
-3.9592 -1.85533 2.61466
-3.97161 -1.84779 2.59532
-3.98751 -1.83844 2.61018
-4.00699 -1.82716 2.61651
-4.03552 -1.81014 2.60371
-4.05694 -1.79799 2.6257
-4.08437 -1.78239 2.62464
-4.08583 -1.78166 2.67503
-4.09863 -1.77485 2.65274
-4.11426 -1.76691 2.67132
-4.12823 -1.75877 2.61405
-4.14317 -1.74886 2.55623
-4.15265 -1.74201 2.51555
-4.15693 -1.73887 2.50881
-4.17423 -1.72551 2.48387
-4.18841 -1.71439 2.47681
-4.19671 -1.70754 2.45121
-4.20298 -1.70168 2.39066
-4.21261 -1.6932 2.41924
-4.22292 -1.68478 2.45662
-4.22901 -1.67983 2.45917
-4.23641 -1.67381 2.45846
-4.24629 -1.66652 2.50643
-4.24678 -1.66618 2.53554
-4.25397 -1.6617 2.58428
-4.25532 -1.66092 2.61594
-4.26685 -1.65466 2.6446
-4.27712 -1.64898 2.63579
True
0.0674233
