4.4764 0.0127841 2.64513
4.45349 0.0279355 2.55723
4.43423 0.041196 2.5386
4.39823 0.0711266 2.448
4.36715 0.0974343 2.43923
4.33823 0.12881 2.31557
4.30533 0.166423 2.28938
4.28048 0.198616 2.22811
4.2537 0.2374 2.17511
4.23246 0.271603 2.1266
4.21418 0.30347 2.09164
4.19315 0.3407 2.08501
4.17255 0.385383 2.00271
4.15244 0.431147 1.9849
4.13109 0.476357 2.01189
4.11185 0.520547 1.98156
4.09278 0.566401 1.96489
4.07331 0.611381 1.97924
4.05651 0.64908 1.9901
4.03754 0.69497 1.96271
4.02042 0.740109 1.93326
4.00586 0.781419 1.90969
3.98779 0.826417 1.95272
3.96919 0.872804 1.95207
3.95118 0.919448 1.93927
3.93333 0.966147 1.93603
3.91751 1.00605 1.94814
3.89965 1.04508 1.99985
3.88388 1.08232 1.97148
3.86558 1.12324 1.99141
3.84616 1.16455 2.01016
3.82782 1.20182 2.02824
3.80517 1.24638 2.04097
3.78494 1.28797 2.02343
3.76307 1.33271 2.02544
3.74485 1.37894 1.94633
3.72629 1.41906 2.00414
3.70814 1.46122 1.97727
3.69146 1.50081 1.96952
3.6739 1.54047 1.98764
3.65548 1.58663 1.9504
3.63696 1.62889 1.98376
3.61704 1.67383 1.98815
3.59945 1.71275 1.99523
3.57876 1.75827 1.99754
3.56021 1.80121 1.97856
3.54155 1.844 1.98205
3.51968 1.88859 2.02667
3.49663 1.93294 2.05012
3.47503 1.97048 2.09299
3.45555 2.00621 2.06994
3.43347 2.04582 2.07927
3.40746 2.0885 2.11801
3.38279 2.13191 2.08763
3.36078 2.17268 2.06587
3.33648 2.21399 2.10258
3.31441 2.25114 2.10675
3.28835 2.2929 2.12858
3.26297 2.33078 2.16123
3.23446 2.3703 2.19578
3.20839 2.40752 2.18173
3.17803 2.44584 2.24093
3.15102 2.4798 2.24265
3.11904 2.51641 2.28886
3.08822 2.55576 2.23516
3.05746 2.59517 2.23367
3.02722 2.631 2.27168
2.9959 2.66908 2.25902
2.96449 2.70556 2.28171
2.93068 2.74234 2.31411
2.89799 2.77938 2.29395
2.86298 2.81428 2.3577
2.84047 2.83602 2.3736
2.80342 2.86954 2.40615
2.76866 2.89966 2.42774
2.73234 2.93384 2.38645
2.69527 2.96736 2.40653
2.65811 2.99992 2.42208
2.62025 3.03256 2.42995
2.58939 3.05949 2.42416
2.55868 3.08596 2.4302
2.52224 3.11772 2.42467
2.48391 3.14884 2.45962
2.44499 3.18023 2.46292
2.41177 3.20583 2.48518
2.3722 3.23462 2.51258
2.33293 3.26556 2.47416
2.2964 3.29413 2.47788
2.26552 3.31872 2.46915
2.22828 3.34841 2.46853
2.19248 3.37683 2.47075
2.15293 3.40566 2.51168
2.11386 3.43337 2.52457
2.07488 3.45735 2.59012
2.03628 3.4799 2.61292
1.99417 3.50683 2.57248
1.95593 3.53062 2.58514
1.91278 3.55585 2.61256
1.87321 3.57793 2.63265
1.8286 3.60049 2.67328
1.78441 3.62174 2.69346
1.75247 3.63649 2.70892
1.71026 3.65703 2.68868
1.67825 3.67262 2.6884
1.63645 3.69258 2.69597
1.59297 3.71315 2.69987
1.55208 3.73266 2.69644
1.51061 3.75132 2.71869
1.46605 3.774 2.67086
1.42061 3.79479 2.71247
1.38128 3.81256 2.71709
1.33754 3.83093 2.74398
1.30565 3.84387 2.75616
1.26113 3.86099 2.77459
1.21454 3.87864 2.77945
1.17583 3.89254 2.79688
1.12792 3.90655 2.8571
1.07975 3.91958 2.8774
1.03207 3.93443 2.83948
1.00267 3.94356 2.84066
0.96008 3.95703 2.83535
0.913399 3.97193 2.83254
0.866224 3.98809 2.81151
0.826519 4.0015 2.81593
0.781996 4.01497 2.84776
0.735729 4.02977 2.83216
0.690965 4.04278 2.85857
0.651089 4.05394 2.86872
0.609668 4.06305 2.92513
0.567111 4.07167 2.94185
0.518199 4.08149 2.94334
0.469378 4.09227 2.92427
0.428586 4.09936 2.9695
0.379613 4.10778 2.97149
0.333307 4.11486 2.98973
0.285058 4.12242 2.98612
0.235567 4.12952 2.99926
0.192093 4.13383 3.04267
0.142289 4.13809 3.05638
0.0985452 4.1415 3.06366
0.0486 4.14363 3.09908
0.0048935 4.14695 3.06559
-0.041279 4.1526 3.01988
-0.0906229 4.16065 2.97988
-0.135153 4.16634 3.01463
-0.178454 4.17167 3.0191
-0.2267 4.17462 3.0804
-0.27513 4.17896 3.0522
-0.316649 4.18206 3.06724
-0.358955 4.18409 3.09368
-0.408915 4.1859 3.10538
-0.458546 4.18489 3.16185
-0.504804 4.18325 -3.10617
-0.552827 4.18078 -3.09011
-0.60274 4.17806 -3.0872
-0.640569 4.17587 -3.08372
-0.690145 4.17273 -3.07848
-0.737898 4.16957 -3.07534
-0.780541 4.16499 -3.03476
-0.823408 4.16352 -3.10736
-0.872122 4.16328 -3.13655
-0.921772 4.16078 -3.09124
-0.962465 4.15945 -3.10893
-1.00679 4.15612 -3.06661
-1.05145 4.15389 -3.09175
-1.08875 4.15051 -3.05118
-1.13852 4.14596 -3.05043
-1.18246 4.14249 -3.06291
-1.21893 4.13951 -3.05988
-1.26482 4.13572 -3.05935
-1.30385 4.13408 -3.09943
-1.34789 4.13243 -3.10415
-1.38632 4.13078 -3.0987
-1.43292 4.13136 -3.15414
-1.48283 4.13119 3.145
-1.53105 4.12899 -3.09597
-1.57772 4.12651 -3.08847
-1.6263 4.12448 -3.0998
-1.67623 4.12183 -3.08852
-1.7177 4.11914 -3.07703
-1.75976 4.11649 -3.07851
-1.80597 4.11269 -3.05958
-1.84498 4.11062 -3.08855
-1.89147 4.10764 -3.0777
-1.94132 4.10399 -3.06851
-1.98692 4.10053 -3.06585
-2.02931 4.09882 -3.10121
-2.06235 4.09739 -3.09839
-2.1102 4.09546 -3.10127
-2.15879 4.09408 -3.11317
-2.20289 4.0918 -3.08988
-2.24532 4.09251 -3.15829
-2.28241 4.09401 3.10102
-2.33118 4.09619 3.09703
-2.36656 4.09731 3.10987
-2.40927 4.09914 3.09878
-2.42995 4.10059 3.07164
-2.43829 4.10178 2.99958
-2.45938 4.10533 2.97484
-2.50249 4.11312 2.96282
-2.52284 4.11654 2.97492
-2.56714 4.12508 2.95116
-2.6049 4.13236 2.95116
-2.64705 4.13825 3.00279
-2.68255 4.14253 3.02158
-2.69636 4.14461 2.99201
-2.7136 4.14782 2.95746
-2.72132 4.14899 2.99208
-2.73085 4.15085 2.94836
-2.75662 4.15541 2.96646
-2.78756 4.16002 2.99365
-2.80883 4.16296 3.00432
-2.84081 4.16671 3.02494
-2.86681 4.16925 3.0442
-2.89829 4.17224 3.04673
-2.94543 4.17603 3.06136
-2.97757 4.17831 3.07094
-2.99968 4.17931 3.09619
-3.01414 4.17988 3.10248
-3.04529 4.18166 3.08465
-3.07829 4.18355 3.08436
-3.12679 4.1842 3.12813
-3.17168 4.18439 3.13746
-3.2167 4.18533 3.12056
-3.24751 4.18678 3.09465
-3.29092 4.18832 3.1062
-3.33696 4.1902 3.10061
-3.37255 4.19221 3.08532
-3.40977 4.19276 3.12671
-3.43477 4.19323 3.12311
-3.46313 4.19413 3.10984
-3.50203 4.19597 3.09415
-3.53812 4.19802 3.08482
-3.56461 4.19928 3.09435
-3.59076 4.20144 3.0592
-3.62796 4.20668 3.00146
-3.66322 4.21157 3.00388
-3.68923 4.21587 2.97765
-3.71753 4.22032 2.98563
-3.72772 4.22257 2.92506
-3.7344 4.22398 2.93237
-3.75706 4.2287 2.9362
-3.77397 4.23207 2.9451
-3.7926 4.23536 2.96686
-3.80412 4.23754 2.95443
-3.8247 4.24222 2.91811
-3.84544 4.2473 2.90135
-3.8646 4.25221 2.89063
-3.88231 4.25697 2.87883
-3.8959 4.26074 2.87119
-3.91648 4.2655 2.91435
-3.93277 4.26898 2.93131
-3.96605 4.27391 2.99458
-3.98996 4.2765 3.03343
-3.99632 4.27678 3.09777
-4.00523 4.27632 3.19311
-4.00825 4.27614 -3.0806
-4.02717 4.27487 -3.07447
-4.03882 4.2739 -3.05846
-4.0375 4.27405 -3.02172
-4.04331 4.27355 -3.05577
-4.04937 4.27272 -3.00427
-4.05897 4.27143 -3.00838
-4.06276 4.27101 -3.03139
-4.08668 4.26862 -3.04176
-4.09121 4.26816 -3.04079
-4.10453 4.26647 -3.0154
-4.11441 4.26497 -2.99157
-4.12858 4.26296 -3.00048
-4.14849 4.25981 -2.9847
-4.14744 4.25993 -3.03053
-4.15575 4.25929 -3.06548
-4.16211 4.25906 -3.10433
-4.17635 4.25837 -3.09356
-4.18088 4.25783 -3.02341
-4.19639 4.25563 -3.00015
-4.19922 4.25518 -2.98453
-4.20076 4.25488 -2.95116
True
0.191291
