4.48867 -0.00165864 -2.99628
4.45761 -0.00947398 -2.89503
4.45042 -0.0116444 -2.84868
4.43912 -0.0153845 -2.82186
4.41095 -0.0265613 -2.76383
4.38556 -0.037902 -2.72161
4.35809 -0.052159 -2.6629
4.33229 -0.0675717 -2.60309
4.30486 -0.0860896 -2.54779
4.29975 -0.0898269 -2.50973
4.29004 -0.0977754 -2.45556
4.27614 -0.109906 -2.42393
4.24402 -0.139711 -2.39361
4.21618 -0.167128 -2.3639
4.20417 -0.180108 -2.31747
4.18249 -0.202769 -2.33396
4.15012 -0.240178 -2.28418
4.12788 -0.26911 -2.22606
4.1068 -0.298527 -2.19263
4.08007 -0.33623 -2.18755
4.06991 -0.352533 -2.12779
4.05456 -0.377437 -2.1232
4.03253 -0.415619 -2.09421
4.01016 -0.455718 -2.07955
3.98609 -0.497988 -2.08844
3.96185 -0.541177 -2.08222
3.94299 -0.579736 -2.02571
3.92713 -0.61353 -2.00965
3.90867 -0.659991 -1.94903
3.89182 -0.707066 -1.91457
3.87453 -0.752131 -1.93709
3.85774 -0.796284 -1.93419
3.84108 -0.841153 -1.92638
3.82712 -0.877534 -1.93721
3.80848 -0.923567 -1.95555
3.79024 -0.97012 -1.94419
3.7711 -1.01578 -1.96769
3.75838 -1.04673 -1.96074
3.74283 -1.08476 -1.95894
3.72266 -1.13003 -1.99
3.70418 -1.17137 -1.99118
3.68476 -1.21599 -1.98117
3.66575 -1.26217 -1.96134
3.64712 -1.30625 -1.97073
3.62543 -1.3495 -2.03561
3.60442 -1.3935 -2.01626
3.58384 -1.43794 -2.00451
3.5622 -1.48066 -2.0397
3.54645 -1.51492 -2.00166
3.5258 -1.55811 -2.01676
3.5055 -1.59764 -2.04522
3.48788 -1.63461 -2.0157
3.47191 -1.66861 -2.00989
3.45093 -1.71285 -2.01363
3.43055 -1.75549 -2.01666
3.4145 -1.78737 -2.03699
3.39339 -1.83259 -2.00764
3.36996 -1.8764 -2.06182
3.34656 -1.91629 -2.10145
3.32523 -1.95378 -2.08805
3.30269 -1.99414 -2.08008
3.27997 -2.03582 -2.06985
3.25513 -2.07921 -2.09078
3.23132 -2.11499 -2.15783
3.20727 -2.15353 -2.12873
3.17822 -2.19422 -2.19093
3.15363 -2.2288 -2.18893
3.1255 -2.27013 -2.16842
3.09999 -2.3088 -2.15393
3.0744 -2.34569 -2.17717
3.05097 -2.38141 -2.15147
3.02959 -2.413 -2.16553
3.00359 -2.44892 -2.19749
2.97579 -2.48648 -2.20795
2.95378 -2.51538 -2.22173
2.93619 -2.53841 -2.223
2.92143 -2.55863 -2.20115
2.90049 -2.58349 -2.2709
2.86847 -2.62187 -2.26609
2.83481 -2.65831 -2.31652
2.81258 -2.68219 -2.32055
2.77764 -2.7178 -2.34673
2.74317 -2.75401 -2.33151
2.71176 -2.7894 -2.29678
2.68213 -2.81996 -2.34061
2.6489 -2.85732 -2.29771
2.61394 -2.89306 -2.34533
2.5862 -2.92158 -2.34228
2.56144 -2.94796 -2.32438
2.52601 -2.98324 -2.3585
2.49471 -3.01328 -2.37673
2.45909 -3.04536 -2.40824
2.42222 -3.07908 -2.40083
2.39433 -3.10137 -2.46729
2.37046 -3.11953 -2.49116
2.35225 -3.13165 -2.55476
2.31416 -3.15803 -2.53575
2.27356 -3.18577 -2.5422
2.23215 -3.21337 -2.55378
2.19249 -3.24286 -2.50212
2.15266 -3.27293 -2.49496
2.11379 -3.30411 -2.46559
2.07741 -3.33062 -2.51187
2.03699 -3.35712 -2.56123
1.99657 -3.38653 -2.51255
1.95627 -3.41276 -2.56466
1.91423 -3.43913 -2.58143
1.88304 -3.45859 -2.58359
1.84839 -3.48117 -2.5641
1.81648 -3.50052 -2.5965
1.78275 -3.51999 -2.61795
1.76094 -3.5331 -2.60062
1.71701 -3.55676 -2.64756
1.67997 -3.5765 -2.65197
1.63614 -3.60057 -2.6392
1.60196 -3.61842 -2.66058
1.55688 -3.63894 -2.71445
1.5222 -3.65361 -2.74112
1.48501 -3.66835 -2.76426
1.44189 -3.68477 -2.77777
1.39411 -3.69926 -2.84722
1.35236 -3.7102 -2.88529
1.30342 -3.72045 -2.93514
1.25493 -3.73005 -2.94622
1.21284 -3.73891 -2.93402
1.18185 -3.74626 -2.90871
1.13305 -3.75592 -2.94625
1.08414 -3.76627 -2.9331
1.04671 -3.77265 -2.97273
1.00464 -3.77919 -2.98743
0.955352 -3.78761 -2.97239
0.91219 -3.79435 -2.98652
0.86893 -3.80069 -2.9961
0.819226 -3.80551 -3.04498
0.776665 -3.81103 -3.01261
0.734167 -3.8147 -3.05542
0.695813 -3.81617 -3.10326
0.645827 -3.81732 -3.11851
0.607282 -3.81884 -3.10239
0.557934 -3.82047 -3.10861
0.50952 -3.82096 -3.13141
0.463582 -3.82243 -3.10966
0.413797 -3.82705 -3.04892
0.371386 -3.82783 -3.12335
0.32156 -3.83199 -3.05826
0.287653 -3.83461 -3.06451
0.243595 -3.83708 -3.08547
0.193619 -3.83815 -3.12024
0.149966 -3.83947 -3.11138
0.116376 -3.83947 -3.14168
0.0664354 -3.83823 3.11687
0.0305697 -3.83747 3.12053
-0.00236976 -3.83633 3.10696
-0.0430107 -3.83465 3.10026
-0.092802 -3.83418 3.132
-0.142531 -3.83203 3.09842
-0.184019 -3.83047 3.10409
-0.223088 -3.82781 3.07353
-0.260107 -3.82643 3.10442
-0.310009 -3.82333 3.07961
-0.357731 -3.82291 3.13281
-0.392518 -3.82182 3.11025
-0.441316 -3.81984 3.10107
-0.477493 -3.8187 3.11005
-0.525688 -3.8161 3.08762
-0.575563 -3.81257 3.07099
-0.603036 -3.80975 3.03929
-0.652852 -3.80549 3.05635
-0.695154 -3.80159 3.04962
-0.742787 -3.79663 3.0378
-0.79056 -3.79086 3.02134
-0.837662 -3.78462 3.00996
-0.884275 -3.77564 2.95115
-0.933598 -3.76743 2.97679
-0.981825 -3.75799 2.94824
-1.03052 -3.74867 2.95244
-1.07879 -3.73562 2.87757
-1.11931 -3.72735 2.94028
-1.16087 -3.71595 2.87382
-1.1924 -3.70462 2.7966
-1.22345 -3.69427 2.81987
-1.27068 -3.67808 2.8113
-1.31756 -3.66078 2.78812
-1.36184 -3.64615 2.82251
-1.40828 -3.62778 2.76493
-1.45442 -3.61171 2.80647
-1.49864 -3.59419 2.76434
-1.53734 -3.57967 2.78277
-1.58443 -3.5637 2.81451
-1.62828 -3.54763 2.79025
-1.6674 -3.53322 2.78887
-1.70776 -3.5159 2.7362
-1.75136 -3.49458 2.68668
-1.79523 -3.471 2.64846
-1.8364 -3.4488 2.64701
-1.86983 -3.43105 2.65343
-1.90977 -3.40873 2.63192
-1.9498 -3.38567 2.61903
-1.99279 -3.36084 2.61791
-2.03557 -3.3357 2.61017
-2.07255 -3.31218 2.57522
-2.1136 -3.28524 2.5608
-2.15263 -3.25809 2.53375
-2.18544 -3.23501 2.52855
-2.2242 -3.2041 2.46836
-2.25908 -3.17711 2.48323
-2.29611 -3.14841 2.4821
-2.3352 -3.11742 2.47131
-2.3735 -3.08693 2.46924
-2.41176 -3.05477 2.44266
-2.44319 -3.02864 2.44802
-2.46912 -3.00815 2.47265
-2.5003 -2.98221 2.4477
-2.53136 -2.95471 2.41686
-2.56275 -2.92668 2.41295
-2.60022 -2.89363 2.41872
-2.63879 -2.86194 2.45368
-2.67036 -2.83405 2.418
-2.70463 -2.80166 2.38445
-2.73153 -2.77784 2.41685
-2.75357 -2.75702 2.38459
-2.78502 -2.72914 2.41638
-2.81204 -2.70202 2.35425
-2.84644 -2.66871 2.37231
-2.87946 -2.63584 2.35861
-2.90772 -2.60631 2.33409
-2.9425 -2.57447 2.40027
-2.97676 -2.54302 2.399
-3.00627 -2.51496 2.38133
-3.04276 -2.48139 2.39781
-3.07763 -2.44602 2.34914
-3.11319 -2.41146 2.37046
-3.14327 -2.38136 2.35582
-3.17872 -2.34628 2.36156
-3.19883 -2.32625 2.35808
-3.22552 -2.29946 2.35435
-3.25065 -2.27625 2.39593
-3.27226 -2.25538 2.37338
-3.28751 -2.23921 2.32698
-3.29833 -2.22827 2.3508
-3.31545 -2.21128 2.36008
-3.33207 -2.19435 2.34676
-3.35361 -2.17059 2.3075
-3.37077 -2.15062 2.28033
-3.38372 -2.13651 2.31346
-3.40597 -2.11392 2.34867
-3.42073 -2.09812 2.32204
-3.43208 -2.08585 2.31741
-3.44659 -2.07022 2.31926
-3.46423 -2.0515 2.32648
-3.47506 -2.04026 2.33734
-3.49245 -2.02349 2.3746
-3.51595 -2.00101 2.3782
-3.52893 -1.98759 2.33981
-3.53944 -1.97684 2.34482
-3.55489 -1.96008 2.31544
-3.56641 -1.9465 2.27435
-3.58696 -1.92327 2.29502
-3.602 -1.9064 2.29885
-3.62666 -1.87747 2.27674
-3.65169 -1.84749 2.26631
-3.67302 -1.82099 2.24873
-3.69696 -1.79143 2.25148
-3.71413 -1.77188 2.29136
-3.72738 -1.75764 2.32023
-3.73252 -1.75219 2.32707
-3.74093 -1.74313 2.31889
-3.74852 -1.73526 2.33807
-3.76409 -1.71795 2.30339
-3.78419 -1.69579 2.30737
-3.79633 -1.68079 2.25147
-3.80074 -1.67541 2.25659
-3.81411 -1.65937 2.26576
-3.82381 -1.64793 2.27397
-3.83507 -1.63387 2.24613
-3.85661 -1.60809 2.26692
-3.88562 -1.5712 2.23704
-3.90527 -1.54645 2.24195
-3.92581 -1.52204 2.27043
-3.93932 -1.50514 2.24531
-3.95804 -1.48147 2.23967
-3.96987 -1.46717 2.2623
-3.99106 -1.44061 2.24391
-4.00984 -1.41826 2.27001
-4.01506 -1.41224 2.28495
-4.03229 -1.39222 2.28145
-4.04088 -1.38162 2.25138
-4.04625 -1.37532 2.27701
-4.06217 -1.35783 2.30903
-4.07133 -1.34727 2.28554
-4.09482 -1.32003 2.28239
-4.11682 -1.29408 2.27398
-4.12639 -1.28239 2.25698
-4.14226 -1.26229 2.23901
-4.15386 -1.24587 2.18595
-4.16001 -1.23689 2.17179
-4.17004 -1.22209 2.16607
-4.1743 -1.21509 2.11812
-4.17874 -1.20796 2.12773
-4.18055 -1.20514 2.13973
-4.18622 -1.19649 2.15141
-4.18758 -1.19452 2.17221
-4.19341 -1.18501 2.12082
-4.19562 -1.18132 2.11068
-4.19977 -1.17474 2.13334
-4.20189 -1.17131 2.1261
-4.20496 -1.16637 2.12533
-4.2085 -1.16023 2.0942
-4.21036 -1.15715 2.11497
-4.21632 -1.14619 2.06862
-4.21922 -1.14066 2.05376
-4.22039 -1.13876 2.12218
-4.22471 -1.13237 2.16543
-4.2311 -1.12345 2.19254
-4.23842 -1.11433 2.24735
-4.24562 -1.10617 2.29394
True
0.0671284
