-5.47079 0.494989 -0.223892
-5.42181 0.485106 -0.199111
-5.37481 0.473285 -0.246394
-5.33348 0.464299 -0.214065
-5.28901 0.456513 -0.17332
-5.23935 0.451323 -0.104132
-5.18964 0.446325 -0.100221
-5.14034 0.439442 -0.138714
-5.09874 0.433147 -0.150176
-5.05069 0.426124 -0.145128
-5.00202 0.418101 -0.163369
-4.95943 0.412119 -0.139552
-4.91948 0.406317 -0.144204
-4.86994 0.402029 -0.0863603
-4.82127 0.396695 -0.109149
-4.774 0.391759 -0.104049
-4.72418 0.387575 -0.0837862
-4.68373 0.382874 -0.115704
-4.63713 0.378705 -0.0892226
-4.58832 0.376825 -0.0384851
-4.5427 0.374361 -0.0539606
-4.49324 0.370958 -0.0687137
-4.44356 0.366471 -0.0900737
-4.39377 0.363993 -0.0497179
-4.34546 0.358364 -0.115998
-4.30291 0.352563 -0.135509
-4.26468 0.34728 -0.137309
-4.21544 0.339607 -0.154576
-4.16965 0.332669 -0.150405
-4.12015 0.32564 -0.141046
-4.08302 0.321329 -0.115592
-4.03378 0.318613 -0.0550998
-3.98737 0.314819 -0.0815666
-3.94255 0.310887 -0.0874962
-3.90457 0.307427 -0.0908683
-3.85679 0.301827 -0.116665
-3.81358 0.297443 -0.101107
-3.7654 0.292615 -0.0998737
-3.71601 0.284984 -0.153306
-3.67117 0.279192 -0.128438
-3.62251 0.273217 -0.12218
-3.57838 0.267601 -0.126604
-3.53904 0.262266 -0.134761
-3.494 0.253826 -0.185266
-3.45489 0.247513 -0.16003
-3.4163 0.240112 -0.189466
-3.36716 0.232633 -0.151054
-3.31908 0.22512 -0.154986
-3.27226 0.217578 -0.159737
-3.22347 0.209967 -0.15473
-3.18711 0.20207 -0.213897
-3.13849 0.193083 -0.182768
-3.08949 0.18346 -0.193912
-3.04169 0.177004 -0.134272
-2.99727 0.170234 -0.15121
-2.94796 0.162098 -0.163546
-2.91193 0.155824 -0.172417
-2.86624 0.147392 -0.18249
-2.819 0.141982 -0.114004
-2.76971 0.133567 -0.169108
-2.72051 0.125811 -0.156351
-2.67379 0.114125 -0.245101
-2.62635 0.104902 -0.192043
-2.58312 0.0950494 -0.224049
-2.54137 0.0865301 -0.201306
-2.51306 0.0813381 -0.181364
-2.46572 0.0725153 -0.184248
-2.43081 0.0653421 -0.202698
-2.38182 0.0554261 -0.1997
-2.33512 0.0455424 -0.208569
-2.28692 0.0341278 -0.232518
-2.24582 0.0252973 -0.211631
-2.19793 0.0158208 -0.195364
-2.14948 0.00933123 -0.133154
-2.10748 0.00415262 -0.12267
-2.0599 -0.00252932 -0.139529
-2.01083 -0.0117843 -0.186424
-1.97028 -0.0173401 -0.136145
-1.9227 -0.0242976 -0.145217
-1.88127 -0.0296655 -0.128855
-1.83666 -0.0341749 -0.100728
-1.79048 -0.0405477 -0.137155
-1.74367 -0.0463521 -0.123347
-1.69448 -0.0516994 -0.108295
-1.65227 -0.0562465 -0.107316
-1.61503 -0.0619969 -0.153204
-1.56732 -0.0693945 -0.153805
-1.52153 -0.0762796 -0.149255
-1.48823 -0.0820413 -0.171356
-1.44439 -0.0895969 -0.170656
-1.40131 -0.0955841 -0.138095
-1.35722 -0.102272 -0.150534
-1.3106 -0.107938 -0.120928
-1.262 -0.116773 -0.179852
-1.21338 -0.12583 -0.184158
-1.17733 -0.132731 -0.189116
-1.13956 -0.139729 -0.183232
-1.09988 -0.146993 -0.181056
-1.05138 -0.156586 -0.195268
-1.00235 -0.162149 -0.112985
-0.953376 -0.166146 -0.0814334
-0.904117 -0.169181 -0.0615458
-0.856155 -0.172592 -0.0709949
-0.806533 -0.174726 -0.0429642
-0.759139 -0.177532 -0.0591469
-0.71908 -0.178827 -0.0323036
-0.669331 -0.181276 -0.049198
-0.620402 -0.18543 -0.0846977
-0.575058 -0.189271 -0.0845121
-0.525416 -0.194926 -0.113408
-0.478156 -0.202633 -0.161659
-0.439843 -0.209357 -0.173741
-0.39234 -0.217937 -0.178689
-0.346224 -0.226491 -0.183415
-0.300121 -0.235296 -0.188715
-0.251002 -0.244489 -0.185019
-0.211062 -0.252484 -0.197546
-0.162463 -0.263835 -0.229447
-0.120629 -0.273698 -0.231536
-0.0818707 -0.281937 -0.209462
-0.0401423 -0.291251 -0.21961
0.00588987 -0.303213 -0.254234
0.0447175 -0.311679 -0.214684
0.0932329 -0.323643 -0.241783
0.141063 -0.338163 -0.294733
0.187723 -0.351244 -0.273332
0.236 -0.363553 -0.249639
0.282798 -0.378662 -0.312284
0.330461 -0.393533 -0.302451
0.378801 -0.405559 -0.243826
0.426533 -0.416906 -0.233394
0.473402 -0.430262 -0.277594
0.520051 -0.441188 -0.230086
0.56922 -0.450121 -0.179706
0.613745 -0.458679 -0.189893
0.65413 -0.468011 -0.22709
0.685921 -0.476448 -0.259412
0.727189 -0.488557 -0.285416
0.774509 -0.501775 -0.272382
0.819463 -0.513597 -0.257165
0.865914 -0.525238 -0.245551
0.910792 -0.536014 -0.235652
0.95918 -0.547143 -0.226073
1.00489 -0.557521 -0.223214
1.04882 -0.568548 -0.245954
1.07557 -0.575579 -0.257061
1.12334 -0.590195 -0.29689
1.16628 -0.602239 -0.27347
1.21387 -0.617569 -0.31163
1.26151 -0.630967 -0.274172
1.30812 -0.6437 -0.266656
1.35007 -0.657117 -0.3096
1.39765 -0.668071 -0.226253
1.441 -0.678581 -0.237874
1.48615 -0.689137 -0.229653
1.53131 -0.701215 -0.261368
1.55889 -0.708532 -0.259322
1.60684 -0.721786 -0.269675
1.65472 -0.734956 -0.268421
1.70184 -0.751661 -0.340664
1.74302 -0.76536 -0.321211
1.77998 -0.777694 -0.322004
1.82087 -0.789378 -0.278344
1.86854 -0.804163 -0.300746
1.91686 -0.816962 -0.258925
1.95338 -0.827432 -0.279234
2.00088 -0.842467 -0.30656
2.04388 -0.855931 -0.303437
2.09095 -0.870289 -0.296028
2.13601 -0.885333 -0.322256
2.17319 -0.898842 -0.348496
2.22055 -0.914855 -0.326092
2.26226 -0.92682 -0.279344
2.30619 -0.939261 -0.275964
2.35491 -0.950446 -0.225639
2.3972 -0.95821 -0.181581
2.44468 -0.96749 -0.193036
2.48844 -0.974679 -0.162823
2.53606 -0.981001 -0.131974
2.58294 -0.986138 -0.10916
2.6325 -0.992737 -0.132377
2.6796 -0.998594 -0.123695
2.72093 -1.00351 -0.118298
2.76236 -1.00812 -0.11082
2.80113 -1.01287 -0.122029
2.85049 -1.02064 -0.156151
2.89112 -1.02601 -0.131262
2.93838 -1.03375 -0.162458
2.98758 -1.04118 -0.149832
3.02815 -1.04733 -0.150504
3.0691 -1.05322 -0.142733
3.11749 -1.06322 -0.20393
3.16542 -1.07357 -0.212615
3.20954 -1.08421 -0.236659
3.2526 -1.09404 -0.224424
3.27472 -1.09873 -0.208852
3.30748 -1.10414 -0.163745
3.34126 -1.1108 -0.194504
3.3899 -1.12013 -0.18955
3.4368 -1.12986 -0.204604
3.47737 -1.13726 -0.180412
3.52435 -1.14603 -0.184538
3.55694 -1.15103 -0.152145
3.59309 -1.15668 -0.155047
3.63567 -1.16561 -0.206748
3.67422 -1.17257 -0.178616
3.70659 -1.17851 -0.181751
3.72179 -1.18108 -0.167304
3.74448 -1.18512 -0.175935
3.79299 -1.1944 -0.189161
3.82296 -1.19986 -0.179939
3.86544 -1.20681 -0.162267
3.89668 -1.21174 -0.156632
3.92788 -1.21683 -0.161565
3.95108 -1.22046 -0.155119
3.98109 -1.22457 -0.136207
4.01984 -1.22884 -0.109731
4.0402 -1.23123 -0.116727
4.05861 -1.2335 -0.122659
4.08092 -1.23665 -0.140262
4.09061 -1.23806 -0.144437
4.11894 -1.24357 -0.192276
4.14604 -1.24991 -0.229745
4.17386 -1.25669 -0.239061
4.19257 -1.26067 -0.209671
4.22231 -1.2665 -0.193558
4.24793 -1.27195 -0.209718
4.27897 -1.2781 -0.195476
4.28822 -1.27986 -0.188169
4.31802 -1.28468 -0.160241
4.32258 -1.28542 -0.161382
4.33372 -1.28691 -0.133487
4.34393 -1.28839 -0.143821
4.3545 -1.28991 -0.142132
4.3626 -1.29114 -0.150963
4.3907 -1.29449 -0.118628
4.43304 -1.29846 -0.0936586
4.45648 -1.30082 -0.100216
4.47872 -1.30328 -0.110093
4.48483 -1.30411 -0.134686
4.50796 -1.30619 -0.0896925
4.53093 -1.30825 -0.0895229
4.54135 -1.30948 -0.117935
4.55928 -1.31192 -0.135222
4.57619 -1.31447 -0.149732
4.58776 -1.31621 -0.148931
4.60713 -1.31842 -0.11364
4.62086 -1.31982 -0.10159
4.64439 -1.32123 -0.0599742
4.66395 -1.3219 -0.0342138
4.69107 -1.32343 -0.0562567
4.71829 -1.32447 -0.0379969
4.74575 -1.32548 -0.036892
4.7785 -1.32728 -0.0549196
4.79943 -1.32832 -0.0495661
4.81818 -1.32975 -0.076006
4.83776 -1.33194 -0.111605
4.85148 -1.33312 -0.0858952
4.86325 -1.33393 -0.0689241
4.86822 -1.33424 -0.0613836
4.89191 -1.33582 -0.0664856
4.90626 -1.33676 -0.0657259
4.92384 -1.33758 -0.0466992
4.92947 -1.33783 -0.0435421
4.9314 -1.3379 -0.0352619
4.94416 -1.3388 -0.0704044
4.96362 -1.34018 -0.0709103
4.98882 -1.34147 -0.051302
5.00141 -1.34261 -0.0901688
5.00987 -1.34329 -0.0802342
5.0192 -1.34421 -0.0984455
5.02703 -1.34483 -0.0784543
5.03531 -1.34554 -0.0864619
5.04543 -1.34587 -0.0325876
5.04845 -1.34571 0.0531353
5.06425 -1.34483 0.0559212
5.08196 -1.34412 0.0402838
5.0916 -1.34372 0.041293
5.10018 -1.34328 0.0505551
5.11499 -1.34271 0.0384936
5.12661 -1.3427 0.000695981
5.14404 -1.34273 -0.00133206
5.16591 -1.34307 -0.0158054
5.17616 -1.34281 0.0253509
5.18944 -1.34292 -0.00782092
5.19627 -1.34288 0.0060026
5.21824 -1.34295 -0.00330292
5.23819 -1.34326 -0.015614
5.24916 -1.34358 -0.0289775
5.26509 -1.3448 -0.0767377
True
0.0658125
