-5.47243 -0.77991 -0.0184713
-5.42601 -0.782177 -0.0488071
-5.3762 -0.785209 -0.0607893
-5.32895 -0.786713 -0.0318063
-5.28366 -0.788869 -0.0475815
-5.23458 -0.790162 -0.026332
-5.18869 -0.791596 -0.0312342
-5.1388 -0.793554 -0.0392362
-5.08945 -0.796648 -0.0626139
-5.04167 -0.798938 -0.0478905
-4.99331 -0.802259 -0.0685476
-4.95732 -0.805451 -0.0884796
-4.91252 -0.80664 -0.0265311
-4.86469 -0.806891 -0.00525775
-4.81478 -0.809085 -0.043914
-4.7727 -0.811283 -0.0521837
-4.7306 -0.812747 -0.0347768
-4.6821 -0.814606 -0.0382996
-4.63418 -0.815196 -0.0123205
-4.59198 -0.815596 -0.00947383
-4.54208 -0.812872 0.0545377
-4.49222 -0.809586 0.0658121
-4.44985 -0.808317 0.0299355
-4.40366 -0.807789 0.0114229
-4.35787 -0.805885 0.0415615
-4.31525 -0.804233 0.0387381
-4.26531 -0.801895 0.0467965
-4.21665 -0.798382 0.0720771
-4.16754 -0.793902 0.0909583
-4.12148 -0.789435 0.0966685
-4.07807 -0.783422 0.137662
-4.03733 -0.778826 0.112351
-3.98847 -0.775239 0.0732702
-3.94061 -0.771971 0.0681831
-3.89255 -0.768349 0.0752105
-3.85082 -0.765591 0.0659934
-3.80333 -0.762079 0.0738114
-3.7562 -0.759393 0.0569366
-3.70754 -0.759577 -0.0037769
-3.66292 -0.759572 0.000115276
-3.61667 -0.759957 -0.00833075
-3.57319 -0.761633 -0.0385185
-3.52329 -0.763565 -0.0386979
-3.47372 -0.7654 -0.0370142
-3.43724 -0.765879 -0.0131087
-3.39431 -0.766321 -0.010304
-3.3542 -0.76654 -0.00546637
-3.30429 -0.767862 -0.0264734
-3.25431 -0.768229 -0.00735891
-3.20442 -0.767067 0.0232911
-3.15443 -0.766981 0.00171966
-3.11137 -0.766411 0.013254
-3.0621 -0.764567 0.0374041
-3.0149 -0.761319 0.0687198
-2.96592 -0.757062 0.0866752
-2.91694 -0.753098 0.0807414
-2.86914 -0.751438 0.0347159
-2.82159 -0.748704 0.0574605
-2.77217 -0.747725 0.0197955
-2.72243 -0.743574 0.0832665
-2.67755 -0.740271 0.0734613
-2.63087 -0.737067 0.0685189
-2.58175 -0.7302 0.138917
-2.53836 -0.726055 0.0952432
-2.4886 -0.723205 0.0572052
-2.43949 -0.72051 0.0548232
-2.39409 -0.719493 0.0224103
-2.34944 -0.717426 0.0462467
-2.30891 -0.717368 0.00142879
-2.25924 -0.717493 -0.00252177
-2.21441 -0.718939 -0.0322499
-2.16561 -0.719201 -0.00535719
-2.12393 -0.719801 -0.0144147
-2.07848 -0.72249 -0.0590752
-2.02874 -0.723255 -0.0153901
-1.97897 -0.723945 -0.0138449
-1.93015 -0.724335 -0.00799217
-1.88042 -0.719222 0.102454
-1.83384 -0.71544 0.0810215
-1.79113 -0.710465 0.11596
-1.74171 -0.707135 0.0672842
-1.6937 -0.703634 0.072799
-1.64405 -0.698661 0.0998083
-1.60435 -0.695631 0.0761872
-1.56083 -0.691548 0.0935457
-1.51214 -0.686581 0.101666
-1.46713 -0.681981 0.10185
-1.41966 -0.678752 0.0679065
-1.37533 -0.676368 0.0537233
-1.32581 -0.672802 0.0719107
-1.27711 -0.668283 0.0925072
-1.2275 -0.66636 0.0387338
-1.18351 -0.665541 0.0186342
-1.13754 -0.666432 -0.0193885
-1.0914 -0.666126 0.00662528
-1.05082 -0.666267 -0.00346037
-1.00426 -0.665902 0.00783831
-0.960753 -0.665847 0.00124916
-0.911636 -0.664622 0.0249419
-0.864849 -0.662831 0.0382513
-0.815116 -0.657989 0.0970717
-0.776916 -0.65426 0.0972918
-0.73148 -0.652112 0.0472494
-0.681595 -0.652745 -0.0126857
-0.632434 -0.65104 0.0346661
-0.586202 -0.649823 0.0263168
-0.537894 -0.64607 0.0775304
-0.488157 -0.642013 0.0813899
-0.438682 -0.638711 0.0666307
-0.391894 -0.636004 0.0578052
-0.346985 -0.63335 0.0590234
-0.297236 -0.631672 0.0337179
-0.260785 -0.628726 0.0806356
-0.214658 -0.625699 0.0655487
-0.165008 -0.623194 0.0504068
-0.115519 -0.621499 0.0342371
-0.0806441 -0.619458 0.0584351
-0.0308182 -0.617947 0.0303278
0.0144174 -0.614236 0.0818518
0.0613192 -0.611979 0.0480881
0.106263 -0.609726 0.0500875
0.147484 -0.608563 0.0281969
0.194422 -0.606685 0.0399825
0.244208 -0.602089 0.0920689
0.294009 -0.598104 0.0798393
0.34389 -0.594813 0.065878
0.374732 -0.591093 0.120036
0.423191 -0.58567 0.111461
0.472047 -0.580496 0.105497
0.518259 -0.578129 0.0511698
0.566983 -0.576268 0.03819
0.609307 -0.575696 0.0135165
0.65871 -0.576604 -0.0183882
0.708691 -0.576318 0.00572628
0.758548 -0.577287 -0.0194309
0.808497 -0.5771 0.00373599
0.858326 -0.577626 -0.0105553
0.902075 -0.576319 0.0298701
0.936203 -0.575056 0.036986
0.985938 -0.572567 0.0500052
1.03343 -0.568497 0.0855079
1.07317 -0.566605 0.0475506
1.11595 -0.563143 0.0807746
1.16572 -0.558655 0.0899163
1.21354 -0.554148 0.0939861
1.2626 -0.548144 0.121766
1.31213 -0.542092 0.121573
1.35999 -0.538638 0.0720513
1.40914 -0.534846 0.0770064
1.45707 -0.531111 0.0777547
1.50235 -0.5276 0.0773998
1.54545 -0.52471 0.0669463
1.59536 -0.525803 -0.0219043
1.64358 -0.527147 -0.0278583
1.69269 -0.527458 -0.0063233
1.73365 -0.528351 -0.0218114
1.7602 -0.527738 0.0230931
1.80999 -0.524663 0.0616772
1.85996 -0.523558 0.0221185
1.90544 -0.522113 0.0317453
1.95531 -0.521618 0.00993346
2.00101 -0.51855 0.0670148
2.03947 -0.514684 0.100201
2.08778 -0.510486 0.0866784
2.13682 -0.508421 0.0420889
2.17237 -0.506182 0.0628961
2.21337 -0.503333 0.0693801
2.2631 -0.499356 0.0798034
2.31188 -0.493606 0.117331
2.36123 -0.486877 0.135508
2.40626 -0.482413 0.0988297
2.45113 -0.479232 0.0707616
2.50097 -0.475645 0.0718597
2.54798 -0.474443 0.025559
2.59782 -0.471566 0.0576453
2.64679 -0.471317 0.0050883
2.69541 -0.468991 0.0478021
2.73977 -0.469203 -0.004767
2.7784 -0.46899 0.00549492
2.8284 -0.469323 -0.00665182
2.87824 -0.470578 -0.0251754
2.91975 -0.472011 -0.0345052
2.96459 -0.473959 -0.0434125
3.0064 -0.477038 -0.0735069
3.04595 -0.479702 -0.0672654
3.08801 -0.481752 -0.0487088
3.13393 -0.485881 -0.0896669
3.18318 -0.489718 -0.0777538
3.22708 -0.492278 -0.0582556
3.27427 -0.495462 -0.067349
3.31581 -0.498155 -0.064756
3.36447 -0.500956 -0.0575041
3.41278 -0.503462 -0.0518262
3.45663 -0.507136 -0.0835773
3.49485 -0.510516 -0.0882221
3.53438 -0.513966 -0.087048
3.58128 -0.518575 -0.0979495
3.62755 -0.522906 -0.0933367
3.66352 -0.526576 -0.101679
3.70519 -0.528734 -0.0517322
3.75336 -0.531505 -0.0574644
3.79772 -0.535498 -0.0897699
3.84233 -0.538978 -0.0778485
3.87984 -0.540428 -0.0386482
3.91407 -0.541116 -0.0200851
3.95065 -0.541838 -0.0197302
3.98896 -0.542522 -0.0178645
4.02637 -0.544476 -0.052203
4.06982 -0.545784 -0.0300836
4.11339 -0.547948 -0.0496296
4.15093 -0.549116 -0.0310938
4.17042 -0.549069 0.00241057
4.20891 -0.54898 0.00229955
4.25239 -0.549792 -0.0186675
4.29694 -0.549335 0.0102579
4.33553 -0.548356 0.0253753
4.36627 -0.548579 -0.0072827
4.391 -0.548058 0.021081
4.41713 -0.547744 0.0120222
4.4355 -0.547332 0.0224251
4.4533 -0.546824 0.0285193
4.47985 -0.546202 0.0234208
4.50745 -0.544651 0.0561396
4.53057 -0.544104 0.0236492
4.56517 -0.544124 -0.000571271
4.59173 -0.544126 -9.84701e-05
4.61872 -0.544186 -0.00220608
4.65059 -0.54354 0.0202723
4.67092 -0.543146 0.0193697
4.69189 -0.543191 -0.00215686
4.71066 -0.543369 -0.00949296
4.73119 -0.543249 0.00584359
4.76155 -0.542054 0.039354
4.79342 -0.540161 0.059319
4.81222 -0.538777 0.0734826
4.83983 -0.537362 0.0512118
4.8588 -0.536304 0.0556916
4.88096 -0.534927 0.0621088
4.92009 -0.533273 0.0422339
4.94607 -0.532494 0.0299844
4.95979 -0.532004 0.0356957
4.96271 -0.531956 0.0163262
4.96517 -0.531934 0.00881797
4.97406 -0.53167 0.0296993
4.98938 -0.531712 -0.00272362
4.99502 -0.531808 -0.0170951
5.00821 -0.531748 0.00461316
5.02246 -0.531848 -0.00703826
5.02886 -0.531991 -0.022362
5.02679 -0.531878 -0.0547016
5.03501 -0.532226 -0.0423231
5.05406 -0.533512 -0.0674436
5.06534 -0.534418 -0.0800894
5.08676 -0.535907 -0.0694044
5.09335 -0.536297 -0.0591127
5.1112 -0.536875 -0.032385
5.12264 -0.537707 -0.0725525
5.13821 -0.538578 -0.0559037
5.14696 -0.539233 -0.0747137
5.15166 -0.539426 -0.0410432
5.15429 -0.539543 -0.0443079
5.15875 -0.53971 -0.0373424
5.16525 -0.539753 -0.00666955
5.18021 -0.539676 0.00512247
5.18699 -0.539895 -0.0322381
5.19453 -0.540153 -0.0342593
5.20691 -0.540594 -0.035599
True
0.272804
