-5.45676 -1.69 0.202981
-5.40763 -1.68098 0.181519
-5.37355 -1.6763 0.136393
-5.32763 -1.67108 0.11326
-5.28427 -1.66554 0.1271
-5.24717 -1.66025 0.141516
-5.19921 -1.65231 0.164246
-5.15003 -1.64394 0.168512
-5.10851 -1.63496 0.212966
-5.06052 -1.62402 0.224096
-5.0152 -1.61153 0.269023
-4.96989 -1.59881 0.273667
-4.92449 -1.58368 0.321726
-4.87864 -1.56537 0.379963
-4.8336 -1.54851 0.35816
-4.7868 -1.53114 0.355299
-4.75348 -1.51909 0.347039
-4.70706 -1.50192 0.35431
-4.65981 -1.48663 0.312869
-4.61261 -1.47105 0.318871
-4.57183 -1.45616 0.350014
-4.52452 -1.44025 0.324504
-4.47696 -1.42482 0.31375
-4.43084 -1.40765 0.35633
-4.38657 -1.39128 0.354207
-4.33917 -1.37539 0.323539
-4.30073 -1.36119 0.353874
-4.25806 -1.34437 0.375365
-4.2115 -1.32703 0.356513
-4.16471 -1.30955 0.357599
-4.11798 -1.29193 0.360587
-4.07639 -1.27759 0.331909
-4.02916 -1.26118 0.334466
-3.98211 -1.24527 0.326095
-3.93975 -1.23124 0.319885
-3.9032 -1.21841 0.337563
-3.85779 -1.20224 0.34194
-3.81158 -1.18492 0.358736
-3.76506 -1.16699 0.367767
-3.72012 -1.1497 0.367388
-3.67458 -1.1333 0.345586
-3.63298 -1.11725 0.368316
-3.58731 -1.10242 0.313961
-3.54035 -1.08671 0.322784
-3.49372 -1.06876 0.367586
-3.45207 -1.05342 0.35273
-3.41161 -1.04033 0.31285
-3.37301 -1.02878 0.290918
-3.32499 -1.01506 0.278167
-3.2815 -1.00069 0.319181
-3.23494 -0.986265 0.300475
-3.19813 -0.975632 0.281179
-3.15688 -0.965301 0.245424
-3.1092 -0.95262 0.259916
-3.06223 -0.941814 0.226137
-3.01638 -0.932537 0.199617
-2.97127 -0.921873 0.232186
-2.92387 -0.910904 0.227401
-2.87693 -0.900657 0.214908
-2.84008 -0.893123 0.201681
-2.80061 -0.88575 0.184679
-2.75254 -0.877655 0.166828
-2.71604 -0.872651 0.136248
-2.66846 -0.866279 0.133114
-2.61922 -0.857984 0.166924
-2.57114 -0.853787 0.0870615
-2.52594 -0.849823 0.0874569
-2.4762 -0.844843 0.0998
-2.43505 -0.840656 0.101404
-2.38541 -0.834744 0.118541
-2.33615 -0.826233 0.171102
-2.2944 -0.819625 0.156959
-2.2455 -0.811949 0.155702
-2.1971 -0.802727 0.188289
-2.1597 -0.795346 0.194854
-2.11052 -0.786532 0.177347
-2.0623 -0.77813 0.172475
-2.01855 -0.769509 0.194574
-1.96959 -0.762309 0.146033
-1.9206 -0.752724 0.193191
-1.87193 -0.744014 0.17708
-1.82303 -0.733975 0.202475
-1.78137 -0.72614 0.185908
-1.75199 -0.720974 0.174058
-1.70354 -0.712724 0.168693
-1.65851 -0.702863 0.215541
-1.613 -0.692781 0.218048
-1.56446 -0.684035 0.178251
-1.51811 -0.674124 0.210665
-1.47047 -0.664065 0.208059
-1.42195 -0.656934 0.145945
-1.3819 -0.650655 0.155483
-1.33652 -0.642893 0.169439
-1.28723 -0.634905 0.160647
-1.24257 -0.627434 0.165766
-1.19316 -0.619857 0.152159
-1.14922 -0.611468 0.188636
-1.10819 -0.604166 0.176133
-1.06685 -0.595599 0.204355
-1.02282 -0.588924 0.150449
-0.974107 -0.580953 0.162201
-0.926545 -0.574285 0.139287
-0.88598 -0.56905 0.128339
-0.836292 -0.564283 0.0956406
-0.793714 -0.559583 0.109949
-0.743986 -0.554595 0.0999746
-0.704208 -0.549428 0.12916
-0.65786 -0.541584 0.167661
-0.616505 -0.534695 0.165049
-0.569365 -0.527499 0.151485
-0.520077 -0.520011 0.150777
-0.471273 -0.509688 0.208445
-0.426507 -0.502369 0.162061
-0.389501 -0.49537 0.186934
-0.343535 -0.486491 0.1908
-0.296149 -0.475703 0.223853
-0.24759 -0.464201 0.23259
-0.200066 -0.454091 0.209607
-0.159483 -0.443929 0.245355
-0.115675 -0.43427 0.217003
-0.0669197 -0.423567 0.216104
-0.0191132 -0.410815 0.260659
0.0270806 -0.399661 0.236935
0.0743513 -0.387317 0.255435
0.114367 -0.376384 0.266692
0.159258 -0.366076 0.225727
0.203732 -0.356865 0.204209
0.252671 -0.346656 0.205656
0.301877 -0.337804 0.178007
0.351115 -0.330044 0.156316
0.400342 -0.322121 0.159564
0.44247 -0.314675 0.174955
0.486542 -0.304556 0.22568
0.534762 -0.293031 0.234619
0.583944 -0.284023 0.181141
0.628708 -0.27591 0.179303
0.677964 -0.268541 0.148492
0.719868 -0.261816 0.159134
0.766813 -0.25523 0.139386
0.815009 -0.249565 0.116994
0.864136 -0.242902 0.134813
0.910405 -0.237114 0.124436
0.957775 -0.228549 0.178887
1.00713 -0.221136 0.149091
1.05656 -0.21369 0.149518
1.10406 -0.204744 0.186159
1.144 -0.198152 0.163557
1.19253 -0.192316 0.119693
1.23875 -0.187071 0.112971
1.28811 -0.182008 0.10224
1.33578 -0.174813 0.149788
1.37087 -0.170839 0.112788
1.42038 -0.164351 0.130278
1.46672 -0.156356 0.170849
1.51626 -0.149779 0.132004
1.56081 -0.142944 0.152224
1.60209 -0.135341 0.182139
1.65073 -0.12407 0.227712
1.69439 -0.115153 0.201474
1.7415 -0.108782 0.134402
1.79056 -0.101027 0.156792
1.83766 -0.093697 0.154376
1.88584 -0.0857577 0.163329
1.92554 -0.078976 0.169178
1.96845 -0.0700053 0.206084
1.99972 -0.0626452 0.231156
2.04372 -0.0523324 0.230234
2.09127 -0.0398551 0.256629
2.13654 -0.0297907 0.218751
2.18454 -0.0187169 0.226735
2.23306 -0.00801808 0.217027
2.27283 0.000648718 0.214595
2.31663 0.00981902 0.206357
2.35598 0.0171472 0.184132
2.40484 0.0277858 0.214412
2.45394 0.0372062 0.189541
2.49371 0.0447527 0.187519
2.53386 0.0516863 0.171012
2.5796 0.0588138 0.154596
2.62924 0.0647469 0.118951
2.67703 0.0741771 0.194824
2.71999 0.0825331 0.192099
2.7639 0.0925958 0.225301
2.80947 0.104389 0.25324
2.85219 0.11359 0.212122
2.89653 0.123538 0.220677
2.94422 0.132838 0.192619
2.99332 0.141355 0.171764
3.03997 0.149019 0.162822
3.08182 0.155899 0.162932
3.12781 0.162073 0.133445
3.17701 0.168804 0.135974
3.22631 0.175677 0.138507
3.26008 0.180407 0.139168
3.29525 0.184897 0.126968
3.33698 0.191264 0.151411
3.38589 0.19955 0.167821
3.43512 0.205183 0.113935
3.47484 0.2078 0.0657848
3.49462 0.20882 0.0515315
3.53985 0.211582 0.0609744
3.58652 0.214525 0.0629935
3.62546 0.216437 0.0490609
3.66478 0.220959 0.11449
3.69448 0.223861 0.0973997
3.73299 0.227528 0.0949635
3.75264 0.229364 0.093123
3.76686 0.230407 0.0732354
3.7898 0.233006 0.112784
3.81787 0.235192 0.0777284
3.85985 0.240767 0.132012
3.89855 0.246033 0.135244
3.93432 0.249966 0.109526
3.96446 0.252827 0.0946649
3.9778 0.254014 0.0887025
3.99529 0.254987 0.0556016
4.01186 0.255292 0.0184135
4.02914 0.255656 0.0210091
4.03901 0.255752 0.00980448
4.07288 0.25562 -0.0039159
4.09819 0.254932 -0.0271417
4.13338 0.25533 0.0112954
4.15963 0.257031 0.064711
4.1675 0.257679 0.0822097
4.17772 0.259211 0.148641
4.21448 0.263368 0.112619
4.25752 0.267669 0.0996217
4.30423 0.271888 0.0900669
4.34652 0.275007 0.073631
4.38576 0.277844 0.0721607
4.42978 0.281305 0.0784656
4.47556 0.285808 0.0980532
4.5047 0.287484 0.0574322
4.52674 0.288737 0.0568228
4.5581 0.290034 0.0413157
4.572 0.290494 0.0331378
4.59935 0.291022 0.0193036
4.62856 0.292301 0.0437534
4.65718 0.293471 0.0408356
4.69642 0.294582 0.0283104
4.71115 0.294936 0.0240227
4.72256 0.295709 0.0676889
4.74083 0.297445 0.0946577
4.74812 0.298379 0.127508
4.76462 0.301122 0.164815
4.78346 0.304107 0.157049
4.79843 0.30666 0.168921
4.80566 0.307889 0.168396
4.82175 0.311003 0.191183
4.84433 0.314688 0.161748
4.85526 0.315798 0.10124
4.86486 0.316424 0.0651447
4.87598 0.317277 0.0765665
4.89123 0.319016 0.113491
4.90169 0.320185 0.111449
4.94287 0.324665 0.108343
4.96085 0.326872 0.12215
4.97654 0.32883 0.124128
4.98941 0.330821 0.153525
4.99179 0.331092 0.113272
5.02874 0.335135 0.108993
5.05641 0.337749 0.0941919
5.07906 0.339804 0.0904493
5.09823 0.342278 0.128373
5.11587 0.345274 0.168205
5.12946 0.347902 0.191138
5.14869 0.351016 0.160508
5.15973 0.35258 0.140712
5.17074 0.354826 0.201248
5.18215 0.357124 0.19875
5.18573 0.357963 0.230248
5.19508 0.360338 0.248808
5.20432 0.362791 0.259303
5.2111 0.364657 0.268591
5.22296 0.367764 0.256392
True
0.274641
