-5.47729 0.0270032 -0.200843
-5.44803 0.0188955 -0.270325
-5.3999 0.00537943 -0.273735
-5.35764 -0.00651663 -0.274436
-5.31663 -0.0176357 -0.264783
-5.27404 -0.02829 -0.2451
-5.2286 -0.0372034 -0.193683
-5.17943 -0.0462944 -0.182847
-5.13989 -0.0547424 -0.210504
-5.0911 -0.0639686 -0.186865
-5.05485 -0.0716884 -0.209834
-5.00796 -0.0815803 -0.207907
-4.9665 -0.0911439 -0.226713
-4.91883 -0.103201 -0.24773
-4.87538 -0.113287 -0.22809
-4.82834 -0.12456 -0.235197
-4.78296 -0.133646 -0.19762
-4.73971 -0.143839 -0.231492
-4.69426 -0.15498 -0.240361
-4.64606 -0.168248 -0.268577
-4.59899 -0.179616 -0.236999
-4.5562 -0.190049 -0.239137
-4.51151 -0.202139 -0.264208
-4.47131 -0.21419 -0.291305
-4.43338 -0.225761 -0.296045
-4.38797 -0.240926 -0.32236
-4.34079 -0.255276 -0.295214
-4.29362 -0.269133 -0.285765
-4.24586 -0.283889 -0.299621
-4.1973 -0.295748 -0.239557
-4.15278 -0.309454 -0.298643
-4.10561 -0.323669 -0.292672
-4.065 -0.336437 -0.304624
-4.01712 -0.350612 -0.287843
-3.96881 -0.363295 -0.25674
-3.92144 -0.372976 -0.201593
-3.87608 -0.384443 -0.247611
-3.8278 -0.393361 -0.182667
-3.78251 -0.401974 -0.187923
-3.73473 -0.412819 -0.223209
-3.68854 -0.420759 -0.170228
-3.6399 -0.432104 -0.229164
-3.59569 -0.44251 -0.231133
-3.54927 -0.450942 -0.179699
-3.5004 -0.461255 -0.207962
-3.45514 -0.470821 -0.208294
-3.40556 -0.477202 -0.128006
-3.35608 -0.483849 -0.13352
-3.30692 -0.489827 -0.121006
-3.25818 -0.495299 -0.111806
-3.20968 -0.501566 -0.128517
-3.16719 -0.510045 -0.196947
-3.12479 -0.518905 -0.206012
-3.07607 -0.529982 -0.223552
-3.02712 -0.539283 -0.187768
-2.98315 -0.550429 -0.24825
-2.9472 -0.558525 -0.221524
-2.89856 -0.570108 -0.233795
-2.85561 -0.578948 -0.203005
-2.80645 -0.588072 -0.183511
-2.76405 -0.596808 -0.203172
-2.72484 -0.604801 -0.201103
-2.67894 -0.616984 -0.259416
-2.63221 -0.629749 -0.266693
-2.58471 -0.642817 -0.268456
-2.54467 -0.65411 -0.274934
-2.49608 -0.665733 -0.234786
-2.44745 -0.677153 -0.230644
-2.40035 -0.689231 -0.251001
-2.35186 -0.701319 -0.244317
-2.3092 -0.710477 -0.211452
-2.26875 -0.71986 -0.227968
-2.22285 -0.730352 -0.224728
-2.17454 -0.739667 -0.190475
-2.1259 -0.751246 -0.233709
-2.09103 -0.756599 -0.152294
-2.04246 -0.763973 -0.150661
-1.99611 -0.77013 -0.132095
-1.94647 -0.775816 -0.114041
-1.90964 -0.781377 -0.149857
-1.86054 -0.787577 -0.125598
-1.8204 -0.794528 -0.171491
-1.77334 -0.80278 -0.173592
-1.73145 -0.810482 -0.181828
-1.68349 -0.819146 -0.178731
-1.63999 -0.827852 -0.197505
-1.59659 -0.837115 -0.210276
-1.54787 -0.845676 -0.173953
-1.49817 -0.850992 -0.106556
-1.45052 -0.856698 -0.119189
-1.40296 -0.861291 -0.0962698
-1.35858 -0.865059 -0.0846785
-1.33545 -0.867071 -0.0867894
-1.28577 -0.872434 -0.107548
-1.23952 -0.876663 -0.0911825
-1.19049 -0.883041 -0.129363
-1.1413 -0.89151 -0.170459
-1.09738 -0.896705 -0.117764
-1.05164 -0.901606 -0.106745
-1.00377 -0.905607 -0.083369
-0.954147 -0.910119 -0.0906851
-0.90474 -0.917728 -0.152799
-0.863315 -0.92236 -0.111369
-0.813578 -0.927138 -0.0957573
-0.776803 -0.932193 -0.136609
-0.727084 -0.937459 -0.105532
-0.681726 -0.940802 -0.0735537
-0.631823 -0.943913 -0.0622739
-0.588583 -0.946218 -0.0532473
-0.544909 -0.950293 -0.093045
-0.496299 -0.952293 -0.0411051
-0.446951 -0.954784 -0.0504523
-0.403713 -0.957625 -0.0656072
-0.353892 -0.961521 -0.0780445
-0.304464 -0.967692 -0.124209
-0.258634 -0.97228 -0.0997558
-0.209809 -0.979311 -0.143039
-0.160186 -0.985297 -0.120044
-0.121644 -0.989418 -0.106501
-0.0737813 -0.995043 -0.11699
-0.0261136 -0.998376 -0.0698061
0.022494 -1.00005 -0.0343969
0.0720572 -1.00155 -0.0303588
0.11431 -1.00212 -0.0133159
0.151731 -1.00222 -0.00277811
0.198845 -1.00367 -0.0308697
0.245065 -1.00624 -0.0553596
0.294241 -1.00795 -0.0348462
0.338112 -1.00972 -0.0403
0.38774 -1.01406 -0.0873147
0.436776 -1.01898 -0.0999024
0.473909 -1.02411 -0.1374
0.523072 -1.02996 -0.118299
0.571018 -1.03857 -0.177735
0.620509 -1.0453 -0.135117
0.669176 -1.05423 -0.181549
0.716176 -1.06114 -0.146015
0.75779 -1.06756 -0.152889
0.806934 -1.07677 -0.185302
0.856152 -1.08462 -0.158294
0.904015 -1.09339 -0.181182
0.943855 -1.0999 -0.162041
0.991084 -1.10587 -0.125646
1.03918 -1.11391 -0.165549
1.08536 -1.12225 -0.178832
1.12881 -1.13085 -0.195382
1.1769 -1.14138 -0.21545
1.22416 -1.15355 -0.252125
1.27224 -1.16526 -0.238778
1.31101 -1.17427 -0.228347
1.34784 -1.18553 -0.296728
1.39267 -1.19778 -0.266735
1.43846 -1.2096 -0.252649
1.48542 -1.22152 -0.248615
1.5306 -1.23341 -0.257394
1.56661 -1.24297 -0.259433
1.6144 -1.25697 -0.284997
1.65561 -1.27002 -0.306662
1.70277 -1.2855 -0.317257
1.74485 -1.29976 -0.326637
1.78175 -1.313 -0.344462
1.82571 -1.33057 -0.380231
1.8631 -1.3416 -0.286884
1.90949 -1.35568 -0.294638
1.94455 -1.36618 -0.290901
1.98869 -1.38043 -0.312403
2.02806 -1.39521 -0.359212
2.06735 -1.40958 -0.350511
2.10705 -1.42594 -0.390928
2.15165 -1.44405 -0.385807
2.19499 -1.45949 -0.342113
2.23997 -1.47623 -0.35625
2.27964 -1.49116 -0.360138
2.32081 -1.50633 -0.352834
2.36494 -1.52427 -0.386276
2.41125 -1.54302 -0.384712
2.45303 -1.55849 -0.354634
2.49868 -1.57677 -0.380742
2.5434 -1.5929 -0.346192
2.58421 -1.60735 -0.340321
2.62759 -1.62341 -0.354694
2.67353 -1.64147 -0.374417
2.71766 -1.65659 -0.330183
2.76185 -1.67429 -0.380973
2.78489 -1.68231 -0.334954
2.83138 -1.70041 -0.371147
2.87516 -1.71973 -0.415577
2.92206 -1.73656 -0.34453
2.96771 -1.7559 -0.400793
3.00782 -1.77391 -0.422024
3.04711 -1.78995 -0.387647
3.09152 -1.81055 -0.434343
3.13522 -1.83242 -0.463947
3.16708 -1.8474 -0.439529
3.21089 -1.86748 -0.429788
3.25416 -1.88796 -0.442003
3.29178 -1.90666 -0.461344
3.33155 -1.9256 -0.444449
3.37572 -1.94585 -0.430035
3.41515 -1.96449 -0.441468
3.45526 -1.98399 -0.452627
3.49948 -2.0033 -0.411542
3.54255 -2.02279 -0.425079
3.58174 -2.03934 -0.399661
3.60375 -2.04792 -0.37165
3.63441 -2.06032 -0.38425
3.67033 -2.07462 -0.378877
3.70975 -2.08931 -0.35669
3.73335 -2.09846 -0.369881
3.76815 -2.11167 -0.36268
3.80769 -2.12423 -0.307666
3.84803 -2.13821 -0.333617
3.88652 -2.15186 -0.340881
3.91839 -2.16461 -0.38037
3.95865 -2.18158 -0.39907
3.99587 -2.19821 -0.420111
4.02982 -2.21402 -0.435706
4.06463 -2.23021 -0.435369
4.10868 -2.24749 -0.373882
4.15328 -2.26674 -0.40735
4.18737 -2.28145 -0.407632
4.22997 -2.29934 -0.397531
4.25952 -2.3129 -0.430134
4.29998 -2.33065 -0.413456
4.33615 -2.34606 -0.402674
4.37189 -2.36186 -0.416243
4.39392 -2.37118 -0.400145
4.41589 -2.37947 -0.361143
4.43035 -2.38488 -0.357483
4.4559 -2.39332 -0.319069
4.48373 -2.40257 -0.320938
4.51569 -2.41291 -0.313003
4.55405 -2.42581 -0.324368
4.5664 -2.43058 -0.36838
4.59581 -2.44204 -0.37164
4.63302 -2.45687 -0.379343
4.66594 -2.46937 -0.36284
4.70524 -2.48395 -0.355164
4.73834 -2.49629 -0.356991
4.77823 -2.51184 -0.371679
4.80983 -2.52538 -0.404784
4.85199 -2.54283 -0.39243
4.88557 -2.55749 -0.411652
4.91828 -2.57191 -0.41511
4.93858 -2.58096 -0.419277
4.95802 -2.58842 -0.366808
4.97028 -2.59291 -0.351094
4.97374 -2.5942 -0.354173
4.98767 -2.59972 -0.377525
4.99608 -2.6033 -0.402137
5.00764 -2.60802 -0.387755
5.02418 -2.61431 -0.363782
5.03799 -2.61949 -0.358343
5.04151 -2.62079 -0.354835
5.0482 -2.62348 -0.381787
5.06202 -2.62949 -0.410784
5.07021 -2.63281 -0.385002
5.07139 -2.63329 -0.38036
5.08137 -2.63718 -0.371718
5.09304 -2.64143 -0.349948
5.10131 -2.64429 -0.332502
5.0987 -2.64354 -0.280625
5.10504 -2.64565 -0.321697
5.11304 -2.64838 -0.328119
5.1188 -2.65014 -0.297683
5.12265 -2.65138 -0.3098
5.13342 -2.655 -0.324745
5.13863 -2.65679 -0.331464
5.14924 -2.66068 -0.351272
5.15987 -2.66506 -0.390768
5.16945 -2.66879 -0.371094
5.17945 -2.67277 -0.379046
5.18503 -2.67504 -0.386029
5.19933 -2.68068 -0.375713
5.21104 -2.68606 -0.430444
5.2241 -2.694 -0.546397
True
0.269398
