4.49012 0.00312356 2.83553
4.47085 0.0114776 2.73247
4.44846 0.0225426 2.68257
4.41332 0.0457001 2.55887
4.38774 0.0645151 2.5074
4.37356 0.0742673 2.53936
4.34206 0.0973516 2.50903
4.30467 0.128558 2.4461
4.27273 0.157954 2.39778
4.24538 0.184873 2.36405
4.21159 0.220735 2.32646
4.18409 0.255134 2.24527
4.15759 0.288739 2.23855
4.13133 0.328977 2.14891
4.10505 0.371456 2.1248
4.08052 0.414999 2.0839
4.0631 0.449409 2.03939
4.03767 0.492453 2.10449
4.01406 0.532945 2.0986
3.98946 0.576351 2.08641
3.9666 0.620785 2.04596
3.94471 0.66212 2.05786
3.92489 0.700494 2.04755
3.91013 0.733784 1.98794
3.88797 0.778594 2.0301
3.86907 0.824883 1.95846
3.85476 0.860813 1.94983
3.83801 0.903862 1.94184
3.81946 0.950223 1.9515
3.80214 0.996975 1.92557
3.7863 1.0386 1.93442
3.76664 1.08445 1.97588
3.74871 1.12967 1.94815
3.73313 1.16499 1.98634
3.71375 1.21099 1.96955
3.69504 1.25706 1.95653
3.67433 1.30197 2.00292
3.66555 1.32425 1.94611
3.65548 1.34626 2.00008
3.64574 1.36876 1.97911
3.63418 1.39333 2.01062
3.61701 1.42812 2.02917
3.60049 1.46407 2.00155
3.58275 1.50199 2.00851
3.56894 1.53639 1.95243
3.54713 1.58131 2.02279
3.52857 1.62078 2.0105
3.50816 1.66625 1.99255
3.48765 1.71105 2.00015
3.46624 1.7562 2.01366
3.44309 1.8004 2.05329
3.42217 1.84038 2.05271
3.40536 1.87212 2.05809
3.38061 1.91501 2.09403
3.36339 1.94495 2.09278
3.33798 1.98799 2.10411
3.31224 2.03026 2.11774
3.28372 2.0713 2.17819
3.25592 2.11217 2.16806
3.23109 2.15029 2.14819
3.20818 2.1847 2.15821
3.18162 2.22656 2.13624
3.15453 2.26589 2.17398
3.12704 2.3071 2.15905
3.09807 2.34754 2.19236
3.06902 2.38814 2.19199
3.03954 2.4274 2.21485
3.01689 2.45476 2.26224
2.99322 2.48608 2.21803
2.96377 2.52446 2.22525
2.93845 2.55962 2.19487
2.91018 2.59675 2.22151
2.87859 2.63549 2.2548
2.85322 2.6698 2.20767
2.82335 2.7088 2.2244
2.79685 2.74341 2.22432
2.76584 2.78255 2.24078
2.73393 2.82101 2.26336
2.69936 2.85709 2.33468
2.6724 2.8866 2.31129
2.63909 2.92185 2.3278
2.60878 2.951 2.37587
2.57412 2.9863 2.34689
2.55319 3.0065 2.37391
2.5282 3.03105 2.36525
2.49639 3.05838 2.43178
2.46631 3.08241 2.46747
2.4398 3.10306 2.47987
2.41533 3.12121 2.50324
2.37882 3.14845 2.50068
2.3366 3.17524 2.57623
2.29417 3.20169 2.58408
2.25883 3.22459 2.56661
2.22113 3.2484 2.57839
2.1789 3.27516 2.57669
2.13732 3.30292 2.55305
2.0953 3.3274 2.61393
2.06147 3.34627 2.63293
2.01904 3.36814 2.66555
1.98542 3.38409 2.69865
1.9445 3.40648 2.64089
1.90776 3.42517 2.67108
1.86575 3.44903 2.62499
1.82169 3.4706 2.68635
1.78864 3.48828 2.6505
1.74353 3.50941 2.70352
1.6996 3.53215 2.66403
1.65469 3.55366 2.69485
1.60888 3.5737 2.72908
1.57282 3.59027 2.7109
1.52713 3.61055 2.7239
1.48107 3.62999 2.74226
1.44041 3.64677 2.75012
1.40188 3.66303 2.7424
1.35688 3.68275 2.72841
1.31478 3.70075 2.73768
1.27188 3.71838 2.75163
1.24093 3.73217 2.72236
1.20535 3.74864 2.70803
1.19235 3.75449 2.71882
1.14701 3.77477 2.72117
1.10477 3.7923 2.74801
1.06209 3.81138 2.72124
1.01683 3.8304 2.74374
0.975749 3.84723 2.75296
0.931721 3.8615 2.82806
0.888562 3.87327 2.87528
0.839801 3.88401 2.9248
0.799825 3.89277 2.92601
0.769177 3.89942 2.92781
0.720077 3.90886 2.9517
0.67322 3.91866 2.93549
0.626375 3.92744 2.95623
0.578027 3.9358 2.97036
0.528407 3.94174 3.02241
0.479078 3.94775 3.02038
0.429458 3.9539 3.01837
0.392377 3.95896 3.00584
0.342596 3.96348 3.05109
0.293562 3.9679 3.05176
0.243824 3.97049 3.08954
0.202541 3.97473 3.03915
0.152625 3.97764 3.0834
0.102787 3.98151 3.06401
0.0637367 3.98208 3.12718
0.0276715 3.98431 3.07975
-0.021388 3.98725 3.08171
-0.0713397 3.98887 3.10926
-0.121288 3.98944 3.13006
-0.171243 3.99068 3.11681
-0.220776 3.99428 3.06915
-0.267723 3.99631 3.09833
-0.317572 3.99698 3.12802
-0.367422 3.99768 3.12769
-0.409541 3.9973 3.1505
-0.459508 3.9955 -3.1056
-0.509337 3.99268 -3.08507
-0.551286 3.98926 -3.06012
-0.600624 3.98274 -3.01027
-0.646516 3.97696 -3.01636
-0.685916 3.9704 -2.97641
-0.731673 3.96434 -3.01009
-0.769459 3.95799 -2.97509
-0.817561 3.94897 -2.95609
-0.865921 3.93797 -2.91801
-0.907725 3.92733 -2.89244
-0.954208 3.9181 -2.94542
-1.00163 3.90713 -2.91441
-1.04725 3.89661 -2.91496
-1.09579 3.88462 -2.89929
-1.13382 3.87425 -2.87545
-1.18205 3.8611 -2.87546
-1.22356 3.84924 -2.86326
-1.27153 3.83549 -2.86242
-1.31462 3.82301 -2.8596
-1.36167 3.80922 -2.85652
-1.40607 3.79628 -2.85803
-1.44022 3.78532 -2.831
-1.48529 3.76996 -2.81316
-1.52997 3.7555 -2.82866
-1.57691 3.74004 -2.82343
-1.61854 3.72549 -2.80521
-1.6454 3.7155 -2.78553
-1.69293 3.69998 -2.82597
-1.73531 3.68581 -2.81903
-1.78116 3.66864 -2.78331
-1.8239 3.65206 -2.7714
-1.86429 3.6371 -2.78704
-1.90424 3.62184 -2.77659
-1.9487 3.60733 -2.82628
-1.98821 3.59222 -2.77614
-2.02967 3.58 -2.85499
-2.07578 3.56618 -2.85038
-2.12201 3.55114 -2.82722
-2.16012 3.53881 -2.82852
-2.19867 3.52346 -2.76274
-2.23573 3.51114 -2.8206
-2.2831 3.49514 -2.81589
-2.32908 3.4781 -2.78662
-2.36902 3.46322 -2.78505
-2.40743 3.44804 -2.76518
-2.45245 3.42949 -2.75081
-2.4915 3.41173 -2.71464
-2.53586 3.39185 -2.72038
-2.57645 3.37304 -2.70759
-2.61298 3.35604 -2.70614
-2.64871 3.33793 -2.67226
-2.68705 3.31784 -2.65902
-2.7296 3.29371 -2.62574
-2.76819 3.27157 -2.62071
-2.80196 3.25299 -2.63868
-2.83481 3.23559 -2.65435
-2.87731 3.21447 -2.68032
-2.9174 3.19426 -2.67472
-2.95827 3.17448 -2.6908
-2.99698 3.15582 -2.69254
-3.03748 3.1362 -2.69053
-3.075 3.11742 -2.67729
-3.11658 3.09868 -2.71836
-3.14833 3.08469 -2.72632
-3.18251 3.06967 -2.7278
-3.20454 3.05951 -2.7091
-3.23549 3.04515 -2.70713
-3.26666 3.02896 -2.66283
-3.30513 3.00895 -2.66181
-3.34547 2.98901 -2.68263
-3.37287 2.97403 -2.64127
-3.39226 2.96361 -2.64826
-3.41236 2.95205 -2.61963
-3.43688 2.93785 -2.61667
-3.46813 2.92248 -2.68452
-3.49167 2.91188 -2.71831
-3.51238 2.90221 -2.70492
-3.53204 2.89304 -2.70534
-3.54623 2.88639 -2.70306
-3.55365 2.88303 -2.71601
-3.56732 2.87686 -2.7182
-3.58931 2.86502 -2.64766
-3.61212 2.85235 -2.63458
-3.63085 2.84165 -2.62223
-3.64982 2.83149 -2.65029
-3.66649 2.82317 -2.67842
-3.68496 2.81396 -2.67911
-3.69329 2.80899 -2.60363
-3.70747 2.80063 -2.60861
-3.7174 2.79483 -2.61278
-3.73651 2.78379 -2.61793
-3.75671 2.77355 -2.67247
-3.76646 2.76843 -2.65798
-3.77493 2.76446 -2.70344
-3.79914 2.75308 -2.70208
-3.82178 2.74259 -2.70763
-3.84016 2.73404 -2.7062
-3.85323 2.72807 -2.71366
-3.86186 2.72392 -2.69264
-3.88393 2.7134 -2.6969
-3.90682 2.70237 -2.69266
-3.92417 2.69409 -2.696
-3.9373 2.68794 -2.70375
-3.94891 2.68255 -2.70685
-3.96016 2.67752 -2.72142
-3.97057 2.67328 -2.75494
-3.97035 2.67339 -2.6896
-3.98172 2.66829 -2.71958
-3.98621 2.6663 -2.7242
-3.99547 2.66226 -2.73081
-4.01453 2.65499 -2.77689
-4.02231 2.65188 -2.7616
-4.03231 2.64868 -2.83251
-4.05628 2.64093 -2.82878
-4.07689 2.6341 -2.82146
-4.0904 2.62913 -2.78941
-4.10801 2.62265 -2.78902
-4.12861 2.6144 -2.76043
-4.13255 2.61282 -2.76001
-4.14306 2.60852 -2.75302
-4.15287 2.60436 -2.74087
-4.16131 2.59974 -2.64066
-4.1657 2.5974 -2.65181
-4.17707 2.59156 -2.66743
-4.18046 2.58969 -2.63701
-4.17962 2.59014 -2.65622
-4.18289 2.5884 -2.65482
-4.18729 2.5859 -2.62382
-4.19798 2.57966 -2.61388
-4.20765 2.57316 -2.54927
-4.21576 2.56715 -2.50343
-4.22104 2.56302 -2.47779
-4.22808 2.55755 -2.48166
-4.23826 2.54935 -2.46336
True
0.188364
