4.47071 0.0175053 2.60291
4.45554 0.0288666 2.49875
4.4266 0.0507154 2.49496
4.39225 0.0804461 2.42806
4.3611 0.108041 2.41664
4.3304 0.139396 2.34574
4.30391 0.168535 2.3086
4.28041 0.196565 2.2684
4.2496 0.2355 2.24034
4.22258 0.271717 2.21175
4.2004 0.30106 2.21801
4.17845 0.330568 2.21044
4.15999 0.35721 2.17666
4.141 0.388835 2.11167
4.12547 0.418432 2.05381
4.10131 0.46216 2.0756
4.07853 0.506617 2.04442
4.05924 0.550756 1.98274
4.03654 0.59456 2.0488
4.02072 0.626792 2.02728
4.00205 0.664693 2.02836
3.98619 0.697816 2.01736
3.96507 0.743094 2.00729
3.94474 0.787572 1.99963
3.92446 0.833197 1.98894
3.90841 0.873463 1.95006
3.89038 0.914501 1.9849
3.87825 0.945701 1.94141
3.86166 0.987012 1.95265
3.84205 1.03301 1.9738
3.82897 1.06998 1.91084
3.81304 1.11351 1.92178
3.79668 1.16067 1.90466
3.77969 1.20455 1.94017
3.76196 1.25127 1.93339
3.74231 1.29716 1.97546
3.72742 1.33486 1.94705
3.70883 1.37787 1.9788
3.69315 1.4128 1.99251
3.67475 1.45903 1.94968
3.65651 1.50251 1.96793
3.63954 1.54392 1.95979
3.62184 1.58543 1.97384
3.60197 1.6313 1.97971
3.58613 1.66692 1.98906
3.56906 1.70589 1.98363
3.55027 1.74065 2.06648
3.53173 1.77609 2.05283
3.50842 1.8203 2.05596
3.48545 1.86167 2.07756
3.46025 1.90458 2.10189
3.43632 1.94656 2.08887
3.41191 1.99017 2.08116
3.38984 2.02768 2.10246
3.36596 2.06608 2.12726
3.34252 2.10384 2.12621
3.32644 2.13271 2.079
3.30893 2.16206 2.10888
3.28352 2.2036 2.11966
3.25624 2.24537 2.14945
3.22831 2.28685 2.1634
3.20065 2.32762 2.16687
3.17297 2.36659 2.18835
3.14261 2.40632 2.2233
3.11136 2.44519 2.24799
3.08104 2.48488 2.22322
3.05679 2.51566 2.23792
3.02528 2.55377 2.26176
2.99572 2.58828 2.27911
2.96178 2.62483 2.3191
2.93008 2.66232 2.27277
2.90451 2.69075 2.30316
2.873 2.72482 2.31725
2.84049 2.76109 2.30156
2.80844 2.79934 2.26832
2.78257 2.82812 2.3028
2.75259 2.86146 2.30327
2.73273 2.88359 2.30221
2.70083 2.91665 2.33843
2.67486 2.94179 2.37228
2.64627 2.96883 2.38418
2.61253 2.99981 2.39872
2.57344 3.0306 2.47435
2.5486 3.05282 2.41188
2.51158 3.08643 2.4044
2.47352 3.11879 2.43701
2.43882 3.1459 2.47842
2.41919 3.1606 2.4986
2.3984 3.17542 2.52239
2.36308 3.19944 2.54429
2.32249 3.22813 2.52635
2.28594 3.25456 2.51561
2.2537 3.27843 2.50433
2.21377 3.307 2.5204
2.17501 3.33855 2.45847
2.13473 3.36811 2.50851
2.09419 3.3952 2.55246
2.0577 3.41754 2.59238
2.01454 3.4426 2.61542
1.97179 3.4653 2.65343
1.92743 3.48645 2.69676
1.88294 3.50859 2.67987
1.83787 3.52767 2.74106
1.80538 3.54349 2.68834
1.76038 3.56513 2.69342
1.72484 3.58091 2.72382
1.68144 3.59997 2.72773
1.6414 3.6164 2.75218
1.5967 3.63513 2.7449
1.55698 3.65012 2.78066
1.51535 3.6658 2.7814
1.47296 3.68011 2.81593
1.4288 3.69595 2.79733
1.39885 3.7065 2.80274
1.35251 3.72165 2.8256
1.30555 3.73769 2.81253
1.25819 3.75342 2.82078
1.21047 3.76835 2.83855
1.16223 3.78137 2.87795
1.11515 3.7949 2.86165
1.07772 3.80534 2.8696
1.03081 3.81889 2.86044
0.983238 3.83156 2.88123
0.935614 3.84296 2.90665
0.891492 3.85249 2.92879
0.842732 3.86355 2.91866
0.799204 3.87203 2.94922
0.752703 3.88323 2.90517
0.709732 3.89431 2.88917
0.662202 3.90939 2.8344
0.614423 3.92197 2.88422
0.565926 3.93389 2.90047
0.518477 3.94784 2.85572
0.470912 3.96144 2.86312
0.427235 3.97334 2.8756
0.381867 3.98312 2.92931
0.344871 3.99065 2.94059
0.311265 3.998 2.92632
0.262717 4.008 2.93846
0.214248 4.0199 2.90093
0.165713 4.03085 2.91966
0.121392 4.03958 2.94717
0.0788049 4.05052 2.89007
0.030541 4.0634 2.88074
-0.0140563 4.07292 2.9314
-0.0593952 4.07965 2.99424
-0.0991561 4.08521 3.00264
-0.144845 4.08996 3.038
-0.194438 4.09599 3.0206
-0.237573 4.09902 3.07142
-0.28047 4.10138 3.08675
-0.323284 4.10449 3.06899
-0.372737 4.1103 3.02463
-0.421001 4.11649 3.01408
-0.465193 4.12037 3.05402
-0.510946 4.12484 3.04421
-0.552378 4.12963 3.0264
-0.595278 4.13378 3.04526
-0.632876 4.1351 3.1064
-0.680022 4.13679 3.10582
-0.729815 4.13868 3.10354
-0.779754 4.13928 3.12971
-0.824757 4.13942 3.13837
-0.874622 4.13767 3.17676
-0.924616 4.13823 -3.15292
-0.974381 4.13833 3.13973
-1.02255 4.13674 3.17451
-1.06837 4.13486 -3.10056
-1.11743 4.13211 -3.08562
-1.1671 4.12697 -3.03847
-1.21435 4.12433 -3.08575
-1.26418 4.12098 -3.07446
-1.30905 4.11596 -3.03024
-1.35801 4.10938 -3.00794
-1.39354 4.10559 -3.0353
-1.44315 4.09948 -3.01901
-1.49218 4.09373 -3.02483
-1.53973 4.08968 -3.05667
-1.58848 4.08486 -3.04314
-1.63825 4.08003 -3.04485
-1.68673 4.07673 -3.07366
-1.73227 4.07198 -3.03753
-1.78174 4.06473 -2.99603
-1.83127 4.05796 -3.00586
-1.87485 4.05337 -3.0366
-1.91449 4.0495 -3.0444
-1.95505 4.04637 -3.06444
-2.00469 4.04402 -3.09432
-2.05464 4.04206 -3.10233
-2.09967 4.04054 -3.10797
-2.14712 4.03807 -3.08951
-2.1971 4.03695 -3.11919
-2.23996 4.03687 -3.13979
-2.28206 4.03721 -3.14973
-2.32017 4.0393 3.08682
-2.35138 4.04103 3.08636
-2.39305 4.0427 3.10145
-2.42906 4.0423 3.15274
-2.47783 4.04085 -3.11191
-2.51513 4.03892 -3.08988
-2.55663 4.03623 -3.07675
-2.60221 4.03419 -3.09681
-2.63479 4.03355 -3.12197
-2.68263 4.03354 -3.14141
-2.73173 4.03561 -3.18379
-2.76949 4.03801 3.07803
-2.8055 4.04046 3.07381
-2.82232 4.04138 3.08685
-2.84497 4.04308 3.06688
-2.86704 4.04579 3.01922
-2.88748 4.04845 3.01206
-2.89615 4.04983 2.98386
-2.91951 4.05397 2.96629
-2.94328 4.05814 2.968
-2.96301 4.06064 3.0156
-2.97861 4.06283 3.0021
-2.98252 4.06352 2.96691
-2.99143 4.06502 2.97435
-3.00476 4.06747 2.9598
-3.0213 4.07052 2.95936
-3.03932 4.07411 2.9451
-3.0638 4.07926 2.93414
-3.07914 4.08241 2.93929
-3.09724 4.08669 2.90917
-3.10243 4.0879 2.91293
-3.10883 4.08958 2.88416
-3.12578 4.09392 2.8911
-3.14392 4.09758 2.94246
-3.16267 4.10179 2.92097
-3.18068 4.10566 2.92956
-3.20591 4.11088 2.9375
-3.2316 4.11805 2.86976
-3.26329 4.12731 2.8573
-3.28936 4.13475 2.86359
-3.32099 4.14447 2.84344
-3.35217 4.15384 2.84967
-3.37941 4.16116 2.8788
-3.42301 4.17121 2.91503
-3.42507 4.17168 2.91857
-3.44789 4.1764 2.93749
-3.47267 4.18042 2.98071
-3.50609 4.18537 2.99462
-3.53875 4.18925 3.02333
-3.56848 4.19247 3.03388
-3.5829 4.19414 3.02601
-3.60857 4.19794 2.9948
-3.64126 4.2036 2.97002
-3.65226 4.20502 3.01343
-3.67346 4.2078 3.0114
-3.68347 4.20901 3.0209
-3.71706 4.21364 3.00463
-3.73741 4.21681 2.98702
-3.77365 4.22161 3.00992
-3.8088 4.22601 3.01709
-3.84546 4.22938 3.04989
-3.8814 4.23315 3.03706
-3.91169 4.23658 3.02891
-3.92601 4.23839 3.01586
-3.94275 4.24079 2.99925
-3.95702 4.24302 2.98658
-3.97192 4.24568 2.96497
-3.97431 4.24613 2.95474
-3.99836 4.25022 2.97305
-4.00786 4.25179 2.97756
-4.02159 4.2534 3.02527
-4.02976 4.25428 3.03446
-4.03652 4.25519 3.00694
-4.04776 4.25639 3.03541
-4.0574 4.25695 3.0837
-4.07152 4.25736 3.11254
-4.07604 4.25761 3.08666
-4.08719 4.25788 3.11728
-4.10576 4.2579 3.14034
-4.11426 4.25807 3.12211
-4.12901 4.25858 3.10661
-4.13508 4.25891 3.08868
-4.15162 4.26012 3.06826
-4.16284 4.26106 3.05766
-4.16351 4.26108 3.12034
-4.17535 4.261 3.14788
-4.18397 4.26048 -3.08041
-4.20063 4.25884 -3.04346
-4.21141 4.25788 -3.05338
True
0.190282
