-5.47261 0.232958 0.0831773
-5.42698 0.23805 0.111126
-5.37766 0.246255 0.164856
-5.33011 0.252751 0.135801
-5.28197 0.259446 0.138164
-5.23246 0.265911 0.129856
-5.185 0.271471 0.116609
-5.1355 0.278418 0.139437
-5.09357 0.284508 0.144218
-5.04395 0.289054 0.0913656
-4.99412 0.293055 0.0801342
-4.94557 0.298821 0.118198
-4.91308 0.302123 0.101275
-4.8685 0.30563 0.0785202
-4.82188 0.310964 0.1139
-4.77334 0.316115 0.105732
-4.72365 0.320384 0.0857135
-4.67673 0.325601 0.110729
-4.63023 0.329377 0.0810002
-4.58675 0.332637 0.0748542
-4.53873 0.336448 0.0791908
-4.49208 0.339383 0.0628398
-4.44266 0.341263 0.0380142
-4.3929 0.344555 0.0660823
-4.34725 0.349322 0.104022
-4.30379 0.351647 0.0534557
-4.25497 0.355419 0.077115
-4.20512 0.359292 0.0775381
-4.17255 0.36254 0.0993941
-4.12459 0.367108 0.0949388
-4.0749 0.372549 0.109078
-4.02534 0.37692 0.0879713
-3.97564 0.382274 0.107314
-3.92776 0.388973 0.138995
-3.89114 0.394158 0.140668
-3.84552 0.399796 0.122964
-3.80362 0.4047 0.116503
-3.75959 0.412978 0.185852
-3.71073 0.423275 0.207674
-3.67533 0.431599 0.230973
-3.63062 0.440942 0.205974
-3.58728 0.450057 0.20733
-3.53851 0.46062 0.213265
-3.49244 0.466618 0.129487
-3.45249 0.473918 0.180738
-3.40847 0.480466 0.147664
-3.37078 0.486524 0.159378
-3.3223 0.492184 0.11622
-3.28013 0.497101 0.116068
-3.23366 0.503481 0.136443
-3.18589 0.50973 0.130074
-3.13701 0.514987 0.107139
-3.09906 0.520338 0.140088
-3.05618 0.525527 0.120433
-3.00765 0.531487 0.122189
-2.95794 0.536249 0.095516
-2.90868 0.54125 0.101172
-2.8656 0.546015 0.110156
-2.81849 0.552915 0.145429
-2.76918 0.559071 0.124194
-2.7266 0.563797 0.110519
-2.68238 0.568202 0.099303
-2.65347 0.571335 0.107952
-2.60691 0.574898 0.076373
-2.56958 0.57779 0.0773289
-2.52055 0.580847 0.062251
-2.47065 0.583279 0.0487158
-2.4209 0.587493 0.084494
-2.37123 0.592238 0.0952391
-2.32342 0.596225 0.0831977
-2.27429 0.602485 0.12675
-2.23575 0.608361 0.151296
-2.18629 0.614003 0.113575
-2.14421 0.618156 0.0983802
-2.09503 0.622621 0.0905401
-2.04563 0.626493 0.0782174
-1.99585 0.631134 0.0929621
-1.95535 0.63354 0.0593434
-1.90538 0.634776 0.0247308
-1.85812 0.635824 0.0221661
-1.80872 0.638511 0.0543316
-1.76628 0.642225 0.0873102
-1.71936 0.647374 0.109287
-1.67199 0.651554 0.0880049
-1.62736 0.655418 0.0863668
-1.58167 0.65926 0.0839047
-1.53359 0.663522 0.0884062
-1.48564 0.669102 0.115858
-1.4418 0.672349 0.0739007
-1.393 0.678679 0.129017
-1.34338 0.683926 0.105353
-1.29396 0.690192 0.126107
-1.25137 0.698124 0.18414
-1.20343 0.704808 0.138531
-1.15565 0.712174 0.152965
-1.11003 0.718301 0.133501
-1.06957 0.723595 0.130113
-1.0276 0.72852 0.116814
-0.995565 0.733698 0.160232
-0.955328 0.740385 0.164676
-0.922099 0.746214 0.173652
-0.878735 0.754893 0.197537
-0.834603 0.765162 0.228626
-0.7948 0.776218 0.270939
-0.752773 0.787761 0.268046
-0.715461 0.797485 0.254944
-0.689547 0.80416 0.252087
-0.662889 0.810643 0.238572
-0.620989 0.819387 0.205728
-0.6025 0.823528 0.220324
-0.578571 0.829236 0.234179
-0.539889 0.838364 0.231739
-0.505997 0.84723 0.255864
-0.474478 0.855495 0.256436
-0.451082 0.861593 0.254958
-0.423267 0.86667 0.180539
-0.394081 0.870965 0.146125
-0.350162 0.876178 0.118148
-0.314056 0.880037 0.106473
-0.270994 0.885651 0.129632
-0.249374 0.889437 0.173354
-0.215383 0.895829 0.18588
-0.179283 0.902242 0.175825
-0.137341 0.908723 0.15331
-0.102558 0.914473 0.163824
-0.064369 0.921557 0.183408
-0.0355631 0.926966 0.185601
-0.0095239 0.932325 0.202985
0.0326972 0.942272 0.231367
0.0602613 0.948681 0.22848
0.0926694 0.957212 0.25739
0.130835 0.967374 0.260211
0.171623 0.97914 0.280841
0.208517 0.989183 0.265778
0.240723 0.997339 0.248023
0.275482 1.00521 0.222736
0.305121 1.01273 0.248337
0.335521 1.02239 0.307838
0.364685 1.03211 0.321564
0.386916 1.03941 0.317562
0.413671 1.0475 0.293435
0.428065 1.0519 0.296925
0.455036 1.06019 0.29806
0.47873 1.06755 0.30113
0.500007 1.07447 0.314329
0.518024 1.08081 0.338422
0.534352 1.08725 0.375724
0.55063 1.09406 0.39652
0.558828 1.09756 0.402923
0.57063 1.10297 0.430201
0.592641 1.11408 0.467511
0.599673 1.11766 0.4702
0.608969 1.12126 0.369196
0.622636 1.12602 0.335759
0.635071 1.12942 0.266616
0.644685 1.13172 0.235211
0.643884 1.13155 0.209214
0.644655 1.1317 0.190911
0.650931 1.13266 0.150596
0.665764 1.1357 0.2026
0.668098 1.13624 0.227323
0.672757 1.13746 0.255069
0.681149 1.14009 0.303556
0.692122 1.14338 0.291271
0.693564 1.14383 0.306482
0.709117 1.14883 0.310797
0.716587 1.15127 0.316175
0.726957 1.15435 0.288122
0.734542 1.15625 0.246522
0.736475 1.15666 0.209208
0.746551 1.15819 0.149879
0.769499 1.15921 0.0447845
0.785591 1.15896 -0.0155112
0.796994 1.1578 -0.101892
0.795169 1.15798 -0.098477
0.808713 1.1559 -0.152555
0.812304 1.15513 -0.209758
0.822284 1.15248 -0.260161
0.81957 1.15326 -0.281414
0.83294 1.14871 -0.328259
0.843535 1.14356 -0.452236
0.845798 1.14231 -0.505864
0.860332 1.13273 -0.582698
0.872957 1.12329 -0.641956
0.877291 1.11957 -0.709361
0.884529 1.11291 -0.743666
0.89028 1.1071 -0.79023
0.887888 1.10969 -0.82377
0.891062 1.10611 -0.845597
0.886714 1.11146 -0.889087
0.894022 1.10267 -0.87753
0.898428 1.09655 -0.946471
0.904965 1.08669 -0.985497
0.904889 1.08683 -1.06258
0.908277 1.07946 -1.13987
0.913464 1.0666 -1.18731
0.915349 1.06155 -1.21359
0.921131 1.04508 -1.23317
0.924436 1.03624 -1.2131
0.927677 1.0271 -1.22978
0.931036 1.01748 -1.2349
0.933343 1.01024 -1.26223
0.935576 1.00377 -1.23898
0.938291 0.994257 -1.29265
0.939792 0.988784 -1.30308
0.941991 0.977886 -1.37171
0.945907 0.952073 -1.42025
0.951222 0.919249 -1.41024
0.956881 0.881452 -1.42219
0.960668 0.850275 -1.44994
0.969221 0.802339 -1.39423
0.972677 0.752459 -1.50162
0.981299 0.708943 -1.3752
0.981417 0.70843 -1.34492
0.983815 0.691927 -1.42644
0.990007 0.648615 -1.42882
1.00047 0.60334 -1.34364
1.01768 0.556394 -1.2195
1.01768 0.556394 -1.2195
1.01768 0.5564 -1.21898
1.01778 0.556135 -1.20886
1.01648 0.561235 -1.3224
1.016 0.563449 -1.35605
1.0238 0.534183 -1.31033
1.03881 0.486779 -1.26414
1.0561 0.447405 -1.15708
1.07697 0.412595 -1.03063
1.10784 0.373295 -0.904981
1.14134 0.336615 -0.830654
1.17656 0.304363 -0.741455
1.20954 0.279869 -0.638751
1.24127 0.259411 -0.572785
1.2828 0.233785 -0.55285
1.32209 0.215455 -0.436511
1.36246 0.199337 -0.379874
1.40888 0.184024 -0.318616
1.45394 0.172761 -0.244961
1.49245 0.164194 -0.218856
1.53637 0.157059 -0.161038
1.5756 0.151176 -0.148874
1.62533 0.146297 -0.0977972
1.67529 0.145005 -0.0258489
1.72202 0.1453 0.0063158
1.77156 0.148514 0.0647844
1.82151 0.150402 0.0377755
1.84994 0.151813 0.0496112
1.89829 0.155454 0.0751524
1.94428 0.161107 0.122303
1.99039 0.166564 0.117818
2.03299 0.171777 0.121767
2.08234 0.179789 0.160933
2.13129 0.189975 0.205156
2.1798 0.202013 0.243244
2.22869 0.211748 0.196538
2.25779 0.218416 0.225287
2.30517 0.231739 0.274131
2.35065 0.245782 0.299481
2.39193 0.259382 0.318236
2.43558 0.275275 0.349151
2.47496 0.288427 0.322351
2.52104 0.304511 0.335847
2.56773 0.322045 0.359191
2.61407 0.340611 0.381134
2.65747 0.35876 0.396056
2.70337 0.377623 0.3899
2.74961 0.396481 0.38721
2.78369 0.410712 0.39562
2.82097 0.424098 0.344702
2.86841 0.439659 0.316994
2.90543 0.453526 0.358332
2.93896 0.466987 0.381781
2.97244 0.480385 0.38066
3.01693 0.497358 0.364457
3.0638 0.514782 0.355958
3.10136 0.530152 0.38839
3.14754 0.549308 0.393183
3.19136 0.567006 0.38391
3.23717 0.585187 0.377757
3.27226 0.600038 0.400396
3.31697 0.619847 0.417091
3.3569 0.634761 0.357401
3.40302 0.653344 0.383063
3.44999 0.670491 0.350066
3.49005 0.685012 0.347689
3.50951 0.693563 0.414174
3.53969 0.707374 0.429135
3.55279 0.713569 0.441513
3.57886 0.726461 0.459384
3.61203 0.740432 0.398615
3.65816 0.757853 0.361083
3.69657 0.77418 0.401891
3.73288 0.791368 0.442193
3.77628 0.813256 0.467133
3.82062 0.835309 0.461458
3.84721 0.84909 0.478269
3.87237 0.861624 0.462137
3.89547 0.872373 0.435422
3.91788 0.882538 0.425882
3.93237 0.888894 0.413406
3.95256 0.897143 0.387896
3.98737 0.911197 0.383751
4.01947 0.923486 0.365599
4.04502 0.933213 0.363721
4.07082 0.941287 0.303306
4.11007 0.95235 0.274769
4.15665 0.967206 0.308699
4.19873 0.980816 0.312783
4.2162 0.986492 0.314201
4.23374 0.990049 0.200056
4.28032 0.99845 0.178476
4.32338 1.00562 0.164944
4.36377 1.01246 0.167678
4.40091 1.0201 0.203104
4.41959 1.02359 0.184449
4.44404 1.02814 0.18386
4.48304 1.0366 0.213763
4.51659 1.0442 0.222589
4.54681 1.05053 0.20652
4.57793 1.05625 0.181704
4.62557 1.06532 0.188224
4.67242 1.07018 0.103288
4.71897 1.07198 0.0387707
4.74689 1.07328 0.0465853
4.76715 1.07432 0.0509674
4.78582 1.07646 0.114434
4.79675 1.07739 0.0843011
4.82123 1.07979 0.0979329
4.85583 1.08321 0.0983744
4.87738 1.08547 0.104525
4.90338 1.0887 0.123627
4.92242 1.09147 0.144818
4.94267 1.09476 0.160956
4.96327 1.09873 0.190399
4.97443 1.10105 0.204743
4.98371 1.10324 0.231987
4.98978 1.10476 0.245745
5.00133 1.10783 0.259753
5.01328 1.11089 0.250566
5.03104 1.11555 0.256286
5.04821 1.12009 0.258687
5.0573 1.12266 0.276132
5.07843 1.12913 0.296974
5.08414 1.13061 0.253158
5.09861 1.13423 0.245249
5.11759 1.14015 0.302465
5.13279 1.14572 0.351235
5.13919 1.14785 0.320263
5.15764 1.15357 0.300779
5.16756 1.15688 0.322434
5.17341 1.15855 0.278414
5.18428 1.16147 0.261965
5.18785 1.16225 0.214191
5.19553 1.16369 0.18533
5.20649 1.16571 0.182725
5.21305 1.16688 0.176834
5.22153 1.1685 0.188232
5.21313 1.16703 0.173308
5.22147 1.1683 0.151594
5.24172 1.17094 0.129419
True
0.0584917
