-5.47509 -0.316097 -0.224343
-5.44486 -0.321479 -0.176187
-5.39811 -0.332122 -0.22385
-5.35343 -0.339098 -0.154887
-5.30556 -0.349351 -0.210984
-5.25696 -0.35774 -0.170949
-5.20808 -0.363784 -0.123027
-5.16063 -0.369009 -0.109656
-5.11228 -0.373371 -0.0899831
-5.07314 -0.378316 -0.125692
-5.02598 -0.382451 -0.0874478
-4.97633 -0.387735 -0.106025
-4.93111 -0.393261 -0.121594
-4.88284 -0.400345 -0.145725
-4.8339 -0.410543 -0.205445
-4.78574 -0.418642 -0.166588
-4.74456 -0.42713 -0.20326
-4.70765 -0.434062 -0.185691
-4.65864 -0.441953 -0.159625
-4.60916 -0.44902 -0.14186
-4.56286 -0.457177 -0.17442
-4.51676 -0.464061 -0.148209
-4.46717 -0.470455 -0.128247
-4.42069 -0.477873 -0.158248
-4.37399 -0.482402 -0.0966736
-4.33022 -0.486624 -0.0961642
-4.28229 -0.493222 -0.136794
-4.24106 -0.500561 -0.17615
-4.20657 -0.507755 -0.205636
-4.16272 -0.517381 -0.216099
-4.11479 -0.530621 -0.269535
-4.06728 -0.543308 -0.260948
-4.0203 -0.555034 -0.24457
-3.9714 -0.565474 -0.210355
-3.92322 -0.574361 -0.182427
-3.87444 -0.582552 -0.166355
-3.8265 -0.590238 -0.158972
-3.78914 -0.596267 -0.159993
-3.74118 -0.606661 -0.213406
-3.70112 -0.614429 -0.19152
-3.65162 -0.621498 -0.141877
-3.61289 -0.628365 -0.175429
-3.56473 -0.636939 -0.176211
-3.51569 -0.646645 -0.195382
-3.47062 -0.654522 -0.173021
-3.42183 -0.663415 -0.180319
-3.38236 -0.671936 -0.212592
-3.33368 -0.679883 -0.161835
-3.28521 -0.689887 -0.20354
-3.23594 -0.698119 -0.165565
-3.19033 -0.704166 -0.131791
-3.14245 -0.709407 -0.109029
-3.09747 -0.713493 -0.0905805
-3.05684 -0.717714 -0.103539
-3.01941 -0.722308 -0.122115
-2.9719 -0.726686 -0.0918877
-2.9307 -0.730556 -0.0936549
-2.8812 -0.73267 -0.0426737
-2.83148 -0.736595 -0.0787883
-2.78192 -0.743214 -0.132762
-2.73251 -0.748586 -0.108323
-2.68492 -0.756321 -0.161132
-2.64099 -0.763384 -0.159385
-2.59204 -0.772522 -0.184567
-2.55076 -0.779647 -0.170912
-2.50113 -0.78568 -0.120951
-2.45386 -0.793656 -0.167172
-2.41693 -0.798317 -0.125548
-2.36829 -0.805446 -0.145517
-2.32441 -0.811585 -0.13902
-2.2758 -0.819421 -0.159843
-2.23013 -0.826393 -0.151478
-2.18147 -0.833302 -0.141036
-2.14039 -0.838616 -0.128652
-2.09099 -0.845406 -0.136597
-2.04532 -0.850011 -0.100494
-1.99629 -0.856247 -0.126494
-1.94658 -0.86144 -0.10411
-1.89696 -0.867007 -0.111707
-1.84956 -0.871911 -0.103108
-1.80009 -0.877452 -0.111528
-1.75089 -0.881513 -0.0823618
-1.70123 -0.887347 -0.116942
-1.65133 -0.890563 -0.0643604
-1.60181 -0.895406 -0.0974794
-1.5602 -0.899147 -0.0896566
-1.51077 -0.906636 -0.150365
-1.46451 -0.911636 -0.107663
-1.41802 -0.917438 -0.124161
-1.36973 -0.922677 -0.108072
-1.32048 -0.927929 -0.106246
-1.27637 -0.934105 -0.139105
-1.23748 -0.939335 -0.133684
-1.20204 -0.944277 -0.138528
-1.16207 -0.949415 -0.127862
-1.11525 -0.95551 -0.12945
-1.06605 -0.961617 -0.123506
-1.01824 -0.9699 -0.171542
-0.968673 -0.975656 -0.115598
-0.918966 -0.980987 -0.106843
-0.874062 -0.985231 -0.0942415
-0.834137 -0.989417 -0.104467
-0.79083 -0.992564 -0.0725353
-0.740894 -0.993463 -0.0179976
-0.692081 -0.992119 0.0275328
-0.652635 -0.992248 -0.00327797
-0.604474 -0.993423 -0.0243843
-0.562935 -0.996117 -0.0647737
-0.513081 -0.998445 -0.0466657
-0.482094 -1.00127 -0.0907783
-0.435244 -1.00496 -0.0785816
-0.390453 -1.00849 -0.0788291
-0.344636 -1.01081 -0.05054
-0.295976 -1.01614 -0.10912
-0.256113 -1.01848 -0.0585783
-0.209369 -1.02208 -0.0768047
-0.17222 -1.02497 -0.077674
-0.127986 -1.02721 -0.0506554
-0.0826877 -1.03048 -0.0720307
-0.0370064 -1.03229 -0.0395789
0.00208882 -1.03372 -0.0366792
0.050783 -1.03584 -0.0434953
0.100271 -1.03703 -0.0240696
0.149379 -1.03978 -0.055797
0.190274 -1.04115 -0.0335575
0.240053 -1.04583 -0.0938389
0.286199 -1.05035 -0.0975835
0.332213 -1.05391 -0.0771337
0.381957 -1.05896 -0.101164
0.425401 -1.06164 -0.0616151
0.463838 -1.0631 -0.0379609
0.505658 -1.06388 -0.0185919
0.545244 -1.06519 -0.0330948
0.593877 -1.06854 -0.0689561
0.641062 -1.07267 -0.0872041
0.690857 -1.07718 -0.0902315
0.733522 -1.08269 -0.128657
0.782221 -1.08779 -0.104335
0.829505 -1.09253 -0.099764
0.869073 -1.09727 -0.119218
0.910627 -1.10291 -0.135047
0.958212 -1.11205 -0.189675
1.00418 -1.12046 -0.181028
1.0528 -1.13209 -0.234824
1.09692 -1.14423 -0.268312
1.14476 -1.1578 -0.276578
1.18635 -1.17081 -0.303082
1.2284 -1.18413 -0.306861
1.27635 -1.19829 -0.286965
1.32389 -1.21155 -0.272152
1.3676 -1.22384 -0.273983
1.41507 -1.23945 -0.317782
1.45176 -1.25029 -0.287329
1.49352 -1.26493 -0.337095
1.53641 -1.27878 -0.312359
1.58179 -1.29552 -0.353472
1.62401 -1.30963 -0.322498
1.6706 -1.32685 -0.35402
1.71748 -1.34318 -0.335126
1.76424 -1.36063 -0.357248
1.8101 -1.37577 -0.318855
1.85384 -1.38906 -0.294882
1.90038 -1.40511 -0.332213
1.94776 -1.42024 -0.308943
1.99388 -1.43915 -0.389303
2.03921 -1.45728 -0.380479
2.08226 -1.47632 -0.416402
2.12606 -1.49388 -0.381213
2.17305 -1.5109 -0.347508
2.22047 -1.5265 -0.317744
2.26725 -1.54335 -0.345719
2.30121 -1.55567 -0.348036
2.3453 -1.57248 -0.364451
2.39166 -1.59095 -0.379024
2.43894 -1.60717 -0.330454
2.4829 -1.62328 -0.351343
2.51715 -1.63653 -0.369118
2.56417 -1.65303 -0.337518
2.61038 -1.67209 -0.391068
2.65174 -1.68801 -0.367493
2.69523 -1.70444 -0.3611
2.74161 -1.72215 -0.364924
2.7885 -1.73945 -0.353437
2.83041 -1.75749 -0.406548
2.87641 -1.77627 -0.387578
2.92258 -1.79517 -0.388407
2.96693 -1.81476 -0.416104
3.01273 -1.8314 -0.348296
3.05919 -1.84814 -0.345927
3.10506 -1.86597 -0.370706
3.14944 -1.88259 -0.358322
3.19229 -1.89968 -0.379565
3.23825 -1.91666 -0.353788
3.26925 -1.92916 -0.383398
3.30936 -1.94441 -0.363403
3.35126 -1.95974 -0.350784
3.39172 -1.97205 -0.29522
3.42818 -1.98338 -0.301227
3.45871 -1.99349 -0.320014
3.49512 -2.00478 -0.300516
3.53842 -2.01804 -0.297281
3.58448 -2.03266 -0.30727
3.62235 -2.044 -0.291045
3.66547 -2.05724 -0.297793
3.70978 -2.07061 -0.293134
3.73443 -2.07837 -0.304756
3.77001 -2.08912 -0.293524
3.8074 -2.10146 -0.318861
3.83609 -2.1113 -0.330319
3.85513 -2.1178 -0.329204
3.8628 -2.12021 -0.303491
3.8866 -2.12839 -0.331245
3.91024 -2.13699 -0.349061
3.92001 -2.14026 -0.322191
3.92959 -2.14323 -0.301086
3.94238 -2.14744 -0.317663
3.9596 -2.15247 -0.284273
3.98438 -2.15847 -0.237663
4.01068 -2.1649 -0.239895
4.02996 -2.16915 -0.216972
4.04904 -2.17335 -0.216505
4.07863 -2.18012 -0.224996
4.09993 -2.18508 -0.228786
4.14575 -2.19745 -0.263555
4.17592 -2.20699 -0.306337
4.20224 -2.21479 -0.287976
4.21593 -2.21868 -0.276974
4.24671 -2.22664 -0.253156
4.26857 -2.23142 -0.215192
4.30115 -2.23846 -0.2129
4.33451 -2.24601 -0.222385
4.36194 -2.25177 -0.207093
4.39369 -2.2593 -0.23294
4.43756 -2.27009 -0.241085
4.47013 -2.27879 -0.260917
4.50209 -2.28663 -0.240686
4.53414 -2.29535 -0.265656
4.56682 -2.30402 -0.259236
4.5958 -2.3122 -0.275141
4.61981 -2.31929 -0.28722
4.63612 -2.32413 -0.288301
4.64704 -2.32757 -0.30508
4.66366 -2.33261 -0.294619
4.68807 -2.33879 -0.247913
4.70788 -2.34421 -0.267258
4.71905 -2.34713 -0.255246
4.74112 -2.35204 -0.218927
4.75945 -2.35574 -0.199596
4.76887 -2.35771 -0.205927
4.77621 -2.35914 -0.192923
4.79867 -2.36342 -0.187832
4.81002 -2.36595 -0.219719
4.81939 -2.36828 -0.243732
4.84344 -2.37426 -0.243792
4.86221 -2.37908 -0.251122
4.88203 -2.38509 -0.29466
4.89534 -2.3894 -0.312883
4.89906 -2.39061 -0.315568
4.90515 -2.39276 -0.338299
4.91386 -2.39582 -0.338176
4.92964 -2.40121 -0.329385
4.9531 -2.40983 -0.351946
4.96797 -2.41527 -0.350548
4.97388 -2.41721 -0.318479
4.98093 -2.4195 -0.313758
5.00747 -2.42759 -0.29562
5.03031 -2.43484 -0.30777
5.04409 -2.43912 -0.300758
5.05334 -2.44187 -0.288797
5.06864 -2.44742 -0.348058
5.08735 -2.45469 -0.370862
5.09117 -2.45617 -0.368034
5.09606 -2.45818 -0.390276
5.10436 -2.46158 -0.388368
5.11079 -2.46392 -0.349554
5.11921 -2.46686 -0.336348
5.12692 -2.46939 -0.317141
5.13806 -2.47271 -0.289264
5.13889 -2.4729 -0.224014
5.1454 -2.47404 -0.174
5.15851 -2.47528 -0.0943127
5.16422 -2.47545 -0.0292509
5.17539 -2.4762 -0.0670647
5.18096 -2.47679 -0.105675
5.19316 -2.47868 -0.153406
5.20911 -2.48316 -0.274332
5.22165 -2.48756 -0.337298
5.22929 -2.49029 -0.342817
5.22995 -2.4905 -0.301074
5.23056 -2.49068 -0.291297
5.24496 -2.4942 -0.23954
True
0.257153
