-5.48224 0.788938 -0.0627714
-5.47225 0.788592 -0.0346749
-5.44042 0.786591 -0.0627621
-5.39064 0.784504 -0.0419038
-5.34084 0.783046 -0.0292617
-5.29139 0.785806 0.0557524
-5.25661 0.78707 0.0363284
-5.22166 0.789351 0.0651559
-5.17277 0.793563 0.0859519
-5.12682 0.796078 0.0546735
-5.08547 0.797239 0.0280833
-5.03887 0.799935 0.0577777
-4.98906 0.80172 0.0358314
-4.94761 0.8014 -0.00772911
-4.89765 0.799735 -0.0333191
-4.85431 0.799549 -0.00429323
-4.81084 0.801035 0.0341662
-4.76248 0.799523 -0.0312422
-4.71367 0.798771 -0.0154106
-4.66479 0.799244 0.00968318
-4.6157 0.799703 0.00935058
-4.57046 0.800316 0.0135442
-4.52962 0.801824 0.0368977
-4.48731 0.802816 0.023452
-4.44776 0.802965 0.00375955
-4.40246 0.801489 -0.0325592
-4.35656 0.800037 -0.03164
-4.31341 0.79935 -0.0159155
-4.27107 0.803501 0.0977389
-4.23632 0.806603 0.0890341
-4.19592 0.809156 0.063104
-4.15337 0.811164 0.0471435
-4.10823 0.814211 0.0674124
-4.06208 0.819969 0.124149
-4.01223 0.823296 0.0666341
-3.96606 0.828623 0.11485
-3.92109 0.832155 0.0783882
-3.87142 0.837316 0.103536
-3.82188 0.844085 0.135799
-3.77552 0.848709 0.0994188
-3.72684 0.8556 0.140631
-3.67744 0.861086 0.110584
-3.62905 0.863756 0.0551225
-3.58407 0.867363 0.0800254
-3.54145 0.86997 0.061098
-3.49315 0.868933 -0.0214605
-3.44823 0.867854 -0.0240197
-3.39861 0.866296 -0.0314032
-3.3532 0.863194 -0.0681967
-3.31438 0.861291 -0.0489841
-3.26459 0.858659 -0.0528019
-3.22496 0.856545 -0.0532982
-3.18059 0.851661 -0.109636
-3.14342 0.849083 -0.0692638
-3.09345 0.847849 -0.0246878
-3.04346 0.846949 -0.017988
-2.9939 0.844976 -0.0397923
-2.94406 0.841244 -0.0747358
-2.89461 0.839591 -0.0334277
-2.84588 0.838032 -0.0319744
-2.80345 0.836742 -0.0303999
-2.75355 0.837135 0.00788075
-2.71496 0.837632 0.0128691
-2.667 0.83825 0.0128834
-2.63085 0.837934 -0.00872015
-2.58157 0.840791 0.0578986
-2.53169 0.84406 0.0654409
-2.48478 0.847588 0.0750628
-2.44036 0.851171 0.0804927
-2.39182 0.852939 0.0364021
-2.34194 0.855529 0.0518803
-2.29204 0.855644 0.00230107
-2.2421 0.855702 0.00117733
-2.19238 0.856212 0.0102541
-2.14954 0.855611 -0.0140436
-2.09982 0.856087 0.00958181
-2.05242 0.855537 -0.0115997
-2.00271 0.855865 0.00660252
-1.95545 0.854705 -0.0245445
-1.90593 0.85368 -0.0206984
-1.85665 0.852585 -0.0222295
-1.81366 0.851347 -0.0287749
-1.77051 0.849029 -0.0536652
-1.72409 0.846257 -0.0596517
-1.67596 0.84485 -0.0292102
-1.62763 0.841821 -0.0626094
-1.58158 0.840818 -0.0217708
-1.53457 0.839895 -0.0196225
-1.48476 0.840327 0.00867027
-1.44383 0.841793 0.0358014
-1.39556 0.846916 0.105742
-1.34596 0.850565 0.0734357
-1.29632 0.855734 0.103732
-1.24806 0.862342 0.136108
-1.20049 0.868022 0.11884
-1.15606 0.872984 0.111201
-1.11251 0.877796 0.110056
-1.07074 0.882713 0.117167
-1.02475 0.88787 0.111667
-0.989305 0.891887 0.112852
-0.949962 0.896917 0.12717
-0.900358 0.902343 0.108934
-0.851447 0.908553 0.126303
-0.804441 0.91344 0.103583
-0.754791 0.918444 0.10045
-0.705334 0.925689 0.14545
-0.665418 0.932085 0.158883
-0.62311 0.937112 0.118286
-0.575882 0.944135 0.147606
-0.526602 0.952491 0.167971
-0.48146 0.962915 0.226933
-0.43285 0.974444 0.232884
-0.384644 0.987574 0.265914
-0.337077 1.00298 0.313175
-0.289222 1.01737 0.292229
-0.241512 1.03023 0.263139
-0.201863 1.0394 0.227268
-0.155463 1.04913 0.206731
-0.106216 1.05774 0.173048
-0.0569844 1.06625 0.171284
-0.0111517 1.07543 0.197578
0.0376422 1.08508 0.195282
0.08624 1.09684 0.237381
0.13288 1.10777 0.230315
0.181192 1.12017 0.251255
0.229666 1.13054 0.210644
0.271823 1.14059 0.234084
0.320649 1.14884 0.167305
0.367789 1.15896 0.211637
0.414962 1.17122 0.25414
0.450587 1.18054 0.25584
0.493561 1.19084 0.235422
0.542004 1.20317 0.249227
0.591039 1.21227 0.183325
0.637395 1.22112 0.188716
0.68338 1.23082 0.207931
0.723477 1.23819 0.181675
0.763032 1.24561 0.18555
0.811761 1.2558 0.206059
0.860051 1.26609 0.210107
0.90192 1.27381 0.18211
0.94377 1.28169 0.186256
0.991253 1.29232 0.220189
1.03889 1.30106 0.181561
1.07963 1.30885 0.188828
1.12102 1.31616 0.174895
1.17018 1.32384 0.154814
1.21501 1.33148 0.168861
1.25611 1.33788 0.154491
1.30314 1.34499 0.150031
1.35267 1.35096 0.120078
1.40205 1.35851 0.151704
1.44999 1.36238 0.080368
1.48707 1.36552 0.0845828
1.5345 1.36829 0.0584135
1.58339 1.36991 0.0330002
1.63283 1.36904 -0.0175613
1.67398 1.3691 0.00138663
1.72303 1.36723 -0.0379095
1.77114 1.36611 -0.0234368
1.80836 1.36426 -0.0494997
1.84599 1.36311 -0.0305683
1.893 1.36051 -0.0552579
1.94199 1.35902 -0.0305066
1.99073 1.35736 -0.0338912
2.02521 1.35654 -0.0239815
2.06679 1.354 -0.0609353
2.11617 1.3515 -0.0505984
2.16572 1.34673 -0.0959539
2.20569 1.34054 -0.153606
2.25044 1.33349 -0.156416
2.28517 1.32925 -0.121312
2.3342 1.32001 -0.186337
2.37412 1.31409 -0.147111
2.42281 1.30296 -0.224724
2.46283 1.29487 -0.199536
2.51179 1.28484 -0.202102
2.5604 1.27499 -0.199838
2.6089 1.26315 -0.239521
2.65717 1.25096 -0.247274
2.70492 1.23906 -0.244239
2.74901 1.22891 -0.226408
2.7984 1.22122 -0.154441
2.84735 1.21102 -0.205311
2.89223 1.20025 -0.235658
2.93927 1.18681 -0.278264
2.97806 1.17754 -0.234486
3.02286 1.16593 -0.25354
3.07015 1.15315 -0.26404
3.11788 1.13902 -0.287743
3.16331 1.12735 -0.251578
3.2066 1.11605 -0.255316
3.25226 1.10475 -0.242508
3.30035 1.09394 -0.221186
3.33814 1.08424 -0.251191
3.38315 1.07288 -0.247162
3.43004 1.06006 -0.266919
3.46439 1.04986 -0.288659
3.50153 1.04013 -0.256377
3.51561 1.03638 -0.260296
3.54239 1.02942 -0.254198
3.58743 1.01661 -0.27713
3.59526 1.01438 -0.277424
3.62254 1.00644 -0.283024
3.64531 0.999976 -0.276729
3.6718 0.99328 -0.247626
3.70125 0.987111 -0.206447
3.7245 0.983145 -0.168961
3.74067 0.980015 -0.191172
3.77392 0.972679 -0.217125
3.80804 0.964867 -0.225116
3.822 0.961763 -0.218776
3.82576 0.961109 -0.172513
3.8327 0.95996 -0.163973
3.85789 0.956603 -0.132482
3.87175 0.954402 -0.157504
3.8785 0.953465 -0.137947
3.89158 0.951022 -0.184614
3.91259 0.946033 -0.233104
3.93099 0.942835 -0.172099
3.96319 0.937623 -0.160468
3.99374 0.933092 -0.147238
4.0107 0.930846 -0.13168
4.02788 0.928938 -0.110628
4.04936 0.925535 -0.15709
4.07391 0.921005 -0.182485
4.09174 0.918004 -0.166705
4.12353 0.913892 -0.128636
4.14824 0.911892 -0.0807466
4.19222 0.90777 -0.0934701
4.23026 0.905523 -0.0589994
4.27124 0.90374 -0.0434717
4.30019 0.903436 -0.0105117
4.34129 0.902839 -0.0145173
4.38008 0.901639 -0.0309296
4.40602 0.901505 -0.00515914
4.42833 0.90104 -0.0208822
4.4538 0.900341 -0.0274058
4.4917 0.898133 -0.058206
4.52093 0.895544 -0.0883364
4.5475 0.893783 -0.0661529
4.58465 0.891805 -0.0532186
4.6169 0.890638 -0.0361583
4.63498 0.890316 -0.0178251
4.66341 0.888498 -0.0638527
4.69912 0.886194 -0.0644158
4.72318 0.884427 -0.0733415
4.7444 0.882435 -0.093609
4.77055 0.880512 -0.0733859
4.8028 0.879332 -0.0365809
4.83199 0.877538 -0.0613855
4.85597 0.87573 -0.0752475
4.87114 0.874303 -0.0937177
4.89071 0.872286 -0.102776
4.91944 0.867837 -0.153611
4.93975 0.864358 -0.169632
4.96947 0.858709 -0.18784
4.99496 0.853648 -0.196001
5.02703 0.846666 -0.214395
5.04386 0.842108 -0.264443
5.05336 0.839022 -0.314235
5.06541 0.834374 -0.367866
5.08156 0.827397 -0.407924
5.0931 0.822206 -0.422851
5.10268 0.818356 -0.381968
5.11325 0.81369 -0.415602
5.1209 0.810592 -0.384833
5.12569 0.808586 -0.396335
5.12934 0.807386 -0.318481
5.14723 0.801468 -0.319351
5.17028 0.793997 -0.313512
5.18526 0.789186 -0.310651
5.19398 0.786332 -0.316338
5.20995 0.781019 -0.321277
5.22207 0.776941 -0.324506
5.22544 0.775791 -0.328553
5.23987 0.77034 -0.361202
True
0.265968
