4.48012 -0.0102983 -2.6637
4.45487 -0.0244938 -2.62936
4.41998 -0.0466323 -2.57622
4.38387 -0.0711132 -2.54579
4.346 -0.0995012 -2.49837
4.3103 -0.129748 -2.43863
4.27523 -0.165351 -2.34871
4.24355 -0.197995 -2.34121
4.22397 -0.220381 -2.28932
4.19712 -0.253781 -2.24797
4.17235 -0.282905 -2.27559
4.14157 -0.321006 -2.2503
4.1156 -0.357879 -2.18444
4.0914 -0.392043 -2.18706
4.0637 -0.433668 -2.158
4.04366 -0.467265 -2.10851
4.02025 -0.508224 -2.09013
3.99971 -0.547832 -2.04908
3.97633 -0.591968 -2.05808
3.95582 -0.628484 -2.08245
3.93194 -0.672004 -2.07269
3.91055 -0.71274 -2.0543
3.88978 -0.753638 -2.04074
3.86925 -0.796906 -2.01371
3.85847 -0.820787 -1.99503
3.83779 -0.866312 -1.99709
3.81779 -0.912139 -1.98227
3.79841 -0.958223 -1.96898
3.7784 -1.00404 -1.98258
3.76721 -1.03139 -1.95908
3.74667 -1.07561 -2.00562
3.72747 -1.11877 -1.98942
3.71349 -1.15135 -1.97602
3.69501 -1.19449 -1.9755
3.67764 -1.2407 -1.93048
3.66667 -1.26751 -1.95907
3.64727 -1.31354 -1.96961
3.63424 -1.34766 -1.93556
3.61774 -1.38426 -1.99451
3.59915 -1.43057 -1.95252
3.58034 -1.47207 -1.99629
3.5637 -1.51567 -1.93532
3.54886 -1.55401 -1.94029
3.52748 -1.59921 -2.01249
3.50618 -1.64221 -2.03077
3.48595 -1.68572 -2.00611
3.46827 -1.72047 -2.04123
3.45291 -1.75123 -2.03406
3.42996 -1.7956 -2.04811
3.4086 -1.8339 -2.07962
3.38338 -1.87706 -2.09953
3.35938 -1.91834 -2.09746
3.33093 -1.95921 -2.17893
3.30452 -2.00166 -2.12733
3.27913 -2.04092 -2.14484
3.25566 -2.07601 -2.16037
3.22728 -2.11589 -2.18924
3.19813 -2.15644 -2.19406
3.1708 -2.1923 -2.22203
3.14 -2.23166 -2.23473
3.1176 -2.25971 -2.24465
3.10227 -2.27766 -2.27763
3.07895 -2.30519 -2.27375
3.05603 -2.33371 -2.24765
3.03132 -2.36309 -2.27018
2.99918 -2.40139 -2.26894
2.96958 -2.43884 -2.23961
2.93566 -2.47555 -2.31659
2.91181 -2.50408 -2.26726
2.87757 -2.54048 -2.3255
2.84526 -2.57765 -2.28658
2.81236 -2.61525 -2.28946
2.77944 -2.65203 -2.30086
2.74819 -2.68694 -2.30091
2.71727 -2.72244 -2.28734
2.68517 -2.7606 -2.27025
2.66128 -2.78777 -2.29203
2.62916 -2.82077 -2.34258
2.59589 -2.85351 -2.36432
2.56501 -2.88304 -2.37844
2.52746 -2.91604 -2.42059
2.49057 -2.94667 -2.44872
2.45173 -2.97816 -2.46029
2.41706 -3.00796 -2.43162
2.38041 -3.03859 -2.44536
2.34268 -3.07011 -2.44574
2.31673 -3.09123 -2.45844
2.29163 -3.11019 -2.49475
2.25173 -3.13884 -2.51871
2.21095 -3.16777 -2.52466
2.1758 -3.19274 -2.52395
2.13734 -3.22203 -2.49067
2.1004 -3.24932 -2.50533
2.06144 -3.28065 -2.46434
2.02472 -3.30724 -2.51479
1.98469 -3.33666 -2.5079
1.94613 -3.36444 -2.51725
1.90546 -3.39065 -2.56904
1.86487 -3.41666 -2.57176
1.83226 -3.43845 -2.55268
1.79253 -3.46376 -2.57435
1.75507 -3.48672 -2.5916
1.7127 -3.51325 -2.58217
1.67433 -3.53675 -2.5922
1.63048 -3.56075 -2.6408
1.58864 -3.58274 -2.65774
1.54974 -3.60408 -2.63976
1.50549 -3.62727 -2.65878
1.46077 -3.64948 -2.68058
1.42385 -3.66546 -2.73322
1.37793 -3.68522 -2.7352
1.33089 -3.70209 -2.79734
1.28393 -3.71882 -2.79937
1.23659 -3.7335 -2.84084
1.19132 -3.74573 -2.87774
1.14566 -3.75832 -2.8726
1.10497 -3.76823 -2.90268
1.05908 -3.77921 -2.90683
1.01288 -3.79128 -2.88598
0.967318 -3.80186 -2.91346
0.923221 -3.81327 -2.8884
0.877666 -3.82304 -2.93034
0.832754 -3.83292 -2.92497
0.78442 -3.84282 -2.93959
0.739097 -3.85217 -2.93805
0.692205 -3.86134 -2.9485
0.650099 -3.87043 -2.92909
0.601844 -3.88048 -2.93623
0.552825 -3.89032 -2.94349
0.504219 -3.89859 -2.97301
0.467185 -3.90514 -2.96669
0.422571 -3.91192 -2.9906
0.373526 -3.92064 -2.96567
0.325389 -3.92901 -2.96937
0.279241 -3.93754 -2.95898
0.234017 -3.94512 -2.97542
0.184881 -3.95287 -2.98515
0.13831 -3.96158 -2.95685
0.0909899 -3.9701 -2.96337
0.0417995 -3.97636 -3.01497
-0.00740216 -3.98229 -3.02176
-0.0550633 -3.98936 -2.99431
-0.100348 -3.99541 -3.00871
-0.142134 -3.99952 -3.04357
-0.186377 -4.00404 -3.03977
-0.235896 -4.00938 -3.03423
-0.284824 -4.0155 -3.01703
-0.328076 -4.02209 -2.99056
-0.376592 -4.02783 -3.02375
-0.416503 -4.03181 -3.04217
-0.466077 -4.03717 -3.03386
-0.511408 -4.04054 -3.06739
-0.560723 -4.04297 -3.09238
-0.600806 -4.0454 -3.08116
-0.649079 -4.04805 -3.08665
-0.695578 -4.04823 -3.13775
-0.73136 -4.04944 -3.10779
-0.781335 -4.05085 -3.11343
-0.831325 -4.05172 -3.12423
-0.875811 -4.05301 -3.11243
-0.923679 -4.05256 -3.151
-0.964596 -4.05253 3.14084
-1.01375 -4.05104 3.11121
-1.05258 -4.05256 3.18068
-1.10053 -4.05501 -3.09045
-1.14987 -4.05983 -3.04432
-1.19012 -4.06385 -3.04192
-1.2357 -4.06763 -3.05899
-1.28439 -4.07257 -3.04031
-1.334 -4.07626 -3.06739
-1.38062 -4.0814 -3.03175
-1.42339 -4.08566 -3.04232
-1.47207 -4.08939 -3.06513
-1.52073 -4.09481 -3.03067
-1.56861 -4.09829 -3.06913
-1.61446 -4.10057 -3.09192
-1.6631 -4.10439 -3.0631
-1.71271 -4.10904 -3.04815
-1.75864 -4.11173 -3.08312
-1.80843 -4.11351 -3.10579
-1.83922 -4.11521 -3.08655
-1.88039 -4.11561 -3.13197
-1.92916 -4.11469 -3.1603
-1.95983 -4.1141 3.12238
-2.00249 -4.11412 3.14196
-2.05246 -4.11443 -3.13534
-2.10075 -4.11297 -3.17192
-2.14938 -4.11288 3.13988
-2.19777 -4.11125 3.10789
-2.24761 -4.11067 3.13
-2.29481 -4.10981 3.12327
-2.3374 -4.10947 3.13367
-2.38056 -4.10963 3.1453
-2.43028 -4.10819 -3.17053
-2.47994 -4.10709 3.1194
-2.51034 -4.10669 3.12843
-2.55677 -4.10765 3.16233
-2.59498 -4.11005 -3.07894
-2.63581 -4.11409 -3.0429
-2.68006 -4.11789 -3.0559
-2.72557 -4.12191 -3.05358
-2.77308 -4.12414 -3.09479
-2.81676 -4.12786 -3.0565
-2.85178 -4.13054 -3.06527
-2.90042 -4.13449 -3.06049
-2.94517 -4.13927 -3.03525
-2.99273 -4.14384 -3.04591
-3.0426 -4.14675 -3.0832
-3.07838 -4.14916 -3.07448
-3.09801 -4.14965 -3.11666
-3.12219 -4.14927 -3.157
-3.14688 -4.14937 3.14569
-3.18026 -4.14933 -3.14293
-3.21969 -4.14807 3.10954
-3.25434 -4.14589 3.07899
-3.29295 -4.14268 3.0587
-3.34201 -4.14117 3.11078
-3.38789 -4.14064 3.12989
-3.41193 -4.14111 3.16128
-3.42876 -4.14128 -3.13162
-3.44002 -4.14167 -3.107
-3.44492 -4.1416 -3.15577
-3.45725 -4.14158 3.14003
-3.46745 -4.14151 3.13494
-3.48578 -4.14163 3.14823
-3.49906 -4.14157 -3.14603
-3.52905 -4.14198 3.15502
-3.55114 -4.1428 -3.10454
-3.58635 -4.1453 -3.07058
-3.61287 -4.14676 -3.08639
-3.63673 -4.14809 -3.0861
-3.64282 -4.14841 -3.08973
-3.65662 -4.14907 -3.09336
-3.66314 -4.14965 -3.05295
-3.69012 -4.15119 -3.08476
-3.71312 -4.15367 -3.03392
-3.73115 -4.15536 -3.04843
-3.74803 -4.15656 -3.07025
-3.76756 -4.15727 -3.10542
-3.78498 -4.15756 -3.12501
-3.79537 -4.1579 -3.10905
-3.80566 -4.15812 -3.11976
-3.82079 -4.15819 -3.13686
-3.83006 -4.158 -3.16203
-3.84012 -4.15803 3.14437
-3.86606 -4.15726 -3.17134
-3.89686 -4.15708 3.13568
-3.92241 -4.15804 3.17911
-3.92989 -4.15836 -3.09865
-3.94214 -4.15949 -3.04945
-3.94782 -4.16006 -3.04241
-3.95091 -4.16037 -3.04134
-3.95689 -4.16105 -3.028
-3.97463 -4.16344 -3.00772
-3.98236 -4.16461 -2.99108
-3.99536 -4.16641 -3.00438
-4.00002 -4.16714 -2.98641
-4.00007 -4.16715 -2.93666
-4.00463 -4.16815 -2.92481
-4.00902 -4.16924 -2.89879
-4.01762 -4.17146 -2.88845
-4.02585 -4.1736 -2.88726
-4.03747 -4.17632 -2.91199
-4.03939 -4.17679 -2.90122
-4.05274 -4.18 -2.90527
-4.05963 -4.18175 -2.89333
-4.07842 -4.18695 -2.87171
-4.08294 -4.18832 -2.84759
-4.08812 -4.18995 -2.83633
-4.10252 -4.19418 -2.85539
-4.11311 -4.19665 -2.91251
-4.11649 -4.19738 -2.92952
-4.13036 -4.19993 -2.96005
-4.14113 -4.20158 -2.9896
-4.15459 -4.20335 -3.01075
-4.16589 -4.2043 -3.05788
-4.17887 -4.20473 -3.10843
-4.17985 -4.20475 -3.11692
-4.18976 -4.2046 -3.15681
-4.19251 -4.20437 3.05774
-4.19246 -4.20437 3.05889
-4.20309 -4.20305 3.01777
True
0.0637899
