-5.45589 0.632875 -0.186645
-5.40857 0.625962 -0.145073
-5.36103 0.615866 -0.209263
-5.31185 0.607328 -0.171882
-5.26511 0.60115 -0.131427
-5.22596 0.597215 -0.100159
-5.18055 0.592887 -0.0950256
-5.13104 0.586109 -0.136067
-5.08177 0.577644 -0.170137
-5.03998 0.570337 -0.173124
-4.99221 0.561542 -0.182048
-4.94432 0.553697 -0.162394
-4.89518 0.544593 -0.18318
-4.85173 0.538726 -0.134232
-4.81058 0.532766 -0.143825
-4.76247 0.525382 -0.152284
-4.71458 0.518214 -0.148573
-4.66504 0.511447 -0.135767
-4.61561 0.504006 -0.149392
-4.57025 0.497734 -0.137403
-4.52114 0.490374 -0.148768
-4.47322 0.484615 -0.119623
-4.43104 0.477523 -0.166577
-4.39379 0.47054 -0.185309
-4.34522 0.462328 -0.167489
-4.29611 0.455943 -0.129281
-4.24669 0.448555 -0.14841
-4.19834 0.442025 -0.134231
-4.14885 0.435017 -0.140664
-4.09938 0.428771 -0.125581
-4.05059 0.422945 -0.118864
-4.01416 0.418551 -0.120019
-3.97485 0.411719 -0.172097
-3.92591 0.401478 -0.20629
-3.87717 0.392606 -0.18004
-3.83596 0.386497 -0.147202
-3.79025 0.378597 -0.171117
-3.74375 0.370755 -0.167082
-3.69458 0.362612 -0.164107
-3.64894 0.354917 -0.167038
-3.60183 0.348071 -0.144291
-3.55249 0.340103 -0.160113
-3.51757 0.335224 -0.138822
-3.46825 0.330365 -0.0981985
-3.41955 0.327122 -0.0665012
-3.36987 0.323959 -0.0635736
-3.32429 0.322399 -0.0342236
-3.27455 0.317223 -0.103706
-3.22463 0.314592 -0.0526511
-3.18341 0.313524 -0.025901
-3.13447 0.313778 0.00520056
-3.08718 0.313397 -0.0080552
-3.03725 0.314791 0.0278935
-2.98836 0.316112 0.0270152
-2.944 0.317031 0.0207121
-2.89971 0.31653 -0.0113121
-2.85329 0.317182 0.0140589
-2.80514 0.316802 -0.00789302
-2.76076 0.315169 -0.0367892
-2.71079 0.314684 -0.00969737
-2.6608 0.314052 -0.0126563
-2.62199 0.314322 0.00695801
-2.57377 0.31587 0.0321115
-2.52444 0.315472 -0.0080728
-2.47672 0.315259 -0.00446282
-2.42956 0.315717 0.00970472
-2.38399 0.316147 0.00943691
-2.34209 0.316264 0.00279564
-2.29347 0.316762 0.0102314
-2.24354 0.315585 -0.0235612
-2.19577 0.314341 -0.0260264
-2.15453 0.313597 -0.018036
-2.10465 0.31397 0.00748016
-2.05472 0.316388 0.0483773
-2.00701 0.315634 -0.0158117
-1.95776 0.318063 0.0492841
-1.92512 0.317624 -0.0134678
-1.88848 0.318827 0.0328245
-1.83902 0.320455 0.0329159
-1.78939 0.320872 0.00839558
-1.73994 0.320273 -0.0121187
-1.69588 0.31903 -0.0281974
-1.65352 0.317864 -0.0275196
-1.61942 0.316068 -0.0526082
-1.57498 0.315715 -0.00794746
-1.52907 0.313964 -0.0381421
-1.47913 0.312335 -0.0325993
-1.43259 0.310179 -0.0462847
-1.39348 0.308538 -0.0419448
-1.35727 0.305572 -0.081734
-1.30819 0.299778 -0.117495
-1.26277 0.294839 -0.108315
-1.21292 0.291005 -0.0767671
-1.16501 0.285228 -0.120002
-1.12653 0.282016 -0.0832528
-1.0782 0.277417 -0.094901
-1.02854 0.27257 -0.0972954
-0.986163 0.269541 -0.0713511
-0.936995 0.265408 -0.0838543
-0.887502 0.262593 -0.0568126
-0.840481 0.259342 -0.0690365
-0.801121 0.256646 -0.0683816
-0.755546 0.251853 -0.104779
-0.706417 0.244873 -0.141146
-0.661769 0.239933 -0.11018
-0.614624 0.235635 -0.090913
-0.564985 0.229951 -0.114015
-0.515771 0.221546 -0.169159
-0.466516 0.213482 -0.162284
-0.417534 0.20492 -0.173035
-0.368896 0.193351 -0.233535
-0.340272 0.186916 -0.221118
-0.303328 0.177702 -0.244418
-0.255494 0.163643 -0.285875
-0.211238 0.151251 -0.273015
-0.169531 0.141183 -0.236844
-0.134937 0.133343 -0.222867
-0.0884924 0.121633 -0.24699
-0.0409209 0.109847 -0.242864
-0.00207426 0.0993032 -0.265035
0.0452616 0.0835331 -0.321588
0.0926459 0.0689476 -0.298609
0.138063 0.0558169 -0.281442
0.185012 0.0425599 -0.275202
0.22743 0.0308507 -0.269335
0.274623 0.0178486 -0.268843
0.318257 0.00474428 -0.291753
0.365814 -0.0106623 -0.313293
0.413218 -0.0250127 -0.293955
0.456389 -0.0386537 -0.306043
0.499381 -0.053033 -0.322769
0.539984 -0.0681254 -0.355883
0.584747 -0.0827885 -0.316556
0.628962 -0.0970293 -0.311587
0.675258 -0.110841 -0.289927
0.723681 -0.123109 -0.248141
0.769735 -0.134476 -0.241977
0.815712 -0.146454 -0.254849
0.859788 -0.158 -0.256202
0.902991 -0.16932 -0.256265
0.951563 -0.178928 -0.195281
0.99507 -0.188061 -0.206916
1.03847 -0.197309 -0.209928
1.08016 -0.205643 -0.197308
1.12231 -0.213631 -0.187312
1.16475 -0.223066 -0.218727
1.20698 -0.231447 -0.195941
1.24741 -0.238064 -0.162228
1.29619 -0.248404 -0.208893
1.34471 -0.25965 -0.22776
1.38464 -0.268615 -0.220809
1.42551 -0.277137 -0.205607
1.47005 -0.28684 -0.214494
1.51907 -0.296561 -0.195751
1.56764 -0.307824 -0.227863
1.61603 -0.318547 -0.218071
1.66485 -0.327663 -0.184615
1.71166 -0.33574 -0.170852
1.75993 -0.343769 -0.164821
1.80879 -0.352327 -0.173387
1.85807 -0.360662 -0.167553
1.90748 -0.367765 -0.142796
1.95592 -0.377258 -0.193534
2.00516 -0.38579 -0.171566
2.05257 -0.394739 -0.186567
2.09938 -0.40417 -0.198818
2.13262 -0.41141 -0.214415
2.16475 -0.419578 -0.248958
2.20402 -0.426925 -0.184965
2.25009 -0.438602 -0.248197
2.29757 -0.450247 -0.240549
2.34474 -0.461491 -0.233994
2.38731 -0.470251 -0.20295
2.43422 -0.480082 -0.206554
2.48326 -0.489835 -0.196334
2.53096 -0.501153 -0.232988
2.57921 -0.513189 -0.244452
2.62225 -0.521606 -0.193104
2.67012 -0.532827 -0.230232
2.71832 -0.542519 -0.198452
2.76732 -0.552511 -0.201182
2.80689 -0.560804 -0.206578
2.84732 -0.569079 -0.201903
2.89041 -0.577397 -0.190698
2.93835 -0.586015 -0.177848
2.98677 -0.595304 -0.189548
3.03121 -0.604426 -0.202454
3.07797 -0.614205 -0.206157
3.12183 -0.623522 -0.209292
3.16442 -0.631651 -0.188601
3.21201 -0.638775 -0.148586
3.26097 -0.644477 -0.115947
3.30189 -0.651027 -0.158749
3.33195 -0.656391 -0.17658
3.35324 -0.659855 -0.161274
3.39984 -0.665791 -0.126696
3.44409 -0.672227 -0.144438
3.48703 -0.677227 -0.115913
3.52811 -0.681397 -0.10117
3.5727 -0.683615 -0.0496983
3.62064 -0.689086 -0.11362
3.66919 -0.694863 -0.118432
3.70453 -0.699827 -0.139578
3.75229 -0.710105 -0.21195
3.79014 -0.718704 -0.223368
3.82304 -0.728218 -0.281513
3.85789 -0.739172 -0.304527
3.87693 -0.745033 -0.298742
3.89905 -0.753078 -0.348784
3.90836 -0.756812 -0.381614
3.9176 -0.76018 -0.349183
3.94603 -0.767778 -0.261195
3.97488 -0.775151 -0.250209
4.011 -0.784306 -0.248206
4.04559 -0.792114 -0.222054
4.07368 -0.798165 -0.212137
4.09574 -0.803188 -0.223875
4.121 -0.808486 -0.206796
4.14216 -0.814172 -0.262399
4.1704 -0.822362 -0.282347
4.19078 -0.829376 -0.331487
4.21608 -0.837416 -0.307674
4.2449 -0.846946 -0.319338
4.28663 -0.859564 -0.293652
4.3018 -0.863504 -0.254109
4.32149 -0.868899 -0.267363
4.34974 -0.876344 -0.257676
4.36158 -0.878835 -0.207472
4.38881 -0.884552 -0.206912
4.41281 -0.88866 -0.169486
4.43269 -0.890984 -0.116401
4.44874 -0.892487 -0.0933332
4.46272 -0.893494 -0.0719761
4.50641 -0.893341 0.00350642
4.53962 -0.892516 0.0248463
4.58029 -0.890197 0.0569497
4.61547 -0.886342 0.109116
4.6502 -0.883307 0.0871832
4.6809 -0.880381 0.0950337
4.69595 -0.879266 0.0739723
4.7251 -0.876946 0.0794083
4.75275 -0.875171 0.0640795
4.76937 -0.874521 0.0391367
4.78843 -0.874286 0.012339
4.80308 -0.874175 0.00756423
4.8212 -0.874241 -0.00362731
4.83687 -0.873598 0.0410285
4.84506 -0.873036 0.0684042
4.8613 -0.871599 0.0882762
4.88241 -0.870364 0.0584304
4.90427 -0.868648 0.0783257
4.93308 -0.867969 0.0235588
4.95818 -0.868457 -0.0194413
4.9835 -0.869311 -0.0337152
5.00193 -0.870666 -0.073404
5.00233 -0.870701 -0.0866819
5.00917 -0.87138 -0.0989895
5.02082 -0.872712 -0.113806
5.01855 -0.872441 -0.118727
5.02338 -0.872919 -0.0986251
5.03454 -0.874003 -0.096819
5.0359 -0.874149 -0.106887
5.05386 -0.876216 -0.114585
5.05188 -0.875935 -0.141127
5.05901 -0.877113 -0.163761
5.06742 -0.878193 -0.127681
5.07706 -0.879227 -0.106946
5.09105 -0.880576 -0.0961285
5.1072 -0.881345 -0.0475896
5.11281 -0.881719 -0.0663808
5.13387 -0.884396 -0.126462
5.15433 -0.88679 -0.116492
5.16141 -0.887725 -0.131348
5.17586 -0.890002 -0.156282
5.1831 -0.890904 -0.123947
5.18322 -0.890915 -0.090063
5.18999 -0.891501 -0.0863258
5.19051 -0.891567 -0.128093
5.21013 -0.895174 -0.181792
True
0.252673
