4.48715 -0.000137032 3.15226
4.47465 -0.000564296 -3.10744
4.46406 -0.00113093 -3.08811
4.44645 -0.00209876 -3.08669
4.43156 -0.00310819 -3.07392
4.41428 -0.00490149 -3.03816
4.39363 -0.00596819 -3.08998
4.38179 -0.00616896 -3.12464
4.37011 -0.00630551 -3.12991
4.36021 -0.00653587 -3.11832
4.34186 -0.00736234 -3.09659
4.3285 -0.0085536 -3.05265
4.31567 -0.0104755 -2.99293
4.2932 -0.0147398 -2.95403
4.27363 -0.0188024 -2.93695
4.25664 -0.0224198 -2.93177
4.24301 -0.0253156 -2.93218
4.22178 -0.0296342 -2.94097
4.1918 -0.0365822 -2.91385
4.18972 -0.0371298 -2.88358
4.16391 -0.0465558 -2.79152
4.15212 -0.052437 -2.67888
4.14235 -0.058107 -2.6158
4.12353 -0.0689778 -2.61759
4.09852 -0.0846661 -2.58137
4.07323 -0.102184 -2.53579
4.05976 -0.112188 -2.50295
4.04056 -0.126559 -2.49905
4.03455 -0.131931 -2.41246
4.01175 -0.156329 -2.32213
3.98855 -0.186252 -2.23047
3.96196 -0.22673 -2.15199
3.95082 -0.246297 -2.08817
3.94571 -0.256548 -2.03336
3.93759 -0.273604 -2.01501
3.92451 -0.30844 -1.93002
3.91742 -0.331524 -1.86891
3.91061 -0.35748 -1.82752
3.90112 -0.390583 -1.84996
3.88876 -0.436271 -1.83494
3.87638 -0.477497 -1.86241
3.86727 -0.5134 -1.81949
3.86192 -0.533671 -1.82854
3.85607 -0.560995 -1.78174
3.85279 -0.57662 -1.77761
3.84709 -0.606049 -1.76223
3.84341 -0.627798 -1.73829
3.84085 -0.646054 -1.71006
3.84003 -0.658686 -1.63594
3.83607 -0.694759 -1.68011
3.82855 -0.744188 -1.72174
3.82226 -0.781304 -1.7387
3.81433 -0.830444 -1.73086
3.80532 -0.874286 -1.77352
3.79554 -0.919299 -1.78476
3.78913 -0.94489 -1.81618
3.77964 -0.985094 -1.80243
3.77246 -1.02493 -1.74933
3.7651 -1.05846 -1.78662
3.7612 -1.07629 -1.78617
3.7558 -1.10333 -1.76792
3.7459 -1.1474 -1.79188
3.7375 -1.18769 -1.77629
3.72458 -1.23598 -1.83224
3.70937 -1.28346 -1.88075
3.69361 -1.32733 -1.91583
3.67775 -1.37396 -1.89853
3.66106 -1.41805 -1.93279
3.64196 -1.46368 -1.96717
3.62312 -1.50999 -1.95715
3.60334 -1.55564 -1.97969
3.58366 -1.60119 -1.97863
3.5639 -1.64677 -1.97974
3.54549 -1.68623 -2.00755
3.53158 -1.71819 -1.98125
3.51399 -1.75594 -2.00689
3.49358 -1.80152 -1.9917
3.47495 -1.84148 -2.00714
3.45538 -1.8834 -2.00755
3.43348 -1.92744 -2.03233
3.4138 -1.96703 -2.03188
3.39815 -1.99892 -2.0272
3.37602 -2.04006 -2.06429
3.35101 -2.08135 -2.11538
3.32557 -2.12439 -2.10464
3.30122 -2.1659 -2.10133
3.27685 -2.20618 -2.11481
3.25666 -2.23819 -2.13362
3.24188 -2.2583 -2.20459
3.22608 -2.28077 -2.18355
3.19999 -2.3168 -2.19755
3.1741 -2.35297 -2.19218
3.15169 -2.38766 -2.14427
3.13735 -2.41143 -2.11354
3.11009 -2.45333 -2.1476
3.08517 -2.48625 -2.21874
3.05493 -2.52202 -2.2726
3.02846 -2.5507 -2.31628
3.00194 -2.57799 -2.34192
2.98015 -2.59915 -2.37077
2.94431 -2.63402 -2.36996
2.91599 -2.66285 -2.34721
2.89327 -2.68636 -2.33905
2.86611 -2.71419 -2.344
2.83043 -2.74921 -2.36556
2.80532 -2.77304 -2.38222
2.7923 -2.78398 -2.44293
2.76703 -2.80607 -2.42329
2.73652 -2.83137 -2.4492
2.70878 -2.8566 -2.40366
2.68106 -2.88462 -2.35089
2.64301 -2.91705 -2.4357
2.6064 -2.94739 -2.44956
2.57945 -2.97194 -2.40273
2.54072 -3.00352 -2.45754
2.50705 -3.03223 -2.43551
2.47274 -3.06208 -2.42568
2.43747 -3.09252 -2.4295
2.40143 -3.12418 -2.42097
2.37513 -3.14952 -2.37475
2.3444 -3.17761 -2.40093
2.30651 -3.20881 -2.45268
2.26681 -3.2392 -2.48835
2.2305 -3.26699 -2.48819
2.19505 -3.29331 -2.50296
2.16211 -3.31885 -2.48205
2.12127 -3.34639 -2.54841
2.08118 -3.37624 -2.50157
2.04137 -3.40601 -2.49942
2.00086 -3.43373 -2.54149
1.96328 -3.45824 -2.56365
1.92098 -3.48489 -2.57938
1.89421 -3.50145 -2.58767
1.86914 -3.51533 -2.63599
1.82535 -3.53896 -2.64673
1.78134 -3.56266 -2.6476
1.74807 -3.5802 -2.65639
1.70399 -3.60377 -2.6507
1.66292 -3.6261 -2.64356
1.63149 -3.642 -2.67334
1.5924 -3.6613 -2.68282
1.5595 -3.67726 -2.69006
1.51561 -3.69782 -2.70337
1.47184 -3.71555 -2.75683
1.42556 -3.73448 -2.75333
1.38902 -3.74683 -2.81569
1.34224 -3.76199 -2.82811
1.29568 -3.77706 -2.82869
1.24756 -3.79064 -2.86654
1.19977 -3.80505 -2.84861
1.15461 -3.81749 -2.87282
1.10621 -3.83006 -2.88759
1.06392 -3.84025 -2.90503
1.01695 -3.85516 -2.83427
0.970134 -3.86684 -2.89704
0.930178 -3.87673 -2.89904
0.883055 -3.88557 -2.95602
0.834915 -3.89888 -2.87193
0.792243 -3.91109 -2.86295
0.745361 -3.92097 -2.93382
0.696654 -3.93227 -2.91371
0.65348 -3.94205 -2.91879
0.62071 -3.95117 -2.87002
0.572536 -3.9609 -2.94242
0.536299 -3.96802 -2.94751
0.502642 -3.97444 -2.95317
0.453978 -3.98581 -2.91201
0.40522 -3.99459 -2.96353
0.376145 -3.99931 -2.98041
0.327986 -4.00767 -2.9698
0.278785 -4.01656 -2.96278
0.229358 -4.0241 -2.99022
0.182745 -4.02894 -3.03821
0.14516 -4.03075 -3.09347
0.0955582 -4.03559 -3.04436
0.0552311 -4.03813 -3.07853
0.0188708 -4.03901 -3.11749
-0.0203487 -4.04096 -3.09194
-0.0698681 -4.04307 -3.09896
-0.109346 -4.04308 -3.14122
-0.153837 -4.04348 -3.13258
-0.199706 -4.04199 -3.17413
-0.245421 -4.0385 3.06528
-0.294384 -4.0329 3.02784
-0.344149 -4.02811 3.04559
-0.393337 -4.02023 2.98273
-0.443141 -4.01592 3.0552
-0.492642 -4.00907 3.00411
-0.54215 -4.0029 3.01773
-0.585449 -3.99621 2.98826
-0.628565 -3.98853 2.96539
-0.66861 -3.98237 2.98889
-0.711942 -3.97658 3.00872
-0.745647 -3.97354 3.05165
-0.795317 -3.96793 3.02903
-0.834913 -3.96171 2.98594
-0.87422 -3.95319 2.92805
-0.913346 -3.94457 2.92473
-0.962183 -3.93385 2.92561
-1.01098 -3.92296 2.922
-1.04964 -3.91376 2.90786
-1.0977 -3.89995 2.86183
-1.13998 -3.88846 2.8763
-1.18684 -3.87431 2.84827
-1.2302 -3.86341 2.89532
-1.27774 -3.84801 2.82838
-1.32056 -3.83505 2.84761
-1.35963 -3.81891 2.74996
-1.40593 -3.80002 2.75415
-1.45234 -3.78144 2.76079
-1.49751 -3.76227 2.74019
-1.54149 -3.74234 2.71625
-1.58052 -3.72231 2.66724
-1.60298 -3.71129 2.68556
-1.63809 -3.69064 2.61005
-1.67603 -3.66941 2.63141
-1.70587 -3.65343 2.64999
-1.74018 -3.63344 2.614
-1.78451 -3.61035 2.66137
-1.82798 -3.59048 2.71284
-1.86059 -3.57652 2.73694
-1.90508 -3.55763 2.74009
-1.95128 -3.53854 2.74978
-1.98916 -3.52262 2.74366
-2.03039 -3.50825 2.80628
-2.06596 -3.49471 2.77795
-2.1103 -3.47623 2.74666
-2.15411 -3.45649 2.71828
-2.19125 -3.43936 2.70934
-2.22903 -3.42159 2.70217
-2.27274 -3.39887 2.66212
-2.31672 -3.37512 2.64642
-2.35978 -3.34982 2.61038
-2.39445 -3.32762 2.57195
-2.43501 -3.29848 2.51885
-2.47085 -3.27153 2.49669
-2.5042 -3.24496 2.46893
-2.54072 -3.2156 2.46446
-2.57161 -3.19264 2.50245
-2.60695 -3.16334 2.44925
-2.64272 -3.13249 2.43006
-2.67846 -3.102 2.43517
-2.71556 -3.06852 2.40738
-2.75198 -3.03463 2.39215
-2.77398 -3.01275 2.35909
-2.81047 -2.97889 2.39362
-2.84367 -2.94301 2.31731
-2.8731 -2.91272 2.34182
-2.9048 -2.87824 2.3142
-2.93952 -2.8433 2.35311
-2.96438 -2.81925 2.37269
-2.99991 -2.78409 2.36128
-3.03174 -2.7517 2.34752
-3.06012 -2.72184 2.3309
-3.09259 -2.68695 2.32029
-3.1251 -2.65266 2.32949
-3.1466 -2.63007 2.33154
-3.17988 -2.59365 2.31124
-3.21209 -2.5594 2.32541
-3.24515 -2.52235 2.29939
-3.27354 -2.49138 2.31273
-3.3035 -2.4514 2.21404
-3.33308 -2.41573 2.26301
-3.35665 -2.38531 2.22982
-3.38861 -2.34686 2.26452
-3.41644 -2.30731 2.18396
-3.44349 -2.26676 2.15901
-3.46906 -2.22384 2.10797
-3.49546 -2.18141 2.12747
-3.51792 -2.14446 2.11691
-3.54282 -2.10302 2.11193
-3.56871 -2.06062 2.11888
-3.59095 -2.01894 2.06109
-3.61253 -1.97537 2.03069
-3.6292 -1.94187 2.03236
-3.64886 -1.90308 2.04005
-3.67142 -1.86019 2.05492
-3.69369 -1.82234 2.10273
-3.71198 -1.79099 2.09901
-3.7293 -1.7624 2.11525
-3.74552 -1.73517 2.10804
-3.76229 -1.70532 2.08267
-3.77774 -1.67527 2.04561
-3.79081 -1.65159 2.07536
-3.80897 -1.61776 2.06342
-3.82176 -1.59241 2.038
-3.83734 -1.55798 1.99563
-3.85686 -1.51208 1.97302
-3.8757 -1.4719 2.00928
-3.89419 -1.43228 2.00738
-3.90568 -1.40639 1.98838
-3.92021 -1.37109 1.96149
-3.92893 -1.35139 1.98733
-3.93876 -1.32848 1.97621
-3.94747 -1.30745 1.96354
-3.95877 -1.27815 1.93881
-3.96979 -1.24903 1.93263
-3.98201 -1.21823 1.94821
-3.99324 -1.19171 1.97143
-4.00373 -1.16723 1.97556
-4.00932 -1.15205 1.92385
-4.01754 -1.12855 1.90757
-4.02731 -1.10163 1.91858
-4.03487 -1.08191 1.93733
-4.04582 -1.05438 1.94913
-4.0569 -1.02636 1.94744
-4.06635 -1.00182 1.93831
-4.07695 -0.974071 1.93589
-4.08604 -0.949189 1.92081
-4.09928 -0.911937 1.91231
-4.10946 -0.882759 1.90643
-4.12049 -0.851279 1.9078
-4.13558 -0.809074 1.91428
-4.15084 -0.764203 1.89869
-4.15972 -0.741019 1.9364
-4.16845 -0.716287 1.91018
-4.17342 -0.699954 1.86614
-4.17828 -0.682179 1.83789
-4.18845 -0.645816 1.84338
-4.19572 -0.622387 1.87164
-4.19962 -0.610345 1.88412
-4.20302 -0.599545 1.87597
-4.20415 -0.595906 1.87151
-4.20539 -0.591512 1.8449
-4.20786 -0.582033 1.8265
-4.21053 -0.572459 1.84245
-4.21322 -0.562447 1.83278
-4.21429 -0.558185 1.81882
-4.21453 -0.55726 1.81551
-4.21764 -0.545281 1.82538
-4.22119 -0.531323 1.81956
-4.22307 -0.524697 1.8481
-4.2243 -0.520371 1.84662
-4.22896 -0.504706 1.86024
-4.2303 -0.501069 1.92361
-4.23814 -0.480523 1.93537
-4.23887 -0.478582 1.92886
-4.24389 -0.466522 1.96488
-4.25323 -0.445009 1.98065
-4.25775 -0.435487 2.01394
-4.26268 -0.424977 2.00953
-4.27042 -0.408055 1.99972
-4.27337 -0.401193 1.97685
-4.28078 -0.382583 1.94972
-4.28301 -0.37686 1.94153
-4.2854 -0.370549 1.93383
-4.2865 -0.36739 1.9055
-4.29165 -0.354005 1.93773
-4.29137 -0.354589 2.01045
-4.29568 -0.345459 2.01141
-4.29901 -0.338899 2.04048
-4.30369 -0.330296 2.06954
-4.30901 -0.320306 2.05987
-4.31575 -0.307952 2.07045
-4.32055 -0.299201 2.07182
-4.32407 -0.292967 2.08595
-4.32935 -0.28376 2.09145
-4.33504 -0.272741 2.04751
-4.33747 -0.267784 2.02576
-4.3391 -0.264659 2.05284
-4.33912 -0.264627 2.03852
-4.34172 -0.259078 2.00905
-4.34634 -0.249622 2.02505
True
0.160785
