-5.47956 -1.4112 0.0505556
-5.42973 -1.41327 -0.0413236
-5.38949 -1.41141 0.0459575
-5.33969 -1.40716 0.0852511
-5.30599 -1.40574 0.0421459
-5.26516 -1.40601 -0.00657171
-5.21976 -1.40741 -0.0310162
-5.17118 -1.40869 -0.0261881
-5.12449 -1.4077 0.0211351
-5.08246 -1.40575 0.046389
-5.03706 -1.40397 0.0390462
-4.99008 -1.4031 0.0186135
-4.9409 -1.40076 0.0476002
-4.89122 -1.39962 0.0228097
-4.8418 -1.39978 -0.00313655
-4.79297 -1.40133 -0.031731
-4.74375 -1.40235 -0.0207874
-4.69425 -1.40309 -0.0149982
-4.64656 -1.40584 -0.0575145
-4.60833 -1.40703 -0.0312104
-4.56906 -1.40856 -0.0388255
-4.51927 -1.4094 -0.0168441
-4.47034 -1.41133 -0.0393735
-4.42042 -1.41174 -0.00821303
-4.37076 -1.41039 0.0270423
-4.32141 -1.40897 0.0289027
-4.27774 -1.40802 0.0217394
-4.22811 -1.40389 0.0828793
-4.18598 -1.40083 0.0725528
-4.1391 -1.39674 0.0870035
-4.09464 -1.39448 0.0509167
-4.05437 -1.39218 0.0570932
-4.00452 -1.38833 0.0770101
-3.96067 -1.3849 0.0780924
-3.91079 -1.38228 0.0523458
-3.86408 -1.38042 0.0399232
-3.82047 -1.37762 0.0640263
-3.77051 -1.37555 0.041493
-3.7303 -1.37332 0.0553404
-3.68055 -1.36889 0.0889227
-3.635 -1.36477 0.0901438
-3.59878 -1.36167 0.0852658
-3.54934 -1.35577 0.118804
-3.4998 -1.35042 0.107628
-3.45061 -1.3445 0.119704
-3.40429 -1.33934 0.110948
-3.35502 -1.33104 0.167004
-3.30908 -1.32402 0.151452
-3.26118 -1.3166 0.153763
-3.22449 -1.31067 0.160353
-3.1757 -1.30232 0.169368
-3.13052 -1.29376 0.18731
-3.0812 -1.28572 0.161505
-3.03184 -1.27947 0.126014
-2.9826 -1.27402 0.110346
-2.93299 -1.26829 0.114961
-2.89103 -1.26214 0.145474
-2.84197 -1.25557 0.133149
-2.79811 -1.24951 0.137323
-2.75417 -1.24416 0.121151
-2.70771 -1.24141 0.0590887
-2.6578 -1.24033 0.0215452
-2.61176 -1.24052 -0.00395124
-2.56522 -1.23886 0.0356028
-2.51529 -1.23687 0.0399
-2.46586 -1.23272 0.0836612
-2.42493 -1.22733 0.131009
-2.38733 -1.22241 0.130044
-2.34102 -1.21571 0.143769
-2.293 -1.21081 0.101511
-2.24501 -1.2062 0.0959042
-2.20104 -1.20231 0.0880691
-2.15144 -1.20031 0.0403523
-2.10157 -1.19861 0.0342156
-2.05226 -1.19528 0.0674084
-2.01014 -1.193 0.054013
-1.96668 -1.19141 0.0365853
-1.91701 -1.1906 0.0162241
-1.86707 -1.18896 0.0328258
-1.81714 -1.18677 0.0438628
-1.76757 -1.18536 0.0284986
-1.729 -1.18583 -0.0121879
-1.6847 -1.18394 0.0425395
-1.63694 -1.18337 0.0119247
-1.58935 -1.18139 0.041643
-1.54078 -1.18121 0.00372309
-1.49133 -1.17966 0.0313527
-1.44632 -1.17895 0.0157477
-1.39882 -1.17689 0.0433096
-1.35058 -1.17493 0.0406203
-1.30132 -1.17349 0.0291888
-1.25184 -1.17201 0.0299675
-1.21111 -1.17047 0.0378316
-1.16193 -1.16811 0.0478903
-1.12218 -1.16683 0.0321324
-1.08336 -1.16584 0.0255764
-1.03341 -1.16781 -0.0394364
-0.983785 -1.16681 0.0201375
-0.934396 -1.16603 0.0158947
-0.884451 -1.16655 -0.0105698
-0.83516 -1.16851 -0.0395642
-0.785174 -1.16792 0.0117053
-0.748096 -1.16944 -0.0409151
-0.702633 -1.17211 -0.0586897
-0.652884 -1.17656 -0.0892322
-0.604872 -1.18055 -0.0829494
-0.55492 -1.1815 -0.0189545
-0.504977 -1.18385 -0.0469619
-0.46246 -1.18395 -0.00236376
-0.412554 -1.18362 0.00648533
-0.368786 -1.18273 0.0204822
-0.327898 -1.18053 0.0535697
-0.285024 -1.17798 0.0593812
-0.24685 -1.17687 0.0291498
-0.201832 -1.17491 0.0434793
-0.151947 -1.17224 0.0534692
-0.109827 -1.17005 0.0520474
-0.0607192 -1.16759 0.0499553
-0.0108095 -1.1656 0.0399068
0.0261158 -1.16437 0.033257
0.0717058 -1.16166 0.0594541
0.121278 -1.15719 0.089973
0.165072 -1.15431 0.0656211
0.209193 -1.15109 0.0728537
0.259147 -1.14906 0.0405698
0.305134 -1.1487 0.00790032
0.353085 -1.15041 -0.0357981
0.402943 -1.15394 -0.0705259
0.450273 -1.15487 -0.019637
0.499298 -1.15746 -0.0528382
0.549104 -1.15895 -0.0298865
0.598267 -1.16194 -0.0608745
0.648183 -1.16311 -0.0233138
0.695881 -1.16217 0.0197268
0.735156 -1.16206 0.00277629
0.784953 -1.16433 -0.0455049
0.834597 -1.16714 -0.056632
0.880234 -1.16918 -0.0445861
0.92468 -1.16918 -8.77567e-05
0.969809 -1.16926 -0.00172557
1.00784 -1.17025 -0.0259928
1.05749 -1.17023 0.000433303
1.09816 -1.16875 0.036353
1.14303 -1.16675 0.0445563
1.19186 -1.16585 0.0184129
1.23678 -1.16557 0.00627689
1.27767 -1.16564 -0.0018698
1.3276 -1.16598 -0.0067054
1.37735 -1.16825 -0.0456482
1.42448 -1.16866 -0.00868415
1.474 -1.1702 -0.0311102
1.51508 -1.17201 -0.0439927
1.56502 -1.17334 -0.0267645
1.61478 -1.17636 -0.0605032
1.66443 -1.18106 -0.0943437
1.70815 -1.18703 -0.135787
1.7562 -1.19264 -0.116323
1.79541 -1.19671 -0.103224
1.84456 -1.20319 -0.131132
1.89207 -1.20887 -0.119104
1.94067 -1.21462 -0.117602
1.9888 -1.22052 -0.122088
2.03832 -1.22742 -0.138427
2.08698 -1.23556 -0.165713
2.13067 -1.23912 -0.0813344
2.17937 -1.24233 -0.0657689
2.22686 -1.24496 -0.0553042
2.27575 -1.24701 -0.0419132
2.31807 -1.24872 -0.0405208
2.34481 -1.25017 -0.0542033
2.38429 -1.25411 -0.0993934
2.43174 -1.25683 -0.0571862
2.47995 -1.25872 -0.0391951
2.52063 -1.25943 -0.0174176
2.56841 -1.26008 -0.0135828
2.61559 -1.26261 -0.0537142
2.66554 -1.26462 -0.0400876
2.71138 -1.26497 -0.00775625
2.76134 -1.26538 -0.00813554
2.80252 -1.26505 0.00802549
2.85223 -1.26508 -0.000608961
2.90084 -1.26464 0.00899973
2.94534 -1.26333 0.0293494
2.99406 -1.26177 0.0322081
3.02399 -1.26171 0.00184611
3.07344 -1.25902 0.0542579
3.11658 -1.25582 0.074157
3.16552 -1.25172 0.0835229
3.21461 -1.24558 0.124456
3.26422 -1.24143 0.0834629
3.30952 -1.23715 0.0942976
3.35718 -1.2324 0.0991775
3.39296 -1.23014 0.0631291
3.43884 -1.22431 0.12639
3.48252 -1.21939 0.112114
3.52249 -1.21635 0.0760519
3.56807 -1.21329 0.0669468
3.60796 -1.21076 0.063417
3.63463 -1.20934 0.0530895
3.68102 -1.2049 0.0954386
3.70898 -1.20495 -0.00178684
3.74249 -1.20558 -0.0188235
3.77875 -1.20596 -0.010515
3.81731 -1.20686 -0.0232644
3.85395 -1.20684 0.000543604
3.89546 -1.20622 0.0148796
3.94451 -1.20644 -0.0045241
3.9701 -1.20587 0.0224428
4.00272 -1.20456 0.0401954
4.02402 -1.20421 0.0164577
4.03045 -1.20398 0.0354522
4.05656 -1.20378 0.00779853
4.08153 -1.20318 0.0238061
4.09187 -1.20266 0.050425
4.11579 -1.20199 0.0279117
4.12886 -1.2014 0.0451378
4.14488 -1.20035 0.0655128
4.16077 -1.19962 0.0461794
4.17512 -1.1992 0.0289597
4.20425 -1.19846 0.0253719
4.21364 -1.19775 0.0758881
4.22699 -1.19668 0.0799301
4.24332 -1.19558 0.067369
4.24475 -1.19543 0.0989926
4.24922 -1.19498 0.100358
4.26767 -1.19386 0.0610057
4.29386 -1.19294 0.035027
4.30721 -1.19204 0.0671067
4.3267 -1.19143 0.0315709
4.34768 -1.19189 -0.0220936
4.3611 -1.19194 -0.0035423
4.38284 -1.1923 -0.0166034
4.40728 -1.19269 -0.015892
4.41981 -1.19239 0.0233775
4.44676 -1.19132 0.0398115
4.48094 -1.19103 0.00840784
4.51136 -1.19164 -0.0200374
4.5309 -1.19231 -0.0341742
4.56439 -1.19292 -0.0180561
4.59786 -1.19352 -0.0181776
4.62412 -1.19326 0.0100723
4.64046 -1.19298 0.0173464
4.66402 -1.19403 -0.044879
4.69416 -1.19434 -0.0100713
4.73585 -1.19589 -0.0372486
4.78063 -1.19689 -0.022385
4.81837 -1.19877 -0.0496285
4.85519 -1.19978 -0.0274135
4.87465 -1.20034 -0.0289197
4.902 -1.20078 -0.0162479
4.93132 -1.20086 -0.00266946
4.95046 -1.19939 0.0768021
4.97992 -1.19659 0.0947749
5.00083 -1.19351 0.146246
5.01651 -1.19101 0.158188
5.03299 -1.18854 0.148591
5.04357 -1.18762 0.0864812
5.06307 -1.18622 0.071766
5.06738 -1.18594 0.0653283
5.09369 -1.18338 0.0968897
5.11386 -1.1802 0.156372
5.1311 -1.17763 0.148008
5.14456 -1.17535 0.167585
5.15752 -1.17287 0.189453
5.16816 -1.17013 0.252418
5.17573 -1.16803 0.269776
5.18454 -1.1658 0.247785
5.20724 -1.15993 0.253189
5.20965 -1.15927 0.267599
5.22215 -1.15661 0.209447
5.22938 -1.15531 0.178896
5.23208 -1.1548 0.184217
5.24076 -1.15315 0.187638
5.25625 -1.15072 0.155977
True
0.0663287
