-5.46773 -0.221698 -0.145495
-5.42198 -0.227643 -0.129203
-5.3747 -0.234435 -0.142667
-5.33188 -0.24046 -0.13979
-5.28383 -0.245777 -0.110222
-5.24037 -0.248775 -0.068868
-5.19089 -0.254425 -0.113705
-5.14612 -0.258457 -0.0898206
-5.09969 -0.263619 -0.110711
-5.05 -0.268639 -0.100683
-5.00971 -0.273673 -0.124284
-4.95998 -0.278876 -0.104248
-4.91354 -0.283992 -0.10974
-4.86801 -0.287891 -0.0854305
-4.82085 -0.293975 -0.128285
-4.7833 -0.299692 -0.151103
-4.73571 -0.307603 -0.164724
-4.69668 -0.315765 -0.206156
-4.65842 -0.323472 -0.198753
-4.61495 -0.330858 -0.168301
-4.57541 -0.338314 -0.186416
-4.534 -0.345136 -0.163274
-4.4879 -0.352201 -0.152065
-4.44006 -0.360009 -0.161773
-4.39065 -0.36745 -0.149471
-4.34981 -0.37494 -0.181398
-4.30888 -0.380336 -0.131071
-4.26335 -0.386909 -0.143353
-4.21417 -0.392868 -0.120597
-4.16833 -0.399897 -0.152154
-4.11999 -0.40495 -0.104159
-4.07294 -0.411058 -0.129105
-4.02621 -0.416738 -0.12093
-3.99054 -0.421342 -0.128391
-3.94139 -0.425789 -0.0902144
-3.90526 -0.429856 -0.112108
-3.85539 -0.432187 -0.0467103
-3.81152 -0.433172 -0.0224478
-3.76186 -0.438722 -0.111301
-3.71241 -0.442592 -0.0780963
-3.66796 -0.445278 -0.0603718
-3.61954 -0.448679 -0.0701143
-3.56997 -0.45182 -0.0632723
-3.53302 -0.453736 -0.0518107
-3.49239 -0.455763 -0.0498664
-3.44629 -0.458639 -0.062289
-3.39664 -0.463762 -0.102815
-3.35113 -0.468472 -0.10313
-3.31559 -0.472012 -0.0992625
-3.26587 -0.477142 -0.102828
-3.21643 -0.481476 -0.0874419
-3.16734 -0.48607 -0.0933098
-3.11844 -0.4918 -0.116634
-3.0701 -0.498275 -0.133168
-3.02048 -0.504025 -0.115356
-2.97525 -0.511092 -0.154991
-2.92823 -0.518381 -0.153785
-2.87867 -0.523849 -0.109906
-2.8307 -0.530536 -0.138495
-2.78169 -0.53595 -0.11004
-2.73613 -0.541835 -0.128457
-2.69277 -0.54945 -0.173814
-2.65165 -0.556774 -0.176269
-2.60239 -0.565338 -0.172167
-2.55668 -0.572407 -0.153428
-2.51835 -0.575977 -0.0928757
-2.46881 -0.580646 -0.093957
-2.42714 -0.58576 -0.122132
-2.38855 -0.58923 -0.0896471
-2.33916 -0.595102 -0.118344
-2.29707 -0.600276 -0.122307
-2.25046 -0.60653 -0.133399
-2.20245 -0.611093 -0.0947452
-2.15337 -0.62057 -0.190739
-2.10402 -0.628561 -0.160569
-2.05841 -0.638737 -0.219476
-2.02435 -0.645201 -0.18759
-1.97549 -0.654274 -0.183574
-1.92691 -0.665344 -0.224051
-1.88093 -0.67381 -0.182093
-1.83221 -0.685002 -0.225774
-1.78404 -0.697433 -0.252591
-1.73739 -0.709319 -0.249485
-1.68901 -0.721927 -0.254904
-1.64097 -0.733006 -0.226652
-1.59432 -0.742899 -0.209
-1.54652 -0.754846 -0.244903
-1.49853 -0.767147 -0.250907
-1.45135 -0.777624 -0.218558
-1.40581 -0.787495 -0.213434
-1.36234 -0.796394 -0.201935
-1.3141 -0.80545 -0.185562
-1.26835 -0.813949 -0.183682
-1.21947 -0.821447 -0.152189
-1.1703 -0.829493 -0.162196
-1.12168 -0.839127 -0.195646
-1.07259 -0.84825 -0.183751
-1.02563 -0.857253 -0.189392
-0.981791 -0.863956 -0.151736
-0.93321 -0.872981 -0.183682
-0.886242 -0.881305 -0.175394
-0.836849 -0.889041 -0.15537
-0.792969 -0.895096 -0.137123
-0.745555 -0.900452 -0.112491
-0.706122 -0.905453 -0.126133
-0.660034 -0.909885 -0.0958777
-0.611563 -0.918109 -0.168054
-0.563533 -0.923122 -0.104012
-0.522612 -0.928239 -0.124388
-0.47639 -0.933841 -0.120621
-0.431603 -0.939173 -0.11849
-0.39085 -0.945678 -0.15828
-0.349625 -0.951144 -0.131827
-0.301429 -0.958478 -0.151007
-0.258379 -0.965663 -0.165381
-0.209206 -0.97432 -0.174252
-0.16675 -0.980649 -0.147992
-0.117418 -0.987519 -0.138361
-0.0705576 -0.994349 -0.144734
-0.0264081 -1.00109 -0.151494
0.0224164 -1.00831 -0.146863
0.0668851 -1.01477 -0.144154
0.107578 -1.02184 -0.172083
0.152617 -1.03121 -0.205108
0.190259 -1.03807 -0.180371
0.234379 -1.04715 -0.202941
0.282682 -1.05856 -0.231973
0.324153 -1.06682 -0.196529
0.368596 -1.07651 -0.214641
0.412622 -1.08634 -0.219791
0.459945 -1.09611 -0.203496
0.5073 -1.10578 -0.201453
0.5503 -1.11414 -0.191951
0.59825 -1.12276 -0.177931
0.647555 -1.13032 -0.152192
0.696696 -1.13937 -0.182186
0.744182 -1.14903 -0.200675
0.791065 -1.15935 -0.216645
0.839917 -1.16976 -0.209941
0.888733 -1.17728 -0.152736
0.937993 -1.18536 -0.162665
0.986639 -1.19159 -0.127444
1.03482 -1.19959 -0.164545
1.08396 -1.20564 -0.122517
1.13249 -1.21418 -0.174028
1.18162 -1.22345 -0.186503
1.227 -1.23254 -0.197674
1.27442 -1.24312 -0.219641
1.32021 -1.25189 -0.189217
1.3441 -1.25553 -0.151074
1.39265 -1.26303 -0.153201
1.44212 -1.26855 -0.111198
1.49179 -1.27414 -0.112157
1.5411 -1.27867 -0.0914988
1.58757 -1.28474 -0.130002
1.63649 -1.29118 -0.130779
1.68115 -1.29782 -0.147687
1.72087 -1.3051 -0.181155
1.75971 -1.31408 -0.227279
1.79778 -1.32142 -0.190536
1.8458 -1.331 -0.196868
1.88593 -1.3392 -0.201547
1.9279 -1.34701 -0.18397
1.97237 -1.35575 -0.194187
2.01481 -1.36234 -0.153992
2.06203 -1.36913 -0.142802
2.10703 -1.37579 -0.147004
2.14844 -1.38337 -0.180874
2.18886 -1.39204 -0.211328
2.23767 -1.40044 -0.170524
2.28663 -1.4074 -0.141069
2.3327 -1.41415 -0.145543
2.37989 -1.42323 -0.19014
2.42679 -1.42932 -0.129009
2.47577 -1.43623 -0.140297
2.52156 -1.44156 -0.115773
2.55185 -1.44437 -0.0925642
2.59944 -1.44606 -0.0353998
2.64802 -1.44999 -0.0807051
2.68718 -1.4526 -0.066628
2.71958 -1.45431 -0.0526329
2.76953 -1.45664 -0.0467056
2.81805 -1.4605 -0.079459
2.86792 -1.46395 -0.0689574
2.91509 -1.46961 -0.11949
2.94613 -1.47428 -0.149368
2.98488 -1.48006 -0.148037
3.02958 -1.48726 -0.159781
3.07564 -1.49424 -0.150227
3.12505 -1.50019 -0.119987
3.17321 -1.50673 -0.134843
3.21734 -1.51415 -0.166644
3.26629 -1.5218 -0.155
3.30988 -1.52616 -0.0997717
3.33649 -1.52936 -0.119473
3.36488 -1.53397 -0.161032
3.4091 -1.54164 -0.171707
3.44343 -1.54986 -0.235196
3.48506 -1.55667 -0.162063
3.5337 -1.56399 -0.149425
3.57256 -1.56923 -0.134016
3.61018 -1.5741 -0.128822
3.65535 -1.57936 -0.115897
3.70009 -1.58508 -0.127138
3.72454 -1.58835 -0.132954
3.75921 -1.59239 -0.116038
3.79629 -1.59635 -0.106341
3.83337 -1.59941 -0.0822967
3.85337 -1.60056 -0.0576006
3.88103 -1.6027 -0.0769651
3.91004 -1.60337 -0.023206
3.9441 -1.60358 -0.00629439
3.96361 -1.60432 -0.0374639
3.98934 -1.60518 -0.0337115
4.01295 -1.60654 -0.0573377
4.04922 -1.60963 -0.0850674
4.07662 -1.613 -0.122289
4.10465 -1.61747 -0.158224
4.12953 -1.62191 -0.176387
4.17281 -1.62888 -0.159723
4.21346 -1.63453 -0.138091
4.25627 -1.63994 -0.125714
4.30495 -1.6473 -0.15007
4.35361 -1.65451 -0.147178
4.39994 -1.66162 -0.152263
4.44277 -1.66863 -0.162239
4.48305 -1.67591 -0.178858
4.50141 -1.67933 -0.184025
4.5228 -1.68307 -0.173224
4.53958 -1.68584 -0.163378
4.56789 -1.68974 -0.136799
4.57891 -1.69114 -0.126098
4.60195 -1.69322 -0.0903109
4.62616 -1.69585 -0.107969
4.66035 -1.70093 -0.147615
4.69226 -1.70637 -0.168898
4.70643 -1.70864 -0.158536
4.71253 -1.70928 -0.105456
4.72101 -1.70996 -0.0802987
4.73701 -1.71118 -0.0760047
4.75219 -1.71253 -0.0884109
4.78296 -1.71693 -0.141929
4.80852 -1.71953 -0.101658
4.8271 -1.72117 -0.0879131
4.85514 -1.72294 -0.0628884
4.88189 -1.72443 -0.0556912
4.90437 -1.72456 -0.0058675
4.92104 -1.72484 -0.0169444
4.93033 -1.7249 -0.00596049
4.94889 -1.72484 0.00299072
4.96528 -1.72433 0.0313113
4.98042 -1.72352 0.0533247
4.9914 -1.72328 0.0214907
5.00536 -1.72291 0.0266971
5.01954 -1.72217 0.0520923
5.02172 -1.72208 0.0440674
5.02878 -1.72197 0.0155234
5.02937 -1.72197 -0.00243961
5.02738 -1.72194 -0.0140657
5.04128 -1.72255 -0.0435454
5.05163 -1.72274 -0.018823
5.05783 -1.72275 -0.00171661
5.07182 -1.72287 -0.00846581
5.08782 -1.72322 -0.0221344
5.09888 -1.72317 0.00524863
5.10809 -1.72321 -0.00486199
5.11622 -1.72363 -0.0515061
5.12777 -1.72473 -0.094692
5.14111 -1.72687 -0.159091
5.14993 -1.72845 -0.177473
5.15551 -1.72925 -0.143007
5.16823 -1.73099 -0.135728
5.17952 -1.73215 -0.102485
5.18632 -1.7328 -0.0952584
5.20167 -1.73372 -0.059724
5.21026 -1.73378 -0.00691579
5.21837 -1.73364 0.0175465
5.22352 -1.73326 0.0721713
5.24499 -1.73148 0.0829709
True
0.0660128
