4.49067 -0.00347895 -2.78465
4.46406 -0.0143788 -2.75282
4.43016 -0.0301954 -2.70505
4.38826 -0.0524374 -2.6536
4.35413 -0.0736185 -2.58618
4.33553 -0.0882132 -2.47619
4.30319 -0.11431 -2.46259
4.2737 -0.141597 -2.39508
4.24356 -0.170221 -2.38196
4.21036 -0.201098 -2.39237
4.19034 -0.224846 -2.27145
4.17176 -0.246068 -2.28966
4.15077 -0.270085 -2.28926
4.12487 -0.304162 -2.22053
4.10049 -0.340521 -2.16147
4.07527 -0.382459 -2.11234
4.05377 -0.41515 -2.15241
4.03732 -0.445366 -2.06935
4.01604 -0.488115 -2.03275
3.99785 -0.525274 -2.02599
3.98928 -0.542094 -2.04191
3.97874 -0.564521 -2.01008
3.95614 -0.608468 -2.0459
3.94377 -0.633811 -2.02483
3.92132 -0.678141 -2.03949
3.89942 -0.72308 -2.02435
3.88023 -0.766966 -1.98291
3.8621 -0.809874 -1.97068
3.841 -0.854982 -2.00826
3.82616 -0.893618 -1.9375
3.8081 -0.940217 -1.94056
3.7912 -0.987271 -1.91573
3.77272 -1.03373 -1.94932
3.75773 -1.07451 -1.92309
3.75354 -1.08536 -1.93895
3.73623 -1.13007 -1.94026
3.72059 -1.17747 -1.88953
3.70783 -1.21365 -1.90969
3.69521 -1.24436 -1.96075
3.67835 -1.28652 -1.9512
3.66145 -1.32347 -1.99984
3.64954 -1.3499 -1.99423
3.62985 -1.39396 -1.99093
3.61195 -1.43313 -1.99953
3.59837 -1.4635 -1.99136
3.58397 -1.49751 -1.97125
3.57076 -1.53188 -1.93776
3.55565 -1.57229 -1.92849
3.54495 -1.59778 -1.96854
3.52797 -1.64084 -1.94634
3.51457 -1.67613 -1.93371
3.49584 -1.72045 -1.97058
3.47546 -1.76597 -1.99176
3.45825 -1.80377 -1.99801
3.44528 -1.82947 -2.03827
3.42219 -1.87352 -2.05356
3.40349 -1.91445 -1.99931
3.38236 -1.95444 -2.05689
3.36125 -1.99604 -2.04038
3.3424 -2.0338 -2.03382
3.31827 -2.07685 -2.08178
3.29742 -2.11634 -2.05657
3.27628 -2.1528 -2.09621
3.2544 -2.19117 -2.08903
3.23427 -2.22311 -2.13328
3.22456 -2.23688 -2.18496
3.19672 -2.27491 -2.20275
3.16786 -2.31116 -2.24315
3.13673 -2.35029 -2.24272
3.10598 -2.38881 -2.24449
3.07409 -2.42687 -2.26819
3.05378 -2.45085 -2.27347
3.02899 -2.48117 -2.25638
3.00678 -2.50714 -2.27825
2.98674 -2.53258 -2.23794
2.9572 -2.57206 -2.21324
2.93673 -2.60206 -2.16938
2.90927 -2.64317 -2.15967
2.88223 -2.6796 -2.20948
2.85283 -2.71814 -2.22232
2.82695 -2.7517 -2.2278
2.79869 -2.78402 -2.28925
2.77336 -2.81068 -2.33063
2.7438 -2.84098 -2.3439
2.71148 -2.86994 -2.41083
2.67498 -2.9041 -2.38934
2.63844 -2.93824 -2.39025
2.60595 -2.97011 -2.36582
2.57012 -3.00293 -2.39992
2.53266 -3.03578 -2.42169
2.49679 -3.06991 -2.38094
2.4731 -3.09088 -2.41725
2.43412 -3.12208 -2.46663
2.39533 -3.15034 -2.51188
2.35772 -3.17562 -2.5498
2.31773 -3.20215 -2.55574
2.28264 -3.22462 -2.57225
2.23904 -3.24898 -2.63192
2.19611 -3.27458 -2.60394
2.15555 -3.29701 -2.63638
2.12155 -3.31679 -2.61477
2.08435 -3.33737 -2.63633
2.04091 -3.36212 -2.62363
1.99865 -3.38795 -2.59297
1.95381 -3.41006 -2.6835
1.91228 -3.4324 -2.64806
1.86818 -3.45596 -2.65104
1.82593 -3.48269 -2.57744
1.78595 -3.50661 -2.60233
1.75335 -3.52418 -2.64722
1.70919 -3.54762 -2.6538
1.66468 -3.5704 -2.66852
1.62134 -3.59421 -2.63915
1.57705 -3.61685 -2.66899
1.53603 -3.63756 -2.67412
1.49445 -3.6578 -2.68857
1.45949 -3.67465 -2.69264
1.41458 -3.69631 -2.69199
1.37185 -3.71621 -2.70586
1.32922 -3.73575 -2.71191
1.28412 -3.75732 -2.69526
1.25931 -3.76949 -2.68576
1.22378 -3.78503 -2.72938
1.19094 -3.79724 -2.78538
1.1535 -3.80853 -2.84879
1.11238 -3.82127 -2.84119
1.06438 -3.8352 -2.85919
1.03116 -3.84595 -2.82868
0.986849 -3.85853 -2.86483
0.942291 -3.86878 -2.91545
0.896051 -3.88035 -2.89655
0.85206 -3.89105 -2.90292
0.803477 -3.90175 -2.92482
0.75729 -3.91251 -2.91271
0.711456 -3.92211 -2.93511
0.662006 -3.92901 -3.00291
0.619136 -3.93526 -2.99686
0.57342 -3.94196 -2.99612
0.52869 -3.94948 -2.97499
0.479604 -3.958 -2.96974
0.430417 -3.96539 -2.99255
0.383087 -3.97275 -2.98737
0.333831 -3.97832 -3.02883
0.284119 -3.98337 -3.0404
0.234297 -3.98674 -3.07407
0.186253 -3.98864 -3.10199
0.138814 -3.98944 -3.12473
0.0889606 -3.99079 -3.11458
0.0390761 -3.99148 -3.12787
-0.00938664 -3.99379 -3.09397
-0.058596 -3.99514 -3.11413
-0.108284 -3.99548 -3.13469
-0.158256 -3.99712 -3.10883
-0.207789 -3.99614 -3.1613
-0.257772 -3.99633 3.14536
-0.304569 -3.99549 -3.15961
-0.353776 -3.99369 3.10511
-0.402393 -3.99056 3.07738
-0.448244 -3.98657 3.05472
-0.497576 -3.97843 2.97812
-0.547001 -3.97142 3.00069
-0.591572 -3.96598 3.02013
-0.641042 -3.95891 2.99956
-0.689803 -3.94802 2.92182
-0.738691 -3.93806 2.94064
-0.787103 -3.92943 2.96519
-0.833979 -3.92179 2.98015
-0.872748 -3.91408 2.94532
-0.921026 -3.90534 2.9624
-0.966698 -3.89628 2.94586
-1.00915 -3.8887 2.96485
-1.05775 -3.87977 2.95992
-1.10439 -3.87062 2.94771
-1.15355 -3.86153 2.95883
-1.19009 -3.85361 2.9282
-1.23701 -3.84192 2.89727
-1.28207 -3.83231 2.93148
-1.32727 -3.82053 2.88681
-1.37582 -3.80862 2.90105
-1.424 -3.79526 2.8711
-1.46498 -3.78456 2.88602
-1.5121 -3.77161 2.87337
-1.56002 -3.75788 2.86258
-1.60644 -3.74377 2.84644
-1.65114 -3.72903 2.82311
-1.69761 -3.71387 2.82632
-1.73821 -3.69891 2.78843
-1.78402 -3.68144 2.77736
-1.8271 -3.66554 2.78803
-1.86035 -3.65303 2.78173
-1.89747 -3.63957 2.79372
-1.944 -3.62213 2.78292
-1.98473 -3.60715 2.78931
-2.02317 -3.59259 2.77939
-2.06398 -3.57654 2.76698
-2.11056 -3.55865 2.77483
-2.15368 -3.54128 2.75871
-2.19879 -3.52081 2.71556
-2.24239 -3.50282 2.75034
-2.2814 -3.4838 2.68791
-2.32555 -3.4613 2.67023
-2.35535 -3.4463 2.67527
-2.39671 -3.42447 2.65593
-2.43005 -3.40861 2.69757
-2.4694 -3.39047 2.70969
-2.5142 -3.36917 2.69782
-2.55096 -3.35232 2.71181
-2.59274 -3.33051 2.66042
-2.63677 -3.3078 2.6653
-2.66842 -3.2911 2.65624
-2.70934 -3.26788 2.6255
-2.74882 -3.24424 2.60199
-2.7881 -3.22274 2.64065
-2.81795 -3.20659 2.64577
-2.85448 -3.18597 2.62779
-2.88089 -3.17149 2.64013
-2.91107 -3.15588 2.664
-2.94428 -3.13807 2.6494
-2.96951 -3.12449 2.6479
-3.0023 -3.10679 2.64659
-3.04414 -3.08574 2.67548
-3.067 -3.0743 2.67769
-3.097 -3.05933 2.67869
-3.13533 -3.03887 2.6514
-3.16239 -3.02327 2.61835
-3.19728 -3.0033 2.6218
-3.22662 -2.98777 2.65483
-3.26187 -2.96981 2.67034
-3.29537 -2.95405 2.70185
-3.32021 -2.94084 2.65272
-3.34059 -2.92943 2.63148
-3.35668 -2.92032 2.62628
-3.38065 -2.9075 2.65051
-3.39256 -2.9005 2.60991
-3.40256 -2.89542 2.67145
-3.43548 -2.881 2.72896
-3.46926 -2.86807 2.77585
-3.50517 -2.85382 2.7639
-3.53849 -2.83923 2.72882
-3.56769 -2.82379 2.65524
-3.60074 -2.80565 2.63964
-3.63626 -2.78554 2.62648
-3.66263 -2.77034 2.61851
-3.68304 -2.75831 2.60912
-3.71471 -2.74021 2.62233
-3.72911 -2.73163 2.60469
-3.74312 -2.72373 2.62797
-3.76414 -2.7124 2.64717
-3.796 -2.69587 2.66293
-3.81295 -2.68775 2.69495
-3.83323 -2.67895 2.73207
-3.85627 -2.66852 2.71649
-3.87448 -2.66012 2.70961
-3.88458 -2.65557 2.71867
-3.89517 -2.6511 2.7422
-3.90598 -2.64635 2.72682
-3.92505 -2.63815 2.73557
-3.94637 -2.63014 2.78234
-3.95584 -2.62615 2.74315
-3.96817 -2.62103 2.74804
-3.97655 -2.61694 2.68687
-3.98922 -2.61021 2.65341
-3.99586 -2.60678 2.66512
-4.00938 -2.59985 2.66744
-4.02577 -2.59104 2.64899
-4.03282 -2.58744 2.66852
-4.03407 -2.5868 2.66681
-4.0427 -2.58216 2.64839
-4.05069 -2.57769 2.63187
-4.05599 -2.57468 2.62438
-4.06485 -2.56969 2.62907
-4.06863 -2.56759 2.63479
-4.0714 -2.56606 2.63706
-4.07774 -2.56224 2.59894
-4.08788 -2.55612 2.59859
-4.09306 -2.5532 2.62744
-4.09509 -2.55203 2.62046
-4.10629 -2.54587 2.63879
-4.12223 -2.53651 2.6105
-4.12231 -2.53647 2.65213
-4.12848 -2.53304 2.63528
-4.13527 -2.52935 2.64379
-4.13537 -2.5293 2.64755
-4.14048 -2.52661 2.65666
-4.14744 -2.5228 2.64195
-4.15802 -2.51763 2.68662
-4.16431 -2.5148 2.71932
-4.17391 -2.51071 2.73895
-4.17783 -2.50908 2.74577
-4.17591 -2.50987 2.75089
-4.19152 -2.50294 2.72385
-4.20204 -2.499 2.78331
-4.21147 -2.49503 2.74329
True
0.184057
