4.4617 -0.0127098 -2.8212
4.42868 -0.0263716 -2.74923
4.39287 -0.0456666 -2.64743
4.34967 -0.070205 -2.625
4.31292 -0.0963191 -2.52383
4.2727 -0.125854 -2.50819
4.24177 -0.151488 -2.44948
4.20814 -0.184319 -2.36831
4.17907 -0.216117 -2.3113
4.14926 -0.256256 -2.20962
4.12262 -0.2935 -2.1918
4.10077 -0.32671 -2.15267
4.07452 -0.367363 -2.14413
4.05209 -0.405161 -2.10638
4.03728 -0.432128 -2.07289
4.01549 -0.47685 -2.02421
3.99725 -0.515603 -2.01068
3.9775 -0.561218 -1.9795
3.95846 -0.606075 -1.97225
3.94184 -0.646293 -1.96264
3.92639 -0.68623 -1.93976
3.91301 -0.719984 -1.94828
3.8944 -0.764658 -1.96561
3.88235 -0.794301 -1.95665
3.87093 -0.823877 -1.93948
3.85421 -0.86487 -1.95796
3.83405 -0.910622 -1.98596
3.81424 -0.956056 -1.98196
3.79474 -1.00191 -1.97287
3.77626 -1.04754 -1.95545
3.763 -1.08454 -1.915
3.74794 -1.12616 -1.9181
3.73757 -1.15749 -1.89032
3.7235 -1.19727 -1.91069
3.70571 -1.244 -1.9347
3.6889 -1.29109 -1.91351
3.67067 -1.33471 -1.9668
3.66224 -1.35917 -1.90274
3.64588 -1.40559 -1.90958
3.63315 -1.43969 -1.92802
3.61887 -1.4857 -1.87181
3.60448 -1.52352 -1.93441
3.58615 -1.56841 -1.95836
3.56894 -1.60951 -1.96733
3.55091 -1.6479 -2.00995
3.53132 -1.69132 -1.99463
3.51621 -1.72489 -1.99379
3.49391 -1.76964 -2.03299
3.47343 -1.813 -2.01223
3.45441 -1.85272 -2.01727
3.43315 -1.89794 -2.01029
3.41216 -1.94006 -2.03324
3.39315 -1.9788 -2.02692
3.37391 -2.01926 -2.01467
3.35324 -2.06241 -2.01745
3.33153 -2.10281 -2.06385
3.30513 -2.14527 -2.12718
3.28283 -2.17822 -2.16566
3.25547 -2.21825 -2.17049
3.23682 -2.24615 -2.15975
3.20962 -2.28725 -2.1554
3.18554 -2.31921 -2.21667
3.15311 -2.35717 -2.27787
3.12317 -2.39721 -2.21271
3.09821 -2.42808 -2.25077
3.06731 -2.46706 -2.24113
3.03445 -2.50474 -2.28793
3.00484 -2.54488 -2.20631
2.98141 -2.57416 -2.24579
2.95177 -2.61114 -2.24646
2.92008 -2.64682 -2.29687
2.88935 -2.68371 -2.26545
2.85648 -2.72001 -2.30667
2.82987 -2.75009 -2.29503
2.80383 -2.77855 -2.31192
2.7733 -2.81108 -2.32452
2.73846 -2.84648 -2.34828
2.70841 -2.87784 -2.33476
2.67664 -2.90964 -2.35566
2.64977 -2.93576 -2.37044
2.616 -2.97024 -2.34575
2.58608 -2.99779 -2.39744
2.55278 -3.0295 -2.38052
2.51637 -3.06376 -2.38673
2.48237 -3.09522 -2.39497
2.44558 -3.12904 -2.39829
2.40915 -3.16314 -2.38918
2.37221 -3.19643 -2.40807
2.33778 -3.22757 -2.40635
2.29825 -3.25817 -2.48277
2.26338 -3.28253 -2.53196
2.23178 -3.30272 -2.57287
2.1898 -3.32809 -2.59813
2.14941 -3.35395 -2.57199
2.11887 -3.37375 -2.56651
2.08607 -3.39775 -2.50976
2.05041 -3.42236 -2.53763
2.00868 -3.44986 -2.55896
1.96878 -3.47442 -2.58967
1.9382 -3.49453 -2.5598
1.90628 -3.51518 -2.56756
1.87153 -3.54079 -2.50629
1.83067 -3.56961 -2.52742
1.78903 -3.59511 -2.59209
1.75576 -3.6161 -2.57877
1.73107 -3.63088 -2.60207
1.68745 -3.65521 -2.63291
1.66317 -3.66674 -2.69824
1.61865 -3.68659 -2.7222
1.57252 -3.70544 -2.75363
1.52655 -3.72502 -2.73894
1.48594 -3.74293 -2.72619
1.44441 -3.75954 -2.76123
1.40636 -3.77408 -2.77657
1.36231 -3.79038 -2.78705
1.3184 -3.80847 -2.75094
1.27611 -3.82462 -2.77664
1.23428 -3.84091 -2.77024
1.18763 -3.8555 -2.83853
1.14052 -3.87029 -2.83733
1.09661 -3.88394 -2.84029
1.05806 -3.89709 -2.81272
1.0161 -3.91175 -2.80567
0.97836 -3.9213 -2.89368
0.92981 -3.93245 -2.91591
0.881345 -3.9432 -2.92315
0.837953 -3.95256 -2.92914
0.789169 -3.9603 -2.98434
0.740859 -3.96753 -2.99298
0.692499 -3.97581 -2.97212
0.646644 -3.98188 -3.00982
0.602266 -3.98748 -3.01607
0.552647 -3.99358 -3.01932
0.512407 -3.99876 -3.01369
0.470316 -4.00329 -3.03424
0.421635 -4.00637 -3.07852
0.375145 -4.00955 -3.07328
0.334903 -4.01336 -3.04724
0.28937 -4.01512 -3.10294
0.239425 -4.01745 -3.09487
0.189567 -4.01854 -3.11978
0.139977 -4.02247 -3.06256
0.0991025 -4.02435 -3.09551
0.0571962 -4.02587 -3.10534
0.0195716 -4.02635 -3.12891
-0.0302339 -4.0264 -3.14052
-0.0802131 -4.02524 -3.1649
-0.12202 -4.02388 3.10909
-0.16616 -4.02167 3.09163
-0.215554 -4.01797 3.06688
-0.259532 -4.01379 3.04673
-0.302299 -4.01121 3.08123
-0.350883 -4.008 3.07575
-0.393559 -4.0042 3.05276
-0.4406 -4.00055 3.06406
-0.488725 -3.9933 2.99207
-0.532192 -3.98484 2.94946
-0.580698 -3.97653 2.97198
-0.62964 -3.96636 2.93659
-0.678777 -3.95768 2.96685
-0.726777 -3.94818 2.94607
-0.77026 -3.94151 2.98956
-0.817375 -3.9346 2.99588
-0.857666 -3.92875 2.99735
-0.902145 -3.92156 2.98136
-0.95099 -3.9133 2.97405
-0.989035 -3.90394 2.9005
-1.02739 -3.89521 2.91773
-1.07115 -3.88538 2.92069
-1.1194 -3.87248 2.88027
-1.16197 -3.86245 2.91027
-1.21059 -3.8508 2.90641
-1.25837 -3.83666 2.8538
-1.30598 -3.82398 2.88132
-1.34966 -3.81092 2.8511
-1.39698 -3.79477 2.81272
-1.43932 -3.7804 2.81428
-1.48243 -3.76656 2.831
-1.51689 -3.75425 2.79838
-1.56408 -3.73785 2.80726
-1.60685 -3.72298 2.80689
-1.64051 -3.71259 2.84235
-1.68624 -3.69942 2.86114
-1.73311 -3.68477 2.83869
-1.77472 -3.67119 2.82614
-1.81697 -3.65555 2.78707
-1.86376 -3.63907 2.8029
-1.91051 -3.62195 2.79041
-1.94288 -3.60893 2.75935
-1.98445 -3.59365 2.78926
-2.02516 -3.57732 2.76021
-2.07207 -3.56001 2.78806
-2.11841 -3.54138 2.75934
-2.15895 -3.52577 2.77408
-2.20206 -3.50793 2.74916
-2.24691 -3.48586 2.68435
-2.28275 -3.46933 2.70948
-2.32766 -3.45005 2.73598
-2.36869 -3.43187 2.72449
-2.39903 -3.41773 2.70545
-2.4422 -3.39872 2.72677
-2.4828 -3.37962 2.70193
-2.52341 -3.35851 2.66234
-2.5553 -3.3426 2.67866
-2.59474 -3.32325 2.68552
-2.63681 -3.3007 2.6495
-2.67913 -3.27961 2.67934
-2.72291 -3.25672 2.65989
-2.75611 -3.23761 2.61917
-2.77706 -3.22498 2.59912
-2.81224 -3.2045 2.6144
-2.83494 -3.19159 2.62456
-2.85247 -3.18127 2.60948
-2.89088 -3.15636 2.56619
-2.91289 -3.14178 2.55692
-2.92585 -3.13232 2.51063
-2.95147 -3.11296 2.49462
-2.98083 -3.09139 2.50784
-3.0217 -3.06494 2.56729
-3.05338 -3.0422 2.5189
-3.05488 -3.04123 2.5671
-3.07222 -3.02987 2.56163
-3.10165 -3.01085 2.56783
-3.12846 -2.99492 2.60547
-3.15106 -2.98131 2.59959
-3.17988 -2.96303 2.57641
-3.20536 -2.94682 2.57498
-3.22426 -2.93464 2.56902
-3.24703 -2.91891 2.53718
-3.27606 -2.89687 2.49214
-3.2965 -2.88236 2.52449
-3.30365 -2.87757 2.55081
-3.33198 -2.85671 2.50671
-3.35645 -2.83721 2.46888
-3.37107 -2.82581 2.47955
-3.37048 -2.82624 2.51635
-3.39535 -2.80773 2.50175
-3.40834 -2.79805 2.50119
-3.42557 -2.78496 2.49219
-3.43946 -2.77605 2.57105
-3.46075 -2.76372 2.61645
-3.49907 -2.74295 2.64499
-3.53893 -2.7224 2.66554
-3.57138 -2.70531 2.65697
-3.60409 -2.68825 2.66067
-3.63777 -2.67308 2.7184
-3.67075 -2.65912 2.74117
-3.70208 -2.64706 2.77417
-3.7282 -2.63813 2.81239
-3.74249 -2.63408 2.86518
-3.7551 -2.6311 2.90942
-3.77255 -2.62606 2.86046
-3.79079 -2.61998 2.81973
-3.79939 -2.61718 2.82727
-3.8121 -2.61259 2.79515
-3.82903 -2.60638 2.79008
-3.82874 -2.6065 2.76589
-3.8384 -2.60271 2.76804
-3.84739 -2.59888 2.73912
-3.85421 -2.59591 2.72986
-3.86951 -2.58895 2.71462
-3.89054 -2.57992 2.73618
-3.91148 -2.57149 2.75877
-3.9452 -2.55896 2.78578
-3.96526 -2.55125 2.77498
-3.97946 -2.54555 2.75977
-4.00327 -2.53485 2.71916
-4.02449 -2.52526 2.717
-4.0426 -2.51678 2.70381
-4.05117 -2.51234 2.66389
-4.06406 -2.50547 2.6519
-4.07063 -2.50174 2.62462
-4.08596 -2.49355 2.65119
-4.11272 -2.47894 2.64182
-4.12144 -2.47413 2.63771
-4.12601 -2.47158 2.63253
-4.13725 -2.46492 2.60655
-4.1502 -2.45687 2.58524
-4.15481 -2.45374 2.54599
-4.16526 -2.44737 2.59426
-4.17049 -2.44421 2.59795
-4.17975 -2.43827 2.57134
-4.18537 -2.43456 2.55728
-4.1883 -2.43266 2.5686
-4.18736 -2.43324 2.59854
-4.19173 -2.43086 2.64369
-4.20066 -2.4263 2.66986
-4.20938 -2.42178 2.66296
-4.21067 -2.42111 2.66308
-4.21969 -2.41652 2.67047
True
0.189759
