4.49554 0.00216543 2.68976
4.47522 0.0137501 2.62335
4.43317 0.0407895 2.57011
4.39226 0.0691522 2.53539
4.36248 0.0931204 2.46398
4.33138 0.120068 2.42752
4.29939 0.149272 2.40178
4.26377 0.182021 2.39809
4.24044 0.204488 2.37514
4.21284 0.235106 2.30445
4.18676 0.261992 2.34092
4.1587 0.292211 2.31919
4.13227 0.325971 2.23501
4.10789 0.361069 2.17784
4.08572 0.399842 2.09031
4.06591 0.439371 2.03527
4.04451 0.484523 2.01332
4.02379 0.529947 1.99876
4.01716 0.544119 2.0089
4.00338 0.575119 1.98889
3.98316 0.620756 1.98786
3.96015 0.664599 2.0541
3.95161 0.682908 2.00756
3.93365 0.721459 2.00676
3.92454 0.743524 1.96207
3.91611 0.762179 1.99521
3.90972 0.777985 1.95517
3.89183 0.823256 1.94719
3.8882 0.833043 1.92571
3.88178 0.852286 1.89284
3.86805 0.892908 1.89669
3.85176 0.938739 1.91237
3.83423 0.985563 1.92892
3.82059 1.02143 1.9343
3.8078 1.05624 1.92298
3.79056 1.10317 1.92279
3.77392 1.14675 1.93547
3.76224 1.17746 1.93441
3.74494 1.22189 1.94201
3.7247 1.26751 1.98848
3.7089 1.30548 1.96504
3.68785 1.34885 2.02265
3.66385 1.39233 2.0751
3.64102 1.43327 2.07964
3.62048 1.46684 2.11984
3.6045 1.49408 2.1012
3.5834 1.53098 2.09038
3.56265 1.56938 2.06619
3.53875 1.6112 2.08991
3.51314 1.65415 2.10858
3.49226 1.6898 2.10058
3.46579 1.73218 2.12904
3.4425 1.76945 2.1294
3.41725 1.81261 2.10011
3.39347 1.85114 2.12375
3.36666 1.89334 2.13673
3.34181 1.93091 2.15523
3.31583 1.97363 2.11717
3.28705 2.01363 2.19436
3.26505 2.04525 2.17873
3.23642 2.08384 2.20905
3.20592 2.12338 2.228
3.1761 2.16349 2.20997
3.15219 2.19545 2.21324
3.12413 2.23514 2.18621
3.09724 2.27729 2.1385
3.06764 2.31754 2.2049
3.03984 2.35291 2.23705
3.02034 2.38105 2.17667
2.99312 2.41836 2.201
2.96266 2.45458 2.27004
2.93152 2.48923 2.30294
2.90329 2.52119 2.29449
2.87622 2.5558 2.23446
2.84291 2.5931 2.29969
2.82522 2.61351 2.28523
2.80295 2.63905 2.28764
2.77795 2.66642 2.31107
2.74443 2.7032 2.30974
2.71222 2.73602 2.34682
2.67616 2.76985 2.38828
2.6528 2.79124 2.40017
2.62388 2.8153 2.44746
2.58738 2.8465 2.43446
2.55512 2.87565 2.4067
2.51946 2.90634 2.43108
2.48338 2.93518 2.46718
2.44318 2.96437 2.51343
2.40172 2.99189 2.55566
2.36121 3.01962 2.54138
2.32315 3.04609 2.53391
2.28125 3.07325 2.56655
2.23938 3.10057 2.56336
2.20679 3.12198 2.56031
2.1724 3.14489 2.55392
2.13184 3.17412 2.51709
2.09057 3.20193 2.54874
2.05274 3.22687 2.55881
2.01449 3.2516 2.56762
1.9807 3.27364 2.56363
1.93883 3.30093 2.56391
1.90277 3.32468 2.55919
1.86049 3.3513 2.57962
1.8188 3.3749 2.62648
1.77533 3.39959 2.62517
1.73137 3.42336 2.64594
1.68843 3.44759 2.62785
1.64603 3.47145 2.62904
1.60216 3.49279 2.68883
1.56133 3.51138 2.71418
1.51927 3.53004 2.72405
1.47994 3.54741 2.72565
1.45988 3.55465 2.79544
1.42521 3.56946 2.73779
1.378 3.58567 2.81096
1.33079 3.60078 2.83182
1.29131 3.61322 2.83639
1.24884 3.62625 2.84383
1.20402 3.64034 2.8369
1.1596 3.65544 2.81401
1.11264 3.67068 2.82776
1.06471 3.68476 2.85581
1.01731 3.70065 2.81827
0.969242 3.71436 2.8637
0.920982 3.72715 2.88263
0.875301 3.73667 2.93598
0.827709 3.74769 2.91408
0.783128 3.75724 2.93065
0.734399 3.76475 2.98857
0.685472 3.77152 3.00412
0.644437 3.77643 3.02259
0.595104 3.78064 3.05638
0.552109 3.78216 3.10633
0.505369 3.78425 3.09681
0.463771 3.78537 3.11485
0.413913 3.78573 3.13429
0.364013 3.78889 3.07843
0.314583 3.79539 3.01085
0.269052 3.79948 3.05183
0.223237 3.80352 3.05368
0.175145 3.80805 3.0478
0.125692 3.81297 3.04227
0.0871603 3.81679 3.04274
0.0374472 3.82 3.07728
-0.0113365 3.82572 3.0248
-0.0607705 3.83263 3.00272
-0.104759 3.83795 3.02129
-0.154332 3.84426 3.01489
-0.199689 3.8487 3.04401
-0.248258 3.85233 3.06705
-0.295977 3.85659 3.05254
-0.343665 3.86073 3.05493
-0.382444 3.86474 3.03858
-0.42812 3.86909 3.04663
-0.468575 3.87031 3.11164
-0.51839 3.8708 3.1317
-0.565928 3.86995 3.15947
-0.61516 3.86829 -3.10789
-0.663215 3.86522 -3.07781
-0.69822 3.8639 -3.10381
-0.7456 3.86418 -3.14768
-0.795433 3.86542 3.11682
-0.845327 3.86775 3.09487
-0.895159 3.86964 3.10373
-0.944684 3.87568 3.02024
-0.984959 3.87998 3.03529
-1.03373 3.88443 3.05058
-1.07184 3.88992 2.99853
-1.11755 3.89564 3.01706
-1.16726 3.9003 3.04815
-1.21665 3.90697 3.00728
-1.26524 3.91132 3.05232
-1.31475 3.918 3.00758
-1.36178 3.92455 3.00302
-1.40868 3.92908 3.04539
-1.45676 3.93389 3.04186
-1.50637 3.93931 3.03282
-1.55621 3.94336 3.06053
-1.60583 3.94948 3.01884
-1.6497 3.95542 3.00701
-1.69811 3.96195 3.00752
-1.74018 3.96563 3.05435
-1.78193 3.96897 3.06182
-1.82549 3.97399 3.02673
-1.86542 3.97792 3.04346
-1.91361 3.9824 3.04888
-1.95913 3.98332 3.1214
-2.00904 3.9852 3.10404
-2.05542 3.98785 3.08459
-2.08463 3.99098 3.03465
-2.12564 3.99453 3.05531
-2.1709 3.99662 3.09534
-2.21938 3.99892 3.09429
-2.26536 4.00075 3.10179
-2.31002 4.00109 3.13396
-2.35817 4.00348 3.09202
-2.40554 4.00736 3.05981
-2.45481 4.00888 3.11082
-2.5008 4.00955 3.12695
-2.54209 4.01064 3.11519
-2.58133 4.01263 3.09104
-2.62484 4.01375 3.11586
-2.66567 4.01474 3.11742
-2.70434 4.01402 3.16004
-2.75258 4.0134 -3.12866
-2.78355 4.01431 -3.17119
-2.82307 4.01535 3.11546
-2.8383 4.01548 3.13296
-2.87628 4.01697 3.10248
-2.9137 4.01673 3.14792
-2.94884 4.01603 -3.12165
-2.98326 4.01514 -3.11574
-3.00764 4.01411 -3.09962
-3.00991 4.01405 -3.11411
-3.02088 4.01424 -3.15852
-3.03625 4.01467 3.11322
-3.04645 4.01476 3.13268
-3.0579 4.01485 3.13445
-3.07157 4.01444 3.17151
-3.09428 4.01237 -3.05086
-3.12444 4.00953 -3.04771
-3.16537 4.00738 -3.08905
-3.21355 4.00617 -3.11659
-3.25987 4.00503 -3.11685
-3.3091 4.00344 -3.10943
-3.3436 4.0013 -3.07951
-3.37336 3.99948 -3.08068
-3.41721 3.99472 -3.03344
-3.4621 3.98956 -3.02702
-3.49648 3.98455 -2.99687
-3.53597 3.97673 -2.9463
-3.56965 3.97083 -2.96797
-3.59265 3.96709 -2.98054
-3.63096 3.96248 -3.02192
-3.66812 3.95836 -3.03099
-3.70023 3.95637 -3.07973
-3.7324 3.95525 -3.10681
-3.76146 3.95408 -3.10136
-3.77222 3.95411 -3.14461
-3.78323 3.95448 3.10822
-3.80715 3.95494 3.12211
-3.81603 3.95494 3.14176
-3.83413 3.95474 -3.13033
-3.84893 3.95486 -3.14951
-3.86092 3.95506 3.12423
-3.87426 3.95566 3.09663
-3.88461 3.95626 3.08426
-3.89499 3.95666 3.10334
-3.91351 3.95778 3.08121
-3.93802 3.96038 3.03572
-3.9592 3.96275 3.03031
-3.96633 3.96334 3.05819
-3.98809 3.965 3.06542
-4.00622 3.96577 3.09925
-4.03145 3.96721 3.08464
-4.04943 3.96794 3.10112
-4.06707 3.96814 3.13
-4.07162 3.96802 3.16904
-4.08112 3.9679 -3.12955
-4.08571 3.96801 -3.16544
-4.10676 3.9679 3.14705
-4.10719 3.96788 -3.09084
-4.12488 3.96668 -3.0741
-4.13091 3.96632 -3.08103
-4.13501 3.96599 -3.06138
-4.14297 3.96541 -3.06912
-4.14876 3.96489 -3.05224
-4.16356 3.96332 -3.03618
-4.17777 3.96227 -3.06779
-4.18958 3.96078 -3.01606
-4.19501 3.96017 -3.02894
-4.20239 3.95935 -3.03176
-4.22304 3.95765 -3.05948
True
0.0680224
