-5.47194 -0.140627 0.152492
-5.42304 -0.132297 0.168746
-5.37483 -0.126934 0.110772
-5.32613 -0.121004 0.121157
-5.27692 -0.113374 0.153836
-5.22735 -0.107264 0.122649
-5.17854 -0.097173 0.203859
-5.12971 -0.0872479 0.200517
-5.08106 -0.0769515 0.208591
-5.03283 -0.0678853 0.185794
-4.985 -0.0564884 0.233937
-4.93943 -0.0454923 0.236734
-4.89373 -0.0362517 0.199539
-4.8585 -0.0274897 0.24373
-4.81218 -0.0172201 0.218211
-4.76595 -0.00724404 0.212523
-4.71697 0.00223311 0.191141
-4.66987 0.011188 0.187872
-4.62521 0.0171023 0.131673
-4.57566 0.0200915 0.0602479
-4.52622 0.0275052 0.148835
-4.4848 0.0344241 0.165516
-4.43866 0.043003 0.183846
-4.3895 0.0516342 0.173799
-4.34066 0.0617523 0.204282
-4.29744 0.0691435 0.169369
-4.24827 0.0782238 0.182631
-4.20437 0.085441 0.162916
-4.16292 0.092513 0.168993
-4.12455 0.0993885 0.177321
-4.07626 0.106127 0.138653
-4.041 0.110822 0.132357
-3.99154 0.116045 0.105207
-3.942 0.121725 0.114178
-3.89608 0.127615 0.127541
-3.8481 0.132569 0.102901
-3.79868 0.138791 0.125241
-3.75123 0.14621 0.155093
-3.7098 0.15216 0.142628
-3.6612 0.16089 0.177754
-3.61559 0.168463 0.164528
-3.5675 0.175067 0.136464
-3.51945 0.182941 0.162453
-3.48867 0.190114 0.228957
-3.44633 0.19811 0.186632
-3.40183 0.207552 0.209083
-3.35482 0.215796 0.173611
-3.30793 0.225421 0.202429
-3.26274 0.233172 0.169865
-3.21482 0.240727 0.15638
-3.16642 0.249287 0.175073
-3.11688 0.256023 0.135142
-3.06801 0.262104 0.123772
-3.02117 0.269056 0.147357
-2.97494 0.277665 0.184112
-2.93218 0.28573 0.186408
-2.89483 0.29256 0.180908
-2.84603 0.303419 0.218915
-2.79833 0.313243 0.203129
-2.75061 0.320042 0.141525
-2.70292 0.325355 0.110938
-2.65394 0.332935 0.153569
-2.61081 0.339384 0.148414
-2.56147 0.346088 0.135036
-2.51184 0.352056 0.119676
-2.46254 0.358717 0.134303
-2.4276 0.364362 0.160151
-2.37919 0.375116 0.218622
-2.32979 0.382835 0.155021
-2.286 0.390861 0.181226
-2.24122 0.399356 0.187511
-2.1932 0.408312 0.184353
-2.14422 0.417712 0.189616
-2.09775 0.426957 0.196407
-2.04877 0.434135 0.145505
-1.9999 0.439999 0.119412
-1.95163 0.447027 0.144604
-1.90814 0.451687 0.106725
-1.86089 0.457005 0.112089
-1.81275 0.464949 0.163547
-1.7683 0.472374 0.165515
-1.72479 0.478487 0.139575
-1.68055 0.484563 0.136512
-1.64006 0.492033 0.182424
-1.6024 0.49912 0.186018
-1.55862 0.508111 0.202549
-1.51464 0.516061 0.178805
-1.46601 0.52547 0.191137
-1.41853 0.531416 0.124594
-1.37026 0.540242 0.18086
-1.3212 0.547823 0.153307
-1.27209 0.556931 0.183349
-1.22334 0.567554 0.214582
-1.17493 0.579241 0.236879
-1.12615 0.589404 0.205413
-1.07744 0.598928 0.193058
-1.03128 0.605144 0.133883
-0.983511 0.613462 0.17239
-0.953351 0.619249 0.189562
-0.907688 0.632333 0.279072
-0.862797 0.645858 0.292617
-0.832198 0.657383 0.360218
-0.78622 0.674971 0.36536
-0.746553 0.689548 0.352156
-0.701871 0.706028 0.353361
-0.656991 0.724165 0.384048
-0.629795 0.734463 0.361998
-0.59811 0.747028 0.377516
-0.560953 0.761643 0.374747
-0.515814 0.779721 0.380946
-0.492924 0.789334 0.397595
-0.45428 0.806297 0.413614
-0.423969 0.818482 0.382238
-0.407707 0.824709 0.365739
-0.389247 0.832098 0.380712
-0.371176 0.83918 0.373517
-0.364586 0.842121 0.419679
-0.357549 0.84566 0.466012
-0.331226 0.859255 0.476723
-0.306651 0.872139 0.482878
-0.281612 0.88504 0.475781
-0.267982 0.892955 0.526104
-0.255664 0.900151 0.528739
-0.249301 0.903949 0.538094
-0.234377 0.912088 0.499229
-0.21659 0.921178 0.472466
-0.193232 0.932758 0.460261
-0.17478 0.940433 0.394178
-0.161827 0.946103 0.412624
-0.152034 0.951126 0.473887
-0.143302 0.954994 0.41702
-0.135079 0.958901 0.443538
-0.12874 0.962213 0.481401
-0.116188 0.968749 0.480126
-0.101526 0.975844 0.450661
-0.0815462 0.9839 0.38326
-0.0508469 0.995536 0.362308
-0.0143222 1.00914 0.356514
0.0123201 1.01749 0.303773
0.0473923 1.03022 0.348133
0.0668984 1.03729 0.347727
0.085904 1.04455 0.364789
0.0909115 1.04671 0.408166
0.0947522 1.04853 0.442094
0.103454 1.05268 0.445212
0.121309 1.06134 0.451352
0.133539 1.06814 0.507523
0.150337 1.07751 0.509084
0.183627 1.09874 0.567513
0.194591 1.10632 0.605152
0.21173 1.11756 0.580552
0.222056 1.12409 0.563941
0.233275 1.13156 0.587554
0.239337 1.13597 0.628172
0.256945 1.149 0.63725
0.266587 1.15557 0.598271
0.284153 1.16812 0.620093
0.305258 1.18432 0.654701
0.33155 1.20444 0.653113
0.352707 1.22088 0.660646
0.371682 1.23661 0.692213
0.39351 1.25401 0.672983
0.418821 1.27555 0.705073
0.432019 1.28647 0.691368
0.454067 1.30309 0.645764
0.468437 1.31307 0.607061
0.497474 1.32953 0.515755
0.525337 1.34288 0.446991
0.555873 1.3604 0.520714
0.579437 1.37553 0.570745
0.592041 1.38527 0.658053
0.606484 1.39669 0.669052
0.619184 1.40631 0.648461
0.622847 1.40899 0.630607
0.631827 1.41599 0.662112
0.634256 1.41772 0.620592
0.640255 1.42197 0.615547
0.647914 1.42759 0.633117
0.659028 1.43574 0.633083
0.670309 1.44572 0.724284
0.68916 1.4643 0.778011
0.700735 1.47661 0.816407
0.711811 1.48879 0.832857
0.719671 1.49729 0.824094
0.731582 1.51039 0.833132
0.744698 1.5256 0.859286
0.760497 1.54497 0.886487
0.765458 1.55161 0.929304
0.768908 1.55613 0.918449
0.770909 1.55895 0.953069
0.779677 1.57184 0.973502
0.796049 1.59739 1.00089
0.801555 1.6082 1.09982
0.805377 1.61702 1.16179
0.807073 1.62212 1.25022
0.8101 1.63312 1.30206
0.813376 1.6452 1.30611
0.818208 1.66376 1.31604
0.82177 1.67548 1.27574
0.823393 1.68099 1.28426
0.825257 1.6866 1.25002
0.829459 1.70065 1.2804
0.829885 1.70199 1.26101
0.832716 1.7104 1.24635
0.834402 1.71516 1.23048
0.835316 1.71817 1.27493
0.836606 1.72336 1.3272
0.837079 1.72534 1.33674
0.836239 1.72188 1.33294
0.8394 1.73265 1.28541
0.847008 1.75672 1.26471
0.848484 1.76135 1.26223
0.851768 1.77267 1.28838
0.853146 1.77758 1.2973
0.854214 1.78204 1.3357
0.855961 1.79047 1.36641
0.857151 1.79717 1.39495
0.858986 1.80964 1.42465
0.86182 1.83093 1.43845
0.86216 1.83319 1.42228
0.863568 1.84158 1.40451
0.864638 1.84719 1.38227
0.867274 1.87089 1.46001
0.868323 1.88163 1.47341
0.868156 1.87971 1.48385
0.868404 1.88505 1.52445
0.868 1.89827 1.60127
0.868291 1.90495 1.52731
0.868695 1.92319 1.54864
0.868772 1.92982 1.55928
0.868804 1.93158 1.55255
0.868623 1.94317 1.58641
0.868821 1.95121 1.54613
0.869222 1.96917 1.54849
0.869173 1.96712 1.54686
0.869419 1.97542 1.54116
0.869435 1.97767 1.56364
0.86994 1.98341 1.48317
0.872097 2.00001 1.4415
0.872173 2.00057 1.43648
0.872036 1.99929 1.46356
0.873307 2.00967 1.44882
0.874165 2.01487 1.40755
0.876051 2.02362 1.35858
0.875733 2.02223 1.34608
0.87665 2.02771 1.40483
0.877962 2.03553 1.40462
0.87891 2.04281 1.44136
0.880169 2.05541 1.47112
0.880381 2.06306 1.54311
0.879874 2.05851 1.45979
0.880768 2.06434 1.41851
0.881987 2.06878 1.30323
0.88369 2.07317 1.2002
0.883283 2.07216 1.18604
0.886469 2.08098 1.2242
0.890895 2.0915 1.17264
0.893982 2.09879 1.17035
0.893497 2.09781 1.11405
0.892677 2.09639 1.04686
0.892504 2.09611 1.01961
0.896284 2.10259 1.04289
0.902498 2.11284 1.02575
0.913789 2.12865 0.95079
0.909023 2.12139 0.989939
0.909865 2.12254 0.93486
0.913312 2.1269 0.902764
0.911733 2.12475 0.937948
0.918389 2.13554 1.01808
0.919762 2.13759 0.980604
0.920504 2.13857 0.921575
0.921044 2.13918 0.847424
0.914501 2.13059 0.919846
0.914812 2.13107 0.998523
0.916007 2.13327 1.07245
0.919258 2.13875 1.03573
0.922671 2.1443 1.01939
0.924211 2.14676 1.01114
0.926141 2.14919 0.900255
0.924316 2.14731 0.800704
0.935775 2.15716 0.710041
0.936365 2.15761 0.64879
0.941074 2.16056 0.559323
0.940881 2.16044 0.530617
0.945213 2.16265 0.471494
0.951273 2.16565 0.459164
0.959041 2.16856 0.359028
0.95018 2.16589 0.293249
0.951533 2.16612 0.170953
0.959914 2.16683 0.0836561
0.963329 2.16692 0.0264116
0.964425 2.1669 -0.0098067
0.961791 2.16689 0.00374327
0.959304 2.16676 0.0527979
0.959412 2.16677 0.018101
0.952012 2.16645 0.042792
0.954973 2.16655 0.0337435
0.959112 2.16639 -0.0375152
0.949547 2.16704 -0.0674
0.949658 2.16703 -0.0856155
0.960124 2.16584 -0.113476
0.967337 2.16531 -0.0724258
0.970795 2.16526 -0.0156726
0.967816 2.16531 -0.015564
0.983278 2.16425 -0.0682721
0.987005 2.16394 -0.0829134
0.98224 2.16486 -0.191473
0.976121 2.16678 -0.303379
0.963272 2.17185 -0.375854
0.970938 2.16833 -0.430684
0.973053 2.16711 -0.520807
0.975275 2.16542 -0.650668
0.981439 2.15932 -0.780631
0.983854 2.15633 -0.890344
0.985285 2.15405 -1.01117
0.986962 2.15085 -1.0878
0.992392 2.13842 -1.15897
0.991675 2.14044 -1.23019
0.992075 2.13868 -1.34695
0.993872 2.1251 -1.43928
0.994643 2.11197 -1.51214
0.994771 2.10886 -1.52963
0.994849 2.10367 -1.5558
0.994938 2.10022 -1.54489
0.994781 2.09167 -1.58918
0.994269 2.08436 -1.64068
0.993023 2.06543 -1.63655
0.991253 2.04754 -1.66938
0.990868 2.04278 -1.65148
0.989776 2.02837 -1.64648
0.989084 2.01682 -1.6306
0.987584 1.9997 -1.65822
0.98666 1.98645 -1.64036
0.985396 1.97789 -1.7175
0.983452 1.96663 -1.74184
0.978815 1.94094 -1.74934
0.97688 1.93031 -1.75078
0.973912 1.91635 -1.78038
0.971191 1.90405 -1.78847
0.968744 1.89419 -1.81414
0.96721 1.88795 -1.81164
0.965648 1.88081 -1.78624
0.963828 1.86986 -1.73553
0.960888 1.84628 -1.69482
0.957942 1.82103 -1.68692
0.956569 1.80997 -1.69437
0.95426 1.79824 -1.7653
0.951211 1.78363 -1.77648
0.94928 1.7729 -1.74875
0.949773 1.77496 -1.80516
0.945601 1.75857 -1.81996
0.943419 1.74693 -1.7561
0.941225 1.73424 -1.74213
0.936813 1.71443 -1.78992
0.932485 1.69731 -1.81831
0.930352 1.68902 -1.8229
0.929392 1.68543 -1.83227
0.92511 1.66798 -1.81135
0.920205 1.64764 -1.80745
0.91732 1.63636 -1.82124
0.913856 1.62279 -1.8207
0.910597 1.61237 -1.87374
0.908899 1.60694 -1.87383
0.901848 1.58423 -1.87195
0.896842 1.5705 -1.92025
0.888641 1.54594 -1.89316
0.881367 1.52543 -1.91157
0.876388 1.5117 -1.91864
0.869849 1.49564 -1.95755
0.863537 1.47922 -1.93775
0.861294 1.47294 -1.9137
0.858286 1.46336 -1.87506
0.853984 1.44993 -1.88091
0.850439 1.43709 -1.84006
0.848596 1.42785 -1.76769
0.844703 1.40593 -1.74658
0.843474 1.39732 -1.71254
0.842613 1.38137 -1.62472
0.843764 1.35044 -1.53363
0.844003 1.32935 -1.55945
0.843776 1.31918 -1.59312
0.843577 1.31109 -1.59544
0.843235 1.30404 -1.61912
0.841532 1.29049 -1.69592
0.839876 1.27654 -1.68899
0.837897 1.25577 -1.66576
0.836616 1.24853 -1.74593
0.83519 1.24252 -1.80375
0.833157 1.23109 -1.74677
0.83043 1.21498 -1.73853
0.829987 1.21232 -1.73596
0.827932 1.20155 -1.75931
0.827561 1.19914 -1.72303
0.826187 1.18986 -1.71788
0.824562 1.17709 -1.69731
0.824067 1.163 -1.60597
0.823198 1.14716 -1.62555
0.820182 1.11367 -1.66061
0.817761 1.09295 -1.68716
0.814223 1.07046 -1.72683
0.812829 1.06331 -1.76337
0.811151 1.05196 -1.71755
0.809916 1.04209 -1.69522
0.809113 1.03357 -1.66473
0.807246 1.02071 -1.71506
0.80653 1.01608 -1.72428
0.80626 1.01479 -1.77686
0.804576 1.00608 -1.76176
0.801129 0.989024 -1.77021
0.796572 0.965418 -1.76147
0.793642 0.949216 -1.74975
0.792147 0.934943 -1.67517
0.790777 0.921257 -1.6705
0.790823 0.921791 -1.65669
0.78961 0.905686 -1.64602
0.789447 0.903777 -1.65574
0.788816 0.894521 -1.63887
0.788677 0.892827 -1.65261
0.787766 0.880421 -1.64411
0.787523 0.875025 -1.61573
0.787646 0.877456 -1.62136
0.786866 0.868044 -1.65351
0.785788 0.851324 -1.63522
0.785865 0.839067 -1.56447
0.786082 0.833266 -1.5334
0.78636 0.830605 -1.46676
0.787424 0.818661 -1.48191
0.787695 0.814874 -1.49956
0.787773 0.812108 -1.54265
0.787656 0.794619 -1.57749
0.787604 0.792303 -1.59296
0.78692 0.779869 -1.62574
0.786458 0.769192 -1.61405
0.786607 0.771664 -1.63072
0.78652 0.776907 -1.55435
0.787223 0.770765 -1.45684
0.788094 0.766916 -1.34832
0.789844 0.761374 -1.2649
0.796621 0.74312 -1.21533
0.799277 0.736518 -1.18819
0.799992 0.735067 -1.11358
0.798141 0.737991 -1.00647
0.811622 0.721315 -0.890932
0.820859 0.711665 -0.807241
0.831311 0.703055 -0.689092
0.839011 0.698236 -0.559181
0.833837 0.701105 -0.506356
0.838403 0.699116 -0.411015
0.836609 0.699874 -0.399788
0.855882 0.693758 -0.307257
0.862164 0.691819 -0.299389
0.876291 0.68816 -0.25345
0.865589 0.691263 -0.282249
0.864116 0.691738 -0.311955
0.872083 0.689992 -0.215836
0.867207 0.690604 -0.124909
0.870432 0.690616 0.00360485
0.872558 0.6909 0.133017
0.867382 0.689921 0.186934
0.868176 0.690129 0.256188
0.873451 0.692231 0.379219
0.880326 0.695541 0.448649
0.890493 0.701508 0.530782
0.8994 0.70843 0.660658
0.90098 0.709986 0.777704
0.915605 0.72675 0.853396
0.924051 0.737993 0.92652
0.929975 0.746891 0.983439
0.936487 0.75799 1.04022
0.927619 0.741773 1.07041
0.929716 0.74605 1.11499
0.932139 0.752061 1.18766
0.933902 0.75819 1.29066
0.933627 0.757034 1.33762
0.93393 0.759542 1.45076
0.934943 0.766314 1.42223
0.936518 0.775303 1.39739
0.937551 0.787303 1.48492
0.937558 0.787818 1.55826
0.937455 0.801297 1.57841
0.937701 0.840464 1.56451
0.934995 0.873085 1.65357
0.932695 0.922023 1.61776
0.932676 0.964861 1.57123
0.930924 1.00344 1.61619
0.930388 1.01649 1.61185
0.928582 1.03629 1.66177
0.927756 1.04302 1.69276
0.926973 1.04818 1.72142
0.926512 1.05044 1.77173
0.926657 1.04965 1.75093
0.924319 1.06111 1.77195
0.921762 1.07672 1.73321
0.919639 1.09415 1.69202
0.914241 1.13217 1.7118
0.912473 1.14956 1.67218
0.911753 1.16917 1.6075
0.911167 1.18369 1.6111
0.910212 1.2015 1.62439
0.909513 1.21731 1.61496
0.908948 1.22576 1.63751
0.907416 1.24199 1.66497
0.906164 1.25403 1.67438
0.904318 1.27561 1.65616
0.902202 1.28967 1.72013
0.897826 1.31536 1.73948
0.896232 1.32423 1.74877
0.893786 1.33698 1.7602
0.890601 1.35212 1.77824
0.887545 1.36736 1.76868
0.884393 1.38802 1.72218
0.882277 1.40435 1.69969
0.881677 1.40987 1.67901
0.881515 1.41139 1.67684
0.880579 1.4194 1.68712
0.879436 1.42832 1.69817
0.87855 1.43578 1.68907
0.877846 1.44117 1.7006
0.87596 1.45318 1.72657
0.873761 1.4684 1.71431
0.869861 1.49839 1.70009
0.867799 1.52083 1.66245
0.867336 1.5259 1.66181
0.866108 1.53695 1.68157
0.865418 1.5454 1.65214
0.863631 1.55949 1.69697
0.86301 1.57369 1.61452
0.862662 1.57911 1.63476
0.86207 1.60095 1.59791
0.861875 1.60574 1.61143
0.861324 1.61931 1.6114
0.861226 1.63142 1.57891
0.863129 1.66603 1.51587
0.866007 1.69864 1.48276
0.86714 1.71748 1.51075
0.867858 1.731 1.51771
0.870664 1.7548 1.45343
0.873171 1.77133 1.4203
0.873934 1.77527 1.37933
0.876979 1.79199 1.39071
0.8763 1.78748 1.42122
0.877488 1.79614 1.4343
0.880319 1.80962 1.36384
0.881026 1.81267 1.3433
0.885732 1.831 1.31948
0.886452 1.83413 1.34486
0.886307 1.8336 1.30383
0.886586 1.83468 1.31626
0.8911 1.85417 1.34327
0.895206 1.87122 1.33443
0.89575 1.87354 1.34089
0.898188 1.88168 1.27976
0.901116 1.89154 1.28195
0.906658 1.90821 1.24988
0.909371 1.91466 1.17299
0.906477 1.90945 1.06423
0.917161 1.92469 0.959502
0.928971 1.93849 0.862735
0.934825 1.94386 0.742645
0.946306 1.95201 0.617115
0.950897 1.95493 0.567491
0.958424 1.95847 0.439176
0.965291 1.96113 0.369222
0.962613 1.96031 0.297429
0.958185 1.95903 0.281323
0.967363 1.96092 0.203374
0.960683 1.95975 0.173574
0.955374 1.95895 0.148821
0.959904 1.95996 0.217981
0.95977 1.95992 0.252139
0.959625 1.95989 0.238789
0.953617 1.95856 0.217545
0.946818 1.95786 0.102186
0.943492 1.95768 0.0533828
0.947287 1.95767 -0.00279865
0.949372 1.9576 -0.0360097
0.961185 1.95615 -0.122237
0.945149 1.96009 -0.241313
0.947025 1.9594 -0.351755
0.938095 1.9635 -0.430204
0.932893 1.96636 -0.502092
0.931008 1.96753 -0.555682
0.93062 1.9678 -0.605417
0.936853 1.96271 -0.68431
0.940647 1.95932 -0.730025
0.949767 1.95009 -0.791
0.953863 1.94512 -0.882101
0.956433 1.94171 -0.924214
0.9549 1.94367 -0.905905
0.954714 1.94388 -0.855398
0.942117 1.95906 -0.878182
0.940985 1.96079 -0.98957
0.942824 1.95709 -1.10922
0.943875 1.95484 -1.13345
0.952566 1.933 -1.19207
0.952019 1.93485 -1.28278
0.952173 1.93427 -1.30979
0.950644 1.94073 -1.33824
0.95309 1.92671 -1.39805
0.957479 1.90256 -1.39102
0.956689 1.90686 -1.38927
0.957045 1.90493 -1.38825
0.95896 1.89081 -1.43603
0.960319 1.87795 -1.46546
0.96071 1.87245 -1.49993
0.961469 1.84722 -1.54072
0.961752 1.84157 -1.52088
0.962072 1.8299 -1.54328
0.962069 1.82955 -1.57972
0.962008 1.82593 -1.58775
0.961069 1.80759 -1.62197
0.960391 1.79715 -1.6356
0.959602 1.78497 -1.63548
0.959484 1.78371 -1.66476
0.958269 1.7719 -1.67319
0.955373 1.75504 -1.741
0.951997 1.73772 -1.76333
0.950447 1.72861 -1.73919
0.950111 1.72563 -1.68324
0.947265 1.70635 -1.71732
0.945041 1.69482 -1.7613
0.944556 1.69223 -1.75641
0.941624 1.67581 -1.74749
0.939 1.66398 -1.789
0.937509 1.65599 -1.75542
0.934982 1.63559 -1.69398
0.9345 1.63253 -1.72758
0.934295 1.63118 -1.72126
0.934128 1.63006 -1.71796
0.932876 1.62063 -1.70287
0.93189 1.61328 -1.70407
0.931112 1.60627 -1.6814
0.930784 1.60381 -1.7035
0.928855 1.59314 -1.74963
0.924808 1.5702 -1.74539
0.919081 1.54214 -1.77212
0.915035 1.52265 -1.77552
0.913139 1.51232 -1.75236
0.911574 1.50471 -1.77354
0.910322 1.49773 -1.74817
0.909441 1.49077 -1.6966
0.909095 1.48717 -1.66692
0.909033 1.48641 -1.65219
0.908235 1.47868 -1.67361
0.908124 1.47729 -1.65031
0.90786 1.4742 -1.65617
0.906264 1.46276 -1.70938
0.904961 1.45483 -1.73354
0.904412 1.45092 -1.71034
0.902793 1.43157 -1.65427
0.902372 1.42339 -1.62226
0.902147 1.41353 -1.59361
0.901209 1.39783 -1.63049
0.900018 1.38291 -1.65044
0.898851 1.37377 -1.69776
0.897128 1.35967 -1.69244
0.896764 1.3555 -1.65785
0.895856 1.34204 -1.63817
0.895638 1.33668 -1.61137
0.895402 1.32039 -1.58527
0.89505 1.30171 -1.58963
0.894841 1.29567 -1.60551
0.894601 1.28127 -1.58745
0.894778 1.27132 -1.55303
0.89536 1.26379 -1.49356
0.896022 1.25435 -1.50083
0.897329 1.23826 -1.48977
0.897775 1.23395 -1.46746
0.897784 1.2339 -1.39608
0.898166 1.23246 -1.31217
0.898875 1.23067 -1.19367
0.90518 1.21718 -1.13338
0.903536 1.22081 -1.14529
0.910037 1.20528 -1.17448
0.913037 1.19557 -1.271
0.91398 1.1922 -1.29759
0.916302 1.18184 -1.35035
0.918399 1.17141 -1.37243
0.919969 1.16419 -1.35676
0.91979 1.16499 -1.35197
0.921058 1.15787 -1.39471
0.92379 1.14275 -1.39196
0.925551 1.13448 -1.36112
0.925917 1.13187 -1.43131
0.927791 1.11658 -1.44889
0.929141 1.10105 -1.48403
0.93087 1.08356 -1.4723
0.930858 1.08379 -1.52012
0.930815 1.07546 -1.57603
0.930901 1.064 -1.56324
0.9309 1.06478 -1.56934
0.93097 1.05388 -1.56434
0.931033 1.04611 -1.56272
0.930799 1.03433 -1.59067
0.930079 1.01974 -1.62007
0.929591 1.01363 -1.6506
0.929357 1.01174 -1.69399
0.928747 1.00638 -1.68394
0.928487 0.995981 -1.59585
0.928227 0.99086 -1.62142
0.928049 0.984801 -1.60021
0.927423 0.972962 -1.62365
0.926489 0.955045 -1.62285
0.926111 0.946561 -1.61536
0.926223 0.949161 -1.61413
0.9264 0.939727 -1.55207
0.926425 0.938123 -1.55556
0.926609 0.926442 -1.555
0.926754 0.909488 -1.56223
0.926956 0.900128 -1.54922
0.927193 0.896159 -1.51133
0.927932 0.883933 -1.51037
0.928245 0.879543 -1.49971
0.928307 0.876711 -1.54895
0.928359 0.874914 -1.54166
0.928365 0.873534 -1.56624
0.928385 0.867552 -1.56751
0.928544 0.856238 -1.55671
0.929066 0.841558 -1.5353
0.929262 0.832461 -1.54923
0.929828 0.821224 -1.52043
0.929795 0.822354 -1.54134
0.929387 0.806036 -1.59581
0.929341 0.804789 -1.60791
0.928684 0.797113 -1.65615
0.928076 0.78136 -1.60939
0.927677 0.767697 -1.59995
0.927709 0.757358 -1.56774
0.928457 0.764062 -1.68194
0.927667 0.759562 -1.74462
0.925433 0.747284 -1.75082
0.921188 0.723388 -1.74657
0.918152 0.703472 -1.72211
0.913457 0.65393 -1.66526
0.913267 0.604129 -1.57462
0.918538 0.55562 -1.46256
0.928894 0.510185 -1.34668
0.9445 0.46722 -1.22239
0.967177 0.422665 -1.1
0.993173 0.380583 -1.01743
1.02222 0.341368 -0.933224
1.0546 0.303724 -0.860456
1.08697 0.273944 -0.743689
1.12096 0.246735 -0.675135
1.15064 0.227731 -0.569466
1.18904 0.207401 -0.486966
1.22418 0.192137 -0.4098
1.2694 0.174643 -0.369122
1.31639 0.161383 -0.275035
1.36248 0.148954 -0.263372
1.39738 0.140589 -0.235261
1.44658 0.131816 -0.176456
1.49558 0.125758 -0.123012
1.54499 0.123244 -0.050849
1.5931 0.124519 0.0264914
1.64046 0.125358 0.0177164
1.682 0.127755 0.0576379
1.73166 0.131554 0.0763426
1.76828 0.137449 0.159645
1.81571 0.147386 0.206497
1.86405 0.157822 0.212649
1.90688 0.166992 0.210872
1.95231 0.176317 0.202484
1.99483 0.186826 0.242264
2.03998 0.200121 0.28637
2.08653 0.214697 0.303503
2.13339 0.230056 0.316713
2.17661 0.24543 0.341724
2.22238 0.263279 0.371883
2.26268 0.279122 0.374576
2.30705 0.295367 0.350968
2.3513 0.312785 0.374986
2.39354 0.330051 0.388004
2.43511 0.34723 0.391882
2.48047 0.368113 0.431459
2.52516 0.390112 0.457442
2.56993 0.412343 0.460852
2.61423 0.433413 0.444029
2.64815 0.449235 0.436414
2.67941 0.465166 0.471326
2.72311 0.489455 0.507309
2.76772 0.511629 0.461312
2.8003 0.526632 0.431481
2.84609 0.54554 0.39165
2.88849 0.560731 0.344
2.93282 0.580458 0.418675
2.97645 0.599053 0.402895
3.01528 0.616213 0.416062
3.06074 0.636891 0.4269
3.10106 0.654968 0.421492
3.14608 0.675477 0.427484
3.19085 0.697734 0.461352
3.23302 0.719399 0.474592
3.27342 0.74089 0.488886
3.31473 0.76329 0.496859
3.3596 0.785335 0.456641
3.39975 0.807974 0.513447
3.44208 0.83429 0.556244
3.48336 0.860698 0.56909
3.51707 0.883545 0.595699
3.5547 0.909068 0.595892
3.58663 0.931558 0.613649
3.62325 0.955711 0.583166
3.66082 0.97967 0.567671
3.69566 1.00252 0.580461
3.73135 1.02743 0.609288
3.76153 1.04758 0.588652
3.7948 1.06892 0.570365
3.82657 1.09008 0.587568
3.86212 1.11105 0.532951
3.89847 1.13211 0.525159
3.93208 1.15045 0.49945
3.95887 1.16421 0.474413
4.00051 1.18439 0.451239
4.0284 1.19783 0.449227
4.06335 1.2162 0.483865
4.08977 1.23139 0.521854
4.10355 1.23969 0.541863
4.11004 1.24337 0.517288
4.11678 1.24731 0.527949
4.13504 1.25786 0.523879
4.15789 1.26873 0.444172
4.16312 1.27152 0.489108
4.1802 1.28197 0.549349
4.20682 1.29977 0.589431
4.23365 1.31792 0.594761
4.25144 1.32954 0.578599
4.27483 1.34506 0.58581
4.29635 1.35888 0.570895
4.31512 1.37084 0.567058
4.35084 1.39249 0.544909
4.39188 1.41571 0.514898
4.41827 1.43145 0.537804
4.44303 1.44531 0.510233
4.47774 1.46572 0.531708
4.501 1.47835 0.497303
4.52579 1.4918 0.497219
4.54694 1.50211 0.453647
4.57993 1.51781 0.444214
4.60375 1.52868 0.427978
4.6205 1.53636 0.430044
4.63449 1.5428 0.43147
4.66249 1.55625 0.44781
4.68588 1.56884 0.493868
4.71532 1.58396 0.474482
4.73297 1.59301 0.473374
4.75351 1.60265 0.439017
4.77657 1.61338 0.435251
4.8045 1.62734 0.46347
4.82048 1.63517 0.456235
4.84038 1.64569 0.486324
4.86011 1.65502 0.441373
4.88369 1.66603 0.436825
4.89764 1.67216 0.413897
4.90825 1.67688 0.419064
4.92169 1.68309 0.432629
4.929 1.68657 0.444524
4.93749 1.69059 0.442651
4.95276 1.69788 0.444823
4.96138 1.70204 0.449943
4.96616 1.70443 0.464438
4.98461 1.71365 0.463362
4.99101 1.71654 0.424605
5.00165 1.72103 0.399193
5.0029 1.72157 0.409232
5.01376 1.72716 0.475377
5.03045 1.73621 0.496542
5.05163 1.74812 0.512558
5.07088 1.76008 0.555907
5.08535 1.76993 0.597384
5.09681 1.77824 0.627423
5.11483 1.79238 0.665584
5.13267 1.80709 0.689342
5.13761 1.81153 0.73129
5.15037 1.82401 0.774781
5.15656 1.83012 0.778298
5.17059 1.84336 0.756367
5.17719 1.84934 0.736319
5.19146 1.86217 0.732309
5.20401 1.874 0.756146
5.2129 1.88283 0.78141
True
0.042015
