-5.46199 -1.7772 0.193325
-5.41336 -1.76563 0.233675
-5.36684 -1.75439 0.237051
-5.31792 -1.74603 0.169286
-5.26942 -1.73726 0.17886
-5.23478 -1.72959 0.217906
-5.1861 -1.71823 0.229201
-5.14057 -1.71035 0.171411
-5.10048 -1.70422 0.151641
-5.05671 -1.69918 0.114799
-5.01778 -1.69519 0.102118
-4.96879 -1.68887 0.128213
-4.92105 -1.68179 0.147264
-4.87868 -1.67656 0.122926
-4.83671 -1.6725 0.0964132
-4.78972 -1.66843 0.0863373
-4.74281 -1.66271 0.121333
-4.69349 -1.65568 0.141499
-4.65751 -1.65079 0.135264
-4.60935 -1.64461 0.127498
-4.56076 -1.63628 0.16988
-4.51759 -1.6286 0.176058
-4.47246 -1.6211 0.164682
-4.42977 -1.61442 0.155191
-4.38076 -1.60766 0.137041
-4.33647 -1.60136 0.141273
-4.29434 -1.59406 0.171702
-4.24501 -1.58729 0.136363
-4.21135 -1.58311 0.123416
-4.17333 -1.57795 0.135003
-4.13876 -1.57428 0.105721
-4.08929 -1.57128 0.0606286
-4.0456 -1.56902 0.0515019
-3.99616 -1.56482 0.0847275
-3.954 -1.56249 0.0554056
-3.90503 -1.55954 0.0601472
-3.85508 -1.55787 0.0332827
-3.80579 -1.55637 0.0305185
-3.7596 -1.55369 0.0580161
-3.72206 -1.55039 0.0875935
-3.67649 -1.54607 0.0945058
-3.62968 -1.54316 0.0621436
-3.57988 -1.53886 0.086042
-3.53113 -1.5334 0.111585
-3.48257 -1.52873 0.0958107
-3.43283 -1.52372 0.100391
-3.40046 -1.51879 0.151315
-3.3582 -1.51118 0.178118
-3.3094 -1.50156 0.194687
-3.26075 -1.49396 0.154926
-3.21174 -1.48653 0.150496
-3.16275 -1.47708 0.190552
-3.12045 -1.47326 0.0898839
-3.08128 -1.47023 0.0773832
-3.03323 -1.46679 0.0714509
-2.98362 -1.46061 0.123853
-2.93509 -1.45672 0.0800276
-2.88974 -1.45217 0.100014
-2.84072 -1.44618 0.121574
-2.79085 -1.44312 0.0612981
-2.74174 -1.44019 0.0595204
-2.70652 -1.43865 0.0437259
-2.66747 -1.43633 0.0594228
-2.61824 -1.43539 0.0190207
-2.5702 -1.43468 0.0148706
-2.52234 -1.4324 0.0476484
-2.48424 -1.43119 0.0317026
-2.44378 -1.42973 0.0359844
-2.42704 -1.43011 -0.0227429
-2.37893 -1.43051 -0.00837442
-2.33677 -1.43076 -0.00584017
-2.29353 -1.43141 -0.0149311
-2.24652 -1.4311 0.00651181
-2.20086 -1.4298 0.0284428
-2.16116 -1.43002 -0.00545397
-2.11128 -1.43255 -0.0507076
-2.07749 -1.43394 -0.0411619
-2.03574 -1.43499 -0.0252258
-1.99536 -1.43562 -0.0155607
-1.94935 -1.43687 -0.0271589
-1.90004 -1.43705 -0.00362119
-1.86214 -1.43692 0.00336159
-1.82076 -1.43591 0.0245885
-1.77153 -1.43295 0.0600309
-1.72154 -1.43274 0.00418726
-1.67174 -1.43196 0.015568
-1.62202 -1.43043 0.0308116
-1.57268 -1.42759 0.0575093
-1.52341 -1.42428 0.067129
-1.47528 -1.42112 0.0654769
-1.42539 -1.4198 0.0265403
-1.37623 -1.41718 0.0531511
-1.32714 -1.41621 0.0197799
-1.27805 -1.41231 0.0791728
-1.2293 -1.40856 0.0768246
-1.17941 -1.40674 0.0365195
-1.13581 -1.4027 0.0924759
-1.09346 -1.4016 0.0257878
-1.04523 -1.40029 0.0272428
-0.997212 -1.39644 0.0798985
-0.947376 -1.39313 0.0663859
-0.898483 -1.38801 0.104342
-0.851913 -1.38335 0.099701
-0.812653 -1.37887 0.113712
-0.76848 -1.37307 0.130471
-0.732133 -1.36764 0.148438
-0.685673 -1.35938 0.175948
-0.63658 -1.3515 0.159082
-0.5874 -1.34447 0.141989
-0.538251 -1.33717 0.147482
-0.496183 -1.33085 0.149079
-0.447357 -1.32048 0.209207
-0.399887 -1.31065 0.204194
-0.355006 -1.30096 0.212775
-0.315149 -1.29169 0.228348
-0.274319 -1.28173 0.239435
-0.23009 -1.27227 0.210745
-0.183391 -1.26089 0.239004
-0.136651 -1.24857 0.257678
-0.0963221 -1.2384 0.247045
-0.0480796 -1.22539 0.263445
-0.00724149 -1.21297 0.295161
0.0233142 -1.20485 0.259746
0.0701412 -1.19264 0.255016
0.118031 -1.17982 0.261624
0.159895 -1.16789 0.277694
0.197229 -1.15771 0.26599
0.237205 -1.14613 0.282119
0.283579 -1.13034 0.328174
0.327109 -1.1158 0.322293
0.371677 -1.1005 0.330774
0.41962 -1.0868 0.278274
0.45856 -1.07656 0.257278
0.506096 -1.06388 0.260533
0.549897 -1.05413 0.219147
0.597878 -1.0421 0.245564
0.644927 -1.0302 0.247765
0.693673 -1.01916 0.222805
0.71766 -1.01276 0.26072
0.763865 -1.00123 0.244569
0.806599 -0.991853 0.215904
0.852575 -0.980605 0.239939
0.900998 -0.969049 0.234269
0.949031 -0.957242 0.241036
0.997543 -0.947912 0.189997
1.03297 -0.940048 0.218448
1.0783 -0.93192 0.177424
1.11679 -0.925917 0.154686
1.16587 -0.918078 0.158411
1.20054 -0.911241 0.194679
1.24885 -0.90169 0.195195
1.29564 -0.890813 0.228382
1.33917 -0.879573 0.252689
1.38026 -0.868156 0.271071
1.4212 -0.856918 0.267898
1.46836 -0.844196 0.263458
1.51678 -0.831894 0.248828
1.55726 -0.820071 0.284146
1.60059 -0.809152 0.246844
1.64888 -0.796193 0.262217
1.69534 -0.784449 0.247591
1.73368 -0.774836 0.24565
1.78231 -0.764059 0.218071
1.83046 -0.752737 0.230938
1.87824 -0.741274 0.235479
1.91822 -0.733214 0.198919
1.96194 -0.724092 0.205685
2.01109 -0.715129 0.180396
2.05703 -0.707161 0.17176
2.10582 -0.697093 0.203491
2.14442 -0.688756 0.212678
2.19183 -0.676069 0.261513
2.23227 -0.664874 0.270066
2.27949 -0.655077 0.204562
2.32858 -0.645943 0.183961
2.37102 -0.637499 0.196401
2.41293 -0.628698 0.206979
2.46174 -0.618046 0.214897
2.5103 -0.607052 0.222598
2.54911 -0.597224 0.248017
2.59584 -0.587069 0.214036
2.64322 -0.576399 0.221477
2.68636 -0.564566 0.267733
2.7293 -0.554526 0.22968
2.77759 -0.544572 0.20327
2.82607 -0.534291 0.208993
2.87162 -0.525238 0.196191
2.91801 -0.517029 0.175144
2.95713 -0.507887 0.229555
3.00338 -0.498168 0.207114
3.05187 -0.48936 0.179704
3.09718 -0.481734 0.166724
3.14329 -0.47385 0.169351
3.19088 -0.466468 0.153901
3.22371 -0.460969 0.165958
3.25523 -0.455935 0.158354
3.29173 -0.45105 0.133058
3.3408 -0.446258 0.0973505
3.37982 -0.44092 0.13595
3.4257 -0.435124 0.125642
3.46963 -0.427115 0.180347
3.5067 -0.421022 0.162913
3.5494 -0.413953 0.164067
3.58898 -0.407108 0.171232
3.63196 -0.3996 0.172968
3.67059 -0.393181 0.164666
3.71235 -0.385639 0.178641
3.75067 -0.378397 0.186794
3.78014 -0.372723 0.190224
3.80568 -0.368163 0.176694
3.83626 -0.362447 0.184783
3.8582 -0.35849 0.178453
3.89759 -0.351032 0.187097
3.91679 -0.347593 0.177278
3.93504 -0.3437 0.21015
3.95694 -0.338408 0.237055
3.98614 -0.333155 0.177974
4.00237 -0.33018 0.181358
4.03489 -0.324971 0.158821
4.07054 -0.318986 0.166321
4.10114 -0.31278 0.200108
4.13696 -0.304258 0.233557
4.16829 -0.296837 0.232579
4.21019 -0.286345 0.245402
4.235 -0.280616 0.226934
4.27715 -0.271566 0.211495
4.28839 -0.269054 0.219796
4.31353 -0.26412 0.193797
4.34331 -0.258401 0.18975
4.38559 -0.249824 0.200146
4.42561 -0.242374 0.184057
4.45604 -0.237066 0.172704
4.48825 -0.231641 0.166861
4.52249 -0.225 0.191561
4.55096 -0.219106 0.204103
4.58651 -0.211538 0.209776
4.61349 -0.205238 0.229421
4.6329 -0.200829 0.22337
4.65054 -0.197222 0.201724
4.66107 -0.19529 0.181339
4.68411 -0.19086 0.189967
4.69235 -0.189376 0.178092
4.70828 -0.186202 0.196723
4.72153 -0.183772 0.181341
4.74294 -0.17892 0.222925
4.76006 -0.175293 0.208714
4.77252 -0.17238 0.229688
4.79202 -0.168397 0.201505
4.82157 -0.162237 0.205491
4.83872 -0.158002 0.242134
4.85418 -0.154195 0.241313
4.85799 -0.153323 0.225293
4.87245 -0.149688 0.246305
4.88549 -0.146 0.275646
4.89747 -0.142346 0.295925
4.90144 -0.141066 0.311927
4.91337 -0.137234 0.310825
4.93371 -0.131559 0.272131
4.94954 -0.127772 0.234738
4.95918 -0.125626 0.219079
4.97333 -0.122655 0.20702
4.98802 -0.119685 0.199485
4.99505 -0.118385 0.182811
5.00296 -0.116764 0.202045
5.02204 -0.113294 0.17995
5.03747 -0.110322 0.190257
5.05303 -0.107397 0.18583
5.05717 -0.106533 0.20579
5.06607 -0.104919 0.179449
5.07852 -0.102781 0.169926
5.10008 -0.0983813 0.201367
5.11742 -0.0949679 0.19434
5.13455 -0.0917594 0.18518
5.14397 -0.0890513 0.279865
5.16466 -0.0822756 0.316536
5.16695 -0.0814328 0.351733
5.17801 -0.0769384 0.386132
5.18611 -0.0735694 0.394139
5.19234 -0.0711018 0.376926
5.20174 -0.067271 0.386949
5.20348 -0.0666495 0.343858
5.21612 -0.0617922 0.366727
True
0.25607
