4.48618 0.000409183 3.112
4.47257 0.00087842 3.10712
4.45388 0.000893959 3.14076
4.43177 0.000455058 3.16144
4.41385 0.000336075 -3.13495
4.39329 0.000775357 -3.16295
4.38128 0.000768587 3.14216
4.37331 0.000861778 -3.15329
4.3609 0.000880505 3.14008
4.34716 0.000769484 3.14967
4.32622 0.000371004 -3.12256
4.3079 0.000270032 -3.13608
4.29642 -2.27212e-05 -3.1161
4.28243 -0.000149117 -3.13256
4.27166 -0.000774269 -3.08361
4.25692 -0.00197669 -3.06016
4.24345 -0.00341562 -3.03516
4.23177 -0.00477767 -3.02559
4.21569 -0.00674354 -3.01988
4.19502 -0.010562 -2.95897
4.18093 -0.0140283 -2.90041
4.16388 -0.0189351 -2.86133
4.15361 -0.022186 -2.83499
4.1341 -0.0268501 -2.90689
4.1292 -0.0278929 -2.93193
4.12106 -0.0296444 -2.92974
4.11366 -0.0308153 -2.98469
4.09794 -0.0323399 -3.04488
4.09462 -0.0327004 -3.0334
4.08561 -0.0335454 -3.04812
4.08576 -0.0335285 -3.02977
4.0807 -0.0340636 -3.03627
4.06835 -0.034654 -3.09383
4.05226 -0.0345576 -3.14759
4.03022 -0.0330122 3.07158
4.00342 -0.0303765 3.04357
3.98528 -0.0285639 3.04201
3.96375 -0.0248848 2.97232
3.9558 -0.0230439 2.91409
3.9429 -0.0190232 2.83941
3.92098 -0.0123457 2.84583
3.91472 -0.0102848 2.82385
3.91165 -0.00920259 2.80255
3.89183 -0.0011153 2.75411
3.87889 0.00512341 2.69251
3.8646 0.0126185 2.65838
3.86473 0.0125497 2.63358
3.85811 0.0163057 2.62524
3.84694 0.0229054 2.60818
3.84217 0.0257734 2.59968
3.84098 0.0265109 2.58743
3.84064 0.0267344 2.55272
3.83335 0.0322585 2.49377
3.82886 0.0363931 2.39682
3.81857 0.0473383 2.32542
3.80088 0.0679266 2.28072
3.79579 0.0747506 2.2116
3.78665 0.0883835 2.16116
3.78275 0.0944295 2.14378
3.77467 0.110725 2.03103
3.76713 0.129016 1.96183
3.76451 0.135231 1.96933
3.76365 0.13768 1.91056
3.76274 0.140926 1.84409
3.75938 0.156956 1.77759
3.75116 0.192952 1.79522
3.74836 0.210789 1.72654
3.74456 0.24678 1.67591
3.74005 0.295832 1.66259
3.7335 0.345382 1.70208
3.72932 0.392582 1.65912
3.72542 0.433591 1.66576
3.71946 0.482214 1.69279
3.71694 0.532126 1.62108
3.71514 0.575327 1.61243
3.71145 0.625173 1.64471
3.70758 0.66278 1.67337
3.70229 0.712427 1.67689
3.69792 0.758152 1.66609
3.6905 0.803105 1.73453
3.68441 0.852452 1.69357
3.67729 0.901609 1.71451
3.67213 0.932179 1.73811
3.66461 0.977534 1.73504
3.65912 1.00675 1.75669
3.65379 1.04167 1.72228
3.64252 1.09021 1.79883
3.63597 1.12293 1.76853
3.62378 1.16909 1.82903
3.6098 1.21709 1.85407
3.59862 1.25613 1.84981
3.58543 1.29731 1.88078
3.57302 1.33883 1.8611
3.55791 1.3842 1.89248
3.54407 1.42615 1.88933
3.52681 1.47215 1.92977
3.51166 1.51869 1.8855
3.49595 1.56522 1.89643
3.47943 1.61239 1.90767
3.46383 1.65964 1.88971
3.45071 1.69659 1.91202
3.43485 1.74394 1.89402
3.42113 1.7847 1.89543
3.41058 1.81217 1.93756
3.3997 1.8362 1.99599
3.3879 1.86688 1.93786
3.36966 1.90859 1.98311
3.3548 1.93919 2.02293
3.33472 1.97582 2.07208
3.31117 2.016 2.10106
3.29036 2.05263 2.08732
3.269 2.09249 2.06265
3.25045 2.12467 2.09385
3.23447 2.15125 2.11219
3.20758 2.19221 2.15176
3.17775 2.23217 2.21199
3.15659 2.26492 2.14443
3.13208 2.3001 2.1792
3.11134 2.32755 2.21798
3.08701 2.36062 2.20513
3.06918 2.38489 2.20415
3.04368 2.42137 2.18101
3.01461 2.45937 2.22385
2.99061 2.48823 2.26448
2.96106 2.52102 2.30422
2.94302 2.5433 2.25133
2.92204 2.56811 2.27301
2.88697 2.60364 2.34961
2.86091 2.63133 2.32586
2.8278 2.6686 2.29708
2.7942 2.70184 2.36156
2.76078 2.73509 2.35881
2.72828 2.76314 2.42958
2.69979 2.7904 2.3784
2.66144 2.82245 2.44535
2.64538 2.83705 2.40361
2.62288 2.85792 2.39375
2.59255 2.88439 2.42416
2.56029 2.91204 2.43293
2.52752 2.93963 2.44172
2.48711 2.96906 2.51218
2.44764 2.9996 2.48311
2.42347 3.01857 2.47601
2.39438 3.03977 2.51186
2.36178 3.06353 2.5117
2.33216 3.08625 2.48736
2.2976 3.11105 2.51928
2.25886 3.14035 2.49387
2.22472 3.16869 2.44882
2.19028 3.19768 2.44191
2.15934 3.22308 2.45433
2.13232 3.24648 2.42767
2.10597 3.26792 2.45863
2.06932 3.29511 2.50343
2.03413 3.31966 2.53248
2.00081 3.34229 2.54485
1.96709 3.36455 2.55812
1.93098 3.38961 2.53485
1.88897 3.41673 2.56846
1.86035 3.43551 2.56063
1.81833 3.46255 2.56993
1.77625 3.48698 2.61566
1.73488 3.511 2.61555
1.69552 3.53366 2.61907
1.66056 3.55266 2.64369
1.62198 3.57364 2.64377
1.5799 3.59293 2.7117
1.53913 3.61225 2.69906
1.50207 3.62881 2.72133
1.46822 3.64173 2.77709
1.42126 3.65891 2.79071
1.37609 3.67332 2.83285
1.32885 3.68969 2.80805
1.28078 3.70326 2.86635
1.2485 3.71041 2.92386
1.20193 3.72461 2.8455
1.16852 3.73486 2.84395
1.12548 3.74779 2.84974
1.09274 3.75533 2.9153
1.04387 3.76583 2.93002
1.00461 3.77524 2.90616
0.968335 3.78291 2.93344
0.932911 3.78987 2.9475
0.897633 3.79707 2.94035
0.85248 3.80451 2.97822
0.810683 3.81105 2.98646
0.761222 3.81836 2.99482
0.725775 3.82366 2.99301
0.676886 3.83415 2.9304
0.643303 3.8402 2.96332
0.597344 3.84505 3.03642
0.550935 3.84815 3.07489
0.501164 3.8528 3.04839
0.45467 3.85822 3.02547
0.410491 3.86133 3.07132
0.363078 3.86496 3.06524
0.313258 3.86916 3.05743
0.264481 3.87353 3.05231
0.217714 3.87553 3.09896
0.168675 3.87579 3.13621
0.134132 3.87621 3.12943
0.0844472 3.87672 3.13127
0.0392561 3.87599 3.15771
-0.000417021 3.87408 -3.09351
-0.0468698 3.87198 -3.09642
-0.0966333 3.8686 -3.07364
-0.140496 3.86512 -3.06254
-0.185665 3.85966 -3.02117
-0.21815 3.85535 -3.00974
-0.267601 3.84796 -2.99332
-0.314295 3.84077 -2.98884
-0.363208 3.8312 -2.94832
-0.41205 3.82208 -2.95703
-0.461567 3.81588 -3.01694
-0.509067 3.80829 -2.98321
-0.557784 3.79906 -2.95436
-0.606098 3.78821 -2.92063
-0.635453 3.78168 -2.92267
-0.669991 3.77495 -2.94929
-0.717758 3.76342 -2.90459
-0.763168 3.75436 -2.94465
-0.809265 3.74211 -2.88199
-0.857714 3.73053 -2.90689
-0.904935 3.7191 -2.90409
-0.952275 3.70622 -2.87599
-0.998405 3.69443 -2.89144
-1.04649 3.68075 -2.86428
-1.09384 3.66552 -2.83058
-1.14095 3.6508 -2.83864
-1.17856 3.63753 -2.80242
-1.2061 3.62784 -2.80337
-1.24765 3.61303 -2.79921
-1.2946 3.59592 -2.79198
-1.33585 3.57892 -2.75074
-1.37027 3.56436 -2.74144
-1.41083 3.54649 -2.72671
-1.45566 3.52626 -2.71745
-1.50037 3.50498 -2.6975
-1.54522 3.48332 -2.69165
-1.58738 3.4641 -2.71384
-1.61897 3.44965 -2.71263
-1.66377 3.42839 -2.69857
-1.70723 3.40999 -2.74099
-1.73504 3.39839 -2.74642
-1.77781 3.37934 -2.72273
-1.8227 3.35732 -2.68543
-1.86484 3.33418 -2.63948
-1.90008 3.3136 -2.6129
-1.93739 3.29167 -2.61024
-1.98048 3.26632 -2.6098
-2.02335 3.24059 -2.60116
-2.06072 3.21917 -2.62107
-2.10189 3.19262 -2.56883
-2.13536 3.16978 -2.5427
-2.17684 3.14192 -2.5502
-2.21802 3.11476 -2.55851
-2.25618 3.08733 -2.51835
-2.2973 3.0596 -2.54821
-2.33581 3.02994 -2.48529
-2.37584 2.99998 -2.49911
-2.41514 2.96907 -2.47513
-2.45399 2.93991 -2.49775
-2.48597 2.91704 -2.52083
-2.52317 2.89265 -2.56117
-2.55487 2.8694 -2.50886
-2.59181 2.84179 -2.49977
-2.62847 2.81602 -2.52893
-2.66797 2.78863 -2.53523
-2.70689 2.75725 -2.46305
-2.74386 2.72588 -2.43793
-2.77017 2.70221 -2.40897
-2.80048 2.67533 -2.41612
-2.8327 2.64563 -2.39682
-2.8676 2.6104 -2.35157
-2.89984 2.58024 -2.38933
-2.9354 2.54628 -2.37931
-2.96906 2.51335 -2.36706
-2.99768 2.48115 -2.29744
-3.03066 2.44749 -2.34607
-3.06046 2.41297 -2.28303
-3.0922 2.37441 -2.25943
-3.11862 2.33866 -2.20717
-3.14495 2.30212 -2.19511
-3.16814 2.26924 -2.18514
-3.19481 2.23316 -2.20744
-3.22018 2.1947 -2.15385
-3.24827 2.1534 -2.16815
-3.27516 2.11152 -2.14146
-3.2999 2.06902 -2.09804
-3.32466 2.028 -2.11389
-3.34856 1.98668 -2.0952
-3.37441 1.94469 -2.12251
-3.39744 1.90716 -2.12134
-3.42007 1.86982 -2.11559
-3.44063 1.82953 -2.0427
-3.45749 1.79528 -2.02816
-3.48088 1.75228 -2.06905
-3.50058 1.71816 -2.09429
-3.51293 1.69383 -2.04054
-3.53277 1.65166 -2.01063
-3.55488 1.61021 -2.06084
-3.57347 1.57548 -2.06209
-3.58567 1.55272 -2.06306
-3.60113 1.52611 -2.09706
-3.61884 1.49711 -2.11898
-3.6389 1.46311 -2.10383
-3.66589 1.4231 -2.16441
-3.69017 1.39004 -2.20409
-3.71138 1.36381 -2.25086
-3.72251 1.34953 -2.23272
-3.74499 1.32242 -2.26305
-3.76103 1.30229 -2.24354
-3.78231 1.27601 -2.25138
-3.80091 1.25119 -2.21406
-3.80462 1.2456 -2.15629
-3.8094 1.2381 -2.13849
-3.81682 1.226 -2.12089
-3.83338 1.19963 -2.13154
-3.84346 1.18392 -2.14143
-3.8471 1.17843 -2.15557
-3.85023 1.17345 -2.13256
-3.8644 1.1523 -2.16091
-3.88477 1.12303 -2.17877
-3.9066 1.09117 -2.17154
-3.9242 1.0658 -2.17747
-3.94046 1.04254 -2.18071
-3.96155 1.01238 -2.18098
-3.98139 0.982789 -2.16155
-3.99935 0.957171 -2.18235
-4.01229 0.938612 -2.17937
-4.02272 0.924001 -2.19087
-4.04514 0.894226 -2.21618
-4.06033 0.873727 -2.20862
-4.07775 0.848363 -2.17254
-4.09339 0.825123 -2.1633
-4.1054 0.806051 -2.13275
-4.12162 0.779215 -2.11427
-4.13318 0.760805 -2.13176
-4.14245 0.74642 -2.14289
-4.15642 0.724917 -2.14722
-4.16837 0.705853 -2.13041
-4.17887 0.689241 -2.13478
-4.18801 0.675622 -2.16147
-4.19423 0.666818 -2.18632
-4.2075 0.648189 -2.18953
-4.21642 0.635682 -2.19062
-4.2219 0.62827 -2.20717
-4.23036 0.617404 -2.2325
-4.23979 0.605302 -2.23265
-4.25449 0.586331 -2.22993
-4.26336 0.573909 -2.19109
-4.27468 0.557825 -2.18387
-4.28116 0.549008 -2.20514
-4.28928 0.537584 -2.18834
-4.29417 0.530343 -2.16543
-4.30823 0.508154 -2.13538
-4.31572 0.495405 -2.10236
-4.32103 0.486378 -2.10191
-4.32621 0.478151 -2.13322
-4.33368 0.466474 -2.13968
-4.33896 0.457394 -2.09781
-4.34735 0.443083 -2.10106
-4.35407 0.431677 -2.10305
-4.35623 0.42813 -2.11744
-4.36306 0.417141 -2.12681
-4.36834 0.408575 -2.12387
-4.37736 0.395046 -2.15872
-4.38322 0.386461 -2.16997
-4.38713 0.38113 -2.20256
-4.39001 0.377269 -2.21266
-4.39203 0.374599 -2.21767
-4.39348 0.372792 -2.24626
-4.39743 0.368152 -2.27625
True
0.0661585
