-5.46139 0.598157 0.0741628
-5.41229 0.598172 0.000303537
-5.37297 0.599253 0.0274905
-5.33272 0.59945 0.0048974
-5.3006 0.599961 0.0158852
-5.26445 0.601149 0.032876
-5.21505 0.60178 0.0127598
-5.16938 0.603912 0.0466629
-5.11983 0.603996 0.00169118
-5.06985 0.603799 -0.00395217
-5.02448 0.605012 0.0267492
-4.97471 0.607062 0.041165
-4.92507 0.608559 0.0301423
-4.87637 0.61095 0.0490583
-4.82645 0.613385 0.0487349
-4.77895 0.617442 0.0852023
-4.73377 0.621031 0.0792742
-4.69182 0.624913 0.092286
-4.64415 0.629902 0.104255
-4.59449 0.634132 0.0850006
-4.54968 0.6389 0.105983
-4.50335 0.64184 0.0633689
-4.4703 0.64554 0.11149
-4.42377 0.650379 0.103644
-4.37405 0.655283 0.0983077
-4.32473 0.660765 0.110697
-4.27639 0.663935 0.0654739
-4.2268 0.666462 0.0509074
-4.17887 0.668959 0.0520618
-4.13034 0.67033 0.0282492
-4.08421 0.668691 -0.0355265
-4.03696 0.666023 -0.0564188
-3.99566 0.666112 0.0021705
-3.95366 0.666081 -0.000733918
-3.91637 0.666493 0.011049
-3.86952 0.666701 0.00444235
-3.82189 0.665281 -0.0298147
-3.77737 0.665131 -0.00335658
-3.73467 0.666236 0.0258488
-3.68609 0.66846 0.0457628
-3.6439 0.670515 0.0486607
-3.60046 0.671737 0.0281416
-3.55091 0.674182 0.0493008
-3.5037 0.675828 0.0348499
-3.45402 0.677009 0.0237694
-3.40751 0.676693 -0.00680833
-3.35817 0.676761 0.00137501
-3.318 0.67697 0.00521681
-3.2713 0.676943 -0.000571711
-3.22503 0.678429 0.0321033
-3.17597 0.680261 0.0373206
-3.12696 0.683247 0.0608463
-3.0772 0.685584 0.0469232
-3.03378 0.689976 0.100832
-2.98754 0.693446 0.0749025
-2.94005 0.696614 0.0666194
-2.89686 0.699854 0.0748728
-2.85898 0.702548 0.0709977
-2.81463 0.704726 0.0490741
-2.76507 0.705681 0.0192669
-2.71681 0.707687 0.0415373
-2.66685 0.709573 0.0377309
-2.62249 0.710543 0.0218768
-2.57338 0.708314 -0.0453636
-2.52664 0.705207 -0.0663933
-2.47714 0.703254 -0.0394211
-2.42749 0.702066 -0.0239316
-2.38117 0.701236 -0.0179078
-2.33168 0.699469 -0.0356917
-2.28774 0.699164 -0.0069418
-2.23793 0.697011 -0.0432032
-2.19564 0.696533 -0.0112953
-2.15717 0.697869 0.0347109
-2.11 0.69947 0.0339269
-2.06266 0.700564 0.0231126
-2.01607 0.701845 0.0274895
-1.9663 0.704553 0.0543374
-1.91634 0.706414 0.037255
-1.8761 0.709474 0.0758778
-1.84104 0.711727 0.0641765
-1.79131 0.716425 0.0941815
-1.742 0.721281 0.0981774
-1.69253 0.726062 0.0963252
-1.64585 0.729983 0.0838134
-1.59674 0.734155 0.0847501
-1.54855 0.737556 0.0704665
-1.49938 0.741547 0.0809919
-1.46181 0.744571 0.0802909
-1.41806 0.747191 0.0598374
-1.37042 0.749352 0.0453151
-1.32279 0.750576 0.0257057
-1.27367 0.75232 0.0354895
-1.22735 0.753049 0.0157324
-1.17913 0.754717 0.0345718
-1.13168 0.756206 0.0313798
-1.08207 0.757183 0.0196922
-1.03704 0.758287 0.0245067
-0.990759 0.760767 0.0535315
-0.94113 0.764786 0.0808003
-0.893004 0.76791 0.0648272
-0.854295 0.771495 0.0923545
-0.804872 0.776795 0.106829
-0.764447 0.780296 0.0863905
-0.725665 0.784361 0.104428
-0.675883 0.788329 0.0795292
-0.625998 0.79096 0.0527089
-0.578842 0.795435 0.0946163
-0.532312 0.800978 0.118553
-0.487412 0.808422 0.164308
-0.439195 0.81562 0.148186
-0.394507 0.823963 0.184562
-0.345254 0.832275 0.167181
-0.296046 0.840099 0.157689
-0.253175 0.846632 0.151221
-0.211169 0.854829 0.192732
-0.16586 0.863103 0.180619
-0.126832 0.868258 0.131314
-0.0775959 0.874781 0.131711
-0.0281036 0.880819 0.121405
0.0170665 0.886585 0.126959
0.0663428 0.893756 0.144525
0.116019 0.898784 0.100858
0.162517 0.903495 0.100973
0.211588 0.906328 0.0576664
0.257427 0.909019 0.0586394
0.303391 0.91158 0.055665
0.342353 0.913465 0.0483436
0.387654 0.916745 0.0722756
0.437178 0.919398 0.0535328
0.480791 0.921217 0.0416706
0.527312 0.925483 0.0914511
0.5746 0.928695 0.0678198
0.624294 0.933551 0.0974026
0.666434 0.935866 0.0548891
0.70599 0.937437 0.0396842
0.753663 0.939769 0.0488843
0.802209 0.941179 0.0290323
0.845549 0.942101 0.0212682
0.89282 0.944624 0.0533292
0.939241 0.945725 0.0237067
0.987446 0.945238 -0.0101082
1.03743 0.946428 0.0238052
1.08731 0.945196 -0.0246861
1.13666 0.942798 -0.048545
1.18451 0.939505 -0.0687265
1.23426 0.936682 -0.0566747
1.28185 0.934732 -0.0409544
1.32167 0.932957 -0.0445495
1.36898 0.930767 -0.0462554
1.41759 0.93201 0.0255704
1.46753 0.9335 0.0298197
1.50973 0.934904 0.0332438
1.55857 0.936269 0.0279559
1.60637 0.937622 0.0282938
1.6563 0.939931 0.0462145
1.70578 0.942163 0.0450843
1.75487 0.945168 0.0611158
1.80277 0.950691 0.114811
1.84895 0.955808 0.110361
1.89018 0.960518 0.113737
1.93731 0.964949 0.0937359
1.98488 0.971526 0.137384
2.03327 0.979174 0.156757
2.08117 0.986691 0.155683
2.12208 0.992259 0.135264
2.17109 0.998947 0.135623
2.21503 1.00664 0.173253
2.2551 1.01333 0.165572
2.30052 1.01744 0.0900967
2.34999 1.0247 0.145705
2.38865 1.03065 0.152865
2.4276 1.03739 0.171422
2.47643 1.04596 0.173706
2.52533 1.05563 0.195183
2.57435 1.06494 0.187621
2.62191 1.07223 0.152101
2.6677 1.07772 0.119484
2.71672 1.08518 0.150883
2.7594 1.09113 0.138655
2.80446 1.09587 0.104727
2.85388 1.10325 0.14822
2.90335 1.10992 0.134016
2.94845 1.11383 0.0865007
2.99794 1.1178 0.0800974
3.04205 1.11953 0.0390592
3.09163 1.12265 0.0629969
3.12757 1.12355 0.0250151
3.17754 1.12365 0.00196418
3.22093 1.12265 -0.0230084
3.27091 1.12361 0.0191759
3.32065 1.12395 0.00677404
3.36967 1.12657 0.0534629
3.41045 1.12937 0.0685727
3.44716 1.13123 0.05059
3.4842 1.1339 0.0720156
3.51919 1.13652 0.0747871
3.55694 1.137 0.0126719
3.60339 1.13987 0.0616579
3.63962 1.14318 0.0912287
3.6838 1.14607 0.0651469
3.72725 1.15005 0.0913185
3.76482 1.15418 0.109658
3.79278 1.15689 0.0964742
3.82846 1.16168 0.133447
3.84585 1.1638 0.121279
3.86469 1.16596 0.114428
3.89047 1.16824 0.0881968
3.90134 1.16918 0.0864076
3.92009 1.17067 0.078941
3.93259 1.17228 0.128159
3.95346 1.17433 0.0981176
3.97128 1.17714 0.156178
3.98908 1.17986 0.151965
4.01868 1.1847 0.162025
4.03798 1.18864 0.201054
4.0507 1.19138 0.212413
4.06713 1.1948 0.205427
4.09579 1.19952 0.163166
4.12558 1.20413 0.153387
4.14259 1.20679 0.155311
4.167 1.21101 0.171296
4.18971 1.21375 0.120088
4.225 1.21774 0.112403
4.23448 1.21872 0.103014
4.23874 1.21914 0.098857
4.24994 1.22041 0.11298
4.26186 1.22128 0.0731183
4.28271 1.22246 0.0565989
4.3056 1.22369 0.0533224
4.33494 1.22523 0.0524265
4.36594 1.22611 0.0284859
4.39685 1.22595 -0.0050964
4.40616 1.22616 0.0220449
4.42886 1.22655 0.0172317
4.44393 1.22726 0.0473861
4.47899 1.22978 0.0716956
4.48956 1.2306 0.0769737
4.51973 1.23284 0.074291
4.55209 1.23639 0.109298
4.59026 1.23993 0.092527
4.61784 1.24097 0.0375322
4.65725 1.24277 0.0457511
4.69397 1.24202 -0.0205331
4.73434 1.24202 -9.76268e-05
4.76897 1.24235 0.00957498
4.77587 1.24258 0.0335515
4.79631 1.24329 0.0347525
4.81814 1.24327 -0.000754762
4.85504 1.24362 0.00938733
4.89076 1.24413 0.0143655
4.92874 1.24521 0.028341
4.95185 1.24659 0.0598454
4.9702 1.24799 0.076104
4.99573 1.25015 0.0842225
5.01042 1.25152 0.0932584
5.02296 1.25216 0.0511532
5.03346 1.25206 -0.00973615
5.04873 1.25097 -0.0712996
5.06233 1.24971 -0.0926099
5.08975 1.24668 -0.110078
5.1055 1.24481 -0.117947
5.11049 1.24428 -0.106779
5.11841 1.24332 -0.120073
5.12092 1.24304 -0.111134
5.12336 1.24267 -0.152134
5.13326 1.24054 -0.211354
5.14718 1.23755 -0.212137
5.15497 1.23544 -0.264061
5.16496 1.23265 -0.272073
5.17973 1.22944 -0.214375
5.18459 1.22866 -0.158095
5.19834 1.22642 -0.161416
5.2199 1.22265 -0.173392
5.22228 1.22228 -0.152712
5.22923 1.22101 -0.18081
5.24008 1.21902 -0.180963
True
0.0664756
