4.47293 -0.00742669 -2.87386
4.45033 -0.0150463 -2.81633
4.43417 -0.0220636 -2.732
4.41139 -0.0340229 -2.65812
4.38364 -0.0489034 -2.64941
4.34468 -0.0738442 -2.57213
4.30472 -0.103523 -2.50285
4.2776 -0.124926 -2.4734
4.23969 -0.156287 -2.45048
4.21131 -0.183838 -2.37089
4.18165 -0.21405 -2.34711
4.1471 -0.249962 -2.33681
4.11502 -0.288255 -2.26816
4.08699 -0.323373 -2.24434
4.05706 -0.362804 -2.22013
4.03117 -0.398492 -2.19843
4.00718 -0.434812 -2.15441
3.99332 -0.457291 -2.12357
3.97834 -0.484132 -2.07981
3.95505 -0.527731 -2.06144
3.93304 -0.572628 -2.02653
3.9137 -0.615139 -1.99765
3.89564 -0.657059 -1.97777
3.87824 -0.699487 -1.95981
3.86036 -0.744949 -1.94556
3.84497 -0.787891 -1.91504
3.82949 -0.828706 -1.93322
3.8219 -0.850287 -1.9091
3.80563 -0.889349 -1.96545
3.78659 -0.935005 -1.96592
3.7685 -0.977118 -1.97641
3.74879 -1.02265 -1.97935
3.73206 -1.05894 -2.00281
3.71427 -1.10282 -1.95592
3.69597 -1.14589 -1.97259
3.68135 -1.18287 -1.94738
3.66634 -1.22593 -1.90607
3.64967 -1.27182 -1.91935
3.63308 -1.31893 -1.90921
3.61903 -1.3537 -1.955
3.59885 -1.39925 -1.98783
3.58417 -1.43366 -1.97408
3.56632 -1.47215 -2.00496
3.54597 -1.5176 -1.99174
3.52451 -1.55994 -2.03989
3.50644 -1.59663 -2.02841
3.49035 -1.6305 -2.01433
3.46855 -1.67341 -2.04091
3.45034 -1.71246 -2.00708
3.42827 -1.75719 -2.02928
3.40628 -1.80209 -2.02617
3.38621 -1.8407 -2.05028
3.36855 -1.87881 -2.00449
3.34876 -1.91703 -2.04868
3.32673 -1.95894 -2.05482
3.30249 -2.00104 -2.09325
3.27829 -2.04393 -2.08443
3.26358 -2.06814 -2.11658
3.24057 -2.10157 -2.17381
3.21892 -2.13288 -2.17552
3.20068 -2.15712 -2.21609
3.17629 -2.19024 -2.20558
3.16075 -2.21271 -2.17581
3.13348 -2.24682 -2.24522
3.1127 -2.27362 -2.23034
3.08418 -2.3144 -2.18105
3.05774 -2.35172 -2.1873
3.03177 -2.39121 -2.1525
3.0065 -2.42903 -2.15972
2.98084 -2.47111 -2.11846
2.96005 -2.50486 -2.12288
2.9331 -2.54544 -2.15693
2.90716 -2.58395 -2.16376
2.88262 -2.6188 -2.18426
2.85694 -2.65394 -2.20193
2.83803 -2.67935 -2.21041
2.8078 -2.71819 -2.23226
2.78159 -2.75115 -2.24259
2.75696 -2.78176 -2.24836
2.73568 -2.80631 -2.28497
2.70117 -2.84249 -2.33254
2.66634 -2.87755 -2.35291
2.64089 -2.90223 -2.37142
2.60358 -2.93549 -2.41355
2.56578 -2.96815 -2.42912
2.52597 -2.99771 -2.50283
2.49089 -3.02429 -2.49313
2.45554 -3.04915 -2.52877
2.41387 -3.07673 -2.55683
2.38219 -3.09819 -2.54633
2.34359 -3.12344 -2.56232
2.31024 -3.14542 -2.55887
2.27321 -3.16852 -2.58378
2.23102 -3.1953 -2.5761
2.19177 -3.22316 -2.52414
2.17833 -3.23187 -2.56671
2.13608 -3.25718 -2.60194
2.09859 -3.28094 -2.57675
2.08598 -3.2885 -2.60136
2.04649 -3.31199 -2.60496
2.01282 -3.32989 -2.65286
1.97095 -3.3526 -2.64482
1.92681 -3.37606 -2.65292
1.88926 -3.39723 -2.62824
1.84384 -3.41814 -2.71014
1.80798 -3.43405 -2.72402
1.76766 -3.45169 -2.72909
1.72306 -3.47133 -2.72689
1.68018 -3.48713 -2.78863
1.63414 -3.50381 -2.79388
1.60382 -3.51395 -2.81896
1.55609 -3.52777 -2.85968
1.51363 -3.54342 -2.78859
1.46583 -3.55811 -2.8434
1.41828 -3.57318 -2.83467
1.37665 -3.58709 -2.81909
1.32961 -3.60397 -2.79708
1.28578 -3.61757 -2.84067
1.23925 -3.63264 -2.82837
1.20761 -3.64271 -2.83346
1.16642 -3.65506 -2.85026
1.1218 -3.6691 -2.83683
1.07511 -3.6839 -2.83463
1.02858 -3.69786 -2.85011
0.981216 -3.71197 -2.85201
0.942542 -3.72333 -2.85589
0.894014 -3.73535 -2.89889
0.859669 -3.74331 -2.91383
0.812319 -3.75345 -2.93051
0.765529 -3.76161 -2.96892
0.717319 -3.7726 -2.91751
0.667961 -3.78041 -2.98477
0.618804 -3.78933 -2.96202
0.579213 -3.79696 -2.95125
0.532182 -3.80415 -2.98974
0.486437 -3.81046 -3.00453
0.449163 -3.81618 -2.98933
0.399786 -3.82346 -2.9953
0.350291 -3.83053 -2.99968
0.302456 -3.83674 -3.01246
0.26187 -3.84261 -2.99806
0.228505 -3.84492 -3.07228
0.181457 -3.84873 -3.06085
0.132251 -3.85251 -3.06498
0.0826575 -3.85749 -3.04156
0.0354725 -3.86097 -3.06798
-0.0145133 -3.86214 -3.11809
-0.058491 -3.86287 -3.12509
-0.108443 -3.86408 -3.11731
-0.154185 -3.86269 -3.17195
-0.203443 -3.86117 3.11079
-0.252816 -3.85894 3.09645
-0.297111 -3.85498 3.05233
-0.338215 -3.85095 3.04396
-0.376149 -3.84894 3.08871
-0.425848 -3.84553 3.07308
-0.471829 -3.8436 3.0996
-0.521536 -3.83877 3.04463
-0.564561 -3.83522 3.05929
-0.610942 -3.83137 3.05888
-0.652856 -3.82629 3.02095
-0.69991 -3.81951 2.99852
-0.749259 -3.81207 2.99186
-0.797724 -3.804 2.97656
-0.840116 -3.79731 2.98507
-0.882816 -3.79089 2.99246
-0.930843 -3.78282 2.97508
-0.975247 -3.77122 2.8861
-1.01188 -3.76059 2.8591
-1.05953 -3.74549 2.83469
-1.10303 -3.73181 2.83695
-1.15035 -3.71714 2.84106
-1.19792 -3.70243 2.84159
-1.24443 -3.68423 2.76858
-1.28992 -3.66792 2.79735
-1.33536 -3.65195 2.8036
-1.38225 -3.63572 2.80846
-1.42507 -3.62016 2.793
-1.4581 -3.6072 2.7675
-1.50264 -3.59066 2.78613
-1.54981 -3.57546 2.8298
-1.59707 -3.56023 2.82999
-1.64077 -3.54775 2.86337
-1.68274 -3.53456 2.83708
-1.72416 -3.52284 2.86577
-1.76481 -3.51039 2.84435
-1.81236 -3.4955 2.83818
-1.8586 -3.47933 2.8053
-1.89599 -3.46417 2.75634
-1.93334 -3.44748 2.72132
-1.9767 -3.42713 2.70276
-2.02057 -3.40602 2.69307
-2.06533 -3.38443 2.69214
-2.10754 -3.36446 2.69969
-2.15195 -3.34154 2.66525
-2.18996 -3.32405 2.71026
-2.23599 -3.30513 2.75152
-2.28147 -3.28447 2.71527
-2.32546 -3.26513 2.72741
-2.35569 -3.25048 2.69048
-2.38924 -3.2347 2.70184
-2.43131 -3.21555 2.71446
-2.47259 -3.19781 2.73573
-2.51924 -3.17983 2.77363
-2.56073 -3.16252 2.74628
-2.60702 -3.14367 2.75502
-2.64582 -3.12344 2.66087
-2.66916 -3.1117 2.67547
-2.68564 -3.10392 2.7009
-2.71846 -3.08813 2.6931
-2.74315 -3.07687 2.71378
-2.77511 -3.06439 2.76925
-2.81728 -3.04705 2.75158
-2.85906 -3.03059 2.76613
-2.89668 -3.01517 2.75253
-2.93694 -3.00021 2.78588
-2.97922 -2.98225 2.73996
-3.02423 -2.96343 2.74555
-3.04981 -2.95202 2.72213
-3.07621 -2.9414 2.75905
-3.1053 -2.93014 2.77213
-3.13689 -2.9178 2.76926
-3.17686 -2.90112 2.74637
-3.21049 -2.88692 2.74201
-3.24474 -2.87164 2.72192
-3.2745 -2.85552 2.64516
-3.30604 -2.8381 2.63684
-3.31765 -2.83176 2.64218
-3.34812 -2.81643 2.67545
-3.3702 -2.80501 2.66428
-3.38967 -2.79458 2.64964
-3.41464 -2.77986 2.60895
-3.43394 -2.76866 2.61585
-3.46427 -2.74929 2.57327
-3.48934 -2.73335 2.57538
-3.50483 -2.72409 2.60219
-3.53602 -2.70538 2.60135
-3.5635 -2.69142 2.67153
-3.59105 -2.67684 2.65477
-3.62109 -2.66018 2.63522
-3.64845 -2.64386 2.60385
-3.67878 -2.62687 2.6311
-3.70685 -2.61009 2.60263
-3.71315 -2.60605 2.5714
-3.72417 -2.59941 2.59957
-3.73448 -2.59263 2.56
-3.7466 -2.58497 2.57772
-3.76933 -2.57086 2.58607
-3.79599 -2.55398 2.57724
-3.82223 -2.53743 2.57879
-3.83229 -2.53053 2.54047
-3.83489 -2.52873 2.53683
-3.84776 -2.5195 2.51935
-3.85198 -2.51663 2.54412
-3.85787 -2.51269 2.55239
-3.86579 -2.50744 2.55632
-3.88023 -2.49759 2.54252
-3.89108 -2.49005 2.53484
-3.90372 -2.4816 2.55194
-3.91605 -2.47326 2.54713
-3.92326 -2.46842 2.54999
-3.92974 -2.46432 2.57828
-3.93606 -2.46033 2.57735
-3.9413 -2.45692 2.56575
-3.95262 -2.44942 2.55618
-3.96049 -2.44394 2.5332
-3.98084 -2.42941 2.52177
-3.98378 -2.42711 2.47702
-3.99336 -2.41935 2.46063
-3.99646 -2.41697 2.48842
-4.00401 -2.41115 2.48439
-4.01009 -2.40667 2.50702
-4.03001 -2.39117 2.48011
-4.05302 -2.37394 2.49898
-4.07473 -2.35858 2.5259
-4.1058 -2.33693 2.53303
-4.13081 -2.31846 2.50525
-4.13734 -2.31355 2.49732
-4.15057 -2.3034 2.48721
-4.16294 -2.29387 2.48512
-4.17089 -2.28808 2.51215
-4.1838 -2.27846 2.5012
-4.1861 -2.27665 2.47415
-4.1971 -2.26757 2.45142
-4.20046 -2.26482 2.45658
-4.21051 -2.25688 2.47304
-4.2192 -2.25057 2.51322
-4.23391 -2.24046 2.53959
True
0.0666762
