-5.46222 1.2798 0.0855252
-5.42673 1.28458 0.133788
-5.37791 1.29176 0.146101
-5.32843 1.29878 0.14097
-5.28061 1.30628 0.1555
-5.23194 1.3176 0.228492
-5.18789 1.32515 0.169885
-5.14154 1.33461 0.201258
-5.09299 1.34054 0.121436
-5.04453 1.34612 0.114787
-5.00672 1.34923 0.0819458
-4.95921 1.35213 0.0609402
-4.90923 1.35295 0.0164537
-4.87747 1.35363 0.0216067
-4.83413 1.35695 0.07627
-4.78948 1.35895 0.0448501
-4.73965 1.36292 0.0794875
-4.70821 1.36376 0.0268613
-4.66073 1.36475 0.0207468
-4.61086 1.36709 0.0468898
-4.5609 1.36879 0.033991
-4.5122 1.37057 0.0366542
-4.46521 1.37152 0.0202103
-4.41771 1.37291 0.0291052
-4.36883 1.37605 0.0642589
-4.32006 1.37796 0.0390332
-4.27543 1.38203 0.0910527
-4.22596 1.38726 0.105261
-4.17604 1.38997 0.0541821
-4.13629 1.39099 0.0256852
-4.09361 1.39003 -0.0223377
-4.04748 1.39012 0.00190172
-4.00168 1.39002 -0.00230218
-3.95296 1.38799 -0.0414941
-3.91833 1.3867 -0.0372372
-3.87235 1.38613 -0.0125036
-3.82339 1.38883 0.0550461
-3.78144 1.38989 0.0254736
-3.73148 1.39192 0.0406144
-3.68153 1.39412 0.0439029
-3.63186 1.39658 0.0494997
-3.58427 1.39841 0.0383421
-3.53451 1.40313 0.09465
-3.49204 1.40651 0.0795175
-3.44373 1.41026 0.0773056
-3.39528 1.41299 0.0564552
-3.36967 1.41424 0.0487092
-3.32047 1.41783 0.07285
-3.28194 1.42163 0.0982766
-3.2323 1.42736 0.114839
-3.18404 1.4333 0.122515
-3.13496 1.43799 0.0952311
-3.08551 1.44516 0.144037
-3.05563 1.44962 0.148222
-3.03339 1.45291 0.146985
-2.98395 1.46032 0.148746
-2.93642 1.46604 0.119804
-2.88761 1.46945 0.0695877
-2.83784 1.47306 0.0725199
-2.78801 1.47721 0.0829642
-2.74133 1.48332 0.130141
-2.69795 1.49063 0.167015
-2.64914 1.50065 0.202556
-2.59973 1.50553 0.0983699
-2.55234 1.5125 0.146068
-2.50245 1.51569 0.0638442
-2.45414 1.51818 0.0515702
-2.40418 1.51826 0.00151445
-2.35717 1.51885 0.0126916
-2.31009 1.5204 0.0327617
-2.26442 1.52113 0.0161263
-2.21447 1.52304 0.0381663
-2.16459 1.52565 0.0522847
-2.11516 1.5294 0.0757011
-2.06618 1.53342 0.0819035
-2.02501 1.535 0.038253
-1.98749 1.53538 0.0102912
-1.93767 1.53627 0.0178075
-1.88809 1.54 0.0749938
-1.83882 1.54508 0.10281
-1.79002 1.55049 0.110467
-1.74261 1.55509 0.0966441
-1.70188 1.55965 0.111629
-1.65244 1.56303 0.0682174
-1.60357 1.565 0.0401539
-1.55771 1.56645 0.0316029
-1.51411 1.56841 0.0450887
-1.46758 1.57032 0.0409413
-1.42894 1.57165 0.034311
-1.38355 1.57379 0.0471385
-1.34238 1.57695 0.0768101
-1.29278 1.58222 0.1057
-1.24309 1.58475 0.0508566
-1.19687 1.5861 0.0293447
-1.14879 1.58745 0.0279891
-1.10225 1.58733 -0.00265656
-1.05864 1.58805 0.0165224
-1.00865 1.58861 0.0112606
-0.973473 1.58907 0.0131277
-0.930026 1.59019 0.0256958
-0.880063 1.59208 0.037938
-0.845896 1.59264 0.0163847
-0.796656 1.59693 0.0868818
-0.748758 1.59896 0.0422279
-0.699041 1.59812 -0.0167253
-0.65773 1.59811 -0.000391975
-0.607752 1.59666 -0.0289695
-0.557775 1.59707 0.00828159
-0.516575 1.59763 0.0134984
-0.468182 1.59755 -0.00169718
-0.428534 1.59998 0.0612254
-0.384421 1.60328 0.0747057
-0.334428 1.60405 0.0154636
-0.284762 1.60435 0.00594281
-0.235015 1.6037 -0.0130491
-0.185373 1.60366 -0.000855658
-0.146934 1.60451 0.0221152
-0.100754 1.60429 -0.00461443
-0.0507751 1.60556 0.0252961
-0.0048961 1.60833 0.060385
0.032243 1.61029 0.0527581
0.080243 1.61202 0.0360497
0.129743 1.61249 0.009349
0.179223 1.6135 0.0204606
0.226001 1.61235 -0.0245794
0.273323 1.61042 -0.040819
0.320336 1.60992 -0.0106514
0.362468 1.61075 0.0196983
0.411819 1.61352 0.0561975
0.454081 1.61501 0.0351113
0.488883 1.6184 0.0971252
0.53843 1.62256 0.0836969
0.587006 1.62548 0.0601275
0.63099 1.62709 0.0365976
0.680877 1.62811 0.0204
0.722317 1.63053 0.0582751
0.763939 1.63383 0.0793479
0.809698 1.63706 0.0703191
0.850839 1.64036 0.0801571
0.900738 1.6434 0.0608569
0.93357 1.64602 0.07964
0.977075 1.64772 0.0390916
1.02613 1.65043 0.0549935
1.07502 1.65189 0.0299969
1.12146 1.65542 0.0758299
1.16333 1.65938 0.0941728
1.20356 1.66515 0.142673
1.24893 1.67117 0.131769
1.29616 1.67731 0.129273
1.34322 1.68111 0.0805985
1.39249 1.68519 0.0826526
1.41943 1.68817 0.110262
1.46725 1.69354 0.111717
1.51561 1.70043 0.141534
1.5653 1.70581 0.10797
1.6141 1.71099 0.105762
1.66334 1.71792 0.13967
1.70574 1.7232 0.124049
1.74761 1.73026 0.167077
1.79665 1.7386 0.168374
1.84428 1.74597 0.153385
1.89331 1.75516 0.185352
1.92953 1.76248 0.199338
1.97876 1.77073 0.166124
2.02641 1.77708 0.132591
2.07587 1.78275 0.114051
2.1255 1.78874 0.120159
2.17515 1.79374 0.100243
2.21663 1.80018 0.154031
2.26519 1.80782 0.156145
2.31072 1.81686 0.196007
2.35651 1.82555 0.187601
2.39587 1.83289 0.184344
2.4358 1.84093 0.198652
2.48464 1.85113 0.205799
2.53355 1.85998 0.17905
2.58274 1.86888 0.178929
2.6249 1.87475 0.138475
2.67467 1.87928 0.090727
2.71736 1.8847 0.126371
2.76682 1.89205 0.147554
2.81623 1.89651 0.0898632
2.86054 1.90139 0.109784
2.91044 1.9045 0.0622688
2.95904 1.90923 0.0970336
3.00483 1.91325 0.0874487
3.05451 1.91758 0.087017
3.10391 1.92357 0.12068
3.1533 1.93136 0.156381
3.19712 1.93659 0.118909
3.24576 1.94309 0.132698
3.28562 1.94873 0.140553
3.31919 1.95414 0.159833
3.35779 1.96018 0.155152
3.40746 1.96574 0.111586
3.45413 1.97488 0.193372
3.48685 1.9815 0.199725
3.52469 1.98986 0.217441
3.55738 1.99678 0.208471
3.58616 2.00465 0.266941
3.62211 2.01305 0.229426
3.66306 2.02128 0.198529
3.70816 2.03045 0.200593
3.75204 2.03941 0.201412
3.78639 2.04571 0.181308
3.8169 2.05173 0.194868
3.84615 2.05897 0.242705
3.8872 2.07197 0.306676
3.92261 2.08282 0.297265
3.96851 2.09597 0.279025
4.01052 2.10792 0.277104
4.02736 2.11302 0.294262
4.04552 2.11716 0.224075
4.05748 2.11943 0.18734
4.08049 2.12387 0.190632
4.07912 2.1236 0.195493
4.08991 2.12558 0.181781
4.09992 2.12727 0.166846
4.11386 2.1302 0.207475
4.12852 2.13436 0.276712
4.16523 2.14575 0.300742
4.20325 2.15954 0.347947
4.24035 2.1723 0.331344
4.25905 2.17922 0.354262
4.27925 2.18636 0.339958
4.29264 2.19082 0.321375
4.31943 2.20008 0.332827
4.34724 2.20826 0.286101
4.37923 2.21828 0.303442
4.4105 2.22695 0.270378
4.4335 2.23397 0.296365
4.46315 2.24258 0.282647
4.4838 2.24851 0.279711
4.49886 2.25228 0.245024
4.51101 2.25495 0.21593
4.5133 2.25525 0.133571
4.52275 2.25681 0.163368
4.52971 2.25836 0.219644
4.54831 2.26229 0.208027
4.55321 2.26357 0.256048
4.55437 2.26383 0.217549
4.56769 2.2673 0.254891
4.5754 2.26878 0.18998
4.58641 2.27093 0.193115
4.5981 2.27305 0.178695
4.61771 2.27609 0.154069
4.62495 2.27737 0.174376
4.63637 2.27998 0.224736
4.6501 2.28266 0.193199
4.66778 2.28563 0.166369
4.68951 2.28865 0.13816
4.70087 2.28991 0.110088
4.73084 2.2928 0.0959808
4.7645 2.29634 0.104987
4.78679 2.2978 0.0652807
4.7997 2.29904 0.0959261
4.81849 2.30057 0.0814063
4.84044 2.30283 0.102375
4.86945 2.30449 0.0572531
4.89549 2.30489 0.0153924
4.90569 2.30525 0.0345933
4.92594 2.3059 0.0321526
4.93245 2.30598 0.0132172
4.94065 2.30606 0.00960856
4.96569 2.3061 0.00137891
4.98423 2.30598 -0.00641766
5.01245 2.30585 -0.00460534
5.02606 2.30569 -0.0112956
5.03783 2.30556 -0.0110961
5.04585 2.30571 0.0184155
5.05092 2.30589 0.03542
5.05928 2.30622 0.0393435
5.07659 2.30685 0.0363366
5.10015 2.30744 0.0249329
5.1186 2.30807 0.0344675
5.13018 2.30874 0.057619
5.1431 2.30952 0.0602801
5.15487 2.31035 0.0706174
5.16074 2.31059 0.0408436
5.17196 2.31057 -0.00197449
5.1796 2.31046 -0.0140357
5.18937 2.31008 -0.0393649
5.19344 2.31016 0.018832
5.19856 2.31051 0.0690065
5.19921 2.31056 0.0822174
5.2038 2.31098 0.0901919
True
0.0646879
