4.48414 -0.00925083 -2.61353
4.46675 -0.0210532 -2.54537
4.45828 -0.0271073 -2.52105
4.43025 -0.0488966 -2.48075
4.3996 -0.073999 -2.45545
4.36601 -0.103974 -2.41294
4.33491 -0.131789 -2.41185
4.29904 -0.166518 -2.37238
4.26575 -0.200108 -2.35171
4.23149 -0.235636 -2.33812
4.20019 -0.273239 -2.26495
4.16869 -0.311811 -2.25551
4.14211 -0.348392 -2.19916
4.1163 -0.384193 -2.19545
4.09105 -0.418948 -2.19917
4.06556 -0.461946 -2.10587
4.05282 -0.487802 -2.02873
4.03445 -0.530139 -1.9802
4.01895 -0.564258 -1.99709
4.00044 -0.609741 -1.95736
3.98434 -0.647033 -1.97826
3.96475 -0.692186 -1.98012
3.94658 -0.738746 -1.94299
3.93206 -0.78112 -1.90086
3.92427 -0.805591 -1.87903
3.91536 -0.842503 -1.80761
3.90989 -0.86437 -1.8161
3.89768 -0.912574 -1.8188
3.88632 -0.956661 -1.82303
3.87296 -1.00125 -1.86186
3.85901 -1.04753 -1.86348
3.84215 -1.0946 -1.91493
3.83143 -1.12586 -1.90102
3.81585 -1.16373 -1.96098
3.79893 -1.20503 -1.95967
3.78292 -1.24754 -1.93095
3.76548 -1.29324 -1.93534
3.74847 -1.33432 -1.96353
3.73119 -1.37733 -1.95273
3.71808 -1.4165 -1.89393
3.70057 -1.46317 -1.92968
3.68432 -1.50517 -1.93985
3.67097 -1.54235 -1.91568
3.65419 -1.58127 -1.97782
3.63538 -1.62402 -1.98516
3.62194 -1.65687 -1.95938
3.60529 -1.69335 -1.99885
3.58431 -1.73691 -2.0198
3.56425 -1.77857 -2.01949
3.54239 -1.82109 -2.04556
3.51918 -1.86473 -2.05967
3.49389 -1.90631 -2.11731
3.46867 -1.94514 -2.14677
3.44172 -1.98726 -2.13997
3.41723 -2.02435 -2.15431
3.39246 -2.06044 -2.17235
3.36774 -2.10065 -2.12201
3.35204 -2.12603 -2.1247
3.32658 -2.16735 -2.12296
3.29759 -2.20808 -2.1895
3.26979 -2.24433 -2.225
3.24461 -2.27769 -2.21742
3.21389 -2.31708 -2.23314
3.19107 -2.34557 -2.24602
3.16111 -2.38451 -2.22658
3.13331 -2.42096 -2.22245
3.10509 -2.45697 -2.23549
3.08264 -2.48801 -2.19679
3.05336 -2.52426 -2.25042
3.01991 -2.56139 -2.3041
2.99265 -2.59339 -2.27634
2.96145 -2.63165 -2.25496
2.92997 -2.66961 -2.26303
2.89508 -2.70541 -2.34335
2.85992 -2.74095 -2.35071
2.82577 -2.77734 -2.32453
2.79451 -2.81125 -2.31563
2.77382 -2.83074 -2.38606
2.73979 -2.86391 -2.36891
2.70832 -2.8934 -2.38871
2.67447 -2.92334 -2.41742
2.63698 -2.95642 -2.41867
2.60174 -2.9886 -2.40147
2.57122 -3.01542 -2.42069
2.54167 -3.04092 -2.42958
2.50614 -3.07226 -2.41872
2.47012 -3.10581 -2.39179
2.43264 -3.13847 -2.42469
2.39419 -3.17041 -2.44857
2.36726 -3.19123 -2.48322
2.32872 -3.21928 -2.51252
2.29014 -3.24931 -2.4802
2.25419 -3.2758 -2.50655
2.22296 -3.29635 -2.55945
2.18245 -3.32205 -2.57629
2.1401 -3.34861 -2.58156
2.0976 -3.37489 -2.58775
2.05808 -3.3998 -2.57911
2.01489 -3.42499 -2.61362
1.97283 -3.44995 -2.60593
1.93213 -3.47385 -2.61063
1.89156 -3.49569 -2.64782
1.84726 -3.51874 -2.66182
1.81027 -3.53939 -2.63242
1.76743 -3.56486 -2.60517
1.72412 -3.58798 -2.65123
1.68278 -3.60971 -2.65782
1.63851 -3.63226 -2.67034
1.59477 -3.65647 -2.63617
1.55614 -3.67554 -2.6829
1.51477 -3.69804 -2.6434
1.47007 -3.71985 -2.68786
1.42917 -3.74045 -2.67493
1.3926 -3.75704 -2.71559
1.35078 -3.77863 -2.66511
1.30863 -3.79938 -2.68403
1.26514 -3.81979 -2.70301
1.23081 -3.83743 -2.66687
1.19689 -3.85329 -2.70419
1.16031 -3.86836 -2.75069
1.11397 -3.88713 -2.7569
1.07328 -3.90175 -2.79661
1.02964 -3.91793 -2.78653
0.987354 -3.93233 -2.81335
0.941994 -3.94683 -2.83223
0.895353 -3.95969 -2.87248
0.846641 -3.97044 -2.92446
0.803745 -3.98066 -2.9077
0.75645 -3.99117 -2.92293
0.71065 -4.00295 -2.88975
0.662389 -4.01597 -2.87808
0.618734 -4.02586 -2.91873
0.574439 -4.03636 -2.90892
0.525948 -4.04542 -2.95683
0.478174 -4.05247 -2.99514
0.429405 -4.06192 -2.95015
0.380116 -4.06788 -3.02128
0.332564 -4.07278 -3.03886
0.283464 -4.07888 -3.01808
0.233933 -4.08451 -3.02837
0.186675 -4.09085 -3.00816
0.145881 -4.09434 -3.05628
0.1021 -4.10114 -2.9876
0.0523535 -4.10611 -3.04196
0.00683144 -4.11033 -3.04907
-0.0428098 -4.11497 -3.04852
-0.0922205 -4.12262 -2.98798
-0.141822 -4.12732 -3.04715
-0.18989 -4.13231 -3.03817
-0.239489 -4.13668 -3.05361
-0.286961 -4.14164 -3.03754
-0.336633 -4.14717 -3.03069
-0.38285 -4.15227 -3.03177
-0.427206 -4.15425 -3.09691
-0.465419 -4.15428 -3.14079
-0.51055 -4.1528 -3.17428
-0.555251 -4.15355 3.15826
-0.594843 -4.15423 -3.12427
-0.643975 -4.15508 -3.12437
-0.693817 -4.15748 -3.09345
-0.742011 -4.15771 -3.13696
-0.78072 -4.15911 -3.1052
-0.822263 -4.15888 -3.14725
-0.87007 -4.15898 3.14363
-0.914276 -4.16034 -3.11087
-0.95488 -4.16153 -3.11216
-1.00008 -4.16132 -3.14626
-1.04305 -4.16222 3.16259
-1.09303 -4.16222 -3.14165
-1.13978 -4.16212 3.13955
-1.1837 -4.16173 3.13255
-1.23367 -4.16029 3.11283
-1.28105 -4.15725 3.07764
-1.32535 -4.15545 3.10079
-1.36355 -4.15327 3.0846
-1.38914 -4.15066 3.04014
-1.43527 -4.147 3.06248
-1.48458 -4.14332 3.06693
-1.52971 -4.14042 3.0774
-1.57762 -4.13898 3.11158
-1.6212 -4.13898 3.14175
-1.6711 -4.14165 -3.08814
-1.70587 -4.14174 -3.139
-1.75582 -4.14219 -3.13264
-1.80518 -4.14144 -3.15687
-1.85216 -4.1419 3.15136
-1.90154 -4.14361 -3.10682
-1.94595 -4.14673 -3.07159
-1.99088 -4.14873 -3.09711
-2.03986 -4.15212 -3.0724
-2.07992 -4.15495 -3.0712
-2.12968 -4.1596 -3.04828
-2.16774 -4.16324 -3.04628
-2.21661 -4.17015 -3.00117
-2.26604 -4.17637 -3.01639
-2.31274 -4.18135 -3.03547
-2.35571 -4.184 -3.08001
-2.38045 -4.18483 -3.10791
-2.41562 -4.18451 -3.15058
-2.45365 -4.18542 3.16531
-2.48724 -4.18614 -3.11998
-2.51918 -4.18606 -3.1442
-2.55307 -4.18652 3.15508
-2.59779 -4.18621 -3.14831
-2.62978 -4.18553 3.12012
-2.65356 -4.18523 3.12926
-2.66822 -4.18523 3.14102
-2.67994 -4.18518 3.13774
-2.69867 -4.18576 3.17245
-2.71644 -4.18628 -3.11233
-2.72654 -4.18655 -3.115
-2.74206 -4.18679 -3.1261
-2.77542 -4.18728 -3.12682
-2.80858 -4.18833 -3.10987
-2.83843 -4.18855 -3.13428
-2.86691 -4.18965 -3.10309
-2.89635 -4.19063 -3.10825
-2.93722 -4.19131 -3.12503
-2.97072 -4.19238 -3.10972
-3.00119 -4.19319 -3.11472
-3.02379 -4.19437 -3.08947
-3.04875 -4.1953 -3.1047
-3.07776 -4.19625 -3.10872
-3.10776 -4.19865 -3.06186
-3.13449 -4.20201 -3.01627
-3.15488 -4.20415 -3.03724
-3.16669 -4.20525 -3.04864
-3.17227 -4.20554 -3.08896
-3.18938 -4.207 -3.05683
-3.20082 -4.20791 -3.06209
-3.22985 -4.21028 -3.06001
-3.26219 -4.21299 -3.0581
-3.27531 -4.21343 -3.10777
-3.29437 -4.21416 -3.10351
-3.31178 -4.21443 -3.12591
-3.34256 -4.21439 -3.14306
-3.37252 -4.21445 3.14361
-3.41222 -4.21367 -3.16111
-3.45873 -4.21708 3.21464
-3.48271 -4.2199 -3.02444
-3.49549 -4.22158 -3.011
-3.50519 -4.22286 -3.01005
-3.51951 -4.22491 -2.99943
-3.53884 -4.22739 -3.01413
-3.5539 -4.22949 -3.00269
-3.57319 -4.23182 -3.0213
-3.60533 -4.23633 -3.00231
-3.62258 -4.23955 -2.95704
-3.63347 -4.24194 -2.92584
-3.65383 -4.24687 -2.90368
-3.6772 -4.25269 -2.89762
-3.69903 -4.25777 -2.91282
-3.72074 -4.26231 -2.93583
-3.73638 -4.26554 -2.93752
-3.76609 -4.27241 -2.91458
-3.79666 -4.27911 -2.92588
-3.82862 -4.28718 -2.89395
-3.85578 -4.29332 -2.91936
-3.87431 -4.29645 -2.97411
-3.89277 -4.29937 -2.98501
-3.9163 -4.30345 -2.96992
-3.93708 -4.30629 -3.00578
-3.94607 -4.3081 -2.94252
-3.96311 -4.31192 -2.92148
-3.96896 -4.31328 -2.91217
-3.97322 -4.31426 -2.91652
-3.99163 -4.31824 -2.92868
-4.00143 -4.32018 -2.94561
-4.01992 -4.32441 -2.91651
-4.02791 -4.32645 -2.89221
-4.03777 -4.32891 -2.89702
-4.048 -4.33145 -2.89858
-4.05245 -4.33256 -2.89647
-4.05599 -4.33344 -2.89703
-4.06604 -4.33565 -2.92503
-4.08023 -4.33807 -2.97306
-4.08806 -4.33925 -2.99215
-4.10339 -4.34124 -3.01211
-4.11711 -4.34262 -3.0414
-4.12431 -4.34294 -3.09702
-4.12732 -4.34303 -3.1121
-4.1447 -4.34286 -3.15162
-4.14652 -4.34285 3.13515
-4.15543 -4.34314 3.17408
-4.16444 -4.34402 -3.04419
-4.15902 -4.3431 -2.97476
-4.17719 -4.34756 -2.90086
-4.17487 -4.34692 -2.87
-4.17797 -4.34772 -2.8892
-4.17806 -4.34774 -2.88508
-4.18485 -4.34981 -2.84647
-4.19064 -4.35151 -2.85569
-4.20089 -4.35398 -2.90498
-4.21058 -4.35588 -2.94813
True
0.180659
