-5.47394 -0.399931 -0.0870896
-5.43759 -0.402456 -0.0693851
-5.39853 -0.405421 -0.0757438
-5.35067 -0.408542 -0.0651194
-5.30168 -0.413816 -0.107239
-5.25198 -0.417292 -0.0698338
-5.21058 -0.418536 -0.0300315
-5.16653 -0.419266 -0.0165633
-5.11868 -0.420152 -0.0185286
-5.06902 -0.420594 -0.00889469
-5.02077 -0.423153 -0.0529755
-4.97079 -0.424112 -0.0191874
-4.92465 -0.426511 -0.0519641
-4.8747 -0.428497 -0.0397305
-4.82865 -0.431435 -0.0637223
-4.77875 -0.433879 -0.0489253
-4.73372 -0.438801 -0.108868
-4.6847 -0.443216 -0.0898474
-4.63526 -0.448592 -0.108312
-4.607 -0.452104 -0.123592
-4.56804 -0.458813 -0.170546
-4.52202 -0.466875 -0.173404
-4.48278 -0.473229 -0.160579
-4.4339 -0.482701 -0.191401
-4.38923 -0.49188 -0.202669
-4.34554 -0.500501 -0.194801
-4.30027 -0.508739 -0.18002
-4.25585 -0.516307 -0.168741
-4.20904 -0.524415 -0.17151
-4.163 -0.529421 -0.108299
-4.1134 -0.535701 -0.125947
-4.0665 -0.538389 -0.0572593
-4.01779 -0.544226 -0.119265
-3.96846 -0.550577 -0.128042
-3.91955 -0.557785 -0.146304
-3.87157 -0.564674 -0.142624
-3.82215 -0.572168 -0.150487
-3.77312 -0.578394 -0.126309
-3.72359 -0.584751 -0.127651
-3.67592 -0.590302 -0.115908
-3.62722 -0.596384 -0.124237
-3.57825 -0.603 -0.134326
-3.5429 -0.607282 -0.120534
-3.49371 -0.61061 -0.0675462
-3.44431 -0.613789 -0.0642672
-3.40147 -0.617898 -0.0956186
-3.35582 -0.621878 -0.086972
-3.30703 -0.624717 -0.0581103
-3.2611 -0.629435 -0.102372
-3.21159 -0.633703 -0.0859961
-3.1634 -0.637832 -0.0854783
-3.1154 -0.643655 -0.120721
-3.06589 -0.649683 -0.121138
-3.01683 -0.655571 -0.119459
-2.96734 -0.661307 -0.115382
-2.9199 -0.667669 -0.133314
-2.87136 -0.672045 -0.0899149
-2.82349 -0.676936 -0.101809
-2.7742 -0.68357 -0.133793
-2.73593 -0.689556 -0.155132
-2.68744 -0.695351 -0.11896
-2.64409 -0.700431 -0.116662
-2.59846 -0.707483 -0.153334
-2.55321 -0.714366 -0.150956
-2.50935 -0.720232 -0.132925
-2.45957 -0.724647 -0.0884721
-2.41488 -0.72946 -0.107289
-2.36553 -0.733736 -0.0864412
-2.32704 -0.738029 -0.111049
-2.2834 -0.741797 -0.0861293
-2.23383 -0.747236 -0.1093
-2.18666 -0.74996 -0.0576689
-2.13674 -0.752324 -0.0473212
-2.08974 -0.75382 -0.0318329
-2.04251 -0.755033 -0.0256722
-1.99298 -0.755635 -0.0121514
-1.94314 -0.759511 -0.0776297
-1.89444 -0.76293 -0.0700767
-1.84466 -0.767578 -0.0931021
-1.79575 -0.772056 -0.0912969
-1.74605 -0.776489 -0.0889701
-1.71161 -0.778673 -0.0633102
-1.66207 -0.783459 -0.0963326
-1.61575 -0.787336 -0.0834834
-1.5734 -0.789098 -0.0415912
-1.52414 -0.792639 -0.0717611
-1.47928 -0.795612 -0.0661744
-1.43745 -0.799222 -0.0860813
-1.39049 -0.803008 -0.0804647
-1.34615 -0.806854 -0.0865181
-1.29672 -0.809155 -0.0465087
-1.24767 -0.812315 -0.0643324
-1.20619 -0.813938 -0.0391079
-1.15651 -0.815505 -0.0315352
-1.10659 -0.818277 -0.0554728
-1.0573 -0.821288 -0.0610158
-1.00742 -0.82459 -0.0660884
-0.962 -0.828779 -0.0919816
-0.91247 -0.832729 -0.0795674
-0.862747 -0.836274 -0.0711885
-0.812958 -0.839952 -0.0737328
-0.763164 -0.844203 -0.0851708
-0.713556 -0.844977 -0.0156057
-0.663701 -0.848127 -0.0630895
-0.615401 -0.84963 -0.0311009
-0.585295 -0.850676 -0.0347337
-0.536084 -0.852858 -0.0443137
-0.488225 -0.853148 -0.00605469
-0.43925 -0.856118 -0.0605727
-0.389392 -0.858697 -0.0516781
-0.354747 -0.860087 -0.0401026
-0.313286 -0.863086 -0.0722065
-0.27196 -0.866989 -0.0941732
-0.229274 -0.871581 -0.107169
-0.183753 -0.876215 -0.101439
-0.140221 -0.87947 -0.0746336
-0.0937202 -0.882324 -0.0613141
-0.0490485 -0.88658 -0.0949862
-0.000108481 -0.893087 -0.132182
0.0453841 -0.899598 -0.142141
0.0916674 -0.907178 -0.162348
0.130315 -0.91173 -0.117233
0.175252 -0.91672 -0.110591
0.220409 -0.922062 -0.117744
0.270119 -0.927258 -0.104154
0.319492 -0.934147 -0.138627
0.368363 -0.943225 -0.183671
0.417053 -0.954322 -0.224084
0.463957 -0.962632 -0.175346
0.504647 -0.967407 -0.11681
0.553542 -0.973748 -0.12898
0.594215 -0.977294 -0.0869471
0.639675 -0.981258 -0.0869839
0.679924 -0.98132 -0.00154712
0.729475 -0.984794 -0.069982
0.77901 -0.986669 -0.0378404
0.828244 -0.990782 -0.0833414
0.877278 -0.995866 -0.103321
0.926309 -0.999386 -0.0716703
0.975085 -1.00264 -0.0666186
1.01695 -1.00541 -0.066099
1.0668 -1.00801 -0.05214
1.11526 -1.01112 -0.0641169
1.16435 -1.01164 -0.0104942
1.21258 -1.01189 -0.00519714
1.25099 -1.01317 -0.033267
1.30019 -1.01486 -0.0343297
1.34893 -1.01551 -0.0133644
1.39632 -1.01798 -0.0520356
1.44594 -1.02346 -0.110035
1.48935 -1.02683 -0.0774694
1.53298 -1.03263 -0.132226
1.58194 -1.03831 -0.115459
1.63055 -1.04397 -0.115841
1.67939 -1.04841 -0.0906741
1.72924 -1.05209 -0.0737482
1.76354 -1.05492 -0.0823831
1.81342 -1.05708 -0.0431513
1.85614 -1.06043 -0.0783107
1.90211 -1.0658 -0.116308
1.94712 -1.07147 -0.125296
1.99134 -1.07678 -0.119517
2.04071 -1.08349 -0.135025
2.08968 -1.08939 -0.119916
2.13812 -1.09322 -0.0789999
2.18746 -1.09791 -0.0947182
2.23541 -1.10235 -0.0924332
2.28118 -1.10642 -0.0885486
2.32881 -1.11233 -0.123445
2.36399 -1.11849 -0.173372
2.40874 -1.12502 -0.144918
2.4534 -1.13187 -0.152302
2.49981 -1.1385 -0.141866
2.54732 -1.14566 -0.149631
2.59181 -1.15031 -0.104004
2.63687 -1.15577 -0.120642
2.68658 -1.16114 -0.107548
2.73647 -1.1643 -0.0632273
2.78586 -1.16719 -0.0585235
2.83551 -1.16931 -0.0425965
2.88261 -1.17169 -0.0504963
2.93191 -1.17346 -0.035887
2.97579 -1.17623 -0.0631622
3.02575 -1.17785 -0.0324126
3.07562 -1.17906 -0.0242829
3.12076 -1.17982 -0.0167545
3.16899 -1.1813 -0.030584
3.21874 -1.18369 -0.0481348
3.25481 -1.18621 -0.0698056
3.30288 -1.18834 -0.0441578
3.34935 -1.18879 -0.00962003
3.3946 -1.1907 -0.0423343
3.42658 -1.19066 0.00140345
3.45817 -1.19094 -0.00910081
3.49755 -1.19287 -0.0488378
3.52778 -1.19416 -0.0427877
3.54771 -1.19556 -0.0696949
3.58621 -1.19931 -0.0971109
3.63497 -1.20228 -0.0609119
3.67944 -1.20431 -0.0455349
3.72152 -1.20613 -0.0432412
3.7578 -1.20759 -0.0402292
3.79782 -1.20841 -0.0205351
3.8379 -1.21012 -0.0426129
3.86694 -1.2109 -0.0270698
3.89853 -1.21166 -0.0238647
3.92503 -1.21206 -0.0152496
3.94775 -1.21337 -0.0576303
3.985 -1.21707 -0.0990098
4.01733 -1.22198 -0.150504
4.05012 -1.22777 -0.174963
4.09784 -1.23686 -0.188273
4.13032 -1.24381 -0.210572
4.1601 -1.25087 -0.232892
4.18921 -1.25813 -0.244284
4.22919 -1.26867 -0.257767
4.25476 -1.2753 -0.253868
4.26044 -1.27635 -0.182953
4.27584 -1.27954 -0.203912
4.28873 -1.28118 -0.126952
4.3046 -1.2827 -0.0956707
4.32041 -1.28459 -0.118853
4.33373 -1.28603 -0.107119
4.34857 -1.28754 -0.101929
4.35287 -1.28778 -0.0541369
4.36067 -1.28801 -0.0302977
4.3863 -1.28813 -0.00446326
4.39917 -1.28857 -0.03477
4.418 -1.29022 -0.0871009
4.43639 -1.29213 -0.103602
4.45421 -1.29445 -0.129572
4.46867 -1.29578 -0.0917501
4.47882 -1.29621 -0.0417492
4.51086 -1.29595 0.00815745
4.5311 -1.29617 -0.011022
4.55152 -1.29658 -0.0200111
4.58155 -1.29715 -0.0189481
4.59903 -1.29805 -0.0513413
4.61385 -1.29854 -0.0332949
4.62245 -1.29871 -0.0196956
4.64101 -1.29963 -0.0498455
4.66368 -1.30094 -0.0575396
4.67447 -1.30172 -0.0718562
4.69162 -1.30175 -0.00169078
4.70703 -1.30149 0.0165258
4.7261 -1.30155 -0.00282999
4.74115 -1.30156 -0.00120701
4.75484 -1.30136 0.0145035
4.79145 -1.30047 0.0244411
4.82045 -1.29984 0.0217163
4.84296 -1.29972 0.00528646
4.85589 -1.29975 -0.00210963
4.86856 -1.30009 -0.0269493
4.87751 -1.30046 -0.0411923
4.88738 -1.30085 -0.039705
4.90013 -1.30117 -0.0253191
4.91763 -1.30065 0.0298067
4.94539 -1.29945 0.0432579
4.95745 -1.29881 0.0533104
4.97411 -1.29859 0.0128979
4.97936 -1.29862 -0.00493408
4.98406 -1.29853 0.0191192
4.98404 -1.29853 0.0260763
5.0028 -1.2977 0.0441719
5.03325 -1.29471 0.0977055
5.05087 -1.2925 0.124859
5.06966 -1.2902 0.121788
5.0829 -1.28843 0.132998
5.09579 -1.28641 0.155202
5.1103 -1.28422 0.149788
5.1221 -1.28273 0.125723
5.1358 -1.28202 0.0517223
5.15513 -1.2818 0.0117528
5.15935 -1.28183 -0.00718814
5.16487 -1.2817 0.0234965
5.16721 -1.28166 0.0166739
5.17407 -1.28155 0.0164726
5.1878 -1.28244 -0.0651611
5.20424 -1.28369 -0.075574
True
0.0651209
