-5.46172 -0.990686 0.162987
-5.42151 -0.983958 0.165782
-5.37237 -0.975021 0.179919
-5.3238 -0.969244 0.118361
-5.27714 -0.960787 0.17932
-5.22988 -0.95274 0.168645
-5.19669 -0.946682 0.180535
-5.15611 -0.937107 0.231704
-5.10736 -0.928498 0.174812
-5.05838 -0.920817 0.155538
-5.00946 -0.912588 0.166669
-4.96126 -0.901402 0.228031
-4.91753 -0.889867 0.257908
-4.87157 -0.877411 0.264668
-4.82345 -0.863857 0.274543
-4.77593 -0.850405 0.275882
-4.72761 -0.837578 0.259462
-4.6798 -0.825819 0.241155
-4.63154 -0.814911 0.222286
-4.58286 -0.804303 0.214551
-4.53452 -0.794694 0.196243
-4.48721 -0.783906 0.224178
-4.44995 -0.773728 0.26668
-4.40266 -0.761438 0.254242
-4.35448 -0.748155 0.269046
-4.30604 -0.736038 0.245093
-4.26284 -0.723742 0.277321
-4.22101 -0.712865 0.254421
-4.18311 -0.700839 0.307172
-4.13948 -0.686626 0.314918
-4.09647 -0.671232 0.343733
-4.04929 -0.654765 0.335818
-4.00331 -0.64023 0.306144
-3.96743 -0.629088 0.301132
-3.91979 -0.614216 0.302586
-3.87206 -0.599377 0.301404
-3.83555 -0.5883 0.29463
-3.79422 -0.576454 0.279117
-3.74577 -0.564193 0.247883
-3.69723 -0.552568 0.235013
-3.66056 -0.54633 0.168537
-3.61189 -0.538512 0.159272
-3.57597 -0.531639 0.189069
-3.52667 -0.523311 0.167349
-3.47835 -0.512129 0.227386
-3.42953 -0.501793 0.208629
-3.39249 -0.494851 0.185297
-3.34736 -0.486137 0.190752
-3.29817 -0.477394 0.175898
-3.24981 -0.466435 0.222848
-3.20131 -0.456249 0.207003
-3.15362 -0.445344 0.224785
-3.10841 -0.436416 0.194991
-3.06575 -0.427161 0.213654
-3.01743 -0.414408 0.257984
-2.96915 -0.401435 0.262537
-2.92072 -0.389022 0.250918
-2.87278 -0.378554 0.214962
-2.82411 -0.369445 0.18502
-2.78162 -0.359399 0.23216
-2.73406 -0.347436 0.246422
-2.68533 -0.336349 0.223719
-2.63841 -0.325092 0.23549
-2.59727 -0.313499 0.274656
-2.55184 -0.301753 0.252983
-2.50468 -0.288782 0.268404
-2.45698 -0.276713 0.247839
-2.4094 -0.264121 0.258703
-2.36634 -0.25055 0.305291
-2.3291 -0.239827 0.280404
-2.28139 -0.226081 0.280496
-2.23626 -0.213792 0.265902
-2.18996 -0.200548 0.278554
-2.14688 -0.190145 0.236973
-2.10187 -0.177819 0.267313
-2.06467 -0.1669 0.285438
-2.01661 -0.154754 0.247574
-1.96905 -0.139987 0.301019
-1.92557 -0.12711 0.287933
-1.88437 -0.113721 0.314246
-1.83719 -0.0975359 0.330431
-1.78929 -0.0832212 0.290408
-1.74423 -0.0711987 0.260741
-1.7002 -0.0575019 0.301615
-1.65917 -0.0430144 0.339437
-1.61145 -0.0281675 0.301589
-1.58148 -0.018193 0.321282
-1.53338 -0.0049792 0.26812
-1.48855 0.00758782 0.273345
-1.44539 0.0192492 0.263841
-1.40036 0.0310728 0.256818
-1.35958 0.0389714 0.191305
-1.31115 0.048426 0.1928
-1.26238 0.058592 0.20548
-1.21442 0.0701686 0.236872
-1.16691 0.0826785 0.257439
-1.11884 0.0920622 0.192788
-1.06976 0.101441 0.188843
-1.02076 0.110263 0.178125
-0.971845 0.11753 0.147477
-0.922461 0.124162 0.133498
-0.874611 0.132028 0.162935
-0.833977 0.14115 0.220829
-0.788632 0.150107 0.19502
-0.745585 0.155215 0.118112
-0.700813 0.161081 0.130283
-0.670394 0.164969 0.127105
-0.621713 0.168396 0.0702854
-0.577727 0.172382 0.0903752
-0.528171 0.175887 0.0705985
-0.478299 0.17946 0.0715284
-0.445602 0.183011 0.10819
-0.397796 0.186721 0.0774549
-0.35031 0.187537 0.0171803
-0.309588 0.188207 0.016448
-0.273245 0.189284 0.0296118
-0.223434 0.189881 0.0119979
-0.173465 0.19092 0.0207871
-0.128598 0.192192 0.0283411
-0.0786042 0.192651 0.00916991
-0.0344987 0.191973 -0.0153643
0.0154508 0.191235 -0.0147733
0.0652988 0.187957 -0.0656602
0.112887 0.184307 -0.0765497
0.160832 0.180097 -0.0875819
0.210046 0.177966 -0.0432812
0.259342 0.176499 -0.0297587
0.309 0.174879 -0.0326098
0.338309 0.173868 -0.0344779
0.376303 0.171079 -0.0732783
0.403004 0.168991 -0.0780359
0.449691 0.165877 -0.0665881
0.49955 0.16246 -0.0684302
0.536331 0.159772 -0.072965
0.584639 0.157842 -0.0399189
0.634433 0.153327 -0.0904275
0.672466 0.151485 -0.0484083
0.712644 0.150435 -0.0261098
0.755741 0.148717 -0.0398574
0.805016 0.146793 -0.0390185
0.854568 0.144153 -0.053219
0.901393 0.140882 -0.0697479
0.951332 0.139426 -0.0291536
0.997315 0.137698 -0.0375487
1.04169 0.137502 -0.00442607
1.09169 0.13697 -0.0106346
1.1402 0.137088 0.00241821
1.18958 0.137459 0.00752577
1.23573 0.137608 0.003215
1.28374 0.138545 0.0195262
1.33334 0.13742 -0.0226832
1.37732 0.138301 0.0200371
1.41593 0.139693 0.0360376
1.45701 0.142555 0.0695388
1.49952 0.147265 0.110355
1.53984 0.152076 0.118753
1.57625 0.158054 0.162736
1.62112 0.166518 0.186432
1.66984 0.177466 0.221068
1.71773 0.188465 0.225764
1.76596 0.197924 0.193668
1.81201 0.205661 0.166432
1.85298 0.213735 0.194581
1.89982 0.224241 0.220635
1.94696 0.235392 0.232308
1.98901 0.246184 0.2512
2.03293 0.258859 0.280981
2.07639 0.270851 0.269219
2.12413 0.285171 0.291426
2.15674 0.293361 0.246055
2.20347 0.307675 0.297214
2.25132 0.321224 0.275955
2.29722 0.335517 0.301903
2.34432 0.350276 0.303671
2.39004 0.364873 0.309039
2.43756 0.380338 0.314624
2.47679 0.392428 0.29889
2.52347 0.410334 0.366318
2.56493 0.426985 0.381904
2.61125 0.444809 0.367295
2.6524 0.460309 0.360271
2.68501 0.472629 0.361188
2.73069 0.49048 0.372536
2.77368 0.506714 0.361089
2.81315 0.521565 0.359846
2.85527 0.537623 0.36424
2.90133 0.554855 0.358041
2.94583 0.572699 0.38136
2.97918 0.58655 0.39362
3.00785 0.597733 0.371893
3.04371 0.612395 0.3881
3.07479 0.623554 0.344723
3.11487 0.638038 0.346792
3.152 0.650894 0.333316
3.1977 0.665419 0.307721
3.23121 0.677023 0.333373
3.27715 0.692809 0.331016
3.32288 0.708612 0.332711
3.36632 0.721246 0.283001
3.41054 0.733037 0.260633
3.45317 0.741706 0.200612
3.49769 0.75066 0.198432
3.54547 0.762357 0.24013
3.58649 0.772158 0.234493
3.61599 0.780085 0.262541
3.64825 0.788832 0.26475
3.67386 0.795248 0.245521
3.71503 0.806906 0.275913
3.74683 0.816255 0.286014
3.77416 0.824345 0.287705
3.79702 0.830498 0.262958
3.83344 0.841612 0.296173
3.87477 0.854835 0.309681
3.91468 0.867814 0.314386
3.93016 0.872748 0.308645
3.96921 0.886349 0.335163
4.00786 0.900811 0.358057
4.05309 0.918078 0.364644
4.07534 0.926573 0.364726
4.09018 0.931902 0.344867
4.11227 0.941473 0.408743
4.12917 0.948395 0.38877
4.15686 0.960837 0.422352
4.17961 0.971345 0.43271
4.21201 0.987116 0.452969
4.22466 0.993892 0.491691
4.26581 1.01472 0.468491
4.30505 1.02958 0.362025
4.34257 1.04378 0.361866
4.38796 1.05972 0.337663
4.43126 1.07697 0.379109
4.47357 1.09505 0.40383
4.51167 1.11046 0.384341
4.54976 1.12553 0.376883
4.58812 1.14144 0.393023
4.62202 1.15724 0.43618
4.63886 1.16565 0.463177
4.65741 1.17411 0.42802
4.68109 1.18437 0.408886
4.6971 1.19113 0.399678
4.71825 1.2001 0.401193
4.73583 1.20707 0.377145
4.75351 1.21349 0.348183
4.77193 1.22024 0.351367
4.79224 1.22818 0.372524
4.79634 1.22974 0.363855
4.80922 1.2346 0.361162
4.81781 1.23773 0.349462
4.82685 1.24096 0.343396
4.85379 1.25079 0.349729
4.86564 1.25509 0.348239
4.87621 1.25902 0.355947
4.88446 1.26235 0.382776
4.89328 1.266 0.393305
4.90873 1.27235 0.3901
4.92869 1.28006 0.368485
4.93999 1.28466 0.386377
4.95406 1.29042 0.388432
4.96669 1.29568 0.394877
4.9848 1.30249 0.359555
5.0077 1.31152 0.375699
5.01686 1.31563 0.421207
5.0327 1.32235 0.401453
5.05108 1.33004 0.396458
5.06767 1.33707 0.40066
5.0716 1.33875 0.402852
5.07923 1.34231 0.437453
5.08133 1.34334 0.454453
5.09092 1.34853 0.496328
5.09989 1.35345 0.501076
5.11652 1.36269 0.50709
5.12488 1.36776 0.545545
5.12746 1.3691 0.480262
5.13759 1.37435 0.477688
5.14412 1.3776 0.461877
5.14614 1.37867 0.48748
5.14855 1.38015 0.550163
5.15728 1.3857 0.566335
5.16532 1.391 0.58324
5.16847 1.39303 0.572893
5.18443 1.40352 0.581097
5.18977 1.40697 0.574452
5.20357 1.41584 0.571315
True
0.0677018
