-5.45523 -0.560825 0.286619
-5.41161 -0.547919 0.287641
-5.37927 -0.540341 0.230147
-5.33927 -0.530858 0.232818
-5.29536 -0.521191 0.21666
-5.24678 -0.511607 0.194788
-5.19932 -0.502696 0.185592
-5.15317 -0.492971 0.207734
-5.10471 -0.480707 0.247856
-5.05708 -0.4675 0.270463
-5.01064 -0.453191 0.298891
-4.96912 -0.439798 0.31207
-4.92837 -0.427785 0.286664
-4.88198 -0.412993 0.30865
-4.83591 -0.399859 0.277705
-4.79041 -0.388721 0.240089
-4.75102 -0.379667 0.225959
-4.70402 -0.368205 0.239198
-4.65746 -0.355357 0.26919
-4.61375 -0.343684 0.261017
-4.56661 -0.329223 0.297614
-4.51918 -0.315405 0.283536
-4.47512 -0.304383 0.245106
-4.42685 -0.291512 0.260593
-4.37859 -0.278466 0.264031
-4.33791 -0.266229 0.2922
-4.29391 -0.254217 0.266467
-4.24583 -0.240684 0.27437
-4.20023 -0.227642 0.278564
-4.16052 -0.214749 0.313958
-4.11567 -0.202793 0.260523
-4.06864 -0.18844 0.296243
-4.02212 -0.175035 0.280533
-3.97837 -0.161853 0.292658
-3.93352 -0.147883 0.301934
-3.89066 -0.136701 0.255238
-3.84755 -0.125686 0.250145
-3.79932 -0.112978 0.25762
-3.75997 -0.102643 0.256866
-3.71954 -0.0913937 0.271374
-3.68274 -0.0811759 0.270812
-3.6348 -0.0679564 0.269086
-3.59222 -0.0560054 0.273597
-3.5437 -0.044147 0.239699
-3.49586 -0.0312355 0.263644
-3.44798 -0.0198088 0.23423
-3.40621 -0.0101265 0.2278
-3.35752 0.000902043 0.222745
-3.30919 0.0134212 0.253442
-3.26062 0.0250632 0.235275
-3.21298 0.0383347 0.271679
-3.16478 0.0493076 0.223844
-3.1188 0.0593686 0.215443
-3.07714 0.0677838 0.199307
-3.03686 0.0775745 0.238405
-2.9886 0.0906628 0.26487
-2.95011 0.101902 0.284082
-2.90208 0.115779 0.281243
-2.85455 0.129528 0.281589
-2.82153 0.138944 0.277829
-2.77581 0.148315 0.20216
-2.72779 0.159783 0.234437
-2.67897 0.169206 0.19067
-2.63107 0.179723 0.216116
-2.58281 0.192016 0.249452
-2.54007 0.202034 0.23023
-2.5037 0.210627 0.232013
-2.45884 0.220398 0.214447
-2.41025 0.231272 0.220166
-2.36516 0.241335 0.219582
-2.32071 0.253796 0.273294
-2.27195 0.264809 0.222113
-2.22363 0.274963 0.207162
-2.18408 0.281276 0.158293
-2.13485 0.287116 0.118057
-2.08816 0.292986 0.125069
-2.04049 0.299571 0.137261
-1.99658 0.307976 0.189159
-1.95312 0.316869 0.201837
-1.90438 0.326044 0.186056
-1.85481 0.332396 0.12744
-1.81607 0.33707 0.120086
-1.76689 0.342866 0.117301
-1.71744 0.350232 0.147882
-1.67383 0.359943 0.219075
-1.62507 0.370926 0.22158
-1.58237 0.379024 0.187422
-1.5335 0.38904 0.202136
-1.48593 0.398891 0.204205
-1.45014 0.403973 0.141057
-1.40996 0.410271 0.155462
-1.36773 0.416132 0.137917
-1.32287 0.421497 0.11902
-1.2775 0.427534 0.132293
-1.22874 0.435176 0.155471
-1.1803 0.443319 0.166532
-1.13052 0.447649 0.0867744
-1.08104 0.452861 0.104966
-1.03143 0.459045 0.123992
-0.982098 0.466092 0.141893
-0.933892 0.47366 0.155711
-0.905946 0.478794 0.181688
-0.859812 0.485382 0.141851
-0.813618 0.494133 0.187217
-0.76445 0.502999 0.178407
-0.720294 0.511979 0.200622
-0.672771 0.51951 0.157158
-0.634275 0.526227 0.172748
-0.605946 0.532933 0.232452
-0.560049 0.541185 0.177892
-0.515628 0.551716 0.232773
-0.469294 0.565989 0.298834
-0.420931 0.577898 0.241443
-0.375613 0.590169 0.264428
-0.329888 0.602755 0.268597
-0.282076 0.613956 0.23013
-0.233469 0.624722 0.217973
-0.188635 0.636095 0.248426
-0.14062 0.646795 0.219254
-0.0940553 0.658038 0.236913
-0.0490098 0.670292 0.26561
-0.000326064 0.680702 0.210665
0.0473508 0.690391 0.20049
0.0927912 0.701031 0.230004
0.141877 0.710131 0.183315
0.190807 0.720353 0.205944
0.237894 0.729422 0.19027
0.28149 0.738579 0.207029
0.329441 0.752618 0.284835
0.376451 0.765707 0.271538
0.417924 0.776893 0.263452
0.46629 0.789143 0.248058
0.506995 0.798836 0.233776
0.552041 0.80819 0.20474
0.600613 0.818098 0.201223
0.648633 0.826632 0.175893
0.696912 0.837909 0.229473
0.743132 0.848485 0.224938
0.791345 0.860778 0.249654
0.834588 0.872585 0.266548
0.882141 0.887708 0.307906
0.92144 0.901203 0.330784
0.962201 0.913635 0.296034
1.00911 0.929764 0.331184
1.05227 0.944497 0.328936
1.09837 0.960403 0.33223
1.14615 0.973923 0.275785
1.19357 0.987233 0.273608
1.23951 0.999942 0.269933
1.28268 1.01265 0.286241
1.32751 1.02694 0.308607
1.36803 1.04059 0.32484
1.41004 1.05635 0.359013
1.45298 1.07185 0.346309
1.49652 1.08936 0.382347
1.54414 1.10427 0.30341
1.58441 1.11551 0.272304
1.63283 1.1276 0.244744
1.67804 1.14101 0.288238
1.72588 1.15432 0.271477
1.7734 1.16761 0.27264
1.81942 1.17768 0.215424
1.86798 1.18962 0.241074
1.9075 1.20113 0.283511
1.95157 1.21738 0.353212
1.99569 1.23425 0.365107
2.04028 1.25321 0.402121
2.08706 1.27076 0.35891
2.13118 1.28686 0.349945
2.17299 1.30061 0.317678
2.21971 1.31521 0.30292
2.25725 1.32581 0.275101
2.29897 1.33695 0.260937
2.34286 1.34982 0.28534
2.38642 1.36452 0.325485
2.43338 1.38089 0.335239
2.48079 1.39674 0.322701
2.51024 1.40659 0.322925
2.54713 1.41993 0.346925
2.59313 1.43547 0.32574
2.63965 1.45356 0.370872
2.68546 1.47342 0.409112
2.72548 1.48954 0.382997
2.76809 1.50507 0.349362
2.81306 1.5216 0.352192
2.85812 1.53777 0.344611
2.89988 1.55008 0.286683
2.94723 1.56488 0.302945
2.99407 1.58159 0.34271
3.03983 1.59837 0.351398
3.08351 1.61538 0.371432
3.12446 1.631 0.364266
3.16184 1.64502 0.35899
3.20699 1.66081 0.336449
3.24792 1.67371 0.305222
3.28978 1.68662 0.299212
3.33441 1.70161 0.324107
3.37495 1.71498 0.318464
3.40942 1.72746 0.34726
3.45691 1.74265 0.309665
3.49937 1.75565 0.29714
3.53891 1.76729 0.286268
3.57186 1.77622 0.264664
3.6076 1.78557 0.255833
3.64867 1.79699 0.271221
3.68972 1.80928 0.290892
3.73822 1.82099 0.236951
3.77457 1.83071 0.261128
3.8098 1.83947 0.24379
3.85039 1.84906 0.232004
3.86915 1.85323 0.218585
3.89202 1.85882 0.239939
3.92801 1.86901 0.27592
3.94274 1.87368 0.307158
3.96493 1.88116 0.325048
3.98971 1.88927 0.316113
4.03375 1.90437 0.330424
4.05471 1.91161 0.33268
4.06147 1.91406 0.347457
4.06752 1.91619 0.338148
4.0835 1.92121 0.304523
4.10683 1.92888 0.3175
4.12481 1.93637 0.395075
4.1394 1.94308 0.430338
4.15337 1.94904 0.403556
4.17882 1.95785 0.333392
4.21093 1.9689 0.331491
4.25692 1.98399 0.3169
4.29234 1.99689 0.349354
4.32643 2.01125 0.398535
4.36357 2.02791 0.421642
4.40741 2.04659 0.402967
4.4487 2.06773 0.473171
4.48274 2.08451 0.457848
4.50367 2.09518 0.471805
4.52995 2.10792 0.451228
4.54166 2.11349 0.443844
4.55953 2.1219 0.440219
4.5705 2.12661 0.405088
4.57567 2.1286 0.366672
4.59681 2.13758 0.401689
4.60362 2.14033 0.384841
4.62831 2.14991 0.370026
4.64382 2.15555 0.348881
4.65061 2.15789 0.332111
4.66618 2.16368 0.355756
4.67835 2.16791 0.33422
4.70798 2.17897 0.357481
4.72679 2.18578 0.347458
4.7462 2.1926 0.337694
4.76553 2.19859 0.300592
4.79533 2.20772 0.297095
4.81595 2.21434 0.310758
4.84029 2.22239 0.319462
4.86377 2.2307 0.339908
4.87989 2.23631 0.335288
4.88971 2.24002 0.360663
4.90229 2.24417 0.318736
4.91358 2.24787 0.316897
4.92783 2.25337 0.368373
4.93898 2.25736 0.343666
4.94502 2.25945 0.333337
4.95179 2.2621 0.372179
4.97079 2.2709 0.434211
4.99585 2.2832 0.456279
5.01084 2.29086 0.472254
5.02337 2.29725 0.471197
5.0368 2.30407 0.470231
5.04689 2.30961 0.502174
5.05494 2.31432 0.529131
5.0763 2.32655 0.519918
5.08549 2.3316 0.503265
5.10199 2.34114 0.523865
5.11361 2.34838 0.557506
5.12624 2.35582 0.531903
5.128 2.35693 0.566955
5.13344 2.36057 0.588496
5.14145 2.36578 0.576942
5.1495 2.37159 0.625275
5.16847 2.38557 0.634924
5.17589 2.39135 0.661934
5.19067 2.4024 0.642227
5.21322 2.41952 0.649296
True
0.27292
