-5.46582 -1.13666 -0.0056948
-5.41883 -1.13988 -0.0684751
-5.37877 -1.14131 -0.0356821
-5.33119 -1.1423 -0.0207132
-5.28132 -1.14536 -0.0612276
-5.23451 -1.14646 -0.0234507
-5.19052 -1.14813 -0.0380541
-5.14054 -1.14653 0.0319651
-5.09334 -1.14502 0.0319404
-5.04669 -1.14187 0.067561
-4.9971 -1.13855 0.066861
-4.94714 -1.13661 0.0388424
-4.9066 -1.13356 0.0749138
-4.86063 -1.12877 0.103895
-4.81101 -1.12645 0.0467473
-4.76118 -1.12272 0.0747551
-4.71857 -1.11872 0.0935235
-4.66966 -1.11395 0.097286
-4.62194 -1.10657 0.153412
-4.58344 -1.09938 0.184536
-4.53427 -1.09129 0.163136
-4.4853 -1.0828 0.171585
-4.43601 -1.0744 0.168814
-4.39127 -1.06585 0.188768
-4.34445 -1.05923 0.140611
-4.30508 -1.05414 0.128548
-4.26091 -1.04737 0.152046
-4.21155 -1.03947 0.158622
-4.16304 -1.03009 0.191175
-4.12212 -1.0234 0.161975
-4.07303 -1.01569 0.155802
-4.0273 -1.00833 0.159603
-3.98555 -1.00167 0.158148
-3.94231 -0.995978 0.13086
-3.90567 -0.990861 0.138723
-3.85611 -0.984282 0.13199
-3.81015 -0.977977 0.136321
-3.76113 -0.971567 0.130046
-3.71378 -0.962834 0.182384
-3.66695 -0.957078 0.122289
-3.62679 -0.953064 0.0996356
-3.57977 -0.949753 0.0703056
-3.54244 -0.948486 0.0339135
-3.49894 -0.946825 0.0381599
-3.44916 -0.945886 0.0188691
-3.40258 -0.944305 0.0339298
-3.36387 -0.942792 0.0390617
-3.31446 -0.943654 -0.0174416
-3.26486 -0.943253 0.0080851
-3.22573 -0.944694 -0.0368161
-3.17956 -0.947515 -0.0610214
-3.13163 -0.950339 -0.0588402
-3.08178 -0.953714 -0.0676068
-3.03751 -0.956375 -0.060035
-2.9927 -0.958276 -0.0424071
-2.94312 -0.958785 -0.0102612
-2.90018 -0.961247 -0.057289
-2.85516 -0.963957 -0.0601108
-2.80986 -0.965171 -0.0267922
-2.75987 -0.965824 -0.0130709
-2.70992 -0.965638 0.00373378
-2.66283 -0.96429 0.0286171
-2.61507 -0.963965 0.00679804
-2.56721 -0.96358 0.00805388
-2.51995 -0.96255 0.0217774
-2.47127 -0.959724 0.0579961
-2.43037 -0.956212 0.0856495
-2.38078 -0.953654 0.0515428
-2.34143 -0.950476 0.0805763
-2.30212 -0.948011 0.0626416
-2.25245 -0.945664 0.0472178
-2.20684 -0.944946 0.0157351
-2.15793 -0.944932 0.000289713
-2.10816 -0.945192 -0.00522521
-2.06074 -0.94561 -0.00881282
-2.01144 -0.944506 0.0223864
-1.9699 -0.942069 0.0586015
-1.92586 -0.940413 0.0375854
-1.87783 -0.937066 0.0695523
-1.84407 -0.935829 0.0366302
-1.79415 -0.933068 0.0552642
-1.75507 -0.92991 0.0806389
-1.70528 -0.925474 0.0888562
-1.65608 -0.92309 0.0484245
-1.61026 -0.921951 0.02484
-1.56115 -0.918628 0.0675692
-1.51256 -0.914743 0.0797993
-1.46329 -0.910423 0.0874384
-1.41335 -0.908597 0.0365616
-1.36775 -0.90524 0.0734636
-1.32196 -0.899948 0.115073
-1.27286 -0.890955 0.181152
-1.22763 -0.88352 0.16294
-1.18166 -0.878007 0.119327
-1.13256 -0.873876 0.0839483
-1.08348 -0.868493 0.109222
-1.03376 -0.865889 0.0523348
-0.983817 -0.864369 0.0304351
-0.933826 -0.865136 -0.0153464
-0.900141 -0.863662 0.0437129
-0.855683 -0.862583 0.0242869
-0.817854 -0.862093 0.0129387
-0.784235 -0.860235 0.0552013
-0.735112 -0.856498 0.0759346
-0.685813 -0.851237 0.106307
-0.636001 -0.846922 0.0864113
-0.586261 -0.844559 0.0474816
-0.537798 -0.839733 0.0992459
-0.490684 -0.835225 0.0953957
-0.453214 -0.830221 0.132772
-0.406015 -0.825691 0.0956727
-0.356567 -0.820464 0.10531
-0.308724 -0.816314 0.0865271
-0.25941 -0.811349 0.100343
-0.215432 -0.805942 0.122348
-0.170006 -0.798068 0.171627
-0.12026 -0.793397 0.0936285
-0.0712871 -0.786628 0.137336
-0.0366217 -0.780864 0.164777
0.00894203 -0.774355 0.141896
0.0584321 -0.768643 0.114899
0.108063 -0.763248 0.108277
0.153011 -0.758132 0.113348
0.200159 -0.755471 0.0563704
0.245085 -0.755562 -0.0020267
0.286881 -0.757423 -0.0444812
0.336542 -0.756988 0.00875352
0.383363 -0.75631 0.014478
0.430401 -0.755273 0.0220345
0.476066 -0.753587 0.0369077
0.525976 -0.753261 0.00654459
0.571136 -0.753911 -0.0143915
0.620181 -0.751626 0.0465432
0.66957 -0.750568 0.0214143
0.701183 -0.749637 0.0294646
0.749234 -0.748785 0.0177311
0.791731 -0.750715 -0.0454027
0.839102 -0.751097 -0.00806171
0.884924 -0.750881 0.00470995
0.934872 -0.75135 -0.00937031
0.97932 -0.749794 0.0349802
1.0288 -0.747284 0.0506941
1.06927 -0.745743 0.0380444
1.10946 -0.743419 0.0577818
1.14784 -0.74218 0.0322587
1.19347 -0.741267 0.0200127
1.24343 -0.74294 -0.0334753
1.29093 -0.744841 -0.0400093
1.3374 -0.744155 0.0147549
1.37416 -0.744869 -0.0194256
1.41912 -0.744089 0.0173573
1.464 -0.74329 0.0177888
1.50033 -0.741742 0.0425899
1.5371 -0.740074 0.0453536
1.58691 -0.739151 0.0185263
1.6363 -0.739251 -0.00203076
1.68532 -0.738701 0.0112179
1.73373 -0.740081 -0.0284905
1.78367 -0.741965 -0.0377246
1.82678 -0.744171 -0.0511068
1.87336 -0.747298 -0.067035
1.92287 -0.749667 -0.0478191
1.96727 -0.750707 -0.0234275
2.01671 -0.751257 -0.0111183
2.05642 -0.750735 0.013144
2.09931 -0.749125 0.0375274
2.14901 -0.74652 0.0523547
2.19747 -0.74252 0.0823626
2.2438 -0.740555 0.0423887
2.29125 -0.737135 0.0719553
2.34092 -0.734852 0.0459248
2.38862 -0.733251 0.0335453
2.43202 -0.731939 0.0302277
2.48197 -0.729953 0.0397312
2.52495 -0.731139 -0.0275861
2.57256 -0.730389 0.0157689
2.62225 -0.728723 0.0335025
2.67156 -0.726058 0.0539994
2.72046 -0.723212 0.0581298
2.76882 -0.720698 0.0519457
2.80921 -0.720519 0.0044347
2.85917 -0.722243 -0.0344929
2.90726 -0.723529 -0.0267299
2.9498 -0.722753 0.01825
2.99672 -0.72231 0.0094222
3.04262 -0.721359 0.0207192
3.08249 -0.720007 0.0338892
3.13057 -0.718075 0.0401715
3.17337 -0.715774 0.0537013
3.21086 -0.714541 0.0328776
3.25288 -0.712362 0.0518242
3.29897 -0.709573 0.0604362
3.34634 -0.706416 0.0665298
3.39306 -0.703331 0.065961
3.4328 -0.700196 0.0787238
3.47563 -0.696603 0.0836768
3.51558 -0.693833 0.0692464
3.55634 -0.692812 0.0250443
3.59474 -0.692085 0.0189202
3.64255 -0.688201 0.0810591
3.68549 -0.684295 0.0907116
3.72638 -0.6811 0.0779744
3.76274 -0.678587 0.0689986
3.79769 -0.676479 0.0602479
3.83593 -0.673486 0.0781366
3.87263 -0.670566 0.0793935
3.91471 -0.66863 0.0459681
3.962 -0.667422 0.0255347
3.9981 -0.665866 0.0430867
4.03965 -0.664037 0.043976
4.08369 -0.6619 0.0484927
4.11883 -0.65954 0.0670689
4.16157 -0.657475 0.0482752
4.19042 -0.656278 0.0414792
4.2165 -0.654944 0.051066
4.24123 -0.653151 0.0724319
4.27226 -0.650731 0.0778369
4.29329 -0.649206 0.0723339
4.30621 -0.648316 0.0687834
4.3205 -0.64768 0.044472
4.3432 -0.647284 0.0174518
4.36019 -0.646736 0.0322698
4.39745 -0.644549 0.0586293
4.43668 -0.643131 0.0361263
4.47405 -0.641622 0.0403454
4.51537 -0.639029 0.0626667
4.55905 -0.635881 0.0719561
4.58884 -0.63291 0.0993988
4.6168 -0.629904 0.107096
4.63524 -0.628953 0.0515234
4.666 -0.627732 0.0396839
4.69035 -0.626784 0.038899
4.71414 -0.625814 0.0407428
4.73014 -0.625253 0.0350536
4.75343 -0.624634 0.0265796
4.76958 -0.623716 0.0567961
4.78797 -0.623028 0.0373977
4.79886 -0.622486 0.0497804
4.80646 -0.622027 0.0602816
4.82217 -0.620705 0.0839827
4.83909 -0.619371 0.0786288
4.8525 -0.618357 0.0754622
4.86385 -0.617792 0.0497713
4.87296 -0.61769 0.0111889
4.88013 -0.617748 -0.00810289
4.88739 -0.617786 -0.00520191
4.90145 -0.617833 -0.00333473
4.92049 -0.617795 0.00198851
4.94798 -0.616504 0.0469166
4.97081 -0.615619 0.0387486
4.97686 -0.615147 0.0778036
4.98344 -0.614599 0.0832081
4.99372 -0.613439 0.112299
5.01085 -0.611357 0.120977
5.02794 -0.610579 0.0455263
5.04171 -0.610162 0.0302273
5.06172 -0.609062 0.0549152
5.06446 -0.608959 0.0376406
5.086 -0.608738 0.0102443
5.09789 -0.609089 -0.029484
5.10523 -0.609249 -0.0217732
5.11576 -0.609855 -0.0575892
5.12301 -0.610478 -0.085549
5.13188 -0.611125 -0.072844
5.15513 -0.613632 -0.107421
5.15529 -0.613644 -0.0792123
5.17144 -0.614917 -0.0785951
5.18311 -0.615795 -0.0751763
5.18653 -0.61598 -0.0539524
5.19057 -0.616381 -0.0989176
5.20147 -0.617673 -0.118039
5.20598 -0.618301 -0.138428
True
0.25564
