-5.47125 -0.541905 0.0530516
-5.42406 -0.538664 0.0685643
-5.3813 -0.534803 0.0900474
-5.33319 -0.530675 0.0855935
-5.29644 -0.527119 0.096466
-5.24849 -0.521131 0.124232
-5.19924 -0.513556 0.152632
-5.14992 -0.505438 0.163102
-5.10182 -0.497704 0.159439
-5.05238 -0.491216 0.13048
-5.00648 -0.486276 0.107228
-4.95738 -0.478433 0.158398
-4.91022 -0.473237 0.109723
-4.8707 -0.468317 0.123846
-4.82118 -0.462306 0.120801
-4.77161 -0.456307 0.12045
-4.72219 -0.448984 0.147102
-4.68088 -0.442487 0.155955
-4.63218 -0.434636 0.159855
-4.58251 -0.429898 0.0950994
-4.5336 -0.420727 0.185364
-4.49375 -0.412895 0.194055
-4.44662 -0.403898 0.188637
-4.40584 -0.39525 0.208971
-4.36308 -0.389447 0.134882
-4.32024 -0.38285 0.152796
-4.27295 -0.37558 0.152528
-4.23516 -0.37042 0.135711
-4.18978 -0.36468 0.125805
-4.14019 -0.358436 0.125282
-4.09046 -0.353399 0.100905
-4.05665 -0.347847 0.162778
-4.00953 -0.339845 0.168244
-3.96288 -0.330695 0.19368
-3.91724 -0.322374 0.180338
-3.86854 -0.315106 0.14814
-3.82464 -0.307247 0.177144
-3.7758 -0.29782 0.190685
-3.72745 -0.287997 0.20042
-3.68035 -0.278715 0.194593
-3.63416 -0.270236 0.181529
-3.5851 -0.26094 0.187279
-3.56631 -0.257317 0.190487
-3.52224 -0.248635 0.194509
-3.47603 -0.239827 0.188327
-3.43239 -0.23134 0.192073
-3.38955 -0.220909 0.238877
-3.3465 -0.209708 0.254537
-3.29754 -0.199688 0.20184
-3.2492 -0.189828 0.201216
-3.20253 -0.183697 0.130639
-3.15523 -0.174862 0.184656
-3.12241 -0.169875 0.150795
-3.08791 -0.161918 0.226691
-3.04813 -0.154536 0.183455
-3.00543 -0.144094 0.239859
-2.95977 -0.129658 0.306253
-2.91379 -0.116038 0.287951
-2.87718 -0.104878 0.295858
-2.84115 -0.0938064 0.298175
-2.80558 -0.0827569 0.301147
-2.7586 -0.0682174 0.30016
-2.73789 -0.0610334 0.333821
-2.69174 -0.0446283 0.341547
-2.64468 -0.0290412 0.319882
-2.59826 -0.0148939 0.295814
-2.5514 0.00206807 0.347292
-2.50499 0.0157614 0.286895
-2.46103 0.0300023 0.313273
-2.41323 0.0444744 0.294031
-2.36709 0.0582805 0.290755
-2.31917 0.072508 0.288578
-2.2805 0.0852694 0.318769
-2.23676 0.0985054 0.29383
-2.20217 0.109714 0.31339
-2.15799 0.12271 0.28609
-2.11226 0.136779 0.298479
-2.06591 0.151965 0.316611
-2.01986 0.165961 0.295045
-1.97409 0.17813 0.259867
-1.94325 0.186005 0.249992
-1.9026 0.195688 0.233835
-1.85968 0.204381 0.199856
-1.82318 0.211556 0.194124
-1.77568 0.220257 0.18114
-1.74112 0.22645 0.177327
-1.69385 0.232376 0.124713
-1.64837 0.23896 0.143783
-1.59909 0.242982 0.0814359
-1.54943 0.246433 0.0693653
-1.51264 0.250019 0.0971827
-1.46574 0.251857 0.0391731
-1.41772 0.254541 0.0558329
-1.36851 0.25772 0.0645052
-1.33098 0.259492 0.0471673
-1.29352 0.260717 0.0326923
-1.24874 0.262378 0.0370865
-1.19883 0.264401 0.0405106
-1.1508 0.263385 -0.021162
-1.11293 0.260799 -0.0681659
-1.07472 0.255678 -0.133234
-1.04114 0.250256 -0.160079
-0.997366 0.242096 -0.1843
-0.952191 0.231782 -0.224479
-0.903928 0.218872 -0.261359
-0.856152 0.207879 -0.226175
-0.81538 0.197977 -0.23825
-0.777914 0.189502 -0.222441
-0.728456 0.182469 -0.141259
-0.682935 0.174561 -0.172015
-0.635608 0.167846 -0.140931
-0.601481 0.164602 -0.0947738
-0.552626 0.159781 -0.0983576
-0.502868 0.15489 -0.0979971
-0.45605 0.148845 -0.128394
-0.409756 0.1399 -0.190868
-0.370991 0.132772 -0.18185
-0.328078 0.127565 -0.120739
-0.288382 0.12277 -0.120219
-0.242229 0.116837 -0.127851
-0.192917 0.108631 -0.16489
-0.15133 0.100686 -0.188778
-0.115705 0.0938834 -0.188684
-0.0690742 0.0842846 -0.203012
-0.0286099 0.0762047 -0.197089
0.00397511 0.0696673 -0.197996
0.0483205 0.0609195 -0.194764
0.0970072 0.0520986 -0.179233
0.144546 0.0415283 -0.21879
0.188199 0.0296991 -0.264631
0.236532 0.0170684 -0.255607
0.285158 0.0057661 -0.228379
0.333983 -0.00497937 -0.216628
0.370946 -0.0112136 -0.167086
0.410488 -0.0178413 -0.166072
0.457176 -0.0244168 -0.139917
0.500917 -0.0316269 -0.163369
0.547071 -0.0397637 -0.174503
0.587325 -0.0484705 -0.213011
0.634939 -0.0597667 -0.23294
0.672412 -0.0668884 -0.18781
0.720779 -0.077909 -0.22403
0.768686 -0.0867338 -0.182164
0.816208 -0.0956427 -0.185319
0.859213 -0.103626 -0.183544
0.90841 -0.112505 -0.178558
0.95703 -0.11974 -0.147726
1.0033 -0.126637 -0.147965
1.04218 -0.132631 -0.152953
1.0844 -0.136661 -0.0951585
1.12669 -0.140267 -0.0850678
1.17466 -0.143464 -0.0665401
1.21715 -0.145555 -0.0491804
1.26698 -0.147477 -0.0385629
1.31071 -0.147928 -0.0102923
1.36056 -0.150378 -0.049118
1.41013 -0.154596 -0.0848821
1.43883 -0.155439 -0.0293393
1.46793 -0.156555 -0.0383542
1.51778 -0.159832 -0.0656419
1.56644 -0.164864 -0.103051
1.61614 -0.166866 -0.0402562
1.66464 -0.167715 -0.0174929
1.70795 -0.167452 0.00605916
1.75485 -0.16571 0.0371306
1.8037 -0.161789 0.0800792
1.85342 -0.158087 0.0743356
1.90249 -0.153032 0.102655
1.94886 -0.147233 0.124414
1.99767 -0.141688 0.113105
2.04461 -0.13583 0.124166
2.09305 -0.128876 0.142596
2.14225 -0.12288 0.121253
2.19161 -0.114896 0.160373
2.23778 -0.107212 0.164922
2.28528 -0.101399 0.121769
2.32923 -0.0956904 0.12917
2.37827 -0.0897014 0.121524
2.42783 -0.0835891 0.122693
2.47477 -0.0782803 0.112634
2.52378 -0.0704237 0.158944
2.57241 -0.0630939 0.149594
2.6182 -0.0542981 0.189778
2.66614 -0.0441131 0.209373
2.71476 -0.0349069 0.18713
2.76389 -0.0265609 0.168264
2.80919 -0.0196485 0.15142
2.85729 -0.0126445 0.144595
2.89092 -0.0071349 0.162373
2.93923 0.00214371 0.189769
2.98031 0.00895444 0.1643
3.02287 0.0156838 0.156801
3.06108 0.0235865 0.203943
3.10921 0.0346316 0.225599
3.15425 0.0457733 0.242525
3.18616 0.0530879 0.225297
3.22695 0.0614683 0.202618
3.2657 0.0695285 0.20508
3.31248 0.0786194 0.191942
3.36071 0.0874752 0.181606
3.39363 0.0926225 0.155114
3.43425 0.098937 0.154207
3.47865 0.105275 0.141799
3.51923 0.113343 0.196243
3.5487 0.119164 0.194999
3.58726 0.125658 0.166878
3.61981 0.130775 0.155925
3.64295 0.134184 0.146273
3.66288 0.136902 0.135481
3.69153 0.140005 0.107884
3.70681 0.141765 0.114744
3.72173 0.14399 0.147967
3.74091 0.147378 0.174872
3.76686 0.150974 0.137685
3.77674 0.152769 0.179743
3.78829 0.154686 0.164455
3.82609 0.160168 0.144026
3.85205 0.163572 0.130348
3.88646 0.167809 0.122557
3.91754 0.170748 0.0942544
3.9433 0.172445 0.0657965
3.97663 0.176074 0.108421
3.99882 0.179249 0.142145
4.01607 0.181872 0.150966
4.05408 0.18706 0.13563
4.09582 0.191244 0.0999145
4.11864 0.194197 0.128686
4.12857 0.194882 0.0688692
4.13846 0.195409 0.0532347
4.15071 0.196202 0.064681
4.17771 0.198321 0.0782987
4.18651 0.199437 0.12608
4.19706 0.201097 0.156202
4.20238 0.20185 0.140431
4.21579 0.204155 0.170224
4.23844 0.207837 0.161155
4.25256 0.210285 0.171632
4.27224 0.213804 0.176986
4.29687 0.218288 0.18007
4.30096 0.219177 0.214169
4.31493 0.222555 0.2373
4.32829 0.225662 0.228466
4.34266 0.229266 0.245649
4.35693 0.232862 0.246832
4.3838 0.240972 0.293224
4.39372 0.243302 0.230483
4.41102 0.246816 0.200444
4.42397 0.249222 0.183758
4.43332 0.250962 0.18389
4.45153 0.255004 0.218422
4.46307 0.257497 0.212841
4.47612 0.260148 0.200282
4.48864 0.263054 0.228212
4.48435 0.262119 0.214975
4.4988 0.264651 0.17353
4.51356 0.267465 0.188447
4.5321 0.270232 0.148106
4.54108 0.271324 0.121129
4.567 0.273957 0.101206
4.58764 0.276146 0.105645
4.60615 0.278145 0.107562
4.6238 0.279671 0.0862801
4.64569 0.281665 0.0908684
4.66006 0.282825 0.0804726
4.66768 0.283359 0.0700835
4.69765 0.287501 0.137316
4.7253 0.292672 0.184873
4.75412 0.298273 0.191966
4.77224 0.301906 0.197825
4.7928 0.306093 0.200906
4.81773 0.308892 0.111804
4.84014 0.31045 0.069455
4.86156 0.311904 0.0677341
4.88541 0.312893 0.0414405
4.89158 0.313034 0.0228603
4.9012 0.313248 0.0222404
4.90974 0.313448 0.0234036
4.90957 0.313449 -0.00781445
4.92055 0.313645 0.0178732
4.93563 0.314637 0.065659
4.95269 0.31607 0.083778
4.97553 0.318607 0.110686
4.99058 0.321249 0.173769
4.99934 0.322696 0.163643
5.02399 0.327297 0.184562
5.04808 0.332793 0.224249
5.05261 0.333776 0.213683
5.07305 0.33817 0.211724
5.08062 0.340114 0.25146
5.09355 0.344043 0.294936
5.10326 0.3471 0.305103
5.11666 0.351221 0.298403
5.12364 0.353195 0.27544
5.14238 0.358992 0.300026
5.16027 0.365021 0.325028
5.16917 0.36763 0.285396
5.18522 0.371939 0.262145
5.19603 0.374183 0.204726
5.205 0.376048 0.205095
True
0.248056
