-5.46656 0.392505 -0.0592489
-5.41905 0.392518 0.000277109
-5.37116 0.393219 0.0146306
-5.33712 0.393332 0.00331502
-5.28739 0.394914 0.0318025
-5.23821 0.392851 -0.0419238
-5.19919 0.390613 -0.0572792
-5.14927 0.388244 -0.0474253
-5.10353 0.385705 -0.0554602
-5.06161 0.384841 -0.0206099
-5.01393 0.383193 -0.0345308
-4.96405 0.382614 -0.0116184
-4.91457 0.382983 0.00745706
-4.86833 0.384608 0.035134
-4.83209 0.386396 0.0493059
-4.78602 0.388171 0.0385074
-4.75181 0.389493 0.0386202
-4.70189 0.391731 0.0448001
-4.65412 0.394369 0.0551569
-4.60492 0.396522 0.043739
-4.55498 0.397963 0.0288473
-4.50504 0.399936 0.0394892
-4.46358 0.400622 0.0165442
-4.41638 0.399991 -0.0133666
-4.36799 0.399812 -0.00369364
-4.32079 0.399185 -0.0132887
-4.27725 0.396185 -0.0688031
-4.23502 0.394205 -0.046846
-4.19242 0.390825 -0.0791722
-4.14263 0.390394 -0.00865642
-4.09393 0.387539 -0.058574
-4.04703 0.383946 -0.076445
-3.99828 0.379388 -0.0932439
-3.94899 0.37699 -0.0485924
-3.91556 0.375839 -0.0344174
-3.86869 0.374427 -0.0301308
-3.82023 0.374167 -0.00536051
-3.77228 0.374923 0.0157742
-3.72529 0.376598 0.0356161
-3.69126 0.377156 0.0164065
-3.65304 0.376861 -0.00773115
-3.60895 0.375722 -0.0258164
-3.56324 0.373523 -0.0480819
-3.5217 0.371299 -0.0534964
-3.49493 0.371209 -0.00335041
-3.45385 0.368926 -0.0555165
-3.41063 0.367098 -0.0422668
-3.36528 0.36482 -0.0501852
-3.31565 0.361739 -0.0619927
-3.26762 0.359589 -0.0447377
-3.22577 0.358571 -0.0243255
-3.17822 0.357899 -0.0141255
-3.12832 0.355735 -0.0433449
-3.07966 0.354183 -0.0318799
-3.03106 0.354548 0.007509
-2.98154 0.356835 0.0461562
-2.93182 0.357549 0.0143628
-2.8819 0.35844 0.0178442
-2.84034 0.35844 8.82708e-06
-2.79127 0.357105 -0.0272102
-2.74353 0.356389 -0.0149852
-2.6976 0.355889 -0.0108866
-2.64777 0.358829 0.0589255
-2.59928 0.362633 0.0782839
-2.55771 0.364633 0.0480749
-2.51088 0.36456 -0.00154844
-2.47221 0.365629 0.0276207
-2.43534 0.368495 0.0775898
-2.39435 0.371737 0.0789293
-2.35833 0.376082 0.12005
-2.31022 0.377158 0.0223567
-2.26192 0.381643 0.0926042
-2.2168 0.383705 0.0456722
-2.17213 0.385633 0.0431387
-2.12404 0.388989 0.069659
-2.0741 0.391126 0.0427741
-2.03988 0.390876 -0.00732232
-2.00044 0.39214 0.0320347
-1.95609 0.393113 0.021937
-1.91018 0.394913 0.039196
-1.86035 0.39507 0.00314246
-1.82498 0.395572 0.0141907
-1.77607 0.396432 0.0175886
-1.7261 0.394849 -0.0316615
-1.68295 0.39393 -0.0213068
-1.63472 0.39325 -0.014089
-1.58474 0.394159 0.0181861
-1.53562 0.394515 0.00723478
-1.49182 0.396311 0.0409853
-1.45459 0.397561 0.0335562
-1.40644 0.400117 0.0530455
-1.35701 0.402054 0.0391655
-1.31999 0.404468 0.0651048
-1.28242 0.406905 0.0647632
-1.24394 0.409228 0.0603187
-1.19454 0.413508 0.0864179
-1.14473 0.417168 0.0733644
-1.10364 0.417895 0.0176739
-1.06474 0.418794 0.0230992
-1.01573 0.420555 0.0359359
-0.965934 0.422889 0.0468334
-0.915971 0.421342 -0.0309596
-0.865979 0.42124 -0.00203802
-0.825576 0.420665 -0.0142235
-0.781239 0.422649 0.0447084
-0.736604 0.42521 0.0573117
-0.69105 0.42861 0.0745044
-0.641309 0.431 0.0479996
-0.599984 0.434202 0.0773262
-0.559407 0.435383 0.0290985
-0.529781 0.437063 0.0566689
-0.485532 0.441091 0.0907823
-0.435712 0.443408 0.0464765
-0.398194 0.444609 0.0319925
-0.348225 0.444106 -0.0100649
-0.298527 0.442922 -0.0238178
-0.249237 0.441647 -0.0258773
-0.201445 0.440583 -0.0222548
-0.154579 0.438742 -0.0392566
-0.111932 0.437229 -0.0354628
-0.0697911 0.437037 -0.00456153
-0.0374634 0.437416 0.0117395
0.00550611 0.438088 0.0156281
0.0524058 0.437801 -0.00610881
0.0961728 0.436081 -0.0392862
0.144287 0.435091 -0.0205749
0.192565 0.433842 -0.0258588
0.239277 0.431853 -0.0425584
0.276496 0.42995 -0.0510965
0.321508 0.427557 -0.0531053
0.371273 0.427757 0.0040217
0.420892 0.428956 0.0241564
0.470845 0.427255 -0.0340383
0.518562 0.427371 0.00242623
0.563614 0.425857 -0.0335842
0.608361 0.425833 -0.000539541
0.646718 0.424778 -0.0275012
0.684128 0.42258 -0.0586812
0.732252 0.422753 0.00359062
0.781089 0.423458 0.0144439
0.822662 0.42321 -0.00596527
0.868874 0.423649 0.00949986
0.918749 0.420383 -0.0653935
0.963112 0.418743 -0.036955
1.0082 0.415337 -0.0754115
1.0581 0.412283 -0.0611102
1.10211 0.411351 -0.0211813
1.14201 0.411303 -0.00119872
1.18986 0.411059 -0.00510622
1.23754 0.413368 0.0483909
1.28643 0.414674 0.0267106
1.33454 0.41286 -0.0376814
1.3728 0.412643 -0.00568212
1.42257 0.413925 0.0257533
1.4723 0.411037 -0.058
1.51852 0.410137 -0.0194836
1.56658 0.409101 -0.0215448
1.61626 0.408119 -0.0197703
1.66584 0.40657 -0.0312237
1.71161 0.405233 -0.029205
1.7424 0.405317 0.00273978
1.78699 0.404417 -0.0201974
1.82758 0.402078 -0.0575546
1.86995 0.398871 -0.075542
1.91991 0.397772 -0.0219982
1.96731 0.396869 -0.0190429
2.00576 0.397173 0.00790848
2.05129 0.398259 0.0238388
2.09207 0.399469 0.0296643
2.13833 0.401093 0.0350978
2.18789 0.401893 0.0161419
2.23751 0.403638 0.0351557
2.27097 0.404477 0.025064
2.32068 0.404384 -0.00186118
2.37067 0.404777 0.00785321
2.41718 0.407631 0.0612932
2.4644 0.409832 0.0465685
2.51438 0.410835 0.0200752
2.56177 0.41154 0.0148691
2.60846 0.411514 -0.000556916
2.65832 0.411914 0.00801514
2.70761 0.411605 -0.00626175
2.75026 0.412659 0.0247081
2.79963 0.410966 -0.0342819
2.83974 0.409505 -0.0364034
2.88482 0.408205 -0.0288352
2.93062 0.408461 0.00559464
2.97527 0.408604 0.00320542
3.02311 0.407587 -0.0212665
3.0686 0.406364 -0.0268801
3.1166 0.407013 0.0135241
3.158 0.407731 0.0173462
3.20497 0.408965 0.0262546
3.25084 0.410854 0.0411608
3.29847 0.41464 0.0793328
3.34227 0.416728 0.0476173
3.38872 0.419804 0.0661536
3.42421 0.421239 0.0403973
3.47061 0.424845 0.0775609
3.51172 0.427629 0.0676297
3.54307 0.429215 0.0505218
3.57623 0.430953 0.0523674
3.60584 0.433068 0.0713027
3.6239 0.434199 0.0625388
3.65509 0.43559 0.0445858
3.67327 0.436919 0.0729254
3.70987 0.440401 0.0948863
3.73727 0.443279 0.104661
3.76293 0.445473 0.0852781
3.77702 0.446612 0.0806305
3.80078 0.44922 0.109354
3.81912 0.451252 0.110287
3.83914 0.453033 0.0887515
3.83954 0.453055 0.0542448
3.8656 0.453871 0.0313171
3.87733 0.453329 -0.046213
3.88971 0.452813 -0.041642
3.90005 0.452222 -0.0570952
3.92417 0.450701 -0.063007
3.95784 0.448523 -0.064572
3.98001 0.447788 -0.033117
4.01811 0.447002 -0.0206481
4.04951 0.447384 0.0121792
4.09857 0.445195 -0.0445804
4.1364 0.443698 -0.0395546
4.17616 0.442684 -0.0254926
4.20739 0.441521 -0.0372209
4.22171 0.440913 -0.0424664
4.24641 0.440391 -0.0211108
4.2528 0.440405 0.00216951
4.2761 0.441229 0.0353496
4.31474 0.445162 0.101428
4.33417 0.447617 0.125716
4.36198 0.451343 0.13316
4.38401 0.453943 0.117477
4.40785 0.456232 0.0957408
4.44013 0.45933 0.0956685
4.47342 0.462652 0.0994974
4.49871 0.465544 0.113837
4.52228 0.468501 0.124799
4.55198 0.470875 0.0797548
4.57734 0.472962 0.0821185
4.59965 0.474802 0.0822485
4.63272 0.4778 0.0904125
4.67171 0.481169 0.0862181
4.69179 0.483469 0.114031
4.71536 0.486719 0.137032
4.73827 0.48982 0.134523
4.75964 0.492667 0.132459
4.79085 0.4965 0.122197
4.82276 0.500217 0.115924
4.83268 0.500942 0.07296
4.86121 0.502762 0.0637075
4.90531 0.505172 0.0545996
4.93807 0.506045 0.026643
4.95266 0.506659 0.0420719
4.98062 0.507826 0.0417305
5.00068 0.508716 0.0443481
5.00492 0.509009 0.0689087
5.00676 0.509163 0.083056
5.01907 0.510313 0.0932181
5.02938 0.511565 0.120852
5.04199 0.513064 0.118275
5.05235 0.51454 0.141484
5.06919 0.516765 0.13143
5.08749 0.518759 0.108534
5.08629 0.518614 0.120631
5.09553 0.519704 0.117386
5.1162 0.521714 0.0969316
5.12948 0.523326 0.12082
5.12424 0.522757 0.108095
5.12494 0.522827 0.0994618
5.13731 0.523918 0.0879482
5.14325 0.524828 0.15197
5.15051 0.525909 0.1478
5.16112 0.527627 0.16051
5.16413 0.528065 0.144985
5.17628 0.529416 0.110666
5.19547 0.531576 0.112134
5.19737 0.53172 0.07499
5.20591 0.532106 0.0452933
True
0.270605
