-5.46791 -0.937255 0.242302
-5.42776 -0.927372 0.241396
-5.38597 -0.913499 0.320482
-5.33841 -0.901216 0.25275
-5.29152 -0.885357 0.326172
-5.24365 -0.871818 0.275604
-5.19643 -0.85704 0.303289
-5.14928 -0.843701 0.275691
-5.11707 -0.833584 0.304392
-5.07353 -0.819991 0.302597
-5.02945 -0.807541 0.275275
-4.98098 -0.795299 0.247396
-4.93598 -0.782639 0.274261
-4.88988 -0.769976 0.268041
-4.84327 -0.756434 0.282772
-4.80255 -0.745694 0.257884
-4.76136 -0.735069 0.25242
-4.71324 -0.72355 0.234945
-4.66481 -0.711867 0.236731
-4.62142 -0.701195 0.241146
-4.57464 -0.689239 0.250261
-4.52882 -0.67571 0.287094
-4.48086 -0.662215 0.274284
-4.43265 -0.649501 0.257869
-4.38915 -0.63868 0.24383
-4.34089 -0.625745 0.261841
-4.29272 -0.613784 0.243381
-4.24468 -0.602335 0.233989
-4.1962 -0.591393 0.22193
-4.14822 -0.57748 0.282274
-4.10123 -0.56531 0.253391
-4.05318 -0.554728 0.216793
-4.00964 -0.544292 0.235241
-3.96302 -0.535026 0.196191
-3.92157 -0.52615 0.210953
-3.87695 -0.517865 0.183578
-3.82789 -0.50867 0.185297
-3.78017 -0.498964 0.200662
-3.73223 -0.4894 0.196896
-3.69025 -0.480974 0.198087
-3.6423 -0.46811 0.262121
-3.59342 -0.457698 0.209863
-3.54796 -0.449492 0.1786
-3.50636 -0.441139 0.198148
-3.46398 -0.433938 0.168317
-3.41874 -0.4245 0.205663
-3.36987 -0.415567 0.180796
-3.32185 -0.404488 0.226721
-3.27385 -0.392538 0.244045
-3.22842 -0.381208 0.244368
-3.18875 -0.369716 0.281989
-3.14411 -0.354732 0.323853
-3.09653 -0.340518 0.290284
-3.04951 -0.32366 0.344243
-3.00463 -0.306917 0.35711
-2.95859 -0.289621 0.35934
-2.91234 -0.273103 0.343019
-2.86818 -0.256528 0.359082
-2.82033 -0.242096 0.29292
-2.7844 -0.230048 0.323594
-2.73885 -0.216113 0.29688
-2.69569 -0.204 0.273602
-2.64744 -0.192627 0.231503
-2.60587 -0.182169 0.246428
-2.55807 -0.169863 0.251967
-2.51783 -0.156861 0.31258
-2.47217 -0.144651 0.261259
-2.42368 -0.132435 0.246817
-2.3897 -0.122521 0.283829
-2.35372 -0.112919 0.26079
-2.31169 -0.100675 0.283511
-2.26456 -0.0845977 0.328725
-2.21783 -0.067422 0.352235
-2.17156 -0.0503053 0.354301
-2.12448 -0.0337085 0.338931
-2.08914 -0.0220334 0.319106
-2.04341 -0.00806489 0.296429
-1.99522 0.0049522 0.263805
-1.94647 0.0159993 0.222849
-1.90399 0.0250361 0.209639
-1.8574 0.0314278 0.136327
-1.80943 0.0374811 0.125527
-1.76193 0.0445834 0.148427
-1.71368 0.0525287 0.163182
-1.66491 0.0598476 0.14898
-1.61579 0.0672233 0.149048
-1.57297 0.0751414 0.182815
-1.52436 0.0863868 0.227348
-1.47641 0.0984362 0.2462
-1.4286 0.109638 0.230152
-1.38374 0.12061 0.239859
-1.33578 0.132444 0.241903
-1.28754 0.144712 0.249057
-1.24341 0.156731 0.265878
-1.19739 0.170007 0.280899
-1.15167 0.183951 0.295999
-1.10341 0.196837 0.260922
-1.06303 0.208724 0.286312
-1.01559 0.222651 0.285555
-0.968183 0.238038 0.313834
-0.921833 0.25254 0.303217
-0.889251 0.262915 0.308289
-0.858395 0.272931 0.313878
-0.811777 0.290565 0.361635
-0.773105 0.305213 0.362064
-0.729179 0.320664 0.33823
-0.698159 0.332528 0.365318
-0.66482 0.344652 0.348782
-0.630721 0.356658 0.338534
-0.583334 0.370871 0.291404
-0.534177 0.380014 0.183897
-0.490814 0.385599 0.128083
-0.441309 0.392498 0.138459
-0.393877 0.397977 0.115009
-0.354463 0.403257 0.13316
-0.307892 0.406331 0.0659285
-0.258047 0.409929 0.0720613
-0.210721 0.412073 0.0452571
-0.163646 0.415262 0.0676463
-0.119304 0.416035 0.0174375
-0.0720014 0.417603 0.0331364
-0.0263476 0.416414 -0.0260446
0.0156385 0.415617 -0.0189915
0.0512988 0.414098 -0.0425573
0.0933807 0.412623 -0.0350479
0.138249 0.409022 -0.0800642
0.187605 0.402622 -0.128959
0.234571 0.394423 -0.172824
0.261478 0.388844 -0.204459
0.296814 0.381919 -0.193531
0.345019 0.370813 -0.22644
0.381257 0.36209 -0.236201
0.430139 0.351675 -0.20994
0.473973 0.34073 -0.244682
0.522732 0.329721 -0.222063
0.562304 0.319436 -0.254268
0.61044 0.307046 -0.251936
0.641622 0.298764 -0.259601
0.688862 0.287588 -0.232323
0.731215 0.27611 -0.264649
0.769117 0.265993 -0.260839
0.817212 0.252325 -0.276873
0.856976 0.240772 -0.282768
0.90508 0.227177 -0.275429
0.946503 0.217555 -0.228247
0.985756 0.207104 -0.260212
1.03444 0.196007 -0.224102
1.07694 0.187495 -0.197649
1.12624 0.17951 -0.160584
1.17477 0.171732 -0.158919
1.2246 0.167549 -0.0837477
1.26051 0.164162 -0.0940272
1.31004 0.157966 -0.124463
1.35538 0.153501 -0.0981687
1.40522 0.149607 -0.07797
1.4552 0.150485 0.0175661
1.50031 0.15335 0.0634424
1.54629 0.158299 0.107213
1.5949 0.164254 0.121893
1.63993 0.171834 0.166763
1.68381 0.177752 0.134077
1.7304 0.184208 0.137676
1.77834 0.192699 0.175342
1.81955 0.200699 0.191734
1.86259 0.210586 0.225784
1.91106 0.22236 0.238304
1.94327 0.232165 0.295459
1.98601 0.247239 0.339057
2.02699 0.262583 0.358271
2.07182 0.282414 0.416479
2.11542 0.303161 0.444185
2.15798 0.323881 0.452997
2.19185 0.33876 0.414035
2.22683 0.354896 0.432098
2.27135 0.375198 0.427853
2.31683 0.395106 0.412632
2.36139 0.414872 0.417529
2.40698 0.435354 0.422188
2.45224 0.454316 0.396759
2.49257 0.470012 0.371162
2.53609 0.486814 0.368433
2.57466 0.501766 0.369849
2.61647 0.521067 0.432441
2.65653 0.5409 0.45975
2.69034 0.558474 0.479391
2.73269 0.581137 0.491346
2.77356 0.603194 0.494892
2.81771 0.626062 0.477874
2.86181 0.644704 0.39991
2.90841 0.6622 0.359227
2.95151 0.676637 0.323194
2.99801 0.694438 0.365633
3.04433 0.712393 0.369733
3.08398 0.726501 0.341893
3.12612 0.743108 0.375377
3.16205 0.757842 0.389149
3.2075 0.778666 0.429695
3.25268 0.798912 0.421294
3.28373 0.813359 0.435446
3.32878 0.833928 0.428319
3.3662 0.850731 0.422018
3.40026 0.864443 0.382783
3.4448 0.887018 0.469082
3.48956 0.908988 0.456326
3.52368 0.925861 0.459206
3.55433 0.94076 0.452511
3.58658 0.956469 0.453268
3.62837 0.981129 0.5331
3.65658 0.996729 0.505104
3.69865 1.02107 0.524595
3.7218 1.03429 0.518669
3.73286 1.0402 0.491128
3.764 1.05636 0.478678
3.79942 1.07584 0.502784
3.83599 1.09615 0.506931
3.87605 1.11768 0.493169
3.91572 1.13851 0.48347
3.94921 1.15515 0.461208
3.98131 1.17109 0.460928
4.01707 1.18898 0.463883
4.04691 1.20457 0.481368
4.08601 1.22629 0.507189
4.10657 1.23817 0.523765
4.13619 1.25496 0.515687
4.1604 1.26813 0.498026
4.18382 1.28106 0.504805
4.21207 1.29701 0.513905
4.24157 1.31275 0.490038
4.2627 1.32341 0.467259
4.28351 1.33263 0.417155
4.28356 1.33266 0.429205
4.302 1.3421 0.473496
4.3146 1.34869 0.481799
4.33705 1.36024 0.475216
4.36071 1.37164 0.449047
4.38226 1.38067 0.396806
4.3978 1.3869 0.381215
4.42922 1.39991 0.392496
4.4422 1.4054 0.400339
4.45818 1.41213 0.398192
4.47904 1.42203 0.443515
4.49405 1.42894 0.431317
4.51456 1.43715 0.380466
4.54564 1.44752 0.322061
4.5545 1.45056 0.330704
4.57102 1.45709 0.376316
4.57754 1.45993 0.410984
4.5919 1.46653 0.430538
4.59959 1.47044 0.471141
4.62384 1.484 0.509771
4.63909 1.49258 0.512688
4.65912 1.50487 0.550352
4.67858 1.51633 0.532199
4.69827 1.52754 0.517268
4.71995 1.5391 0.490128
4.73885 1.54861 0.465917
4.76774 1.56389 0.486484
4.77944 1.57019 0.494035
4.79002 1.57585 0.491731
4.80796 1.58509 0.475309
4.82792 1.59547 0.479682
4.84693 1.60484 0.458028
4.85596 1.60962 0.487113
4.86614 1.61528 0.507098
4.88011 1.62339 0.526019
4.89392 1.63152 0.532121
4.89829 1.63412 0.536647
4.90885 1.64067 0.554949
4.91544 1.64499 0.580942
4.93341 1.65741 0.604767
4.94362 1.66452 0.608225
4.95837 1.67485 0.610561
4.97552 1.68667 0.603687
4.99488 1.69867 0.554925
5.01501 1.71082 0.542925
5.01731 1.7121 0.507365
5.028 1.71791 0.497708
5.03402 1.72122 0.50377
5.04983 1.73098 0.552938
5.07018 1.74446 0.584796
5.06863 1.74327 0.652761
5.07585 1.74904 0.673885
5.08097 1.75338 0.703319
5.08453 1.75655 0.727808
5.08697 1.75877 0.73893
5.09021 1.7617 0.734217
5.0945 1.76563 0.741724
5.10669 1.77599 0.704306
5.12952 1.79549 0.70704
5.14698 1.80989 0.689604
5.1484 1.81112 0.716057
5.15203 1.81444 0.741433
5.15936 1.82113 0.739291
5.16976 1.83128 0.773268
5.17172 1.83342 0.827004
5.18409 1.84652 0.814154
5.1903 1.85414 0.887262
5.19872 1.86474 0.899746
5.20268 1.86951 0.878145
5.20728 1.87539 0.906622
5.21344 1.88323 0.904742
True
0.0645136
