4.4669 0.0154603 2.7046
4.44331 0.0286391 2.63209
4.40944 0.0464706 2.65707
4.37095 0.0700096 2.59272
4.32917 0.0974588 2.56025
4.30731 0.113204 2.51746
4.27993 0.136837 2.42956
4.2524 0.162985 2.38188
4.21891 0.197241 2.34486
4.18764 0.22982 2.33568
4.1541 0.266898 2.30619
4.13393 0.291762 2.2524
4.10438 0.331346 2.21201
4.08178 0.363733 2.18011
4.06042 0.395373 2.16455
4.04083 0.426555 2.13167
4.01994 0.459748 2.13261
3.99194 0.501004 2.16701
3.96605 0.538777 2.17168
3.94527 0.570881 2.14526
3.91992 0.612995 2.11266
3.90034 0.646046 2.10573
3.87821 0.681508 2.12856
3.86318 0.707535 2.09452
3.83829 0.750875 2.09214
3.81608 0.793254 2.05355
3.79403 0.836311 2.0441
3.77697 0.879031 1.95067
3.76076 0.919152 1.95478
3.74754 0.956556 1.91057
3.73815 0.979553 1.95834
3.72948 1.00587 1.88908
3.7112 1.05241 1.94511
3.69988 1.08405 1.91433
3.68662 1.12195 1.90735
3.6743 1.16101 1.87639
3.65575 1.20742 1.95096
3.63646 1.25262 1.97418
3.62161 1.28589 1.99055
3.60044 1.3284 2.03293
3.58193 1.36637 2.02433
3.56273 1.40953 1.98943
3.54057 1.45435 2.02997
3.52111 1.49729 1.99624
3.50135 1.54321 1.97711
3.48311 1.58261 2.00437
3.46283 1.62767 1.99381
3.43911 1.67169 2.06492
3.41533 1.71567 2.06664
3.39287 1.76021 2.03777
3.37719 1.78942 2.0635
3.35972 1.81992 2.09095
3.33429 1.86297 2.1043
3.30961 1.90482 2.10371
3.2832 1.94644 2.13611
3.25705 1.98903 2.12159
3.23469 2.0234 2.14741
3.20647 2.0636 2.18296
3.17756 2.10437 2.18754
3.15483 2.13611 2.19223
3.12506 2.17573 2.21523
3.09827 2.21236 2.20219
3.06692 2.25131 2.24845
3.03785 2.28951 2.22149
3.0071 2.32893 2.23319
2.97819 2.365 2.24643
2.95449 2.39565 2.22905
2.92776 2.42874 2.25025
2.90188 2.45779 2.2985
2.87048 2.49487 2.27348
2.83727 2.53216 2.29828
2.80959 2.56606 2.25568
2.78409 2.59616 2.27348
2.75316 2.63087 2.29873
2.72291 2.66271 2.33049
2.68897 2.6989 2.32433
2.66589 2.72586 2.27871
2.63388 2.75944 2.33219
2.59907 2.79326 2.37063
2.56758 2.82394 2.36916
2.53299 2.85975 2.33898
2.49863 2.89607 2.32843
2.48117 2.91419 2.33787
2.45973 2.93379 2.40076
2.42384 2.9686 2.3715
2.38643 3.00162 2.41844
2.35175 3.03208 2.42087
2.31428 3.06519 2.418
2.27874 3.09499 2.44366
2.24214 3.12454 2.46244
2.20334 3.15597 2.4607
2.16415 3.18613 2.48567
2.1327 3.20781 2.53822
2.09164 3.23463 2.56284
2.05017 3.26256 2.54902
2.00986 3.28877 2.56494
1.97688 3.30693 2.63822
1.93409 3.33012 2.64515
1.8898 3.35306 2.66363
1.8477 3.37535 2.65456
1.82444 3.38685 2.68261
1.78873 3.40381 2.69809
1.74398 3.42552 2.68997
1.69832 3.44556 2.72801
1.66199 3.45972 2.77003
1.61591 3.47752 2.77293
1.57069 3.4948 2.77648
1.5302 3.51042 2.77344
1.48711 3.52682 2.7779
1.45961 3.53585 2.8242
1.41625 3.54933 2.8403
1.36852 3.56369 2.8493
1.32277 3.57939 2.81108
1.27671 3.59453 2.82397
1.22986 3.60937 2.83494
1.18562 3.62261 2.85076
1.15011 3.63252 2.86934
1.10256 3.64603 2.86484
1.0645 3.65446 2.92342
1.0214 3.66546 2.89175
0.985491 3.67498 2.88265
0.94693 3.68443 2.9012
0.898444 3.69569 2.91328
0.853401 3.706 2.91676
0.811912 3.7146 2.93711
0.76283 3.7241 2.95045
0.714074 3.7349 2.92348
0.668726 3.74531 2.91597
0.626254 3.7546 2.92622
0.577155 3.76391 2.95437
0.537368 3.77369 2.90056
0.493921 3.7844 2.89977
0.448196 3.792 2.97686
0.398643 3.79862 3.00884
0.351052 3.80504 3.00749
0.320409 3.80981 2.98729
0.273033 3.81592 3.01328
0.231211 3.82108 3.0189
0.189224 3.82743 2.99145
0.144576 3.83343 3.00805
0.102433 3.83947 2.99909
0.0531559 3.84782 2.97374
0.00378614 3.85532 2.99085
-0.0432235 3.85962 3.05035
-0.08571 3.86184 3.08945
-0.134405 3.86376 3.10218
-0.180621 3.86524 3.10958
-0.223571 3.8663 3.11704
-0.273569 3.86588 3.14991
-0.321522 3.86621 -3.14842
-0.369103 3.86762 3.11192
-0.419092 3.86763 3.14132
-0.462022 3.86749 3.14485
-0.511956 3.86985 -3.18878
-0.554275 3.87105 3.11328
-0.601009 3.87203 3.12061
-0.650086 3.87184 3.14542
-0.699818 3.87003 -3.10513
-0.748279 3.86779 -3.09553
-0.797056 3.86434 -3.07094
-0.842504 3.85923 -3.02958
-0.891804 3.85444 -3.04482
-0.932543 3.84917 -3.01285
-0.980157 3.84356 -3.02427
-1.02593 3.83794 -3.01945
-1.06646 3.83452 -3.05752
-1.11546 3.82954 -3.04022
-1.15698 3.82613 -3.05977
-1.20608 3.82166 -3.05073
-1.24858 3.81732 -3.0399
-1.28453 3.81543 -3.08907
-1.33313 3.81333 -3.09832
-1.37751 3.81199 -3.11141
-1.42591 3.80983 -3.09704
-1.47177 3.80795 -3.10053
-1.52064 3.80564 -3.09432
-1.57059 3.80391 -3.10704
-1.61785 3.80093 -3.0787
-1.66757 3.796 -3.04277
-1.71556 3.79062 -3.02987
-1.74862 3.7879 -3.05938
-1.79712 3.78288 -3.03853
-1.83904 3.77963 -3.06434
-1.88874 3.77423 -3.03325
-1.93808 3.76999 -3.05582
-1.98146 3.76516 -3.03075
-2.02518 3.75967 -3.0168
-2.07369 3.75656 -3.07758
-2.1206 3.75393 -3.0854
-2.17046 3.752 -3.1029
-2.20454 3.74967 -3.07336
-2.25091 3.74621 -3.06714
-2.29242 3.74218 -3.04481
-2.3423 3.739 -3.07793
-2.38683 3.73734 -3.1044
-2.43639 3.7332 -3.05833
-2.48519 3.7301 -3.07802
-2.50718 3.72704 -3.00359
-2.55028 3.7215 -3.01367
-2.59763 3.71509 -3.00697
-2.63514 3.71254 -3.07382
-2.68241 3.71128 -3.11485
-2.71451 3.70937 -3.08242
-2.74837 3.70655 -3.05834
-2.79722 3.70219 -3.0526
-2.83732 3.69842 -3.04782
-2.87111 3.69529 -3.04935
-2.90922 3.69014 -3.00717
-2.95503 3.68461 -3.02154
-2.99686 3.68019 -3.0362
-3.04148 3.67602 -3.04847
-3.08057 3.67187 -3.03586
-3.09826 3.67046 -3.0622
-3.12249 3.66927 -3.09225
-3.13284 3.66836 -3.05406
-3.15116 3.6665 -3.04033
-3.17531 3.66404 -3.04011
-3.21514 3.65949 -3.02785
-3.25353 3.65482 -3.02065
-3.28862 3.65073 -3.02539
-3.32279 3.64694 -3.03109
-3.36142 3.6443 -3.07352
-3.39881 3.64106 -3.05505
-3.43678 3.6375 -3.04806
-3.46978 3.63568 -3.08663
-3.48732 3.63465 -3.08295
-3.49411 3.63411 -3.06214
-3.52028 3.63108 -3.02629
-3.55383 3.62767 -3.04021
-3.58843 3.62529 -3.07293
-3.62023 3.62295 -3.06814
-3.6563 3.62023 -3.06634
-3.67847 3.61857 -3.06712
-3.69327 3.61815 -3.11306
-3.7233 3.61709 -3.10639
-3.74437 3.61661 -3.11878
-3.76216 3.61618 -3.11752
-3.78926 3.61556 -3.11842
-3.80943 3.61519 -3.12349
-3.82652 3.61558 -3.16413
-3.85509 3.61544 3.14654
-3.88768 3.61559 -3.14631
-3.89898 3.61573 3.12942
-3.91644 3.61617 3.11626
-3.92873 3.61633 3.12862
-3.95097 3.6161 3.15188
-3.97276 3.61506 -3.0939
-3.99277 3.61401 -3.08915
-4.01088 3.61325 -3.09953
-4.01655 3.6132 -3.13315
-4.02782 3.61267 -3.09475
-4.04338 3.61206 -3.10243
-4.04557 3.61189 -3.06531
-4.05547 3.61146 -3.09811
-4.06068 3.61123 -3.09766
-4.06337 3.61112 -3.09892
-4.07778 3.61021 -3.07831
-4.08772 3.6094 -3.0609
-4.10727 3.60772 -3.05559
-4.1092 3.60752 -3.04149
-4.12364 3.60581 -3.02347
-4.13294 3.60465 -3.01792
-4.13155 3.60483 -3.01431
-4.14573 3.6033 -3.03432
-4.15412 3.60276 -3.07722
-4.17031 3.60191 -3.08865
-4.18521 3.60105 -3.08391
-4.19421 3.6011 -3.14803
-4.20233 3.60121 3.12781
True
0.068151
