4.49192 0.00249214 2.84244
4.46325 0.0150475 2.72886
4.42991 0.0291781 2.74069
4.39439 0.0472363 2.67121
4.35025 0.0701456 2.66282
4.3105 0.092435 2.63062
4.2719 0.118831 2.54181
4.23861 0.145497 2.46619
4.20065 0.177874 2.43542
4.16769 0.213245 2.32095
4.14172 0.243949 2.27279
4.11168 0.283839 2.21618
4.08938 0.312772 2.22743
4.06352 0.348849 2.19279
4.03727 0.383241 2.22277
4.0075 0.419868 2.25328
3.98609 0.448971 2.20492
3.96215 0.488974 2.11011
3.93939 0.531516 2.0622
3.9151 0.575221 2.07799
3.89414 0.61629 2.04275
3.87325 0.660791 2.00972
3.85199 0.706046 2.00989
3.83236 0.745857 2.0289
3.81048 0.790817 2.02369
3.79365 0.830306 1.97373
3.77696 0.876082 1.92031
3.75839 0.917835 1.98947
3.73867 0.962826 1.98385
3.7258 0.992668 1.97793
3.70965 1.03094 1.96993
3.6945 1.06893 1.95044
3.6743 1.11458 1.98744
3.65497 1.16068 1.96781
3.63421 1.20614 1.99912
3.61822 1.24907 1.92744
3.60133 1.28757 1.98407
3.58112 1.33144 2.00253
3.5627 1.3745 1.97502
3.5427 1.41936 1.99018
3.52424 1.45937 2.00298
3.50254 1.50441 2.01987
3.48836 1.53261 2.03669
3.46579 1.57514 2.05864
3.44271 1.6193 2.05242
3.42048 1.66096 2.0609
3.39968 1.69912 2.06998
3.38234 1.73578 2.01256
3.36299 1.77637 2.01563
3.33972 1.81697 2.09124
3.31717 1.86139 2.04064
3.29941 1.89738 2.02916
3.27353 1.94016 2.11477
3.24723 1.98255 2.12619
3.21905 2.02386 2.1694
3.1918 2.06516 2.15402
3.16365 2.10616 2.17255
3.13448 2.14647 2.19715
3.10391 2.18603 2.22871
3.07976 2.21988 2.19036
3.05409 2.25666 2.18017
3.02511 2.2974 2.18904
2.99677 2.3386 2.17343
2.97115 2.3796 2.1293
2.9474 2.4144 2.1697
2.91657 2.45356 2.23773
2.90194 2.47159 2.25221
2.87045 2.51043 2.25224
2.83809 2.54797 2.28221
2.80388 2.58443 2.3244
2.77045 2.62026 2.3214
2.74608 2.64786 2.29412
2.71098 2.68345 2.34928
2.68508 2.70864 2.37016
2.65158 2.73914 2.40308
2.61593 2.77061 2.41827
2.5779 2.80307 2.43503
2.5408 2.83547 2.42381
2.50281 2.86796 2.43407
2.46621 2.89902 2.43781
2.44059 2.9198 2.46044
2.41868 2.93838 2.43814
2.38621 2.96794 2.40289
2.34872 3.00084 2.4214
2.31342 3.03112 2.4327
2.28607 3.05054 2.52412
2.25253 3.07371 2.53696
2.21555 3.09814 2.55775
2.18558 3.11874 2.53945
2.1472 3.14625 2.51973
2.10555 3.1739 2.55555
2.06308 3.20028 2.58567
2.02033 3.22574 2.60448
1.99348 3.24211 2.59428
1.95864 3.26528 2.55461
1.9194 3.29079 2.56519
1.88252 3.31508 2.55915
1.85266 3.33308 2.59912
1.80997 3.35907 2.59479
1.77842 3.37814 2.59781
1.73597 3.40221 2.62578
1.69261 3.42706 2.62119
1.66069 3.44348 2.66638
1.62195 3.46195 2.69671
1.57988 3.47932 2.7501
1.53453 3.49942 2.72439
1.48925 3.51831 2.74641
1.44743 3.53704 2.72039
1.40136 3.55615 2.7485
1.35603 3.57724 2.70617
1.32972 3.58893 2.72317
1.29094 3.60698 2.70608
1.24489 3.62598 2.75018
1.20972 3.63989 2.76505
1.17154 3.65334 2.80293
1.12434 3.6697 2.80801
1.07878 3.6827 2.86352
1.03064 3.69517 2.88813
0.99123 3.7068 2.85469
0.949111 3.71768 2.88867
0.906384 3.72979 2.86545
0.858785 3.74489 2.8344
0.811752 3.7583 2.86398
0.763341 3.77075 2.88972
0.731759 3.77781 2.92175
0.684572 3.78739 2.9414
0.64281 3.79529 2.95454
0.597906 3.80397 2.95056
0.549111 3.81475 2.92434
0.500047 3.8242 2.95114
0.450632 3.83099 3.0052
0.414763 3.83481 3.03544
0.365145 3.83833 3.07067
0.326295 3.84008 3.09672
0.285072 3.84286 3.07431
0.235325 3.84749 3.04864
0.185668 3.85276 3.03592
0.136119 3.85879 3.0205
0.0874738 3.86332 3.04864
0.0375975 3.86682 3.07158
-0.0117819 3.86955 3.08645
-0.052864 3.87056 3.11708
-0.092871 3.87283 3.08469
-0.140133 3.87374 3.12241
-0.190004 3.87277 3.161
-0.239853 3.86972 -3.08049
-0.289611 3.86575 -3.06182
-0.336297 3.86089 -3.03799
-0.385976 3.85535 -3.03043
-0.429902 3.84786 -2.97271
-0.479081 3.84043 -2.99177
-0.523227 3.83179 -2.94826
-0.572343 3.82307 -2.96596
-0.620709 3.81678 -3.0122
-0.66988 3.80777 -2.96035
-0.713143 3.7989 -2.93943
-0.761393 3.78878 -2.93482
-0.802147 3.78005 -2.93058
-0.838239 3.7713 -2.90385
-0.881859 3.76165 -2.92381
-0.916074 3.75301 -2.89413
-0.963872 3.73996 -2.87517
-1.00628 3.72758 -2.85744
-1.04702 3.71661 -2.87859
-1.09395 3.70109 -2.82231
-1.13594 3.68743 -2.8269
-1.18262 3.6717 -2.81666
-1.22978 3.65595 -2.81931
-1.27696 3.63967 -2.80916
-1.31807 3.62586 -2.81779
-1.36534 3.60957 -2.80965
-1.40594 3.5955 -2.80803
-1.45215 3.57857 -2.79024
-1.49926 3.56235 -2.8101
-1.54378 3.54598 -2.78923
-1.59014 3.52885 -2.78771
-1.63141 3.51291 -2.77299
-1.6719 3.49759 -2.77998
-1.70289 3.48547 -2.76865
-1.74839 3.46595 -2.73639
-1.78762 3.44843 -2.72133
-1.83095 3.42757 -2.69303
-1.8634 3.41009 -2.64762
-1.90703 3.38568 -2.63151
-1.94573 3.36441 -2.63896
-1.99065 3.34326 -2.70152
-2.03541 3.32182 -2.69482
-2.06349 3.30937 -2.72451
-2.10778 3.28865 -2.70401
-2.14251 3.2723 -2.70149
-2.1876 3.25123 -2.70452
-2.23155 3.23026 -2.69644
-2.27609 3.20774 -2.67334
-2.31356 3.18899 -2.67763
-2.34885 3.17092 -2.66853
-2.39181 3.1486 -2.66222
-2.4354 3.12524 -2.64976
-2.47386 3.10259 -2.60938
-2.51749 3.07861 -2.63902
-2.55939 3.05275 -2.58858
-2.59378 3.03039 -2.56508
-2.63245 3.00565 -2.57256
-2.66593 2.98304 -2.54759
-2.70645 2.95692 -2.56886
-2.74483 2.932 -2.56568
-2.78442 2.9072 -2.58202
-2.81426 2.88859 -2.58403
-2.85383 2.86196 -2.54922
-2.88744 2.8413 -2.59053
-2.90869 2.82889 -2.61282
-2.92435 2.81941 -2.59748
-2.934 2.81388 -2.62118
-2.94877 2.8061 -2.65678
-2.95349 2.80396 -2.71575
-2.96486 2.79883 -2.71746
-2.97893 2.79222 -2.7023
-2.99169 2.78593 -2.68405
-3.00777 2.77865 -2.71663
-3.03795 2.76246 -2.64912
-3.0514 2.75524 -2.64892
-3.05596 2.75267 -2.62744
-3.07177 2.74409 -2.64461
-3.08471 2.73722 -2.65299
-3.09697 2.73108 -2.67758
-3.11281 2.72329 -2.68492
-3.12117 2.71919 -2.68549
-3.13007 2.7149 -2.69213
-3.1482 2.70647 -2.70614
-3.16929 2.69686 -2.71438
-3.18856 2.68736 -2.68332
-3.2096 2.67542 -2.62563
-3.22447 2.66626 -2.58896
-3.22599 2.66531 -2.58816
-3.23797 2.65763 -2.57102
-3.26152 2.64432 -2.62743
-3.28078 2.63407 -2.65231
-3.28847 2.63014 -2.66923
-3.2991 2.62483 -2.67864
-3.31739 2.61499 -2.64798
-3.31956 2.61366 -2.59267
-3.33048 2.60706 -2.59735
-3.34615 2.59715 -2.57795
-3.35737 2.5901 -2.58063
-3.36934 2.58296 -2.60342
-3.38957 2.5709 -2.60425
-3.401 2.56414 -2.60708
-3.4141 2.5555 -2.55896
-3.43425 2.54245 -2.56665
-3.4524 2.53051 -2.56007
-3.46071 2.52515 -2.56822
-3.484 2.50916 -2.53985
-3.50111 2.49762 -2.54823
-3.52571 2.47796 -2.46733
-3.53967 2.46625 -2.44363
-3.56349 2.44642 -2.4475
-3.58899 2.42536 -2.45111
-3.60399 2.41475 -2.52603
-3.61677 2.4064 -2.56315
-3.62737 2.39958 -2.56966
-3.64469 2.38819 -2.55965
-3.66295 2.37629 -2.56451
-3.67913 2.36512 -2.53712
-3.68641 2.36027 -2.55356
-3.70019 2.35089 -2.54382
-3.7207 2.33791 -2.57748
-3.73384 2.32961 -2.57842
-3.73857 2.32659 -2.5738
-3.74405 2.32315 -2.57963
-3.75434 2.31705 -2.60685
-3.76742 2.31022 -2.66038
-3.77292 2.30745 -2.67574
-3.78373 2.30168 -2.65073
-3.78947 2.29858 -2.64734
-3.80864 2.28908 -2.68116
-3.82322 2.28257 -2.72192
-3.82907 2.27992 -2.71536
-3.84212 2.27414 -2.7249
-3.85288 2.2698 -2.75793
-3.86676 2.26418 -2.75713
-3.88071 2.25897 -2.78395
-3.89256 2.25437 -2.77131
-3.92268 2.24485 -2.83558
-3.95589 2.23502 -2.85379
-3.98516 2.22693 -2.87194
-4.00206 2.2234 -2.93579
-4.01403 2.22039 -2.89493
-4.02118 2.2184 -2.87033
-4.03058 2.21546 -2.83895
-4.03369 2.21453 -2.85074
-4.04056 2.2125 -2.85431
-4.04595 2.21094 -2.85884
-4.05879 2.20713 -2.85338
-4.06928 2.20375 -2.83
-4.08325 2.19886 -2.80451
-4.09353 2.1951 -2.791
-4.11393 2.18719 -2.77197
-4.11963 2.1851 -2.78938
-4.12841 2.18225 -2.82756
-4.14009 2.17883 -2.8568
-4.14698 2.17689 -2.86759
-4.15668 2.17442 -2.89192
-4.16464 2.17245 -2.89862
-4.17086 2.17086 -2.89286
-4.1782 2.16884 -2.87173
-4.1966 2.16432 -2.9012
-4.1953 2.16461 -2.92522
-4.20169 2.16333 -2.94396
-4.20681 2.16237 -2.95551
-4.21132 2.16155 -2.96268
-4.21486 2.1609 -2.95982
-4.22099 2.15986 -2.97299
True
0.0632944
