4.47087 0.0134602 2.7088
4.44225 0.0287112 2.65191
4.41092 0.0472792 2.60666
4.38811 0.061034 2.59893
4.37335 0.0712074 2.5379
4.3567 0.08289 2.5298
4.33001 0.101805 2.5251
4.30031 0.129201 2.39659
4.27969 0.15015 2.34815
4.24694 0.184163 2.33724
4.21279 0.220683 2.32266
4.18529 0.252917 2.27715
4.15851 0.286487 2.24417
4.1296 0.324948 2.21534
4.11016 0.353092 2.17541
4.08495 0.389858 2.17181
4.06039 0.429571 2.12468
4.04307 0.460035 2.08769
4.02107 0.499432 2.0801
3.99756 0.543152 2.06424
3.97706 0.588619 1.99436
3.95864 0.632464 1.96848
3.94013 0.678886 1.95022
3.92407 0.721777 1.92914
3.90724 0.766554 1.93019
3.89334 0.807788 1.89606
3.88021 0.846956 1.89408
3.86402 0.893249 1.90735
3.84782 0.940554 1.90064
3.83621 0.977207 1.87751
3.8212 1.02377 1.88275
3.80865 1.05948 1.90867
3.79184 1.10622 1.916
3.77964 1.14517 1.87439
3.7631 1.19095 1.91749
3.74685 1.23821 1.90193
3.7325 1.27963 1.90436
3.71769 1.32398 1.89323
3.70504 1.3597 1.91115
3.68978 1.40713 1.88192
3.67799 1.44326 1.88644
3.66221 1.48401 1.94007
3.64349 1.53035 1.95485
3.62304 1.57291 2.01869
3.60234 1.61843 1.99755
3.58363 1.6571 2.02137
3.56576 1.69554 2.00589
3.54988 1.72814 2.02412
3.52953 1.76792 2.04367
3.51145 1.80602 2.01404
3.49109 1.84335 2.07004
3.47037 1.87895 2.09784
3.44537 1.91966 2.12157
3.42434 1.95273 2.13719
3.40079 1.98907 2.14574
3.3784 2.02365 2.14543
3.34919 2.06375 2.20031
3.32232 2.10525 2.14541
3.29544 2.14562 2.15833
3.27117 2.1821 2.15787
3.24489 2.22372 2.13404
3.22105 2.25827 2.17463
3.19325 2.29979 2.16075
3.16464 2.33744 2.2207
3.14081 2.36919 2.21452
3.11163 2.40979 2.19401
3.08706 2.44137 2.23203
3.05728 2.47796 2.25389
3.02897 2.51075 2.283
2.9959 2.54825 2.29352
2.97048 2.57627 2.30767
2.93613 2.61193 2.33745
2.90255 2.64856 2.31278
2.86991 2.68621 2.28494
2.83455 2.72156 2.35649
2.80144 2.75491 2.35259
2.76729 2.78901 2.35685
2.73185 2.82397 2.36303
2.69922 2.85763 2.34054
2.66423 2.89335 2.34595
2.64469 2.91347 2.34167
2.608 2.9474 2.39535
2.58372 2.9684 2.42834
2.54965 2.99998 2.39419
2.51289 3.03329 2.40528
2.47608 3.0635 2.45434
2.43913 3.09393 2.45269
2.39986 3.12484 2.47468
2.36234 3.15164 2.52146
2.32147 3.18036 2.52909
2.28391 3.20436 2.57286
2.24237 3.23204 2.55377
2.20178 3.25854 2.56325
2.16501 3.28226 2.56877
2.12636 3.30828 2.54903
2.08563 3.33228 2.60915
2.04551 3.35419 2.64168
2.01084 3.3726 2.65349
1.96678 3.39623 2.64932
1.94116 3.40908 2.67653
1.90067 3.43003 2.66432
1.85844 3.45103 2.68
1.81497 3.47247 2.68346
1.77061 3.49551 2.66246
1.72865 3.51607 2.68611
1.68562 3.53758 2.67793
1.64254 3.55756 2.70734
1.59813 3.57575 2.75273
1.55266 3.59652 2.71321
1.51164 3.61442 2.7302
1.46773 3.63413 2.71962
1.42154 3.65324 2.74934
1.38486 3.66848 2.74777
1.3406 3.68698 2.7457
1.29998 3.70216 2.78403
1.25215 3.7167 2.84646
1.21868 3.72861 2.79972
1.17755 3.74135 2.84119
1.13124 3.75577 2.83965
1.08378 3.77149 2.82179
1.03627 3.78697 2.82659
0.991698 3.80405 2.77572
0.944589 3.82063 2.80319
0.897591 3.83549 2.83526
0.853414 3.84693 2.88816
0.804872 3.85883 2.9013
0.756167 3.8672 2.9714
0.707881 3.87632 2.95491
0.659279 3.88733 2.91882
0.618575 3.8968 2.91295
0.570834 3.90811 2.90893
0.528367 3.91649 2.94694
0.488011 3.92338 2.97229
0.439343 3.93234 2.95969
0.396149 3.93966 2.9736
0.346877 3.94739 2.98598
0.29755 3.95556 2.97757
0.249614 3.96201 3.00774
0.204678 3.96826 3.00339
0.155495 3.97542 2.99694
0.106131 3.98079 3.03328
0.057526 3.98444 3.06661
0.0111402 3.9873 3.08007
-0.0367407 3.98862 3.11399
-0.0866311 3.98813 3.15143
-0.126133 3.98806 -3.13981
-0.172518 3.98716 -3.12217
-0.222503 3.98596 -3.11748
-0.272261 3.98405 -3.10328
-0.321863 3.98281 -3.1166
-0.370888 3.97934 -3.07101
-0.414944 3.97654 -3.07808
-0.461662 3.971 -3.02357
-0.505892 3.96714 -3.0544
-0.555346 3.96274 -3.05285
-0.603607 3.95926 -3.06965
-0.650182 3.95575 -3.06653
-0.699781 3.95143 -3.05452
-0.743289 3.94645 -3.02764
-0.792795 3.94114 -3.03485
-0.828383 3.93852 -3.06805
-0.873266 3.93506 -3.06458
-0.918031 3.93044 -3.03881
-0.967828 3.92603 -3.05321
-1.0168 3.92268 -3.07334
-1.05475 3.92201 -3.12389
-1.09911 3.92157 -3.13171
-1.14443 3.92026 -3.11283
-1.18409 3.91984 -3.13079
-1.22568 3.91991 -3.14342
-1.268 3.91944 3.15284
-1.3154 3.9174 -3.09861
-1.36516 3.91268 -3.04708
-1.40622 3.90752 -3.01653
-1.45029 3.90165 -3.00921
-1.49876 3.89704 -3.04675
-1.5477 3.88863 -2.9714
-1.59106 3.87993 -2.94355
-1.63184 3.86922 -2.88491
-1.68072 3.85899 -2.93527
-1.72808 3.8458 -2.87001
-1.77472 3.83041 -2.8228
-1.8151 3.81846 -2.85386
-1.86239 3.80228 -2.81189
-1.91044 3.78851 -2.86245
-1.95706 3.77342 -2.82867
-2.00051 3.76022 -2.84647
-2.03792 3.74829 -2.8329
-2.08056 3.73476 -2.83449
-2.11486 3.7241 -2.84013
-2.15772 3.71202 -2.86698
-2.19706 3.70043 -2.85521
-2.23291 3.69101 -2.88458
-2.27742 3.67944 -2.88712
-2.32449 3.66879 -2.91914
-2.36366 3.65913 -2.89974
-2.4064 3.64955 -2.92114
-2.45174 3.63774 -2.88682
-2.49621 3.62636 -2.89099
-2.53742 3.61604 -2.89624
-2.5758 3.60617 -2.88998
-2.61974 3.59549 -2.90318
-2.66691 3.58535 -2.92988
-2.69857 3.57935 -2.95418
-2.71506 3.57656 -2.97369
-2.74816 3.57197 -3.00391
-2.76013 3.57058 -3.02609
-2.77967 3.56744 -2.98205
-2.8122 3.56183 -2.97077
-2.85641 3.55405 -2.96745
-2.89784 3.54836 -3.00505
-2.93149 3.54336 -2.99414
-2.9672 3.53881 -3.01506
-2.9935 3.53628 -3.04572
-3.02574 3.53407 -3.07289
-3.06372 3.53074 -3.05434
-3.11242 3.52624 -3.04943
-3.13156 3.52452 -3.05169
-3.16526 3.52145 -3.05069
-3.19666 3.51834 -3.04312
-3.22043 3.51471 -2.98985
-3.22499 3.51394 -2.97361
-3.23577 3.51186 -2.95173
-3.26053 3.50707 -2.95017
-3.27847 3.50326 -2.9326
-3.29604 3.49971 -2.94223
-3.31932 3.49544 -2.95999
-3.34623 3.49166 -3.00225
-3.37051 3.48897 -3.03103
-3.39391 3.48669 -3.0446
-3.41887 3.48337 -3.00922
-3.44507 3.4806 -3.03634
-3.46218 3.47795 -2.9883
-3.49051 3.47426 -3.01173
-3.53025 3.46919 -3.01489
-3.56716 3.46403 -3.00265
-3.6046 3.45871 -3.00046
-3.65191 3.45209 -3.00244
-3.68031 3.44823 -3.00651
-3.71005 3.44475 -3.02513
-3.74359 3.44176 -3.05265
-3.76637 3.43914 -3.02745
-3.79108 3.43651 -3.03546
-3.81217 3.43392 -3.01942
-3.83071 3.43065 -2.96677
-3.8421 3.42875 -2.97622
-3.85192 3.42737 -3.00281
-3.8776 3.42396 -3.00947
-3.89788 3.42076 -2.9851
-3.90354 3.41998 -3.00478
-3.91376 3.41847 -2.99475
-3.93553 3.41491 -2.97937
-3.958 3.41065 -2.95417
-3.96833 3.40794 -2.8853
-3.9818 3.40404 -2.85996
-3.9972 3.39961 -2.86132
-4.00027 3.39889 -2.91087
-4.01136 3.39582 -2.87201
-4.02636 3.39209 -2.89773
-4.02942 3.39149 -2.94692
-4.02321 3.39251 -2.97767
-4.02808 3.39169 -2.97343
-4.04108 3.38978 -2.99616
-4.0462 3.38907 -3.00387
-4.06505 3.38734 -3.04981
-4.07504 3.38654 -3.06204
-4.08223 3.38611 -3.08201
-4.09022 3.38554 -3.06962
-4.09873 3.38473 -3.04757
-4.10504 3.38411 -3.04235
-4.11613 3.38293 -3.03642
-4.12906 3.38202 -3.07127
-4.14058 3.38192 -3.13243
-4.14617 3.38187 -3.13257
-4.16138 3.38155 -3.12068
-4.17316 3.38139 -3.12761
-4.17954 3.38165 -3.18301
-4.18224 3.38171 3.12103
-4.19491 3.38195 3.12223
-4.20408 3.3819 3.1471
-4.22776 3.38251 -3.16735
True
0.194899
