-5.45039 0.174993 -0.123046
-5.40557 0.1678 -0.159142
-5.35799 0.1578 -0.207149
-5.30957 0.145312 -0.252432
-5.26618 0.13641 -0.202349
-5.21705 0.127143 -0.18642
-5.16858 0.116083 -0.224342
-5.11992 0.107087 -0.182829
-5.07793 0.100503 -0.155523
-5.0295 0.0939442 -0.134622
-4.98007 0.0865287 -0.148883
-4.93636 0.0799641 -0.14907
-4.88757 0.07122 -0.17737
-4.83924 0.0612129 -0.20415
-4.79182 0.052249 -0.186838
-4.74952 0.0435321 -0.203243
-4.71091 0.0368564 -0.171199
-4.66617 0.028499 -0.184661
-4.61677 0.0208726 -0.153177
-4.59049 0.0162723 -0.173254
-4.54116 0.00867033 -0.152906
-4.49675 0.00327269 -0.120957
-4.44779 -0.00308738 -0.129188
-4.39801 -0.00764867 -0.0913581
-4.35045 -0.014265 -0.138231
-4.30128 -0.0220381 -0.156795
-4.25956 -0.0294054 -0.174785
-4.22642 -0.0347103 -0.158755
-4.1805 -0.0411767 -0.139883
-4.13422 -0.0484832 -0.156603
-4.0926 -0.0550139 -0.155616
-4.04337 -0.0619693 -0.140366
-3.99965 -0.068882 -0.156826
-3.97442 -0.072633 -0.147546
-3.93912 -0.0762385 -0.101804
-3.90395 -0.0779797 -0.0494667
-3.85681 -0.0790873 -0.0234881
-3.80972 -0.0814427 -0.0499802
-3.76917 -0.0833618 -0.0472914
-3.71933 -0.0859628 -0.052143
-3.67259 -0.0887005 -0.0585024
-3.62367 -0.0901315 -0.0292457
-3.57369 -0.0913203 -0.0237793
-3.52524 -0.0930332 -0.0353419
-3.47549 -0.0949819 -0.0391485
-3.44228 -0.0955416 -0.0168544
-3.3968 -0.095727 -0.00407531
-3.34855 -0.0952577 0.00972473
-3.29892 -0.0939852 0.0256313
-3.25688 -0.092325 0.0394785
-3.20716 -0.0925014 -0.00354831
-3.15823 -0.0922187 0.00577719
-3.10959 -0.093931 -0.0351883
-3.06559 -0.0928904 0.0236465
-3.01559 -0.0923065 0.011679
-2.9765 -0.0916343 0.017196
-2.92707 -0.0918303 -0.00396703
-2.8791 -0.0914779 0.00734721
-2.83679 -0.0904956 0.0232123
-2.79058 -0.0902153 0.00606358
-2.74661 -0.0883249 0.0429649
-2.69912 -0.0863601 0.0413507
-2.65252 -0.0881538 -0.0384753
-2.60282 -0.0886074 -0.00912691
-2.55329 -0.0913207 -0.0547307
-2.50669 -0.0942997 -0.0638453
-2.45732 -0.0984584 -0.0840338
-2.41328 -0.101122 -0.0604165
-2.36343 -0.104209 -0.0618208
-2.31373 -0.108403 -0.0842181
-2.26508 -0.113998 -0.114485
-2.21547 -0.117605 -0.0725765
-2.16661 -0.121512 -0.0798014
-2.12171 -0.12337 -0.0413409
-2.07193 -0.125071 -0.0341671
-2.02197 -0.127151 -0.041617
-1.97955 -0.129621 -0.0581462
-1.9316 -0.132864 -0.0675379
-1.88234 -0.136524 -0.0741559
-1.83361 -0.138813 -0.0469467
-1.79459 -0.141797 -0.0763299
-1.74469 -0.14446 -0.0533016
-1.72229 -0.146215 -0.0781905
-1.67561 -0.150182 -0.0847749
-1.62875 -0.153298 -0.0664036
-1.58719 -0.15535 -0.0493387
-1.54253 -0.157536 -0.0489213
-1.49313 -0.160074 -0.0513233
-1.44422 -0.163776 -0.075551
-1.40254 -0.167206 -0.082096
-1.35709 -0.169902 -0.0592585
-1.30764 -0.174304 -0.0887847
-1.25768 -0.176058 -0.0350729
-1.22114 -0.177534 -0.0403745
-1.17158 -0.180446 -0.0587039
-1.12465 -0.184541 -0.0870467
-1.07644 -0.187515 -0.0616102
-1.02847 -0.190693 -0.0661412
-0.982473 -0.195501 -0.104151
-0.948045 -0.199158 -0.105841
-0.900327 -0.203952 -0.100113
-0.857378 -0.207212 -0.0757748
-0.810316 -0.212892 -0.120094
-0.77267 -0.216434 -0.0938259
-0.731113 -0.220182 -0.0899402
-0.688874 -0.22298 -0.0661399
-0.659359 -0.227772 -0.160972
-0.610208 -0.23617 -0.169231
-0.561026 -0.242126 -0.120504
-0.512492 -0.247472 -0.109706
-0.463937 -0.250159 -0.0552809
-0.414992 -0.254511 -0.0886802
-0.365093 -0.256638 -0.0426132
-0.316093 -0.259251 -0.0532679
-0.266364 -0.263361 -0.0824671
-0.224905 -0.265618 -0.0543908
-0.176257 -0.26917 -0.0728889
-0.130277 -0.272747 -0.0776334
-0.0811177 -0.278053 -0.107504
-0.0373583 -0.284174 -0.13899
0.0106075 -0.293612 -0.194289
0.0582299 -0.305321 -0.241084
0.0996383 -0.315111 -0.232154
0.14878 -0.323461 -0.168304
0.197548 -0.332569 -0.184642
0.239927 -0.338639 -0.142271
0.282545 -0.346283 -0.177472
0.328403 -0.352825 -0.1417
0.376271 -0.360983 -0.168798
0.425135 -0.368442 -0.151488
0.473252 -0.375352 -0.142619
0.521988 -0.38348 -0.165261
0.558532 -0.388476 -0.135885
0.605816 -0.391234 -0.0582534
0.646149 -0.396922 -0.140118
0.687948 -0.401114 -0.0999546
0.727369 -0.406062 -0.124843
0.771496 -0.410487 -0.0999501
0.812879 -0.412997 -0.0605918
0.859349 -0.416908 -0.0839622
0.908881 -0.420626 -0.0749251
0.953687 -0.424545 -0.0872408
1.00312 -0.428546 -0.0807558
1.05259 -0.432884 -0.0874677
1.0945 -0.43652 -0.0865521
1.13662 -0.444 -0.175725
1.17954 -0.450471 -0.149653
1.22363 -0.45739 -0.155659
1.2718 -0.466234 -0.181567
1.32117 -0.474145 -0.158884
1.36982 -0.482932 -0.178698
1.41101 -0.490259 -0.17605
1.46024 -0.496856 -0.133203
1.50639 -0.503121 -0.134929
1.55455 -0.509925 -0.140348
1.59908 -0.515659 -0.128061
1.64829 -0.524237 -0.172601
1.69404 -0.530525 -0.136583
1.73655 -0.536618 -0.14236
1.78506 -0.543603 -0.143001
1.83446 -0.550569 -0.140086
1.88186 -0.557592 -0.147088
1.92547 -0.565129 -0.171157
1.97465 -0.574023 -0.178923
2.01708 -0.583347 -0.21631
2.05116 -0.591475 -0.234145
2.0999 -0.601384 -0.200553
2.14296 -0.606265 -0.112848
2.18858 -0.613596 -0.159361
2.23505 -0.619478 -0.125894
2.28445 -0.627171 -0.154476
2.32729 -0.634412 -0.167481
2.36946 -0.640225 -0.136976
2.41867 -0.648262 -0.161893
2.46302 -0.655163 -0.154364
2.51164 -0.65925 -0.0838757
2.55921 -0.663277 -0.0844316
2.60858 -0.66523 -0.0395502
2.65648 -0.669669 -0.0924003
2.70092 -0.672799 -0.0703331
2.7406 -0.675705 -0.0730861
2.78836 -0.680924 -0.108837
2.8244 -0.683916 -0.0828408
2.87419 -0.68808 -0.0834235
2.91109 -0.691388 -0.0894283
2.95232 -0.694427 -0.0735792
3.00188 -0.69876 -0.0871941
3.0501 -0.702413 -0.0756341
3.09975 -0.707713 -0.106327
3.14792 -0.710986 -0.0678531
3.18826 -0.711282 -0.00734486
3.2377 -0.714188 -0.0586993
3.28749 -0.717494 -0.0663108
3.336 -0.720565 -0.0632175
3.37576 -0.722487 -0.0483069
3.40562 -0.724107 -0.0542128
3.43488 -0.726377 -0.0773938
3.46874 -0.729395 -0.0888976
3.51195 -0.734799 -0.124436
3.54957 -0.740133 -0.140847
3.5848 -0.746361 -0.174945
3.61791 -0.75067 -0.129404
3.64647 -0.75487 -0.146032
3.66538 -0.75816 -0.172285
3.67163 -0.75898 -0.130385
3.67882 -0.759798 -0.113353
3.70473 -0.76308 -0.125976
3.73437 -0.767927 -0.162107
3.77359 -0.773432 -0.139458
3.79965 -0.777031 -0.137214
3.82816 -0.780952 -0.136666
3.84516 -0.783248 -0.134247
3.86561 -0.786495 -0.157477
3.88469 -0.788911 -0.125988
3.91291 -0.791803 -0.102084
3.95876 -0.795378 -0.077827
3.99901 -0.800214 -0.119571
4.03244 -0.805786 -0.165168
4.07373 -0.814348 -0.204486
4.10578 -0.82146 -0.21833
4.13925 -0.830073 -0.251834
4.17221 -0.839249 -0.271579
4.20966 -0.849032 -0.255519
4.23167 -0.853886 -0.217044
4.25321 -0.858165 -0.196122
4.27716 -0.862521 -0.179864
4.31978 -0.867482 -0.115889
4.36212 -0.871455 -0.0935418
4.40145 -0.874776 -0.084263
4.44399 -0.878916 -0.0970023
4.46678 -0.881281 -0.103392
4.49376 -0.884608 -0.122705
4.51804 -0.887552 -0.120704
4.53255 -0.889101 -0.106303
4.55973 -0.891156 -0.0754647
4.57896 -0.892093 -0.0487041
4.59608 -0.892292 -0.0116235
4.62458 -0.892118 0.00612732
4.62788 -0.892062 0.0169773
4.64975 -0.891038 0.0467453
4.66435 -0.890586 0.0309595
4.67384 -0.890307 0.0294444
4.6989 -0.889075 0.0491199
4.71482 -0.887946 0.0707609
4.73008 -0.886963 0.0643324
4.73971 -0.886472 0.0509575
4.76197 -0.885305 0.0524189
4.78314 -0.88408 0.0577556
4.79486 -0.883586 0.0421323
4.81086 -0.883397 0.0117911
4.82804 -0.883428 -0.00178244
4.8419 -0.883914 -0.0350528
4.84737 -0.88414 -0.0411673
4.87191 -0.885533 -0.0567193
4.89618 -0.887019 -0.0611401
4.91869 -0.888902 -0.08348
4.93587 -0.890049 -0.0666985
4.94795 -0.89066 -0.0504819
4.97221 -0.890372 0.0118854
4.98921 -0.889113 0.0738999
5.0121 -0.886978 0.0930144
5.01866 -0.886481 0.0755262
5.03657 -0.885116 0.0761253
5.04346 -0.88438 0.106279
5.05407 -0.883448 0.0876205
5.06353 -0.882722 0.0765499
5.07471 -0.881944 0.0695617
5.07994 -0.881585 0.0685028
5.0865 -0.881305 0.0426509
5.09554 -0.881225 0.00880353
5.10621 -0.88175 -0.0491092
5.11366 -0.882256 -0.0678657
5.13907 -0.884535 -0.0894509
5.14828 -0.885635 -0.118821
5.15904 -0.88697 -0.123466
5.16337 -0.887465 -0.113975
5.17643 -0.889361 -0.144081
5.18611 -0.891094 -0.177306
5.19075 -0.891897 -0.171238
5.19947 -0.893736 -0.207724
5.20516 -0.895298 -0.26801
True
0.0662306
