-5.47441 -1.2832 0.281473
-5.4534 -1.27641 0.312627
-5.44169 -1.27353 0.241003
-5.41631 -1.26746 0.234878
-5.3671 -1.25911 0.168193
-5.31899 -1.25031 0.180723
-5.27311 -1.24089 0.202653
-5.22606 -1.23052 0.21677
-5.1801 -1.21865 0.252814
-5.13204 -1.20581 0.26115
-5.09043 -1.19302 0.298139
-5.06831 -1.18509 0.344456
-5.02556 -1.17173 0.302892
-4.98061 -1.15763 0.303859
-4.93513 -1.14343 0.302586
-4.89726 -1.12995 0.342115
-4.85619 -1.117 0.305326
-4.80986 -1.10334 0.286677
-4.77179 -1.09226 0.283437
-4.72426 -1.07676 0.315092
-4.67684 -1.06186 0.304406
-4.63393 -1.04852 0.301465
-4.58716 -1.03084 0.361504
-4.54489 -1.01754 0.30486
-4.49951 -1.0042 0.285936
-4.4523 -0.990068 0.290789
-4.4056 -0.976253 0.28761
-4.35772 -0.961983 0.289639
-4.31056 -0.95006 0.247645
-4.26245 -0.936645 0.271941
-4.21665 -0.92284 0.292761
-4.16932 -0.906861 0.325597
-4.12417 -0.891866 0.320687
-4.07656 -0.877242 0.297988
-4.02857 -0.863402 0.280794
-3.98132 -0.850134 0.273707
-3.93666 -0.837961 0.26612
-3.88803 -0.826611 0.229318
-3.84085 -0.811945 0.301352
-3.79804 -0.796796 0.340135
-3.75082 -0.780356 0.335026
-3.70532 -0.762964 0.365135
-3.65939 -0.743913 0.393132
-3.62839 -0.733018 0.338035
-3.58457 -0.715875 0.372907
-3.5483 -0.702453 0.354433
-3.50165 -0.685547 0.347668
-3.45907 -0.672974 0.287107
-3.4106 -0.660698 0.248045
-3.3624 -0.64842 0.249423
-3.3192 -0.636537 0.268447
-3.27202 -0.621773 0.303297
-3.22741 -0.608321 0.29287
-3.18779 -0.597403 0.268868
-3.15001 -0.585719 0.299948
-3.10234 -0.573473 0.251423
-3.05596 -0.559751 0.287699
-3.00946 -0.545673 0.293949
-2.96253 -0.531208 0.298972
-2.91517 -0.515302 0.324025
-2.87617 -0.502739 0.311662
-2.8329 -0.489258 0.302045
-2.79012 -0.477676 0.26436
-2.74463 -0.464253 0.286964
-2.69712 -0.448882 0.312887
-2.64959 -0.433647 0.310191
-2.60269 -0.417331 0.334813
-2.55652 -0.400108 0.357009
-2.50973 -0.383483 0.341395
-2.47543 -0.371962 0.324084
-2.43327 -0.357985 0.320118
-2.38721 -0.341864 0.336627
-2.34081 -0.323228 0.381944
-2.29518 -0.307127 0.339234
-2.26278 -0.296593 0.314342
-2.21666 -0.281842 0.309519
-2.16971 -0.267447 0.297511
-2.13764 -0.257942 0.288138
-2.09125 -0.244815 0.275753
-2.05217 -0.235027 0.245435
-2.01086 -0.224766 0.243439
-1.96292 -0.210549 0.288341
-1.91626 -0.193327 0.353554
-1.87114 -0.175212 0.381812
-1.82668 -0.15844 0.360718
-1.7936 -0.146952 0.334241
-1.74945 -0.132085 0.324821
-1.7059 -0.116698 0.339639
-1.66131 -0.103367 0.29051
-1.6185 -0.0919207 0.261264
-1.56974 -0.0808988 0.222303
-1.52087 -0.0720808 0.178526
-1.47994 -0.063062 0.216858
-1.43092 -0.0532556 0.197435
-1.38193 -0.0439806 0.187106
-1.34582 -0.0363466 0.208359
-1.30422 -0.0269173 0.222886
-1.25719 -0.0165502 0.216972
-1.20864 -0.0046466 0.24044
-1.16306 0.00689909 0.248089
-1.12135 0.0159598 0.213903
-1.07418 0.0309935 0.308545
-1.02841 0.044391 0.284756
-0.979925 0.055725 0.229645
-0.933542 0.067407 0.246729
-0.890479 0.0771301 0.222068
-0.847755 0.0848719 0.179259
-0.802094 0.093726 0.191528
-0.753557 0.102062 0.170088
-0.705659 0.109248 0.148919
-0.656618 0.112393 0.0640325
-0.611265 0.114589 0.0483805
-0.562354 0.116486 0.0387697
-0.517367 0.118478 0.0442601
-0.467398 0.119321 0.0168631
-0.420714 0.118293 -0.0220132
-0.372241 0.116576 -0.0354128
-0.324597 0.113993 -0.0541638
-0.279814 0.114124 0.002924
-0.240494 0.11513 0.0255976
-0.213492 0.114629 -0.0185822
-0.16394 0.111934 -0.0543186
-0.119133 0.109283 -0.0590949
-0.0847514 0.108583 -0.0203775
-0.0347856 0.106736 -0.0369419
0.00948335 0.106254 -0.0108801
0.0594081 0.106082 -0.00345765
0.105586 0.104108 -0.0427041
0.149075 0.103007 -0.0253267
0.199075 0.102843 -0.0032816
0.243524 0.102795 -0.00107297
0.293485 0.103654 0.0171953
0.343416 0.104558 0.0181087
0.384731 0.106647 0.0505069
0.433905 0.110423 0.0766467
0.466351 0.113901 0.106773
0.511205 0.118288 0.0974959
0.560834 0.123284 0.100328
0.61067 0.126897 0.0723681
0.642645 0.128599 0.0531793
0.676501 0.128189 -0.0121118
0.72558 0.128084 -0.0021272
0.772598 0.127464 -0.0131878
0.819525 0.126755 -0.0151183
0.855743 0.127304 0.0151526
0.894339 0.128163 0.0222598
0.938806 0.130864 0.0606733
0.987708 0.132071 0.0246789
1.03736 0.133152 0.0217585
1.08233 0.134294 0.0253952
1.13231 0.134152 -0.00283353
1.18216 0.135513 0.0272923
1.23201 0.139313 0.0760808
1.2811 0.140892 0.0321563
1.33107 0.142383 0.0298266
1.37917 0.143591 0.0251174
1.4173 0.145546 0.0512158
1.46382 0.149534 0.0855178
1.50562 0.154823 0.125871
1.55207 0.160318 0.117746
1.59451 0.164507 0.0983907
1.6441 0.170524 0.120735
1.69237 0.177803 0.149695
1.74051 0.185714 0.162857
1.78943 0.193269 0.153214
1.83081 0.204581 0.266863
1.87021 0.215555 0.271677
1.91795 0.229448 0.283151
1.96383 0.243707 0.301381
2.01048 0.261695 0.368011
2.05408 0.278368 0.365246
2.09789 0.294901 0.360874
2.14179 0.311212 0.355736
2.18792 0.327953 0.348086
2.23202 0.344331 0.355638
2.2782 0.363073 0.3855
2.32017 0.383887 0.460374
2.35612 0.399138 0.401261
2.40039 0.419826 0.437136
2.43454 0.435692 0.434896
2.47497 0.45333 0.4114
2.51762 0.47014 0.375483
2.56116 0.488764 0.404145
2.60604 0.508987 0.423398
2.64581 0.524481 0.371445
2.68719 0.541556 0.3914
2.73174 0.559317 0.379342
2.77273 0.57735 0.414485
2.81931 0.59545 0.370584
2.86645 0.612115 0.339793
2.91196 0.629878 0.372146
2.95881 0.647318 0.356356
3.00549 0.665199 0.365809
3.04878 0.68118 0.353625
3.09605 0.697339 0.329388
3.1421 0.711676 0.301882
3.17772 0.724851 0.354212
3.20274 0.734319 0.361834
3.24484 0.75231 0.403829
3.28924 0.770135 0.381764
3.33182 0.787791 0.393097
3.37865 0.805221 0.356303
3.42542 0.822615 0.356018
3.47268 0.838809 0.330164
3.51282 0.851391 0.303705
3.55884 0.866641 0.320018
3.58712 0.874515 0.271516
3.62588 0.885826 0.283953
3.65541 0.894546 0.287094
3.69902 0.904728 0.229397
3.74574 0.915844 0.2336
3.77752 0.924361 0.261837
3.82377 0.935394 0.234161
3.85458 0.943083 0.244608
3.89144 0.952886 0.259944
3.92707 0.963061 0.278123
3.95822 0.973253 0.316228
3.99692 0.986476 0.329255
4.04427 0.998214 0.242992
4.07564 1.00466 0.202662
4.11519 1.01243 0.193874
4.15709 1.02172 0.218268
4.20057 1.03219 0.236408
4.23789 1.0429 0.279321
4.26858 1.05148 0.27258
4.30775 1.06267 0.278437
4.34712 1.07571 0.319815
4.38716 1.09047 0.353026
4.41362 1.10045 0.360656
4.4355 1.10768 0.319303
4.45615 1.11544 0.359678
4.48199 1.12472 0.344605
4.49235 1.12858 0.356496
4.52122 1.13888 0.342927
4.55653 1.15229 0.362713
4.59209 1.16451 0.331155
4.61213 1.17084 0.305845
4.63569 1.17832 0.307322
4.64848 1.18247 0.314333
4.66807 1.19078 0.401154
4.68388 1.19729 0.390326
4.69864 1.20351 0.398952
4.71643 1.21105 0.401009
4.74113 1.22163 0.404478
4.75583 1.22862 0.443757
4.77465 1.23785 0.456048
4.78561 1.24336 0.465913
4.80284 1.25341 0.527967
4.82239 1.26419 0.504174
4.85375 1.282 0.516363
4.88159 1.29785 0.517634
4.91712 1.31809 0.517751
4.94975 1.33816 0.551556
4.9843 1.36057 0.575355
5.0037 1.37394 0.603385
5.02553 1.3893 0.613243
5.02913 1.39169 0.586163
5.04296 1.40073 0.579059
5.04975 1.40522 0.583625
5.06063 1.41293 0.616151
5.07232 1.42057 0.579156
5.08739 1.42932 0.526036
5.10076 1.43696 0.519184
5.10763 1.44098 0.52925
5.10456 1.43927 0.509019
5.13019 1.45203 0.46199
5.13897 1.45559 0.384996
5.14756 1.4588 0.357925
5.15731 1.46159 0.278557
5.15966 1.46217 0.244547
5.17493 1.4658 0.233207
5.18774 1.4684 0.200585
5.19817 1.47009 0.160399
5.21582 1.47315 0.171753
5.21911 1.47361 0.137793
5.228 1.47446 0.094858
5.22956 1.47462 0.105678
5.24153 1.47598 0.112965
5.25428 1.47788 0.14819
True
0.0715984
