-5.47028 0.310081 0.0666424
-5.42223 0.312509 0.0504866
-5.38302 0.313915 0.0358514
-5.33367 0.314995 0.0218787
-5.28973 0.315735 0.0168507
-5.24053 0.315611 -0.00252942
-5.19342 0.315957 0.00734286
-5.14933 0.314862 -0.0248376
-5.1024 0.313492 -0.0291804
-5.05696 0.313412 -0.00175508
-5.00711 0.313589 0.00355798
-4.96127 0.314943 0.0295204
-4.91162 0.318673 0.074992
-4.8669 0.322327 0.0815269
-4.82707 0.324668 0.0587129
-4.78082 0.327981 0.0715074
-4.73096 0.330736 0.0551844
-4.68725 0.331903 0.0266996
-4.64974 0.334176 0.0605074
-4.60787 0.337673 0.0833325
-4.56053 0.342571 0.103102
-4.51072 0.346465 0.078013
-4.47272 0.347551 0.0285733
-4.42594 0.349108 0.033264
-4.38237 0.349796 0.0157936
-4.34044 0.34794 -0.044215
-4.29725 0.34622 -0.0398193
-4.2566 0.343676 -0.062495
-4.20667 0.3445 0.0164942
-4.16619 0.34486 0.0089119
-4.11641 0.344275 -0.0117499
-4.06943 0.344005 -0.00575969
-4.02007 0.342576 -0.0289416
-3.97012 0.342656 0.00160975
-3.93039 0.343158 0.0126176
-3.88393 0.344414 0.0270359
-3.83395 0.343655 -0.0151908
-3.78471 0.343688 0.000671977
-3.74316 0.345388 0.040896
-3.69337 0.349868 0.0897391
-3.64529 0.355024 0.106828
-3.59583 0.361339 0.126987
-3.55304 0.364845 0.0817399
-3.50348 0.370647 0.116568
-3.46148 0.376269 0.133058
-3.41192 0.382221 0.119505
-3.37107 0.385003 0.0680048
-3.32141 0.385826 0.0165802
-3.27308 0.386968 0.0236164
-3.2232 0.388763 0.035984
-3.17656 0.391751 0.0639623
-3.12776 0.394085 0.0478024
-3.08677 0.394743 0.0160326
-3.04998 0.395013 0.0073583
-3.0049 0.394888 -0.00278384
-2.95719 0.395747 0.0180073
-2.91267 0.397539 0.0402303
-2.87559 0.39744 -0.00267806
-2.82899 0.397984 0.0116762
-2.77924 0.398637 0.013117
-2.72943 0.398329 -0.0061782
-2.68392 0.398507 0.00391488
-2.63442 0.397938 -0.0114999
-2.58898 0.394505 -0.0754224
-2.54 0.394747 0.00495464
-2.49693 0.394107 -0.0148602
-2.45584 0.393748 -0.00873959
-2.40593 0.394197 0.00900179
-2.35596 0.395833 0.0327267
-2.30603 0.396675 0.0168488
-2.26022 0.400373 0.0805721
-2.21339 0.401244 0.0185965
-2.16429 0.404543 0.0670875
-2.12409 0.40635 0.0449288
-2.07522 0.409323 0.0607399
-2.02955 0.412902 0.0782349
-1.98508 0.416501 0.0807403
-1.93524 0.42033 0.0766777
-1.88954 0.423647 0.0724549
-1.84035 0.425335 0.0342952
-1.7999 0.427318 0.0489828
-1.75005 0.429857 0.0508951
-1.7039 0.431237 0.0299039
-1.65415 0.434036 0.0561923
-1.6071 0.43946 0.114777
-1.56511 0.44427 0.114035
-1.52109 0.449148 0.110398
-1.47704 0.455555 0.144408
-1.43488 0.461285 0.13507
-1.38789 0.46834 0.149049
-1.33971 0.475601 0.149568
-1.2975 0.48041 0.113435
-1.24827 0.487432 0.141699
-1.20511 0.492477 0.116344
-1.15565 0.496666 0.0844988
-1.10598 0.500346 0.0739498
-1.06295 0.501977 0.0378916
-1.01314 0.50358 0.0321776
-0.966712 0.506762 0.0684265
-0.920816 0.51057 0.0827769
-0.870928 0.513449 0.057644
-0.825441 0.515059 0.0353905
-0.778915 0.516481 0.0305387
-0.730655 0.518935 0.0508111
-0.683864 0.520845 0.0407908
-0.634376 0.523588 0.0553689
-0.594768 0.523563 -0.000618812
-0.544935 0.524335 0.0154894
-0.499763 0.526075 0.0384904
-0.452145 0.527861 0.0374986
-0.413039 0.530169 0.0589538
-0.369719 0.531532 0.0314569
-0.320008 0.536754 0.104663
-0.270112 0.53988 0.0625716
-0.220318 0.544398 0.0904775
-0.170718 0.547727 0.0670142
-0.121464 0.549883 0.0437493
-0.0750968 0.55395 0.0874812
-0.0264175 0.556806 0.0586062
0.022971 0.563705 0.138785
0.0702846 0.568826 0.107819
0.116386 0.576168 0.157937
0.164966 0.583852 0.156862
0.214491 0.590706 0.137527
0.26413 0.596681 0.119794
0.311714 0.604352 0.159828
0.360349 0.612304 0.162074
0.409183 0.61908 0.13789
0.455864 0.627191 0.172035
0.505017 0.635925 0.17584
0.549375 0.643836 0.1765
0.597957 0.652173 0.169937
0.64703 0.658598 0.130206
0.694786 0.663938 0.111338
0.737834 0.667707 0.0873388
0.778211 0.673711 0.14762
0.819374 0.679352 0.136182
0.868204 0.687628 0.167896
0.917821 0.693685 0.121475
0.966012 0.698372 0.0969534
1.01547 0.704573 0.124738
1.06381 0.70842 0.0794279
1.11342 0.714271 0.117396
1.15707 0.71727 0.068581
1.206 0.720307 0.0619888
1.25395 0.722717 0.0502168
1.30305 0.727099 0.0890025
1.34465 0.729917 0.0676467
1.39347 0.733553 0.0743521
1.43886 0.73607 0.0553825
1.48816 0.73932 0.0658271
1.53785 0.741471 0.0432722
1.58329 0.74511 0.079904
1.62607 0.749545 0.103324
1.67547 0.754548 0.100916
1.72296 0.7602 0.118444
1.77115 0.765989 0.119573
1.8131 0.771411 0.128541
1.8617 0.776414 0.102561
1.90608 0.780616 0.0944088
1.95393 0.784065 0.0719562
2.00058 0.78782 0.0803159
2.05007 0.794472 0.133631
2.09546 0.80007 0.122691
2.13948 0.80449 0.100095
2.18669 0.809209 0.0996154
2.22277 0.811999 0.0771806
2.2724 0.815422 0.068866
2.32117 0.819137 0.0760032
2.36382 0.822479 0.0782233
2.41276 0.82523 0.0561373
2.46011 0.828291 0.0645587
2.50961 0.829987 0.0342608
2.55064 0.832231 0.0546237
2.59237 0.832006 -0.00539873
2.6422 0.831767 -0.00478438
2.69216 0.831647 -0.00240083
2.74184 0.83153 -0.00236074
2.78917 0.831288 -0.00511281
2.83634 0.8306 -0.0145775
2.86786 0.832746 0.0679916
2.90827 0.833064 0.00785789
2.94723 0.831451 -0.0413751
2.99719 0.830016 -0.0287101
3.04718 0.828888 -0.0225555
3.09635 0.82794 -0.0192906
3.12933 0.828216 0.00836963
3.17709 0.829554 0.0280155
3.2191 0.831817 0.0538238
3.26902 0.83241 0.011877
3.31394 0.833994 0.0352476
3.3572 0.833082 -0.0210853
3.40414 0.833362 0.00597198
3.44543 0.830479 -0.0697076
3.49503 0.827704 -0.0558836
3.54193 0.823119 -0.0974604
3.58443 0.817463 -0.132307
3.63255 0.812275 -0.107394
3.67614 0.807742 -0.103624
3.69476 0.80604 -0.0911294
3.7119 0.804028 -0.116898
3.71749 0.803426 -0.10733
3.75093 0.800248 -0.0947331
3.77115 0.797791 -0.120902
3.80918 0.794683 -0.0815475
3.84898 0.791678 -0.0753612
3.88466 0.788242 -0.0960136
3.91775 0.785108 -0.094433
3.94298 0.781158 -0.155255
3.96597 0.777407 -0.161782
4.00522 0.769341 -0.202681
4.0351 0.763857 -0.181479
4.05091 0.761838 -0.127084
4.07592 0.758368 -0.137873
4.10051 0.75517 -0.12929
4.14444 0.748362 -0.153757
4.18798 0.74243 -0.135398
4.22569 0.737572 -0.128127
4.26327 0.733723 -0.102088
4.30881 0.728279 -0.118968
4.34062 0.724212 -0.127114
4.38031 0.720374 -0.096436
4.41725 0.718694 -0.0454329
4.46461 0.7181 -0.0125428
4.50385 0.717772 -0.00836152
4.53929 0.718961 0.0335413
4.57951 0.720447 0.0369134
4.61771 0.722592 0.0560952
4.66417 0.726459 0.0830498
4.69955 0.729992 0.0995351
4.73678 0.735071 0.135555
4.78171 0.742862 0.171718
4.81982 0.75038 0.194768
4.84047 0.755663 0.250438
4.8692 0.761646 0.205333
4.88702 0.765001 0.186032
4.89486 0.766361 0.171752
4.89634 0.76666 0.200315
4.90869 0.769079 0.193341
4.92043 0.772053 0.248161
4.93036 0.774695 0.260017
4.94596 0.779478 0.297578
4.96286 0.784246 0.274947
4.97639 0.787898 0.263665
4.98624 0.790389 0.247501
4.9961 0.793073 0.265934
5.01201 0.79703 0.243786
5.0348 0.80142 0.190252
5.05832 0.80575 0.18207
5.07593 0.807338 0.0899261
5.08756 0.808296 0.0821971
5.0994 0.809483 0.0998931
5.10992 0.810429 0.0896977
5.11814 0.811309 0.10659
5.13564 0.813449 0.121722
5.14817 0.815601 0.170109
5.16094 0.818345 0.211583
5.17091 0.820735 0.235408
5.17838 0.822477 0.229011
5.18674 0.82398 0.177884
5.20426 0.827654 0.206705
True
0.0682591
