-5.46907 -0.400794 0.00932375
-5.43278 -0.399594 0.0330604
-5.39304 -0.399907 -0.00787815
-5.34311 -0.402331 -0.0485233
-5.30305 -0.402565 -0.00583354
-5.25309 -0.404508 -0.0388707
-5.2055 -0.40757 -0.0642471
-5.15955 -0.40898 -0.0306717
-5.10963 -0.40941 -0.00862462
-5.05967 -0.408823 0.0117478
-5.02838 -0.410805 -0.0632615
-4.98506 -0.41392 -0.0717812
-4.93517 -0.417054 -0.0627404
-4.90128 -0.42047 -0.100425
-4.85573 -0.427469 -0.152487
-4.8062 -0.433619 -0.123543
-4.75679 -0.440613 -0.140602
-4.7141 -0.445833 -0.121681
-4.66649 -0.45112 -0.110592
-4.6196 -0.453778 -0.0566294
-4.57592 -0.455268 -0.0340808
-4.52929 -0.454888 0.00813566
-4.48044 -0.452619 0.0464259
-4.43134 -0.449012 0.0733301
-4.38152 -0.444971 0.080936
-4.34231 -0.441307 0.0931599
-4.29337 -0.43761 0.0754139
-4.2437 -0.432658 0.0993588
-4.2021 -0.426025 0.158152
-4.15613 -0.419034 0.150916
-4.11271 -0.411089 0.180936
-4.06571 -0.403733 0.155254
-4.03847 -0.399037 0.170706
-3.99242 -0.388523 0.22451
-3.94731 -0.376585 0.258722
-3.90111 -0.363712 0.271752
-3.85282 -0.350907 0.259143
-3.8056 -0.336323 0.299607
-3.75951 -0.321601 0.309132
-3.71349 -0.30898 0.26771
-3.66766 -0.296418 0.267539
-3.6206 -0.284089 0.256184
-3.57285 -0.271268 0.262319
-3.5297 -0.259548 0.265202
-3.48829 -0.246016 0.315836
-3.44419 -0.231068 0.326802
-3.40179 -0.216825 0.32409
-3.35916 -0.201513 0.344844
-3.31703 -0.186634 0.339545
-3.27556 -0.170586 0.369241
-3.23674 -0.156652 0.344561
-3.19036 -0.139209 0.35972
-3.15874 -0.12834 0.331061
-3.11495 -0.114781 0.300334
-3.06815 -0.0994035 0.31741
-3.03722 -0.0895464 0.308521
-2.99104 -0.0724436 0.354701
-2.94293 -0.0588609 0.275194
-2.89722 -0.0457415 0.279462
-2.84927 -0.0317309 0.284303
-2.80509 -0.0179177 0.303025
-2.76385 -0.00686219 0.261908
-2.72065 0.00339533 0.233108
-2.67262 0.0152465 0.24191
-2.62378 0.0254542 0.206064
-2.57739 0.0368199 0.240269
-2.53282 0.0450023 0.181569
-2.48386 0.0545153 0.191903
-2.43764 0.0632239 0.186229
-2.3934 0.072798 0.213126
-2.35237 0.0832328 0.249049
-2.31112 0.0926707 0.224927
-2.26902 0.102598 0.231554
-2.21988 0.11163 0.181792
-2.17427 0.120935 0.201238
-2.12483 0.128265 0.147182
-2.07571 0.13489 0.134067
-2.03622 0.142099 0.180571
-2.00195 0.148014 0.170897
-1.95409 0.1565 0.17549
-1.90533 0.165574 0.184007
-1.85799 0.174292 0.182109
-1.80916 0.181789 0.152351
-1.76147 0.187723 0.123794
-1.71821 0.193199 0.125893
-1.67111 0.19958 0.134672
-1.62548 0.204364 0.104456
-1.57831 0.208604 0.0896562
-1.53303 0.21201 0.0750639
-1.48739 0.213269 0.0275792
-1.43985 0.214802 0.0322304
-1.39095 0.213089 -0.0350052
-1.34165 0.211541 -0.0313874
-1.29755 0.211161 -0.0086112
-1.2485 0.212593 0.0291736
-1.21009 0.212999 0.0105739
-1.17497 0.212876 -0.00349908
-1.12684 0.211837 -0.0215767
-1.0957 0.209718 -0.0679375
-1.04888 0.204361 -0.113927
-0.999697 0.197771 -0.133206
-0.955571 0.190844 -0.155701
-0.913688 0.183692 -0.169138
-0.866505 0.176322 -0.154958
-0.837626 0.17047 -0.199934
-0.788802 0.162069 -0.170399
-0.752949 0.155163 -0.190276
-0.704944 0.147235 -0.163673
-0.658373 0.137233 -0.211545
-0.611202 0.127147 -0.210646
-0.569223 0.116329 -0.252232
-0.521483 0.102236 -0.28705
-0.473774 0.0877994 -0.293835
-0.426541 0.0737576 -0.288963
-0.378765 0.0601285 -0.277889
-0.331599 0.0441058 -0.327478
-0.283996 0.0309039 -0.270537
-0.236843 0.0179563 -0.26798
-0.188851 0.00410188 -0.281042
-0.144392 -0.00906972 -0.288025
-0.101643 -0.0224238 -0.302779
-0.0559858 -0.0379841 -0.328463
-0.0223622 -0.0485662 -0.304907
0.0252464 -0.0638117 -0.309907
0.073472 -0.0770094 -0.267125
0.120776 -0.0877041 -0.222347
0.162504 -0.0984383 -0.251785
0.211367 -0.108957 -0.212033
0.254664 -0.117643 -0.197989
0.293985 -0.125144 -0.188502
0.329399 -0.131162 -0.168327
0.378081 -0.141011 -0.199603
0.427003 -0.148762 -0.157141
0.472794 -0.157743 -0.193671
0.518034 -0.166167 -0.184087
0.564299 -0.175046 -0.189623
0.611441 -0.18256 -0.158065
0.658106 -0.190882 -0.17647
0.706964 -0.201377 -0.211594
0.755849 -0.211399 -0.202217
0.804404 -0.22043 -0.183888
0.853778 -0.226405 -0.120422
0.902654 -0.233488 -0.143911
0.946908 -0.240742 -0.16248
0.995449 -0.249791 -0.184305
1.03891 -0.257568 -0.17708
1.08834 -0.264813 -0.145522
1.13338 -0.272187 -0.162293
1.17921 -0.279331 -0.154634
1.22808 -0.286726 -0.150182
1.27765 -0.293183 -0.129541
1.32104 -0.297594 -0.101318
1.36917 -0.303258 -0.117114
1.41759 -0.308834 -0.11467
1.46257 -0.313504 -0.103455
1.51239 -0.317648 -0.0829876
1.553 -0.320216 -0.0631377
1.60227 -0.321753 -0.0311856
1.65083 -0.323284 -0.0315125
1.70053 -0.324936 -0.0332399
1.75013 -0.328642 -0.0745754
1.79817 -0.330788 -0.044631
1.84795 -0.334639 -0.0772123
1.89781 -0.337295 -0.0532226
1.93874 -0.339338 -0.0498612
1.98837 -0.344418 -0.10202
2.02621 -0.348175 -0.0989478
2.07239 -0.351691 -0.0759853
2.11649 -0.353839 -0.0486631
2.16012 -0.354452 -0.0140508
2.2037 -0.355005 -0.0126874
2.25343 -0.355928 -0.018567
2.30343 -0.355798 0.00260722
2.34398 -0.356402 -0.0149064
2.3932 -0.35536 0.0211763
2.43712 -0.357257 -0.043176
2.47189 -0.359091 -0.0527093
2.51039 -0.361803 -0.0702952
2.55877 -0.365105 -0.0681533
2.60247 -0.368337 -0.073825
2.65224 -0.371925 -0.0719637
2.69414 -0.373777 -0.0441771
2.73393 -0.374118 -0.0085626
2.77271 -0.37342 0.0180016
2.82061 -0.372258 0.0242516
2.86689 -0.373013 -0.0163101
2.90818 -0.374241 -0.0297348
2.95809 -0.373445 0.0159507
3.00736 -0.374026 -0.0117888
3.04905 -0.374383 -0.00857389
3.09131 -0.375454 -0.0253401
3.13964 -0.37822 -0.0571681
3.18432 -0.379599 -0.0308463
3.21545 -0.381567 -0.0631597
3.25731 -0.383578 -0.0479911
3.29169 -0.385517 -0.0563388
3.32973 -0.387101 -0.0416222
3.36114 -0.388449 -0.042879
3.38832 -0.389537 -0.0400428
3.41726 -0.390797 -0.0434804
3.43476 -0.390518 0.0159165
3.48417 -0.389049 0.0297123
3.53074 -0.388091 0.0205791
3.57314 -0.386446 0.038783
3.61116 -0.384568 0.049354
3.65751 -0.384079 0.0105304
3.70022 -0.383587 0.0115398
3.73465 -0.382216 0.0397879
3.7703 -0.380402 0.0508459
3.81057 -0.378585 0.0450831
3.85598 -0.378787 -0.00444868
3.88548 -0.376972 0.0614364
3.92876 -0.374326 0.061061
3.97722 -0.371275 0.0628805
4.01876 -0.369154 0.0510276
4.06746 -0.367421 0.0355567
4.10997 -0.364986 0.0572181
4.14854 -0.36226 0.0705711
4.18756 -0.360959 0.0333074
4.20715 -0.361428 -0.0239153
4.23382 -0.361971 -0.0203771
4.25671 -0.361501 0.0205157
4.27772 -0.360713 0.037537
4.30542 -0.358345 0.0852726
4.34312 -0.353308 0.132793
4.37157 -0.348697 0.160678
4.38148 -0.34716 0.153992
4.39641 -0.344477 0.177793
4.41133 -0.341356 0.206135
4.42161 -0.339791 0.151118
4.44783 -0.33592 0.146605
4.48128 -0.332699 0.0959617
4.52572 -0.329748 0.0663166
4.56452 -0.32791 0.0473331
4.59817 -0.327459 0.0134261
4.63103 -0.326391 0.0324691
4.65729 -0.324886 0.0572718
4.67082 -0.323889 0.0735683
4.69325 -0.32208 0.0804759
4.71326 -0.320476 0.07996
4.73929 -0.319478 0.0383086
4.75676 -0.319048 0.0246437
4.77063 -0.318596 0.0325571
4.78495 -0.31804 0.0387849
4.79927 -0.317686 0.0247466
4.81039 -0.317037 0.0582836
4.83506 -0.316337 0.028352
4.84146 -0.316186 0.0235589
4.85638 -0.316258 -0.00478346
4.86664 -0.315949 0.0300927
4.87992 -0.315262 0.0516599
4.89272 -0.31498 0.0220708
4.9012 -0.314785 0.0228802
4.91757 -0.314155 0.0384774
4.91753 -0.314155 0.000744373
4.93015 -0.313962 0.0153571
4.93682 -0.314189 -0.0341413
4.95327 -0.315356 -0.0707818
4.9614 -0.316179 -0.100986
4.96655 -0.31685 -0.129386
4.97123 -0.317422 -0.121654
4.9821 -0.319095 -0.152691
4.9922 -0.320982 -0.184794
5.00253 -0.322963 -0.189379
5.01604 -0.325584 -0.191649
5.0321 -0.328167 -0.159445
5.04899 -0.330256 -0.123041
5.05744 -0.331173 -0.108186
5.06816 -0.331541 -0.0342936
5.07975 -0.331784 -0.0210338
5.08908 -0.331667 0.0125787
5.10013 -0.331761 -0.00851326
5.11042 -0.332065 -0.0295231
5.11561 -0.332302 -0.0456177
5.11755 -0.332421 -0.0612563
5.12026 -0.332631 -0.0773474
5.12551 -0.333223 -0.112387
5.13163 -0.333879 -0.106724
5.1417 -0.334502 -0.0618117
5.15221 -0.335103 -0.0570797
5.15304 -0.335165 -0.0746319
5.15843 -0.33515 0.00282074
5.17459 -0.33476 0.0241421
5.19013 -0.332969 0.114705
5.18751 -0.333461 0.185433
5.20162 -0.3308 0.186345
True
0.258315
