-5.45155 -1.59664 -0.212198
-5.41177 -1.60755 -0.267693
-5.36444 -1.62295 -0.314721
-5.32357 -1.63854 -0.36433
-5.27847 -1.65629 -0.374858
-5.23316 -1.67734 -0.434941
-5.19031 -1.69782 -0.445899
-5.14843 -1.71748 -0.438882
-5.10663 -1.73667 -0.430357
-5.06101 -1.75696 -0.418563
-5.02397 -1.77498 -0.45275
-4.97981 -1.79842 -0.487963
-4.93793 -1.82088 -0.492294
-4.89359 -1.84399 -0.480529
-4.85052 -1.86939 -0.532782
-4.82137 -1.88473 -0.484454
-4.77767 -1.90773 -0.484427
-4.74221 -1.92843 -0.528378
-4.7124 -1.94785 -0.577378
-4.67985 -1.96644 -0.519033
-4.64044 -1.99019 -0.542322
-4.60412 -2.01212 -0.543187
-4.56745 -2.0327 -0.511484
-4.53048 -2.05528 -0.548306
-4.49103 -2.0755 -0.473496
-4.44689 -2.09897 -0.488799
-4.4018 -2.12058 -0.446998
-4.375 -2.13436 -0.474703
-4.33337 -2.1553 -0.466107
-4.29344 -2.17536 -0.465495
-4.24854 -2.19625 -0.435444
-4.20301 -2.21676 -0.423277
-4.1602 -2.23668 -0.435601
-4.12665 -2.25085 -0.399451
-4.08411 -2.26724 -0.367827
-4.0379 -2.28242 -0.31735
-3.9904 -2.29745 -0.306499
-3.94463 -2.31132 -0.294163
-3.89703 -2.32447 -0.269587
-3.85262 -2.33598 -0.253722
-3.82211 -2.34275 -0.218065
-3.78137 -2.35192 -0.221604
-3.73305 -2.36203 -0.206093
-3.69035 -2.37165 -0.221584
-3.6416 -2.38242 -0.217576
-3.5931 -2.39459 -0.245768
-3.54602 -2.40715 -0.260618
-3.50037 -2.41851 -0.243966
-3.45548 -2.42876 -0.224527
-3.4079 -2.43892 -0.210434
-3.36302 -2.45023 -0.246906
-3.31536 -2.46456 -0.291974
-3.26985 -2.47568 -0.239558
-3.22311 -2.48589 -0.215228
-3.1765 -2.49795 -0.253068
-3.12972 -2.50874 -0.226749
-3.08616 -2.51934 -0.238728
-3.04621 -2.52667 -0.181334
-2.9975 -2.53323 -0.133925
-2.9488 -2.53851 -0.107963
-2.90539 -2.54264 -0.0949683
-2.85598 -2.54499 -0.0475088
-2.8164 -2.54728 -0.0578736
-2.78087 -2.55052 -0.0907513
-2.73791 -2.55621 -0.131766
-2.68897 -2.56505 -0.178726
-2.64135 -2.57623 -0.230611
-2.59458 -2.58792 -0.244767
-2.54887 -2.59974 -0.253057
-2.5042 -2.6095 -0.215201
-2.45471 -2.61652 -0.140818
-2.40591 -2.62737 -0.218928
-2.35967 -2.63915 -0.249427
-2.32233 -2.64757 -0.221807
-2.2733 -2.65739 -0.197714
-2.2247 -2.66888 -0.232054
-2.1763 -2.68141 -0.253365
-2.12815 -2.69112 -0.198938
-2.08055 -2.69796 -0.142703
-2.03496 -2.70311 -0.112572
-1.98893 -2.70573 -0.0569028
-1.93968 -2.70911 -0.0684837
-1.89365 -2.71123 -0.0459562
-1.84448 -2.71538 -0.0841224
-1.79468 -2.71804 -0.0534704
-1.7507 -2.72301 -0.112607
-1.70116 -2.72854 -0.111013
-1.65415 -2.73378 -0.111104
-1.60502 -2.74112 -0.148344
-1.55564 -2.74851 -0.148465
-1.51054 -2.75554 -0.154645
-1.46105 -2.76134 -0.116665
-1.41447 -2.7673 -0.127184
-1.36529 -2.77355 -0.126485
-1.31994 -2.77945 -0.129326
-1.27781 -2.78594 -0.152854
-1.24145 -2.7914 -0.14901
-1.20345 -2.79772 -0.164826
-1.15864 -2.80621 -0.187207
-1.11142 -2.81449 -0.173638
-1.07258 -2.82261 -0.206094
-1.03595 -2.82946 -0.184932
-0.996119 -2.83654 -0.175863
-0.963082 -2.84219 -0.169327
-0.926536 -2.84684 -0.126657
-0.879784 -2.85254 -0.121216
-0.849823 -2.85532 -0.0927435
-0.820189 -2.85736 -0.0686312
-0.798741 -2.85965 -0.106464
-0.774704 -2.86163 -0.0820516
-0.753475 -2.86358 -0.0918553
-0.724393 -2.86533 -0.0600364
-0.692425 -2.8689 -0.111094
-0.66283 -2.87305 -0.139246
-0.643183 -2.87587 -0.14302
-0.612183 -2.88123 -0.170934
-0.583568 -2.88726 -0.207859
-0.54578 -2.89572 -0.22019
-0.520155 -2.90162 -0.226318
-0.488545 -2.90739 -0.18051
-0.445464 -2.91496 -0.173902
-0.414605 -2.91918 -0.135988
-0.366409 -2.92575 -0.135455
-0.323916 -2.93387 -0.188812
-0.294888 -2.9407 -0.231245
-0.271538 -2.94735 -0.277466
-0.251454 -2.95255 -0.253168
-0.226465 -2.95957 -0.27399
-0.197898 -2.96699 -0.254185
-0.17695 -2.97261 -0.26182
-0.15734 -2.97773 -0.255583
-0.146683 -2.98033 -0.238889
-0.125949 -2.98559 -0.248556
-0.115547 -2.98822 -0.24793
-0.103274 -2.99142 -0.254517
-0.0892464 -2.99473 -0.232206
-0.0752485 -2.99838 -0.254879
-0.0584597 -3.00285 -0.260228
-0.0390961 -3.00784 -0.252146
-0.0158306 -3.01417 -0.265647
0.00431401 -3.02019 -0.290448
0.0169407 -3.02432 -0.3162
0.0370713 -3.03186 -0.358344
0.0465511 -3.03578 -0.39176
0.0613345 -3.04186 -0.390554
0.0835098 -3.05127 -0.401253
0.0953472 -3.05645 -0.412276
0.114505 -3.06503 -0.421301
0.128724 -3.07138 -0.419496
0.142308 -3.07832 -0.472839
0.158204 -3.08652 -0.476164
0.173978 -3.09457 -0.471638
0.204439 -3.11003 -0.469784
0.22778 -3.12216 -0.479171
0.249006 -3.13341 -0.487379
0.26921 -3.14377 -0.473909
0.284197 -3.15097 -0.447899
0.299586 -3.15717 -0.383015
0.317131 -3.16263 -0.301283
0.327183 -3.16579 -0.305248
0.33988 -3.16962 -0.292679
0.344156 -3.17067 -0.240133
0.354803 -3.17312 -0.226922
0.368148 -3.17738 -0.309017
0.376918 -3.18049 -0.339924
0.388639 -3.18509 -0.374313
0.393576 -3.18737 -0.432539
0.410594 -3.19641 -0.488438
0.41467 -3.1988 -0.529237
0.416839 -3.20008 -0.53486
0.427776 -3.20691 -0.558096
0.433821 -3.21092 -0.586369
0.438158 -3.21429 -0.660323
0.438075 -3.21422 -0.705262
0.442049 -3.21747 -0.684806
0.451683 -3.22541 -0.689233
0.461397 -3.23325 -0.67914
0.468026 -3.23894 -0.709194
0.475922 -3.24616 -0.740945
0.476771 -3.24696 -0.753043
0.488009 -3.25723 -0.74079
0.487717 -3.25702 -0.642105
0.500993 -3.26844 -0.710622
0.518016 -3.2861 -0.803861
0.525757 -3.29611 -0.912151
0.530848 -3.3034 -0.961639
0.539285 -3.31586 -0.975435
0.547638 -3.32688 -0.922092
0.546067 -3.32496 -0.884382
0.547265 -3.32657 -0.930872
0.558447 -3.34135 -0.923133
0.556533 -3.33842 -0.991527
0.563319 -3.34885 -0.993905
0.57149 -3.35895 -0.890253
0.580366 -3.36811 -0.80144
0.595104 -3.38145 -0.735562
0.615669 -3.39901 -0.706772
0.628402 -3.40968 -0.697453
0.628604 -3.40984 -0.669613
0.63525 -3.41625 -0.767384
0.63516 -3.41615 -0.842722
0.641046 -3.42278 -0.845241
0.644913 -3.42736 -0.869605
0.646562 -3.42945 -0.900712
0.661826 -3.44926 -0.914317
0.662254 -3.44985 -0.942508
0.667961 -3.45826 -0.975072
0.670694 -3.4627 -1.01853
0.674912 -3.47108 -1.10474
0.678426 -3.47902 -1.15383
0.676774 -3.47601 -1.06819
0.676024 -3.47473 -1.04114
0.67183 -3.46777 -1.0286
0.670843 -3.46601 -1.05972
0.669648 -3.4637 -1.09382
0.671563 -3.46765 -1.12012
0.675317 -3.47639 -1.16503
0.678564 -3.48264 -1.09112
0.677585 -3.4811 -1.00281
0.681092 -3.48587 -0.937192
0.683541 -3.48852 -0.823282
0.691127 -3.49482 -0.693284
0.697046 -3.50094 -0.801921
0.698619 -3.50298 -0.915365
0.705399 -3.51263 -0.958122
0.702766 -3.50882 -0.966067
0.706364 -3.5144 -0.998166
0.701357 -3.5057 -1.04844
0.704921 -3.51166 -1.0313
0.70941 -3.51799 -0.954677
0.706559 -3.51455 -0.879361
0.708214 -3.5161 -0.752677
0.700095 -3.50985 -0.656
0.71158 -3.51812 -0.623901
0.710513 -3.51751 -0.519788
0.706238 -3.51575 -0.390119
0.714535 -3.51822 -0.288833
0.70999 -3.51704 -0.25365
0.704948 -3.51605 -0.19357
0.709357 -3.51705 -0.224192
0.709908 -3.51718 -0.220727
0.702081 -3.51484 -0.290229
0.705367 -3.51622 -0.397755
0.705326 -3.5162 -0.431315
0.697622 -3.51226 -0.472872
0.69745 -3.51217 -0.469933
0.688532 -3.50711 -0.516605
0.687011 -3.5061 -0.584702
0.691493 -3.50923 -0.609549
0.691863 -3.50955 -0.715937
0.695233 -3.51295 -0.789054
0.702775 -3.52174 -0.862047
0.703633 -3.52291 -0.937689
0.708969 -3.52918 -0.865433
0.717459 -3.53897 -0.856241
0.717459 -3.53897 -0.856241
0.717459 -3.53897 -0.856241
0.717459 -3.53897 -0.856241
0.717459 -3.53897 -0.856241
0.717459 -3.53897 -0.856241
0.717459 -3.53897 -0.856241
0.717459 -3.53897 -0.856241
0.717459 -3.53897 -0.856241
0.717459 -3.53897 -0.856241
0.717459 -3.53897 -0.856241
0.717459 -3.53897 -0.856241
0.717459 -3.53897 -0.856241
0.717459 -3.53897 -0.856241
0.717459 -3.53897 -0.856241
0.717459 -3.53897 -0.856241
0.717459 -3.53897 -0.856241
0.717459 -3.53897 -0.856241
0.717459 -3.53897 -0.856241
0.717459 -3.53897 -0.856241
0.717459 -3.53897 -0.856241
0.717459 -3.53897 -0.856241
0.717459 -3.53897 -0.856241
0.717459 -3.53897 -0.856241
0.717459 -3.53897 -0.856241
0.717459 -3.53897 -0.856241
0.717459 -3.53897 -0.856241
0.717459 -3.53897 -0.856241
0.717459 -3.53897 -0.856241
0.717459 -3.53897 -0.856241
0.717459 -3.53897 -0.856241
0.717459 -3.53897 -0.856241
0.717459 -3.53897 -0.856241
0.717459 -3.53897 -0.856241
0.717459 -3.53897 -0.856241
0.717459 -3.53897 -0.856241
0.717459 -3.53897 -0.856241
0.717459 -3.53897 -0.856241
0.717459 -3.53897 -0.856241
0.717459 -3.53897 -0.856241
0.717459 -3.53897 -0.856241
0.717459 -3.53897 -0.856241
0.717459 -3.53897 -0.856241
0.717459 -3.53897 -0.856241
0.717459 -3.53897 -0.856241
0.717459 -3.53897 -0.856241
0.717459 -3.53897 -0.856241
0.717459 -3.53897 -0.856241
0.717459 -3.53897 -0.856241
0.717459 -3.53897 -0.856241
0.717459 -3.53897 -0.856241
0.717459 -3.53897 -0.856241
0.717459 -3.53897 -0.856241
0.717459 -3.53897 -0.856241
0.717459 -3.53897 -0.856241
0.717459 -3.53897 -0.856241
0.717459 -3.53897 -0.856241
0.717459 -3.53897 -0.856241
0.717459 -3.53897 -0.856241
0.717459 -3.53897 -0.856241
0.717459 -3.53897 -0.856241
0.717459 -3.53897 -0.856241
0.717459 -3.53897 -0.856241
0.717459 -3.53897 -0.856241
0.717459 -3.53897 -0.856241
0.717459 -3.53897 -0.856241
0.717459 -3.53897 -0.856241
0.717459 -3.53897 -0.856241
0.717459 -3.53897 -0.856241
0.717459 -3.53897 -0.856241
0.717459 -3.53897 -0.856241
0.717459 -3.53897 -0.856241
0.717459 -3.53897 -0.856241
0.717459 -3.53897 -0.856241
0.717459 -3.53897 -0.856241
0.717459 -3.53897 -0.856241
0.717459 -3.53897 -0.856241
0.717459 -3.53897 -0.856241
0.717459 -3.53897 -0.856241
0.717459 -3.53897 -0.856241
0.717459 -3.53897 -0.856241
0.717459 -3.53897 -0.856241
0.717459 -3.53897 -0.856241
0.717459 -3.53897 -0.856241
0.717459 -3.53897 -0.856241
0.717459 -3.53897 -0.856241
0.717459 -3.53897 -0.856241
0.717459 -3.53897 -0.856241
0.717459 -3.53897 -0.856241
0.717459 -3.53897 -0.856241
0.717459 -3.53897 -0.856241
0.717459 -3.53897 -0.856241
0.717459 -3.53897 -0.856241
0.717459 -3.53897 -0.856241
0.717459 -3.53897 -0.856241
0.717459 -3.53897 -0.856241
0.717459 -3.53897 -0.856241
0.717459 -3.53897 -0.856241
0.717459 -3.53897 -0.856241
0.717459 -3.53897 -0.856241
0.717459 -3.53897 -0.856241
0.717459 -3.53897 -0.856241
0.717459 -3.53897 -0.856241
0.717459 -3.53897 -0.856241
0.717459 -3.53897 -0.856241
0.717459 -3.53897 -0.856241
0.717459 -3.53897 -0.856241
0.717459 -3.53897 -0.856241
0.717459 -3.53897 -0.856241
0.717459 -3.53897 -0.856241
0.717459 -3.53897 -0.856241
0.717459 -3.53897 -0.856241
0.717459 -3.53897 -0.856241
0.717459 -3.53897 -0.856241
0.717459 -3.53897 -0.856241
0.717459 -3.53897 -0.856241
0.717459 -3.53897 -0.856241
0.717459 -3.53897 -0.856241
0.717459 -3.53897 -0.856241
0.717459 -3.53897 -0.856241
0.717459 -3.53897 -0.856241
0.717459 -3.53897 -0.856241
0.717459 -3.53897 -0.856241
0.717459 -3.53897 -0.856241
0.717459 -3.53897 -0.856241
0.717459 -3.53897 -0.856241
0.717459 -3.53897 -0.856241
0.717459 -3.53897 -0.856241
0.717459 -3.53897 -0.856241
0.717459 -3.53897 -0.856241
0.717459 -3.53897 -0.856241
0.717459 -3.53897 -0.856241
0.717459 -3.53897 -0.856241
0.717459 -3.53897 -0.856241
0.717459 -3.53897 -0.856241
0.717459 -3.53897 -0.856241
0.717459 -3.53897 -0.856241
0.717459 -3.53897 -0.856241
0.717459 -3.53897 -0.856241
0.717459 -3.53897 -0.856241
0.717459 -3.53897 -0.856241
0.717459 -3.53897 -0.856241
0.717459 -3.53897 -0.856241
0.717459 -3.53897 -0.856241
0.717459 -3.53897 -0.856241
0.717459 -3.53897 -0.856241
0.717459 -3.53897 -0.856241
0.717459 -3.53897 -0.856241
0.717459 -3.53897 -0.856241
0.717459 -3.53897 -0.856241
0.717459 -3.53897 -0.856241
0.717459 -3.53897 -0.856241
0.717459 -3.53897 -0.856241
0.717459 -3.53897 -0.856241
0.717459 -3.53897 -0.856241
0.717459 -3.53897 -0.856241
0.717459 -3.53897 -0.856241
0.717459 -3.53897 -0.856241
0.717459 -3.53897 -0.856241
0.717459 -3.53897 -0.856241
0.717459 -3.53897 -0.856241
0.717459 -3.53897 -0.856241
0.717459 -3.53897 -0.856241
0.717459 -3.53897 -0.856241
0.717459 -3.53897 -0.856241
0.717459 -3.53897 -0.856241
0.717459 -3.53897 -0.856241
0.717459 -3.53897 -0.856241
0.717459 -3.53897 -0.856241
0.717459 -3.53897 -0.856241
0.717459 -3.53897 -0.856241
0.717459 -3.53897 -0.856241
0.717459 -3.53897 -0.856241
0.717459 -3.53897 -0.856241
0.717459 -3.53897 -0.856241
0.717459 -3.53897 -0.856241
0.717459 -3.53897 -0.856241
0.717459 -3.53897 -0.856241
0.717459 -3.53897 -0.856241
0.717459 -3.53897 -0.856241
0.717459 -3.53897 -0.856241
0.717459 -3.53897 -0.856241
0.717459 -3.53897 -0.856241
0.717459 -3.53897 -0.856241
0.717459 -3.53897 -0.856241
0.717459 -3.53897 -0.856241
0.717459 -3.53897 -0.856241
0.717459 -3.53897 -0.856241
0.717459 -3.53897 -0.856241
0.717459 -3.53897 -0.856241
0.717459 -3.53897 -0.856241
0.717459 -3.53897 -0.856241
0.717459 -3.53897 -0.856241
0.717459 -3.53897 -0.856241
0.717459 -3.53897 -0.856241
0.717459 -3.53897 -0.856241
0.717459 -3.53897 -0.856241
0.717459 -3.53897 -0.856241
0.717459 -3.53897 -0.856241
0.717459 -3.53897 -0.856241
0.717459 -3.53897 -0.856241
0.717459 -3.53897 -0.856241
0.717459 -3.53897 -0.856241
0.717459 -3.53897 -0.856241
0.717459 -3.53897 -0.856241
0.717459 -3.53897 -0.856241
0.717459 -3.53897 -0.856241
0.717459 -3.53897 -0.856241
0.717459 -3.53897 -0.856241
0.717459 -3.53897 -0.856241
0.717459 -3.53897 -0.856241
0.717459 -3.53897 -0.856241
0.717459 -3.53897 -0.856241
0.717459 -3.53897 -0.856241
0.717459 -3.53897 -0.856241
0.717459 -3.53897 -0.856241
0.717459 -3.53897 -0.856241
0.717459 -3.53897 -0.856241
0.717459 -3.53897 -0.856241
0.717459 -3.53897 -0.856241
0.717459 -3.53897 -0.856241
0.717459 -3.53897 -0.856241
0.717459 -3.53897 -0.856241
0.717459 -3.53897 -0.856241
0.717459 -3.53897 -0.856241
0.717459 -3.53897 -0.856241
0.717459 -3.53897 -0.856241
0.717459 -3.53897 -0.856241
0.717459 -3.53897 -0.856241
0.717459 -3.53897 -0.856241
0.717459 -3.53897 -0.856241
0.717459 -3.53897 -0.856241
0.717459 -3.53897 -0.856241
0.717459 -3.53897 -0.856241
0.717459 -3.53897 -0.856241
0.717459 -3.53897 -0.856241
0.717459 -3.53897 -0.856241
0.717459 -3.53897 -0.856241
0.717459 -3.53897 -0.856241
0.717459 -3.53897 -0.856241
0.717459 -3.53897 -0.856241
0.717459 -3.53897 -0.856241
0.717459 -3.53897 -0.856241
0.717459 -3.53897 -0.856241
0.717459 -3.53897 -0.856241
0.717459 -3.53897 -0.856241
0.717459 -3.53897 -0.856241
0.717459 -3.53897 -0.856241
0.717459 -3.53897 -0.856241
0.717459 -3.53897 -0.856241
0.717459 -3.53897 -0.856241
0.717459 -3.53897 -0.856241
0.717459 -3.53897 -0.856241
0.717459 -3.53897 -0.856241
0.717459 -3.53897 -0.856241
0.717459 -3.53897 -0.856241
0.717459 -3.53897 -0.856241
0.717459 -3.53897 -0.856241
0.717459 -3.53897 -0.856241
0.717459 -3.53897 -0.856241
0.717459 -3.53897 -0.856241
0.717459 -3.53897 -0.856241
0.717459 -3.53897 -0.856241
0.717459 -3.53897 -0.856241
0.717459 -3.53897 -0.856241
0.717459 -3.53897 -0.856241
0.717459 -3.53897 -0.856241
0.717459 -3.53897 -0.856241
0.717459 -3.53897 -0.856241
0.717459 -3.53897 -0.856241
0.717459 -3.53897 -0.856241
0.717459 -3.53897 -0.856241
0.717459 -3.53897 -0.856241
0.717459 -3.53897 -0.856241
0.717459 -3.53897 -0.856241
0.717459 -3.53897 -0.856241
0.717459 -3.53897 -0.856241
0.717459 -3.53897 -0.856241
0.717459 -3.53897 -0.856241
0.717459 -3.53897 -0.856241
0.717459 -3.53897 -0.856241
0.717459 -3.53897 -0.856241
0.717459 -3.53897 -0.856241
0.717459 -3.53897 -0.856241
0.717459 -3.53897 -0.856241
0.717459 -3.53897 -0.856241
0.717459 -3.53897 -0.856241
0.717459 -3.53897 -0.856241
0.717459 -3.53897 -0.856241
0.717459 -3.53897 -0.856241
0.717459 -3.53897 -0.856241
0.717459 -3.53897 -0.856241
0.717459 -3.53897 -0.856241
0.717459 -3.53897 -0.856241
0.717459 -3.53897 -0.856241
0.717459 -3.53897 -0.856241
0.717459 -3.53897 -0.856241
0.717459 -3.53897 -0.856241
0.717459 -3.53897 -0.856241
0.717459 -3.53897 -0.856241
0.717459 -3.53897 -0.856241
0.717459 -3.53897 -0.856241
0.717459 -3.53897 -0.856241
0.717459 -3.53897 -0.856241
0.717459 -3.53897 -0.856241
0.717459 -3.53897 -0.856241
0.717459 -3.53897 -0.856241
0.717459 -3.53897 -0.856241
0.717459 -3.53897 -0.856241
0.717459 -3.53897 -0.856241
0.717459 -3.53897 -0.856241
0.717459 -3.53897 -0.856241
0.717459 -3.53897 -0.856241
0.717459 -3.53897 -0.856241
0.717459 -3.53897 -0.856241
0.717459 -3.53897 -0.856241
0.717459 -3.53897 -0.856241
0.717459 -3.53897 -0.856241
0.717459 -3.53897 -0.856241
0.717459 -3.53897 -0.856241
0.717459 -3.53897 -0.856241
0.717459 -3.53897 -0.856241
0.717459 -3.53897 -0.856241
0.717459 -3.53897 -0.856241
0.717459 -3.53897 -0.856241
0.717459 -3.53897 -0.856241
0.717459 -3.53897 -0.856241
0.717459 -3.53897 -0.856241
0.717459 -3.53897 -0.856241
0.717459 -3.53897 -0.856241
0.717459 -3.53897 -0.856241
0.717459 -3.53897 -0.856241
0.717459 -3.53897 -0.856241
0.717459 -3.53897 -0.856241
0.717459 -3.53897 -0.856241
0.717459 -3.53897 -0.856241
0.717459 -3.53897 -0.856241
0.717459 -3.53897 -0.856241
0.717459 -3.53897 -0.856241
0.717459 -3.53897 -0.856241
0.717459 -3.53897 -0.856241
0.717459 -3.53897 -0.856241
0.717459 -3.53897 -0.856241
0.717459 -3.53897 -0.856241
0.717459 -3.53897 -0.856241
0.717459 -3.53897 -0.856241
0.717459 -3.53897 -0.856241
0.717459 -3.53897 -0.856241
0.717459 -3.53897 -0.856241
0.717459 -3.53897 -0.856241
0.717459 -3.53897 -0.856241
0.717459 -3.53897 -0.856241
0.717459 -3.53897 -0.856241
0.717459 -3.53897 -0.856241
0.717459 -3.53897 -0.856241
0.717459 -3.53897 -0.856241
0.717459 -3.53897 -0.856241
0.717459 -3.53897 -0.856241
0.717459 -3.53897 -0.856241
0.717459 -3.53897 -0.856241
0.717459 -3.53897 -0.856241
0.717459 -3.53897 -0.856241
0.717459 -3.53897 -0.856241
0.717459 -3.53897 -0.856241
0.717459 -3.53897 -0.856241
0.717459 -3.53897 -0.856241
0.717459 -3.53897 -0.856241
0.717459 -3.53897 -0.856241
0.717459 -3.53897 -0.856241
0.717459 -3.53897 -0.856241
0.717459 -3.53897 -0.856241
0.717459 -3.53897 -0.856241
0.717459 -3.53897 -0.856241
0.717459 -3.53897 -0.856241
0.717459 -3.53897 -0.856241
0.717459 -3.53897 -0.856241
0.717459 -3.53897 -0.856241
0.717459 -3.53897 -0.856241
0.717459 -3.53897 -0.856241
0.717459 -3.53897 -0.856241
0.717459 -3.53897 -0.856241
0.717459 -3.53897 -0.856241
0.717459 -3.53897 -0.856241
0.717459 -3.53897 -0.856241
0.717459 -3.53897 -0.856241
0.717459 -3.53897 -0.856241
0.717459 -3.53897 -0.856241
0.717459 -3.53897 -0.856241
0.717459 -3.53897 -0.856241
0.717459 -3.53897 -0.856241
0.717459 -3.53897 -0.856241
0.717459 -3.53897 -0.856241
0.717459 -3.53897 -0.856241
0.717459 -3.53897 -0.856241
0.717459 -3.53897 -0.856241
0.717459 -3.53897 -0.856241
0.717459 -3.53897 -0.856241
0.717459 -3.53897 -0.856241
0.717459 -3.53897 -0.856241
0.717459 -3.53897 -0.856241
0.717459 -3.53897 -0.856241
0.717459 -3.53897 -0.856241
0.717459 -3.53897 -0.856241
0.717459 -3.53897 -0.856241
0.717459 -3.53897 -0.856241
0.717459 -3.53897 -0.856241
0.717459 -3.53897 -0.856241
0.717459 -3.53897 -0.856241
0.717459 -3.53897 -0.856241
0.717459 -3.53897 -0.856241
0.717459 -3.53897 -0.856241
0.717459 -3.53897 -0.856241
0.717459 -3.53897 -0.856241
0.717459 -3.53897 -0.856241
0.717459 -3.53897 -0.856241
0.717459 -3.53897 -0.856241
0.717459 -3.53897 -0.856241
0.717459 -3.53897 -0.856241
0.717459 -3.53897 -0.856241
0.717459 -3.53897 -0.856241
0.717459 -3.53897 -0.856241
0.717459 -3.53897 -0.856241
0.717459 -3.53897 -0.856241
0.717459 -3.53897 -0.856241
0.717459 -3.53897 -0.856241
0.717459 -3.53897 -0.856241
0.717459 -3.53897 -0.856241
0.717459 -3.53897 -0.856241
0.717459 -3.53897 -0.856241
0.717459 -3.53897 -0.856241
0.717459 -3.53897 -0.856241
0.717459 -3.53897 -0.856241
0.717459 -3.53897 -0.856241
0.717459 -3.53897 -0.856241
0.717459 -3.53897 -0.856241
0.717459 -3.53897 -0.856241
0.717459 -3.53897 -0.856241
0.717459 -3.53897 -0.856241
0.717459 -3.53897 -0.856241
0.717459 -3.53897 -0.856241
0.717459 -3.53897 -0.856241
0.717459 -3.53897 -0.856241
0.717459 -3.53897 -0.856241
0.717459 -3.53897 -0.856241
0.717459 -3.53897 -0.856241
0.717459 -3.53897 -0.856241
0.717459 -3.53897 -0.856241
0.717459 -3.53897 -0.856241
0.717459 -3.53897 -0.856241
0.717459 -3.53897 -0.856241
0.717459 -3.53897 -0.856241
0.717459 -3.53897 -0.856241
0.717459 -3.53897 -0.856241
0.717459 -3.53897 -0.856241
0.717459 -3.53897 -0.856241
0.717459 -3.53897 -0.856241
0.717459 -3.53897 -0.856241
0.717459 -3.53897 -0.856241
0.717459 -3.53897 -0.856241
0.717459 -3.53897 -0.856241
0.717459 -3.53897 -0.856241
0.717459 -3.53897 -0.856241
0.717459 -3.53897 -0.856241
0.717459 -3.53897 -0.856241
0.717459 -3.53897 -0.856241
0.717459 -3.53897 -0.856241
0.717459 -3.53897 -0.856241
0.717459 -3.53897 -0.856241
0.717459 -3.53897 -0.856241
0.717459 -3.53897 -0.856241
0.717459 -3.53897 -0.856241
0.717459 -3.53897 -0.856241
0.717459 -3.53897 -0.856241
0.717459 -3.53897 -0.856241
0.717459 -3.53897 -0.856241
0.717459 -3.53897 -0.856241
0.717459 -3.53897 -0.856241
0.717459 -3.53897 -0.856241
0.717459 -3.53897 -0.856241
0.717459 -3.53897 -0.856241
0.717459 -3.53897 -0.856241
0.717459 -3.53897 -0.856241
0.717459 -3.53897 -0.856241
0.717459 -3.53897 -0.856241
0.717459 -3.53897 -0.856241
0.717459 -3.53897 -0.856241
0.717459 -3.53897 -0.856241
0.717459 -3.53897 -0.856241
0.717459 -3.53897 -0.856241
0.717459 -3.53897 -0.856241
0.717459 -3.53897 -0.856241
0.717459 -3.53897 -0.856241
0.717459 -3.53897 -0.856241
0.717459 -3.53897 -0.856241
0.717459 -3.53897 -0.856241
0.717459 -3.53897 -0.856241
0.717459 -3.53897 -0.856241
0.717459 -3.53897 -0.856241
0.717459 -3.53897 -0.856241
0.717459 -3.53897 -0.856241
0.717459 -3.53897 -0.856241
0.717459 -3.53897 -0.856241
0.717459 -3.53897 -0.856241
0.717459 -3.53897 -0.856241
0.717459 -3.53897 -0.856241
0.717459 -3.53897 -0.856241
0.717459 -3.53897 -0.856241
0.717459 -3.53897 -0.856241
0.717459 -3.53897 -0.856241
0.717459 -3.53897 -0.856241
0.717459 -3.53897 -0.856241
0.717459 -3.53897 -0.856241
0.717459 -3.53897 -0.856241
0.717459 -3.53897 -0.856241
0.717459 -3.53897 -0.856241
0.717459 -3.53897 -0.856241
0.717459 -3.53897 -0.856241
0.717459 -3.53897 -0.856241
0.717459 -3.53897 -0.856241
0.717459 -3.53897 -0.856241
0.717459 -3.53897 -0.856241
0.717459 -3.53897 -0.856241
0.717459 -3.53897 -0.856241
0.717459 -3.53897 -0.856241
0.717459 -3.53897 -0.856241
0.717459 -3.53897 -0.856241
0.717459 -3.53897 -0.856241
0.717459 -3.53897 -0.856241
0.717459 -3.53897 -0.856241
0.717459 -3.53897 -0.856241
0.717459 -3.53897 -0.856241
0.717459 -3.53897 -0.856241
0.717459 -3.53897 -0.856241
0.717459 -3.53897 -0.856241
0.717459 -3.53897 -0.856241
0.717459 -3.53897 -0.856241
0.717459 -3.53897 -0.856241
0.717459 -3.53897 -0.856241
0.717459 -3.53897 -0.856241
0.717459 -3.53897 -0.856241
0.717459 -3.53897 -0.856241
0.717459 -3.53897 -0.856241
0.717459 -3.53897 -0.856241
0.717459 -3.53897 -0.856241
0.717459 -3.53897 -0.856241
0.717459 -3.53897 -0.856241
0.717459 -3.53897 -0.856241
0.717459 -3.53897 -0.856241
0.717459 -3.53897 -0.856241
0.717459 -3.53897 -0.856241
0.717459 -3.53897 -0.856241
0.717459 -3.53897 -0.856241
0.717459 -3.53897 -0.856241
0.717459 -3.53897 -0.856241
0.717459 -3.53897 -0.856241
0.717459 -3.53897 -0.856241
0.717459 -3.53897 -0.856241
0.717459 -3.53897 -0.856241
0.717459 -3.53897 -0.856241
0.717459 -3.53897 -0.856241
0.717459 -3.53897 -0.856241
0.717459 -3.53897 -0.856241
0.717459 -3.53897 -0.856241
0.717459 -3.53897 -0.856241
0.717459 -3.53897 -0.856241
0.717459 -3.53897 -0.856241
0.717459 -3.53897 -0.856241
0.717459 -3.53897 -0.856241
0.717459 -3.53897 -0.856241
0.717459 -3.53897 -0.856241
0.717459 -3.53897 -0.856241
0.717459 -3.53897 -0.856241
0.717459 -3.53897 -0.856241
0.717459 -3.53897 -0.856241
0.717459 -3.53897 -0.856241
0.717459 -3.53897 -0.856241
0.717459 -3.53897 -0.856241
0.717459 -3.53897 -0.856241
0.717459 -3.53897 -0.856241
0.717459 -3.53897 -0.856241
0.717459 -3.53897 -0.856241
0.717459 -3.53897 -0.856241
0.717459 -3.53897 -0.856241
0.717459 -3.53897 -0.856241
0.717459 -3.53897 -0.856241
0.717459 -3.53897 -0.856241
0.717459 -3.53897 -0.856241
0.717459 -3.53897 -0.856241
0.717459 -3.53897 -0.856241
0.717459 -3.53897 -0.856241
0.717459 -3.53897 -0.856241
0.717459 -3.53897 -0.856241
0.717459 -3.53897 -0.856241
0.717459 -3.53897 -0.856241
0.717459 -3.53897 -0.856241
0.717459 -3.53897 -0.856241
0.717459 -3.53897 -0.856241
0.717459 -3.53897 -0.856241
0.717459 -3.53897 -0.856241
0.717459 -3.53897 -0.856241
0.717459 -3.53897 -0.856241
0.717459 -3.53897 -0.856241
0.717459 -3.53897 -0.856241
0.717459 -3.53897 -0.856241
0.717459 -3.53897 -0.856241
0.717459 -3.53897 -0.856241
0.717459 -3.53897 -0.856241
0.717459 -3.53897 -0.856241
0.717459 -3.53897 -0.856241
0.717459 -3.53897 -0.856241
0.717459 -3.53897 -0.856241
0.717459 -3.53897 -0.856241
0.717459 -3.53897 -0.856241
0.717459 -3.53897 -0.856241
0.717459 -3.53897 -0.856241
0.717459 -3.53897 -0.856241
0.717459 -3.53897 -0.856241
0.717459 -3.53897 -0.856241
0.717459 -3.53897 -0.856241
0.717459 -3.53897 -0.856241
0.717459 -3.53897 -0.856241
0.717459 -3.53897 -0.856241
0.717459 -3.53897 -0.856241
0.717459 -3.53897 -0.856241
0.717459 -3.53897 -0.856241
0.717459 -3.53897 -0.856241
0.717459 -3.53897 -0.856241
0.717459 -3.53897 -0.856241
0.717459 -3.53897 -0.856241
0.717459 -3.53897 -0.856241
0.717459 -3.53897 -0.856241
0.717459 -3.53897 -0.856241
0.717459 -3.53897 -0.856241
0.717459 -3.53897 -0.856241
0.717459 -3.53897 -0.856241
0.717459 -3.53897 -0.856241
0.717459 -3.53897 -0.856241
0.717459 -3.53897 -0.856241
0.717459 -3.53897 -0.856241
0.717459 -3.53897 -0.856241
0.717459 -3.53897 -0.856241
0.717459 -3.53897 -0.856241
0.717459 -3.53897 -0.856241
0.717459 -3.53897 -0.856241
0.717459 -3.53897 -0.856241
0.717459 -3.53897 -0.856241
0.717459 -3.53897 -0.856241
0.717459 -3.53897 -0.856241
0.717459 -3.53897 -0.856241
0.717459 -3.53897 -0.856241
0.717459 -3.53897 -0.856241
0.717459 -3.53897 -0.856241
0.717459 -3.53897 -0.856241
0.717459 -3.53897 -0.856241
0.717459 -3.53897 -0.856241
0.717459 -3.53897 -0.856241
0.717459 -3.53897 -0.856241
0.717459 -3.53897 -0.856241
0.717459 -3.53897 -0.856241
0.717459 -3.53897 -0.856241
0.717459 -3.53897 -0.856241
0.717459 -3.53897 -0.856241
0.717459 -3.53897 -0.856241
0.717459 -3.53897 -0.856241
0.717459 -3.53897 -0.856241
0.717459 -3.53897 -0.856241
0.717459 -3.53897 -0.856241
0.717459 -3.53897 -0.856241
0.717459 -3.53897 -0.856241
0.717459 -3.53897 -0.856241
0.717459 -3.53897 -0.856241
0.717459 -3.53897 -0.856241
0.717459 -3.53897 -0.856241
0.717459 -3.53897 -0.856241
0.717459 -3.53897 -0.856241
0.717459 -3.53897 -0.856241
0.717459 -3.53897 -0.856241
0.717459 -3.53897 -0.856241
0.717459 -3.53897 -0.856241
0.717459 -3.53897 -0.856241
0.717459 -3.53897 -0.856241
0.717459 -3.53897 -0.856241
0.717459 -3.53897 -0.856241
0.717459 -3.53897 -0.856241
0.717459 -3.53897 -0.856241
0.717459 -3.53897 -0.856241
0.717459 -3.53897 -0.856241
0.717459 -3.53897 -0.856241
0.717459 -3.53897 -0.856241
0.717459 -3.53897 -0.856241
0.717459 -3.53897 -0.856241
0.717459 -3.53897 -0.856241
0.717459 -3.53897 -0.856241
0.717459 -3.53897 -0.856241
0.717459 -3.53897 -0.856241
0.717459 -3.53897 -0.856241
0.717459 -3.53897 -0.856241
0.717459 -3.53897 -0.856241
0.717459 -3.53897 -0.856241
0.717459 -3.53897 -0.856241
0.717459 -3.53897 -0.856241
0.717459 -3.53897 -0.856241
0.717459 -3.53897 -0.856241
0.717459 -3.53897 -0.856241
0.717459 -3.53897 -0.856241
0.717459 -3.53897 -0.856241
0.717459 -3.53897 -0.856241
0.717459 -3.53897 -0.856241
0.717459 -3.53897 -0.856241
0.717459 -3.53897 -0.856241
0.717459 -3.53897 -0.856241
0.717459 -3.53897 -0.856241
0.717459 -3.53897 -0.856241
0.717459 -3.53897 -0.856241
0.717459 -3.53897 -0.856241
0.717459 -3.53897 -0.856241
0.717459 -3.53897 -0.856241
0.717459 -3.53897 -0.856241
0.717459 -3.53897 -0.856241
0.717459 -3.53897 -0.856241
0.717459 -3.53897 -0.856241
0.717459 -3.53897 -0.856241
0.717459 -3.53897 -0.856241
0.717459 -3.53897 -0.856241
0.717459 -3.53897 -0.856241
0.717459 -3.53897 -0.856241
0.717459 -3.53897 -0.856241
0.717459 -3.53897 -0.856241
0.717459 -3.53897 -0.856241
0.717459 -3.53897 -0.856241
0.717459 -3.53897 -0.856241
0.717459 -3.53897 -0.856241
0.717459 -3.53897 -0.856241
0.717459 -3.53897 -0.856241
0.717459 -3.53897 -0.856241
0.717459 -3.53897 -0.856241
0.717459 -3.53897 -0.856241
0.717459 -3.53897 -0.856241
0.717459 -3.53897 -0.856241
0.717459 -3.53897 -0.856241
0.717459 -3.53897 -0.856241
0.717459 -3.53897 -0.856241
0.717459 -3.53897 -0.856241
0.717459 -3.53897 -0.856241
0.717459 -3.53897 -0.856241
0.717459 -3.53897 -0.856241
False
0.0368721
