-5.46707 1.92316 -0.0471496
-5.42242 1.92114 -0.0451919
-5.37946 1.91796 -0.0738138
-5.3352 1.91415 -0.0860555
-5.28629 1.90914 -0.102026
-5.25461 1.90586 -0.103062
-5.21137 1.90161 -0.0980264
-5.16723 1.89727 -0.0979689
-5.12075 1.89482 -0.05259
-5.07081 1.89264 -0.0437481
-5.02488 1.89144 -0.0261224
-4.98633 1.88947 -0.0510217
-4.93755 1.8873 -0.0444801
-4.88762 1.88451 -0.0557867
-4.84005 1.8801 -0.0925297
-4.79063 1.87529 -0.0969262
-4.74107 1.8706 -0.0943395
-4.69432 1.86783 -0.0593088
-4.64458 1.86275 -0.101634
-4.60607 1.85906 -0.0956145
-4.55787 1.8535 -0.114734
-4.50839 1.84648 -0.141043
-4.45939 1.84269 -0.0771644
-4.41036 1.83577 -0.140243
-4.36873 1.82969 -0.144953
-4.32158 1.82315 -0.137746
-4.27582 1.81589 -0.157544
-4.2273 1.80695 -0.182168
-4.17836 1.79671 -0.206312
-4.1291 1.78815 -0.171872
-4.07956 1.78188 -0.126021
-4.03266 1.77556 -0.133911
-3.98584 1.76826 -0.154639
-3.94435 1.76344 -0.115727
-3.90085 1.75604 -0.168458
-3.85264 1.74578 -0.209734
-3.80359 1.73639 -0.189087
-3.75501 1.72618 -0.207216
-3.70635 1.71468 -0.232003
-3.65971 1.70533 -0.197956
-3.62654 1.69894 -0.190112
-3.57805 1.68966 -0.189117
-3.53079 1.68226 -0.15543
-3.48141 1.67452 -0.155504
-3.43225 1.66546 -0.182054
-3.38308 1.65663 -0.177722
-3.33829 1.64743 -0.2027
-3.28923 1.63948 -0.160632
-3.23988 1.63168 -0.156696
-3.19096 1.6236 -0.163801
-3.1491 1.6167 -0.163352
-3.10191 1.60844 -0.173248
-3.05287 1.60053 -0.159984
-3.0058 1.59288 -0.161117
-2.95636 1.58551 -0.147803
-2.9208 1.58021 -0.148073
-2.87114 1.57472 -0.110186
-2.82535 1.56895 -0.125223
-2.78286 1.56509 -0.0906213
-2.73363 1.56094 -0.0841826
-2.68686 1.55736 -0.0763852
-2.63756 1.55462 -0.055444
-2.58889 1.5504 -0.0864577
-2.53951 1.54494 -0.110194
-2.4993 1.54229 -0.0658017
-2.46524 1.54072 -0.0460431
-2.41637 1.53867 -0.0418657
-2.37014 1.53755 -0.0243254
-2.32357 1.53525 -0.0492948
-2.27523 1.53529 0.000733156
-2.2266 1.53359 -0.034924
-2.17662 1.53285 -0.0148254
-2.1268 1.52877 -0.0816827
-2.08597 1.52729 -0.036134
-2.03952 1.52487 -0.0520292
-1.9899 1.52065 -0.0848164
-1.94323 1.51576 -0.104477
-1.89575 1.50956 -0.1299
-1.84664 1.50544 -0.0837172
-1.79749 1.50068 -0.0965117
-1.74969 1.49363 -0.146482
-1.70147 1.4876 -0.124396
-1.6519 1.48193 -0.113743
-1.60573 1.47558 -0.13686
-1.55616 1.47104 -0.091197
-1.50725 1.46593 -0.104114
-1.46355 1.46196 -0.0906682
-1.41368 1.45961 -0.0470993
-1.37795 1.45725 -0.0659983
-1.3283 1.4525 -0.0953302
-1.28057 1.45082 -0.0350773
-1.23366 1.44919 -0.0347201
-1.20219 1.44944 0.00777618
-1.15265 1.45047 0.0207095
-1.10266 1.45045 -0.000262765
-1.06412 1.44976 -0.0180228
-1.02041 1.44994 0.00420962
-0.970692 1.44874 -0.0241737
-0.921057 1.44688 -0.0374601
-0.885583 1.44581 -0.0302629
-0.849536 1.44358 -0.0615312
-0.804778 1.4415 -0.0466449
-0.76008 1.44114 -0.0078754
-0.713698 1.43997 -0.0252659
-0.665138 1.43967 -0.00629844
-0.615199 1.43752 -0.0428812
-0.573711 1.43567 -0.0445127
-0.52443 1.43551 -0.00325917
-0.487323 1.43479 -0.0195646
-0.438811 1.43368 -0.0229148
-0.392681 1.43087 -0.0607413
-0.347638 1.42837 -0.0555249
-0.297974 1.42637 -0.0401905
-0.26133 1.4237 -0.0728028
-0.211564 1.4195 -0.084114
-0.166303 1.41746 -0.0451076
-0.116315 1.41639 -0.021371
-0.0717636 1.41724 0.0191187
-0.0218584 1.41737 0.00265113
0.0168861 1.41696 -0.0108021
0.0617519 1.41618 -0.0173365
0.111448 1.41755 0.0276299
0.157594 1.41726 -0.00633834
0.206552 1.41525 -0.0409959
0.256544 1.41512 -0.00262317
0.30384 1.41581 0.0145939
0.348942 1.41583 0.000341901
0.396707 1.41421 -0.0337706
0.446648 1.41269 -0.0303763
0.492734 1.41253 -0.00347557
0.535546 1.41242 -0.00255249
0.576213 1.41185 -0.0142492
0.625782 1.41374 0.0381857
0.667226 1.4165 0.066557
0.715035 1.42074 0.0885001
0.763349 1.42352 0.0574593
0.809174 1.4272 0.0801273
0.854103 1.43165 0.0985879
0.900283 1.43647 0.104165
0.945172 1.44036 0.0863025
0.990795 1.44506 0.102705
1.04073 1.44724 0.0436028
1.0906 1.45001 0.0555483
1.13894 1.45405 0.0834035
1.17765 1.45668 0.0678629
1.22298 1.45913 0.0538642
1.26618 1.46269 0.0823579
1.3126 1.46498 0.0491276
1.34581 1.46526 0.00864139
1.39391 1.46637 0.0230565
1.43703 1.46912 0.0635643
1.48635 1.47432 0.105041
1.53075 1.47597 0.0373024
1.58074 1.47704 0.0213339
1.62985 1.4789 0.0377543
1.67796 1.4807 0.0375792
1.72005 1.48124 0.0126557
1.76661 1.48178 0.0116874
1.80874 1.48106 -0.0171164
1.85443 1.48059 -0.0103777
1.90402 1.48151 0.0187242
1.9487 1.48046 -0.0236201
1.99865 1.48063 0.00333387
2.04625 1.48096 0.00700337
2.0927 1.4819 0.0203011
2.14102 1.48193 0.000584554
2.19102 1.48182 -0.00224079
2.23848 1.48114 -0.0141971
2.28019 1.48166 0.0123111
2.32779 1.48247 0.0170235
2.37771 1.48502 0.0509924
2.427 1.48767 0.0537506
2.47098 1.49101 0.0757562
2.52074 1.49146 0.00915315
2.57049 1.49065 -0.0162954
2.61713 1.49068 0.000635857
2.66681 1.49112 0.00875552
2.71224 1.48997 -0.0252291
2.75342 1.49057 0.0146832
2.79999 1.4902 -0.00803177
2.84221 1.48948 -0.017048
2.88838 1.48812 -0.029399
2.93513 1.48588 -0.0479944
2.97747 1.48475 -0.0266324
3.0243 1.48505 0.00636203
3.07398 1.48684 0.0360758
3.12111 1.48837 0.0324311
3.1594 1.49077 0.0626833
3.19591 1.49244 0.0455652
3.2337 1.49483 0.0631619
3.28326 1.49797 0.0633784
3.32795 1.50039 0.0539452
3.37466 1.50214 0.0376211
3.41629 1.50417 0.0486229
3.4571 1.5056 0.0349468
3.50278 1.50724 0.036026
3.55154 1.50865 0.0288804
3.59376 1.50885 0.0046
3.63122 1.50865 -0.00518737
3.67287 1.5096 0.0227223
3.69252 1.50994 0.0174214
3.71047 1.5107 0.0422102
3.72424 1.51069 -0.000484582
3.73788 1.51063 -0.00457525
3.74952 1.51085 0.0190446
3.76832 1.51072 -0.00679031
3.79154 1.51085 0.0053908
3.81446 1.50984 -0.0441073
3.82996 1.50845 -0.0889197
3.83507 1.50807 -0.0744837
3.83948 1.50758 -0.111233
3.83726 1.50766 -0.0379378
3.8565 1.50803 0.0188262
3.86064 1.5082 0.0405556
3.86325 1.50828 0.0318784
3.86485 1.50834 0.0400753
3.86947 1.50859 0.0525194
3.88462 1.50857 -0.000752963
3.90592 1.50829 -0.0131886
3.92551 1.50774 -0.027988
3.93765 1.50772 -0.00208648
3.97355 1.50505 -0.0741298
4.0146 1.50266 -0.0582633
4.04291 1.50114 -0.0536689
4.07772 1.49855 -0.0742532
4.109 1.49637 -0.0694146
4.12766 1.49498 -0.0747212
4.15474 1.4926 -0.087398
4.19415 1.48946 -0.0796558
4.22208 1.48752 -0.0693845
4.25974 1.48429 -0.0854215
4.29272 1.4813 -0.0905863
4.31624 1.48065 -0.0276616
4.3323 1.48054 -0.00647735
4.35261 1.48112 0.0286624
4.39111 1.48287 0.0453826
4.41841 1.48385 0.035739
4.44503 1.48384 -0.000229683
4.46801 1.48296 -0.0385271
4.4922 1.48102 -0.0798309
4.51886 1.4783 -0.101859
4.54357 1.4756 -0.108513
4.56338 1.47379 -0.0910841
4.58718 1.47149 -0.0964719
4.61761 1.46715 -0.141774
4.63167 1.4649 -0.158298
4.66596 1.45905 -0.169015
4.68929 1.45548 -0.152083
4.70228 1.45371 -0.135538
4.71885 1.45226 -0.0870067
4.74174 1.45038 -0.0819055
4.75324 1.44958 -0.069653
4.77396 1.44853 -0.050551
4.80556 1.44743 -0.0347386
4.81575 1.44757 0.0133841
4.82483 1.44763 0.00713807
4.83383 1.44757 -0.00743234
4.85251 1.4467 -0.0465246
4.85854 1.44606 -0.10455
4.87607 1.44399 -0.117648
4.8925 1.44204 -0.118102
4.91375 1.4406 -0.0675457
4.9292 1.43935 -0.0813029
4.95001 1.43791 -0.0687131
4.95898 1.43693 -0.109606
4.97549 1.43498 -0.117304
4.99216 1.4332 -0.106651
5.02543 1.43175 -0.0434883
5.05312 1.43116 -0.021204
5.08558 1.43147 0.00963221
5.10841 1.43151 0.00143597
5.13878 1.43173 0.00722113
5.15261 1.43163 -0.0068631
5.17069 1.4303 -0.0732931
5.18073 1.42956 -0.0742677
5.1894 1.42898 -0.0661291
5.19303 1.42876 -0.0619651
5.21506 1.42789 -0.0391543
True
0.235543
