-5.46677 -0.769242 0.166728
-5.43625 -0.76523 0.130708
-5.40935 -0.760657 0.168349
-5.36241 -0.755257 0.114553
-5.31262 -0.751798 0.0693563
-5.26273 -0.748965 0.0567148
-5.22482 -0.745667 0.0867951
-5.17568 -0.741553 0.0835258
-5.12776 -0.736984 0.0950549
-5.08205 -0.733599 0.0739037
-5.04373 -0.729403 0.109071
-4.99517 -0.724566 0.0992998
-4.94573 -0.718315 0.125745
-4.89801 -0.711954 0.132517
-4.84933 -0.706309 0.115462
-4.80083 -0.700133 0.126652
-4.75305 -0.6959 0.0883673
-4.71038 -0.692947 0.0690824
-4.66072 -0.688404 0.0912465
-4.61264 -0.684164 0.0879624
-4.57266 -0.680018 0.103309
-4.53276 -0.674206 0.144664
-4.48346 -0.66618 0.16138
-4.43519 -0.656107 0.205698
-4.38606 -0.648056 0.162449
-4.33804 -0.637863 0.20914
-4.29078 -0.627327 0.219395
-4.242 -0.617278 0.203149
-4.1955 -0.607508 0.207101
-4.16142 -0.600878 0.192137
-4.11996 -0.591368 0.225456
-4.07172 -0.580896 0.213768
-4.02404 -0.570092 0.222837
-3.97512 -0.559849 0.206418
-3.95033 -0.555351 0.179506
-3.90539 -0.547222 0.17893
-3.85574 -0.541354 0.117638
-3.8172 -0.536948 0.113833
-3.76726 -0.534562 0.0477434
-3.73478 -0.533967 0.0183045
-3.68819 -0.531274 0.0577387
-3.63953 -0.528081 0.065537
-3.59284 -0.523059 0.107148
-3.54404 -0.517392 0.115614
-3.49696 -0.512259 0.108574
-3.45058 -0.504483 0.166133
-3.41187 -0.497053 0.189646
-3.36286 -0.488628 0.170228
-3.31414 -0.480917 0.156969
-3.26547 -0.472446 0.172321
-3.21747 -0.465865 0.136261
-3.16935 -0.461263 0.0953399
-3.12413 -0.454928 0.139187
-3.08449 -0.448625 0.157681
-3.03475 -0.443778 0.0971382
-2.98811 -0.439325 0.0951859
-2.95127 -0.434629 0.126783
-2.90203 -0.425964 0.174194
-2.85628 -0.416998 0.193537
-2.80679 -0.410151 0.13747
-2.75725 -0.403929 0.124943
-2.70767 -0.39771 0.124792
-2.66134 -0.391464 0.133993
-2.61904 -0.386657 0.113166
-2.56913 -0.383582 0.0615366
-2.5198 -0.378061 0.111447
-2.47289 -0.373439 0.0982008
-2.42688 -0.368905 0.098239
-2.37957 -0.361873 0.147559
-2.33579 -0.357332 0.103349
-2.28628 -0.350558 0.135968
-2.23922 -0.342129 0.177239
-2.19666 -0.334916 0.167861
-2.14748 -0.327423 0.151209
-2.10746 -0.322196 0.129873
-2.05782 -0.31636 0.117014
-2.01032 -0.310702 0.118561
-1.96083 -0.304182 0.131003
-1.92036 -0.298326 0.143703
-1.87667 -0.291689 0.150745
-1.82769 -0.282706 0.181411
-1.77853 -0.273745 0.180308
-1.73518 -0.265674 0.184064
-1.68657 -0.255893 0.198538
-1.64267 -0.248254 0.172285
-1.59767 -0.240096 0.179331
-1.54834 -0.233909 0.124799
-1.50029 -0.229202 0.0976361
-1.46541 -0.224281 0.140174
-1.41847 -0.217323 0.147173
-1.37205 -0.209804 0.160544
-1.32659 -0.203625 0.135101
-1.28734 -0.197116 0.164345
-1.24068 -0.190174 0.147702
-1.19201 -0.181701 0.172334
-1.14747 -0.174213 0.1666
-1.10848 -0.168541 0.144449
-1.0667 -0.159988 0.20194
-1.01948 -0.151455 0.178775
-0.970407 -0.14217 0.186983
-0.921368 -0.132495 0.194799
-0.884111 -0.126082 0.170457
-0.845661 -0.119301 0.174556
-0.801677 -0.112897 0.144588
-0.759997 -0.106186 0.159627
-0.713231 -0.0994562 0.142931
-0.665221 -0.0905925 0.182567
-0.61953 -0.0825515 0.174204
-0.571512 -0.0738176 0.179919
-0.526888 -0.0667577 0.156908
-0.477677 -0.0579144 0.177804
-0.43574 -0.0492418 0.203925
-0.386323 -0.0417577 0.150306
-0.337127 -0.033938 0.157631
-0.29187 -0.0281461 0.127287
-0.242898 -0.0206137 0.152614
-0.196887 -0.0129735 0.164551
-0.148499 -0.00301884 0.202896
-0.101529 0.00683234 0.206736
-0.052355 0.0130375 0.125524
-0.00288482 0.0199254 0.138344
0.0434516 0.025707 0.124132
0.09293 0.0328295 0.14297
0.141897 0.0385522 0.11634
0.187629 0.0433276 0.104047
0.232744 0.0483617 0.111122
0.282406 0.0530014 0.0931547
0.330201 0.0590714 0.126325
0.368379 0.0612291 0.0564574
0.418009 0.0645511 0.0668348
0.467891 0.0676642 0.0623286
0.514569 0.072172 0.0962744
0.555239 0.0753778 0.0786633
0.604725 0.0825014 0.142967
0.652937 0.0906477 0.167389
0.701405 0.099782 0.186276
0.750052 0.110138 0.209754
0.792323 0.117992 0.18371
0.841517 0.126661 0.174415
0.886734 0.137426 0.233734
0.921807 0.14358 0.173681
0.970739 0.152631 0.182906
1.01779 0.159421 0.143345
1.06699 0.168145 0.175483
1.11636 0.175874 0.155284
1.16179 0.183081 0.157316
1.20821 0.187754 0.100328
1.256 0.193309 0.115721
1.29523 0.198437 0.129994
1.33179 0.2024 0.107952
1.37703 0.20859 0.135987
1.42307 0.214808 0.134255
1.47096 0.221811 0.145212
1.51285 0.226711 0.116439
1.54931 0.232824 0.166118
1.59783 0.238546 0.117382
1.64248 0.241344 0.0626056
1.6922 0.246402 0.101361
1.7388 0.250189 0.0810945
1.78557 0.252402 0.0472678
1.83549 0.255107 0.0541488
1.8821 0.258125 0.0646449
1.91796 0.259792 0.0464686
1.95259 0.25987 0.00224106
2.00157 0.260131 0.0053393
2.04655 0.25796 -0.0482381
2.09582 0.256668 -0.026209
2.13757 0.257135 0.0111818
2.18399 0.255195 -0.0417698
2.23224 0.253862 -0.0276091
2.2743 0.25353 -0.00790021
2.32396 0.252787 -0.0149616
2.37385 0.252079 -0.0141774
2.42356 0.251369 -0.0142808
2.47349 0.254078 0.0541961
2.52278 0.257382 0.0669359
2.56 0.259602 0.05957
2.6055 0.26243 0.0620597
2.64584 0.26576 0.0823663
2.69036 0.269142 0.0758225
2.73838 0.274109 0.103074
2.78802 0.28009 0.119918
2.8307 0.285132 0.117584
2.87515 0.290012 0.109352
2.91616 0.293128 0.0758218
2.96099 0.29575 0.058433
3.00656 0.298868 0.0683176
3.0547 0.301222 0.0488454
3.10452 0.302738 0.0304366
3.14099 0.304551 0.0496547
3.18961 0.307105 0.0524752
3.22064 0.309905 0.0900089
3.26905 0.313023 0.0643122
3.31023 0.315609 0.0627089
3.35205 0.319303 0.0881213
3.39568 0.322325 0.0691469
3.44161 0.32412 0.039061
3.47654 0.324255 0.00385647
3.5158 0.324813 0.0142079
3.56102 0.325143 0.00730943
3.60624 0.325399 0.00566549
3.64331 0.327337 0.0522133
3.69285 0.329682 0.0473181
3.74226 0.329683 1.97738e-05
3.76841 0.329115 -0.0217165
3.80338 0.328285 -0.0237398
3.85009 0.325472 -0.0601538
3.88122 0.323818 -0.0530825
3.91541 0.322282 -0.0448841
3.9553 0.321147 -0.0284666
3.97224 0.319693 -0.0855641
3.99544 0.318399 -0.0557143
4.01473 0.31737 -0.0533409
4.03633 0.31636 -0.0467074
4.08282 0.315517 -0.0181353
4.12074 0.314451 -0.0281016
4.16785 0.313076 -0.0291665
4.2152 0.310684 -0.0504824
4.24743 0.308438 -0.0695481
4.29067 0.305777 -0.0614744
4.33311 0.30402 -0.0413793
4.35947 0.304568 0.0207686
4.37043 0.305026 0.041784
4.39786 0.306994 0.0716247
4.41653 0.308298 0.0697462
4.42771 0.309174 0.0781945
4.44609 0.310337 0.0631965
4.48879 0.312278 0.0454183
4.52149 0.3148 0.0769631
4.5497 0.316655 0.0656612
4.57297 0.318278 0.0696431
4.6096 0.320704 0.0661231
4.63676 0.321963 0.0463349
4.65784 0.322711 0.0354838
4.68577 0.324253 0.0551422
4.70784 0.325926 0.0756552
4.72442 0.327257 0.0801083
4.72802 0.327495 0.0660622
4.73734 0.328121 0.0670138
4.74558 0.328689 0.0689241
4.7648 0.33059 0.0985321
4.77062 0.331087 0.0852581
4.79148 0.332801 0.0819671
4.79896 0.333331 0.0708393
4.82309 0.335698 0.0977607
4.83566 0.336697 0.0793429
4.85064 0.337953 0.0835956
4.86089 0.338869 0.0891912
4.87216 0.339937 0.0944871
4.88217 0.340989 0.104646
4.88965 0.341672 0.0909842
4.89439 0.342139 0.0981473
4.90405 0.343067 0.0958709
4.91094 0.343722 0.0947567
4.9209 0.344671 0.095004
4.93147 0.346003 0.125382
4.93984 0.347118 0.132434
4.97165 0.352141 0.156603
4.99243 0.3554 0.155575
5.00469 0.357363 0.158789
5.01503 0.359338 0.188566
5.02505 0.361656 0.227513
5.03191 0.363327 0.23905
5.03288 0.363562 0.236426
5.03593 0.364365 0.257657
5.04351 0.366265 0.245523
5.04683 0.367105 0.248051
5.05222 0.368506 0.253936
5.06127 0.371618 0.331176
5.06983 0.374812 0.357324
5.08288 0.379339 0.3338
5.08994 0.382105 0.373409
5.0898 0.38205 0.358826
5.09433 0.383775 0.36367
5.10132 0.386613 0.38544
5.11799 0.393711 0.402683
5.12623 0.397836 0.464122
5.13302 0.401179 0.457429
5.14822 0.408908 0.47036
5.15885 0.414331 0.47162
5.18491 0.428718 0.504505
5.19405 0.43359 0.489961
5.20559 0.439324 0.460811
5.20035 0.436844 0.441346
5.20349 0.438286 0.429932
5.20491 0.438901 0.409627
5.21715 0.444681 0.440994
5.21768 0.444957 0.484573
5.22284 0.447837 0.508818
5.23974 0.457619 0.524556
True
0.0618174
