-5.46721 1.29427 -0.271695
-5.42229 1.28172 -0.272577
-5.38091 1.26895 -0.299283
-5.33622 1.25311 -0.340494
-5.28926 1.23597 -0.350018
-5.2429 1.21813 -0.367372
-5.19627 1.20021 -0.367001
-5.15357 1.18371 -0.368571
-5.11321 1.16912 -0.34695
-5.06692 1.15332 -0.328937
-5.01918 1.13942 -0.283272
-4.9778 1.12757 -0.279027
-4.93603 1.11644 -0.26027
-4.892 1.10305 -0.295265
-4.84845 1.08968 -0.297798
-4.80117 1.07504 -0.300446
-4.75256 1.06363 -0.230538
-4.7046 1.05249 -0.228187
-4.65724 1.0401 -0.255907
-4.61172 1.02719 -0.276318
-4.56543 1.01449 -0.267669
-4.51718 1.00214 -0.250651
-4.47084 0.989265 -0.27104
-4.42701 0.977271 -0.267079
-4.37827 0.966336 -0.220715
-4.33066 0.956896 -0.195757
-4.29483 0.948084 -0.241165
-4.24609 0.938348 -0.197119
-4.20539 0.930595 -0.188251
-4.15788 0.922782 -0.162996
-4.11755 0.915293 -0.183612
-4.07186 0.907098 -0.177456
-4.02348 0.896922 -0.207297
-3.97492 0.886568 -0.210098
-3.92648 0.876998 -0.195056
-3.87728 0.86841 -0.172799
-3.83824 0.860705 -0.194871
-3.78946 0.850199 -0.212125
-3.74319 0.839936 -0.218294
-3.69489 0.827192 -0.257958
-3.64705 0.814354 -0.262206
-3.59893 0.801722 -0.256711
-3.55227 0.79052 -0.2356
-3.50388 0.777963 -0.253894
-3.45626 0.766466 -0.236914
-3.40729 0.756446 -0.201836
-3.35867 0.745489 -0.221639
-3.32307 0.736563 -0.245703
-3.27584 0.725541 -0.229235
-3.23313 0.71607 -0.218247
-3.18653 0.705546 -0.222105
-3.13784 0.694298 -0.22702
-3.10036 0.685566 -0.228886
-3.05317 0.673309 -0.254142
-3.00521 0.65923 -0.285515
-2.95805 0.646045 -0.272629
-2.91114 0.632586 -0.279404
-2.86567 0.619391 -0.28245
-2.81757 0.60589 -0.273611
-2.76915 0.594102 -0.238788
-2.72174 0.582489 -0.240232
-2.67308 0.571959 -0.213137
-2.62409 0.562032 -0.199915
-2.58446 0.55288 -0.226945
-2.53962 0.545257 -0.1684
-2.49072 0.538629 -0.134707
-2.44991 0.533642 -0.121624
-2.40058 0.525738 -0.158878
-2.35158 0.516378 -0.188748
-2.30263 0.50643 -0.200478
-2.25612 0.498068 -0.177898
-2.21745 0.490715 -0.187909
-2.16917 0.479254 -0.233049
-2.13114 0.469101 -0.260931
-2.08379 0.456331 -0.263429
-2.03622 0.445563 -0.222579
-2.00804 0.440227 -0.187153
-1.95904 0.431857 -0.169183
-1.90925 0.427382 -0.0896282
-1.86563 0.423143 -0.0968936
-1.82551 0.418356 -0.11876
-1.78092 0.410103 -0.183038
-1.73833 0.404346 -0.134336
-1.69472 0.397325 -0.159607
-1.65584 0.392478 -0.124045
-1.6107 0.386716 -0.12696
-1.56107 0.380695 -0.120724
-1.51814 0.376706 -0.0926604
-1.469 0.369509 -0.145431
-1.42095 0.360661 -0.182098
-1.37717 0.354057 -0.149689
-1.33374 0.347419 -0.151683
-1.28469 0.338993 -0.170121
-1.23548 0.330134 -0.178126
-1.18632 0.321384 -0.176128
-1.13722 0.315034 -0.128613
-1.08845 0.307214 -0.158991
-1.03926 0.298815 -0.169133
-1.00195 0.292796 -0.159937
-0.952503 0.285439 -0.1477
-0.904402 0.27832 -0.146932
-0.856536 0.269333 -0.18559
-0.810227 0.26092 -0.179728
-0.766941 0.254338 -0.150883
-0.719926 0.247819 -0.137786
-0.681458 0.240842 -0.179419
-0.632693 0.230617 -0.206685
-0.586177 0.22013 -0.221737
-0.540526 0.208296 -0.253648
-0.492526 0.194319 -0.283364
-0.450049 0.181204 -0.299466
-0.404059 0.167324 -0.293109
-0.359255 0.151918 -0.33119
-0.319175 0.138492 -0.323235
-0.27693 0.124055 -0.329292
-0.232917 0.107613 -0.35752
-0.19193 0.0938173 -0.324676
-0.144306 0.0791825 -0.298141
-0.0968663 0.0641891 -0.306114
-0.0493061 0.0504104 -0.281991
-0.00903121 0.0379814 -0.299333
0.0378954 0.0247174 -0.275467
0.0848475 0.00837004 -0.335045
0.128318 -0.00668079 -0.333317
0.174768 -0.021647 -0.311697
0.218749 -0.0368265 -0.332332
0.264086 -0.0522394 -0.327711
0.304439 -0.0658076 -0.324362
0.349232 -0.0782536 -0.271016
0.396061 -0.092272 -0.290863
0.441378 -0.107491 -0.324005
0.480952 -0.119112 -0.285626
0.519862 -0.129674 -0.265049
0.566901 -0.146613 -0.345643
0.612545 -0.162126 -0.327622
0.656607 -0.177302 -0.331705
0.703446 -0.19136 -0.29158
0.739095 -0.203529 -0.328966
0.773565 -0.215458 -0.333149
0.820035 -0.23378 -0.375567
0.865195 -0.253347 -0.408856
0.909889 -0.271112 -0.378343
0.955212 -0.288378 -0.363976
0.997249 -0.303466 -0.344598
1.03932 -0.318278 -0.338547
1.0834 -0.335759 -0.377563
1.12842 -0.35144 -0.335101
1.17479 -0.367704 -0.337378
1.22136 -0.385613 -0.367154
1.26793 -0.403334 -0.363538
1.31178 -0.420017 -0.363546
1.34784 -0.434002 -0.369963
1.39358 -0.449931 -0.335172
1.43991 -0.465621 -0.326483
1.48138 -0.479132 -0.315018
1.52936 -0.493171 -0.284619
1.57163 -0.507646 -0.32993
1.61903 -0.52296 -0.312521
1.66122 -0.535213 -0.28265
1.70849 -0.55113 -0.324762
1.75168 -0.56424 -0.294751
1.79871 -0.576615 -0.257292
1.84631 -0.590271 -0.279374
1.88867 -0.602048 -0.271175
1.92344 -0.611534 -0.266331
1.96918 -0.62436 -0.273398
2.01289 -0.637872 -0.299799
2.05661 -0.652416 -0.321178
2.09288 -0.662667 -0.275425
2.13122 -0.674547 -0.300476
2.1796 -0.68715 -0.254831
2.21954 -0.698434 -0.275329
2.26654 -0.710528 -0.251872
2.31496 -0.722837 -0.248951
2.35925 -0.733996 -0.246782
2.40443 -0.745792 -0.255386
2.4454 -0.756572 -0.25731
2.49303 -0.771734 -0.3082
2.53732 -0.785913 -0.309849
2.58131 -0.798272 -0.273847
2.62411 -0.809027 -0.246193
2.67037 -0.819477 -0.222188
2.71891 -0.828614 -0.186026
2.76773 -0.839041 -0.210449
2.81681 -0.848471 -0.18984
2.86481 -0.853888 -0.112364
2.91384 -0.862841 -0.180603
2.96032 -0.869509 -0.142495
3.00959 -0.876862 -0.14815
3.05883 -0.883839 -0.140747
3.10749 -0.891839 -0.162954
3.13951 -0.898762 -0.212959
3.17728 -0.907615 -0.230225
3.22091 -0.91499 -0.167429
3.2701 -0.923673 -0.174734
3.31937 -0.931435 -0.15626
3.36074 -0.940601 -0.218049
3.40345 -0.94907 -0.195747
3.4473 -0.958219 -0.205668
3.47948 -0.965804 -0.231458
3.50513 -0.972223 -0.24522
3.55366 -0.984225 -0.242445
3.58908 -0.993272 -0.250135
3.63383 -1.00704 -0.298508
3.67667 -1.02083 -0.311462
3.72149 -1.03501 -0.306356
3.7643 -1.04968 -0.330104
3.79489 -1.06038 -0.336567
3.81646 -1.0686 -0.363917
3.85164 -1.0814 -0.348927
3.88171 -1.09054 -0.295147
3.91972 -1.10257 -0.306601
3.94203 -1.11009 -0.324914
3.96084 -1.11596 -0.30263
3.97231 -1.11917 -0.272965
3.98547 -1.12253 -0.250106
3.98761 -1.12323 -0.311858
4.00913 -1.13028 -0.316902
4.02302 -1.13518 -0.338919
4.03053 -1.13826 -0.389131
4.04752 -1.1457 -0.412858
4.07263 -1.15914 -0.491486
4.10668 -1.17659 -0.473691
4.13079 -1.18695 -0.40586
4.14773 -1.19408 -0.398295
4.16936 -1.2041 -0.433571
4.18923 -1.21317 -0.428333
4.20524 -1.21946 -0.374138
4.21894 -1.22407 -0.324712
4.23765 -1.23013 -0.313051
4.25329 -1.23423 -0.256359
4.26616 -1.23754 -0.252215
4.27966 -1.24186 -0.309705
4.2961 -1.24745 -0.327968
4.31974 -1.25654 -0.367048
4.34394 -1.26638 -0.386244
4.36135 -1.27188 -0.305917
4.38347 -1.27818 -0.277347
4.40448 -1.28453 -0.293271
4.42482 -1.29207 -0.354999
4.43814 -1.29643 -0.316503
4.44861 -1.29945 -0.281161
4.45669 -1.30171 -0.272894
4.46352 -1.30403 -0.327311
4.47101 -1.3066 -0.330147
4.49138 -1.31356 -0.329409
4.51669 -1.32204 -0.323328
4.54751 -1.3309 -0.279734
4.57484 -1.33745 -0.235355
4.61807 -1.34717 -0.221085
4.66246 -1.35754 -0.229453
4.7 -1.36553 -0.209719
4.72574 -1.37128 -0.219776
4.74581 -1.37559 -0.21157
4.78006 -1.38317 -0.217818
4.81826 -1.39206 -0.228765
4.85278 -1.40028 -0.233829
4.87974 -1.40636 -0.2217
4.9104 -1.41332 -0.223061
4.92811 -1.41742 -0.227888
4.93716 -1.41964 -0.240316
4.94017 -1.42055 -0.294429
4.95172 -1.42411 -0.298759
4.96657 -1.42884 -0.308149
4.97537 -1.43146 -0.289328
4.98948 -1.43499 -0.245751
5.00655 -1.43962 -0.264626
5.01717 -1.4427 -0.281933
5.02802 -1.44546 -0.249548
5.04686 -1.45008 -0.240083
5.07007 -1.455 -0.209261
5.07633 -1.45618 -0.185207
5.08576 -1.45802 -0.192557
5.09348 -1.45951 -0.191854
5.09438 -1.4597 -0.201542
5.11073 -1.46283 -0.188987
5.12506 -1.46569 -0.19743
5.14126 -1.46881 -0.190054
5.15066 -1.47038 -0.165865
5.14532 -1.46959 -0.146748
5.15031 -1.47008 -0.0980512
5.1598 -1.47127 -0.124298
5.1629 -1.47161 -0.109531
5.18332 -1.47357 -0.0958875
5.18646 -1.47389 -0.0996462
5.19408 -1.47408 -0.0257078
5.1974 -1.4739 0.0560862
5.21772 -1.47235 0.0757792
True
0.0670042
