-5.47801 1.64867 -0.271507
-5.4423 1.63966 -0.247279
-5.39405 1.62722 -0.252394
-5.34791 1.6147 -0.264999
-5.30309 1.60297 -0.255888
-5.25809 1.58996 -0.281428
-5.21071 1.57545 -0.29723
-5.17187 1.56512 -0.259801
-5.13064 1.55441 -0.254309
-5.08261 1.54173 -0.258037
-5.03807 1.52992 -0.259262
-4.99354 1.51754 -0.271216
-4.95691 1.50645 -0.293738
-4.90978 1.49191 -0.299344
-4.86332 1.47807 -0.289601
-4.81556 1.4641 -0.28445
-4.77382 1.44944 -0.337707
-4.72697 1.43198 -0.356816
-4.68078 1.41406 -0.370009
-4.64009 1.39801 -0.375819
-4.59957 1.38276 -0.359968
-4.55506 1.36792 -0.32183
-4.51071 1.35272 -0.330216
-4.47412 1.3411 -0.307354
-4.42789 1.32244 -0.383688
-4.38407 1.30641 -0.350563
-4.33822 1.29013 -0.341264
-4.29211 1.2741 -0.334506
-4.24854 1.25949 -0.323567
-4.20736 1.24479 -0.34284
-4.16054 1.22875 -0.330228
-4.11553 1.21682 -0.259
-4.06722 1.20468 -0.246181
-4.02053 1.19066 -0.291702
-3.97183 1.17932 -0.228829
-3.92466 1.16935 -0.208368
-3.88127 1.15977 -0.217329
-3.83883 1.14782 -0.274281
-3.79025 1.13702 -0.21871
-3.7417 1.12568 -0.229599
-3.69359 1.11433 -0.231549
-3.64487 1.10406 -0.20779
-3.59564 1.09571 -0.168084
-3.55964 1.08991 -0.159563
-3.51069 1.08209 -0.158524
-3.4613 1.07538 -0.134958
-3.41237 1.06831 -0.143477
-3.36941 1.06197 -0.146652
-3.32297 1.05205 -0.210447
-3.27595 1.04137 -0.223265
-3.23199 1.03228 -0.204014
-3.18578 1.0213 -0.233349
-3.14283 1.01184 -0.216703
-3.09417 1.00037 -0.231553
-3.04526 0.99002 -0.208436
-3.00582 0.980701 -0.23203
-2.96497 0.969701 -0.263036
-2.92124 0.959291 -0.233738
-2.87283 0.947035 -0.247971
-2.83285 0.936998 -0.245933
-2.78465 0.923803 -0.267206
-2.73731 0.909129 -0.300585
-2.6913 0.896169 -0.274556
-2.64716 0.88314 -0.287051
-2.60291 0.869984 -0.288986
-2.56117 0.857495 -0.290726
-2.52184 0.844891 -0.310116
-2.47936 0.831788 -0.299167
-2.43612 0.819222 -0.282863
-2.38839 0.805737 -0.27536
-2.34364 0.795388 -0.227225
-2.29822 0.784317 -0.239087
-2.25065 0.770566 -0.281404
-2.22968 0.764813 -0.26785
-2.19118 0.754908 -0.251762
-2.14349 0.742135 -0.261683
-2.09705 0.727952 -0.296428
-2.04955 0.713482 -0.295696
-2.00254 0.698055 -0.317134
-1.9563 0.681436 -0.345009
-1.91549 0.666358 -0.353887
-1.87321 0.65139 -0.340248
-1.82785 0.634072 -0.3647
-1.79307 0.621231 -0.35377
-1.75278 0.605735 -0.367127
-1.71122 0.594028 -0.274542
-1.66432 0.580269 -0.28541
-1.62001 0.566091 -0.309685
-1.57368 0.550843 -0.317893
-1.52719 0.53545 -0.31979
-1.48799 0.522689 -0.314681
-1.44556 0.510283 -0.284492
-1.40383 0.497689 -0.29307
-1.35869 0.484135 -0.291732
-1.31091 0.470332 -0.281188
-1.26973 0.455277 -0.350544
-1.22621 0.438205 -0.373857
-1.18952 0.42444 -0.358881
-1.14831 0.409683 -0.343827
-1.10485 0.394313 -0.339945
-1.06773 0.382087 -0.318175
-1.02585 0.368714 -0.309065
-0.98187 0.354508 -0.312456
-0.936039 0.33744 -0.356506
-0.900826 0.326766 -0.294333
-0.865332 0.31509 -0.317798
-0.822236 0.303412 -0.264627
-0.779873 0.290884 -0.287522
-0.733149 0.278314 -0.262808
-0.685229 0.264723 -0.276354
-0.637516 0.249813 -0.302884
-0.595971 0.237265 -0.293339
-0.556845 0.223611 -0.335753
-0.512494 0.208191 -0.334602
-0.465074 0.194136 -0.288153
-0.417943 0.177555 -0.338282
-0.385593 0.167701 -0.295653
-0.337989 0.152701 -0.305268
-0.290547 0.139682 -0.267822
-0.24638 0.126604 -0.287882
-0.199026 0.111561 -0.307588
-0.150969 0.0979302 -0.276376
-0.107819 0.0828907 -0.335372
-0.061178 0.0650306 -0.365701
-0.0144147 0.0500537 -0.309949
0.0331851 0.0349503 -0.307251
0.0699637 0.021009 -0.362326
0.112755 0.00325699 -0.393242
0.154128 -0.0112145 -0.336483
0.189226 -0.0210224 -0.272487
0.229684 -0.0334499 -0.298024
0.269592 -0.0467974 -0.322757
0.310308 -0.0613235 -0.342693
0.356151 -0.0765144 -0.31998
0.400007 -0.090541 -0.30955
0.447776 -0.10504 -0.294684
0.488709 -0.116904 -0.282109
0.536826 -0.129806 -0.26198
0.58346 -0.143464 -0.284914
0.631728 -0.156374 -0.261337
0.677413 -0.1678 -0.245083
0.723992 -0.178962 -0.235208
0.771339 -0.190594 -0.240894
0.81577 -0.200432 -0.217912
0.864413 -0.211513 -0.223969
0.912571 -0.224153 -0.25668
0.9588 -0.237524 -0.281561
1.00157 -0.250364 -0.291645
1.04897 -0.263941 -0.278979
1.0955 -0.275741 -0.248357
1.13536 -0.285985 -0.251575
1.17585 -0.298653 -0.303156
1.22331 -0.31285 -0.290695
1.27143 -0.325376 -0.25465
1.31785 -0.338025 -0.266025
1.3607 -0.350037 -0.273348
1.40472 -0.362484 -0.275573
1.4481 -0.374824 -0.277088
1.49387 -0.390864 -0.337065
1.53718 -0.40618 -0.339951
1.57944 -0.42149 -0.347592
1.62269 -0.437215 -0.34868
1.66795 -0.452971 -0.335004
1.71552 -0.46625 -0.272252
1.75743 -0.478785 -0.290591
1.80586 -0.491044 -0.24792
1.84759 -0.501097 -0.236435
1.89172 -0.510476 -0.20941
1.94002 -0.52221 -0.238291
1.98835 -0.533822 -0.235785
2.03284 -0.544714 -0.240141
2.07206 -0.554799 -0.251689
2.11948 -0.56582 -0.228354
2.16243 -0.576214 -0.237435
2.18934 -0.583591 -0.267589
2.23012 -0.597569 -0.330168
2.25994 -0.607218 -0.312921
2.30442 -0.622305 -0.327043
2.35132 -0.639204 -0.345848
2.39828 -0.656097 -0.345276
2.445 -0.671974 -0.32761
2.4859 -0.686885 -0.349617
2.53271 -0.703617 -0.343272
2.57979 -0.720332 -0.341163
2.62747 -0.735125 -0.300801
2.6669 -0.748819 -0.334308
2.71348 -0.764345 -0.321773
2.75973 -0.780405 -0.334164
2.80426 -0.793943 -0.295198
2.84838 -0.808677 -0.322284
2.8951 -0.822756 -0.292681
2.94035 -0.834922 -0.262654
2.98232 -0.845096 -0.237783
3.02732 -0.857101 -0.260751
3.06204 -0.866247 -0.257519
3.1071 -0.877537 -0.245546
3.15045 -0.886864 -0.211922
3.17322 -0.892259 -0.232585
3.21052 -0.901806 -0.250571
3.25136 -0.912097 -0.246889
3.29934 -0.923629 -0.235864
3.34234 -0.934333 -0.24399
3.38507 -0.944571 -0.235129
3.4335 -0.956164 -0.234953
3.47503 -0.966688 -0.24819
3.51653 -0.976741 -0.237675
3.54536 -0.984418 -0.260264
3.58942 -0.998672 -0.312863
3.62668 -1.01199 -0.343227
3.66897 -1.02718 -0.344969
3.70722 -1.04039 -0.332352
3.75347 -1.05651 -0.335561
3.79364 -1.06974 -0.317953
3.83955 -1.08648 -0.349628
3.88256 -1.10146 -0.335307
3.9118 -1.11216 -0.350765
3.94385 -1.12367 -0.344705
3.97803 -1.13496 -0.318919
4.00631 -1.14495 -0.339706
4.04341 -1.15665 -0.305388
4.08398 -1.17027 -0.32392
4.12226 -1.18087 -0.270127
4.14799 -1.18796 -0.269068
4.17254 -1.19311 -0.206851
4.19764 -1.19916 -0.236315
4.23987 -1.21089 -0.270941
4.27188 -1.21868 -0.238765
4.29741 -1.22456 -0.226524
4.30887 -1.2268 -0.193203
4.3164 -1.22857 -0.229763
4.31095 -1.22699 -0.281327
4.31278 -1.2276 -0.319668
4.33111 -1.23379 -0.325695
4.35276 -1.24077 -0.312133
4.37079 -1.24684 -0.324739
4.38525 -1.25222 -0.355841
4.40462 -1.25942 -0.355769
4.41387 -1.26273 -0.344255
4.44144 -1.27299 -0.356103
4.46581 -1.28272 -0.379816
4.48929 -1.29279 -0.405457
4.50982 -1.30255 -0.443428
4.53217 -1.31216 -0.406372
4.55143 -1.31981 -0.37803
4.55486 -1.32115 -0.372316
4.56876 -1.32626 -0.351838
4.58994 -1.33422 -0.35953
4.60078 -1.33829 -0.359591
4.61948 -1.34539 -0.362598
4.62366 -1.3467 -0.304171
4.62465 -1.34694 -0.241721
4.63792 -1.34966 -0.202187
4.64059 -1.35018 -0.192599
4.65356 -1.35276 -0.19591
4.66806 -1.35539 -0.179542
4.6839 -1.35832 -0.183012
4.70545 -1.36227 -0.181397
4.73406 -1.36803 -0.198485
4.74871 -1.37082 -0.188326
4.75905 -1.37259 -0.169757
4.77986 -1.37532 -0.130685
4.80558 -1.37755 -0.0862335
4.83194 -1.37984 -0.0866383
4.85251 -1.38169 -0.0897195
4.8807 -1.38337 -0.0595485
4.91205 -1.38634 -0.0943698
4.9372 -1.38835 -0.0798961
4.95855 -1.39058 -0.103824
4.98923 -1.3945 -0.12724
5.01107 -1.39774 -0.14704
5.02694 -1.40035 -0.163112
5.03847 -1.40237 -0.174014
5.04881 -1.40457 -0.209253
5.06031 -1.40712 -0.218275
5.05886 -1.40686 -0.178093
5.07036 -1.40857 -0.147791
5.08339 -1.41 -0.109327
5.08575 -1.41032 -0.13424
5.09675 -1.41145 -0.102397
5.11263 -1.41275 -0.0816343
5.13095 -1.4143 -0.0843897
5.14055 -1.41509 -0.082097
5.14593 -1.41543 -0.0634563
5.1577 -1.41573 -0.0257353
5.16406 -1.41633 -0.0940661
5.17208 -1.41685 -0.0639771
5.17645 -1.41714 -0.0659807
5.18763 -1.41783 -0.0617437
5.19086 -1.41807 -0.0748514
5.19534 -1.41836 -0.0646726
5.20277 -1.41924 -0.117885
5.2112 -1.42088 -0.191576
5.21148 -1.42094 -0.223307
5.21369 -1.42154 -0.265736
5.21161 -1.42095 -0.278809
5.22601 -1.4247 -0.255091
True
0.256742
