-5.45548 0.101798 -0.110412
-5.40703 0.09607 -0.117673
-5.35723 0.0916602 -0.0883237
-5.30985 0.0854637 -0.130057
-5.26105 0.0779555 -0.152648
-5.21351 0.0715916 -0.133062
-5.16732 0.0654621 -0.131951
-5.12784 0.0603845 -0.127889
-5.07876 0.0544825 -0.11968
-5.03128 0.0484738 -0.125896
-4.98441 0.0410261 -0.157567
-4.93487 0.0342708 -0.135533
-4.88605 0.0270798 -0.146251
-4.84433 0.019749 -0.173929
-4.79885 0.0114648 -0.180166
-4.75211 0.00173018 -0.205345
-4.70314 -0.00757565 -0.187806
-4.65614 -0.0181781 -0.221836
-4.60804 -0.0261054 -0.163346
-4.55902 -0.033174 -0.143216
-4.51033 -0.0424075 -0.187421
-4.47452 -0.0489857 -0.181661
-4.428 -0.0557776 -0.144978
-4.3787 -0.0637614 -0.160541
-4.33485 -0.0713501 -0.171382
-4.28941 -0.0783281 -0.152354
-4.2453 -0.0841008 -0.130128
-4.19987 -0.0889725 -0.106843
-4.15276 -0.0945201 -0.11722
-4.11247 -0.0985668 -0.100091
-4.06709 -0.10393 -0.117658
-4.01762 -0.110957 -0.141105
-3.96821 -0.116126 -0.104218
-3.92236 -0.120416 -0.093306
-3.87941 -0.124644 -0.0981154
-3.8379 -0.127311 -0.0641547
-3.79737 -0.129464 -0.0530669
-3.74743 -0.1311 -0.0327536
-3.6985 -0.133803 -0.0551869
-3.65395 -0.134019 -0.00485099
-3.60397 -0.135089 -0.0214
-3.56367 -0.133461 0.0403874
-3.52072 -0.131762 0.0395205
-3.47072 -0.131503 0.00518537
-3.42072 -0.131674 -0.00342502
-3.37243 -0.131237 0.00905444
-3.33653 -0.131836 -0.0166763
-3.29111 -0.13278 -0.0207784
-3.24303 -0.133578 -0.0166029
-3.19844 -0.132799 0.0174724
-3.15873 -0.131576 0.030795
-3.1096 -0.130713 0.0175577
-3.06168 -0.13033 0.00798977
-3.02265 -0.129454 0.0224475
-2.97787 -0.130337 -0.0197233
-2.92838 -0.130523 -0.0037496
-2.87961 -0.130513 0.000196755
-2.82971 -0.131253 -0.0148236
-2.78614 -0.132429 -0.0269915
-2.74445 -0.131657 0.0185183
-2.69478 -0.133044 -0.0279213
-2.65428 -0.131751 0.0319162
-2.60467 -0.129075 0.0538862
-2.55518 -0.126581 0.0503639
-2.51008 -0.122912 0.0811519
-2.46299 -0.119336 0.0758162
-2.41597 -0.116448 0.0613346
-2.36757 -0.115515 0.0192825
-2.3216 -0.114795 0.0156482
-2.27504 -0.115297 -0.010779
-2.22957 -0.113926 0.0301519
-2.18335 -0.112815 0.0240352
-2.136 -0.113513 -0.0147444
-2.08631 -0.113835 -0.00647637
-2.03636 -0.114091 -0.00513925
-1.98694 -0.113667 0.00858295
-1.93754 -0.113836 -0.00341771
-1.90114 -0.115099 -0.0346717
-1.85786 -0.114462 0.0147205
-1.8162 -0.113727 0.0176365
-1.76847 -0.112942 0.016449
-1.71995 -0.112055 0.0182687
-1.67383 -0.110468 0.0343958
-1.62709 -0.108605 0.0398371
-1.58384 -0.108399 0.00476891
-1.53583 -0.107746 0.0136079
-1.48643 -0.109457 -0.0346388
-1.43655 -0.111271 -0.0363552
-1.38682 -0.114606 -0.0669367
-1.34209 -0.11892 -0.0961519
-1.29395 -0.122421 -0.0726093
-1.2456 -0.126139 -0.0767439
-1.20646 -0.128001 -0.047541
-1.16332 -0.130487 -0.0575461
-1.12432 -0.130955 -0.0120205
-1.07997 -0.133705 -0.0619152
-1.0338 -0.13583 -0.0460008
-0.985121 -0.137782 -0.0400855
-0.935749 -0.13906 -0.0258618
-0.887337 -0.139593 -0.0110112
-0.837618 -0.141877 -0.0459209
-0.791609 -0.143218 -0.0291343
-0.744278 -0.144447 -0.0259566
-0.694647 -0.145097 -0.0131001
-0.645515 -0.1468 -0.034639
-0.604352 -0.14752 -0.0174957
-0.567751 -0.148493 -0.0265717
-0.518306 -0.149529 -0.020953
-0.468445 -0.150838 -0.0262532
-0.423624 -0.153692 -0.0635841
-0.381827 -0.156558 -0.0684596
-0.332246 -0.159928 -0.0678719
-0.284003 -0.163781 -0.0796862
-0.23479 -0.167611 -0.0776799
-0.185183 -0.173198 -0.112145
-0.138244 -0.177489 -0.0911608
-0.0893035 -0.182135 -0.0946518
-0.0413053 -0.1875 -0.111321
0.00599806 -0.19119 -0.0778334
0.054611 -0.193802 -0.0536932
0.104418 -0.194683 -0.0176879
0.152712 -0.197222 -0.0525282
0.202257 -0.200621 -0.0684812
0.249036 -0.206897 -0.133383
0.298587 -0.213579 -0.134033
0.347113 -0.219789 -0.127285
0.394454 -0.226345 -0.137598
0.434127 -0.231947 -0.140285
0.48167 -0.239368 -0.154833
0.52795 -0.245783 -0.137739
0.577326 -0.252003 -0.125306
0.624469 -0.25927 -0.15295
0.673502 -0.268847 -0.192898
0.722899 -0.276536 -0.154419
0.769889 -0.283811 -0.153605
0.811989 -0.291273 -0.175402
0.854401 -0.299039 -0.181114
0.901722 -0.310481 -0.237244
0.948715 -0.320755 -0.21523
0.996224 -0.333163 -0.255484
1.03972 -0.346828 -0.304384
1.08613 -0.362602 -0.327648
1.13078 -0.377035 -0.312635
1.1781 -0.393182 -0.328846
1.22238 -0.405905 -0.279763
1.25956 -0.415106 -0.242632
1.3079 -0.427842 -0.257606
1.35169 -0.438554 -0.239906
1.39788 -0.449904 -0.240977
1.44443 -0.462923 -0.272691
1.48519 -0.473444 -0.252613
1.52765 -0.485391 -0.27428
1.56231 -0.494446 -0.255557
1.60625 -0.503079 -0.194009
1.65309 -0.511998 -0.188159
1.6987 -0.521379 -0.202848
1.74461 -0.527364 -0.129624
1.79283 -0.532652 -0.109221
1.84243 -0.538733 -0.122004
1.87841 -0.542287 -0.0984482
1.9214 -0.548496 -0.143447
1.9617 -0.552516 -0.0994266
2.01147 -0.556893 -0.0877191
2.06107 -0.560263 -0.0678175
2.10405 -0.562516 -0.0523861
2.14425 -0.56412 -0.039881
2.19376 -0.570612 -0.13038
2.24031 -0.576832 -0.132828
2.27489 -0.581301 -0.128549
2.32454 -0.58632 -0.100733
2.37412 -0.592748 -0.12892
2.4237 -0.599172 -0.128851
2.47211 -0.605676 -0.133574
2.52079 -0.610981 -0.108543
2.56911 -0.617591 -0.135949
2.60956 -0.622904 -0.130602
2.65905 -0.629361 -0.129746
2.70828 -0.635659 -0.127245
2.75752 -0.643922 -0.166233
2.80686 -0.652044 -0.163172
2.84863 -0.658979 -0.164528
2.88588 -0.66453 -0.147928
2.92859 -0.670519 -0.139313
2.97311 -0.678116 -0.169012
3.0222 -0.687623 -0.191298
3.06576 -0.696015 -0.190343
3.10666 -0.703562 -0.182446
3.15269 -0.710231 -0.143873
3.19441 -0.719579 -0.220455
3.24093 -0.73027 -0.225903
3.28606 -0.742235 -0.259154
3.32085 -0.748437 -0.176404
3.3702 -0.756416 -0.160286
3.41663 -0.763062 -0.142182
3.45411 -0.769392 -0.167295
3.47804 -0.773882 -0.185492
3.52183 -0.781752 -0.177814
3.5697 -0.793257 -0.235909
3.60836 -0.799147 -0.151151
3.65201 -0.804781 -0.128366
3.67879 -0.807259 -0.0922893
3.71961 -0.810106 -0.069609
3.74407 -0.812866 -0.112384
3.77124 -0.814801 -0.0710815
3.78208 -0.814969 -0.015548
3.81865 -0.815886 -0.0250819
3.82792 -0.81587 0.0017585
3.84931 -0.816344 -0.0221571
3.8758 -0.81593 0.0156289
3.89915 -0.813819 0.0901675
3.93453 -0.810456 0.0947542
3.95764 -0.809193 0.0546261
3.99047 -0.808758 0.0132621
4.0097 -0.808191 0.0294748
4.04078 -0.806925 0.0407083
4.06711 -0.804585 0.0886442
4.10283 -0.802429 0.0602765
4.123 -0.802262 0.00827778
4.1353 -0.801978 0.0231335
4.1564 -0.802201 -0.0105639
4.18265 -0.80292 -0.0273881
4.21898 -0.803471 -0.015179
4.25229 -0.804599 -0.0338514
4.29217 -0.804908 -0.00773335
4.3171 -0.804622 0.0114407
4.34158 -0.80415 0.0192846
4.38824 -0.80306 0.0233525
4.42038 -0.805556 -0.077493
4.43215 -0.806409 -0.0723326
4.45923 -0.808589 -0.0803621
4.48824 -0.811936 -0.114829
4.51338 -0.815432 -0.138186
4.53552 -0.817966 -0.113978
4.5587 -0.82073 -0.11865
4.57525 -0.823351 -0.157115
4.60662 -0.828796 -0.171856
4.64012 -0.835573 -0.199622
4.66971 -0.842929 -0.243607
4.69689 -0.849984 -0.254
4.71436 -0.855414 -0.301312
4.72374 -0.858466 -0.314366
4.73431 -0.861526 -0.282028
4.74859 -0.865473 -0.269703
4.75384 -0.866942 -0.272231
4.7651 -0.869995 -0.264958
4.78441 -0.874843 -0.24599
4.79651 -0.877394 -0.207699
4.81163 -0.880443 -0.198956
4.82539 -0.884131 -0.261991
4.84134 -0.889132 -0.303838
4.85294 -0.892447 -0.27831
4.86548 -0.896059 -0.280326
4.88671 -0.90244 -0.29198
4.90204 -0.907059 -0.292788
4.92174 -0.914029 -0.340023
4.94779 -0.923612 -0.352471
4.96851 -0.930843 -0.335796
4.9834 -0.935721 -0.316545
4.98638 -0.936746 -0.331534
5.00297 -0.942572 -0.337674
5.01251 -0.945934 -0.338843
5.02727 -0.951409 -0.355281
5.03787 -0.955154 -0.33955
5.05833 -0.962044 -0.324857
5.06676 -0.965082 -0.345722
5.0719 -0.967039 -0.364092
5.08458 -0.971583 -0.343988
5.09018 -0.973528 -0.334389
5.09538 -0.975089 -0.291734
5.11085 -0.979598 -0.283574
5.11743 -0.981667 -0.304793
5.12684 -0.98504 -0.344001
5.13687 -0.988319 -0.316178
5.13701 -0.988364 -0.306506
5.13663 -0.988225 -0.347823
5.14306 -0.990457 -0.334005
5.14948 -0.99255 -0.31496
5.15233 -0.993459 -0.308916
5.1572 -0.995034 -0.312772
5.16622 -0.998336 -0.351031
5.17691 -1.00242 -0.364821
5.18575 -1.00536 -0.321633
5.189 -1.00643 -0.315584
5.19154 -1.00732 -0.337654
5.19667 -1.00903 -0.322021
5.19893 -1.00977 -0.317654
5.20341 -1.01128 -0.324677
5.21598 -1.01552 -0.325398
True
0.0674751
