-5.45486 -0.649632 0.034175
-5.40486 -0.649174 0.00916368
-5.35496 -0.646097 0.0615831
-5.31198 -0.642152 0.0915198
-5.27208 -0.638609 0.0885525
-5.22231 -0.634042 0.0915234
-5.17418 -0.630298 0.0776353
-5.1249 -0.627068 0.0654443
-5.07896 -0.625684 0.030109
-5.03073 -0.624027 0.0343465
-4.98292 -0.622159 0.0390732
-4.93303 -0.619124 0.0607513
-4.88507 -0.615371 0.0780901
-4.83627 -0.611055 0.0882205
-4.78639 -0.607836 0.0644395
-4.73707 -0.603006 0.0976175
-4.69459 -0.601802 0.0283526
-4.64966 -0.602104 -0.00673702
-4.601 -0.601346 0.0155897
-4.5575 -0.600166 0.0271079
-4.50848 -0.597662 0.0510459
-4.45865 -0.595626 0.040827
-4.41051 -0.594141 0.0308533
-4.36479 -0.593017 0.0245752
-4.31948 -0.593155 -0.0030493
-4.26958 -0.592574 0.0116432
-4.23533 -0.591616 0.0279466
-4.18549 -0.588261 0.0672273
-4.13699 -0.584921 0.068758
-4.08792 -0.580959 0.0805644
-4.04496 -0.578121 0.0659625
-3.99938 -0.575418 0.0592329
-3.95643 -0.573542 0.0436487
-3.91092 -0.570684 0.0627275
-3.86779 -0.566189 0.103843
-3.81904 -0.561117 0.103681
-3.77093 -0.556428 0.0971609
-3.72403 -0.553403 0.0643896
-3.67526 -0.548223 0.105817
-3.63026 -0.543315 0.108629
-3.58032 -0.540999 0.0463433
-3.53041 -0.538884 0.042369
-3.48099 -0.537893 0.0200418
-3.43103 -0.53617 0.0344789
-3.38479 -0.534554 0.0349275
-3.33719 -0.531623 0.0614931
-3.2893 -0.527355 0.0888939
-3.24448 -0.52218 0.114969
-3.19539 -0.51654 0.114377
-3.14619 -0.50872 0.157635
-3.09807 -0.502675 0.124962
-3.05469 -0.497619 0.116032
-3.00535 -0.492577 0.101839
-2.96065 -0.485879 0.148729
-2.9114 -0.478567 0.147392
-2.86203 -0.470916 0.15374
-2.81385 -0.465546 0.111
-2.76814 -0.460506 0.109827
-2.72464 -0.456269 0.0970792
-2.67486 -0.451672 0.0920912
-2.62509 -0.449028 0.0530769
-2.57603 -0.445157 0.078733
-2.53425 -0.442771 0.0570477
-2.48507 -0.437943 0.0978681
-2.43656 -0.430997 0.142215
-2.38679 -0.426266 0.0947649
-2.33829 -0.420607 0.116168
-2.29877 -0.41644 0.105047
-2.25078 -0.411571 0.101128
-2.20088 -0.409161 0.0482609
-2.15396 -0.407223 0.0412587
-2.10552 -0.405522 0.035116
-2.07051 -0.406325 -0.0229309
-2.02344 -0.409419 -0.0656483
-1.97348 -0.409925 -0.0101136
-1.92678 -0.407821 0.0450175
-1.87918 -0.406729 0.0229409
-1.82921 -0.405097 0.0326495
-1.77921 -0.405371 -0.00548463
-1.72923 -0.406137 -0.0153207
-1.6946 -0.406969 -0.0240372
-1.64525 -0.406583 0.00782859
-1.59959 -0.405372 0.0265149
-1.54991 -0.404546 0.0166257
-1.50124 -0.402477 0.0424752
-1.45881 -0.400595 0.0443503
-1.41255 -0.397935 0.0574242
-1.36485 -0.395657 0.0477178
-1.32068 -0.393006 0.0599501
-1.27144 -0.38747 0.111945
-1.22942 -0.382086 0.127464
-1.18279 -0.377009 0.108438
-1.13425 -0.368958 0.164351
-1.08507 -0.360322 0.173854
-1.03751 -0.350962 0.194299
-0.992332 -0.343685 0.15972
-0.942959 -0.337358 0.127455
-0.902265 -0.332994 0.106817
-0.852781 -0.326275 0.134953
-0.809131 -0.320351 0.134902
-0.765879 -0.314681 0.130342
-0.716543 -0.308394 0.126751
-0.669639 -0.303745 0.0987924
-0.620113 -0.299934 0.0768027
-0.570776 -0.296896 0.0614947
-0.531657 -0.296884 0.000318538
-0.482085 -0.294385 0.0503532
-0.44918 -0.293192 0.0362569
-0.399364 -0.290173 0.0605344
-0.355599 -0.287045 0.0713316
-0.306481 -0.28294 0.0833801
-0.256671 -0.278722 0.0844816
-0.207316 -0.273835 0.0986991
-0.159393 -0.269162 0.0971979
-0.128221 -0.268649 0.0164669
-0.0910534 -0.267847 0.0215735
-0.0413671 -0.267296 0.011086
0.0031456 -0.26662 0.0151907
0.0530431 -0.266346 0.00548411
0.0933876 -0.26458 0.0437632
0.143371 -0.263544 0.0207071
0.188921 -0.262888 0.0144107
0.238768 -0.260747 0.042921
0.282748 -0.261383 -0.0144587
0.331822 -0.262126 -0.0151365
0.381813 -0.262908 -0.0156413
0.4318 -0.262944 -0.000715584
0.47769 -0.262963 -0.00041227
0.521216 -0.261842 0.0257323
0.568989 -0.259406 0.050966
0.614609 -0.255891 0.0768951
0.661138 -0.256516 -0.0134296
0.706575 -0.254943 0.0346047
0.756481 -0.252052 0.0578578
0.800527 -0.249267 0.0631414
0.838521 -0.246534 0.0718213
0.876506 -0.245362 0.0308351
0.925225 -0.242143 0.0659674
0.974798 -0.240734 0.0284143
1.02334 -0.240653 0.00166762
1.07137 -0.240004 0.0135102
1.12064 -0.236476 0.0715008
1.17059 -0.234309 0.043356
1.20754 -0.232306 0.054164
1.25474 -0.229439 0.0606641
1.30355 -0.22619 0.0664409
1.34142 -0.222449 0.0984851
1.38149 -0.219348 0.0772413
1.42501 -0.21655 0.0642049
1.46344 -0.214799 0.0455263
1.51279 -0.213922 0.0177652
1.56219 -0.212789 0.0229321
1.60658 -0.21208 0.015977
1.65507 -0.211611 0.00967497
1.70505 -0.21279 -0.0235915
1.75176 -0.214246 -0.0311697
1.80148 -0.214527 -0.0056393
1.8499 -0.214242 0.00588316
1.8964 -0.215688 -0.0310929
1.94587 -0.216031 -0.00692875
1.98813 -0.216193 -0.00382701
2.03768 -0.215526 0.0134519
2.08555 -0.215449 0.00160306
2.12545 -0.214268 0.0296061
2.17543 -0.215508 -0.0248141
2.2254 -0.217058 -0.0310061
2.27379 -0.219093 -0.0420239
2.32053 -0.219904 -0.0173542
2.36692 -0.220936 -0.0222498
2.41134 -0.220736 0.0045124
2.46101 -0.219103 0.0328638
2.50994 -0.220413 -0.0267675
2.55702 -0.220674 -0.0055481
2.60345 -0.219387 0.0277076
2.64392 -0.219417 -0.000724779
2.69242 -0.218051 0.0281505
2.72716 -0.217458 0.0170626
2.777 -0.21414 0.066465
2.82195 -0.211933 0.0490656
2.86766 -0.208073 0.0842619
2.91697 -0.203047 0.101575
2.96674 -0.198838 0.0843599
3.01513 -0.194865 0.0819093
3.05771 -0.191576 0.0770992
3.10742 -0.191174 0.00807284
3.15647 -0.18898 0.0447247
3.19816 -0.188212 0.0183975
3.24792 -0.188227 -0.000301266
3.2952 -0.187605 0.01316
3.34502 -0.188443 -0.0168252
3.38497 -0.187008 0.0359032
3.43484 -0.184678 0.0466935
3.47145 -0.181095 0.0975536
3.52113 -0.176619 0.0898542
3.56191 -0.172352 0.104261
3.60487 -0.167115 0.121304
3.64467 -0.160753 0.158501
3.68426 -0.15435 0.160348
3.70377 -0.152289 0.105242
3.74109 -0.148233 0.108244
3.76722 -0.144648 0.136382
3.79144 -0.142776 0.0771397
3.82209 -0.140718 0.0670459
3.86484 -0.138433 0.0534006
3.88597 -0.136309 0.100155
3.91891 -0.134349 0.0594189
3.95624 -0.133147 0.0322079
3.97835 -0.131354 0.0809076
3.98801 -0.130985 0.0382035
3.99834 -0.130668 0.0306512
4.02137 -0.129568 0.0477203
4.05018 -0.128406 0.0403302
4.084 -0.125327 0.0907798
4.1027 -0.124273 0.0563227
4.11222 -0.124048 0.0235595
4.12529 -0.123672 0.0288146
4.13218 -0.123449 0.0323052
4.14701 -0.123182 0.0179856
4.15907 -0.121882 0.107374
4.16854 -0.120603 0.13432
4.17811 -0.119152 0.150423
4.2087 -0.113551 0.181094
4.21968 -0.112496 0.0957202
4.22118 -0.112429 0.0447586
4.23316 -0.112514 -0.00708467
4.24683 -0.113023 -0.0372128
4.27937 -0.114008 -0.0302626
4.30578 -0.11613 -0.0801881
4.34689 -0.11996 -0.0929026
4.39458 -0.122301 -0.0490502
4.43351 -0.123751 -0.0372125
4.47367 -0.123091 0.0164227
4.51364 -0.122336 0.0188904
4.54347 -0.122307 0.000971589
4.56558 -0.121887 0.0189815
4.60521 -0.122015 -0.00321064
4.63208 -0.121658 0.0132797
4.65426 -0.121527 0.00587941
4.67147 -0.121483 0.00259582
4.67531 -0.12159 -0.027957
4.68057 -0.121703 -0.0213709
4.68989 -0.121876 -0.0186382
4.69527 -0.121913 -0.00674192
4.70829 -0.121763 0.0114838
4.73069 -0.121195 0.0253648
4.74402 -0.121257 -0.00464269
4.7629 -0.122161 -0.0478485
4.78401 -0.123072 -0.0431453
4.81611 -0.12357 -0.0155055
4.85447 -0.124278 -0.018458
4.90239 -0.124994 -0.0149368
4.93394 -0.123517 0.0467502
4.95675 -0.122604 0.0400311
4.97964 -0.121483 0.0489305
4.99285 -0.120549 0.0705964
4.99308 -0.120533 0.0683039
5.00662 -0.119634 0.0663009
5.01661 -0.118654 0.0977254
5.02837 -0.117051 0.135566
5.04466 -0.1153 0.107096
5.0566 -0.113816 0.123569
5.06946 -0.112343 0.114001
5.0831 -0.110956 0.101435
5.09016 -0.110309 0.0913089
5.10322 -0.109043 0.0966711
5.10894 -0.10852 0.09123
5.11433 -0.108066 0.0838614
5.1219 -0.107567 0.0658549
5.1323 -0.106873 0.0665875
5.14777 -0.106354 0.033579
5.16438 -0.105852 0.0301651
5.16658 -0.105793 0.0268551
5.16793 -0.10574 0.0392282
5.17407 -0.105566 0.02834
5.17449 -0.105526 0.0973419
5.18478 -0.104332 0.115409
5.19957 -0.101063 0.217583
5.20533 -0.099364 0.286913
True
0.0632274
