-5.48353 -0.447465 0.0905728
-5.48146 -0.447189 0.132443
-5.45348 -0.442317 0.172387
-5.40613 -0.434558 0.162429
-5.36041 -0.428163 0.138966
-5.313 -0.424208 0.083232
-5.28078 -0.421462 0.0850231
-5.23185 -0.418399 0.0625055
-5.18238 -0.415091 0.066774
-5.13303 -0.412833 0.045735
-5.08331 -0.408797 0.0809919
-5.03347 -0.404869 0.078651
-4.98554 -0.403805 0.0222065
-4.93678 -0.402272 0.0314182
-4.88688 -0.399489 0.0557213
-4.83691 -0.39811 0.0275924
-4.79535 -0.397271 0.0201877
-4.74598 -0.394529 0.0554777
-4.6963 -0.390907 0.0727684
-4.64904 -0.387156 0.0792067
-4.60694 -0.381433 0.135126
-4.55825 -0.375267 0.125946
-4.50858 -0.369533 0.114952
-4.47425 -0.364433 0.147465
-4.42953 -0.358335 0.135502
-4.38419 -0.353345 0.109621
-4.33508 -0.348549 0.097353
-4.2891 -0.344501 0.0878211
-4.24021 -0.34096 0.0722978
-4.19038 -0.339173 0.0358542
-4.14053 -0.33528 0.0779328
-4.0918 -0.331875 0.0697585
-4.04898 -0.32905 0.0658605
-4.00008 -0.325994 0.06243
-3.96152 -0.322036 0.102283
-3.91458 -0.31623 0.123065
-3.86575 -0.312349 0.0793092
-3.82935 -0.311943 0.0111626
-3.77954 -0.310575 0.0274504
-3.73211 -0.309423 0.024288
-3.69272 -0.30922 0.00515823
-3.64341 -0.309131 0.00180159
-3.59347 -0.306904 0.044567
-3.55542 -0.304585 0.060867
-3.51245 -0.300519 0.0943363
-3.46869 -0.297134 0.0772124
-3.41936 -0.289452 0.154481
-3.37366 -0.280701 0.189194
-3.32461 -0.275247 0.110725
-3.27502 -0.269641 0.112596
-3.23874 -0.266823 0.0774934
-3.19872 -0.262466 0.108442
-3.15173 -0.25582 0.140531
-3.10198 -0.250991 0.0967405
-3.05722 -0.246063 0.109685
-3.00761 -0.240367 0.114306
-2.95798 -0.234489 0.117886
-2.92988 -0.231814 0.094883
-2.88914 -0.226741 0.123889
-2.84429 -0.222317 0.098332
-2.8097 -0.219097 0.0928378
-2.76113 -0.213607 0.112524
-2.71195 -0.20881 0.0972601
-2.6657 -0.203436 0.115668
-2.61864 -0.19997 0.073515
-2.57008 -0.192862 0.145332
-2.52061 -0.186144 0.134961
-2.4727 -0.179529 0.137219
-2.42374 -0.172391 0.144771
-2.3772 -0.167098 0.113239
-2.32984 -0.160331 0.141938
-2.28042 -0.154028 0.126854
-2.23223 -0.149699 0.0895923
-2.19004 -0.146997 0.0639681
-2.14334 -0.144306 0.0575594
-2.09425 -0.140784 0.0716174
-2.04779 -0.136498 0.0919779
-2.00314 -0.132857 0.0813744
-1.95605 -0.126777 0.128392
-1.91049 -0.121522 0.11483
-1.86435 -0.117886 0.0786566
-1.82511 -0.113235 0.117977
-1.7754 -0.107892 0.107071
-1.72588 -0.102023 0.117973
-1.6813 -0.0957038 0.140788
-1.63394 -0.0894696 0.1309
-1.58819 -0.08367 0.126076
-1.5496 -0.0793762 0.110806
-1.50086 -0.0728819 0.132473
-1.45932 -0.0674588 0.129817
-1.41125 -0.0612239 0.128993
-1.36973 -0.0553178 0.141302
-1.32654 -0.0500558 0.121216
-1.27815 -0.0421903 0.161149
-1.23951 -0.0377074 0.115498
-1.19121 -0.0327902 0.101448
-1.14198 -0.02668 0.123487
-1.0924 -0.0204879 0.124263
-1.04313 -0.012963 0.15156
-0.995835 -0.00597017 0.14678
-0.97585 -0.00321149 0.137166
-0.93613 0.00342329 0.165513
-0.886982 0.0112147 0.157223
-0.841256 0.0171783 0.129687
-0.792271 0.0230405 0.119107
-0.751431 0.0263388 0.0805851
-0.701798 0.0312117 0.0978652
-0.652089 0.0361377 0.0987754
-0.602289 0.0398297 0.0740005
-0.552906 0.0452452 0.109229
-0.503126 0.0484868 0.0650257
-0.454207 0.0505089 0.0413129
-0.404494 0.0524618 0.039263
-0.3572 0.0526605 0.00420043
-0.309097 0.0531119 0.0093837
-0.259117 0.0522292 -0.0176581
-0.217683 0.0529658 0.0177744
-0.168862 0.0523596 -0.0124156
-0.118882 0.0535746 0.024304
-0.0699139 0.0539994 0.00867505
-0.0199298 0.0539935 -0.000117743
0.0211767 0.0533926 -0.0146157
0.0710804 0.05141 -0.0397076
0.117325 0.0493214 -0.0451333
0.167224 0.0473088 -0.0403135
0.209371 0.0443286 -0.0705909
0.257941 0.0421253 -0.0453315
0.300251 0.0381695 -0.0932245
0.338005 0.0352175 -0.0780322
0.385386 0.0339849 -0.0260074
0.435375 0.0336518 -0.00666464
0.485013 0.0340269 0.00755746
0.530177 0.033365 -0.0146535
0.576452 0.0326805 -0.0147922
0.620492 0.0317372 -0.0214169
0.670012 0.0301645 -0.0317472
0.717586 0.0302894 0.00262606
0.758128 0.0300247 -0.00653047
0.805734 0.0306056 0.012202
0.849226 0.030732 0.00290577
0.8926 0.0329579 0.0512739
0.941525 0.0373232 0.0889894
0.991295 0.0413245 0.0802222
1.04018 0.0475668 0.127003
1.08216 0.0514216 0.0915788
1.13212 0.0532649 0.0368767
1.1767 0.0553181 0.0460244
1.21666 0.0576203 0.0575548
1.26662 0.0586562 0.0207278
1.31653 0.0603805 0.0345353
1.36199 0.0642109 0.0840575
1.41154 0.0662979 0.0420947
1.46136 0.066444 0.002932
1.49888 0.0682059 0.0469241
1.54882 0.0704516 0.0449418
1.59825 0.0731196 0.0539202
1.64003 0.0765332 0.0815259
1.68968 0.0820737 0.111137
1.73837 0.0902302 0.165974
1.77965 0.0942735 0.0976265
1.822 0.0984872 0.0991761
1.8719 0.101721 0.0647181
1.92175 0.10346 0.0348779
1.97128 0.104123 0.0133783
2.00865 0.103913 -0.00562485
2.0534 0.103175 -0.0164863
2.10089 0.102471 -0.0148293
2.14974 0.103641 0.0239611
2.19954 0.105672 0.0407443
2.24514 0.110688 0.109584
2.29462 0.11605 0.107925
2.34451 0.119353 0.066128
2.39442 0.121883 0.050645
2.44433 0.121587 -0.005931
2.48342 0.122135 0.0140083
2.53336 0.124502 0.0473538
2.57929 0.128636 0.0897866
2.62529 0.131181 0.0552728
2.6751 0.135313 0.0827613
2.7158 0.137835 0.0618934
2.76502 0.141366 0.0716134
2.80384 0.143566 0.0566096
2.85223 0.145235 0.0344689
2.90222 0.146016 0.0156171
2.94769 0.146783 0.0168787
2.99426 0.148413 0.0349884
3.03698 0.151812 0.0793985
3.08435 0.154511 0.0569103
3.13407 0.158899 0.088043
3.17851 0.162551 0.0819942
3.22232 0.166279 0.084881
3.26619 0.169721 0.0782838
3.31594 0.172177 0.0493277
3.36412 0.176078 0.080798
3.41046 0.181482 0.11611
3.45733 0.188046 0.139108
3.49881 0.193987 0.142283
3.52787 0.198035 0.138374
3.54792 0.201051 0.149335
3.58021 0.206174 0.157356
3.60352 0.209832 0.155648
3.63138 0.212964 0.111969
3.65631 0.215634 0.106672
3.693 0.219221 0.0974714
3.73183 0.222637 0.0877284
3.75841 0.224085 0.0544599
3.78264 0.226645 0.105224
3.80195 0.228939 0.118259
3.82982 0.233851 0.17444
3.86465 0.239791 0.168922
3.8881 0.24321 0.144777
3.90446 0.245175 0.119546
3.92149 0.248105 0.170411
3.94765 0.253224 0.193239
3.9679 0.257188 0.193326
4.00049 0.26293 0.174383
4.02973 0.267809 0.165354
4.03769 0.269279 0.182539
4.03852 0.269421 0.169879
4.04479 0.270374 0.150841
4.04544 0.270486 0.16957
4.04924 0.271063 0.150802
4.0734 0.274056 0.123262
4.11167 0.28194 0.20313
4.14117 0.288017 0.203235
4.16958 0.293616 0.194556
4.21746 0.304111 0.215798
4.25417 0.313161 0.241672
4.29383 0.320933 0.193502
4.33728 0.328198 0.165667
4.38288 0.333393 0.113448
4.41226 0.335586 0.0745233
4.45549 0.338854 0.0754398
4.4946 0.341633 0.0709479
4.52955 0.344683 0.0870482
4.56348 0.347083 0.0706088
4.59018 0.348135 0.0393616
4.60156 0.348494 0.031567
4.61896 0.349429 0.0536789
4.63069 0.349537 0.00920122
4.65168 0.348645 -0.0424612
4.66279 0.348174 -0.0423238
4.67663 0.347765 -0.0295533
4.70092 0.348195 0.0176778
4.71919 0.347895 -0.0163852
4.72904 0.347209 -0.0695049
4.75213 0.344243 -0.127797
4.77154 0.341677 -0.131413
4.79299 0.337625 -0.186771
4.81006 0.333153 -0.256206
4.82142 0.329718 -0.293652
4.83285 0.326596 -0.266485
4.85787 0.320764 -0.229005
4.87927 0.315922 -0.222547
4.89919 0.312569 -0.166799
4.91559 0.310151 -0.146347
4.93511 0.307019 -0.159085
4.96129 0.303161 -0.146295
4.97408 0.300949 -0.171349
4.98347 0.299225 -0.181578
4.99102 0.297854 -0.179624
4.99014 0.298008 -0.173218
5.00358 0.295814 -0.16177
5.00882 0.295051 -0.144596
5.02307 0.292632 -0.168111
5.03162 0.291358 -0.147952
5.04339 0.289775 -0.13371
5.05865 0.28859 -0.0774852
5.06355 0.288262 -0.0667624
5.07534 0.287386 -0.0741531
5.08594 0.286893 -0.0464824
5.0994 0.286781 -0.00831665
5.11216 0.287117 0.0263313
5.13171 0.287802 0.0350188
5.13778 0.287822 0.00314318
5.14367 0.287848 0.00441394
5.15859 0.287731 -0.00783553
5.16561 0.287446 -0.0406159
5.17128 0.287361 -0.0149267
5.18379 0.28689 -0.0376522
5.19513 0.286383 -0.0446385
5.19788 0.286231 -0.0553672
5.21063 0.285838 -0.0307789
True
0.0661566
