4.48424 -0.0038291 -2.90329
4.46086 -0.0125286 -2.78539
4.42498 -0.0277612 -2.74006
4.3914 -0.0446525 -2.67558
4.3487 -0.0694086 -2.61619
4.32686 -0.0843168 -2.54265
4.29767 -0.106798 -2.48523
4.2638 -0.135341 -2.44134
4.22897 -0.167956 -2.38896
4.19427 -0.203586 -2.34299
4.16394 -0.239578 -2.27105
4.13615 -0.273441 -2.25802
4.10715 -0.309838 -2.24366
4.0897 -0.334517 -2.1862
4.06507 -0.37211 -2.15075
4.04028 -0.414801 -2.09683
4.02196 -0.448786 -2.06528
4.00316 -0.482914 -2.0743
3.98736 -0.51595 -2.01692
3.97587 -0.54197 -1.98653
3.95912 -0.584838 -1.94343
3.94452 -0.616008 -2.00882
3.92917 -0.654139 -1.95336
3.91553 -0.691205 -1.92356
3.90101 -0.729317 -1.93469
3.88653 -0.772237 -1.89626
3.87036 -0.817768 -1.91195
3.85682 -0.859407 -1.88535
3.83973 -0.903577 -1.93997
3.82558 -0.942004 -1.92355
3.80839 -0.984371 -1.95618
3.79099 -1.02785 -1.95162
3.77324 -1.07424 -1.9361
3.75784 -1.12042 -1.89274
3.7509 -1.13752 -1.9565
3.74839 -1.14402 -1.93901
3.73431 -1.17925 -1.95101
3.71821 -1.22241 -1.92779
3.69911 -1.26582 -1.98529
3.68764 -1.29214 -1.98178
3.67964 -1.31413 -1.91965
3.66608 -1.35121 -1.92133
3.65123 -1.39192 -1.9207
3.63657 -1.43105 -1.92914
3.62595 -1.4623 -1.89843
3.60845 -1.50726 -1.94204
3.5921 -1.54591 -1.97094
3.57152 -1.5914 -1.99569
3.55285 -1.63136 -2.0079
3.53907 -1.65851 -2.04033
3.51846 -1.69919 -2.0397
3.49448 -1.74307 -2.07095
3.47122 -1.78394 -2.0883
3.44641 -1.82688 -2.09467
3.42852 -1.8587 -2.08299
3.40793 -1.89461 -2.09138
3.38596 -1.93429 -2.07653
3.36371 -1.97565 -2.06433
3.3413 -2.02027 -2.03629
3.3281 -2.04768 -2.01934
3.30724 -2.08803 -2.04804
3.28594 -2.12802 -2.06013
3.26388 -2.16374 -2.12404
3.23669 -2.20514 -2.15188
3.21401 -2.2384 -2.16945
3.18738 -2.27433 -2.20861
3.15805 -2.3148 -2.19788
3.12983 -2.35224 -2.21664
3.10979 -2.37877 -2.21778
3.07793 -2.41685 -2.26763
3.0462 -2.45474 -2.26779
3.01484 -2.4902 -2.29503
2.9811 -2.5268 -2.31544
2.95269 -2.5588 -2.29686
2.927 -2.58725 -2.30526
2.89505 -2.62071 -2.33309
2.86585 -2.65204 -2.32114
2.83157 -2.68837 -2.32718
2.80509 -2.71999 -2.26787
2.77534 -2.75698 -2.24823
2.74434 -2.79333 -2.2769
2.7132 -2.82799 -2.30269
2.68051 -2.86387 -2.30981
2.64669 -2.90069 -2.3136
2.61167 -2.93637 -2.34704
2.58182 -2.96394 -2.39559
2.54604 -2.99619 -2.40814
2.513 -3.02611 -2.40568
2.48086 -3.0534 -2.43773
2.4455 -3.08367 -2.4335
2.40569 -3.11379 -2.49393
2.3864 -3.12973 -2.45117
2.36389 -3.1464 -2.50394
2.3303 -3.17259 -2.47939
2.29986 -3.19541 -2.4984
2.26079 -3.22661 -2.4677
2.22859 -3.25028 -2.5076
2.20516 -3.26696 -2.52292
2.17031 -3.29336 -2.49319
2.13102 -3.32343 -2.48845
2.09193 -3.35363 -2.48381
2.05114 -3.38018 -2.5647
2.01459 -3.40597 -2.52699
1.98598 -3.42533 -2.54678
1.94513 -3.45175 -2.56756
1.90575 -3.47736 -2.56479
1.86534 -3.50196 -2.59487
1.82342 -3.5265 -2.61197
1.78946 -3.54469 -2.64989
1.757 -3.56036 -2.6918
1.71748 -3.58178 -2.64488
1.67238 -3.60251 -2.71085
1.62745 -3.62431 -2.68984
1.58099 -3.64277 -2.76333
1.53542 -3.66071 -2.76665
1.4896 -3.6807 -2.73008
1.45205 -3.69451 -2.78927
1.40482 -3.70935 -2.83714
1.36997 -3.72114 -2.81543
1.32191 -3.73491 -2.86258
1.27966 -3.74789 -2.84351
1.24507 -3.75675 -2.89065
1.20732 -3.7683 -2.84476
1.16494 -3.77921 -2.88954
1.12285 -3.79081 -2.87278
1.07473 -3.80306 -2.89231
1.03907 -3.81239 -2.88574
0.991945 -3.82402 -2.89964
0.957916 -3.83171 -2.91916
0.913376 -3.84412 -2.86996
0.867429 -3.85631 -2.8823
0.819986 -3.86879 -2.88426
0.788813 -3.87535 -2.93431
0.749272 -3.88323 -2.94487
0.701091 -3.89156 -2.97043
0.664042 -3.89674 -3.00244
0.614768 -3.90519 -2.97185
0.565261 -3.91212 -3.00252
0.546202 -3.91391 -3.04803
0.523547 -3.91706 -3.0035
0.474217 -3.92281 -3.02552
0.42552 -3.92886 -3.01802
0.376538 -3.93425 -3.03196
0.330152 -3.93919 -3.03558
0.280335 -3.94204 -3.08435
0.231099 -3.94411 -3.09964
0.181134 -3.94548 -3.11418
0.134832 -3.94734 -3.10134
0.0891935 -3.95279 -3.0227
0.0483656 -3.95582 -3.06763
0.0106393 -3.95641 -3.1258
-0.0393067 -3.9584 -3.10192
-0.0783629 -3.96132 -3.06684
-0.122729 -3.9643 -3.07463
-0.172632 -3.96703 -3.08682
-0.222472 -3.9704 -3.07419
-0.272337 -3.97202 -3.109
-0.313195 -3.97266 -3.12608
-0.361458 -3.97036 -3.18925
-0.408218 -3.96733 3.07687
-0.452203 -3.96404 3.06713
-0.499156 -3.96063 3.06901
-0.549008 -3.95712 3.07129
-0.595821 -3.95265 3.04642
-0.630626 -3.94795 3.00734
-0.680405 -3.94347 3.05185
-0.729694 -3.93537 2.97862
-0.778959 -3.92788 2.9907
-0.809054 -3.92217 2.95424
-0.847723 -3.91521 2.96355
-0.88388 -3.90636 2.90141
-0.929244 -3.89603 2.91774
-0.969434 -3.88472 2.86722
-1.01384 -3.87317 2.88715
-1.05628 -3.85928 2.82528
-1.09855 -3.84294 2.77284
-1.14486 -3.82409 2.75497
-1.18977 -3.80511 2.7417
-1.23584 -3.78569 2.74265
-1.28206 -3.76668 2.75149
-1.32771 -3.74694 2.73348
-1.37306 -3.72889 2.76261
-1.41699 -3.70883 2.71333
-1.45586 -3.68891 2.66798
-1.4916 -3.67132 2.68443
-1.53128 -3.65137 2.67564
-1.57307 -3.63118 2.69155
-1.61376 -3.61189 2.69886
-1.65819 -3.58904 2.66661
-1.70076 -3.56511 2.62954
-1.74494 -3.54175 2.65508
-1.77861 -3.5236 2.64721
-1.82264 -3.50004 2.65027
-1.8657 -3.47771 2.66315
-1.90963 -3.45397 2.64624
-1.95358 -3.43199 2.67773
-1.99643 -3.40907 2.65055
-2.03815 -3.38577 2.63212
-2.07193 -3.36618 2.61616
-2.11455 -3.3415 2.61679
-2.14733 -3.32099 2.58248
-2.18771 -3.29577 2.58326
-2.22635 -3.27253 2.60014
-2.26494 -3.24882 2.59063
-2.29617 -3.22999 2.59905
-2.33816 -3.2039 2.58555
-2.37476 -3.18004 2.56395
-2.41438 -3.15484 2.57493
-2.4545 -3.12754 2.54427
-2.49298 -3.10164 2.54918
-2.52368 -3.07971 2.52115
-2.56473 -3.05139 2.53765
-2.60593 -3.02305 2.53919
-2.64338 -2.9981 2.55394
-2.68021 -2.97219 2.52853
-2.71969 -2.94154 2.48126
-2.75707 -2.91153 2.46519
-2.77606 -2.89544 2.43889
-2.80984 -2.86685 2.43908
-2.84487 -2.83982 2.48443
-2.87461 -2.81424 2.4313
-2.90742 -2.78692 2.44722
-2.92673 -2.77129 2.46091
-2.96081 -2.7422 2.43515
-2.9928 -2.715 2.43698
-3.02017 -2.69033 2.40812
-3.04679 -2.66738 2.42995
-3.07798 -2.63904 2.40416
-3.10378 -2.61764 2.44905
-3.13261 -2.59236 2.42173
-3.15492 -2.57386 2.44903
-3.17997 -2.55396 2.47043
-3.21338 -2.52884 2.49688
-3.24084 -2.51152 2.57891
-3.27157 -2.49145 2.5629
-3.30272 -2.47198 2.58312
-3.33763 -2.44869 2.55319
-3.37715 -2.42354 2.57475
-3.40264 -2.40607 2.54082
-3.43489 -2.38298 2.52021
-3.46579 -2.36044 2.51139
-3.49404 -2.3394 2.50151
-3.52179 -2.31786 2.48157
-3.53919 -2.30366 2.45718
-3.56005 -2.28525 2.41842
-3.58354 -2.26502 2.43079
-3.61372 -2.23918 2.43347
-3.63911 -2.21742 2.4329
-3.65919 -2.20098 2.4555
-3.67024 -2.19183 2.45009
-3.6825 -2.1821 2.47108
-3.70419 -2.16506 2.47549
-3.71813 -2.15447 2.4921
-3.73476 -2.14106 2.46275
-3.74463 -2.13291 2.45165
-3.76059 -2.12022 2.46973
-3.77155 -2.11173 2.48222
-3.79676 -2.08986 2.42724
-3.82224 -2.06775 2.42675
-3.8432 -2.05095 2.46601
-3.86337 -2.03559 2.4907
-3.89001 -2.015 2.48378
-3.91065 -1.99982 2.50737
-3.92915 -1.98607 2.50242
-3.95209 -1.96792 2.47224
-3.97032 -1.95292 2.45319
-3.98948 -1.93573 2.41016
-4.01537 -1.91208 2.40132
-4.03192 -1.89629 2.38004
-4.03958 -1.88928 2.4003
-4.04758 -1.88147 2.36822
-4.05485 -1.87393 2.33778
-4.06017 -1.86821 2.31985
-4.07385 -1.85353 2.32091
-4.08875 -1.83783 2.33004
-4.0949 -1.83143 2.33611
-4.09963 -1.82686 2.374
-4.10874 -1.81902 2.43072
-4.11703 -1.81182 2.42653
-4.13073 -1.80104 2.47477
-4.13963 -1.79388 2.4644
-4.15213 -1.78397 2.47125
-4.16023 -1.77779 2.49022
-4.16559 -1.77335 2.44963
-4.15999 -1.77837 2.411
-4.16619 -1.77245 2.37951
-4.16607 -1.77256 2.3857
-4.17205 -1.76688 2.38147
-4.17442 -1.76457 2.36878
-4.18906 -1.75038 2.37181
-4.1931 -1.74672 2.40622
-4.1974 -1.74293 2.41808
-4.20512 -1.73673 2.46495
-4.20758 -1.73473 2.45868
-4.22223 -1.7229 2.46253
-4.2313 -1.71536 2.44804
-4.22963 -1.71693 2.38586
-4.22951 -1.71705 2.37557
-4.23082 -1.71575 2.36208
-4.24339 -1.70191 2.30797
True
0.171661
