-5.48074 1.8666 -0.338864
-5.43372 1.85035 -0.332717
-5.39743 1.83983 -0.28232
-5.35074 1.82541 -0.299534
-5.30375 1.81275 -0.263043
-5.25543 1.7999 -0.259923
-5.20732 1.78821 -0.238426
-5.15911 1.77714 -0.225683
-5.11127 1.76819 -0.184918
-5.06336 1.75909 -0.187831
-5.01776 1.75148 -0.16528
-4.97597 1.7425 -0.211638
-4.92691 1.73285 -0.19421
-4.8785 1.72098 -0.240483
-4.83129 1.71028 -0.222824
-4.78417 1.6994 -0.226969
-4.73674 1.68966 -0.202627
-4.68876 1.67604 -0.276615
-4.64069 1.66257 -0.273085
-4.59668 1.65116 -0.25378
-4.55021 1.64068 -0.221661
-4.50832 1.63164 -0.212616
-4.46122 1.62186 -0.204817
-4.41385 1.60955 -0.254079
-4.37296 1.5985 -0.263949
-4.32512 1.58488 -0.277383
-4.27695 1.57153 -0.270489
-4.23048 1.55825 -0.278297
-4.18331 1.54269 -0.318571
-4.13538 1.52849 -0.288029
-4.08948 1.51456 -0.294764
-4.04401 1.50009 -0.308085
-3.99588 1.48662 -0.272831
-3.94932 1.47376 -0.269471
-3.90322 1.46109 -0.26813
-3.85578 1.4478 -0.273178
-3.80795 1.43423 -0.276467
-3.76105 1.42066 -0.281606
-3.71338 1.407 -0.279182
-3.66488 1.39504 -0.241694
-3.6168 1.3816 -0.272599
-3.56842 1.36912 -0.25243
-3.51957 1.35852 -0.213683
-3.4716 1.3445 -0.284346
-3.43216 1.33161 -0.316027
-3.393 1.32042 -0.278149
-3.34591 1.30813 -0.255457
-3.30041 1.29465 -0.288003
-3.25983 1.28335 -0.27146
-3.2123 1.26981 -0.277533
-3.16325 1.26012 -0.195088
-3.11886 1.25091 -0.204574
-3.06941 1.24372 -0.144422
-3.02659 1.23726 -0.149642
-2.97881 1.22952 -0.160686
-2.93026 1.22111 -0.171487
-2.8822 1.21126 -0.202069
-2.83314 1.20291 -0.168736
-2.79029 1.19456 -0.192315
-2.74503 1.18689 -0.167953
-2.69535 1.18183 -0.101545
-2.64636 1.17529 -0.132641
-2.59797 1.1664 -0.181596
-2.55153 1.15857 -0.167079
-2.50216 1.15075 -0.157074
-2.45379 1.13952 -0.228215
-2.40861 1.12792 -0.251275
-2.36002 1.11711 -0.218832
-2.31146 1.10526 -0.239379
-2.26309 1.09258 -0.256371
-2.21726 1.07991 -0.269754
-2.17041 1.06932 -0.222368
-2.12883 1.0588 -0.247685
-2.09216 1.04953 -0.247786
-2.05362 1.04025 -0.236124
-2.01024 1.02757 -0.284518
-1.96806 1.0158 -0.272084
-1.92005 1.00181 -0.283573
-1.87549 0.990479 -0.248982
-1.82691 0.97868 -0.238213
-1.77847 0.966264 -0.250964
-1.73299 0.955349 -0.235529
-1.68804 0.943901 -0.249349
-1.65525 0.935929 -0.238517
-1.60921 0.925726 -0.218091
-1.56204 0.916827 -0.186466
-1.51778 0.908334 -0.189563
-1.47673 0.900449 -0.18976
-1.42881 0.888548 -0.243457
-1.38221 0.880229 -0.176662
-1.33672 0.870029 -0.220582
-1.28806 0.858618 -0.230353
-1.24347 0.848746 -0.21785
-1.19493 0.837467 -0.228319
-1.146 0.8273 -0.204849
-1.10036 0.817566 -0.210153
-1.05543 0.807692 -0.216334
-1.01349 0.797931 -0.228673
-0.965906 0.787034 -0.225113
-0.921128 0.776249 -0.236355
-0.875574 0.762953 -0.283978
-0.828313 0.752525 -0.217179
-0.787685 0.742865 -0.233429
-0.745797 0.731645 -0.26171
-0.698123 0.71717 -0.294785
-0.660607 0.705391 -0.304226
-0.621874 0.694017 -0.285622
-0.574997 0.677684 -0.335249
-0.528965 0.662709 -0.31453
-0.482391 0.644518 -0.37237
-0.441542 0.628275 -0.37846
-0.406412 0.613003 -0.410077
-0.363304 0.594511 -0.405219
-0.334142 0.583826 -0.35123
-0.288606 0.56526 -0.387143
-0.241791 0.54783 -0.356412
-0.19592 0.528582 -0.397294
-0.161626 0.513898 -0.404581
-0.115162 0.495629 -0.3746
-0.0715785 0.48152 -0.313083
-0.0255158 0.466027 -0.324464
0.0192721 0.452123 -0.301009
0.0674371 0.438703 -0.27173
0.110702 0.424833 -0.310226
0.157763 0.408367 -0.336581
0.204557 0.390935 -0.356601
0.245112 0.375659 -0.360239
0.274995 0.364265 -0.364263
0.313223 0.350348 -0.349151
0.35955 0.334387 -0.331794
0.402329 0.319859 -0.327372
0.448671 0.306502 -0.280617
0.486748 0.295215 -0.28819
0.534204 0.280559 -0.299525
0.578477 0.265008 -0.337812
0.623931 0.249333 -0.332082
0.669194 0.234543 -0.315808
0.716866 0.219655 -0.302711
0.763019 0.204193 -0.323259
0.80946 0.185969 -0.373938
0.85601 0.167853 -0.371155
0.901725 0.149889 -0.374408
0.944338 0.133267 -0.371922
0.977916 0.121742 -0.33062
1.02446 0.103834 -0.367268
1.07029 0.0843182 -0.402601
1.11645 0.0673758 -0.351792
1.16117 0.0513135 -0.344819
1.20434 0.0376889 -0.305725
1.24711 0.0260475 -0.265738
1.29349 0.0144288 -0.245439
1.34167 0.00290955 -0.234709
1.38672 -0.00724017 -0.221607
1.43238 -0.0163299 -0.196465
1.47904 -0.0268489 -0.221743
1.52021 -0.0386553 -0.279275
1.56266 -0.0510707 -0.284569
1.59904 -0.0607467 -0.259968
1.64127 -0.0732318 -0.287445
1.68895 -0.0871081 -0.283181
1.72862 -0.0992843 -0.297785
1.77407 -0.114398 -0.321057
1.82068 -0.129294 -0.309362
1.86798 -0.145404 -0.328269
1.91575 -0.15951 -0.287117
1.96179 -0.172887 -0.282737
2.00567 -0.186032 -0.291086
2.0486 -0.197561 -0.262347
2.09532 -0.209175 -0.243669
2.14176 -0.220905 -0.247423
2.17266 -0.230757 -0.308637
2.20854 -0.241158 -0.282129
2.25596 -0.254599 -0.276186
2.30257 -0.267012 -0.260298
2.34731 -0.277229 -0.224524
2.38965 -0.286917 -0.224937
2.43755 -0.298334 -0.233954
2.48639 -0.306908 -0.173783
2.52525 -0.313732 -0.173818
2.57413 -0.324239 -0.211772
2.62297 -0.334146 -0.200128
2.66294 -0.342422 -0.204181
2.7097 -0.354542 -0.253575
2.75264 -0.365882 -0.258206
2.80081 -0.379053 -0.266891
2.84851 -0.39391 -0.301953
2.89343 -0.404719 -0.236133
2.93545 -0.41367 -0.209873
2.9846 -0.421742 -0.162776
3.02576 -0.428483 -0.16238
3.07467 -0.438096 -0.194058
3.12359 -0.446751 -0.175106
3.16918 -0.453884 -0.155186
3.21215 -0.460093 -0.143502
3.26119 -0.469773 -0.194897
3.28756 -0.475419 -0.210953
3.33353 -0.485956 -0.225282
3.38144 -0.49766 -0.239597
3.42214 -0.506607 -0.216401
3.46787 -0.516977 -0.222995
3.51649 -0.528221 -0.22729
3.56196 -0.538998 -0.232711
3.60916 -0.550237 -0.233772
3.65055 -0.561179 -0.258417
3.68943 -0.568875 -0.195439
3.72372 -0.574713 -0.168622
3.76065 -0.582169 -0.199224
3.79745 -0.590633 -0.226018
3.82285 -0.596959 -0.244124
3.84634 -0.60324 -0.261311
3.85559 -0.605197 -0.208369
3.87399 -0.609862 -0.248338
3.87897 -0.611151 -0.253277
3.89728 -0.616602 -0.289318
3.91915 -0.623447 -0.303351
3.91838 -0.623167 -0.347426
3.93841 -0.629536 -0.307859
3.97417 -0.641741 -0.328851
4.0119 -0.657408 -0.393659
4.04746 -0.671516 -0.377658
4.0711 -0.68083 -0.375266
4.1079 -0.694482 -0.35526
4.14125 -0.705257 -0.312468
4.18113 -0.717286 -0.292958
4.20775 -0.724734 -0.272834
4.23507 -0.732402 -0.273629
4.27662 -0.744165 -0.275882
4.32253 -0.759685 -0.326043
4.36342 -0.771909 -0.290448
4.39779 -0.782091 -0.288008
4.43568 -0.7925 -0.268091
4.47448 -0.801704 -0.232944
4.49431 -0.806536 -0.239049
4.51754 -0.812411 -0.24766
4.5251 -0.813996 -0.206691
4.53552 -0.815786 -0.17011
4.55994 -0.819971 -0.169732
4.57819 -0.824187 -0.227041
4.60573 -0.830594 -0.22859
4.62161 -0.834282 -0.228194
4.63571 -0.838018 -0.258872
4.64675 -0.841261 -0.285704
4.6641 -0.846035 -0.268543
4.68008 -0.849718 -0.226542
4.69517 -0.85305 -0.217311
4.71128 -0.857023 -0.24181
4.71867 -0.858693 -0.222219
4.73797 -0.863803 -0.25886
4.7437 -0.865355 -0.2647
4.74993 -0.866924 -0.246532
4.76218 -0.870343 -0.272172
4.76905 -0.872083 -0.248167
4.77748 -0.87416 -0.241461
4.79072 -0.877211 -0.226483
4.81445 -0.882233 -0.20857
4.83307 -0.885782 -0.188315
4.86955 -0.892234 -0.175073
4.90507 -0.89873 -0.180866
4.94491 -0.905587 -0.170456
4.97368 -0.911605 -0.206225
4.98837 -0.915616 -0.266533
4.99796 -0.918362 -0.278703
5.01258 -0.922711 -0.289171
5.02695 -0.927019 -0.291154
5.03634 -0.929924 -0.300164
5.04267 -0.932172 -0.341144
5.05772 -0.938016 -0.370525
5.06731 -0.941775 -0.373343
5.08175 -0.946356 -0.307299
5.08754 -0.948013 -0.278611
5.09038 -0.948593 -0.201314
5.09171 -0.94885 -0.191721
5.10917 -0.951475 -0.149198
5.1125 -0.952073 -0.177608
5.12663 -0.954871 -0.195548
5.13752 -0.957963 -0.276585
5.14399 -0.960548 -0.379826
5.15124 -0.963934 -0.437032
5.15562 -0.966012 -0.442915
5.16288 -0.969597 -0.45888
5.17104 -0.973655 -0.461353
5.18382 -0.980503 -0.491919
5.1871 -0.982329 -0.508175
5.20364 -0.99226 -0.540706
5.20649 -0.994098 -0.573454
5.21478 -0.999652 -0.59022
True
0.0666568
