-5.4799 -0.828102 0.203504
-5.43862 -0.822015 0.14642
-5.40362 -0.819412 0.074243
-5.36021 -0.813843 0.12757
-5.31421 -0.807491 0.137238
-5.26628 -0.801201 0.130486
-5.21714 -0.795821 0.109043
-5.17283 -0.790118 0.128001
-5.12348 -0.782666 0.149875
-5.08049 -0.77657 0.140848
-5.0345 -0.769248 0.157873
-4.99484 -0.762779 0.161694
-4.94715 -0.757297 0.114459
-4.89768 -0.751726 0.112132
-4.84791 -0.747053 0.0936261
-4.79971 -0.74061 0.132877
-4.7502 -0.736603 0.0807517
-4.70058 -0.730864 0.11517
-4.66037 -0.725866 0.123657
-4.61399 -0.720022 0.125338
-4.56707 -0.71284 0.151884
-4.51849 -0.706874 0.1222
-4.47238 -0.700264 0.14239
-4.42451 -0.693543 0.139475
-4.3764 -0.686814 0.138986
-4.33206 -0.677957 0.197158
-4.28794 -0.669388 0.191839
-4.24945 -0.661895 0.192219
-4.20874 -0.653918 0.193541
-4.15993 -0.643205 0.216044
-4.12373 -0.63449 0.23626
-4.07493 -0.623613 0.219289
-4.02749 -0.612136 0.23739
-3.97876 -0.601086 0.22297
-3.93319 -0.589936 0.239948
-3.89639 -0.58292 0.188423
-3.84981 -0.574064 0.187839
-3.80857 -0.56707 0.168031
-3.76358 -0.561042 0.133162
-3.7163 -0.553134 0.16575
-3.67618 -0.54822 0.121882
-3.62702 -0.541385 0.138145
-3.58752 -0.535283 0.153254
-3.54392 -0.528988 0.143415
-3.49545 -0.523517 0.112397
-3.46313 -0.51878 0.145542
-3.41394 -0.511438 0.14815
-3.37735 -0.505871 0.150977
-3.33911 -0.501114 0.123769
-3.31109 -0.497422 0.131022
-3.26302 -0.491866 0.115052
-3.2176 -0.483671 0.178534
-3.16839 -0.475218 0.170098
-3.11976 -0.466319 0.180985
-3.07078 -0.45814 0.165461
-3.02175 -0.448513 0.193911
-2.97622 -0.441478 0.153294
-2.92798 -0.43267 0.180565
-2.88067 -0.422722 0.207275
-2.83112 -0.416142 0.132001
-2.78425 -0.408482 0.162012
-2.7486 -0.402542 0.16512
-2.70141 -0.396111 0.135449
-2.6538 -0.386951 0.190064
-2.60501 -0.380495 0.131569
-2.56003 -0.374693 0.12828
-2.52116 -0.369891 0.122935
-2.47603 -0.365097 0.105791
-2.42796 -0.360625 0.0927696
-2.37973 -0.353138 0.154027
-2.33354 -0.345143 0.171364
-2.28958 -0.338361 0.153094
-2.24388 -0.331993 0.138439
-2.20149 -0.327168 0.113347
-2.15874 -0.321842 0.12394
-2.11223 -0.31647 0.115002
-2.06249 -0.311513 0.0993137
-2.01307 -0.30895 0.0518324
-1.97086 -0.306579 0.0561058
-1.9219 -0.302871 0.075586
-1.87302 -0.296611 0.127391
-1.83278 -0.290048 0.161652
-1.78481 -0.281359 0.179228
-1.73557 -0.273042 0.167291
-1.69393 -0.265223 0.185616
-1.64699 -0.255485 0.204586
-1.59987 -0.24601 0.198424
-1.55435 -0.237883 0.176676
-1.50868 -0.22854 0.201769
-1.47074 -0.221053 0.194848
-1.42362 -0.210448 0.221396
-1.3776 -0.200387 0.215217
-1.33417 -0.190257 0.229142
-1.28848 -0.178841 0.24484
-1.24474 -0.167757 0.248214
-1.19967 -0.15685 0.237402
-1.16151 -0.14885 0.206687
-1.11437 -0.138014 0.225947
-1.06717 -0.125271 0.263655
-1.02316 -0.114809 0.233385
-0.980525 -0.104987 0.22644
-0.93539 -0.0924534 0.270871
-0.891929 -0.0822201 0.231247
-0.842604 -0.0758916 0.127603
-0.793445 -0.067803 0.16308
-0.757042 -0.0638181 0.109032
-0.711876 -0.0590036 0.106194
-0.662367 -0.0532538 0.115618
-0.613161 -0.0462074 0.142237
-0.576812 -0.0407426 0.149225
-0.528445 -0.0341914 0.134626
-0.481821 -0.0262894 0.16789
-0.44045 -0.0181211 0.194934
-0.392128 -0.00987967 0.168925
-0.348323 -0.00207674 0.176279
-0.302987 0.00567369 0.169319
-0.257334 0.0149001 0.199412
-0.216291 0.0227647 0.189326
-0.172555 0.0306608 0.178615
-0.134062 0.0368594 0.15966
-0.0919139 0.0436592 0.159954
-0.0429039 0.0517465 0.163539
0.00428577 0.0583308 0.138633
0.051575 0.0644999 0.129724
0.098324 0.0728626 0.177011
0.144773 0.0817524 0.189102
0.187829 0.0896955 0.182435
0.236344 0.0984111 0.177749
0.285559 0.107228 0.17726
0.333536 0.118042 0.221701
0.382424 0.127644 0.193936
0.428641 0.138907 0.23905
0.475279 0.149914 0.231759
0.519672 0.163514 0.297279
0.562307 0.174849 0.259846
0.610752 0.186588 0.237742
0.658087 0.198574 0.248006
0.693342 0.207036 0.235567
0.736854 0.218084 0.248649
0.782461 0.22839 0.222229
0.826538 0.237808 0.210527
0.867577 0.248199 0.247985
0.915764 0.258864 0.217811
0.964186 0.269489 0.216002
1.01035 0.278016 0.182646
1.05975 0.285699 0.154281
1.10299 0.293448 0.177341
1.14501 0.301396 0.186953
1.19417 0.310133 0.175889
1.239 0.317361 0.15985
1.28832 0.324025 0.134289
1.33723 0.333543 0.192213
1.36495 0.339961 0.22753
1.41386 0.350186 0.206076
1.46116 0.36148 0.234412
1.50113 0.370728 0.227364
1.54587 0.378801 0.178519
1.59462 0.38921 0.210346
1.6291 0.396036 0.195477
1.66803 0.403664 0.193454
1.71189 0.41452 0.242642
1.75999 0.427827 0.269905
1.80856 0.439561 0.237034
1.85041 0.451054 0.268073
1.89827 0.464964 0.282803
1.94606 0.479593 0.297045
1.99258 0.495168 0.323108
2.03418 0.507438 0.28679
2.07952 0.518068 0.230338
2.12269 0.528823 0.244116
2.16944 0.539683 0.228269
2.20964 0.549265 0.233969
2.25823 0.560875 0.234547
2.30645 0.572747 0.241397
2.35299 0.584503 0.247461
2.39404 0.590534 0.145862
2.4307 0.597819 0.196151
2.47894 0.606841 0.184908
2.52826 0.614768 0.159349
2.56819 0.622496 0.191198
2.61609 0.629588 0.146975
2.65908 0.636363 0.156312
2.70494 0.643383 0.151895
2.75441 0.65047 0.142278
2.79115 0.657243 0.182341
2.83923 0.664813 0.156147
2.88492 0.672681 0.170549
2.92161 0.678628 0.160656
2.96072 0.685117 0.164457
3.00957 0.69429 0.185589
3.05438 0.702528 0.181811
3.10252 0.713927 0.232526
3.15143 0.724319 0.209369
3.20074 0.732548 0.165335
3.24255 0.736754 0.100282
3.28002 0.741686 0.13086
3.32969 0.747346 0.113457
3.37226 0.7547 0.171071
3.42054 0.762985 0.16995
3.45557 0.770148 0.201668
3.50451 0.779644 0.191661
3.54643 0.788075 0.198457
3.58967 0.79607 0.182871
3.61485 0.801489 0.211993
3.62385 0.803572 0.227504
3.62774 0.804357 0.198655
3.65743 0.810793 0.213475
3.70285 0.820125 0.202658
3.74092 0.826598 0.16843
3.78115 0.834081 0.183866
3.81426 0.839994 0.17675
3.8296 0.843668 0.235086
3.85842 0.851809 0.275314
3.89503 0.860707 0.23843
3.93043 0.868968 0.229256
3.97505 0.878378 0.207839
4.01356 0.88459 0.15991
4.04156 0.889221 0.163963
4.07637 0.895691 0.18375
4.11513 0.904073 0.212973
4.13289 0.908599 0.249486
4.14153 0.910705 0.239128
4.1439 0.911325 0.255902
4.17214 0.920636 0.31851
4.18972 0.926593 0.326638
4.19811 0.9296 0.343982
4.21643 0.935683 0.32071
4.25119 0.947219 0.320388
4.26988 0.953486 0.323535
4.28727 0.960045 0.360763
4.29337 0.962743 0.416541
4.30873 0.970054 0.444132
4.33161 0.980897 0.44247
4.34791 0.988797 0.451312
4.37226 1.0002 0.437912
4.38186 1.00467 0.436288
4.40143 1.01288 0.397248
4.43195 1.02629 0.413872
4.45546 1.03627 0.401386
4.48337 1.04748 0.382059
4.51567 1.06148 0.409132
4.53696 1.07061 0.404952
4.54882 1.07564 0.400964
4.56471 1.081 0.325129
4.57811 1.08534 0.313182
4.58694 1.08821 0.314276
4.60684 1.09502 0.330172
4.62739 1.10149 0.304595
4.65216 1.10852 0.276526
4.66057 1.11064 0.247521
4.67454 1.11341 0.195686
4.6803 1.11438 0.16681
4.70605 1.11688 0.0968381
4.73243 1.11919 0.0874226
4.75423 1.12035 0.0532464
4.76425 1.12105 0.0690273
4.76765 1.12133 0.0839111
4.78671 1.12333 0.104422
4.80069 1.12507 0.123587
4.82707 1.12839 0.125152
4.85513 1.13145 0.108743
4.86653 1.13235 0.0788765
4.87926 1.13339 0.0812716
4.90058 1.1361 0.126376
4.91313 1.13758 0.117448
4.93229 1.13962 0.106033
4.93954 1.14051 0.123195
4.95367 1.14194 0.100819
4.96196 1.1429 0.114734
4.96524 1.14319 0.0892177
4.97394 1.14388 0.0784668
4.97417 1.14389 0.0594274
4.98309 1.14429 0.0445635
4.98816 1.14439 0.0192042
4.99331 1.14433 -0.0105657
5.0102 1.14275 -0.093249
5.01848 1.14176 -0.119136
5.03995 1.1393 -0.114192
5.06324 1.13691 -0.101971
5.07447 1.13561 -0.116038
5.08802 1.13375 -0.136305
5.10214 1.13188 -0.131765
5.12283 1.12854 -0.159929
5.12694 1.1279 -0.153504
5.14268 1.12552 -0.150302
5.15329 1.12393 -0.148865
5.16793 1.12207 -0.12619
5.17317 1.12139 -0.128231
5.18453 1.11921 -0.189771
5.20729 1.11328 -0.254927
5.22264 1.10853 -0.300008
True
0.0658516
