-5.46604 1.23436 0.0838508
-5.41631 1.2389 0.0909018
-5.36852 1.2441 0.108413
-5.3192 1.25076 0.134213
-5.28405 1.2537 0.0835879
-5.24084 1.25892 0.120172
-5.19646 1.2652 0.14069
-5.15008 1.27355 0.178078
-5.10066 1.2811 0.151449
-5.055 1.28624 0.112294
-5.01314 1.29216 0.14035
-4.97327 1.2973 0.128292
-4.93311 1.30374 0.158991
-4.89258 1.30943 0.13955
-4.8434 1.31795 0.171454
-4.79531 1.32483 0.142049
-4.752 1.33112 0.144308
-4.70296 1.33833 0.145996
-4.66384 1.34323 0.124512
-4.61408 1.34812 0.0980321
-4.56898 1.35183 0.08205
-4.52799 1.35417 0.0569044
-4.48714 1.35799 0.0933395
-4.43785 1.36245 0.0903173
-4.3932 1.36726 0.107216
-4.36044 1.37096 0.112374
-4.31295 1.37736 0.134008
-4.27218 1.3835 0.149425
-4.22387 1.39066 0.147169
-4.17507 1.3972 0.133294
-4.12899 1.40351 0.135997
-4.08229 1.40845 0.105457
-4.03952 1.41501 0.152076
-3.99172 1.42209 0.147185
-3.94263 1.43159 0.191231
-3.89766 1.44002 0.185095
-3.8553 1.44752 0.175309
-3.8065 1.45599 0.171792
-3.76827 1.46024 0.110937
-3.72035 1.46741 0.148329
-3.6744 1.47302 0.121606
-3.62816 1.47928 0.134648
-3.58481 1.48346 0.0960431
-3.54034 1.49086 0.164905
-3.49251 1.49743 0.136462
-3.44444 1.50584 0.173166
-3.40241 1.51263 0.160146
-3.3549 1.5214 0.182577
-3.30585 1.52788 0.13146
-3.26274 1.53336 0.126339
-3.21865 1.53988 0.146883
-3.17483 1.54569 0.131777
-3.13042 1.55088 0.116358
-3.08851 1.55354 0.0633947
-3.03906 1.5548 0.0253655
-2.98947 1.55991 0.102724
-2.93959 1.56317 0.0653731
-2.89262 1.5657 0.0536459
-2.84435 1.5666 0.0187134
-2.79603 1.56793 0.0274889
-2.7467 1.57153 0.0729705
-2.69897 1.5755 0.0828129
-2.65484 1.57799 0.0563889
-2.61186 1.58015 0.0503561
-2.56496 1.58163 0.0315155
-2.51623 1.58235 0.014708
-2.47554 1.58344 0.0267174
-2.42582 1.58247 -0.0194077
-2.38057 1.58041 -0.0454514
-2.33462 1.57948 -0.0203286
-2.28464 1.57831 -0.0233971
-2.23472 1.57885 0.0107303
-2.18686 1.5809 0.042848
-2.14058 1.58179 0.0192425
-2.0989 1.58205 0.00633943
-2.06426 1.58172 -0.00961637
-2.01432 1.58248 0.0153135
-1.96438 1.58262 0.00277649
-1.92131 1.58227 -0.00829143
-1.87149 1.58176 -0.0102191
-1.8238 1.5837 0.0408271
-1.77834 1.58276 -0.020764
-1.72856 1.58307 0.00616261
-1.67866 1.58593 0.0573654
-1.6289 1.58655 0.0124191
-1.60463 1.58743 0.0362715
-1.55832 1.58973 0.049694
-1.51032 1.59204 0.0480641
-1.46501 1.59482 0.0612453
-1.41746 1.59714 0.048813
-1.36768 1.5981 0.0191644
-1.32237 1.59723 -0.0191948
-1.28285 1.59745 0.00547957
-1.2393 1.59794 0.0114039
-1.19617 1.59905 0.0257028
-1.14961 1.60102 0.0422166
-1.11658 1.60171 0.0209403
-1.07526 1.60284 0.0274427
-1.0342 1.60382 0.0236612
-1.00315 1.60481 0.0319971
-0.978368 1.60579 0.039636
-0.950383 1.60713 0.0475824
-0.915455 1.60865 0.0435244
-0.888799 1.61051 0.0697438
-0.855059 1.61309 0.0764285
-0.817685 1.61785 0.126522
-0.784117 1.62222 0.129569
-0.753468 1.62583 0.117236
-0.718374 1.63112 0.149603
-0.679473 1.6383 0.182609
-0.65045 1.64358 0.179957
-0.622244 1.64863 0.17703
-0.596443 1.65305 0.169631
-0.579565 1.65505 0.117957
-0.566151 1.65625 0.0896087
-0.548478 1.65774 0.0838814
-0.528422 1.65972 0.0983237
-0.502882 1.66175 0.0793954
-0.490385 1.66267 0.0737168
-0.474294 1.6644 0.10706
-0.470358 1.66496 0.141315
-0.456333 1.66712 0.152928
-0.438313 1.6696 0.136531
-0.420778 1.67167 0.117439
-0.402546 1.67322 0.0846361
-0.388527 1.67438 0.0831061
-0.378142 1.67513 0.0720229
-0.364757 1.67607 0.0701109
-0.333397 1.67792 0.0587934
-0.314971 1.67939 0.0798943
-0.297977 1.68193 0.148431
-0.276498 1.68593 0.183858
-0.257109 1.68978 0.196127
-0.229765 1.69497 0.187373
-0.191816 1.70091 0.155395
-0.172462 1.70374 0.145134
-0.148759 1.7071 0.14085
-0.126845 1.71007 0.134868
-0.0958926 1.71485 0.153176
-0.0593061 1.71955 0.127575
-0.025236 1.72465 0.14862
0.013868 1.72936 0.120041
0.0418968 1.73197 0.0928023
0.0585727 1.73386 0.112718
0.0695892 1.73541 0.139793
0.0833412 1.73746 0.148208
0.098372 1.74011 0.174596
0.114934 1.74353 0.203673
0.128092 1.74621 0.20065
0.137265 1.748 0.193082
0.147048 1.74973 0.174518
0.165409 1.75258 0.153916
0.175865 1.75424 0.158054
0.194477 1.75659 0.125423
0.21345 1.75906 0.129335
0.229737 1.76092 0.113607
0.240705 1.76237 0.131674
0.256093 1.76419 0.117823
0.265739 1.76557 0.142137
0.280129 1.76728 0.11826
0.295797 1.76904 0.1116
0.307056 1.77033 0.114192
0.317493 1.7713 0.0930056
0.32727 1.77244 0.115951
0.337331 1.7736 0.115221
0.360378 1.77606 0.106067
0.384213 1.77969 0.151016
0.399358 1.78222 0.166071
0.426245 1.78634 0.151956
0.44621 1.79067 0.213315
0.464703 1.79484 0.222089
0.4679 1.79568 0.257385
0.474866 1.79718 0.212136
0.487922 1.79981 0.198374
0.498888 1.8024 0.231718
0.524989 1.80938 0.261422
0.55283 1.81734 0.278385
0.568322 1.82109 0.237769
0.574129 1.8224 0.222393
0.5791 1.82388 0.288892
0.586992 1.82701 0.377415
0.592022 1.82921 0.412052
0.596623 1.83116 0.402012
0.599646 1.83254 0.427995
0.609917 1.8373 0.433343
0.615219 1.84 0.471422
0.625321 1.84517 0.472951
0.635999 1.85054 0.466059
0.652492 1.85912 0.47982
0.664523 1.86523 0.470137
0.671729 1.86895 0.475631
0.671363 1.86874 0.517412
0.681277 1.87446 0.523482
0.688361 1.87881 0.55059
0.697073 1.88478 0.600899
0.712881 1.89515 0.580551
0.733576 1.90873 0.580784
0.737357 1.91104 0.547122
0.73607 1.91036 0.482418
0.739531 1.91208 0.460459
0.750079 1.91603 0.358472
0.758675 1.91868 0.29911
0.766279 1.92067 0.255756
0.767448 1.92098 0.261389
0.763358 1.91965 0.314068
0.773149 1.92378 0.398667
0.780837 1.92742 0.442402
0.789267 1.93146 0.447322
0.801708 1.93823 0.498262
0.808525 1.94224 0.531702
0.819858 1.9496 0.576105
0.827828 1.95375 0.480155
0.833149 1.95592 0.385913
0.838478 1.95736 0.264849
0.841632 1.95784 0.148923
0.867852 1.95917 0.0508936
0.876481 1.95909 -0.00995982
0.893069 1.957 -0.124881
0.889758 1.95785 -0.249775
0.898443 1.95463 -0.355088
0.910297 1.94869 -0.464256
0.901297 1.95374 -0.511633
0.918232 1.94234 -0.592567
0.909225 1.95024 -0.719558
0.908472 1.95108 -0.844219
0.919183 1.93717 -0.914537
0.925458 1.92892 -0.920598
0.927729 1.92579 -0.94446
0.929437 1.92313 -0.999862
0.936081 1.91088 -1.07364
0.940279 1.9021 -1.12485
0.946549 1.88437 -1.23095
0.950551 1.87082 -1.28357
0.953399 1.85678 -1.37062
0.954107 1.85347 -1.36026
0.957193 1.83542 -1.40142
0.958038 1.82768 -1.46204
0.95874 1.81925 -1.48775
0.959116 1.81449 -1.49195
0.95888 1.81698 -1.47602
0.959342 1.80702 -1.52437
0.959986 1.79359 -1.52288
0.960132 1.76691 -1.56533
0.959771 1.75897 -1.61626
0.959141 1.74959 -1.63786
0.958744 1.74205 -1.62335
0.956938 1.71848 -1.64728
0.956209 1.71096 -1.66749
0.955853 1.70752 -1.67369
0.954495 1.6975 -1.70548
0.952167 1.68592 -1.76925
0.947716 1.66392 -1.77041
0.944877 1.64873 -1.7556
0.942667 1.63767 -1.76793
0.939202 1.62325 -1.80666
0.93658 1.61318 -1.8256
0.933036 1.60059 -1.84524
0.92888 1.5829 -1.80144
0.927704 1.57792 -1.80271
0.926764 1.57382 -1.79615
0.925996 1.57049 -1.79769
0.924456 1.5641 -1.80724
0.923541 1.5596 -1.77154
0.91961 1.53699 -1.7429
0.917505 1.52277 -1.71783
0.915126 1.50793 -1.7297
0.912809 1.4931 -1.7258
0.910848 1.48128 -1.73516
0.909721 1.47332 -1.71156
0.9081 1.45774 -1.67445
0.905284 1.43625 -1.70108
0.903841 1.42334 -1.6821
0.900895 1.40603 -1.73935
0.899315 1.39625 -1.73109
0.898551 1.39182 -1.74134
0.895798 1.37415 -1.72531
0.892665 1.34903 -1.69489
0.891613 1.33749 -1.66169
0.891181 1.3281 -1.61685
0.890864 1.32236 -1.62587
0.890278 1.31392 -1.64014
0.889421 1.30402 -1.65719
0.889204 1.30254 -1.71596
0.888844 1.29912 -1.67585
0.888863 1.29938 -1.64663
0.887955 1.28601 -1.63866
0.887516 1.27437 -1.60849
0.887272 1.26383 -1.59392
0.887206 1.25823 -1.58263
0.887147 1.23781 -1.57369
0.88676 1.22724 -1.60735
0.886714 1.22548 -1.59705
0.88676 1.21828 -1.56434
0.886924 1.21089 -1.54856
0.886922 1.21105 -1.5532
0.886803 1.2053 -1.59142
0.886706 1.20368 -1.6307
0.88566 1.1961 -1.70786
0.884974 1.19128 -1.71218
0.882336 1.17773 -1.76298
0.88045 1.16929 -1.79092
0.879817 1.16626 -1.77634
0.87765 1.15334 -1.73692
0.87602 1.13973 -1.69004
0.875769 1.1366 -1.65078
0.874808 1.12999 -1.71505
0.872771 1.11902 -1.75443
0.872237 1.11685 -1.81249
0.869103 1.10574 -1.84565
0.864583 1.08853 -1.82767
0.859032 1.06516 -1.80407
0.855626 1.05182 -1.82077
0.851729 1.03499 -1.79834
0.846351 1.01701 -1.86137
0.844485 1.0111 -1.87662
0.837386 0.9896 -1.88973
0.834563 0.980335 -1.86657
0.829805 0.96054 -1.80665
0.825311 0.943005 -1.82169
0.819509 0.921133 -1.8301
0.817775 0.914211 -1.81629
0.814255 0.89795 -1.78397
0.812219 0.889508 -1.80748
0.807257 0.869364 -1.81228
0.805552 0.862882 -1.82811
0.796937 0.815651 -1.75122
0.79459 0.769166 -1.62122
0.796775 0.720014 -1.52637
0.803267 0.670967 -1.43922
0.814997 0.625085 -1.32049
0.830138 0.577444 -1.26309
0.848475 0.534477 -1.16742
0.866246 0.497219 -1.12575
0.889945 0.453349 -1.0755
0.906822 0.42815 -0.980656
0.935582 0.387322 -0.957111
0.967192 0.348582 -0.886403
0.997327 0.320119 -0.756877
1.03555 0.287916 -0.700074
1.06987 0.265913 -0.570205
1.11265 0.240272 -0.539916
1.15697 0.217613 -0.472579
1.2007 0.196916 -0.442057
1.2468 0.180205 -0.347825
1.29464 0.166667 -0.275727
1.3434 0.156928 -0.197133
1.38712 0.150032 -0.156468
1.43366 0.14543 -0.0985546
1.47379 0.144203 -0.0305821
1.52127 0.144522 0.00671548
1.56706 0.147545 0.0659268
1.61202 0.152584 0.111612
1.66022 0.158399 0.120057
1.69794 0.165746 0.192361
1.74698 0.175288 0.192181
1.79214 0.184794 0.207483
1.84025 0.197323 0.254753
1.88789 0.212382 0.306185
1.9348 0.228304 0.327184
1.97375 0.243961 0.382196
2.0194 0.261852 0.373513
2.06399 0.280287 0.392069
2.10401 0.299385 0.445243
2.14754 0.321098 0.462707
2.18894 0.34189 0.465421
2.2195 0.358164 0.489367
2.26241 0.382641 0.518314
2.29975 0.400278 0.441317
2.34463 0.422263 0.455479
2.38876 0.443754 0.453172
2.4307 0.464381 0.457104
2.4638 0.479413 0.426343
2.50712 0.502055 0.481633
2.54878 0.524305 0.490473
2.5889 0.544885 0.473987
2.63299 0.566482 0.45545
2.67643 0.586857 0.43862
2.72159 0.607818 0.434511
2.76556 0.630988 0.485044
2.80967 0.653015 0.463083
2.85412 0.674204 0.44483
2.89179 0.694038 0.484674
2.93601 0.717151 0.481647
2.96641 0.731199 0.432825
2.99912 0.746632 0.440813
3.04369 0.768248 0.45158
3.08563 0.789044 0.460389
3.12872 0.812075 0.490816
3.17361 0.834073 0.455643
3.20613 0.850786 0.474742
3.24976 0.8752 0.510182
3.28648 0.895989 0.51513
3.33053 0.919577 0.491624
3.37461 0.941465 0.460909
3.41974 0.962789 0.441387
3.46039 0.982592 0.453302
3.50446 1.0061 0.490062
3.53896 1.02219 0.436327
3.57926 1.04346 0.485706
3.61455 1.06008 0.440156
3.65856 1.08349 0.488878
3.68829 1.09929 0.488434
3.72745 1.11848 0.455502
3.76838 1.14085 0.500248
3.8084 1.16322 0.509734
3.851 1.18755 0.518939
3.87092 1.19829 0.494556
3.8727 1.19926 0.496945
3.882 1.20412 0.48174
3.90245 1.21423 0.45888
3.91303 1.21909 0.431342
3.9359 1.22906 0.410979
3.94707 1.23414 0.426708
3.95951 1.24034 0.462459
3.97469 1.24852 0.494227
3.97936 1.25125 0.529581
3.99462 1.25977 0.509053
4.00168 1.26338 0.472628
4.01893 1.27197 0.462231
4.04051 1.28168 0.422624
4.0656 1.29485 0.48325
4.08445 1.30499 0.493817
4.10754 1.3193 0.554778
4.12082 1.32689 0.519645
4.13595 1.33584 0.53404
4.14685 1.34243 0.543591
4.15475 1.34655 0.480219
4.17762 1.35804 0.465575
4.19693 1.368 0.476114
4.23031 1.38358 0.436937
4.25987 1.39638 0.408468
4.28823 1.40908 0.421004
4.30027 1.41449 0.422572
4.32717 1.42705 0.436766
4.35737 1.44092 0.43062
4.38662 1.45512 0.45179
4.42299 1.47442 0.487899
4.44074 1.48414 0.501031
4.47332 1.50122 0.482851
4.4856 1.50751 0.473336
4.491 1.51027 0.472234
4.50271 1.5164 0.48238
4.51245 1.52158 0.489108
4.52127 1.52669 0.525
4.5462 1.54051 0.505991
4.58415 1.56182 0.511804
4.60974 1.5757 0.49697
4.63533 1.59141 0.55059
4.66133 1.60674 0.532664
4.68233 1.62083 0.59132
4.70374 1.63414 0.555987
4.74253 1.65739 0.539951
4.75942 1.66855 0.583998
4.78399 1.68427 0.569012
4.79428 1.69005 0.511755
4.81134 1.69916 0.490432
4.82749 1.70723 0.463708
4.85159 1.71869 0.443661
4.86549 1.72526 0.441845
4.87548 1.7293 0.384162
4.88732 1.7333 0.325736
4.90053 1.73816 0.352785
4.91031 1.74158 0.336205
4.91729 1.74389 0.320101
4.92822 1.74747 0.316046
4.94661 1.7535 0.317257
4.96942 1.76175 0.346882
4.98389 1.76738 0.370975
5.00494 1.7757 0.376232
5.01687 1.78113 0.427292
5.02061 1.78296 0.456124
5.03114 1.78865 0.495479
5.0322 1.78923 0.493036
5.04516 1.79695 0.537396
5.06272 1.80706 0.522639
5.08616 1.82089 0.533088
5.09243 1.82432 0.500901
5.09869 1.82783 0.510393
5.10833 1.83295 0.488548
5.12091 1.83878 0.433414
5.12914 1.84249 0.423985
5.13311 1.8441 0.384829
5.15597 1.85358 0.393113
5.16461 1.8568 0.356574
5.17159 1.85941 0.35852
5.17956 1.86232 0.349345
5.18337 1.8636 0.324251
5.18715 1.86465 0.272354
5.19982 1.86851 0.295657
5.20288 1.8694 0.280711
5.20873 1.8712 0.29952
5.21982 1.8748 0.313678
True
0.0491585
