-5.48627 -0.556335 -0.109288
-5.43808 -0.560455 -0.0852894
-5.39305 -0.56472 -0.094415
-5.34895 -0.570729 -0.135437
-5.30391 -0.57489 -0.0921295
-5.25525 -0.577539 -0.0543633
-5.21034 -0.581125 -0.0797011
-5.16107 -0.583938 -0.0570258
-5.11639 -0.5861 -0.0483571
-5.06882 -0.587655 -0.0326697
-5.02966 -0.58814 -0.0123964
-4.98087 -0.588587 -0.0091461
-4.93602 -0.592211 -0.0806343
-4.88913 -0.595879 -0.0780775
-4.84949 -0.598986 -0.0782182
-4.80882 -0.601596 -0.0640837
-4.75918 -0.605465 -0.0777786
-4.71251 -0.6093 -0.0820058
-4.66621 -0.614124 -0.103811
-4.61881 -0.618514 -0.0923394
-4.57048 -0.624594 -0.125149
-4.52698 -0.629558 -0.113618
-4.48765 -0.635087 -0.139697
-4.44013 -0.64097 -0.123152
-4.40393 -0.64691 -0.162658
-4.35755 -0.654886 -0.17031
-4.32203 -0.660818 -0.165452
-4.27438 -0.67166 -0.223751
-4.22814 -0.681152 -0.202468
-4.17935 -0.691968 -0.218144
-4.13016 -0.699956 -0.160987
-4.08689 -0.706787 -0.156562
-4.04763 -0.713311 -0.164672
-4.00283 -0.721715 -0.185449
-3.95427 -0.731658 -0.201942
-3.90692 -0.739647 -0.167162
-3.85834 -0.748017 -0.170612
-3.81722 -0.75605 -0.192941
-3.76851 -0.766739 -0.216001
-3.71955 -0.776895 -0.204553
-3.67081 -0.787952 -0.223059
-3.62409 -0.802323 -0.298411
-3.57954 -0.816175 -0.30145
-3.53211 -0.829091 -0.265873
-3.4875 -0.84153 -0.271929
-3.44325 -0.855191 -0.299464
-3.39657 -0.870266 -0.312369
-3.34998 -0.884143 -0.2895
-3.30562 -0.897436 -0.291107
-3.26563 -0.911092 -0.329089
-3.21789 -0.925906 -0.300875
-3.18005 -0.937997 -0.309337
-3.13326 -0.955468 -0.357338
-3.09174 -0.971497 -0.368373
-3.04893 -0.988782 -0.383806
-3.00197 -1.00569 -0.345589
-2.95481 -1.02115 -0.316838
-2.90962 -1.03517 -0.300813
-2.86206 -1.05057 -0.313177
-2.82171 -1.06439 -0.329859
-2.78113 -1.07726 -0.307173
-2.73298 -1.09075 -0.273192
-2.68565 -1.10426 -0.278005
-2.63814 -1.1179 -0.279661
-2.60333 -1.12862 -0.298675
-2.5576 -1.14383 -0.320946
-2.51127 -1.15923 -0.320929
-2.46823 -1.17221 -0.29303
-2.42113 -1.18654 -0.295415
-2.37576 -1.20017 -0.291739
-2.32868 -1.21515 -0.307967
-2.28757 -1.23015 -0.349935
-2.24754 -1.24376 -0.327752
-2.20047 -1.25778 -0.289496
-2.15495 -1.27162 -0.295133
-2.10737 -1.28576 -0.288919
-2.06156 -1.30004 -0.302114
-2.01454 -1.31418 -0.292113
-1.96869 -1.32746 -0.281882
-1.92046 -1.34065 -0.266991
-1.87221 -1.35274 -0.245647
-1.82335 -1.36331 -0.212886
-1.77477 -1.37448 -0.226041
-1.72964 -1.38417 -0.21142
-1.68485 -1.39413 -0.218961
-1.63623 -1.40579 -0.235238
-1.5943 -1.41282 -0.166183
-1.54544 -1.42168 -0.179448
-1.50326 -1.42824 -0.154254
-1.45338 -1.43131 -0.0614702
-1.41182 -1.43386 -0.0613127
-1.37476 -1.43687 -0.0809435
-1.33074 -1.43884 -0.0447376
-1.28108 -1.44388 -0.10112
-1.2337 -1.44753 -0.0768903
-1.18553 -1.45321 -0.117455
-1.1357 -1.45678 -0.0715049
-1.08881 -1.46 -0.0684841
-1.05169 -1.46296 -0.0797774
-1.00185 -1.46565 -0.0539083
-0.955354 -1.46903 -0.0725126
-0.90596 -1.47139 -0.0476236
-0.859569 -1.4715 -0.00242806
-0.811385 -1.47343 -0.0400769
-0.771756 -1.47491 -0.0372298
-0.721916 -1.476 -0.0220423
-0.674433 -1.47739 -0.029155
-0.637184 -1.47732 0.00176427
-0.600571 -1.47601 0.0358227
-0.560239 -1.47449 0.0376524
-0.510246 -1.47444 0.000952456
-0.462726 -1.47419 0.00531851
-0.416964 -1.47513 -0.0205225
-0.371199 -1.47456 0.0123923
-0.332497 -1.47309 0.0381995
-0.285509 -1.47076 0.0493695
-0.237482 -1.46936 0.0291464
-0.194688 -1.46649 0.0670863
-0.147418 -1.46394 0.0538684
-0.107865 -1.46145 0.0627711
-0.0591039 -1.46055 0.0185152
-0.016967 -1.46071 -0.00386062
0.0330267 -1.4601 0.0122712
0.0828589 -1.45874 0.0272931
0.12921 -1.45471 0.0866179
0.174878 -1.44931 0.117875
0.224628 -1.4469 0.0482289
0.272285 -1.44128 0.117386
0.321902 -1.43631 0.0999206
0.364761 -1.43207 0.0985707
0.414594 -1.43039 0.0337779
0.464352 -1.42548 0.0983715
0.51143 -1.42214 0.0707526
0.561334 -1.41907 0.0615155
0.609464 -1.41838 0.01422
0.658805 -1.41647 0.0387527
0.703696 -1.41465 0.040489
0.753124 -1.41517 -0.0105577
0.802784 -1.41826 -0.0620891
0.847944 -1.4218 -0.0782816
0.895518 -1.42631 -0.0945426
0.943265 -1.43231 -0.124858
0.989515 -1.43824 -0.127611
1.0384 -1.44322 -0.101423
1.08731 -1.44911 -0.119936
1.1342 -1.45304 -0.0835531
1.18177 -1.45638 -0.0702017
1.23082 -1.46037 -0.0811725
1.28075 -1.46305 -0.0535804
1.32912 -1.46424 -0.0245868
1.37629 -1.4643 -0.00131921
1.42393 -1.46547 -0.0244501
1.46576 -1.46531 0.00386594
1.51576 -1.46487 0.00874117
1.56288 -1.46531 -0.0092707
1.61288 -1.46535 -0.000938751
1.6467 -1.46625 -0.0266455
1.69469 -1.46665 -0.00815564
1.74465 -1.46587 0.0154379
1.79324 -1.46538 0.0100712
1.84311 -1.46839 -0.0601879
1.88179 -1.47084 -0.0633587
1.93004 -1.47343 -0.053458
1.98 -1.47533 -0.0381689
2.0297 -1.47683 -0.0301682
2.07928 -1.48075 -0.07883
2.1268 -1.48453 -0.0793291
2.16992 -1.48959 -0.116789
2.21959 -1.49438 -0.0961346
2.25724 -1.49869 -0.114064
2.30708 -1.50259 -0.0780768
2.34249 -1.50543 -0.080156
2.39245 -1.50594 -0.0101874
2.44196 -1.50606 -0.00229797
2.49173 -1.50752 -0.0294314
2.54172 -1.50804 -0.0102544
2.59145 -1.51114 -0.0624243
2.64057 -1.51214 -0.0202361
2.69055 -1.51277 -0.0125943
2.72776 -1.51352 -0.0202308
2.76663 -1.51466 -0.0293
2.81652 -1.51311 0.0311042
2.86523 -1.51245 0.0135571
2.91488 -1.51116 0.0259015
2.96458 -1.51082 0.00685126
3.00429 -1.51119 -0.00929053
3.05183 -1.51319 -0.04207
3.08135 -1.51428 -0.0368039
3.11886 -1.51717 -0.0770378
3.16832 -1.51818 -0.0204343
3.21382 -1.51861 -0.00943246
3.25695 -1.52139 -0.0644072
3.30323 -1.52474 -0.0721522
3.35204 -1.52836 -0.0740318
3.39176 -1.53087 -0.0630464
3.43966 -1.53129 -0.00889125
3.47821 -1.53199 -0.0180728
3.52093 -1.53515 -0.0737661
3.56607 -1.53891 -0.0831378
3.61409 -1.54342 -0.0936112
3.66323 -1.55024 -0.138023
3.69576 -1.55438 -0.126522
3.74446 -1.56131 -0.141267
3.78896 -1.56774 -0.14361
3.83704 -1.5749 -0.147711
3.8741 -1.57942 -0.121557
3.90897 -1.58517 -0.16343
3.93859 -1.5896 -0.148369
3.98455 -1.59669 -0.153018
4.02076 -1.6006 -0.107597
4.03932 -1.60338 -0.148737
4.05301 -1.60537 -0.144496
4.08025 -1.60837 -0.109586
4.1177 -1.61232 -0.105124
4.14587 -1.61487 -0.0904291
4.16731 -1.61706 -0.101601
4.17761 -1.61816 -0.10589
4.1882 -1.61951 -0.1271
4.20976 -1.62222 -0.124862
4.23449 -1.62598 -0.15091
4.25369 -1.62886 -0.148902
4.26058 -1.63004 -0.169571
4.28298 -1.63364 -0.159711
4.317 -1.6402 -0.190314
4.35431 -1.6466 -0.169877
4.37859 -1.651 -0.179471
4.4172 -1.65806 -0.180908
4.44676 -1.66275 -0.157125
4.47531 -1.6671 -0.151155
4.50381 -1.67144 -0.151182
4.52984 -1.67524 -0.145035
4.55698 -1.67875 -0.128754
4.58434 -1.68145 -0.0981426
4.61042 -1.6833 -0.070921
4.63081 -1.6846 -0.0635895
4.64499 -1.68587 -0.0894033
4.66445 -1.68735 -0.0760564
4.68111 -1.68858 -0.0736262
4.70457 -1.69006 -0.0627596
4.72023 -1.69153 -0.0938231
4.74216 -1.6936 -0.0942631
4.75577 -1.69465 -0.0769348
4.75991 -1.69485 -0.0469384
4.76736 -1.69504 -0.0253518
4.78189 -1.69526 -0.0153833
4.7943 -1.69569 -0.0345811
4.80168 -1.69597 -0.0384262
4.81326 -1.69667 -0.0604225
4.84087 -1.69813 -0.0527029
4.86671 -1.69989 -0.0679605
4.8859 -1.70187 -0.102922
4.90372 -1.7034 -0.0855656
4.9144 -1.70405 -0.0612175
4.93305 -1.70531 -0.0672754
4.94401 -1.70632 -0.0923123
4.94891 -1.70664 -0.0646573
4.95804 -1.70738 -0.0808461
4.96868 -1.70827 -0.0829635
4.97354 -1.70867 -0.0825855
4.98241 -1.70946 -0.0887125
4.98967 -1.71012 -0.0914227
5.00446 -1.71205 -0.12987
5.00985 -1.71287 -0.149296
5.01448 -1.71367 -0.173185
5.02285 -1.7154 -0.203661
5.03036 -1.71691 -0.197821
5.03963 -1.71906 -0.227802
5.05716 -1.72291 -0.216187
5.06893 -1.7253 -0.200514
5.08214 -1.7279 -0.194374
5.08307 -1.72806 -0.169747
5.08796 -1.72888 -0.166004
5.08892 -1.72906 -0.185328
5.1042 -1.73122 -0.140581
5.10743 -1.73161 -0.119746
5.11172 -1.73206 -0.104576
5.12042 -1.73286 -0.0917833
5.13763 -1.73399 -0.0656165
5.15117 -1.73461 -0.0456102
5.15746 -1.73437 0.0383924
5.15696 -1.73441 0.0776231
5.15913 -1.73409 0.144089
5.15903 -1.7341 0.127678
5.17091 -1.73194 0.180035
5.17409 -1.73119 0.233084
5.17709 -1.73047 0.234106
5.19981 -1.72506 0.233994
5.21286 -1.72238 0.201847
True
0.223594
