-5.47243 1.13188 -0.371904
-5.42662 1.11185 -0.412148
-5.40631 1.10356 -0.387436
-5.36344 1.08504 -0.407831
-5.3261 1.07078 -0.36475
-5.27904 1.05399 -0.342781
-5.23556 1.03804 -0.351571
-5.18869 1.02211 -0.327657
-5.14532 1.00743 -0.326341
-5.09812 0.991341 -0.328491
-5.05209 0.97475 -0.345897
-5.02364 0.964925 -0.332573
-4.97948 0.950586 -0.31396
-4.93795 0.935688 -0.344429
-4.89355 0.920042 -0.338826
-4.84668 0.903473 -0.339802
-4.79999 0.885814 -0.361552
-4.76249 0.870181 -0.394951
-4.71631 0.851012 -0.393477
-4.67519 0.833213 -0.408458
-4.63119 0.812603 -0.43806
-4.58812 0.7948 -0.391974
-4.54205 0.778436 -0.341343
-4.49661 0.758416 -0.414927
-4.46025 0.744202 -0.372655
-4.4135 0.727249 -0.347882
-4.36621 0.711265 -0.325955
-4.32188 0.693734 -0.376615
-4.27595 0.674453 -0.39746
-4.24056 0.658842 -0.415388
-4.19657 0.63998 -0.405116
-4.15119 0.621185 -0.392667
-4.105 0.603348 -0.368474
-4.06007 0.585752 -0.373322
-4.0201 0.567747 -0.423194
-3.97504 0.547258 -0.426752
-3.93033 0.526122 -0.441634
-3.88615 0.507665 -0.395748
-3.84063 0.487709 -0.413116
-3.79857 0.470975 -0.378714
-3.75237 0.451865 -0.392172
-3.71055 0.434972 -0.383897
-3.67987 0.421692 -0.408583
-3.63574 0.40461 -0.369267
-3.59075 0.388069 -0.352354
-3.54784 0.370216 -0.394214
-3.50766 0.354855 -0.365203
-3.46609 0.338377 -0.377404
-3.42355 0.322644 -0.354199
-3.37764 0.306168 -0.344613
-3.33329 0.290927 -0.330966
-3.28561 0.275888 -0.305522
-3.23944 0.258035 -0.369005
-3.19237 0.241208 -0.343347
-3.14631 0.225056 -0.337263
-3.10194 0.210284 -0.321399
-3.05543 0.192261 -0.369667
-3.0107 0.174115 -0.385366
-2.96386 0.156674 -0.356474
-2.9198 0.140113 -0.359547
-2.87487 0.121732 -0.38832
-2.82837 0.103388 -0.375779
-2.7846 0.0873758 -0.350698
-2.74297 0.0704249 -0.386668
-2.69748 0.0526832 -0.371875
-2.65675 0.036615 -0.37573
-2.62794 0.0256897 -0.362482
-2.58323 0.00797898 -0.377121
-2.54504 -0.00650106 -0.362424
-2.49964 -0.0218047 -0.325116
-2.45231 -0.0377461 -0.324885
-2.41183 -0.0549333 -0.401585
-2.36542 -0.0734977 -0.380484
-2.31963 -0.0924402 -0.392213
-2.27454 -0.110726 -0.385315
-2.23246 -0.130052 -0.43053
-2.18805 -0.15158 -0.451378
-2.14711 -0.171125 -0.445372
-2.10125 -0.190956 -0.408124
-2.05579 -0.208315 -0.364822
-2.01416 -0.22516 -0.38445
-1.97619 -0.23993 -0.371018
-1.93141 -0.258446 -0.392082
-1.8938 -0.275658 -0.429139
-1.84811 -0.295916 -0.417368
-1.8047 -0.312701 -0.368962
-1.75859 -0.33196 -0.395626
-1.71501 -0.34825 -0.357742
-1.66928 -0.364264 -0.336796
-1.62413 -0.381567 -0.366011
-1.59672 -0.391312 -0.341617
-1.54977 -0.408481 -0.350542
-1.50556 -0.424505 -0.347734
-1.46411 -0.438157 -0.318189
-1.4164 -0.452636 -0.294634
-1.37363 -0.465788 -0.298334
-1.33343 -0.477815 -0.290724
-1.29668 -0.490332 -0.328235
-1.25178 -0.504152 -0.298614
-1.20739 -0.520232 -0.347514
-1.16069 -0.536005 -0.325737
-1.11477 -0.551021 -0.316046
-1.07342 -0.566169 -0.351177
-1.03745 -0.578809 -0.337855
-0.991625 -0.596123 -0.361263
-0.950475 -0.612286 -0.374276
-0.908388 -0.629002 -0.378066
-0.865962 -0.646855 -0.398308
-0.819576 -0.662461 -0.324549
-0.787348 -0.673008 -0.316274
-0.74418 -0.688452 -0.343583
-0.698007 -0.704693 -0.338214
-0.649794 -0.717475 -0.25915
-0.602872 -0.732342 -0.306856
-0.555422 -0.746554 -0.291007
-0.516984 -0.76029 -0.343208
-0.481007 -0.775466 -0.399177
-0.43572 -0.796514 -0.435063
-0.393298 -0.819537 -0.497244
-0.348165 -0.84078 -0.439918
-0.317594 -0.857704 -0.505592
-0.276818 -0.881462 -0.527566
-0.233687 -0.904043 -0.482292
-0.192196 -0.925072 -0.469114
-0.152295 -0.945303 -0.46924
-0.11799 -0.96085 -0.4255
-0.0740086 -0.979227 -0.39579
-0.0287258 -0.998667 -0.405517
0.0143642 -1.01761 -0.414215
0.0546262 -1.03498 -0.407349
0.100514 -1.05397 -0.392363
0.146036 -1.07437 -0.421294
0.192609 -1.09237 -0.368813
0.235572 -1.10877 -0.364612
0.281276 -1.12298 -0.301484
0.319843 -1.13455 -0.291316
0.361596 -1.1495 -0.343791
0.402753 -1.16269 -0.310306
0.441988 -1.17554 -0.316341
0.486795 -1.1924 -0.360056
0.533424 -1.2098 -0.357046
0.579897 -1.22811 -0.375372
0.621125 -1.24476 -0.383776
0.665753 -1.26282 -0.384485
0.711687 -1.28099 -0.37674
0.756863 -1.29723 -0.345095
0.7982 -1.31536 -0.41323
0.841396 -1.33355 -0.398675
0.880174 -1.34951 -0.390516
0.920418 -1.36487 -0.364598
0.966576 -1.38197 -0.354706
1.01343 -1.39915 -0.351497
1.05695 -1.41467 -0.342484
1.10411 -1.43124 -0.337821
1.15188 -1.44547 -0.289664
1.19871 -1.46298 -0.357722
1.24232 -1.47911 -0.35429
1.28885 -1.49709 -0.368667
1.33126 -1.5139 -0.377471
1.37258 -1.52936 -0.358066
1.41399 -1.54445 -0.349362
1.46062 -1.56129 -0.34653
1.50538 -1.57623 -0.322227
1.54721 -1.58999 -0.317867
1.59327 -1.60494 -0.313703
1.64081 -1.61853 -0.278572
1.68918 -1.63036 -0.239821
1.72094 -1.64021 -0.300698
1.76646 -1.65523 -0.318785
1.81436 -1.6693 -0.285717
1.8617 -1.68462 -0.312998
1.90708 -1.69999 -0.326408
1.95307 -1.71642 -0.343221
1.9994 -1.73376 -0.358043
2.03419 -1.74547 -0.324832
2.07531 -1.75792 -0.293874
2.12334 -1.77082 -0.26253
2.1707 -1.78328 -0.257111
2.21186 -1.79736 -0.32973
2.2596 -1.81222 -0.301622
2.30453 -1.82564 -0.290352
2.34841 -1.84027 -0.321928
2.38987 -1.85371 -0.313409
2.43712 -1.86751 -0.284131
2.47931 -1.88097 -0.308836
2.52701 -1.89586 -0.302588
2.56537 -1.90945 -0.340337
2.61091 -1.92655 -0.35919
2.65002 -1.93993 -0.329822
2.69691 -1.95724 -0.353607
2.73849 -1.97239 -0.349332
2.7845 -1.98954 -0.356808
2.8234 -2.00408 -0.357767
2.86897 -2.021 -0.355512
2.91521 -2.04001 -0.389968
2.96047 -2.05649 -0.349209
3.00481 -2.07278 -0.352167
3.05255 -2.08722 -0.29365
3.096 -2.10153 -0.31806
3.13321 -2.11392 -0.321682
3.17997 -2.13065 -0.343453
3.22738 -2.14623 -0.317673
3.27492 -2.16167 -0.313871
3.31148 -2.17328 -0.307417
3.35682 -2.18626 -0.278945
3.38886 -2.19564 -0.284775
3.43647 -2.20772 -0.24843
3.48359 -2.22149 -0.284441
3.51752 -2.23254 -0.314835
3.54369 -2.24119 -0.319261
3.56672 -2.24887 -0.321744
3.60105 -2.26158 -0.354664
3.64775 -2.27848 -0.347048
3.68505 -2.29369 -0.387166
3.72297 -2.30833 -0.368666
3.74926 -2.31906 -0.387283
3.78348 -2.3341 -0.414214
3.82254 -2.35157 -0.420553
3.84636 -2.36193 -0.410221
3.85859 -2.36807 -0.465338
3.88241 -2.37958 -0.44997
3.91393 -2.39487 -0.451753
3.93899 -2.40716 -0.455891
3.97201 -2.42221 -0.427758
3.99074 -2.43062 -0.421914
4.00593 -2.43709 -0.402723
4.02602 -2.4453 -0.387905
4.05223 -2.45537 -0.366659
4.08687 -2.46969 -0.392147
4.1262 -2.48493 -0.369735
4.14176 -2.48953 -0.286947
4.17313 -2.4988 -0.287317
4.21495 -2.50818 -0.220752
4.25607 -2.51375 -0.134745
4.29903 -2.51745 -0.0858391
4.33757 -2.52041 -0.0766847
4.36821 -2.52248 -0.0674471
4.38298 -2.5233 -0.0554026
4.4105 -2.52466 -0.0491724
4.42694 -2.52552 -0.0522941
4.44805 -2.52634 -0.0390497
4.44783 -2.52632 -0.0861956
4.4649 -2.52827 -0.113535
4.48227 -2.53038 -0.120874
4.50044 -2.53281 -0.133264
4.54048 -2.53805 -0.129951
4.57885 -2.54449 -0.166255
4.61591 -2.55079 -0.168416
4.6558 -2.55737 -0.163521
4.68765 -2.5635 -0.190045
4.72516 -2.56991 -0.16932
4.75962 -2.57553 -0.161678
4.79377 -2.58046 -0.143344
4.82106 -2.58371 -0.118611
4.83599 -2.58552 -0.120432
4.84436 -2.5863 -0.093406
4.8537 -2.58732 -0.109032
4.87351 -2.58976 -0.122572
4.89456 -2.5923 -0.11994
4.90509 -2.59367 -0.129764
4.91653 -2.59559 -0.166046
4.92323 -2.59715 -0.228259
4.93139 -2.59863 -0.179605
4.95029 -2.60269 -0.211541
4.96233 -2.60535 -0.217905
4.97081 -2.60724 -0.218332
4.97711 -2.60843 -0.187729
4.99035 -2.61097 -0.189293
5.00802 -2.61387 -0.162564
5.01466 -2.61487 -0.150384
5.02859 -2.61687 -0.142618
5.04508 -2.61906 -0.131907
5.071 -2.62351 -0.170025
5.08383 -2.62623 -0.209052
5.08929 -2.62744 -0.216788
5.09537 -2.62872 -0.207884
5.1071 -2.63165 -0.24518
5.10897 -2.63218 -0.277394
5.11324 -2.63324 -0.242906
5.1231 -2.6354 -0.215461
5.13245 -2.63748 -0.218629
5.14353 -2.64007 -0.22965
5.15513 -2.64378 -0.309615
5.16182 -2.64591 -0.307875
5.17956 -2.65207 -0.334313
5.18556 -2.65386 -0.290097
5.19783 -2.65721 -0.266551
5.20133 -2.65812 -0.253541
5.20267 -2.65843 -0.231059
5.20606 -2.65943 -0.284822
5.21221 -2.66124 -0.287575
5.21913 -2.66283 -0.225562
5.22568 -2.66426 -0.215346
5.23152 -2.66561 -0.226986
5.23807 -2.66724 -0.243177
5.24813 -2.67035 -0.299879
5.26031 -2.67482 -0.351335
5.27518 -2.68033 -0.355119
True
0.0654951
