-5.46718 -0.786309 0.346806
-5.43496 -0.777678 0.261688
-5.38866 -0.761613 0.334032
-5.34129 -0.746837 0.302305
-5.30554 -0.732561 0.379948
-5.25836 -0.71662 0.325835
-5.21117 -0.702341 0.293861
-5.16296 -0.690454 0.241705
-5.12005 -0.678199 0.278231
-5.07453 -0.665087 0.280447
-5.02656 -0.651388 0.27817
-4.98129 -0.637844 0.290718
-4.93386 -0.623895 0.286025
-4.8891 -0.610406 0.292683
-4.85134 -0.599424 0.283066
-4.81245 -0.588099 0.283354
-4.76709 -0.574628 0.288718
-4.72166 -0.56019 0.307694
-4.67449 -0.546044 0.291334
-4.63054 -0.531728 0.314897
-4.58305 -0.516242 0.315243
-4.53559 -0.5006 0.318374
-4.48878 -0.485007 0.32151
-4.44537 -0.470322 0.326247
-4.40023 -0.454204 0.34296
-4.35814 -0.439653 0.332839
-4.31775 -0.427527 0.291689
-4.27356 -0.412787 0.32196
-4.23107 -0.400118 0.289738
-4.19738 -0.389597 0.302734
-4.15316 -0.375719 0.304075
-4.10816 -0.360318 0.329779
-4.06184 -0.344546 0.328129
-4.0208 -0.329725 0.346612
-3.97486 -0.310201 0.401846
-3.94186 -0.295198 0.426713
-3.8986 -0.276759 0.402872
-3.86161 -0.260967 0.403509
-3.81639 -0.241663 0.403466
-3.78066 -0.227581 0.375457
-3.73569 -0.210889 0.355385
-3.69087 -0.192486 0.389622
-3.65209 -0.176333 0.39471
-3.60775 -0.158766 0.377232
-3.56254 -0.140144 0.390669
-3.51532 -0.123874 0.331839
-3.46934 -0.108019 0.332087
-3.42161 -0.0944472 0.277006
-3.37484 -0.0803978 0.291805
-3.32908 -0.0668957 0.286928
-3.29127 -0.0555587 0.291329
-3.24579 -0.0419904 0.289936
-3.19781 -0.0279735 0.284203
-3.15028 -0.0144932 0.276363
-3.10633 -0.000628967 0.305598
-3.05869 0.0143729 0.305052
-3.01287 0.0284343 0.297794
-2.96462 0.041398 0.262452
-2.91611 0.0523396 0.221837
-2.87739 0.0629679 0.267931
-2.83168 0.0762514 0.282815
-2.78527 0.0915095 0.317612
-2.74343 0.106828 0.350941
-2.69664 0.123418 0.34076
-2.65084 0.138957 0.327119
-2.60493 0.154098 0.318557
-2.558 0.170345 0.333256
-2.51122 0.186224 0.327236
-2.46429 0.201912 0.322618
-2.41848 0.216854 0.315281
-2.3704 0.230463 0.27585
-2.32523 0.242382 0.257973
-2.28512 0.254226 0.287111
-2.23711 0.267666 0.272975
-2.18987 0.280703 0.269284
-2.15746 0.289795 0.27346
-2.11289 0.303209 0.292361
-2.06522 0.317889 0.298705
-2.02121 0.330659 0.282413
-1.97401 0.346948 0.332309
-1.92673 0.362526 0.318303
-1.88036 0.375421 0.271212
-1.83254 0.390047 0.296866
-1.78477 0.404458 0.29296
-1.73957 0.419045 0.312142
-1.69656 0.434918 0.353598
-1.6552 0.447301 0.29089
-1.61121 0.460371 0.288787
-1.5641 0.473537 0.272533
-1.51563 0.4857 0.245851
-1.46714 0.496799 0.225031
-1.42311 0.504165 0.165752
-1.38044 0.51163 0.173214
-1.33895 0.519883 0.196328
-1.29186 0.531364 0.239162
-1.24854 0.542757 0.257195
-1.20251 0.555256 0.265101
-1.15925 0.566661 0.257826
-1.11102 0.578667 0.24394
-1.06227 0.589214 0.213054
-1.02391 0.596028 0.175842
-0.975549 0.605981 0.202949
-0.929144 0.616553 0.223998
-0.881182 0.62488 0.171899
-0.837654 0.633766 0.201384
-0.789097 0.645198 0.231221
-0.743253 0.656812 0.248123
-0.700094 0.669179 0.279065
-0.654327 0.682404 0.281299
-0.611687 0.694012 0.26579
-0.567708 0.707336 0.294187
-0.520367 0.721181 0.284508
-0.473353 0.736045 0.306226
-0.426477 0.750181 0.292891
-0.380983 0.764665 0.308223
-0.334502 0.778394 0.287187
-0.287085 0.79425 0.32271
-0.245378 0.807476 0.307098
-0.215068 0.815079 0.24577
-0.169968 0.826663 0.25142
-0.13287 0.837218 0.277193
-0.0998317 0.846386 0.270679
-0.0533627 0.857856 0.24198
-0.00602389 0.870409 0.259217
0.0408407 0.88224 0.247283
0.0793373 0.892144 0.251813
0.127835 0.902888 0.218011
0.17092 0.912181 0.212448
0.21448 0.923884 0.262453
0.26171 0.93673 0.265568
0.309644 0.950282 0.275536
0.354975 0.964067 0.295191
0.402184 0.980347 0.332097
0.446925 0.993201 0.279761
0.494987 1.00692 0.278057
0.543089 1.01948 0.255327
0.591993 1.02952 0.202647
0.640778 1.04046 0.220558
0.690176 1.0481 0.153423
0.73908 1.05788 0.197322
0.788217 1.06693 0.182239
0.832351 1.07568 0.195569
0.880494 1.08744 0.239615
0.916889 1.097 0.256804
0.955443 1.10604 0.230486
0.996895 1.11612 0.238398
1.03943 1.12592 0.226474
1.0877 1.1364 0.213825
1.12831 1.14582 0.227897
1.17227 1.15546 0.215944
1.21496 1.16475 0.214312
1.26102 1.17563 0.231871
1.30966 1.18715 0.232505
1.35833 1.19861 0.231381
1.40316 1.20832 0.213335
1.45131 1.21939 0.225932
1.49996 1.23034 0.22142
1.54853 1.24067 0.209505
1.59413 1.25132 0.22939
1.63526 1.26233 0.261537
1.67871 1.27509 0.285839
1.72501 1.28778 0.267471
1.76382 1.29911 0.283914
1.80224 1.30909 0.254261
1.84745 1.32109 0.25939
1.88694 1.33015 0.225464
1.93553 1.34048 0.209447
1.9735 1.35069 0.262795
2.01365 1.36241 0.283913
2.06132 1.37683 0.293875
2.10349 1.38845 0.268791
2.14738 1.40167 0.292664
2.18542 1.41291 0.287159
2.22861 1.42627 0.300049
2.27572 1.44129 0.308534
2.31742 1.45467 0.310638
2.36511 1.46957 0.302875
2.41209 1.48279 0.274191
2.45288 1.49418 0.272182
2.49284 1.5065 0.299081
2.53075 1.51728 0.277105
2.56554 1.52375 0.183792
2.60893 1.53201 0.188165
2.65822 1.5399 0.158846
2.70683 1.54956 0.19617
2.74459 1.55781 0.214945
2.78985 1.56693 0.19903
2.8213 1.57401 0.221113
2.8585 1.58241 0.222179
2.90638 1.59471 0.251523
2.94549 1.60388 0.23032
2.99284 1.61578 0.246208
3.03221 1.6248 0.225136
3.08054 1.6376 0.25894
3.1284 1.64706 0.195046
3.17752 1.65634 0.186749
3.22296 1.66564 0.202044
3.26614 1.67641 0.244322
3.31241 1.68937 0.273207
3.3543 1.70093 0.26925
3.38735 1.71203 0.32407
3.41894 1.72406 0.363549
3.46523 1.74065 0.344125
3.50909 1.75597 0.336244
3.53918 1.7645 0.276131
3.57166 1.77413 0.28824
3.60202 1.78432 0.323758
3.62995 1.79384 0.328375
3.64727 1.79914 0.297115
3.66129 1.80281 0.256078
3.70594 1.81621 0.291552
3.7381 1.82801 0.351591
3.75917 1.83488 0.315361
3.79721 1.84885 0.351954
3.83912 1.86189 0.301511
3.87514 1.87441 0.334744
3.89629 1.88163 0.328661
3.92274 1.89106 0.342669
3.96199 1.90701 0.385885
3.99821 1.92193 0.39088
4.0279 1.93331 0.365942
4.0722 1.95023 0.364823
4.11251 1.9637 0.322509
4.1466 1.97649 0.358925
4.18699 1.99271 0.381911
4.23026 2.00989 0.377982
4.2671 2.02362 0.356809
4.31221 2.03959 0.340189
4.35081 2.0521 0.313411
4.39721 2.06703 0.311246
4.42503 2.07541 0.292716
4.44687 2.08201 0.293562
4.48238 2.09145 0.259623
4.51736 2.09964 0.229967
4.55107 2.10948 0.284019
4.58448 2.11943 0.289535
4.6078 2.12651 0.294643
4.63401 2.13506 0.315635
4.66006 2.1437 0.32022
4.69411 2.15473 0.3133
4.72778 2.16485 0.291784
4.75105 2.17092 0.255282
4.77184 2.17696 0.282721
4.78701 2.1819 0.314637
4.80336 2.18799 0.356667
4.8215 2.19486 0.362181
4.8386 2.20202 0.396185
4.86581 2.21232 0.361875
4.88631 2.21961 0.341666
4.91004 2.22935 0.389456
4.92961 2.23733 0.387378
4.941 2.24151 0.352148
4.93873 2.24059 0.385974
4.94951 2.24459 0.355077
4.96706 2.25157 0.378482
4.98428 2.25888 0.4013
4.99153 2.26201 0.408216
5.00017 2.26582 0.414999
5.00801 2.26913 0.400061
5.02276 2.27523 0.391567
5.0371 2.28079 0.370267
5.04768 2.28478 0.36064
5.07779 2.29487 0.323455
5.08327 2.29663 0.309679
5.08586 2.29744 0.304267
5.09295 2.29954 0.288038
5.10145 2.30183 0.263207
5.11317 2.3046 0.232138
5.11724 2.30555 0.229729
5.12521 2.30747 0.235367
5.14164 2.31184 0.260436
5.15634 2.31589 0.268466
5.16226 2.31777 0.307952
5.1688 2.31996 0.322756
5.18276 2.32469 0.326779
5.19517 2.32898 0.33315
5.20273 2.33195 0.373821
5.21356 2.33651 0.398841
5.22331 2.34034 0.373709
True
0.0664897
