-5.46709 -0.0392725 0.0776472
-5.42305 -0.0372187 0.046601
-5.39035 -0.0341502 0.0935679
-5.34067 -0.0292293 0.0987344
-5.29963 -0.0272074 0.0492225
-5.24963 -0.0280022 -0.0158959
-5.20334 -0.0291723 -0.0252693
-5.15674 -0.0291658 0.000139158
-5.11308 -0.0301021 -0.0214408
-5.0631 -0.0288552 0.024942
-5.0159 -0.0284769 0.00801436
-4.96656 -0.0273069 0.0237056
-4.91852 -0.0238458 0.071924
-4.87769 -0.0205597 0.0803142
-4.83297 -0.0174619 0.0691574
-4.78338 -0.0148527 0.0525684
-4.73681 -0.012416 0.0522736
-4.6872 -0.00850759 0.0786319
-4.63919 -0.00569201 0.0585768
-4.59107 0.000557816 0.129164
-4.55228 0.00503556 0.11491
-4.5077 0.0103795 0.119313
-4.45803 0.0155609 0.103934
-4.40824 0.0200711 0.0903386
-4.37121 0.0240529 0.107126
-4.3273 0.0291174 0.114823
-4.28138 0.033457 0.0942275
-4.23212 0.0396553 0.125172
-4.18258 0.0447673 0.102817
-4.13512 0.0510176 0.130957
-4.10813 0.0535668 0.0941708
-4.05872 0.0610995 0.151275
-4.0117 0.0689922 0.16632
-3.96241 0.0773501 0.167948
-3.91334 0.0854187 0.162984
-3.87727 0.0912893 0.161329
-3.82876 0.0967457 0.112016
-3.78042 0.103723 0.143339
-3.73103 0.110189 0.130196
-3.68318 0.114525 0.0903678
-3.63356 0.119681 0.103531
-3.5861 0.126428 0.14122
-3.53658 0.131372 0.099505
-3.4916 0.137017 0.124863
-3.44383 0.141859 0.100993
-3.39418 0.146941 0.102001
-3.35612 0.151918 0.130021
-3.32293 0.155865 0.11837
-3.29049 0.158733 0.0882085
-3.24432 0.163093 0.0941524
-3.19587 0.164757 0.0343142
-3.14851 0.166359 0.0338143
-3.09869 0.168408 0.0411108
-3.06667 0.168871 0.0144516
-3.0321 0.170682 0.0523409
-2.98655 0.174112 0.0751585
-2.93836 0.178283 0.086339
-2.89026 0.181458 0.0659111
-2.84047 0.18589 0.088782
-2.79058 0.189242 0.0671018
-2.74129 0.193931 0.094842
-2.69591 0.198979 0.110769
-2.64607 0.202905 0.0786131
-2.59783 0.208409 0.113594
-2.55915 0.211623 0.0828969
-2.51134 0.216239 0.0962686
-2.46928 0.2203 0.0962387
-2.42994 0.224004 0.0938839
-2.38051 0.229244 0.105607
-2.33393 0.235139 0.125883
-2.28458 0.24315 0.160946
-2.24169 0.250193 0.16274
-2.20315 0.258827 0.220364
-2.15976 0.267109 0.188639
-2.11549 0.274875 0.17364
-2.06604 0.28219 0.146859
-2.01768 0.289567 0.151374
-1.96812 0.295911 0.127321
-1.92842 0.301295 0.134784
-1.89668 0.304887 0.112707
-1.84881 0.30898 0.0852947
-1.79958 0.312824 0.0779252
-1.76234 0.31414 0.0353253
-1.71556 0.31666 0.0538209
-1.6681 0.317924 0.0266171
-1.61811 0.318241 0.00633937
-1.57133 0.320183 0.0414887
-1.5245 0.320819 0.0135832
-1.48066 0.319545 -0.0290515
-1.43324 0.31897 -0.0121283
-1.38742 0.317859 -0.0242329
-1.3375 0.315894 -0.0393447
-1.28817 0.311122 -0.0964313
-1.24073 0.306707 -0.0928118
-1.19359 0.301571 -0.108525
-1.14561 0.297188 -0.0910971
-1.09661 0.29279 -0.0894904
-1.06379 0.28967 -0.0948169
-1.02177 0.2848 -0.115359
-0.989056 0.278703 -0.184271
-0.941783 0.268855 -0.205385
-0.901302 0.259667 -0.22318
-0.852228 0.250094 -0.192668
-0.810706 0.242466 -0.18167
-0.76497 0.23341 -0.195484
-0.716129 0.223346 -0.203214
-0.67474 0.214631 -0.207544
-0.635016 0.20835 -0.156796
-0.589473 0.199246 -0.197305
-0.546718 0.189643 -0.220934
-0.499358 0.18047 -0.191328
-0.45539 0.170546 -0.221993
-0.41267 0.160696 -0.226598
-0.367407 0.150329 -0.225169
-0.321129 0.137038 -0.279668
-0.273657 0.125009 -0.248156
-0.225212 0.112639 -0.250001
-0.184304 0.102679 -0.238837
-0.140427 0.0913339 -0.253018
-0.0934266 0.0786225 -0.264134
-0.0476917 0.0680064 -0.228084
-0.013445 0.0603015 -0.221297
0.0351807 0.0493337 -0.221844
0.0794266 0.041046 -0.185164
0.124817 0.0288691 -0.262101
0.172714 0.017141 -0.240136
0.218093 0.00571765 -0.246605
0.26681 -0.00494851 -0.215541
0.303459 -0.0131844 -0.221053
0.346414 -0.0240799 -0.24841
0.387101 -0.032744 -0.209808
0.42466 -0.0394667 -0.177115
0.456348 -0.0476066 -0.251442
0.49901 -0.0605802 -0.295216
0.545851 -0.0756015 -0.310326
0.58417 -0.0861385 -0.268353
0.632191 -0.0973186 -0.228742
0.670575 -0.105862 -0.219
0.713348 -0.113136 -0.168457
0.756022 -0.120953 -0.181172
0.803065 -0.12724 -0.132859
0.843337 -0.132332 -0.125773
0.892876 -0.139036 -0.134509
0.942617 -0.144116 -0.101777
0.992366 -0.148989 -0.097623
1.03534 -0.153807 -0.111662
1.08366 -0.160938 -0.146518
1.12242 -0.166934 -0.153474
1.16414 -0.171835 -0.116955
1.21337 -0.178895 -0.142416
1.25761 -0.184114 -0.117455
1.30539 -0.18978 -0.118013
1.35078 -0.194717 -0.108347
1.39612 -0.198232 -0.0773677
1.4416 -0.201654 -0.0750882
1.49148 -0.20307 -0.0283862
1.54148 -0.202886 0.00367551
1.59125 -0.199445 0.0690163
1.63941 -0.194873 0.0946601
1.68909 -0.18977 0.102341
1.73748 -0.183729 0.124213
1.77978 -0.179149 0.107859
1.81822 -0.175657 0.0905817
1.86673 -0.170403 0.107898
1.91655 -0.166687 0.074458
1.9595 -0.163296 0.0787771
2.00324 -0.158065 0.119025
2.04603 -0.154367 0.0862178
2.09581 -0.150618 0.0751664
2.13309 -0.147669 0.0789329
2.18214 -0.142339 0.108232
2.23074 -0.138333 0.0822442
2.27522 -0.134626 0.0831745
2.31843 -0.129029 0.128808
2.36707 -0.12314 0.120497
2.41303 -0.116849 0.136003
2.45924 -0.110953 0.12692
2.5088 -0.105355 0.11247
2.55531 -0.100902 0.0954461
2.60147 -0.0951914 0.12309
2.63952 -0.0888957 0.163997
2.68661 -0.0806103 0.17414
2.73574 -0.071762 0.178188
2.78092 -0.0646926 0.155244
2.83 -0.0566019 0.16336
2.87248 -0.0488127 0.18135
2.90421 -0.0428122 0.186886
2.95044 -0.0339901 0.188587
2.9974 -0.0259693 0.169163
3.04202 -0.0166933 0.204967
3.08776 -0.00810743 0.185558
3.12845 -0.000525527 0.184231
3.17484 0.00697744 0.160347
3.22073 0.0143646 0.159595
3.25916 0.0209044 0.168547
3.30206 0.0281151 0.166515
3.33169 0.0328341 0.157954
3.36921 0.040117 0.191709
3.41713 0.0523897 0.250742
3.46195 0.0644148 0.262134
3.49922 0.0735899 0.241375
3.53517 0.0828054 0.250914
3.5732 0.095829 0.329962
3.61675 0.110754 0.330168
3.64482 0.120362 0.329776
3.66096 0.12578 0.32391
3.68178 0.132707 0.321145
3.68646 0.134264 0.321129
3.70559 0.140272 0.304384
3.73419 0.148552 0.281785
3.76202 0.157099 0.297965
3.79193 0.167272 0.327828
3.82229 0.177679 0.330282
3.85642 0.19082 0.367484
3.89299 0.20476 0.364205
3.92671 0.219197 0.404552
3.95828 0.231933 0.383442
3.99312 0.246098 0.386109
4.02458 0.258114 0.364846
4.04745 0.26582 0.324988
4.06769 0.2717 0.282819
4.09229 0.277537 0.232904
4.12484 0.284169 0.201028
4.15766 0.292285 0.242397
4.18629 0.299794 0.256518
4.23111 0.312448 0.275183
4.27266 0.323028 0.249329
4.29639 0.329366 0.260945
4.32159 0.33494 0.21771
4.35603 0.341527 0.189005
4.37898 0.344934 0.147361
4.40177 0.34901 0.176977
4.42886 0.35268 0.134637
4.46148 0.357884 0.158191
4.49631 0.363324 0.154962
4.54336 0.37129 0.167723
4.58737 0.377772 0.146211
4.63565 0.387147 0.19181
4.67131 0.394694 0.208547
4.71386 0.402092 0.172136
4.75428 0.409496 0.181194
4.78437 0.414448 0.16307
4.80406 0.416877 0.122788
4.83003 0.419449 0.0987062
4.84975 0.421028 0.0799266
4.87844 0.422483 0.0506602
4.91906 0.424764 0.0560913
4.96008 0.427685 0.0710912
4.97586 0.428613 0.0587475
4.99039 0.429343 0.0502291
5.00848 0.430256 0.0504201
5.02399 0.431284 0.0661852
5.02606 0.431354 0.033979
5.02618 0.431359 0.0402802
5.04555 0.432375 0.0523904
5.06047 0.433497 0.075009
5.06813 0.433896 0.0520606
5.06802 0.433892 0.0371502
5.07966 0.434344 0.0388506
5.09619 0.434551 0.0125493
5.10363 0.43421 -0.0458827
5.11384 0.433912 -0.0291486
5.12572 0.433573 -0.0285782
5.13255 0.433494 -0.0115093
5.1352 0.433534 0.0150077
5.14055 0.433706 0.0322353
5.14775 0.43421 0.0698128
5.15693 0.43492 0.0771616
5.16255 0.435397 0.0847175
5.17408 0.436331 0.0807652
5.18607 0.437348 0.0846355
5.20067 0.438416 0.0730435
True
0.264284
