-5.46697 -1.61737 0.168392
-5.41888 -1.60932 0.16592
-5.37443 -1.6017 0.169685
-5.32496 -1.59443 0.145843
-5.27808 -1.58866 0.122596
-5.23322 -1.5825 0.136433
-5.18745 -1.57688 0.122165
-5.13838 -1.57194 0.10027
-5.08875 -1.56587 0.121849
-5.03964 -1.55819 0.1551
-4.9908 -1.55318 0.102164
-4.94441 -1.54691 0.134377
-4.91281 -1.5429 0.126085
-4.8754 -1.53984 0.0817637
-4.82591 -1.53364 0.124483
-4.77754 -1.52641 0.148463
-4.73219 -1.5189 0.164034
-4.68449 -1.51157 0.15254
-4.63978 -1.50719 0.0975606
-4.5901 -1.50162 0.111654
-4.54311 -1.4979 0.0791388
-4.49929 -1.4915 0.145029
-4.45005 -1.48602 0.110759
-4.40081 -1.48205 0.0804795
-4.35438 -1.47844 0.0775467
-4.30531 -1.47525 0.0649528
-4.25673 -1.47504 0.00429942
-4.21455 -1.47677 -0.0408282
-4.18699 -1.47714 -0.0134576
-4.14126 -1.47807 -0.0204975
-4.09238 -1.47545 0.053713
-4.0498 -1.47325 0.051434
-4.00495 -1.46949 0.0836335
-3.95909 -1.46709 0.0524089
-3.91063 -1.46546 0.0336569
-3.87509 -1.46398 0.0415991
-3.83015 -1.46191 0.0459843
-3.78062 -1.46148 0.00871301
-3.73768 -1.4607 0.0180086
-3.69309 -1.4607 0.000141222
-3.64331 -1.45861 0.0418631
-3.59607 -1.45625 0.0499163
-3.54674 -1.45277 0.0705119
-3.49756 -1.45267 0.00202976
-3.44757 -1.45178 0.017743
-3.40312 -1.45236 -0.012996
-3.35313 -1.45246 -0.00198536
-3.30544 -1.45224 0.00451377
-3.25652 -1.45033 0.0390096
-3.21102 -1.44735 0.065483
-3.16196 -1.44814 -0.0161863
-3.11605 -1.44769 0.00997506
-3.06931 -1.44962 -0.0413837
-3.01936 -1.45109 -0.0294106
-2.96952 -1.45493 -0.0769455
-2.91959 -1.45575 -0.0163828
-2.87647 -1.45542 0.00770863
-2.82826 -1.45713 -0.0354479
-2.78494 -1.4597 -0.0594107
-2.73787 -1.4625 -0.0593413
-2.68959 -1.46522 -0.056335
-2.64442 -1.46486 0.00812582
-2.60234 -1.46562 -0.0182236
-2.55776 -1.46779 -0.0486418
-2.50789 -1.47123 -0.0688819
-2.45864 -1.47409 -0.0578236
-2.41026 -1.47733 -0.0669153
-2.36062 -1.47967 -0.0471722
-2.31075 -1.48203 -0.0473267
-2.27467 -1.48416 -0.0587948
-2.23971 -1.48743 -0.0933685
-2.19011 -1.49159 -0.0835738
-2.14172 -1.49749 -0.12148
-2.09856 -1.50033 -0.0655618
-2.05067 -1.50312 -0.0583046
-2.00761 -1.50556 -0.0565105
-1.95828 -1.50417 0.0281004
-1.91586 -1.50309 0.0255535
-1.87159 -1.50153 0.0350499
-1.82611 -1.4982 0.0731079
-1.77817 -1.4964 0.0374959
-1.72826 -1.49355 0.0571234
-1.68659 -1.49026 0.0788599
-1.63776 -1.49008 0.00358935
-1.58852 -1.48806 0.041139
-1.54603 -1.48562 0.0572662
-1.49676 -1.48017 0.110106
-1.44697 -1.47751 0.0533751
-1.39758 -1.47485 0.0538813
-1.34919 -1.47262 0.0459872
-1.29938 -1.46938 0.0650461
-1.25836 -1.4658 0.0870905
-1.21134 -1.46077 0.106467
-1.1632 -1.45441 0.131371
-1.11383 -1.44869 0.115418
-1.06572 -1.44208 0.136537
-1.02928 -1.43868 0.0929913
-0.980961 -1.43669 0.0410803
-0.935663 -1.43513 0.0343749
-0.890015 -1.43316 0.0431186
-0.841858 -1.43046 0.0560196
-0.794328 -1.42482 0.118264
-0.745418 -1.42086 0.0808147
-0.70547 -1.41892 0.0484245
-0.656103 -1.41623 0.0544295
-0.606291 -1.41389 0.0469449
-0.558581 -1.41106 0.0592461
-0.512376 -1.40914 0.0414632
-0.470749 -1.40489 0.101724
-0.429062 -1.39964 0.125313
-0.379394 -1.39438 0.105492
-0.339066 -1.38671 0.188119
-0.295337 -1.37944 0.164701
-0.245973 -1.37197 0.150146
-0.20827 -1.36481 0.187586
-0.159299 -1.35886 0.120949
-0.112113 -1.35326 0.118115
-0.064695 -1.34589 0.154161
-0.0161026 -1.33499 0.220683
0.0126166 -1.32878 0.213145
0.0492712 -1.32053 0.221273
0.0978749 -1.31037 0.206014
0.146694 -1.29973 0.214679
0.19456 -1.29088 0.182897
0.243164 -1.27926 0.234501
0.276048 -1.27126 0.238804
0.321575 -1.26192 0.202212
0.367565 -1.25501 0.149232
0.410678 -1.24667 0.191109
0.458868 -1.23504 0.236722
0.50715 -1.22566 0.192013
0.555478 -1.21317 0.252811
0.603283 -1.19932 0.282047
0.642388 -1.18942 0.247933
0.68385 -1.178 0.268879
0.723897 -1.16609 0.288993
0.771021 -1.14938 0.340718
0.817442 -1.13326 0.334317
0.863893 -1.11476 0.379005
0.905944 -1.09852 0.368597
0.952733 -1.08171 0.344906
1.00038 -1.06683 0.302693
1.02772 -1.05751 0.328461
1.0714 -1.04466 0.2861
1.11931 -1.03076 0.282401
1.16445 -1.0171 0.293839
1.20108 -1.00823 0.23755
1.24712 -0.997012 0.239003
1.29444 -0.987276 0.202919
1.34213 -0.977578 0.200601
1.39037 -0.967406 0.20782
1.43851 -0.956972 0.213428
1.48649 -0.943357 0.276526
1.52406 -0.933202 0.263945
1.57242 -0.920609 0.254763
1.61454 -0.910019 0.246332
1.66157 -0.898608 0.23805
1.70533 -0.887091 0.257311
1.74622 -0.875554 0.275003
1.79149 -0.863072 0.269055
1.83692 -0.850195 0.276211
1.8849 -0.836141 0.284944
1.93277 -0.82221 0.283201
1.97551 -0.809648 0.285802
2.02319 -0.794599 0.305755
2.06662 -0.780574 0.312355
2.11243 -0.765812 0.311758
2.1597 -0.751955 0.28518
2.20532 -0.737515 0.306506
2.25287 -0.725255 0.252351
2.30079 -0.715662 0.197562
2.34914 -0.70404 0.235926
2.39512 -0.693497 0.225396
2.44227 -0.682288 0.233412
2.49019 -0.671021 0.230892
2.53326 -0.660727 0.234629
2.58028 -0.649428 0.235803
2.62227 -0.639471 0.23285
2.67107 -0.628784 0.215575
2.71864 -0.618104 0.220843
2.76344 -0.610061 0.177631
2.81271 -0.603397 0.134455
2.86022 -0.596209 0.150166
2.90889 -0.587004 0.186921
2.95803 -0.578788 0.165643
3.0035 -0.570103 0.188745
3.04976 -0.560224 0.210426
3.09704 -0.548906 0.234901
3.13544 -0.540793 0.208258
3.18075 -0.531044 0.211906
3.22458 -0.523556 0.169197
3.27321 -0.515285 0.168483
3.3175 -0.506861 0.187988
3.35765 -0.498534 0.204459
3.39985 -0.489096 0.220033
3.44561 -0.47799 0.238076
3.49079 -0.466639 0.246195
3.53768 -0.455334 0.236579
3.58205 -0.445302 0.222367
3.6242 -0.437474 0.183607
3.6696 -0.42519 0.264229
3.71181 -0.413104 0.278859
3.74961 -0.40377 0.242118
3.78969 -0.394326 0.231411
3.82711 -0.387395 0.183136
3.85869 -0.38192 0.171656
3.89462 -0.376106 0.160419
3.93734 -0.367908 0.189601
3.9523 -0.364651 0.214453
3.96883 -0.361737 0.17445
3.99044 -0.357834 0.178645
4.00554 -0.354734 0.202544
4.02343 -0.351486 0.179581
4.04447 -0.347172 0.202254
4.06715 -0.342081 0.220773
4.07403 -0.340402 0.239292
4.08595 -0.337671 0.225369
4.10686 -0.332966 0.221298
4.11677 -0.33067 0.227578
4.13824 -0.325411 0.240243
4.1543 -0.321844 0.218544
4.16511 -0.319207 0.239228
4.18237 -0.314813 0.249355
4.19096 -0.3123 0.284584
4.20256 -0.308738 0.297991
4.22796 -0.300888 0.299724
4.25865 -0.291059 0.309952
4.27659 -0.285155 0.317886
4.29224 -0.280612 0.282477
4.30824 -0.276406 0.257174
4.31442 -0.27515 0.200408
4.32723 -0.272906 0.173291
4.34981 -0.269163 0.164335
4.37853 -0.264347 0.166119
4.41142 -0.259041 0.15996
4.43897 -0.253864 0.185751
4.45573 -0.250291 0.210066
4.46174 -0.249144 0.188558
4.47488 -0.246159 0.223262
4.48943 -0.243424 0.185899
4.50995 -0.239168 0.204492
4.52602 -0.236024 0.19316
4.55199 -0.23093 0.193696
4.57341 -0.227058 0.178809
4.59741 -0.221501 0.227622
4.62079 -0.215978 0.231968
4.62909 -0.214246 0.205687
4.65617 -0.207413 0.247202
4.67955 -0.201794 0.23578
4.69855 -0.196944 0.250021
4.7225 -0.190156 0.27612
4.72501 -0.189535 0.242264
4.74562 -0.184814 0.225206
4.76667 -0.181085 0.17532
4.78961 -0.177035 0.174763
4.79893 -0.175602 0.152452
4.815 -0.173149 0.151543
4.83531 -0.170327 0.13802
4.84505 -0.169111 0.124268
4.86146 -0.167221 0.11462
4.87904 -0.165303 0.10869
4.89122 -0.163641 0.135644
4.89467 -0.163114 0.151409
4.90383 -0.161773 0.145401
4.92064 -0.159298 0.146193
4.9235 -0.158781 0.178724
4.93597 -0.156892 0.15036
4.95753 -0.153208 0.169267
4.95758 -0.153201 0.132342
4.97829 -0.149417 0.180738
4.9916 -0.146543 0.212561
5.00831 -0.141361 0.300839
5.00919 -0.141058 0.331386
5.01134 -0.140411 0.291748
5.02111 -0.137608 0.279388
5.02326 -0.136973 0.287945
5.02456 -0.136578 0.294467
5.02969 -0.135053 0.288596
5.03649 -0.13315 0.273134
5.03934 -0.132435 0.245222
5.05011 -0.129783 0.241503
5.07203 -0.123929 0.260974
5.098 -0.116185 0.289806
5.11505 -0.111757 0.254168
5.12843 -0.107811 0.28667
5.1348 -0.10617 0.252159
5.13961 -0.104872 0.263807
5.14592 -0.103401 0.228804
5.14849 -0.102834 0.217122
5.16201 -0.100005 0.206267
5.17559 -0.0965203 0.251283
5.17622 -0.0963355 0.283389
5.18596 -0.0923452 0.388746
5.19249 -0.08947 0.414761
5.19877 -0.0867129 0.413923
5.20303 -0.0847969 0.422975
5.20285 -0.0848673 0.390828
5.2075 -0.0832204 0.340916
5.21078 -0.0821735 0.308736
True
0.243702
