-5.47573 0.786 0.0617723
-5.43132 0.790277 0.0960037
-5.38137 0.792508 0.0446269
-5.33143 0.794282 0.0355219
-5.28422 0.796241 0.0414531
-5.23627 0.796783 0.0113181
-5.18991 0.797708 0.0199344
-5.1402 0.798518 0.0163043
-5.09023 0.796652 -0.0373235
-5.04082 0.795811 -0.0170269
-4.99088 0.794234 -0.0315644
-4.9456 0.794065 -0.00373933
-4.89636 0.796766 0.0548168
-4.84997 0.796522 -0.00526547
-4.8 0.797283 0.0152263
-4.75024 0.798891 0.0323112
-4.70415 0.800147 0.0272348
-4.65575 0.802311 0.0446753
-4.61551 0.80304 0.0181223
-4.56553 0.804048 0.0201648
-4.51558 0.804297 0.00498915
-4.47438 0.804867 0.0138339
-4.43004 0.806295 0.0321827
-4.38006 0.805821 -0.0094724
-4.33017 0.806982 0.02327
-4.28067 0.810165 0.06421
-4.23439 0.813532 0.0726228
-4.19855 0.816792 0.0907081
-4.15612 0.821769 0.116765
-4.11385 0.824646 0.0679552
-4.06438 0.829347 0.0947552
-4.01855 0.834783 0.118058
-3.9702 0.841183 0.131601
-3.92088 0.849016 0.157508
-3.88144 0.852398 0.0855453
-3.83233 0.858378 0.121149
-3.78419 0.86218 0.0788238
-3.73699 0.867269 0.107402
-3.69185 0.870261 0.0661955
-3.64237 0.876589 0.127168
-3.6 0.881372 0.112426
-3.5615 0.885879 0.116536
-3.51731 0.891545 0.127512
-3.4692 0.896539 0.103457
-3.42181 0.900361 0.0804651
-3.3758 0.902526 0.0470349
-3.33172 0.903734 0.0273839
-3.28174 0.904224 0.00980452
-3.23348 0.906326 0.0435396
-3.18727 0.907361 0.0223945
-3.13738 0.910286 0.0585554
-3.0915 0.912951 0.0580204
-3.0416 0.916143 0.0638777
-2.99499 0.920381 0.0906639
-2.9485 0.92527 0.104798
-2.90074 0.929708 0.0926651
-2.85634 0.930265 0.0125377
-2.80687 0.930753 0.00985061
-2.76171 0.930445 -0.0068054
-2.71216 0.928122 -0.0468512
-2.66797 0.927244 -0.0198756
-2.62456 0.927672 0.00985839
-2.57497 0.926578 -0.0220619
-2.52725 0.927142 0.0118347
-2.47734 0.925744 -0.0280194
-2.43074 0.924607 -0.0243886
-2.38304 0.920793 -0.0797703
-2.33316 0.918468 -0.0465954
-2.28392 0.91957 0.0223875
-2.23407 0.923123 0.0711429
-2.18494 0.924129 0.0204663
-2.14391 0.923337 -0.019285
-2.09799 0.922763 -0.012507
-2.05463 0.921015 -0.0402884
-2.00529 0.919886 -0.0228721
-1.95547 0.917552 -0.0468244
-1.90578 0.917737 0.00372316
-1.85689 0.920081 0.0479186
-1.80877 0.921712 0.0338813
-1.76969 0.923549 0.0469677
-1.72055 0.926479 0.0595591
-1.67116 0.928285 0.0365438
-1.62199 0.929837 0.0315588
-1.57475 0.933169 0.0704239
-1.53014 0.936935 0.0842169
-1.48019 0.938574 0.0327896
-1.43338 0.94124 0.0569021
-1.38368 0.94287 0.0327771
-1.33452 0.942151 -0.0146247
-1.28459 0.940507 -0.0329154
-1.23582 0.94089 0.00786927
-1.20116 0.944183 0.0947323
-1.15796 0.947364 0.0734864
-1.10901 0.95115 0.0771849
-1.06351 0.954191 0.0667389
-1.01371 0.957427 0.0648985
-0.971396 0.958762 0.0315321
-0.921799 0.959984 0.0246462
-0.87985 0.959709 -0.00656608
-0.841649 0.960007 0.00779354
-0.79267 0.959204 -0.0163804
-0.750581 0.958821 -0.0090993
-0.700601 0.959035 0.00428239
-0.662514 0.957799 -0.0324502
-0.621679 0.957231 -0.0139033
-0.572418 0.956103 -0.022898
-0.522587 0.954769 -0.0267717
-0.472975 0.954083 -0.0138229
-0.429476 0.953439 -0.0148044
-0.385336 0.954655 0.0275412
-0.34811 0.956067 0.0379134
-0.300835 0.959325 0.0688164
-0.255178 0.9626 0.071593
-0.207056 0.966292 0.0765792
-0.162134 0.969347 0.0679023
-0.112977 0.973157 0.0773553
-0.0646046 0.97614 0.0615803
-0.0148668 0.980098 0.0794165
0.0350261 0.982634 0.0507846
0.0847496 0.987154 0.0906533
0.134508 0.991918 0.0954477
0.180276 0.997772 0.127219
0.222973 1.00247 0.109597
0.269346 1.00722 0.102032
0.311367 1.01239 0.122562
0.358597 1.01744 0.10633
0.405574 1.02314 0.120896
0.455173 1.02946 0.126684
0.497575 1.03567 0.145412
0.535136 1.0397 0.106948
0.582619 1.04357 0.0813794
0.630411 1.04824 0.0972947
0.679017 1.05258 0.0891436
0.724397 1.05713 0.0999025
0.767975 1.06239 0.119968
0.817444 1.06745 0.101993
0.858605 1.0703 0.0690508
0.908381 1.07362 0.0667394
0.954772 1.07711 0.0749693
1.00343 1.0793 0.0450448
1.0529 1.08138 0.0420308
1.09789 1.08124 -0.00305303
1.1429 1.07977 -0.0326091
1.17362 1.08026 0.0158088
1.2041 1.08126 0.032793
1.25195 1.08413 0.0599224
1.2985 1.08656 0.0521458
1.34093 1.09167 0.119798
1.38031 1.09505 0.0857419
1.42946 1.10145 0.12938
1.47471 1.10664 0.114149
1.52208 1.11266 0.126465
1.55076 1.11611 0.119712
1.598 1.12153 0.114241
1.64626 1.12667 0.106129
1.69281 1.13348 0.145348
1.74211 1.14063 0.143883
1.77986 1.14504 0.116431
1.82176 1.15096 0.140298
1.86469 1.15734 0.147598
1.90899 1.1655 0.182148
1.94421 1.17039 0.137835
1.98723 1.17565 0.121743
2.03648 1.18364 0.160846
2.08525 1.19042 0.138178
2.12993 1.19632 0.131259
2.17905 1.2023 0.121091
2.22883 1.20568 0.067804
2.27166 1.20763 0.0454519
2.32085 1.20987 0.0456441
2.36659 1.21179 0.0419345
2.41519 1.21487 0.0632875
2.46285 1.21963 0.0994532
2.51133 1.22377 0.0852001
2.54907 1.22774 0.104789
2.58771 1.23086 0.0805648
2.63459 1.23413 0.0695748
2.68337 1.23779 0.0750485
2.73256 1.24194 0.0840648
2.77539 1.24367 0.0402767
2.82523 1.2473 0.0727374
2.86903 1.25138 0.0929888
2.91201 1.25561 0.0980367
2.95904 1.26017 0.0967617
3.00058 1.26592 0.137502
3.04979 1.27331 0.148985
3.09344 1.27896 0.128671
3.13883 1.28537 0.140327
3.18587 1.29208 0.141825
3.23219 1.29745 0.115426
3.27775 1.30197 0.0987859
3.30764 1.30511 0.104542
3.35498 1.31003 0.103588
3.3966 1.31338 0.0804758
3.44236 1.31794 0.0991615
3.48637 1.32281 0.110296
3.53546 1.32944 0.134214
3.57275 1.33401 0.122016
3.59491 1.33706 0.136854
3.62789 1.34148 0.133
3.66378 1.34501 0.0980763
3.67973 1.34655 0.0965239
3.70301 1.34937 0.120686
3.72947 1.35281 0.129287
3.7524 1.35623 0.147984
3.79192 1.3617 0.137503
3.82681 1.36544 0.106778
3.86119 1.36845 0.0872252
3.90197 1.37157 0.076476
3.93744 1.37308 0.0426075
3.96524 1.37423 0.041241
3.99238 1.37695 0.0999351
4.02342 1.3797 0.0881917
4.04076 1.3818 0.120774
4.07638 1.38644 0.129331
4.11395 1.39196 0.146126
4.15949 1.39948 0.163599
4.19563 1.40534 0.160774
4.23337 1.41357 0.214649
4.26242 1.41951 0.201661
4.30069 1.42887 0.239887
4.34012 1.43855 0.240787
4.35532 1.44214 0.231939
4.37426 1.44656 0.228996
4.40028 1.45242 0.22163
4.41437 1.45585 0.23888
4.42053 1.45741 0.248207
4.42869 1.45932 0.229262
4.43213 1.46014 0.234587
4.44255 1.4625 0.222812
4.45571 1.46535 0.213097
4.47418 1.46802 0.143919
4.48306 1.46915 0.126278
4.50636 1.47243 0.13971
4.53367 1.47643 0.14562
4.55487 1.47981 0.158146
4.56117 1.48061 0.125205
4.57619 1.48235 0.115585
4.59623 1.48458 0.110773
4.60032 1.485 0.103192
4.62213 1.48633 0.0605747
4.62657 1.48643 0.0237285
4.63162 1.48638 -0.00934931
4.65411 1.48701 0.0278609
4.67226 1.48874 0.0951616
4.69017 1.49079 0.113646
4.69853 1.49189 0.130645
4.71371 1.49331 0.0938427
4.74065 1.49481 0.0554242
4.77372 1.49653 0.0520135
4.79976 1.49743 0.0344375
4.82986 1.49996 0.0839877
4.85838 1.50184 0.0658678
4.88452 1.50402 0.0832647
4.90638 1.50646 0.110859
4.93036 1.509 0.105781
4.95757 1.51167 0.09758
4.97739 1.51386 0.110147
4.9882 1.51523 0.125751
5.00287 1.51727 0.138493
5.01077 1.51851 0.155285
5.02732 1.52141 0.17347
5.04066 1.52333 0.14295
5.04976 1.5243 0.106903
5.0628 1.52531 0.077328
5.06034 1.52519 0.0501168
5.06261 1.52521 0.0101324
5.06967 1.52517 -0.00650529
5.06589 1.52521 -0.0121893
5.07098 1.52529 0.0139023
5.07956 1.52529 0.000801658
5.08866 1.52546 0.0186805
5.09792 1.5259 0.0467269
5.10561 1.52636 0.060082
5.10694 1.52637 0.01212
5.10998 1.52647 0.0325922
5.11875 1.52682 0.0398672
5.13641 1.52771 0.0501391
5.15145 1.52958 0.123955
5.1752 1.53401 0.184128
5.18116 1.53518 0.195269
5.19083 1.53753 0.238231
5.204 1.54097 0.255165
True
0.256929
