4.45567 0.0218731 2.6832
4.41579 0.0456636 2.60373
4.37262 0.070834 2.61376
4.34126 0.0929096 2.52819
4.31119 0.116718 2.47187
4.29362 0.132926 2.39657
4.26242 0.163886 2.36011
4.24135 0.186407 2.32284
4.21277 0.21827 2.30195
4.18485 0.250341 2.28714
4.15108 0.28699 2.31526
4.12103 0.326931 2.21574
4.10376 0.355156 2.12012
4.0795 0.398206 2.08397
4.06171 0.431373 2.0631
4.04054 0.474409 2.02782
4.02124 0.518207 1.98583
4.01186 0.537811 2.0172
4.00509 0.553402 1.98036
3.98657 0.59943 1.95334
3.97158 0.639289 1.93051
3.95423 0.684486 1.93738
3.93708 0.731235 1.92234
3.91887 0.777798 1.94358
3.90458 0.81447 1.94243
3.88644 0.860966 1.94275
3.86957 0.906704 1.92411
3.85696 0.940595 1.92705
3.84085 0.987926 1.89888
3.82486 1.03339 1.90907
3.81213 1.06823 1.92102
3.7959 1.11238 1.92301
3.77949 1.15459 1.94178
3.76478 1.19107 1.95396
3.74612 1.23477 1.97445
3.72742 1.28108 1.95456
3.70768 1.32696 1.97699
3.68721 1.37257 1.99276
3.6681 1.41578 1.98723
3.6473 1.46069 2.00444
3.62687 1.49902 2.06051
3.60871 1.53253 2.0673
3.5844 1.57606 2.08026
3.56055 1.61869 2.08084
3.54602 1.64552 2.06701
3.5257 1.68676 2.02872
3.50343 1.73102 2.03698
3.48278 1.7685 2.07428
3.45797 1.81166 2.09264
3.43378 1.85161 2.11517
3.40881 1.89221 2.12222
3.38421 1.93192 2.12542
3.35762 1.97422 2.13206
3.33207 2.01538 2.12618
3.30806 2.05453 2.1209
3.29117 2.07828 2.18927
3.28221 2.09147 2.16711
3.25764 2.12451 2.21028
3.23685 2.15366 2.19032
3.21946 2.17743 2.20257
3.19205 2.21922 2.15124
3.16744 2.25186 2.21674
3.14098 2.2867 2.22043
3.11069 2.32605 2.2267
3.07861 2.36428 2.26897
3.0459 2.40207 2.28429
3.01334 2.43992 2.28132
2.98337 2.47486 2.27963
2.9518 2.51066 2.29352
2.92038 2.54953 2.25074
2.88886 2.58829 2.25349
2.8658 2.61562 2.27161
2.83851 2.64648 2.29472
2.8085 2.6805 2.29381
2.77648 2.71789 2.27903
2.74278 2.75482 2.31034
2.71083 2.79076 2.29743
2.67939 2.82963 2.25112
2.65154 2.862 2.28112
2.62646 2.88721 2.35367
2.60095 2.9141 2.32977
2.57063 2.94894 2.28703
2.53734 2.98204 2.3589
2.51591 3.00495 2.32316
2.48711 3.03639 2.31225
2.45274 3.07225 2.33497
2.41837 3.10245 2.42064
2.38145 3.13384 2.43709
2.34312 3.16412 2.47297
2.30345 3.19373 2.50036
2.26963 3.21801 2.51908
2.23385 3.24323 2.5275
2.19226 3.269 2.58693
2.16584 3.28597 2.57062
2.13295 3.30724 2.56744
2.0911 3.33424 2.56874
2.04868 3.3607 2.58388
2.00658 3.38494 2.61918
1.963 3.40869 2.64252
1.9219 3.43029 2.65774
1.87844 3.45498 2.62493
1.83502 3.47977 2.62281
1.80903 3.49277 2.67775
1.77218 3.51114 2.67915
1.72964 3.53254 2.6755
1.68721 3.55099 2.73159
1.64128 3.57076 2.735
1.59857 3.58771 2.76377
1.56469 3.59993 2.79552
1.51978 3.6155 2.80784
1.47654 3.63137 2.7899
1.42933 3.6478 2.8067
1.38237 3.66482 2.79373
1.33915 3.68007 2.80236
1.29622 3.69598 2.78683
1.24972 3.71329 2.7852
1.20378 3.72881 2.81571
1.15724 3.74683 2.77219
1.11903 3.75964 2.81812
1.07082 3.77233 2.88422
1.02716 3.78458 2.86806
0.981434 3.79753 2.86569
0.937648 3.81035 2.85664
0.89007 3.82572 2.82918
0.853141 3.83612 2.86706
0.807697 3.84923 2.86075
0.760025 3.86379 2.84511
0.715376 3.87662 2.86187
0.674578 3.8884 2.86046
0.626307 3.90092 2.88775
0.57787 3.91322 2.893
0.534822 3.92369 2.90305
0.492275 3.93306 2.92479
0.444417 3.94228 2.95134
0.398553 3.95081 2.95765
0.351557 3.96102 2.92757
0.323907 3.96721 2.92166
0.275001 3.97648 2.95426
0.226627 3.9855 2.95716
0.180024 3.99698 2.89998
0.132739 4.00948 2.88321
0.0917064 4.01775 2.94282
0.0433753 4.02728 2.94677
-0.00365438 4.03584 2.96166
-0.0486822 4.04291 2.98586
-0.0940111 4.04962 2.99468
-0.142625 4.05637 3.00357
-0.192385 4.06093 3.05029
-0.24105 4.06637 3.03009
-0.290346 4.07431 2.98202
-0.327379 4.07955 3.00109
-0.372563 4.08698 2.9786
-0.419521 4.0913 3.0497
-0.456609 4.09604 3.01468
-0.505427 4.10115 3.03728
-0.551401 4.10425 3.07427
-0.597604 4.10678 3.08679
-0.643743 4.10955 3.08167
-0.693466 4.11074 3.11757
-0.743414 4.113 3.09643
-0.787219 4.11473 3.10222
-0.831574 4.11507 3.13378
-0.867456 4.11468 3.15264
-0.916911 4.11425 -3.13302
-0.965664 4.11393 -3.13489
-1.01253 4.11321 -3.12638
-1.06035 4.11055 -3.08593
-1.1082 4.10632 -3.05343
-1.15086 4.10299 -3.06363
-1.20071 4.09951 -3.07188
-1.25051 4.09673 -3.08586
-1.30043 4.09389 -3.0849
-1.35006 4.09076 -3.0785
-1.39952 4.08812 -3.08819
-1.44669 4.0854 -3.08414
-1.49662 4.08277 -3.08888
-1.54438 4.07999 -3.08347
-1.59435 4.07909 -3.12363
-1.64214 4.07588 -3.07451
-1.68444 4.07313 -3.07654
-1.73216 4.07008 -3.07779
-1.77991 4.06675 -3.07205
-1.82908 4.06372 -3.08008
-1.87711 4.06082 -3.08126
-1.92707 4.06109 -3.14702
-1.97459 4.06019 3.16058
-2.02128 4.05931 -3.12264
-2.07049 4.05672 -3.08901
-2.11727 4.05454 -3.09507
-2.1656 4.05039 -3.05605
-2.20598 4.04798 -3.08183
-2.25343 4.0452 -3.08303
-2.29818 4.04334 -3.10015
-2.3474 4.04149 -3.10398
-2.38823 4.03949 -3.09264
-2.43067 4.03794 -3.10526
-2.47999 4.0355 -3.0921
-2.51983 4.03345 -3.09012
-2.55463 4.03361 -3.14609
-2.59712 4.03361 3.14156
-2.63507 4.0335 3.14433
-2.64612 4.03302 -3.09752
-2.68603 4.03109 -3.09327
-2.70202 4.02989 -3.06714
-2.7351 4.02896 -3.11356
-2.75771 4.02819 -3.10728
-2.77504 4.02704 -3.07539
-2.79648 4.02573 -3.08082
-2.80613 4.02438 -3.00229
-2.8255 4.0211 -2.97349
-2.8402 4.01848 -2.96554
-2.85799 4.01528 -2.96374
-2.88612 4.0111 -2.99416
-2.92662 4.00363 -2.95922
-2.97209 3.99826 -3.02386
-3.01457 3.99386 -3.0385
-3.05405 3.98821 -2.99951
-3.06844 3.98599 -2.98832
-3.11128 3.97973 -2.99637
-3.14451 3.97469 -2.99116
-3.16856 3.96984 -2.94261
-3.20679 3.96323 -2.97049
-3.24224 3.9578 -2.98947
-3.26898 3.95365 -2.98755
-3.30405 3.94886 -3.00597
-3.33715 3.94467 -3.01555
-3.37639 3.93808 -2.97531
-3.40795 3.93163 -2.94003
-3.43606 3.92668 -2.96739
-3.43898 3.92613 -2.95275
-3.44335 3.92522 -2.93596
-3.44986 3.92378 -2.92441
-3.4565 3.92231 -2.92422
-3.45817 3.92201 -2.96054
-3.46766 3.92042 -2.97629
-3.48507 3.917 -2.94746
-3.51489 3.9108 -2.93645
-3.53258 3.90667 -2.91226
-3.56174 3.89918 -2.89026
-3.58381 3.89375 -2.90047
-3.60998 3.88786 -2.92002
-3.64618 3.88093 -2.95248
-3.68159 3.87514 -2.97963
-3.69987 3.87167 -2.95364
-3.72073 3.8672 -2.9307
-3.72631 3.86594 -2.91897
-3.74001 3.86274 -2.91244
-3.74592 3.8615 -2.9344
-3.76113 3.85811 -2.92218
-3.78037 3.8537 -2.91642
-3.78768 3.85196 -2.90746
-3.80388 3.84786 -2.8937
-3.8161 3.84412 -2.84516
-3.82494 3.84146 -2.84857
-3.83699 3.83774 -2.84225
-3.85697 3.83084 -2.80912
-3.86232 3.82877 -2.77285
-3.86958 3.82624 -2.80605
-3.88524 3.82069 -2.80127
-3.89569 3.81737 -2.83367
-3.90281 3.81554 -2.89033
-3.92654 3.81064 -2.93771
-3.93733 3.80855 -2.95066
-3.94345 3.80754 -2.97765
-3.95188 3.80601 -2.96192
-3.95976 3.80469 -2.97549
-3.97438 3.80181 -2.94723
-3.97909 3.80092 -2.9541
-3.98916 3.79856 -2.91192
-4.00464 3.79506 -2.9189
-4.01634 3.79253 -2.92949
-4.01897 3.79191 -2.90925
-4.03383 3.78812 -2.89139
-4.04538 3.78546 -2.91521
-4.06012 3.78234 -2.93304
-4.07554 3.77991 -2.98537
-4.08572 3.77862 -3.01548
-4.08625 3.77855 -3.02424
-4.09962 3.77685 -3.01482
-4.10396 3.7761 -2.97097
-4.10722 3.77536 -2.91759
-4.11175 3.77411 -2.87362
-4.1232 3.77052 -2.83772
-4.13062 3.7682 -2.83854
-4.14683 3.76296 -2.82893
-4.1531 3.7613 -2.88244
-4.1761 3.75622 -2.9241
-4.18638 3.75406 -2.93446
-4.19168 3.75306 -2.95477
-4.20956 3.74971 -2.95623
True
0.179039
