-5.48048 0.309817 0.0878425
-5.43054 0.312272 0.0491404
-5.38979 0.313124 0.0209014
-5.34114 0.314173 0.0215562
-5.29395 0.312097 -0.0439778
-5.24518 0.309929 -0.0444127
-5.20583 0.309636 -0.00744168
-5.15785 0.310077 0.00918273
-5.10786 0.310241 0.00327891
-5.06142 0.310995 0.0162259
-5.01148 0.312322 0.0265846
-4.96153 0.312274 -0.000976069
-4.91173 0.315539 0.0654761
-4.86963 0.317408 0.0443558
-4.81987 0.321518 0.0824369
-4.77076 0.323383 0.0379456
-4.72916 0.326861 0.0834109
-4.68826 0.330831 0.0967563
-4.64314 0.335276 0.0982049
-4.61018 0.340071 0.144471
-4.56131 0.346067 0.122077
-4.51671 0.350503 0.0991451
-4.46724 0.354743 0.085488
-4.42025 0.359579 0.102555
-4.37156 0.366599 0.143206
-4.32659 0.372253 0.125067
-4.27705 0.377724 0.109991
-4.22775 0.380345 0.0531131
-4.17845 0.38065 0.00618754
-4.13074 0.380762 0.0023558
-4.08484 0.380515 -0.00539248
-4.04985 0.381003 0.0139631
-4.00065 0.383802 0.0568241
-3.95587 0.386225 0.0540679
-3.90597 0.388976 0.0550641
-3.86182 0.390093 0.0252863
-3.81355 0.391217 0.0232766
-3.76375 0.390308 -0.0182425
-3.72084 0.390535 0.00530307
-3.67152 0.391845 0.0265357
-3.62284 0.392421 0.0118322
-3.57346 0.393806 0.0280387
-3.52515 0.39535 0.0319548
-3.47714 0.39481 -0.0112479
-3.43688 0.396859 0.0508453
-3.38762 0.399883 0.0613148
-3.33782 0.403794 0.0783767
-3.2891 0.407723 0.0804786
-3.24084 0.411053 0.0688764
-3.19156 0.416216 0.104394
-3.14776 0.418864 0.0603893
-3.10263 0.420929 0.0457094
-3.05907 0.424268 0.0765154
-3.00983 0.429064 0.0970902
-2.96569 0.433555 0.101385
-2.91657 0.441892 0.168139
-2.86783 0.450834 0.181423
-2.8195 0.458006 0.147328
-2.77104 0.464471 0.132633
-2.72577 0.470252 0.12701
-2.67647 0.475502 0.106098
-2.6362 0.48008 0.113198
-2.58685 0.48513 0.101954
-2.53724 0.487802 0.053811
-2.48733 0.489748 0.0389746
-2.43777 0.49346 0.0747649
-2.39838 0.496705 0.0822048
-2.34858 0.499809 0.0622392
-2.29892 0.500606 0.0160511
-2.26208 0.50194 0.0361978
-2.21683 0.502917 0.0215873
-2.17309 0.504171 0.0286626
-2.13179 0.504167 -9.36575e-05
-2.08183 0.502435 -0.0346561
-2.03774 0.500964 -0.0333407
-2.0019 0.499483 -0.0413015
-1.95255 0.497619 -0.0377629
-1.90336 0.498012 0.00798711
-1.85569 0.499857 0.0386798
-1.81067 0.502037 0.0484001
-1.76534 0.505986 0.0868876
-1.71675 0.510942 0.101637
-1.6673 0.514659 0.0750325
-1.61732 0.515216 0.0111418
-1.58326 0.515619 0.0118304
-1.53706 0.516005 0.00835039
-1.48788 0.515588 -0.00847905
-1.44566 0.51524 -0.00822854
-1.39832 0.515434 0.00408842
-1.35484 0.515628 0.00447214
-1.30664 0.516483 0.0177257
-1.25767 0.518967 0.0506899
-1.20797 0.522845 0.0778736
-1.16214 0.526421 0.0778592
-1.11251 0.530353 0.0790699
-1.06477 0.533516 0.0661529
-1.01506 0.536625 0.0624698
-0.965394 0.541766 0.103139
-0.921465 0.547568 0.131321
-0.879752 0.552533 0.118455
-0.834911 0.555142 0.0581279
-0.78498 0.557518 0.0475365
-0.743959 0.557878 0.00878826
-0.694646 0.55911 0.0249777
-0.644763 0.561562 0.0491186
-0.594866 0.563917 0.0471563
-0.544975 0.566569 0.0531089
-0.49908 0.571159 0.0996669
-0.451198 0.573982 0.0589004
-0.408484 0.576854 0.0671242
-0.365328 0.580667 0.0881338
-0.315899 0.583627 0.0598216
-0.268222 0.58659 0.0620626
-0.219413 0.590875 0.0875552
-0.16983 0.595401 0.0910427
-0.122116 0.600774 0.112137
-0.07249 0.606675 0.118348
-0.0227739 0.611531 0.0973644
0.0256042 0.615484 0.0815279
0.0624602 0.618019 0.0686819
0.108427 0.620786 0.0601205
0.153449 0.623681 0.0642213
0.201781 0.624453 0.0159617
0.246436 0.626907 0.0548932
0.29329 0.627775 0.0185347
0.33732 0.631375 0.0815697
0.371678 0.632516 0.0332057
0.421501 0.632697 0.00362873
0.46269 0.632425 -0.00659656
0.509092 0.630474 -0.0420194
0.547738 0.630503 0.000736132
0.588426 0.630596 0.0022854
0.637872 0.633263 0.0538854
0.682492 0.634847 0.0354839
0.731392 0.63972 0.0993351
0.778506 0.644563 0.102438
0.825638 0.648168 0.076325
0.875525 0.650815 0.0530093
0.912881 0.654071 0.0869445
0.962203 0.660034 0.12031
1.01095 0.667372 0.149416
1.05497 0.67464 0.163614
1.10406 0.680592 0.120663
1.15395 0.683715 0.0625192
1.20327 0.688206 0.0908194
1.24989 0.691641 0.0735307
1.29897 0.697304 0.114878
1.34222 0.698516 0.0280111
1.37606 0.699098 0.017201
1.4241 0.70138 0.047465
1.46445 0.704351 0.0734971
1.51392 0.706757 0.0485985
1.55602 0.711878 0.121036
1.6012 0.717435 0.122385
1.64879 0.722978 0.11593
1.68965 0.727697 0.114998
1.73292 0.730648 0.0681036
1.77326 0.732644 0.049433
1.80979 0.732606 -0.00103509
1.85373 0.732985 0.00861634
1.90367 0.732625 -0.00721167
1.94769 0.733425 0.0181831
1.99751 0.732657 -0.0154311
2.04176 0.734258 0.0361794
2.09134 0.740038 0.116059
2.12935 0.743895 0.101129
2.17831 0.74881 0.100067
2.22787 0.755001 0.124254
2.27768 0.758977 0.079656
2.31732 0.762394 0.0859939
2.35651 0.766639 0.10789
2.40192 0.772667 0.131983
2.4518 0.775614 0.0590201
2.50119 0.776063 0.00909916
2.54704 0.778457 0.052166
2.59583 0.781847 0.0693712
2.64511 0.782857 0.0204727
2.68661 0.782623 -0.00561955
2.73461 0.784497 0.0390254
2.77576 0.786207 0.0415214
2.81164 0.78648 0.00761963
2.85723 0.785001 -0.0324337
2.9061 0.781898 -0.0634008
2.95237 0.779054 -0.061407
2.99343 0.776701 -0.0572383
3.04034 0.77641 -0.00620568
3.08478 0.775966 -0.00999112
3.13411 0.776388 0.00855119
3.18282 0.777316 0.0190566
3.22968 0.777782 0.00994022
3.27629 0.77902 0.0265538
3.31793 0.780213 0.0286478
3.36376 0.781224 0.0220645
3.40346 0.782027 0.0202063
3.4341 0.781855 -0.00561124
3.48023 0.781319 -0.011621
3.51913 0.779991 -0.0341134
3.55986 0.779515 -0.0117007
3.58696 0.778604 -0.0335907
3.62467 0.776567 -0.0539664
3.66391 0.77467 -0.0482967
3.70208 0.77405 -0.0162527
3.71557 0.773715 -0.0248018
3.74589 0.772392 -0.0436109
3.75818 0.772105 -0.0233037
3.78384 0.772325 0.00854591
3.80216 0.772969 0.035131
3.81657 0.773869 0.0624006
3.85891 0.77835 0.105451
3.89305 0.780781 0.0710887
3.93332 0.782565 0.0442863
3.97148 0.782938 0.0097541
4.01609 0.782928 -0.000223876
4.06167 0.782023 -0.0198453
4.10257 0.782188 0.00403351
4.13728 0.781763 -0.0122507
4.16649 0.78106 -0.024037
4.2026 0.779373 -0.0467005
4.22779 0.777518 -0.0735084
4.25315 0.776195 -0.0521111
4.28585 0.77497 -0.0374372
4.29735 0.774488 -0.0418935
4.30308 0.774168 -0.0557848
4.32578 0.772941 -0.0540138
4.35107 0.771163 -0.0701586
4.39061 0.768979 -0.0551813
4.43181 0.768015 -0.0234027
4.45907 0.76793 -0.00310684
4.4761 0.767587 -0.0201862
4.49884 0.767407 -0.00787419
4.50916 0.766919 -0.0473235
4.51033 0.766836 -0.0703151
4.52668 0.76571 -0.0687383
4.54319 0.765621 -0.00539344
4.55778 0.766672 0.0718916
4.57444 0.767211 0.032357
4.57898 0.767399 0.0413329
4.58893 0.767277 -0.012264
4.60527 0.767393 0.00710308
4.62978 0.767973 0.0236554
4.64505 0.769134 0.0759275
4.6686 0.770966 0.0775904
4.68862 0.772616 0.0822742
4.69623 0.7732 0.0766044
4.69899 0.77345 0.0903215
4.71018 0.773915 0.0415169
4.72795 0.775439 0.0855606
4.7455 0.777215 0.100786
4.76237 0.778561 0.079654
4.7816 0.779823 0.0655123
4.79604 0.780392 0.0393931
4.79909 0.780559 0.0547009
4.80878 0.781173 0.0633051
4.82814 0.783243 0.106516
4.8502 0.785108 0.0843346
4.86729 0.786172 0.0622058
4.89644 0.78771 0.0527176
4.91587 0.788708 0.0512644
4.92423 0.789153 0.0531774
4.93734 0.789226 0.0055587
4.94308 0.788976 -0.0434151
4.96358 0.788456 -0.0253793
4.98464 0.787519 -0.0444474
5.01642 0.786674 -0.0265684
5.03073 0.78613 -0.0380393
5.03605 0.785962 -0.0314974
5.0405 0.785799 -0.0366809
5.04952 0.785799 -3.73237e-05
5.06003 0.785614 -0.0175758
5.09132 0.785334 -0.00894622
5.11237 0.785036 -0.0141525
5.13533 0.784846 -0.00827279
5.15444 0.786017 0.0611976
5.17571 0.788283 0.106141
5.19057 0.790298 0.134809
5.21327 0.793111 0.123255
True
0.273343
