-5.46186 0.902855 0.019064
-5.41187 0.903682 0.0165443
-5.38595 0.904978 0.0499474
-5.33598 0.905895 0.0183503
-5.28601 0.906693 0.015958
-5.23608 0.909246 0.0510935
-5.19456 0.912643 0.0816215
-5.15104 0.916161 0.080679
-5.11072 0.919282 0.0772461
-5.06122 0.923591 0.0868357
-5.02382 0.927516 0.104559
-4.97894 0.930963 0.0766388
-4.92908 0.931983 0.0204497
-4.87937 0.934574 0.0520823
-4.83106 0.936475 0.0393272
-4.79172 0.936833 0.00909565
-4.74792 0.936144 -0.0157136
-4.70196 0.934799 -0.0292495
-4.65274 0.93294 -0.0377539
-4.61447 0.931836 -0.0288628
-4.57231 0.932768 0.0221025
-4.53498 0.93188 -0.0237803
-4.48503 0.931881 3.30806e-05
-4.436 0.932148 0.00544416
-4.38891 0.931157 -0.0210354
-4.34516 0.930208 -0.0216922
-4.30012 0.928202 -0.0445066
-4.25511 0.928026 -0.00392289
-4.21553 0.927441 -0.0147594
-4.16704 0.927924 0.00995288
-4.12311 0.926791 -0.0258009
-4.07329 0.927304 0.0103028
-4.02392 0.926988 -0.00640501
-3.97396 0.928857 0.0373971
-3.93125 0.929497 0.0149835
-3.88638 0.930547 0.023406
-3.83653 0.934431 0.0777629
-3.7892 0.936085 0.0349337
-3.74751 0.936615 0.0126947
-3.70932 0.938067 0.0380238
-3.65938 0.939237 0.0234167
-3.60938 0.939411 0.00347808
-3.5598 0.939 -0.00828136
-3.50987 0.937765 -0.0247337
-3.46421 0.935466 -0.0503076
-3.41442 0.931254 -0.0843927
-3.36895 0.9277 -0.0780018
-3.32101 0.924596 -0.0646594
-3.27112 0.921543 -0.0611157
-3.2227 0.917286 -0.0877104
-3.18014 0.913893 -0.0795253
-3.13017 0.912438 -0.0291202
-3.08384 0.91189 -0.0118201
-3.03388 0.910203 -0.0337739
-2.98409 0.908172 -0.0407541
-2.94295 0.905571 -0.0631395
-2.8933 0.903017 -0.0514034
-2.84373 0.901528 -0.0300093
-2.79386 0.897924 -0.072155
-2.74393 0.896593 -0.0266536
-2.69596 0.893974 -0.0545475
-2.65353 0.892306 -0.0392861
-2.60518 0.890453 -0.0383042
-2.56019 0.891316 0.0191659
-2.52176 0.892612 0.0337217
-2.48426 0.892111 -0.013373
-2.438 0.891646 -0.0100386
-2.38979 0.889534 -0.0437794
-2.34107 0.886946 -0.0530701
-2.29123 0.883938 -0.0602817
-2.2433 0.877725 -0.12891
-2.20453 0.873044 -0.120131
-2.15854 0.870469 -0.0559474
-2.10983 0.866991 -0.0712738
-2.06101 0.862218 -0.0974704
-2.02406 0.860902 -0.0356029
-1.97806 0.860585 -0.00687781
-1.92806 0.860052 -0.0106761
-1.8783 0.859107 -0.0189837
-1.82831 0.859176 0.00137652
-1.77833 0.860316 0.0228108
-1.7316 0.861968 0.035335
-1.68178 0.864653 0.0538378
-1.64356 0.864614 -0.00100851
-1.60624 0.864518 -0.00258395
-1.55694 0.862075 -0.0495166
-1.51069 0.862249 0.00377097
-1.46555 0.861272 -0.0216496
-1.42003 0.859789 -0.0325516
-1.37681 0.860122 0.00768619
-1.32807 0.858616 -0.0308881
-1.28236 0.860215 0.0349655
-1.23251 0.86361 0.0680005
-1.1909 0.86752 0.0937018
-1.15553 0.872588 0.142319
-1.10602 0.87916 0.131952
-1.05632 0.883268 0.0824759
-1.01113 0.886393 0.0690408
-0.978683 0.889713 0.101957
-0.929356 0.894903 0.104842
-0.882695 0.899273 0.0933854
-0.833073 0.905231 0.119489
-0.801489 0.910065 0.15186
-0.75436 0.918501 0.177136
-0.710041 0.924188 0.127613
-0.660484 0.930752 0.131689
-0.61186 0.935159 0.0903814
-0.571432 0.939825 0.114906
-0.529729 0.944993 0.123293
-0.485393 0.94946 0.100428
-0.4372 0.954137 0.0967388
-0.387642 0.958638 0.0905712
-0.338471 0.963703 0.102656
-0.289526 0.970266 0.133291
-0.247373 0.974172 0.0923897
-0.198839 0.978125 0.0812807
-0.149157 0.983278 0.103336
-0.10189 0.984877 0.033832
-0.0530951 0.988349 0.0710313
-0.00376541 0.992174 0.0773824
0.0459939 0.99512 0.0591276
0.0953636 0.997766 0.0535551
0.128278 0.999038 0.0386198
0.174044 0.999771 0.0160246
0.222858 1.00333 0.0726781
0.271513 1.0043 0.0199791
0.313584 1.00331 -0.0234327
0.363287 1.00167 -0.0329762
0.404984 1.00192 0.00604177
0.454919 1.00248 0.0112301
0.504536 1.00248 -7.15749e-05
0.54849 1.00414 0.037683
0.590741 1.00591 0.0419159
0.640528 1.00977 0.077454
0.689855 1.01136 0.0320829
0.739505 1.01215 0.0158802
0.789424 1.01499 0.0568473
0.838872 1.01908 0.0825304
0.888189 1.02385 0.0965536
0.934469 1.02844 0.0987535
0.979573 1.03305 0.101941
1.02896 1.03562 0.0519391
1.07182 1.03825 0.0612846
1.12089 1.04223 0.0809317
1.16883 1.04133 -0.0188604
1.21147 1.04114 -0.00435974
1.25354 1.04167 0.0126196
1.30271 1.04286 0.0241042
1.34826 1.04221 -0.0141879
1.39823 1.04089 -0.0264331
1.44818 1.03862 -0.0453545
1.49692 1.0351 -0.0720441
1.53931 1.03372 -0.0326368
1.58083 1.03353 -0.00458154
1.60463 1.03355 0.000878185
1.6512 1.03426 0.0151155
1.69185 1.03363 -0.0152953
1.73569 1.03423 0.0135829
1.78468 1.03549 0.0256527
1.83009 1.03674 0.0276068
1.87748 1.03777 0.021669
1.92742 1.04007 0.0461359
1.97118 1.04162 0.0353825
2.02087 1.0451 0.0699077
2.0686 1.04869 0.0750968
2.1146 1.05143 0.0595366
2.15878 1.05372 0.0515934
2.20861 1.05746 0.0749649
2.25836 1.06129 0.0768817
2.3081 1.06588 0.091992
2.35787 1.07055 0.0935319
2.38956 1.07253 0.0625622
2.43915 1.07676 0.0851142
2.48632 1.08174 0.105185
2.53597 1.08656 0.0966776
2.58512 1.09315 0.133303
2.635 1.09661 0.0691881
2.6618 1.10045 0.142398
2.69573 1.105 0.133414
2.74495 1.11362 0.173357
2.79434 1.12071 0.142526
2.83954 1.12516 0.0981144
2.88931 1.12913 0.0795835
2.93782 1.13628 0.146358
2.97767 1.1426 0.157214
3.0274 1.14772 0.102727
3.07292 1.15321 0.120029
3.11683 1.15887 0.128177
3.16582 1.16431 0.110591
3.2155 1.16912 0.096446
3.25345 1.17253 0.089749
3.30338 1.17516 0.0525562
3.35332 1.17738 0.044461
3.40305 1.18057 0.0640564
3.45065 1.18201 0.0302134
3.48412 1.18356 0.0461723
3.51522 1.18529 0.0555946
3.55797 1.1888 0.0820355
3.60262 1.19175 0.0658344
3.6412 1.19328 0.0396642
3.67819 1.19561 0.0629002
3.71806 1.19806 0.0613672
3.76115 1.19762 -0.0101786
3.79828 1.19773 0.00308672
3.81699 1.19749 -0.0131194
3.84913 1.19718 -0.00965271
3.86796 1.1966 -0.030547
3.88578 1.19596 -0.0359105
3.91306 1.19581 -0.00571896
3.94325 1.19615 0.0113546
3.96848 1.1958 -0.0136268
3.98737 1.19589 0.00469815
4.00005 1.19559 -0.0238358
4.00469 1.19534 -0.0534619
4.01868 1.19428 -0.0755009
4.04459 1.19196 -0.0895179
4.0651 1.1904 -0.0756163
4.0891 1.18755 -0.118475
4.09816 1.18623 -0.144424
4.12579 1.18333 -0.104773
4.13976 1.18186 -0.104554
4.15483 1.1802 -0.109888
4.16525 1.17902 -0.11241
4.16959 1.17832 -0.159005
4.19665 1.1745 -0.140285
4.23355 1.16946 -0.135833
4.26141 1.1666 -0.102267
4.28403 1.16438 -0.0978067
4.32008 1.16097 -0.0943161
4.36767 1.158 -0.0622822
4.4105 1.15521 -0.0650395
4.45001 1.15347 -0.0441609
4.49374 1.15261 -0.0194991
4.52431 1.15166 -0.0312453
4.55129 1.15062 -0.038357
4.57162 1.14951 -0.0548781
4.58946 1.14886 -0.0359998
4.60873 1.14826 -0.0312346
4.62146 1.14816 -0.00817056
4.64005 1.14802 -0.00727686
4.65763 1.14814 0.00658381
4.6732 1.14825 0.00740472
4.68929 1.14841 0.00989913
4.70961 1.14885 0.0214761
4.73027 1.14932 0.0227461
4.75716 1.14951 0.00696312
4.78238 1.14981 0.0119597
4.80362 1.14922 -0.0276223
4.8174 1.1489 -0.0232919
4.83013 1.14851 -0.030868
4.84573 1.14839 -0.00730207
4.85946 1.14875 0.0259691
4.87612 1.14952 0.0461023
4.89689 1.15044 0.044196
4.91257 1.15069 0.0159747
4.92607 1.1508 0.00852932
4.93792 1.15103 0.0194299
4.94283 1.15108 0.0101691
4.95042 1.15144 0.0464181
4.95937 1.15183 0.0442019
4.96921 1.15228 0.0460244
4.98653 1.15289 0.0349147
4.9967 1.15325 0.0358052
5.01347 1.15354 0.0168036
5.02545 1.15382 0.0239308
5.03904 1.15461 0.0579489
5.04953 1.15516 0.0526582
5.05402 1.15566 0.108867
5.0783 1.15851 0.116878
5.09733 1.16122 0.141516
5.11813 1.16398 0.131945
5.13053 1.16584 0.149154
5.14962 1.16745 0.0841706
5.16694 1.169 0.0892764
5.17128 1.16942 0.0966143
5.18791 1.17043 0.0603082
5.20375 1.17144 0.0639405
5.21192 1.17226 0.0996244
True
0.0661385
