4.48862 5.32723e-05 3.13691
4.47294 0.00103131 3.07931
4.45124 0.00302716 3.04988
4.42181 0.00522075 3.06719
4.40368 0.00597348 3.1001
4.38645 0.00640082 3.11679
4.37044 0.00636272 3.14397
4.3566 0.00626149 -3.13428
4.33845 0.005702 -3.11077
4.31911 0.00536553 -3.1242
4.30125 0.00528772 -3.13723
4.29217 0.00509008 -3.11983
4.27394 0.00556892 -3.16784
4.24757 0.0065123 3.10582
4.22023 0.00644235 3.14415
4.20734 0.00727492 -3.2061
4.18764 0.00937711 3.03528
4.16311 0.0121567 3.02878
4.14798 0.0148036 2.96842
4.11948 0.0214142 2.91365
4.10459 0.0258328 2.85307
4.08555 0.0321007 2.82362
4.07076 0.0378013 2.77358
4.04879 0.0487638 2.67892
4.03597 0.0557945 2.63973
4.00699 0.0743122 2.57304
3.96899 0.103405 2.48812
3.94755 0.121413 2.44318
3.93293 0.135265 2.38305
3.90146 0.173952 2.25366
3.87708 0.210612 2.15765
3.85103 0.253009 2.12177
3.82708 0.296197 2.07717
3.81871 0.312208 2.05224
3.80556 0.34279 1.97697
3.79134 0.376167 1.97356
3.77638 0.419625 1.90238
3.76146 0.462243 1.90753
3.74877 0.508428 1.83885
3.7383 0.557298 1.7819
3.72838 0.603026 1.78448
3.71789 0.647382 1.80302
3.70694 0.694642 1.79846
3.69538 0.742866 1.80613
3.68722 0.791926 1.7356
3.6775 0.840908 1.76658
3.66967 0.879663 1.77009
3.6607 0.92683 1.75881
3.64983 0.975613 1.79005
3.64093 1.0182 1.77691
3.63242 1.05179 1.81876
3.6206 1.09875 1.81736
3.60851 1.14528 1.82515
3.5948 1.19031 1.86618
3.57988 1.23802 1.87402
3.56833 1.28013 1.8385
3.55453 1.32503 1.86883
3.54282 1.36929 1.82953
3.53364 1.40125 1.85039
3.52104 1.44422 1.85612
3.50793 1.48887 1.85634
3.4918 1.5361 1.89995
3.48198 1.56627 1.88548
3.47003 1.6012 1.90025
3.45272 1.64377 1.95714
3.44328 1.66527 1.98452
3.44319 1.66548 1.98023
3.43132 1.6948 1.95522
3.41494 1.72889 2.01886
3.39442 1.7697 2.03663
3.37274 1.80909 2.07404
3.34974 1.85197 2.06298
3.32631 1.89595 2.0604
3.30312 1.93953 2.05984
3.27754 1.98247 2.10794
3.25353 2.02363 2.09899
3.22802 2.0652 2.12109
3.20693 2.10096 2.10366
3.18747 2.13134 2.14054
3.16112 2.17378 2.12641
3.13893 2.20734 2.15495
3.11161 2.24434 2.20697
3.09521 2.26525 2.23572
3.06602 2.30192 2.24316
3.04283 2.33057 2.25126
3.01514 2.36414 2.26045
2.99007 2.39331 2.28083
2.96563 2.42394 2.24419
2.94032 2.45397 2.27132
2.91014 2.48883 2.28424
2.8776 2.52338 2.32635
2.84312 2.55958 2.33181
2.82338 2.58075 2.32113
2.79322 2.61034 2.36575
2.76666 2.63844 2.32796
2.73084 2.67105 2.4032
2.69799 2.70089 2.40417
2.67111 2.72468 2.41698
2.64245 2.75292 2.36368
2.60621 2.78711 2.38514
2.57227 2.81921 2.38414
2.55665 2.83394 2.38541
2.52497 2.86115 2.43199
2.50142 2.88004 2.46562
2.46388 2.90859 2.49144
2.42592 2.94102 2.43453
2.38913 2.97442 2.40438
2.3515 3.00537 2.45337
2.32565 3.02939 2.39299
2.28694 3.06103 2.45626
2.25799 3.08567 2.43656
2.22829 3.11014 2.45237
2.19777 3.13365 2.48519
2.17514 3.14924 2.53827
2.13472 3.17685 2.54244
2.09188 3.20261 2.60005
2.06395 3.21922 2.60528
2.02429 3.24247 2.61139
1.98131 3.26798 2.60577
1.94661 3.28589 2.66517
1.90728 3.30781 2.63316
1.86251 3.33009 2.67984
1.82877 3.34691 2.67903
1.78646 3.36814 2.67666
1.74208 3.39116 2.66308
1.70319 3.4121 2.6476
1.6593 3.43564 2.64931
1.63554 3.448 2.66194
1.59684 3.46368 2.75655
1.55879 3.4811 2.71226
1.51358 3.50191 2.71023
1.46984 3.51897 2.76973
1.43259 3.53324 2.77579
1.38624 3.54998 2.79503
1.36226 3.55791 2.82228
1.3319 3.56808 2.81839
1.29529 3.58 2.82659
1.26633 3.5885 2.85618
1.2187 3.60212 2.86304
1.18271 3.61108 2.89774
1.14366 3.6207 2.90008
1.10761 3.6289 2.91801
1.07223 3.63743 2.90478
1.02373 3.6482 2.92325
0.98361 3.65637 2.94065
0.935071 3.66833 2.89997
0.889376 3.6795 2.9018
0.840946 3.69193 2.89036
0.79253 3.70391 2.89896
0.752172 3.7137 2.90377
0.718588 3.71998 2.95655
0.669549 3.7297 2.94593
0.659985 3.73145 2.96049
0.643303 3.73461 2.95485
0.625628 3.73763 2.97239
0.592681 3.74149 3.02499
0.561885 3.74509 3.02502
0.525416 3.74827 3.05473
0.484138 3.75287 3.03057
0.434305 3.75695 3.05985
0.39442 3.75927 3.08358
0.370714 3.76194 3.02933
0.328781 3.7638 3.09737
0.285456 3.7657 3.09777
0.252136 3.76663 3.11347
0.202152 3.76789 3.11651
0.152195 3.76781 3.14316
0.109514 3.76847 -3.15704
0.0819542 3.76806 3.15624
0.0497074 3.76717 -3.11401
0.0256284 3.76712 -3.13929
0.00622207 3.7669 -3.13033
-0.0227099 3.76644 -3.12572
-0.0453046 3.76635 -3.13732
-0.0667566 3.76604 -3.12714
-0.083739 3.76591 -3.13449
-0.108196 3.76514 -3.10997
-0.130397 3.76543 -3.15469
-0.180381 3.76532 3.14381
-0.223424 3.76343 -3.0977
-0.269813 3.76104 -3.09009
-0.316445 3.75785 -3.07322
-0.364786 3.75537 -3.0905
-0.412077 3.75459 -3.12498
-0.460897 3.75254 -3.09971
-0.510819 3.74984 -3.08755
-0.555804 3.74498 -3.03387
-0.603714 3.74169 -3.07312
-0.642345 3.73915 -3.07586
-0.692236 3.73622 -3.08289
-0.732828 3.7322 -3.04303
-0.780936 3.72736 -3.04135
-0.830592 3.72158 -3.02556
-0.87938 3.71733 -3.0547
-0.928974 3.71097 -3.0141
-0.959282 3.70833 -3.05491
-1.0087 3.70226 -3.01927
-1.05696 3.69504 -2.99316
-1.10582 3.68441 -2.92738
-1.1464 3.67479 -2.9087
-1.18585 3.66357 -2.86454
-1.23173 3.65068 -2.86776
-1.27686 3.63754 -2.85829
-1.32189 3.6232 -2.83325
-1.36929 3.60736 -2.819
-1.40719 3.59378 -2.7975
-1.45272 3.57331 -2.71923
-1.49924 3.55498 -2.76608
-1.53884 3.53722 -2.72007
-1.58559 3.5195 -2.77927
-1.62277 3.50296 -2.72309
-1.66435 3.48184 -2.67167
-1.70426 3.46214 -2.68296
-1.74378 3.44208 -2.67196
-1.78758 3.41863 -2.65001
-1.82543 3.39807 -2.64403
-1.86918 3.37389 -2.63672
-1.91169 3.34764 -2.58837
-1.94385 3.32854 -2.60568
-1.98514 3.30364 -2.59881
-2.01757 3.28174 -2.54777
-2.05937 3.25431 -2.56095
-2.0998 3.22813 -2.56677
-2.13401 3.20451 -2.53739
-2.17564 3.17721 -2.56128
-2.2091 3.15461 -2.54742
-2.24381 3.13171 -2.55843
-2.27906 3.10758 -2.54125
-2.31792 3.07641 -2.46551
-2.34853 3.05177 -2.46403
-2.38668 3.01945 -2.43862
-2.41691 2.99387 -2.4393
-2.45451 2.96249 -2.44617
-2.49217 2.92982 -2.42693
-2.52708 2.90061 -2.44491
-2.56161 2.87035 -2.42212
-2.58954 2.8444 -2.39295
-2.62397 2.81162 -2.38068
-2.6606 2.77831 -2.40368
-2.6961 2.7442 -2.37609
-2.73131 2.71063 -2.38005
-2.764 2.67936 -2.37835
-2.79943 2.64419 -2.35995
-2.83612 2.61077 -2.40277
-2.87323 2.57757 -2.41189
-2.90866 2.54426 -2.38692
-2.94339 2.51041 -2.36893
-2.97755 2.47561 -2.34703
-3.01134 2.44029 -2.33401
-3.04096 2.40834 -2.31831
-3.07379 2.37064 -2.28743
-3.09977 2.34055 -2.28287
-3.13343 2.30359 -2.3095
-3.16646 2.26608 -2.29272
-3.19531 2.23486 -2.31675
-3.22706 2.19623 -2.25889
-3.25946 2.15952 -2.29383
-3.2879 2.12424 -2.24936
-3.31652 2.08326 -2.18039
-3.34195 2.0454 -2.16228
-3.36823 2.00286 -2.12416
-3.39416 1.96252 -2.14203
-3.42009 1.92013 -2.11974
-3.44356 1.88046 -2.10513
-3.46752 1.83852 -2.08986
-3.48956 1.80095 -2.10121
-3.51528 1.75888 -2.11958
-3.53887 1.71708 -2.08468
-3.56021 1.67934 -2.08542
-3.57939 1.64838 -2.1252
-3.59457 1.62345 -2.11799
-3.61256 1.59234 -2.09498
-3.6329 1.55382 -2.05651
-3.65581 1.51114 -2.0635
-3.67731 1.47599 -2.11984
-3.69875 1.44204 -2.13397
-3.72065 1.40543 -2.11006
-3.74404 1.36774 -2.12617
-3.76665 1.32943 -2.10402
-3.78946 1.28933 -2.08791
-3.81087 1.25283 -2.1013
-3.83315 1.21785 -2.13776
-3.85629 1.1845 -2.17736
-3.8795 1.15176 -2.1875
-3.89873 1.12411 -2.17878
-3.91584 1.09965 -2.18112
-3.93395 1.0722 -2.15382
-3.95183 1.0448 -2.14889
-3.97843 1.00865 -2.20533
-4.00249 0.976513 -2.21332
-4.02622 0.944702 -2.21177
-4.05114 0.9092 -2.1828
-4.07694 0.872667 -2.18563
-4.09907 0.839722 -2.16231
-4.11928 0.808347 -2.14306
-4.13697 0.780668 -2.13955
-4.15357 0.753614 -2.1212
-4.16445 0.73531 -2.10706
-4.1786 0.710891 -2.09582
-4.19013 0.695049 -2.20015
-4.19519 0.687648 -2.17033
-4.20264 0.67639 -2.1553
-4.20885 0.667566 -2.18445
-4.21268 0.661963 -2.16981
-4.21977 0.651459 -2.1645
-4.23862 0.620517 -2.11795
-4.24653 0.605762 -2.06317
-4.25712 0.5859 -2.0606
-4.26861 0.562632 -2.02942
-4.27503 0.550092 -2.0438
-4.27838 0.543268 -2.02707
-4.28007 0.539583 -2.00227
-4.28712 0.521564 -1.94333
-4.29508 0.502754 -1.97139
-4.30196 0.485469 -1.9494
-4.30968 0.468138 -1.9901
-4.3179 0.452179 -2.04635
-4.32534 0.438566 -2.07097
-4.3347 0.420715 -2.05361
-4.33966 0.411752 -2.07676
-4.34679 0.399487 -2.09731
-4.34793 0.39745 -2.08119
-4.34804 0.397246 -2.06364
-4.35043 0.39278 -2.06126
-4.35388 0.386054 -2.04482
-4.36007 0.37387 -2.04063
-4.36428 0.365197 -2.02281
-4.36474 0.364173 -1.99209
-4.36875 0.355511 -2.00442
-4.37212 0.347636 -1.97603
-4.37719 0.335706 -1.97206
-4.38129 0.324708 -1.92805
True
0.0682919
