4.46861 -0.012842 -2.75325
4.43052 -0.0305079 -2.70737
4.38996 -0.0515634 -2.66271
4.36205 -0.0663095 -2.6555
4.32295 -0.0895882 -2.60468
4.28705 -0.113713 -2.54992
4.24846 -0.140523 -2.53436
4.21081 -0.169539 -2.485
4.18312 -0.193539 -2.42744
4.15148 -0.222348 -2.40295
4.11893 -0.251911 -2.40423
4.09075 -0.28102 -2.34013
4.05611 -0.317032 -2.33673
4.03677 -0.339261 -2.28674
4.01551 -0.366949 -2.22572
4.00071 -0.388469 -2.17303
3.97572 -0.425681 -2.16227
3.94943 -0.467903 -2.12768
3.92612 -0.512137 -2.05575
3.90484 -0.557367 -2.01051
3.89271 -0.588284 -1.94467
3.87955 -0.623908 -1.92468
3.86463 -0.667982 -1.89721
3.8542 -0.706979 -1.83217
3.84333 -0.742499 -1.86796
3.82968 -0.783873 -1.88931
3.81393 -0.830145 -1.89902
3.79984 -0.872549 -1.8914
3.78292 -0.919238 -1.9185
3.77177 -0.949844 -1.92023
3.75692 -0.991777 -1.91113
3.74649 -1.02211 -1.90216
3.7386 -1.04483 -1.90484
3.72326 -1.09241 -1.88269
3.70941 -1.13989 -1.85462
3.6968 -1.18251 -1.85839
3.69094 -1.20431 -1.83341
3.67408 -1.25133 -1.91521
3.65996 -1.29284 -1.89865
3.64412 -1.33694 -1.91567
3.63413 -1.36152 -1.95667
3.61469 -1.40756 -1.97034
3.59132 -1.45175 -2.05719
3.57572 -1.48114 -2.05892
3.56434 -1.50183 -2.07352
3.54149 -1.54617 -2.04663
3.5182 -1.59042 -2.05538
3.49727 -1.62878 -2.07024
3.47725 -1.66539 -2.07115
3.45259 -1.70887 -2.08674
3.42898 -1.75253 -2.0665
3.40769 -1.79211 -2.06436
3.38362 -1.83294 -2.10337
3.36766 -1.86032 -2.09857
3.35276 -1.88572 -2.1013
3.32716 -1.92625 -2.13418
3.30377 -1.96441 -2.12074
3.27903 -2.00281 -2.143
3.25425 -2.04134 -2.14253
3.23571 -2.07052 -2.13678
3.22047 -2.09564 -2.11589
3.19746 -2.13256 -2.1283
3.1701 -2.17154 -2.18279
3.14644 -2.20573 -2.17597
3.11652 -2.24578 -2.21254
3.08544 -2.28484 -2.24284
3.05912 -2.31521 -2.28484
3.03276 -2.34589 -2.28052
2.99884 -2.38259 -2.31702
2.96754 -2.41995 -2.26808
2.93455 -2.4572 -2.29561
2.91025 -2.48527 -2.2844
2.87807 -2.5221 -2.28876
2.85511 -2.54784 -2.29933
2.82626 -2.582 -2.27207
2.81266 -2.59851 -2.25997
2.78141 -2.63707 -2.25185
2.75196 -2.67033 -2.2955
2.72425 -2.70045 -2.31457
2.68889 -2.73454 -2.37445
2.65361 -2.76997 -2.35402
2.62203 -2.80258 -2.34023
2.59263 -2.83257 -2.34626
2.55833 -2.86438 -2.39386
2.5244 -2.89417 -2.42102
2.49021 -2.92629 -2.38751
2.45682 -2.9571 -2.39644
2.41952 -2.988 -2.44966
2.38126 -3.0195 -2.45269
2.34835 -3.05053 -2.38561
2.31304 -3.08158 -2.42039
2.27605 -3.11514 -2.40483
2.24298 -3.14485 -2.40947
2.20726 -3.17676 -2.41261
2.16807 -3.20782 -2.47133
2.12833 -3.23748 -2.50053
2.09951 -3.25801 -2.52249
2.05988 -3.28666 -2.51567
2.0263 -3.30997 -2.53475
1.98517 -3.33836 -2.53747
1.94906 -3.36166 -2.56848
1.90786 -3.38608 -2.60665
1.86887 -3.40718 -2.64565
1.83445 -3.42637 -2.63272
1.79155 -3.44798 -2.67511
1.74875 -3.47019 -2.66288
1.7108 -3.48911 -2.67909
1.67257 -3.50751 -2.69309
1.62649 -3.52692 -2.74282
1.57993 -3.54461 -2.77862
1.53993 -3.56001 -2.77397
1.49998 -3.57609 -2.75897
1.45825 -3.59259 -2.76515
1.41835 -3.60658 -2.80423
1.38557 -3.61779 -2.81216
1.34708 -3.63007 -2.83281
1.30006 -3.64603 -2.81425
1.25245 -3.66117 -2.83379
1.20521 -3.67664 -2.8251
1.1589 -3.69072 -2.84646
1.11592 -3.70282 -2.86715
1.06981 -3.71524 -2.87851
1.0223 -3.72596 -2.91971
0.975722 -3.73604 -2.92849
0.930525 -3.74491 -2.94762
0.886763 -3.75069 -3.01044
0.849258 -3.75707 -2.97296
0.801902 -3.76591 -2.95707
0.756668 -3.77424 -2.95947
0.720246 -3.77932 -3.0029
0.672157 -3.78652 -2.99305
0.622781 -3.79158 -3.03947
0.577754 -3.79706 -3.0204
0.531538 -3.80268 -3.02065
0.486403 -3.80917 -2.99877
0.437361 -3.81664 -2.99046
0.388142 -3.82229 -3.02725
0.341245 -3.82777 -3.02529
0.299213 -3.83068 -3.07246
0.25298 -3.83394 -3.07118
0.205537 -3.83652 -3.08734
0.157293 -3.83894 -3.09151
0.107845 -3.8428 -3.06354
0.0580859 -3.8475 -3.04761
0.00872345 -3.85103 -3.07016
-0.0410063 -3.85622 -3.03762
-0.0882604 -3.85848 -3.09365
-0.13435 -3.86095 -3.08815
-0.179242 -3.86267 -3.10318
-0.228312 -3.86442 -3.10603
-0.277035 -3.86782 -3.07196
-0.326092 -3.86991 -3.09901
-0.370499 -3.87321 -3.06732
-0.418451 -3.87557 -3.09252
-0.467044 -3.87657 -3.12103
-0.516978 -3.87783 -3.11631
-0.557661 -3.87841 -3.12743
-0.594769 -3.87942 -3.11422
-0.643226 -3.87948 -3.14042
-0.693037 -3.88085 -3.11415
-0.742828 -3.88225 -3.11332
-0.791904 -3.88237 -3.13916
-0.836197 -3.87906 -3.21631
-0.882119 -3.87656 3.08716
-0.931791 -3.87451 3.10051
-0.981714 -3.8719 3.08927
-1.02662 -3.87009 3.10126
-1.06922 -3.86758 3.08286
-1.11418 -3.86567 3.0991
-1.15847 -3.86455 3.11638
-1.20738 -3.86493 3.14931
-1.25601 -3.86531 -3.13384
-1.30401 -3.86461 -3.15615
-1.3537 -3.86594 3.16831
-1.39973 -3.86802 -3.09631
-1.4497 -3.86953 -3.1115
-1.49563 -3.86831 -3.16812
-1.53389 -3.86678 3.10174
-1.58189 -3.86374 3.07823
-1.62583 -3.85898 3.03381
-1.67531 -3.85449 3.051
-1.72377 -3.85238 3.09813
-1.76546 -3.84956 3.07394
-1.79937 -3.84765 3.08549
-1.84251 -3.84672 3.12008
-1.89136 -3.84494 3.10503
-1.93999 -3.84549 3.15296
-1.98366 -3.84668 -3.11434
-2.03313 -3.84683 -3.13857
-2.07562 -3.84743 -3.12743
-2.12251 -3.84861 -3.11646
-2.16633 -3.84944 -3.12276
-2.20663 -3.85012 -3.12467
-2.25028 -3.85089 -3.12393
-2.30025 -3.84911 -3.17718
-2.34948 -3.84763 3.11154
-2.39441 -3.84475 3.07762
-2.44384 -3.84043 3.05436
-2.48354 -3.83766 3.07195
-2.53278 -3.83533 3.0944
-2.57813 -3.83407 3.11375
-2.62028 -3.83176 3.08684
-2.66232 -3.82873 3.06958
-2.70519 -3.82696 3.10029
-2.7323 -3.82579 3.09848
-2.76032 -3.82452 3.09658
-2.79745 -3.82302 3.10113
-2.83039 -3.82011 3.05358
-2.87555 -3.81578 3.04586
-2.90659 -3.81296 3.05112
-2.93884 -3.81051 3.06577
-2.96947 -3.80933 3.10319
-3.00706 -3.80956 3.1476
-3.04905 -3.80915 -3.15142
-3.09149 -3.80773 3.10829
-3.13811 -3.80536 3.09063
-3.18529 -3.80263 3.08383
-3.22418 -3.80029 3.08143
-3.24094 -3.79912 3.07222
-3.26562 -3.79709 3.05967
-3.28252 -3.79538 3.04065
-3.31597 -3.79168 3.03144
-3.32027 -3.79139 3.0745
-3.33953 -3.79076 3.10873
-3.36638 -3.78921 3.08402
-3.38793 -3.78802 3.08634
-3.40197 -3.78685 3.05805
-3.41099 -3.78604 3.05262
-3.42111 -3.78557 3.09543
-3.4325 -3.78526 3.11423
-3.45749 -3.78413 3.09616
-3.46197 -3.78391 3.09255
-3.47947 -3.78254 3.06386
-3.50703 -3.78113 3.09039
-3.52056 -3.7803 3.08012
-3.54136 -3.77915 3.08644
-3.56649 -3.7778 3.08784
-3.60751 -3.77562 3.08846
-3.63823 -3.77394 3.08705
-3.66119 -3.77166 3.04287
-3.6869 -3.76859 3.0225
-3.71871 -3.76504 3.03042
-3.74546 -3.76105 2.99369
-3.76934 -3.7562 2.9412
-3.78475 -3.75212 2.88262
-3.80787 -3.74611 2.88751
-3.82675 -3.74134 2.89399
-3.8668 -3.73017 2.86956
-3.88529 -3.72456 2.84688
-3.90898 -3.71795 2.86969
-3.91108 -3.71739 2.87932
-3.923 -3.71424 2.88306
-3.93483 -3.71168 2.9288
-3.94857 -3.70839 2.9064
-3.96157 -3.70522 2.90254
-3.97733 -3.70169 2.92133
-3.98191 -3.70058 2.90258
-3.98622 -3.69962 2.9236
-3.99688 -3.69758 2.95226
-4.01415 -3.69388 2.93048
-4.02426 -3.69163 2.92258
-4.03408 -3.68963 2.94061
-4.04091 -3.6883 2.94922
-4.0521 -3.68626 2.96146
-4.05953 -3.68521 3.0018
-4.07139 -3.68375 3.01911
-4.07926 -3.68302 3.049
-4.08672 -3.68254 3.07779
-4.09232 -3.6822 3.08086
-4.10116 -3.68158 3.07123
-4.11361 -3.68041 3.04774
-4.12592 -3.67934 3.05454
-4.13458 -3.67861 3.05856
-4.13572 -3.67853 3.06987
-4.13546 -3.67854 3.11317
-4.14569 -3.67868 3.15542
-4.1524 -3.67916 -3.06976
-4.1702 -3.68135 -3.01929
-4.18167 -3.68268 -3.02674
-4.19725 -3.6839 -3.06334
-4.21386 -3.68451 -3.10459
True
0.0661542
