-5.47943 1.74432 -0.0725299
-5.46564 1.7425 -0.131656
-5.42762 1.7386 -0.102201
-5.37811 1.73182 -0.136125
-5.33172 1.72627 -0.118968
-5.284 1.71968 -0.137321
-5.23518 1.71141 -0.167782
-5.19252 1.70425 -0.166205
-5.15047 1.6978 -0.152193
-5.10122 1.68993 -0.158561
-5.0542 1.68364 -0.132802
-5.00972 1.67754 -0.136511
-4.96999 1.67067 -0.171056
-4.92645 1.6634 -0.165425
-4.8782 1.65739 -0.124066
-4.82864 1.65078 -0.132419
-4.78004 1.64154 -0.188036
-4.74025 1.63499 -0.163069
-4.69237 1.62808 -0.143333
-4.64288 1.6211 -0.140116
-4.6044 1.61566 -0.140411
-4.55722 1.60732 -0.174999
-4.51225 1.59779 -0.208766
-4.46427 1.58907 -0.179789
-4.41508 1.5801 -0.180457
-4.36888 1.5729 -0.154591
-4.32029 1.56531 -0.15483
-4.28587 1.56035 -0.143202
-4.23822 1.55192 -0.175083
-4.20441 1.54773 -0.123377
-4.1566 1.54088 -0.142282
-4.11146 1.53542 -0.120396
-4.06201 1.52974 -0.11427
-4.01396 1.52631 -0.0713333
-3.96719 1.52358 -0.058332
-3.9274 1.52157 -0.0504373
-3.88286 1.51831 -0.0729792
-3.83395 1.51417 -0.0845257
-3.78446 1.50717 -0.140429
-3.74045 1.5037 -0.0788038
-3.69095 1.49662 -0.142086
-3.65488 1.49079 -0.160307
-3.61275 1.4822 -0.201132
-3.56309 1.47651 -0.114031
-3.5184 1.46931 -0.159695
-3.47369 1.46312 -0.137603
-3.42442 1.45775 -0.108545
-3.37509 1.45123 -0.131308
-3.32961 1.44587 -0.117444
-3.28053 1.43904 -0.138195
-3.2347 1.4323 -0.146061
-3.19411 1.42701 -0.129716
-3.14951 1.42144 -0.124137
-3.10803 1.41545 -0.143558
-3.06226 1.40685 -0.185622
-3.01317 1.39926 -0.153376
-2.96725 1.39289 -0.137851
-2.92665 1.38686 -0.147531
-2.89865 1.38299 -0.137099
-2.85317 1.3786 -0.0963671
-2.80563 1.37532 -0.0687641
-2.77077 1.37334 -0.0569496
-2.72104 1.37116 -0.0437103
-2.67138 1.37016 -0.0201113
-2.62335 1.3714 0.0258322
-2.58026 1.37242 0.0234821
-2.53358 1.3735 0.0231867
-2.48921 1.37159 -0.0430753
-2.45564 1.37191 0.00972479
-2.40624 1.3717 -0.00434429
-2.36786 1.37168 -0.000527359
-2.32188 1.37154 -0.00300492
-2.2719 1.37021 -0.0264923
-2.22897 1.37049 0.00631299
-2.18615 1.37054 0.00118791
-2.13621 1.37069 0.00314916
-2.09026 1.37083 0.00290532
-2.04035 1.36928 -0.0309357
-1.99661 1.36815 -0.0258648
-1.95242 1.3651 -0.0689459
-1.90482 1.36173 -0.0706371
-1.85505 1.35882 -0.05838
-1.8053 1.35389 -0.0987492
-1.75786 1.34696 -0.14507
-1.712 1.34128 -0.123394
-1.66336 1.33386 -0.151331
-1.61446 1.32841 -0.110947
-1.57317 1.32403 -0.105725
-1.52487 1.31802 -0.123798
-1.48409 1.31208 -0.144562
-1.43688 1.30336 -0.182588
-1.38747 1.29877 -0.0926339
-1.33894 1.29271 -0.124378
-1.29159 1.28833 -0.0921602
-1.24244 1.27931 -0.181473
-1.19362 1.27364 -0.115658
-1.14409 1.26719 -0.129616
-1.10311 1.26249 -0.114154
-1.05618 1.25767 -0.102268
-1.00734 1.25326 -0.0899568
-0.965454 1.24846 -0.114268
-0.920944 1.24488 -0.0801238
-0.871223 1.24103 -0.077447
-0.821833 1.23692 -0.0828387
-0.773034 1.23376 -0.0648013
-0.726959 1.23343 -0.00709003
-0.684028 1.23313 -0.00698129
-0.634047 1.2345 0.0274517
-0.584776 1.23589 0.0280606
-0.53481 1.23733 0.0288758
-0.499332 1.23944 0.0594999
-0.457087 1.2401 0.0154469
-0.410471 1.24139 0.0278407
-0.360797 1.24287 0.029774
-0.323903 1.24416 0.0347867
-0.278804 1.24533 0.0259745
-0.228831 1.24675 0.0283264
-0.183347 1.24731 0.0123922
-0.142526 1.24815 0.0207245
-0.0946197 1.24964 0.0309998
-0.0497756 1.2522 0.0570095
-0.00365605 1.25677 0.0987139
0.0451634 1.26558 0.178665
0.0947909 1.27166 0.121875
0.142886 1.2796 0.163555
0.176786 1.28239 0.0821195
0.203248 1.28633 0.147994
0.250585 1.29198 0.118777
0.299271 1.29695 0.101739
0.344455 1.30228 0.117345
0.375786 1.30401 0.0551074
0.422366 1.30941 0.115336
0.471609 1.3172 0.157081
0.497522 1.32109 0.148818
0.544132 1.32576 0.0997664
0.592876 1.33041 0.0952424
0.640939 1.3351 0.0973265
0.682411 1.33909 0.095795
0.727987 1.3444 0.116057
0.776496 1.34944 0.10339
0.823939 1.35466 0.109684
0.873402 1.36034 0.114267
0.91847 1.36515 0.106363
0.961479 1.36959 0.102869
1.01066 1.37508 0.111137
1.05258 1.38095 0.139094
1.10011 1.38731 0.13301
1.14517 1.39157 0.0943361
1.192 1.39484 0.0696302
1.24184 1.39858 0.0749446
1.29175 1.40112 0.05097
1.34172 1.40269 0.03133
1.39169 1.40411 0.0284909
1.4416 1.40533 0.0243522
1.48595 1.40653 0.0270444
1.53506 1.40552 -0.0204828
1.58112 1.40443 -0.0236438
1.62516 1.40229 -0.0487435
1.67291 1.39902 -0.0683122
1.71621 1.39636 -0.0613435
1.75967 1.39145 -0.112421
1.809 1.38363 -0.1573
1.85594 1.37626 -0.155762
1.90232 1.36748 -0.187052
1.94775 1.35553 -0.25715
1.99541 1.34081 -0.299669
2.03102 1.33018 -0.290038
2.07706 1.31824 -0.25373
2.12529 1.30507 -0.266653
2.16895 1.29166 -0.2978
2.20836 1.28243 -0.230099
2.25544 1.2732 -0.193678
2.30442 1.26465 -0.172831
2.35369 1.25661 -0.161653
2.40315 1.25098 -0.113429
2.45289 1.24598 -0.100163
2.5016 1.24073 -0.107479
2.54052 1.23595 -0.122023
2.58828 1.2321 -0.080429
2.63546 1.22692 -0.109421
2.67513 1.22313 -0.0951022
2.72314 1.21861 -0.0940357
2.77255 1.21542 -0.0644104
2.82196 1.21409 -0.0269899
2.86966 1.21217 -0.0401961
2.9137 1.20911 -0.0693165
2.96326 1.20444 -0.0940119
3.01241 1.20009 -0.0883057
3.05046 1.19661 -0.0909797
3.09052 1.19234 -0.106401
3.13594 1.18656 -0.126484
3.18316 1.18047 -0.128323
3.2254 1.17608 -0.103489
3.26517 1.17222 -0.0967526
3.30435 1.16866 -0.0907403
3.34031 1.1639 -0.131557
3.38639 1.15781 -0.131337
3.42762 1.15283 -0.120224
3.46701 1.14842 -0.111495
3.50446 1.14432 -0.109073
3.53344 1.14115 -0.108814
3.56581 1.13759 -0.109587
3.60112 1.13392 -0.10369
3.63986 1.13027 -0.0938486
3.67899 1.12839 -0.0479175
3.72335 1.12821 -0.00405696
3.77019 1.12581 -0.0511835
3.80435 1.12187 -0.115036
3.83783 1.11763 -0.125998
3.88021 1.11229 -0.125342
3.92848 1.105 -0.149722
3.97487 1.09706 -0.169706
4.0116 1.09061 -0.173677
4.0377 1.08593 -0.177538
4.04957 1.08405 -0.156815
4.06594 1.08145 -0.157529
4.09138 1.07696 -0.174614
4.10635 1.07466 -0.152595
4.11823 1.07299 -0.139784
4.1428 1.06886 -0.166554
4.15891 1.06686 -0.123085
4.16302 1.0665 -0.0879432
4.18178 1.06417 -0.123855
4.20433 1.06165 -0.110975
4.24656 1.05586 -0.13629
4.29153 1.05099 -0.107974
4.33832 1.04636 -0.0985136
4.3611 1.04367 -0.117839
4.3791 1.04138 -0.126469
4.40565 1.0372 -0.156216
4.42371 1.03475 -0.134879
4.44914 1.03094 -0.148657
4.46289 1.02886 -0.150167
4.47937 1.02663 -0.134337
4.50341 1.02375 -0.11934
4.52872 1.02166 -0.0824454
4.56371 1.01997 -0.0482518
4.59074 1.01901 -0.0352489
4.60637 1.0188 -0.0137046
4.61741 1.01918 0.0342359
4.63651 1.01936 0.00973826
4.66701 1.0205 0.0373672
4.69265 1.02104 0.0208129
4.71678 1.02078 -0.0107667
4.75283 1.02049 -0.00799013
4.79567 1.01953 -0.02243
4.83347 1.01883 -0.0185513
4.86132 1.01875 -0.00275959
4.88741 1.01789 -0.0330428
4.90733 1.01732 -0.0285243
4.92826 1.01687 -0.0212607
4.94015 1.01647 -0.033636
4.94747 1.01606 -0.0562026
4.95946 1.0151 -0.0804083
4.96766 1.01447 -0.0767779
4.97699 1.01378 -0.0730401
4.98436 1.01302 -0.103678
4.9856 1.01289 -0.102005
5.00009 1.01066 -0.15287
5.00834 1.00937 -0.15509
5.01998 1.00729 -0.176765
5.03212 1.00489 -0.195414
5.04522 1.00262 -0.171444
5.04726 1.00225 -0.177607
5.05234 1.00146 -0.153932
5.06919 0.99885 -0.153747
5.07656 0.997875 -0.131658
5.08178 0.997445 -0.0821843
5.08783 0.996735 -0.116604
5.10142 0.995342 -0.102194
5.11036 0.99418 -0.129236
5.11492 0.99333 -0.184447
5.12628 0.991024 -0.200266
5.13918 0.988617 -0.184366
5.16041 0.984827 -0.176709
5.17939 0.981836 -0.156344
5.19618 0.979038 -0.165012
5.21368 0.975647 -0.191457
True
0.248762
