-5.45039 -0.903362 -0.0896585
-5.40169 -0.907995 -0.0948403
-5.36523 -0.91074 -0.0751589
-5.31609 -0.917337 -0.133428
-5.26648 -0.923554 -0.124689
-5.22737 -0.927642 -0.104147
-5.18385 -0.93367 -0.137626
-5.14002 -0.938295 -0.105133
-5.09406 -0.943089 -0.10394
-5.04472 -0.950141 -0.141954
-4.99892 -0.955655 -0.119815
-4.94949 -0.961236 -0.112431
-4.90332 -0.966577 -0.115169
-4.85822 -0.972198 -0.124004
-4.81112 -0.976956 -0.100668
-4.76148 -0.982241 -0.106051
-4.71214 -0.990386 -0.163642
-4.66299 -0.99897 -0.172905
-4.6185 -1.00613 -0.159462
-4.58056 -1.01232 -0.161727
-4.54683 -1.01628 -0.117046
-4.49712 -1.02128 -0.100221
-4.45448 -1.02442 -0.0735563
-4.40498 -1.03081 -0.128393
-4.35528 -1.03597 -0.103436
-4.30677 -1.03927 -0.067924
-4.26321 -1.04033 -0.0241625
-4.22116 -1.04192 -0.0378604
-4.17267 -1.04223 -0.00635514
-4.12388 -1.04213 0.00205086
-4.07397 -1.04213 -0.000151952
-4.02468 -1.04366 -0.0309432
-3.98166 -1.04545 -0.0415998
-3.94712 -1.04807 -0.0757496
-3.89728 -1.05116 -0.0618905
-3.84917 -1.05562 -0.0925375
-3.80276 -1.05801 -0.0512955
-3.76283 -1.06044 -0.0608846
-3.71898 -1.06278 -0.0531783
-3.67987 -1.06682 -0.102934
-3.63599 -1.07095 -0.0938526
-3.59428 -1.07483 -0.0928152
-3.54817 -1.08193 -0.15288
-3.50163 -1.08942 -0.159414
-3.45219 -1.09605 -0.133403
-3.40573 -1.10253 -0.138471
-3.35808 -1.10945 -0.144208
-3.31499 -1.1183 -0.202784
-3.26725 -1.12758 -0.191873
-3.21955 -1.13653 -0.185418
-3.17071 -1.14637 -0.198958
-3.12146 -1.1548 -0.169431
-3.07955 -1.16179 -0.165205
-3.03075 -1.16989 -0.164477
-2.98325 -1.17768 -0.162733
-2.93408 -1.18273 -0.102238
-2.88464 -1.18874 -0.120955
-2.83517 -1.19143 -0.0543828
-2.78781 -1.19366 -0.0470614
-2.74257 -1.19769 -0.0888649
-2.70819 -1.20183 -0.119639
-2.66133 -1.2045 -0.0570447
-2.61247 -1.20763 -0.0639199
-2.56841 -1.21091 -0.0743968
-2.51847 -1.2133 -0.0477264
-2.47241 -1.21574 -0.0528927
-2.42375 -1.21924 -0.0718584
-2.37704 -1.22196 -0.058192
-2.33053 -1.22309 -0.0243839
-2.29324 -1.22367 -0.0153346
-2.25498 -1.22562 -0.0511028
-2.21089 -1.22911 -0.0788686
-2.16549 -1.23254 -0.0754049
-2.12342 -1.23478 -0.0531596
-2.0741 -1.23772 -0.0595559
-2.0242 -1.23986 -0.0428353
-1.97454 -1.24551 -0.113312
-1.9252 -1.25094 -0.109679
-1.87627 -1.25526 -0.0881175
-1.83654 -1.25544 -0.00435854
-1.78655 -1.25638 -0.0188698
-1.73697 -1.2569 -0.0104193
-1.68704 -1.25875 -0.0370216
-1.63868 -1.26065 -0.0393111
-1.58886 -1.26449 -0.077016
-1.53932 -1.26625 -0.0354982
-1.49284 -1.26958 -0.0714018
-1.45885 -1.27222 -0.0775307
-1.41875 -1.27617 -0.0982629
-1.37079 -1.28173 -0.115466
-1.32396 -1.287 -0.111987
-1.27663 -1.29549 -0.177439
-1.22738 -1.30323 -0.155908
-1.1787 -1.31234 -0.184963
-1.12994 -1.3229 -0.213386
-1.08922 -1.33149 -0.207885
-1.04445 -1.34137 -0.217276
-1.00337 -1.34687 -0.132929
-0.95555 -1.35436 -0.155473
-0.906477 -1.3612 -0.138532
-0.861499 -1.36805 -0.150961
-0.813551 -1.37634 -0.171248
-0.766628 -1.38187 -0.117309
-0.722813 -1.38695 -0.115487
-0.672946 -1.39041 -0.0693326
-0.62386 -1.3952 -0.0972473
-0.581367 -1.39841 -0.0752965
-0.533963 -1.40324 -0.101531
-0.484177 -1.40778 -0.0909827
-0.439249 -1.41229 -0.100088
-0.389499 -1.41696 -0.0935996
-0.341545 -1.42229 -0.110587
-0.301591 -1.42628 -0.0996748
-0.257387 -1.43035 -0.0917502
-0.223697 -1.43301 -0.0787421
-0.174972 -1.43869 -0.116084
-0.129962 -1.44262 -0.0871556
-0.0877629 -1.44719 -0.107727
-0.0422584 -1.45177 -0.100406
0.00119748 -1.45602 -0.097562
0.0479848 -1.46031 -0.0913234
0.0903916 -1.46543 -0.120176
0.129785 -1.4699 -0.11289
0.178458 -1.47511 -0.106664
0.228045 -1.48137 -0.125567
0.276719 -1.48622 -0.0993757
0.326263 -1.49275 -0.131114
0.37582 -1.49904 -0.126221
0.425011 -1.50332 -0.086732
0.46165 -1.50756 -0.115357
0.501029 -1.51122 -0.0927054
0.55081 -1.51493 -0.0741947
0.599658 -1.5184 -0.0710203
0.64699 -1.52234 -0.0831107
0.69311 -1.52592 -0.0774205
0.742594 -1.52804 -0.0428282
0.785154 -1.52998 -0.0454885
0.834424 -1.5327 -0.0551833
0.87744 -1.53473 -0.0471066
0.926942 -1.53585 -0.0226913
0.976837 -1.53898 -0.0626221
1.02012 -1.54204 -0.0704854
1.07005 -1.54404 -0.0401966
1.11131 -1.54724 -0.0771948
1.1598 -1.55416 -0.14177
1.20707 -1.56097 -0.143246
1.25566 -1.56864 -0.156438
1.3046 -1.57707 -0.17053
1.35327 -1.58543 -0.170182
1.39446 -1.5946 -0.219111
1.43846 -1.60392 -0.208599
1.47078 -1.60874 -0.148102
1.51829 -1.61734 -0.179097
1.56651 -1.62589 -0.175514
1.61489 -1.63439 -0.173925
1.66381 -1.64336 -0.181321
1.71181 -1.64949 -0.127124
1.75599 -1.6556 -0.137224
1.80514 -1.66192 -0.127976
1.84651 -1.66708 -0.124043
1.88841 -1.67245 -0.127489
1.91638 -1.67666 -0.14928
1.9535 -1.67988 -0.0867322
1.99724 -1.68516 -0.12002
2.04025 -1.68938 -0.0979448
2.08931 -1.69424 -0.0986864
2.13746 -1.69908 -0.100201
2.17901 -1.70301 -0.0942102
2.2283 -1.71071 -0.154897
2.27774 -1.71642 -0.115116
2.3189 -1.72034 -0.0949244
2.36781 -1.72558 -0.106754
2.41499 -1.72981 -0.0893529
2.46128 -1.73501 -0.111806
2.50644 -1.74011 -0.112518
2.55602 -1.74584 -0.114998
2.60419 -1.75324 -0.152574
2.65355 -1.76096 -0.155075
2.70239 -1.76954 -0.17397
2.7519 -1.77618 -0.133315
2.80085 -1.78132 -0.104515
2.83416 -1.78463 -0.0990049
2.88405 -1.78785 -0.0644446
2.93362 -1.79349 -0.113405
2.98221 -1.79771 -0.086547
3.03135 -1.804 -0.127413
3.08116 -1.8077 -0.074119
3.13072 -1.81238 -0.0941979
3.15769 -1.81511 -0.100786
3.20636 -1.82063 -0.112893
3.24233 -1.82674 -0.168425
3.27744 -1.83381 -0.198629
3.32497 -1.84297 -0.190377
3.36419 -1.85131 -0.209578
3.40961 -1.85925 -0.173087
3.45489 -1.86658 -0.160454
3.50196 -1.87241 -0.123088
3.54111 -1.87587 -0.0882247
3.58518 -1.88113 -0.11889
3.63251 -1.88557 -0.0934963
3.67417 -1.88889 -0.0796086
3.7168 -1.89178 -0.0675701
3.74556 -1.8933 -0.0527766
3.7787 -1.89416 -0.0258822
3.80232 -1.89534 -0.0499882
3.82507 -1.89633 -0.0435342
3.85359 -1.89759 -0.0441575
3.87044 -1.89826 -0.0394946
3.90025 -1.90037 -0.0706406
3.92608 -1.90128 -0.0355661
3.96279 -1.90226 -0.0264606
4.00691 -1.90204 0.00489616
4.05238 -1.8998 0.0492455
4.0835 -1.89942 0.0120588
4.10949 -1.90028 -0.033111
4.12947 -1.90128 -0.0498757
4.16318 -1.9039 -0.0774978
4.20557 -1.90846 -0.107197
4.23896 -1.91223 -0.112361
4.26497 -1.91445 -0.0850139
4.29509 -1.91631 -0.0617701
4.32929 -1.91735 -0.0305745
4.35522 -1.91798 -0.0240674
4.38501 -1.91859 -0.0203874
4.41453 -1.91903 -0.0151982
4.44549 -1.91956 -0.016944
4.45798 -1.91967 -0.00852935
4.45991 -1.91969 -0.0102569
4.4834 -1.92004 -0.0149102
4.49535 -1.92054 -0.0422592
4.51882 -1.92164 -0.0468654
4.54134 -1.92279 -0.0508037
4.55587 -1.92392 -0.0776925
4.57828 -1.92506 -0.0509983
4.59931 -1.92559 -0.0251617
4.61465 -1.92618 -0.0381235
4.62278 -1.9268 -0.0762981
4.6376 -1.92843 -0.109877
4.65898 -1.93131 -0.133877
4.68049 -1.93309 -0.0823455
4.70001 -1.93392 -0.0427061
4.71657 -1.9348 -0.0531032
4.72448 -1.93552 -0.0904875
4.74662 -1.93767 -0.0967962
4.75877 -1.93949 -0.148772
4.76616 -1.94079 -0.174068
4.77242 -1.94207 -0.201434
4.78728 -1.94539 -0.219816
4.8061 -1.94928 -0.204149
4.8268 -1.95347 -0.199539
4.85243 -1.95883 -0.206205
4.87813 -1.96531 -0.24698
4.90046 -1.97049 -0.227934
4.91783 -1.97389 -0.193246
4.93542 -1.977 -0.175161
4.9569 -1.98055 -0.163531
4.97707 -1.98393 -0.166427
4.99738 -1.98788 -0.191678
5.00513 -1.98905 -0.149707
5.00582 -1.98915 -0.145203
5.01833 -1.99046 -0.10425
5.0393 -1.99364 -0.150731
5.05154 -1.99583 -0.176601
5.05678 -1.99677 -0.178387
5.06618 -1.99854 -0.186554
5.08261 -2.00254 -0.238486
5.0945 -2.00528 -0.226856
5.09844 -2.00614 -0.212856
5.10303 -2.00703 -0.191813
5.10765 -2.00807 -0.222794
5.11514 -2.00958 -0.198882
5.11912 -2.01016 -0.143644
5.12311 -2.0106 -0.110743
5.12872 -2.01105 -0.0792901
5.13766 -2.01177 -0.0805035
5.14225 -2.01216 -0.0845257
5.15874 -2.01429 -0.128702
5.1721 -2.01657 -0.16927
5.1841 -2.01935 -0.227268
5.18854 -2.02042 -0.237343
5.19685 -2.02247 -0.241037
5.20505 -2.02472 -0.267961
True
0.0648378
