-5.48441 1.98299 -0.181393
-5.43575 1.97163 -0.229359
-5.39425 1.96282 -0.209293
-5.34537 1.95465 -0.165607
-5.29631 1.94788 -0.137152
-5.26113 1.94251 -0.151349
-5.21271 1.93409 -0.1723
-5.16358 1.92714 -0.14045
-5.11819 1.92153 -0.123076
-5.07789 1.91517 -0.156309
-5.02985 1.90771 -0.154113
-4.98295 1.90151 -0.131412
-4.94245 1.89502 -0.158955
-4.89364 1.88669 -0.169069
-4.84438 1.87836 -0.167557
-4.79519 1.87053 -0.157756
-4.746 1.86327 -0.146673
-4.69903 1.85681 -0.136559
-4.6584 1.85339 -0.0840793
-4.60859 1.8497 -0.0738786
-4.56295 1.84423 -0.119302
-4.53337 1.84142 -0.0946359
-4.4932 1.83695 -0.110919
-4.44634 1.83164 -0.112734
-4.39723 1.82406 -0.1532
-4.35794 1.81913 -0.124776
-4.30826 1.81377 -0.107566
-4.25867 1.8103 -0.0698229
-4.21103 1.8069 -0.0711718
-4.16132 1.80166 -0.105008
-4.11454 1.79655 -0.108797
-4.06497 1.79092 -0.113129
-4.02448 1.78528 -0.138322
-3.97851 1.77876 -0.140912
-3.94192 1.77197 -0.183478
-3.89321 1.76298 -0.182538
-3.84991 1.75361 -0.213118
-3.8018 1.74338 -0.209561
-3.7553 1.73109 -0.258408
-3.70641 1.72072 -0.209012
-3.65706 1.71385 -0.138255
-3.6077 1.70608 -0.15615
-3.56168 1.69776 -0.178983
-3.52266 1.69111 -0.168652
-3.48326 1.68575 -0.135178
-3.44141 1.68039 -0.127424
-3.39571 1.67214 -0.178617
-3.34682 1.6623 -0.198685
-3.29933 1.65356 -0.182015
-3.24996 1.6458 -0.155876
-3.21609 1.63982 -0.174651
-3.17091 1.63258 -0.159001
-3.13288 1.62755 -0.131509
-3.09741 1.62185 -0.159345
-3.06305 1.61518 -0.19152
-3.0142 1.60536 -0.19838
-2.9674 1.59597 -0.198113
-2.91829 1.58674 -0.185739
-2.87176 1.58007 -0.142343
-2.82276 1.57081 -0.186928
-2.77957 1.56261 -0.187494
-2.73239 1.55271 -0.206894
-2.6902 1.54146 -0.260515
-2.64845 1.52888 -0.292671
-2.60044 1.51828 -0.217321
-2.55753 1.51022 -0.185642
-2.50972 1.50223 -0.165581
-2.46668 1.49493 -0.16798
-2.41778 1.48599 -0.180859
-2.37209 1.47724 -0.189258
-2.32294 1.46852 -0.175571
-2.27746 1.46195 -0.143551
-2.23235 1.45692 -0.111073
-2.18319 1.44965 -0.146743
-2.13743 1.44283 -0.147938
-2.0897 1.43554 -0.151599
-2.04388 1.42853 -0.151702
-2.00065 1.42232 -0.142704
-1.95816 1.41529 -0.16393
-1.90898 1.40717 -0.163701
-1.86448 1.39871 -0.187978
-1.81553 1.38853 -0.205002
-1.76654 1.37876 -0.196789
-1.72734 1.36782 -0.272171
-1.68009 1.35529 -0.259271
-1.63464 1.34474 -0.228001
-1.59378 1.33462 -0.242842
-1.54512 1.32317 -0.23113
-1.49919 1.30995 -0.28011
-1.46002 1.29944 -0.262334
-1.41752 1.28712 -0.282163
-1.38089 1.27677 -0.27543
-1.33697 1.26425 -0.27766
-1.28999 1.25285 -0.23795
-1.24806 1.24408 -0.206205
-1.19938 1.23499 -0.184666
-1.15153 1.22614 -0.182912
-1.11344 1.21847 -0.198502
-1.07095 1.20931 -0.212396
-1.03378 1.20165 -0.203396
-0.988194 1.19197 -0.209156
-0.941747 1.17997 -0.252889
-0.89313 1.1685 -0.23163
-0.855345 1.16001 -0.220884
-0.807045 1.14773 -0.249068
-0.769396 1.13586 -0.305338
-0.722918 1.12099 -0.309739
-0.678839 1.10629 -0.321807
-0.636205 1.09472 -0.265058
-0.588461 1.07992 -0.3005
-0.545977 1.06849 -0.262918
-0.514085 1.05859 -0.301059
-0.466142 1.04444 -0.286903
-0.42406 1.03128 -0.303056
-0.376269 1.01769 -0.277146
-0.335882 1.00439 -0.318156
-0.297377 0.989024 -0.379648
-0.257876 0.972487 -0.396463
-0.217974 0.954777 -0.417713
-0.178768 0.935105 -0.465063
-0.142672 0.913473 -0.539913
-0.0989951 0.889169 -0.507769
-0.0603611 0.865398 -0.551583
-0.0235226 0.842933 -0.547626
0.0191271 0.816929 -0.547523
0.0615632 0.790718 -0.553293
0.103063 0.76283 -0.591706
0.143373 0.733364 -0.631213
0.179515 0.707082 -0.628736
0.216934 0.679643 -0.632714
0.25479 0.651405 -0.64089
0.293525 0.622682 -0.638061
0.332284 0.593656 -0.642799
0.371578 0.562742 -0.666591
0.411856 0.533135 -0.633876
0.452543 0.504255 -0.617278
0.494864 0.477959 -0.555958
0.534597 0.45375 -0.547225
0.578362 0.429601 -0.504222
0.619965 0.405888 -0.518061
0.662501 0.382924 -0.495035
0.700649 0.362337 -0.494871
0.738757 0.342769 -0.474377
0.778803 0.321747 -0.483397
0.823351 0.29936 -0.465682
0.868602 0.282135 -0.363719
0.905396 0.268902 -0.345252
0.950607 0.255165 -0.294964
0.98678 0.24193 -0.350763
1.03316 0.226976 -0.31188
1.07982 0.21147 -0.320826
1.12132 0.199111 -0.289445
1.1692 0.188002 -0.228012
1.21653 0.179456 -0.178641
1.26315 0.171137 -0.176592
1.31072 0.163044 -0.168504
1.35799 0.154893 -0.170758
1.40636 0.14913 -0.118585
1.45196 0.143077 -0.13196
1.50186 0.140196 -0.0576779
1.54618 0.138037 -0.0486626
1.59327 0.135077 -0.0627832
1.63629 0.130259 -0.11153
1.68564 0.12501 -0.105967
1.73402 0.119023 -0.123119
1.78333 0.110944 -0.162382
1.82936 0.105034 -0.127709
1.87811 0.0983365 -0.136538
1.92552 0.0935986 -0.0996008
1.96191 0.0906238 -0.0815528
2.01021 0.0858427 -0.0986752
2.04982 0.0807834 -0.127031
2.09211 0.0798963 -0.020972
2.132 0.0759853 -0.0977304
2.17996 0.0718767 -0.0854739
2.22979 0.0678228 -0.081169
2.27204 0.0639084 -0.0923845
2.32162 0.0587269 -0.104129
2.3714 0.0557575 -0.059585
2.41422 0.0530618 -0.0628722
2.46351 0.0517094 -0.027429
2.51336 0.0487995 -0.0583098
2.56093 0.0489269 0.00267834
2.59993 0.048801 -0.00322998
2.63759 0.047951 -0.0225655
2.68645 0.0466519 -0.0265788
2.73631 0.0477435 0.0218909
2.78045 0.0500044 0.0511821
2.83023 0.0528061 0.0562133
2.87763 0.0582133 0.113603
2.92741 0.0623143 0.0821877
2.97741 0.062609 0.0058948
3.02004 0.0644247 0.0425626
3.07001 0.066112 0.0337539
3.10835 0.0667437 0.0164738
3.15645 0.0666297 -0.00237192
3.20621 0.0643552 -0.0456761
3.24774 0.0634253 -0.0223885
3.29707 0.0600352 -0.0686101
3.3419 0.0596537 -0.00850971
3.39129 0.0589896 -0.0134444
3.4412 0.0593984 0.00819255
3.48857 0.0585499 -0.0179103
3.52953 0.0584069 -0.00349007
3.56726 0.0577769 -0.0166946
3.60086 0.0592534 0.0439188
3.63441 0.061458 0.0656219
3.68229 0.0637513 0.0478568
3.72756 0.0662274 0.0546455
3.7695 0.0696168 0.0806308
3.80992 0.0722694 0.0655374
3.84266 0.0744719 0.0671706
3.87112 0.0767237 0.078947
3.91018 0.0806225 0.0994891
3.95269 0.084661 0.0947335
3.9925 0.0868814 0.0557181
4.03485 0.088363 0.0349681
4.0666 0.0902925 0.0606941
4.10041 0.0924877 0.0648476
4.13488 0.0936644 0.0341163
4.16575 0.0944456 0.0253001
4.19227 0.0955496 0.0416144
4.23395 0.097103 0.0372465
4.27271 0.0995976 0.0642744
4.30605 0.102206 0.0780824
4.33529 0.103724 0.0518493
4.3594 0.105309 0.0656484
4.38529 0.107644 0.0899788
4.40263 0.109297 0.0950594
4.42768 0.112415 0.123806
4.45359 0.115072 0.10219
4.48244 0.116634 0.0540755
4.51843 0.119392 0.0764828
4.53472 0.120457 0.065278
4.56144 0.122532 0.0774875
4.59185 0.125457 0.0959058
4.60721 0.127135 0.108812
4.6336 0.130112 0.112342
4.66043 0.132378 0.0842875
4.67846 0.133666 0.071319
4.69893 0.13488 0.0592105
4.71517 0.135825 0.0581037
4.7339 0.137341 0.0807599
4.75063 0.138777 0.0856205
4.75878 0.139465 0.084205
4.77711 0.141503 0.110774
4.7986 0.143455 0.090547
4.81982 0.14518 0.0811189
4.84632 0.147199 0.0760507
4.86549 0.148365 0.0607376
4.87784 0.14901 0.0522223
4.90383 0.150557 0.0594476
4.91052 0.150831 0.0409645
4.92801 0.15124 0.0234018
4.95081 0.151624 0.0168465
4.96828 0.152324 0.0400186
4.99335 0.153253 0.0370335
5.01678 0.153502 0.0106075
5.03071 0.153947 0.031972
5.04143 0.154477 0.0494101
5.04097 0.154464 0.0288561
5.05085 0.154629 0.0167313
5.06844 0.155817 0.0674033
5.08186 0.156801 0.0732027
5.08656 0.157056 0.0543014
5.09008 0.157291 0.0663857
5.10149 0.158028 0.0645876
5.1008 0.157971 0.0826097
5.11165 0.159023 0.0966457
5.13701 0.161228 0.0867145
5.15015 0.161928 0.0531893
5.16177 0.162856 0.0797542
5.18562 0.165021 0.0905455
5.20002 0.165977 0.0662655
5.20934 0.166522 0.0583659
True
0.066563
