-5.46571 0.614878 -0.124359
-5.41874 0.607773 -0.150154
-5.37999 0.599832 -0.20212
-5.33394 0.593627 -0.133926
-5.29075 0.586516 -0.163175
-5.24211 0.57739 -0.185493
-5.19298 0.570463 -0.140066
-5.14707 0.562871 -0.163857
-5.0977 0.554983 -0.158458
-5.04922 0.544989 -0.2033
-5.00156 0.535826 -0.189929
-4.95274 0.527136 -0.176152
-4.90455 0.516561 -0.216042
-4.85597 0.506656 -0.201102
-4.81032 0.498315 -0.180727
-4.76226 0.489094 -0.189583
-4.71662 0.479702 -0.20292
-4.6739 0.469219 -0.240615
-4.62487 0.459391 -0.197864
-4.57553 0.451548 -0.157611
-4.53923 0.445645 -0.161245
-4.49069 0.436215 -0.191883
-4.44464 0.426409 -0.209781
-4.39884 0.416936 -0.203981
-4.34998 0.406328 -0.213798
-4.30195 0.397467 -0.182418
-4.2528 0.388292 -0.184569
-4.20617 0.378567 -0.205608
-4.15666 0.371796 -0.13589
-4.10797 0.367003 -0.0981385
-4.06872 0.363228 -0.095883
-4.01901 0.360346 -0.0579071
-3.97114 0.354569 -0.120085
-3.92449 0.347909 -0.141841
-3.88055 0.340147 -0.174816
-3.83221 0.334093 -0.124593
-3.79024 0.328721 -0.127292
-3.74529 0.32334 -0.119161
-3.7041 0.318808 -0.109578
-3.65506 0.313075 -0.11638
-3.61226 0.309205 -0.0901683
-3.56838 0.307004 -0.0501158
-3.52001 0.302327 -0.0964051
-3.48213 0.296523 -0.152038
-3.43332 0.289835 -0.136165
-3.38934 0.283191 -0.149949
-3.34053 0.277852 -0.108946
-3.29286 0.274548 -0.0692049
-3.24473 0.268069 -0.133805
-3.19972 0.262142 -0.130929
-3.15053 0.256225 -0.1197
-3.10274 0.249928 -0.13102
-3.053 0.245672 -0.0853521
-3.01468 0.243529 -0.0558576
-2.96758 0.239398 -0.0874964
-2.91775 0.235935 -0.069396
-2.87286 0.231493 -0.0986349
-2.82474 0.226205 -0.109433
-2.78515 0.223023 -0.080191
-2.73575 0.216775 -0.125821
-2.68942 0.210313 -0.138589
-2.64196 0.204594 -0.119899
-2.59263 0.196406 -0.164517
-2.54298 0.190576 -0.116862
-2.49963 0.186463 -0.0946188
-2.45045 0.182379 -0.0828495
-2.40082 0.18002 -0.0474988
-2.35274 0.179099 -0.0191379
-2.30351 0.176935 -0.0439403
-2.25778 0.175923 -0.0221285
-2.21257 0.17434 -0.0349996
-2.16353 0.170907 -0.069894
-2.12018 0.169863 -0.0240651
-2.07059 0.169631 -0.00469401
-2.02121 0.167197 -0.0492431
-1.97515 0.164559 -0.0572081
-1.92748 0.161734 -0.0591964
-1.87819 0.156209 -0.11162
-1.82894 0.149198 -0.141409
-1.77967 0.140675 -0.171303
-1.73269 0.131412 -0.194645
-1.69273 0.121468 -0.243892
-1.64524 0.110649 -0.224008
-1.59804 0.0997494 -0.226929
-1.5606 0.0927969 -0.18364
-1.51805 0.0821094 -0.24609
-1.46941 0.0721557 -0.201825
-1.42087 0.0623536 -0.199273
-1.37308 0.0536235 -0.180693
-1.32408 0.0439837 -0.194241
-1.27854 0.0377407 -0.136243
-1.22911 0.0314478 -0.126633
-1.18036 0.0273864 -0.0831075
-1.13179 0.0214527 -0.121577
-1.08616 0.0168577 -0.100364
-1.05414 0.0135356 -0.103377
-1.00433 0.00946585 -0.0815316
-0.954503 0.0055496 -0.0784285
-0.910361 0.000181292 -0.12102
-0.866129 -0.00653457 -0.150681
-0.821841 -0.0132615 -0.15074
-0.772869 -0.0222486 -0.181494
-0.723519 -0.0302542 -0.16082
-0.674204 -0.0385044 -0.165763
-0.625621 -0.0472133 -0.177372
-0.578046 -0.0569968 -0.202816
-0.534531 -0.0657423 -0.198333
-0.486698 -0.0755236 -0.201711
-0.439772 -0.0850582 -0.200454
-0.390715 -0.0946291 -0.192676
-0.350125 -0.101827 -0.175501
-0.300929 -0.108056 -0.12596
-0.260914 -0.113925 -0.145629
-0.211675 -0.12201 -0.162741
-0.168658 -0.129361 -0.169247
-0.119346 -0.137607 -0.165685
-0.0786262 -0.143959 -0.154754
-0.0293527 -0.150975 -0.14143
0.00512445 -0.156308 -0.153477
0.0487044 -0.163093 -0.154447
0.0977225 -0.170789 -0.155734
0.146857 -0.179313 -0.171769
0.195721 -0.189907 -0.213514
0.226969 -0.195579 -0.179534
0.271912 -0.202966 -0.16292
0.31898 -0.211444 -0.178215
0.361651 -0.216577 -0.119709
0.402811 -0.221921 -0.129116
0.452146 -0.229819 -0.158732
0.500226 -0.237035 -0.148985
0.549456 -0.242766 -0.115889
0.597944 -0.248513 -0.117971
0.638719 -0.253796 -0.128848
0.682319 -0.257994 -0.0959958
0.730591 -0.263239 -0.108227
0.780242 -0.267602 -0.0876507
0.829825 -0.272094 -0.0903411
0.874687 -0.27637 -0.0950198
0.924174 -0.283385 -0.140828
0.973075 -0.290107 -0.13661
1.02264 -0.296313 -0.124551
1.07159 -0.303554 -0.146871
1.11855 -0.310735 -0.151714
1.1654 -0.315738 -0.106401
1.20948 -0.321299 -0.125493
1.25659 -0.326688 -0.113893
1.30195 -0.33304 -0.139146
1.34865 -0.339996 -0.14787
1.39436 -0.346172 -0.134301
1.43445 -0.349492 -0.0826061
1.4839 -0.356368 -0.138165
1.52825 -0.361462 -0.114353
1.57361 -0.366747 -0.115993
1.62026 -0.370309 -0.0762021
1.65657 -0.373697 -0.093063
1.7061 -0.378754 -0.101743
1.75355 -0.382957 -0.0883485
1.80337 -0.386945 -0.0798712
1.85307 -0.39139 -0.0891949
1.90027 -0.396619 -0.110347
1.94972 -0.402387 -0.116123
1.999 -0.40832 -0.119794
2.04205 -0.411985 -0.0849534
2.09063 -0.417769 -0.118484
2.13919 -0.42601 -0.168108
2.18762 -0.435206 -0.187677
2.2357 -0.441943 -0.139193
2.27648 -0.449606 -0.185736
2.32601 -0.456423 -0.136767
2.37378 -0.464774 -0.173104
2.41044 -0.469855 -0.137704
2.45784 -0.478282 -0.175955
2.50312 -0.486834 -0.186661
2.54504 -0.494327 -0.176868
2.58694 -0.501462 -0.168675
2.63435 -0.510456 -0.187473
2.68252 -0.520547 -0.2065
2.73187 -0.528529 -0.160367
2.77792 -0.536255 -0.166224
2.82463 -0.544169 -0.167819
2.87392 -0.55237 -0.164879
2.91814 -0.557583 -0.117355
2.96551 -0.563694 -0.128279
3.0152 -0.568542 -0.0972732
3.06272 -0.573795 -0.1101
3.10459 -0.579628 -0.13839
3.14572 -0.5863 -0.160839
3.19283 -0.594636 -0.175121
3.24053 -0.601927 -0.151675
3.28898 -0.612054 -0.206063
3.33666 -0.620641 -0.178185
3.38575 -0.630088 -0.190122
3.43407 -0.638815 -0.178688
3.47035 -0.644893 -0.165957
3.51236 -0.65019 -0.125445
3.53904 -0.653878 -0.137373
3.58668 -0.661424 -0.157078
3.6354 -0.670177 -0.177783
3.65913 -0.674133 -0.16518
3.67487 -0.676678 -0.160241
3.69424 -0.679705 -0.155094
3.70915 -0.681435 -0.115434
3.73421 -0.685057 -0.143595
3.76588 -0.688326 -0.102823
3.79321 -0.691672 -0.12185
3.82096 -0.695605 -0.140758
3.85116 -0.698786 -0.104967
3.89095 -0.70274 -0.0990261
3.93352 -0.709718 -0.162496
3.96843 -0.718009 -0.233128
4.01502 -0.731941 -0.29059
4.0477 -0.740384 -0.252855
4.08039 -0.749895 -0.283156
4.12039 -0.761119 -0.273517
4.16811 -0.773431 -0.252518
4.21401 -0.783993 -0.22616
4.25995 -0.793092 -0.195553
4.29998 -0.800226 -0.176373
4.33306 -0.805444 -0.156422
4.37085 -0.812856 -0.193716
4.409 -0.822856 -0.256348
4.45412 -0.837025 -0.304246
4.49735 -0.849831 -0.287992
4.52218 -0.856792 -0.273299
4.55721 -0.866395 -0.267569
4.59375 -0.876986 -0.282124
4.62217 -0.885545 -0.292586
4.64159 -0.891027 -0.275057
4.66736 -0.898077 -0.267019
4.68419 -0.901961 -0.226914
4.70168 -0.90584 -0.218228
4.71554 -0.908394 -0.182206
4.73081 -0.910819 -0.157505
4.73491 -0.911516 -0.168316
4.75001 -0.914738 -0.210216
4.76444 -0.91804 -0.224961
4.7759 -0.920509 -0.212154
4.79675 -0.92479 -0.202512
4.81083 -0.927626 -0.198751
4.83888 -0.933992 -0.223166
4.85059 -0.936796 -0.235054
4.86179 -0.9393 -0.220048
4.87773 -0.943265 -0.243778
4.88993 -0.946559 -0.263781
4.89963 -0.949254 -0.270882
4.92036 -0.954524 -0.248936
4.94357 -0.959884 -0.226949
4.96526 -0.964293 -0.20059
4.96967 -0.965242 -0.211794
4.98096 -0.967475 -0.195243
4.9958 -0.970614 -0.208503
5.00311 -0.971995 -0.186547
5.01656 -0.974703 -0.19872
5.02211 -0.975697 -0.177204
5.02966 -0.976496 -0.105498
5.05967 -0.980511 -0.132998
5.07471 -0.983379 -0.188445
5.08832 -0.986164 -0.201804
5.0909 -0.986641 -0.182568
5.10556 -0.98887 -0.15089
5.11943 -0.990961 -0.149654
5.128 -0.992177 -0.140954
5.13743 -0.993476 -0.136765
5.14743 -0.995132 -0.164267
5.15781 -0.99669 -0.149029
5.16265 -0.997351 -0.135664
5.17115 -0.998916 -0.182042
5.18469 -1.00198 -0.222249
5.19022 -1.00346 -0.262775
5.19481 -1.00476 -0.274963
5.20193 -1.00681 -0.281105
True
0.0666757
