-5.45094 -1.83984 0.136656
-5.41879 -1.83499 0.149929
-5.36992 -1.82833 0.135452
-5.32568 -1.81917 0.20409
-5.27888 -1.81079 0.177292
-5.2388 -1.80488 0.14623
-5.19581 -1.80022 0.108005
-5.14922 -1.79559 0.0990425
-5.11461 -1.79322 0.0684518
-5.06883 -1.7881 0.111356
-5.02145 -1.78035 0.162196
-4.98026 -1.77361 0.162001
-4.93066 -1.7691 0.0907209
-4.88394 -1.7667 0.051275
-4.83402 -1.76572 0.0197791
-4.7882 -1.76445 0.0277004
-4.74422 -1.7622 0.0510347
-4.69504 -1.75833 0.0785692
-4.64554 -1.75156 0.135895
-4.59635 -1.74546 0.12338
-4.54715 -1.73909 0.128758
-4.50026 -1.73284 0.132587
-4.45587 -1.72921 0.0816086
-4.40742 -1.72481 0.0904752
-4.37067 -1.71935 0.147393
-4.33174 -1.71601 0.0857522
-4.28265 -1.70868 0.148097
-4.23347 -1.7007 0.161014
-4.18497 -1.69265 0.164318
-4.13567 -1.68464 0.161053
-4.08666 -1.67616 0.171474
-4.03827 -1.66779 0.171179
-3.99848 -1.66058 0.179245
-3.95634 -1.65131 0.216596
-3.92352 -1.64424 0.212304
-3.89018 -1.63684 0.218314
-3.85673 -1.62981 0.207059
-3.81561 -1.62319 0.159712
-3.798 -1.62003 0.177362
-3.75059 -1.60943 0.21998
-3.70703 -1.59996 0.214115
-3.66279 -1.59043 0.212052
-3.6153 -1.57932 0.229945
-3.57668 -1.56858 0.271238
-3.53774 -1.55477 0.340842
-3.49788 -1.53682 0.423032
-3.47845 -1.52647 0.489345
-3.4442 -1.50757 0.504407
-3.40174 -1.48128 0.554235
-3.36607 -1.45775 0.583333
-3.33035 -1.43477 0.571541
-3.30899 -1.41875 0.643379
-3.26894 -1.38887 0.641076
-3.22867 -1.35933 0.632909
-3.19594 -1.3369 0.600729
-3.15462 -1.30917 0.59098
-3.11707 -1.27971 0.665344
-3.08542 -1.25507 0.661478
-3.05535 -1.22788 0.735326
-3.01805 -1.19459 0.728612
-2.98369 -1.16383 0.730076
-2.948 -1.12985 0.760859
-2.9126 -1.0972 0.744963
-2.8756 -1.06361 0.737283
-2.83942 -1.02914 0.761119
-2.80286 -0.995386 0.7455
-2.77668 -0.971693 0.735594
-2.74053 -0.937696 0.754778
-2.70636 -0.903801 0.781316
-2.66971 -0.86992 0.746107
-2.63741 -0.839694 0.752264
-2.60479 -0.808894 0.756683
-2.5756 -0.781261 0.758037
-2.55986 -0.766781 0.743617
-2.5238 -0.734507 0.730144
-2.48715 -0.702169 0.72288
-2.45746 -0.677702 0.689322
-2.41929 -0.64772 0.665836
-2.38568 -0.6206 0.678976
-2.35136 -0.592476 0.686384
-2.32258 -0.569533 0.673086
-2.2852 -0.541273 0.647362
-2.25214 -0.515171 0.668299
-2.22589 -0.494701 0.662363
-2.19339 -0.468592 0.67676
-2.1556 -0.438802 0.667503
-2.13347 -0.422206 0.643496
-2.09717 -0.39512 0.641106
-2.05645 -0.366784 0.607943
-2.01932 -0.340857 0.609539
-1.97818 -0.315983 0.543874
-1.93679 -0.29212 0.522981
-1.89463 -0.271268 0.45929
-1.84989 -0.249076 0.460439
-1.80521 -0.228779 0.426441
-1.75855 -0.21231 0.339311
-1.71112 -0.196915 0.313828
-1.66389 -0.182963 0.287254
-1.62079 -0.173052 0.226001
-1.57222 -0.165063 0.163041
-1.53698 -0.1605 0.128766
-1.48886 -0.15586 0.0961152
-1.44214 -0.15082 0.107468
-1.39482 -0.146917 0.0822935
-1.34521 -0.141249 0.11375
-1.29695 -0.135884 0.11072
-1.24913 -0.133553 0.0487011
-1.20125 -0.131796 0.0366734
-1.15536 -0.130732 0.0231912
-1.10637 -0.130212 0.010615
-1.05705 -0.131414 -0.0243785
-1.02249 -0.131454 -0.00114104
-0.972639 -0.128147 0.0662422
-0.928223 -0.12516 0.0671521
-0.888672 -0.123007 0.054386
-0.841206 -0.120973 0.0428269
-0.79811 -0.119468 0.0348943
-0.750624 -0.117994 0.0310389
-0.701418 -0.113865 0.0837165
-0.652053 -0.111286 0.0521905
-0.609223 -0.106811 0.104109
-0.560141 -0.104007 0.057067
-0.511524 -0.102667 0.0275557
-0.462091 -0.101589 0.0218084
-0.414939 -0.101597 -0.000174422
-0.366314 -0.101502 0.00194786
-0.332442 -0.100868 0.0187364
-0.282922 -0.101834 -0.0195109
-0.234156 -0.104175 -0.0479725
-0.18595 -0.10782 -0.0754736
-0.13629 -0.111274 -0.0694288
-0.0918775 -0.113382 -0.0474319
-0.0554352 -0.115179 -0.0492754
-0.00653262 -0.11538 -0.00410859
0.0416288 -0.115298 0.00170756
0.0888531 -0.114458 0.0177875
0.13709 -0.11237 0.0432531
0.186019 -0.112169 0.00409791
0.23203 -0.112622 -0.00983154
0.270713 -0.11435 -0.0446534
0.32028 -0.116693 -0.0472307
0.362702 -0.118104 -0.0332353
0.406896 -0.120654 -0.0576591
0.448361 -0.123411 -0.0663731
0.497834 -0.125965 -0.0515851
0.542543 -0.128069 -0.0470237
0.59251 -0.129433 -0.0273021
0.642024 -0.133199 -0.0759128
0.684872 -0.138333 -0.119236
0.734266 -0.145295 -0.14002
0.781616 -0.151653 -0.133486
0.830733 -0.158268 -0.133871
0.873927 -0.164841 -0.151032
0.915703 -0.171323 -0.153932
0.964897 -0.176773 -0.110336
1.00775 -0.180426 -0.0850439
1.05496 -0.183165 -0.0579366
1.09558 -0.186537 -0.0828179
1.14077 -0.189057 -0.0557218
1.18466 -0.193361 -0.0977337
1.22487 -0.197241 -0.0961968
1.26999 -0.201749 -0.0995698
1.31895 -0.205423 -0.0749059
1.36715 -0.210205 -0.0988953
1.41034 -0.215124 -0.113398
1.45974 -0.222502 -0.148266
1.50878 -0.227964 -0.110918
1.55596 -0.233098 -0.108397
1.60507 -0.239211 -0.123833
1.64823 -0.243824 -0.106463
1.69756 -0.249229 -0.109133
1.74669 -0.255865 -0.134264
1.786 -0.260803 -0.124976
1.82112 -0.264792 -0.113102
1.86873 -0.268374 -0.0750824
1.91158 -0.271207 -0.0660197
1.95387 -0.275481 -0.100738
2.00062 -0.279307 -0.0816448
2.03969 -0.281052 -0.0446311
2.08955 -0.284085 -0.0607617
2.13926 -0.287816 -0.07492
2.1892 -0.289953 -0.0427563
2.23215 -0.291483 -0.035619
2.28201 -0.295185 -0.0741004
2.32815 -0.298611 -0.0741277
2.37127 -0.301663 -0.0706527
2.42108 -0.305712 -0.0811165
2.4694 -0.308599 -0.0596725
2.49894 -0.311114 -0.0849415
2.53473 -0.31288 -0.0492904
2.58144 -0.314668 -0.0382753
2.62804 -0.315593 -0.0198426
2.67547 -0.318343 -0.0579083
2.72532 -0.317485 0.0171986
2.77023 -0.316775 0.0158128
2.81957 -0.315737 0.0210332
2.85827 -0.316678 -0.0243056
2.90814 -0.319668 -0.059865
2.95705 -0.320278 -0.0124836
3.00483 -0.321702 -0.0297981
3.04757 -0.323187 -0.034736
3.09727 -0.321642 0.0310775
3.14384 -0.322448 -0.0172885
3.19102 -0.321644 0.0170254
3.23876 -0.322989 -0.0281741
3.287 -0.323397 -0.00845147
3.32517 -0.322884 0.0134541
3.36627 -0.324689 -0.0438873
3.41586 -0.32626 -0.0316725
3.46561 -0.32974 -0.0698513
3.51116 -0.331979 -0.0491188
3.54923 -0.332865 -0.0232421
3.57097 -0.333756 -0.0409679
3.59455 -0.335188 -0.0606763
3.61653 -0.335977 -0.0359016
3.64672 -0.335495 0.0159864
3.68375 -0.335943 -0.0121089
3.722 -0.336103 -0.00416758
3.74966 -0.336357 -0.00921547
3.76116 -0.336293 0.00558632
3.76633 -0.336383 -0.0172552
3.78718 -0.336862 -0.0229823
3.80208 -0.337564 -0.0470909
3.81453 -0.337678 -0.00912598
3.84591 -0.337845 -0.00532648
3.86821 -0.337739 0.00473707
3.90495 -0.336303 0.0390598
3.94596 -0.333139 0.0770039
3.9787 -0.331952 0.036245
4.01148 -0.330007 0.0592716
4.04381 -0.328378 0.050331
4.06827 -0.327788 0.024123
4.09358 -0.327241 0.0216243
4.10846 -0.326837 0.0271067
4.12533 -0.325495 0.0793676
4.15666 -0.324347 0.0366474
4.17885 -0.323434 0.0411072
4.19489 -0.322015 0.0882339
4.22987 -0.319605 0.0687892
4.23359 -0.319333 0.0730855
4.24897 -0.318539 0.0515501
4.2789 -0.317211 0.0443397
4.31152 -0.317074 0.00420361
4.32385 -0.317312 -0.0193221
4.33094 -0.317052 0.0366673
4.34814 -0.31601 0.0604604
4.36309 -0.315519 0.0329114
4.38565 -0.314635 0.0391181
4.42309 -0.315041 -0.0108328
4.45222 -0.316443 -0.048091
4.45995 -0.316889 -0.057588
4.48128 -0.317034 -0.00682574
4.48401 -0.317172 -0.0506561
4.49693 -0.317353 -0.0139404
4.5241 -0.315325 0.0745232
4.5536 -0.311552 0.127183
4.58868 -0.308368 0.0905248
4.62473 -0.304328 0.111611
4.65263 -0.302364 0.070265
4.66563 -0.301899 0.0357443
4.68882 -0.301951 -0.00225745
4.70804 -0.301959 -0.000389075
4.72301 -0.3015 0.0306227
4.75251 -0.300588 0.0309037
4.78932 -0.300981 -0.0106782
4.81694 -0.302452 -0.0531835
4.82647 -0.302936 -0.0507134
4.85147 -0.304499 -0.0624683
4.86578 -0.305454 -0.066661
4.87574 -0.306457 -0.100381
4.88651 -0.307887 -0.131867
4.89633 -0.309357 -0.148634
4.9023 -0.310244 -0.147504
4.90515 -0.310716 -0.164346
4.91357 -0.312061 -0.158251
4.93248 -0.314567 -0.131783
4.95725 -0.317347 -0.111782
4.98104 -0.319809 -0.10311
4.99631 -0.320955 -0.074932
5.00831 -0.3227 -0.144293
5.02036 -0.323994 -0.10697
5.02906 -0.324748 -0.0865811
5.05168 -0.327054 -0.101554
5.06652 -0.328487 -0.0962679
5.07407 -0.328938 -0.059708
5.07559 -0.328989 -0.0331953
5.09843 -0.329514 -0.0229834
5.11726 -0.330591 -0.057165
5.14349 -0.332592 -0.0761509
5.15463 -0.333366 -0.0692934
5.16379 -0.334088 -0.0786366
5.17594 -0.335079 -0.081388
5.182 -0.335443 -0.0601748
5.19115 -0.336279 -0.0910831
5.19866 -0.337071 -0.10502
5.20382 -0.33772 -0.1253
True
0.0669296
