-5.4695 -1.56036 -0.00978588
-5.43173 -1.56163 -0.0336251
-5.38192 -1.56368 -0.0411537
-5.33208 -1.567 -0.066429
-5.284 -1.56989 -0.0600799
-5.23444 -1.57169 -0.0362746
-5.18644 -1.57159 0.00212784
-5.14429 -1.56855 0.0718564
-5.10642 -1.56451 0.106436
-5.05944 -1.55795 0.138637
-5.00993 -1.55117 0.136166
-4.96439 -1.54343 0.168269
-4.91512 -1.53658 0.138249
-4.87596 -1.53076 0.147461
-4.836 -1.52302 0.191243
-4.79306 -1.51476 0.190036
-4.74941 -1.50355 0.251475
-4.70112 -1.4913 0.248476
-4.65328 -1.47767 0.277517
-4.60843 -1.46374 0.301026
-4.56553 -1.44971 0.316139
-4.51767 -1.43541 0.290301
-4.47755 -1.42505 0.252704
-4.43024 -1.41307 0.248064
-4.38855 -1.40274 0.243
-4.34241 -1.3884 0.301151
-4.2987 -1.37491 0.299396
-4.26011 -1.3622 0.318097
-4.21361 -1.34647 0.326245
-4.16626 -1.33045 0.326213
-4.12233 -1.31414 0.355561
-4.08474 -1.30203 0.31181
-4.05015 -1.29197 0.282974
-4.00343 -1.27423 0.362846
-3.97398 -1.26457 0.316779
-3.92667 -1.24837 0.329941
-3.87846 -1.23513 0.26802
-3.83018 -1.2226 0.254013
-3.78154 -1.21136 0.227085
-3.73936 -1.20205 0.217258
-3.69547 -1.19399 0.181576
-3.6472 -1.18303 0.223184
-3.59837 -1.1728 0.206579
-3.55045 -1.16385 0.184716
-3.51723 -1.15839 0.162952
-3.47406 -1.15122 0.164466
-3.42518 -1.14074 0.211251
-3.37702 -1.1326 0.167478
-3.34087 -1.12482 0.21201
-3.29679 -1.11411 0.238355
-3.24847 -1.10139 0.257283
-3.21396 -1.09451 0.196947
-3.16481 -1.08657 0.160145
-3.11568 -1.07752 0.182188
-3.06644 -1.06901 0.170961
-3.01746 -1.06127 0.156797
-2.97694 -1.0563 0.122026
-2.92742 -1.04946 0.137339
-2.88546 -1.04464 0.114231
-2.84042 -1.0381 0.144241
-2.79366 -1.03113 0.147988
-2.74388 -1.02646 0.0935238
-2.69448 -1.02124 0.105265
-2.6448 -1.01647 0.0958023
-2.59575 -1.01125 0.106083
-2.5461 -1.00716 0.0820036
-2.50978 -1.00369 0.095282
-2.46389 -1.00057 0.0679968
-2.41395 -0.998121 0.0489513
-2.36401 -0.995808 0.0462804
-2.33017 -0.994584 0.0361699
-2.29098 -0.992624 0.0499668
-2.24129 -0.991568 0.0212579
-2.19138 -0.991813 -0.00492492
-2.14139 -0.991054 0.0151899
-2.09152 -0.989123 0.0387147
-2.04207 -0.987791 0.0269184
-1.99845 -0.986448 0.0307779
-1.95927 -0.986057 0.00996985
-1.90969 -0.987027 -0.0195606
-1.8602 -0.987571 -0.0109861
-1.81062 -0.986578 0.020034
-1.76946 -0.986527 0.00123229
-1.72675 -0.986709 -0.00425778
-1.68779 -0.989191 -0.0636201
-1.63779 -0.989875 -0.0136801
-1.59478 -0.990163 -0.00669198
-1.55248 -0.990159 9.18428e-05
-1.50903 -0.989263 0.0206033
-1.46245 -0.989495 -0.00496932
-1.41295 -0.99098 -0.0299965
-1.36308 -0.991294 -0.00629107
-1.3149 -0.990601 0.0143865
-1.2726 -0.99232 -0.0406202
-1.22269 -0.992388 -0.00136719
-1.18089 -0.993089 -0.0167784
-1.14195 -0.996086 -0.0768109
-1.1033 -0.99829 -0.0569601
-1.05733 -1.0011 -0.0609783
-1.01014 -1.00188 -0.0166586
-0.961345 -1.00077 0.0228271
-0.911497 -1.00077 -8.41189e-05
-0.879712 -1.00045 0.0103147
-0.839239 -1.0007 -0.00641061
-0.789979 -1.00076 -0.00114492
-0.742299 -0.99859 0.0454994
-0.692398 -0.995442 0.0629924
-0.644679 -0.990988 0.0930791
-0.604194 -0.98779 0.0788358
-0.558938 -0.984791 0.0661544
-0.51214 -0.981019 0.0804454
-0.466898 -0.978412 0.0575528
-0.417302 -0.974851 0.0716811
-0.36781 -0.969614 0.105421
-0.319461 -0.967643 0.0407501
-0.282566 -0.966122 0.0411934
-0.240842 -0.965848 0.00657469
-0.194778 -0.966433 -0.0127005
-0.147376 -0.968268 -0.038707
-0.105499 -0.970538 -0.0541436
-0.0556041 -0.971649 -0.0222652
-0.0110673 -0.974883 -0.0724867
0.037981 -0.978429 -0.0721683
0.0878382 -0.981033 -0.0521755
0.128066 -0.983276 -0.0556984
0.173175 -0.985043 -0.0391621
0.205395 -0.987197 -0.0667528
0.249377 -0.987808 -0.013879
0.294616 -0.988856 -0.0231627
0.344461 -0.987386 0.0294658
0.390935 -0.986268 0.0240609
0.440895 -0.985386 0.0176562
0.490606 -0.98381 0.0316946
0.538734 -0.982707 0.0229023
0.588648 -0.981213 0.0299175
0.632752 -0.980691 0.0118485
0.682602 -0.980072 0.0124191
0.730767 -0.981689 -0.0335666
0.768282 -0.981813 -0.00330462
0.816128 -0.980881 0.0194794
0.844681 -0.98013 0.0262955
0.893105 -0.979818 0.00644944
0.94298 -0.976747 0.0614939
0.992174 -0.974474 0.0461609
1.03612 -0.971085 0.0769669
1.07499 -0.96971 0.0353675
1.11989 -0.966733 0.0662012
1.16985 -0.964989 0.034887
1.21078 -0.961974 0.0735369
1.24779 -0.960839 0.0306557
1.29729 -0.961356 -0.0104362
1.33628 -0.960348 0.0258242
1.38501 -0.961207 -0.0176161
1.42401 -0.962529 -0.0338969
1.47113 -0.964729 -0.046645
1.51934 -0.966547 -0.0376871
1.56745 -0.96796 -0.029353
1.61302 -0.970145 -0.0479259
1.66219 -0.973911 -0.0764292
1.71107 -0.978591 -0.095476
1.75838 -0.984372 -0.121593
1.80635 -0.989321 -0.102806
1.8503 -0.993688 -0.099049
1.89791 -0.996034 -0.0492281
1.94754 -0.999491 -0.0695428
1.99439 -1.00284 -0.071362
2.04377 -1.0097 -0.138066
2.09265 -1.01323 -0.072147
2.12931 -1.01595 -0.0739461
2.1746 -1.02115 -0.114266
2.21715 -1.02631 -0.120754
2.26521 -1.03385 -0.155605
2.30608 -1.03882 -0.121037
2.35561 -1.04479 -0.119895
2.39857 -1.05008 -0.122541
2.44429 -1.05402 -0.0860428
2.49055 -1.05923 -0.112144
2.5372 -1.06363 -0.0940118
2.58521 -1.06879 -0.106989
2.62956 -1.0727 -0.0880848
2.67871 -1.07723 -0.0917811
2.71527 -1.08058 -0.0914203
2.74426 -1.08391 -0.114311
2.79365 -1.0898 -0.118642
2.83791 -1.09221 -0.0544323
2.88608 -1.09655 -0.0899137
2.93346 -1.10093 -0.0922355
2.97113 -1.1053 -0.11534
3.01432 -1.1085 -0.0740582
3.05655 -1.11283 -0.102131
3.10523 -1.12005 -0.147278
3.15087 -1.12524 -0.113294
3.19871 -1.13001 -0.099299
3.23861 -1.13407 -0.101349
3.28441 -1.13838 -0.093964
3.31977 -1.14166 -0.0924213
3.35629 -1.14511 -0.0940473
3.3969 -1.15066 -0.135856
3.41978 -1.15301 -0.102612
3.45091 -1.15682 -0.121683
3.49965 -1.16168 -0.0994265
3.53436 -1.1646 -0.0838129
3.56446 -1.16748 -0.0953992
3.60698 -1.17366 -0.14428
3.64345 -1.17816 -0.122787
3.68018 -1.18331 -0.139315
3.72631 -1.19005 -0.145062
3.76768 -1.19599 -0.142685
3.81332 -1.19917 -0.0695391
3.84592 -1.20068 -0.0462035
3.8837 -1.20273 -0.0544188
3.91943 -1.20404 -0.0365404
3.96202 -1.20639 -0.0551943
3.99855 -1.20883 -0.0666431
4.03711 -1.21155 -0.0705248
4.07918 -1.21535 -0.0899197
4.1248 -1.21979 -0.0970441
4.16058 -1.22402 -0.117662
4.20112 -1.22817 -0.101994
4.24979 -1.23466 -0.132604
4.28859 -1.24069 -0.154178
4.31723 -1.24493 -0.14697
4.346 -1.24942 -0.154953
4.37066 -1.25316 -0.150322
4.39293 -1.25682 -0.16297
4.42067 -1.26159 -0.170169
4.432 -1.26358 -0.174012
4.44363 -1.26586 -0.193991
4.45815 -1.26823 -0.161718
4.46892 -1.26952 -0.119191
4.47929 -1.27087 -0.12891
4.50008 -1.27223 -0.0652607
4.52577 -1.27339 -0.0453781
4.5528 -1.27435 -0.0353632
4.58222 -1.27556 -0.0410719
4.60771 -1.27663 -0.0420693
4.63442 -1.27786 -0.0459112
4.6614 -1.27917 -0.0487453
4.69057 -1.28015 -0.0334023
4.71897 -1.28071 -0.0198647
4.75101 -1.28182 -0.0346409
4.77727 -1.28271 -0.0337779
4.79137 -1.2837 -0.070384
4.80571 -1.28469 -0.0686634
4.81987 -1.28586 -0.0823213
4.83634 -1.28705 -0.0720484
4.85622 -1.28807 -0.0512418
4.87323 -1.28855 -0.0286582
4.8759 -1.28868 -0.0468046
4.88989 -1.2895 -0.0585621
4.91873 -1.2913 -0.0623712
4.93857 -1.29324 -0.0976615
4.97489 -1.29639 -0.0864805
4.99561 -1.29876 -0.113945
5.01132 -1.30044 -0.106361
5.02074 -1.30173 -0.13624
5.0674 -1.30911 -0.156818
5.08782 -1.31312 -0.193863
5.10106 -1.3163 -0.235884
5.11437 -1.32008 -0.276905
5.1212 -1.3221 -0.28668
5.12196 -1.32234 -0.310361
5.13042 -1.32532 -0.338412
5.13947 -1.32803 -0.291173
5.14625 -1.33013 -0.299972
5.15421 -1.33224 -0.258903
5.15597 -1.33267 -0.241223
5.16788 -1.3353 -0.216963
5.16599 -1.33484 -0.234321
5.17638 -1.33719 -0.22211
5.17772 -1.33749 -0.221579
5.18664 -1.33996 -0.269849
5.20035 -1.34387 -0.277482
5.20462 -1.34501 -0.262922
5.21236 -1.34748 -0.308326
True
0.260773
