-5.46952 1.84757 -0.33761
-5.43362 1.83687 -0.289721
-5.3968 1.82502 -0.311311
-5.35212 1.81041 -0.315922
-5.30643 1.7966 -0.293626
-5.25905 1.78247 -0.289818
-5.21094 1.76892 -0.274487
-5.16577 1.75599 -0.278784
-5.11912 1.74256 -0.280384
-5.07141 1.72995 -0.2583
-5.02714 1.71637 -0.297765
-4.98735 1.7037 -0.308176
-4.93938 1.68962 -0.285498
-4.90412 1.67848 -0.305996
-4.85644 1.66414 -0.292265
-4.81137 1.6496 -0.31198
-4.76959 1.63759 -0.279951
-4.72145 1.62462 -0.263196
-4.67779 1.61068 -0.309042
-4.63003 1.59599 -0.298402
-4.58238 1.58091 -0.306523
-4.54433 1.5675 -0.338867
-4.49712 1.5544 -0.270689
-4.45 1.53865 -0.322602
-4.40409 1.52146 -0.358219
-4.36468 1.50626 -0.368104
-4.32522 1.49267 -0.33164
-4.27944 1.47731 -0.32371
-4.23173 1.46355 -0.280703
-4.18709 1.45088 -0.276699
-4.13869 1.43837 -0.252783
-4.09536 1.42778 -0.239798
-4.0504 1.41643 -0.247226
-4.01637 1.4079 -0.245667
-3.97061 1.39757 -0.221934
-3.92733 1.38787 -0.22066
-3.88863 1.37565 -0.305831
-3.84098 1.36129 -0.29265
-3.7973 1.34875 -0.279596
-3.75134 1.3352 -0.286747
-3.70381 1.32164 -0.277942
-3.65661 1.31031 -0.235499
-3.60844 1.29786 -0.252934
-3.56078 1.28276 -0.30685
-3.51337 1.27 -0.262805
-3.46827 1.25704 -0.279833
-3.42275 1.24444 -0.270183
-3.37438 1.23219 -0.247871
-3.326 1.21991 -0.248589
-3.27753 1.20871 -0.227179
-3.23174 1.19712 -0.247818
-3.18982 1.18327 -0.319197
-3.14205 1.16864 -0.297181
-3.09494 1.15521 -0.277633
-3.05007 1.14336 -0.258221
-3.00471 1.13139 -0.258034
-2.95724 1.1179 -0.276873
-2.91082 1.10596 -0.251769
-2.87482 1.09642 -0.259133
-2.82686 1.0823 -0.286279
-2.77871 1.06937 -0.262218
-2.73499 1.05618 -0.29308
-2.69389 1.0446 -0.274684
-2.64679 1.03353 -0.230792
-2.60538 1.02336 -0.241006
-2.56607 1.01353 -0.244901
-2.51953 1.00114 -0.260258
-2.47407 0.989847 -0.243415
-2.4285 0.977098 -0.272829
-2.38002 0.964996 -0.244624
-2.33207 0.950973 -0.28449
-2.28418 0.936685 -0.289948
-2.23697 0.921493 -0.31136
-2.18966 0.906428 -0.308244
-2.14444 0.893108 -0.286475
-2.09942 0.877591 -0.3319
-2.06313 0.866041 -0.308149
-2.01907 0.852581 -0.29649
-1.97557 0.839105 -0.300371
-1.93422 0.82482 -0.33263
-1.89173 0.810594 -0.323139
-1.84509 0.792901 -0.362576
-1.79771 0.776946 -0.324782
-1.75644 0.764333 -0.296616
-1.70948 0.747747 -0.339522
-1.66197 0.733084 -0.299371
-1.61397 0.719106 -0.283368
-1.57203 0.706622 -0.289303
-1.53429 0.695085 -0.296735
-1.48599 0.682193 -0.260793
-1.44999 0.67192 -0.27795
-1.40213 0.658288 -0.277516
-1.35527 0.642228 -0.330184
-1.31102 0.626078 -0.34991
-1.27583 0.614929 -0.306871
-1.22979 0.599447 -0.324355
-1.18467 0.586386 -0.28179
-1.14298 0.575517 -0.255034
-1.0968 0.5624 -0.276746
-1.05454 0.548378 -0.320349
-1.01509 0.534833 -0.3308
-0.967924 0.518257 -0.337928
-0.921183 0.501273 -0.348532
-0.873821 0.485249 -0.326236
-0.826478 0.469174 -0.327324
-0.782417 0.453949 -0.332696
-0.749811 0.442713 -0.331855
-0.703882 0.428447 -0.301164
-0.659586 0.411018 -0.374859
-0.61319 0.392391 -0.381782
-0.566837 0.376364 -0.332891
-0.525751 0.361516 -0.346787
-0.478682 0.344938 -0.338643
-0.432921 0.328145 -0.351708
-0.38805 0.312435 -0.336777
-0.34233 0.297539 -0.314974
-0.29538 0.280692 -0.344514
-0.255514 0.266065 -0.351653
-0.209016 0.250428 -0.324422
-0.163077 0.23279 -0.366584
-0.115969 0.216039 -0.341644
-0.0713106 0.200589 -0.333065
-0.0253846 0.184157 -0.343595
0.0130798 0.170134 -0.34961
0.0574319 0.151563 -0.396537
0.101168 0.134361 -0.374723
0.145463 0.114561 -0.420359
0.191155 0.0957027 -0.391431
0.234425 0.077258 -0.402948
0.280737 0.058684 -0.381415
0.322989 0.0408906 -0.39859
0.36562 0.021384 -0.429128
0.411112 0.00171729 -0.408047
0.449883 -0.0152354 -0.412204
0.483706 -0.0286244 -0.376924
0.52909 -0.0467874 -0.380688
0.574594 -0.0655009 -0.390162
0.620272 -0.0858055 -0.418286
0.65952 -0.101977 -0.390848
0.700558 -0.120125 -0.416372
0.742501 -0.139577 -0.434242
0.78123 -0.155096 -0.381095
0.827317 -0.173697 -0.383623
0.873223 -0.193343 -0.404383
0.911249 -0.207765 -0.362505
0.956964 -0.224872 -0.358073
0.998022 -0.238192 -0.313711
1.04565 -0.252733 -0.296307
1.09226 -0.265628 -0.269895
1.13693 -0.276589 -0.240645
1.17947 -0.286098 -0.219884
1.22642 -0.296969 -0.227544
1.27527 -0.307376 -0.209909
1.32312 -0.318884 -0.236031
1.36699 -0.329257 -0.232167
1.41573 -0.339126 -0.199814
1.45774 -0.346311 -0.169367
1.50653 -0.354813 -0.172544
1.55322 -0.364668 -0.208006
1.59502 -0.372651 -0.188698
1.64227 -0.382633 -0.208193
1.67827 -0.390837 -0.224078
1.72646 -0.401944 -0.226535
1.77458 -0.414832 -0.261698
1.82128 -0.426107 -0.236853
1.86142 -0.436726 -0.258656
1.89138 -0.445126 -0.273317
1.92969 -0.455024 -0.252857
1.97705 -0.467278 -0.253185
2.024 -0.478752 -0.239713
2.06936 -0.489071 -0.223685
2.11642 -0.500371 -0.235639
2.16193 -0.509 -0.187384
2.20768 -0.518696 -0.208842
2.25659 -0.52663 -0.16083
2.30575 -0.534417 -0.157102
2.35463 -0.543923 -0.19208
2.39527 -0.551625 -0.187281
2.44175 -0.559027 -0.15791
2.48556 -0.565569 -0.148225
2.53501 -0.570658 -0.102568
2.58022 -0.575146 -0.0989436
2.62675 -0.581547 -0.136709
2.67633 -0.587534 -0.120169
2.72595 -0.593018 -0.110069
2.77451 -0.598011 -0.102464
2.81379 -0.602404 -0.111406
2.86247 -0.609502 -0.144777
2.90729 -0.614702 -0.115502
2.95172 -0.618975 -0.0958862
3.00018 -0.624177 -0.106931
3.0481 -0.631034 -0.142134
3.08922 -0.639139 -0.194568
3.13667 -0.648534 -0.195497
3.17301 -0.65488 -0.172892
3.21876 -0.662574 -0.166586
3.24824 -0.667358 -0.160896
3.29532 -0.673915 -0.138365
3.33501 -0.680349 -0.16076
3.38111 -0.686986 -0.142976
3.42885 -0.694254 -0.151063
3.47555 -0.700603 -0.135152
3.52083 -0.708621 -0.175226
3.56586 -0.717837 -0.201896
3.60606 -0.727433 -0.234314
3.64146 -0.736034 -0.238338
3.67334 -0.74591 -0.300428
3.71413 -0.760031 -0.333304
3.75135 -0.773407 -0.345007
3.77514 -0.782106 -0.350494
3.81448 -0.795023 -0.317293
3.84048 -0.804547 -0.351087
3.87422 -0.816422 -0.338424
3.89953 -0.825052 -0.328596
3.92494 -0.833054 -0.305136
3.93979 -0.838059 -0.324992
3.966 -0.846731 -0.319524
3.9962 -0.856032 -0.29875
4.02623 -0.866646 -0.339801
4.06107 -0.878784 -0.335208
4.08382 -0.887467 -0.36462
4.11471 -0.899244 -0.364233
4.14588 -0.91245 -0.400682
4.18137 -0.92821 -0.417965
4.2044 -0.937821 -0.395392
4.23436 -0.949619 -0.375153
4.25426 -0.957745 -0.387556
4.27239 -0.964888 -0.375414
4.28589 -0.969797 -0.348753
4.30465 -0.976794 -0.357028
4.3222 -0.983301 -0.35502
4.33525 -0.988087 -0.351418
4.35542 -0.995552 -0.354552
4.37515 -1.00253 -0.339764
4.39374 -1.00861 -0.316436
4.42461 -1.01891 -0.321977
4.45116 -1.02735 -0.30765
4.46574 -1.03196 -0.306551
4.49556 -1.0416 -0.312427
4.51934 -1.04928 -0.312577
4.5519 -1.0604 -0.328952
4.58487 -1.07244 -0.350287
4.6012 -1.07872 -0.367391
4.63036 -1.08933 -0.348731
4.64585 -1.09539 -0.372944
4.67992 -1.10777 -0.34848
4.71143 -1.11874 -0.335248
4.74728 -1.12974 -0.297647
4.77848 -1.13875 -0.281036
4.79825 -1.14472 -0.293148
4.81975 -1.15142 -0.302278
4.83928 -1.15635 -0.247207
4.85891 -1.16119 -0.242001
4.87638 -1.16624 -0.281429
4.90095 -1.1737 -0.294742
4.91197 -1.1769 -0.282755
4.93741 -1.1854 -0.322369
4.95778 -1.19237 -0.329679
4.96571 -1.19515 -0.337212
4.9744 -1.19817 -0.334071
4.99128 -1.20391 -0.328039
4.99236 -1.20418 -0.246307
5.00379 -1.2065 -0.199956
5.0146 -1.20843 -0.176887
5.03275 -1.21184 -0.185737
5.04051 -1.2132 -0.172851
5.03824 -1.21282 -0.165221
5.0413 -1.2134 -0.186464
5.04923 -1.21467 -0.159375
5.06257 -1.21731 -0.195061
5.07328 -1.21931 -0.184477
5.09031 -1.22264 -0.193561
5.10212 -1.22501 -0.197382
5.11017 -1.22657 -0.191492
5.11412 -1.22732 -0.187627
5.11929 -1.22819 -0.168011
5.13127 -1.23016 -0.162487
5.14318 -1.2326 -0.201828
5.16099 -1.23645 -0.213286
5.17465 -1.23906 -0.188956
5.18229 -1.24068 -0.208539
5.1836 -1.241 -0.235004
5.19583 -1.2441 -0.248861
5.1989 -1.24522 -0.348594
5.19877 -1.24517 -0.359985
5.21013 -1.2496 -0.371548
True
0.255384
