-5.46592 -0.601829 -0.0140119
-5.41597 -0.599601 0.044572
-5.36599 -0.598531 0.0214065
-5.32388 -0.596346 0.0518421
-5.28541 -0.592631 0.0962888
-5.23734 -0.588507 0.0855792
-5.19596 -0.585799 0.0653447
-5.14734 -0.582967 0.058188
-5.10556 -0.578261 0.112158
-5.05585 -0.573146 0.10253
-5.00597 -0.570064 0.0617207
-4.96527 -0.565943 0.100905
-4.91672 -0.563623 0.0477564
-4.86757 -0.561535 0.0424439
-4.81979 -0.559705 0.038293
-4.76987 -0.560604 -0.018013
-4.72078 -0.560076 0.0107604
-4.67107 -0.560772 -0.0140139
-4.62686 -0.560037 0.0166275
-4.58468 -0.560207 -0.00402852
-4.53535 -0.561811 -0.0324981
-4.48794 -0.56291 -0.0231741
-4.44011 -0.567424 -0.0941065
-4.39086 -0.567679 -0.00518411
-4.34122 -0.563649 0.0810045
-4.29888 -0.560401 0.0765657
-4.25031 -0.560303 0.00202557
-4.21211 -0.561608 -0.0341655
-4.16341 -0.564699 -0.0633854
-4.12239 -0.569291 -0.11146
-4.07442 -0.57411 -0.100127
-4.02475 -0.579599 -0.110078
-3.97697 -0.584779 -0.107994
-3.9299 -0.590674 -0.12457
-3.88439 -0.597168 -0.141733
-3.84571 -0.603229 -0.155444
-3.80158 -0.611122 -0.176972
-3.75564 -0.618997 -0.169778
-3.7073 -0.628555 -0.195195
-3.65873 -0.64041 -0.23939
-3.61193 -0.651954 -0.241861
-3.56794 -0.664867 -0.285538
-3.52931 -0.675348 -0.264951
-3.49318 -0.685843 -0.282638
-3.44626 -0.698717 -0.267798
-3.3982 -0.712473 -0.278803
-3.35359 -0.725889 -0.292133
-3.30548 -0.739429 -0.274354
-3.26319 -0.749926 -0.243247
-3.21636 -0.765864 -0.328055
-3.17244 -0.782494 -0.361941
-3.12641 -0.800297 -0.36909
-3.07989 -0.817559 -0.355331
-3.0373 -0.834795 -0.384543
-2.99104 -0.853713 -0.388154
-2.94612 -0.872959 -0.404856
-2.90804 -0.888732 -0.392664
-2.86315 -0.910451 -0.450642
-2.8178 -0.929985 -0.406712
-2.77702 -0.949618 -0.448689
-2.73729 -0.967577 -0.424526
-2.691 -0.986468 -0.387438
-2.65925 -0.999205 -0.381534
-2.61413 -1.02075 -0.445484
-2.56959 -1.04131 -0.432365
-2.52548 -1.06127 -0.425067
-2.47909 -1.0798 -0.380028
-2.44267 -1.09411 -0.37428
-2.39687 -1.11288 -0.389063
-2.36018 -1.12841 -0.40035
-2.31364 -1.14661 -0.372716
-2.26724 -1.16395 -0.357719
-2.21933 -1.17816 -0.288274
-2.17138 -1.1922 -0.284916
-2.13069 -1.20432 -0.289533
-2.08446 -1.21803 -0.288342
-2.03757 -1.23125 -0.274768
-1.99619 -1.24203 -0.254782
-1.9479 -1.25451 -0.252944
-1.90556 -1.26383 -0.216507
-1.86158 -1.27288 -0.202929
-1.82978 -1.27955 -0.206804
-1.78052 -1.28803 -0.170532
-1.73166 -1.29687 -0.178963
-1.68243 -1.30527 -0.169016
-1.63536 -1.31198 -0.141541
-1.59127 -1.31925 -0.163562
-1.54334 -1.32646 -0.149255
-1.49491 -1.3322 -0.117876
-1.44698 -1.33761 -0.112518
-1.40036 -1.34293 -0.113486
-1.35047 -1.34526 -0.0466936
-1.30167 -1.34738 -0.0433972
-1.25393 -1.35026 -0.0602527
-1.20472 -1.35357 -0.0671787
-1.15488 -1.35671 -0.0630755
-1.10686 -1.3583 -0.0329629
-1.05702 -1.36124 -0.0590531
-1.01705 -1.36422 -0.0742069
-0.97268 -1.3673 -0.0693547
-0.932396 -1.36791 -0.0151814
-0.882448 -1.36962 -0.034251
-0.838781 -1.37045 -0.0188812
-0.791789 -1.37143 -0.0208691
-0.743001 -1.3734 -0.0405034
-0.697709 -1.37278 0.0137019
-0.652879 -1.37229 0.0109862
-0.603398 -1.3693 0.0603699
-0.557529 -1.36817 0.024681
-0.50782 -1.36514 0.0607309
-0.457833 -1.36506 0.00161464
-0.415974 -1.36317 0.0453073
-0.371766 -1.36231 0.0192991
-0.322019 -1.35894 0.0676433
-0.273127 -1.35472 0.0862377
-0.225988 -1.34889 0.123005
-0.179977 -1.34441 0.0970953
-0.136342 -1.33926 0.117359
-0.0865828 -1.3351 0.0834436
-0.0380014 -1.3278 0.149172
0.0094964 -1.32035 0.155579
0.0575858 -1.31231 0.165604
0.0919418 -1.30742 0.141448
0.138799 -1.29974 0.162525
0.17319 -1.29526 0.129323
0.217056 -1.28884 0.14537
0.262763 -1.28276 0.132188
0.310786 -1.27749 0.109283
0.346105 -1.2736 0.109805
0.385174 -1.26901 0.11688
0.434127 -1.26418 0.0983933
0.472817 -1.2608 0.0871558
0.522339 -1.25507 0.115153
0.570811 -1.24821 0.140564
0.620281 -1.24114 0.141965
0.668863 -1.23646 0.0960666
0.713868 -1.23246 0.088705
0.76362 -1.22787 0.0920413
0.808243 -1.22246 0.1207
0.857526 -1.2164 0.12222
0.903649 -1.20966 0.145031
0.95167 -1.20168 0.164793
0.999865 -1.1948 0.141774
1.04931 -1.1875 0.146647
1.09843 -1.1797 0.15742
1.14176 -1.17363 0.139254
1.18832 -1.16753 0.130182
1.23086 -1.16159 0.138857
1.27998 -1.15528 0.127712
1.32826 -1.14734 0.16297
1.36804 -1.14198 0.133973
1.41719 -1.13658 0.109343
1.46688 -1.13187 0.0944581
1.51656 -1.1274 0.0898374
1.56461 -1.12145 0.123136
1.60769 -1.11711 0.100482
1.65728 -1.11243 0.0941536
1.70719 -1.10976 0.053317
1.75075 -1.10615 0.0826997
1.79999 -1.10172 0.0898203
1.84685 -1.09723 0.0955432
1.89275 -1.08956 0.165398
1.94104 -1.0821 0.15339
1.98879 -1.0745 0.157739
2.03786 -1.06807 0.130432
2.08716 -1.06176 0.127271
2.13468 -1.05514 0.138438
2.18352 -1.04938 0.117387
2.2307 -1.04539 0.0842214
2.28034 -1.03982 0.111825
2.32973 -1.03218 0.153385
2.3773 -1.02712 0.105974
2.4261 -1.02539 0.0355898
2.47439 -1.02094 0.0918186
2.51821 -1.01519 0.130482
2.56671 -1.00953 0.116186
2.61617 -1.00493 0.0927767
2.66466 -1.00042 0.0926012
2.71376 -0.99668 0.0761049
2.75604 -0.994955 0.0407693
2.80403 -0.995146 -0.00398731
2.84586 -0.994611 0.0127937
2.88077 -0.993146 0.0419415
2.91993 -0.990834 0.058969
2.96782 -0.988184 0.0552812
3.01188 -0.983806 0.0990389
3.05143 -0.981258 0.0643351
3.09669 -0.978982 0.0502358
3.13999 -0.977516 0.0338375
3.18943 -0.977269 0.00500929
3.23928 -0.977441 -0.00344707
3.27936 -0.976531 0.0226886
3.32451 -0.973451 0.0681136
3.37147 -0.969639 0.0809896
3.41385 -0.966 0.0856596
3.44841 -0.962739 0.0940733
3.48216 -0.959839 0.0857237
3.53079 -0.956392 0.0707561
3.56367 -0.953637 0.0835972
3.60751 -0.947443 0.14037
3.65075 -0.942744 0.108238
3.69571 -0.935663 0.156218
3.72954 -0.931225 0.130441
3.76556 -0.926826 0.121503
3.79513 -0.923124 0.124554
3.83531 -0.917531 0.138302
3.87786 -0.91242 0.11955
3.92099 -0.910022 0.0555366
3.964 -0.90802 0.0465273
4.00011 -0.905131 0.079833
4.04956 -0.901545 0.0723887
4.0865 -0.898857 0.0726554
4.12678 -0.894929 0.0971846
4.16433 -0.890923 0.106273
4.19366 -0.887891 0.103037
4.21623 -0.885212 0.118174
4.25006 -0.882508 0.0797564
4.28291 -0.87946 0.0925021
4.32125 -0.876504 0.0769533
4.35801 -0.873352 0.0855499
4.40077 -0.869182 0.0972095
4.44094 -0.864996 0.103815
4.47255 -0.861056 0.124003
4.48555 -0.859406 0.126229
4.5003 -0.857223 0.147054
4.53418 -0.851418 0.169636
4.56868 -0.846203 0.150044
4.58099 -0.844298 0.15353
4.59492 -0.842069 0.158691
4.62078 -0.838049 0.154204
4.64005 -0.835349 0.139246
4.65784 -0.832324 0.168401
4.68581 -0.826103 0.218798
4.71926 -0.818031 0.236819
4.74422 -0.812891 0.203081
4.75855 -0.809951 0.20234
4.78778 -0.80524 0.159818
4.80898 -0.802334 0.136186
4.82337 -0.80066 0.115908
4.83772 -0.799233 0.0990604
4.84609 -0.798553 0.0810882
4.86174 -0.797162 0.0886433
4.87813 -0.795509 0.100539
4.88827 -0.794101 0.137992
4.89674 -0.793109 0.116568
4.9028 -0.792248 0.14102
4.9215 -0.789618 0.13975
4.9373 -0.787181 0.153046
4.94842 -0.785511 0.149107
4.96705 -0.781823 0.195361
4.98659 -0.777315 0.226765
5.01004 -0.771734 0.233639
5.01118 -0.771485 0.215727
5.0186 -0.770015 0.195385
5.03078 -0.768273 0.142217
5.04817 -0.766027 0.128385
5.0543 -0.765318 0.115172
5.06247 -0.764479 0.10231
5.07418 -0.763401 0.0917817
5.07418 -0.763402 0.0737675
5.0813 -0.762727 0.0944523
5.08921 -0.762065 0.083465
5.10556 -0.760157 0.116161
5.10753 -0.759911 0.124498
5.11002 -0.759683 0.0912957
5.10886 -0.759762 0.0680384
5.12171 -0.758808 0.0740915
5.13345 -0.758575 0.0198683
5.15424 -0.757788 0.0378362
5.16687 -0.757484 0.0240638
5.17057 -0.757495 -0.0029948
5.1834 -0.757924 -0.0334007
5.19309 -0.758478 -0.0571571
5.19866 -0.758882 -0.0725296
5.19948 -0.758916 -0.0410615
5.19802 -0.758925 0.00573201
5.19431 -0.758939 0.00390322
5.20418 -0.758677 0.0265564
5.21571 -0.758901 -0.0194219
True
0.253134
