-5.46234 -1.34316 0.257569
-5.41474 -1.33225 0.225495
-5.36901 -1.31786 0.304858
-5.3219 -1.30143 0.335492
-5.27676 -1.28792 0.290825
-5.22999 -1.27261 0.316306
-5.18292 -1.25778 0.305153
-5.13493 -1.24384 0.282891
-5.08859 -1.22973 0.295549
-5.04071 -1.21531 0.292392
-5.00282 -1.20374 0.296583
-4.95642 -1.19138 0.260182
-4.9161 -1.17923 0.292651
-4.86874 -1.16395 0.312231
-4.82088 -1.14988 0.285792
-4.77947 -1.13624 0.318322
-4.73652 -1.12187 0.322866
-4.69004 -1.10574 0.333891
-4.64519 -1.09048 0.327978
-4.60006 -1.07433 0.343664
-4.55329 -1.05696 0.355669
-4.51028 -1.03964 0.38284
-4.47342 -1.02698 0.330718
-4.42676 -1.00946 0.359333
-4.3844 -0.992945 0.371661
-4.35055 -0.983012 0.285423
-4.30797 -0.969232 0.312993
-4.26009 -0.957138 0.247423
-4.2168 -0.945046 0.272354
-4.17422 -0.933885 0.256357
-4.12629 -0.919659 0.28856
-4.0829 -0.908368 0.254579
-4.03581 -0.894776 0.280995
-3.99685 -0.882512 0.304967
-3.95139 -0.86671 0.334515
-3.90642 -0.854738 0.260186
-3.86916 -0.845053 0.254286
-3.82197 -0.828643 0.334696
-3.77519 -0.811095 0.358881
-3.73011 -0.794364 0.355359
-3.68811 -0.777547 0.380873
-3.65193 -0.761315 0.421749
-3.60847 -0.741796 0.422135
-3.5624 -0.722467 0.397221
-3.52945 -0.70842 0.402942
-3.48777 -0.689301 0.430051
-3.44077 -0.672292 0.347246
-3.41867 -0.665009 0.318446
-3.37518 -0.651415 0.302944
-3.32941 -0.638756 0.269823
-3.28612 -0.624561 0.316879
-3.25026 -0.611638 0.345812
-3.21385 -0.598888 0.336838
-3.17335 -0.584226 0.347382
-3.1289 -0.568184 0.346358
-3.08303 -0.554138 0.29717
-3.03791 -0.541593 0.271174
-3.00499 -0.53151 0.297195
-2.9572 -0.517685 0.281592
-2.90937 -0.503836 0.281863
-2.86566 -0.492154 0.261114
-2.81774 -0.480334 0.241823
-2.77048 -0.46739 0.267362
-2.72381 -0.454491 0.269623
-2.68531 -0.442652 0.298341
-2.63768 -0.427512 0.307821
-2.59024 -0.412127 0.313586
-2.54597 -0.396852 0.332276
-2.49935 -0.381212 0.323629
-2.45814 -0.368576 0.297533
-2.41432 -0.355287 0.294439
-2.37737 -0.343705 0.303751
-2.32953 -0.329217 0.294085
-2.28299 -0.315326 0.290034
-2.23571 -0.300623 0.301504
-2.19576 -0.287123 0.325896
-2.15379 -0.273839 0.306536
-2.11348 -0.262687 0.26989
-2.07319 -0.25118 0.278209
-2.02523 -0.237144 0.284709
-1.97743 -0.223127 0.28523
-1.93044 -0.21011 0.270238
-1.89277 -0.19787 0.314186
-1.848 -0.182523 0.330213
-1.80453 -0.169087 0.299825
-1.76463 -0.157671 0.278616
-1.71954 -0.148211 0.206831
-1.67236 -0.138024 0.212634
-1.62766 -0.127708 0.226817
-1.57946 -0.116381 0.230837
-1.53123 -0.104833 0.235008
-1.48319 -0.0936054 0.229581
-1.4349 -0.0807088 0.260942
-1.3861 -0.0698718 0.218539
-1.33799 -0.05868 0.228572
-1.29647 -0.0513742 0.174159
-1.25025 -0.0422451 0.195036
-1.2049 -0.0333078 0.194549
-1.16768 -0.0266714 0.176457
-1.12067 -0.0171857 0.199116
-1.07227 -0.00930864 0.161342
-1.02377 -0.00419113 0.105128
-0.996262 -0.00149377 0.0977293
-0.960828 0.00242779 0.110224
-0.91543 0.00802008 0.122566
-0.876576 0.0124519 0.113573
-0.827738 0.0183005 0.119189
-0.779341 0.0220845 0.0780269
-0.732449 0.0263968 0.0917061
-0.685849 0.0337614 0.15674
-0.63641 0.0410778 0.146923
-0.591996 0.0463187 0.117457
-0.544929 0.0501117 0.0804137
-0.509789 0.0518396 0.0491302
-0.461504 0.0534365 0.0330612
-0.411921 0.0561697 0.0550672
-0.365619 0.0590409 0.0619321
-0.318978 0.0631194 0.0872231
-0.268994 0.064333 0.0242741
-0.222145 0.0657994 0.0312912
-0.17255 0.0668252 0.0206807
-0.122874 0.0687283 0.0382912
-0.0728813 0.0694991 0.0154173
-0.0313419 0.0708925 0.0335296
0.00627734 0.0714786 0.0155791
0.0494392 0.0717289 0.00579837
0.0715382 0.07293 0.0543009
0.119336 0.0745525 0.0339319
0.169037 0.077649 0.0622214
0.218521 0.0808988 0.0655797
0.268331 0.0833798 0.0497694
0.311358 0.0863796 0.0696042
0.355948 0.0874079 0.023058
0.399431 0.0882821 0.0201011
0.449206 0.088209 -0.0014687
0.485322 0.0871735 -0.0286613
0.534581 0.0876662 0.0100021
0.570642 0.0875423 -0.00343573
0.617921 0.0897615 0.0469034
0.667893 0.0908199 0.021175
0.717304 0.0923023 0.0299937
0.765009 0.0932297 0.0194373
0.805412 0.0931296 -0.00247698
0.855378 0.0932206 0.00182075
0.894845 0.0946125 0.0352545
0.933421 0.0959708 0.0351962
0.972123 0.0970724 0.0284554
1.02211 0.0959318 -0.0228151
1.07209 0.0967827 0.0170215
1.11525 0.0954398 -0.0311047
1.15077 0.0955901 0.00423273
1.19771 0.0949402 -0.0138437
1.24639 0.0971196 0.0447362
1.29153 0.0994595 0.051791
1.33991 0.104339 0.10053
1.38942 0.110549 0.124768
1.43727 0.117785 0.150084
1.48431 0.123543 0.121795
1.53226 0.130024 0.134348
1.57621 0.135794 0.130553
1.61528 0.142636 0.173352
1.65653 0.150835 0.196222
1.70476 0.163937 0.265223
1.75274 0.177959 0.284336
1.78827 0.190747 0.345467
1.82449 0.204035 0.351614
1.8549 0.213509 0.302038
1.89987 0.224468 0.239034
1.94441 0.236706 0.268183
1.98921 0.24926 0.273169
2.03302 0.260525 0.251713
2.08028 0.27542 0.305294
2.12731 0.292125 0.34134
2.16967 0.306706 0.331461
2.21608 0.323078 0.339195
2.26231 0.341482 0.378837
2.3019 0.358252 0.400646
2.34811 0.37632 0.372756
2.38805 0.391697 0.367467
2.43463 0.408828 0.352431
2.4783 0.42406 0.33563
2.5234 0.43924 0.324638
2.56805 0.454598 0.33129
2.60523 0.46745 0.332805
2.6532 0.481488 0.284743
2.69902 0.495136 0.289456
2.73819 0.5069 0.291799
2.7787 0.518606 0.281307
2.82142 0.531411 0.291191
2.86308 0.545526 0.326682
2.90278 0.558205 0.309111
2.93928 0.571032 0.337992
2.9856 0.587506 0.341677
3.02971 0.60395 0.356866
3.06273 0.617423 0.38732
3.10872 0.635659 0.377516
3.15112 0.651076 0.348729
3.1884 0.665405 0.366972
3.23508 0.683331 0.366683
3.27709 0.697096 0.316621
3.31729 0.710249 0.316183
3.36461 0.726362 0.328232
3.39507 0.737285 0.34426
3.43957 0.754849 0.375978
3.47677 0.769252 0.36934
3.52032 0.785034 0.347679
3.56495 0.803031 0.383284
3.60309 0.817013 0.351449
3.63852 0.828528 0.314207
3.67477 0.840833 0.327265
3.69898 0.848802 0.317959
3.72986 0.858199 0.295432
3.74735 0.862693 0.251424
3.75397 0.864367 0.247977
3.78256 0.871282 0.237298
3.81378 0.880673 0.292189
3.8491 0.891406 0.294942
3.88381 0.902562 0.311061
3.92389 0.916857 0.342593
3.95087 0.928784 0.416167
3.96397 0.934924 0.438453
4.00801 0.955945 0.44534
4.03542 0.968994 0.444206
4.07309 0.986119 0.426731
4.10404 1.00019 0.426684
4.14778 1.02045 0.433786
4.18485 1.03718 0.423903
4.22059 1.05369 0.432827
4.24052 1.06281 0.428866
4.25631 1.06902 0.375221
4.29722 1.08414 0.353927
4.33005 1.09529 0.327306
4.36781 1.10575 0.270293
4.40629 1.11717 0.288501
4.44425 1.12755 0.266788
4.46895 1.13398 0.254915
4.50438 1.14474 0.29485
4.53581 1.15585 0.3397
4.55893 1.16422 0.347321
4.5702 1.16864 0.373739
4.6015 1.18076 0.369601
4.61961 1.18774 0.367619
4.64828 1.19891 0.371613
4.66669 1.20597 0.365919
4.67718 1.21021 0.384829
4.70523 1.21996 0.334354
4.71691 1.22362 0.303474
4.73058 1.22854 0.345977
4.74053 1.23259 0.386525
4.75487 1.23829 0.377959
4.76457 1.24239 0.400581
4.78856 1.25232 0.392203
4.80513 1.25891 0.378958
4.82995 1.2686 0.371949
4.84046 1.27317 0.41016
4.85712 1.28209 0.491781
4.86711 1.28752 0.497787
4.88958 1.30022 0.514592
4.89723 1.30461 0.520595
4.91611 1.31564 0.528622
4.94122 1.33059 0.53694
4.95222 1.33731 0.548912
4.9572 1.34059 0.582065
4.9647 1.34564 0.592402
4.97106 1.35 0.601357
4.98486 1.35959 0.60718
4.98959 1.3629 0.611178
4.99871 1.36957 0.63106
5.00087 1.37111 0.620358
5.01768 1.38279 0.607136
5.03399 1.39453 0.62387
5.04657 1.40339 0.613314
5.05496 1.40917 0.60393
5.0598 1.4124 0.588102
5.06367 1.41508 0.606285
5.06846 1.41852 0.623036
5.06977 1.41958 0.677406
5.07351 1.42237 0.641657
5.08674 1.43172 0.615175
5.09603 1.43849 0.629777
5.10438 1.44482 0.648575
5.11161 1.45094 0.702779
5.11822 1.45686 0.729924
5.12862 1.46729 0.786707
5.12943 1.46821 0.850554
5.13048 1.46932 0.813068
5.1349 1.47384 0.796717
5.13898 1.47777 0.766417
5.14559 1.48378 0.737362
5.14733 1.48536 0.740223
5.15277 1.49029 0.736477
5.16438 1.49977 0.684329
5.17366 1.50761 0.701451
5.17907 1.51188 0.669279
5.18489 1.51629 0.64839
5.19771 1.52527 0.610642
5.19793 1.52542 0.617567
5.20315 1.52917 0.622341
5.20336 1.52932 0.605844
5.21192 1.53533 0.612765
True
0.0653154
