4.48376 0.00698876 2.73519
4.46246 0.0171716 2.69562
4.4359 0.0318996 2.63526
4.39527 0.0545926 2.63231
4.35796 0.0783363 2.57485
4.31778 0.106947 2.52271
4.29397 0.125974 2.46753
4.26758 0.146297 2.48523
4.2412 0.169477 2.42067
4.21303 0.197407 2.36048
4.18607 0.224876 2.34696
4.1578 0.260396 2.24297
4.12835 0.296321 2.25753
4.10464 0.324802 2.26505
4.07759 0.363787 2.17738
4.05094 0.405059 2.14416
4.02816 0.441074 2.13465
4.00199 0.483665 2.12174
3.98336 0.517762 2.07089
3.96568 0.551297 2.05612
3.9485 0.586982 2.01938
3.92863 0.628756 2.01488
3.90951 0.674114 1.96964
3.88823 0.719344 2.01062
3.87093 0.761008 1.96429
3.8544 0.808046 1.90871
3.83963 0.855798 1.87085
3.83029 0.880047 1.9382
3.81404 0.922068 1.9398
3.79688 0.968219 1.92687
3.78455 1.00678 1.88024
3.76869 1.04761 1.94122
3.75735 1.07998 1.90785
3.75258 1.09338 1.91321
3.74149 1.12449 1.91301
3.73246 1.14946 1.91786
3.72727 1.16244 1.95149
3.71037 1.20156 1.97855
3.70504 1.21269 2.01709
3.68833 1.24589 2.03706
3.66786 1.29151 1.9926
3.64701 1.33444 2.02298
3.62607 1.37481 2.04929
3.60408 1.41964 2.02686
3.58637 1.45549 2.02958
3.56472 1.49475 2.0747
3.54064 1.53643 2.09464
3.52103 1.56872 2.11668
3.49651 1.61067 2.09962
3.47137 1.65365 2.10015
3.44814 1.69587 2.07382
3.42564 1.74045 2.03819
3.40498 1.78238 2.02868
3.38351 1.82712 2.01812
3.36226 1.87078 2.02384
3.33837 1.91462 2.06973
3.31523 1.95895 2.05186
3.29268 2.00202 2.05309
3.26885 2.04283 2.09929
3.24521 2.08546 2.07717
3.2313 2.11071 2.07414
3.205 2.1532 2.12518
3.18328 2.19407 2.05922
3.1632 2.23131 2.06532
3.14066 2.27594 2.03847
3.11659 2.31975 2.07323
3.09024 2.35925 2.15916
3.06234 2.40063 2.16395
3.03717 2.44162 2.12136
3.02302 2.46362 2.14264
2.99269 2.50337 2.22247
2.97483 2.52951 2.1703
2.94729 2.57108 2.15581
2.91794 2.61156 2.19822
2.89953 2.63651 2.2065
2.87041 2.67258 2.24995
2.84142 2.70994 2.23066
2.80867 2.74768 2.28558
2.77624 2.7851 2.28497
2.74339 2.82055 2.3181
2.7094 2.85528 2.34538
2.67259 2.88909 2.39875
2.64078 2.91763 2.41021
2.60964 2.94396 2.43963
2.57451 2.96972 2.50905
2.53639 2.99831 2.49799
2.5047 3.0214 2.51192
2.47058 3.04626 2.51203
2.43673 3.07026 2.52479
2.39711 3.09546 2.57511
2.35481 3.12186 2.58355
2.31869 3.14189 2.63521
2.27754 3.16618 2.60846
2.23406 3.19088 2.62493
2.19533 3.21314 2.62003
2.15201 3.23771 2.62565
2.10901 3.2632 2.60646
2.0878 3.27529 2.6234
2.0445 3.29985 2.62567
2.00029 3.32319 2.65598
1.95761 3.34836 2.6087
1.92083 3.36895 2.6311
1.88001 3.39036 2.65861
1.83886 3.40835 2.72949
1.79283 3.42665 2.76308
1.74705 3.44652 2.7322
1.70123 3.4665 2.73043
1.65841 3.484 2.75346
1.61382 3.49905 2.8162
1.56626 3.51447 2.82806
1.52213 3.53082 2.78676
1.4813 3.54468 2.81438
1.43425 3.56023 2.82245
1.38956 3.57663 2.78967
1.34291 3.59462 2.77365
1.30077 3.60961 2.79988
1.25392 3.62709 2.78445
1.2149 3.64214 2.7735
1.17844 3.65825 2.72554
1.13189 3.6765 2.76796
1.10279 3.68699 2.79553
1.05895 3.70597 2.73311
1.01978 3.721 2.7752
0.979228 3.73662 2.77378
0.932899 3.75365 2.78942
0.894936 3.76759 2.78974
0.84803 3.78286 2.82688
0.806039 3.79449 2.87134
0.760609 3.80658 2.88136
0.714429 3.81651 2.92982
0.670425 3.82477 2.95604
0.638673 3.83061 2.95984
0.58954 3.83964 2.9598
0.540661 3.85006 2.93158
0.491256 3.85761 2.98998
0.444952 3.86378 3.00903
0.398963 3.87028 3.00118
0.359955 3.87539 3.01135
0.317413 3.87843 3.07032
0.270926 3.87979 3.11244
0.22105 3.87862 3.1649
0.171086 3.8768 -3.10514
0.121779 3.87298 -3.0643
0.0745534 3.86959 -3.06992
0.0246126 3.86732 -3.09614
-0.0212918 3.86356 -3.05979
-0.070446 3.8604 -3.07743
-0.116576 3.85604 -3.04745
-0.164702 3.85171 -3.05183
-0.210994 3.84859 -3.07427
-0.260716 3.84395 -3.04851
-0.309634 3.84131 -3.0877
-0.357654 3.83926 -3.09886
-0.407643 3.83902 -3.13685
-0.455956 3.83883 -3.13776
-0.50594 3.8376 -3.11693
-0.547637 3.83602 -3.10377
-0.594836 3.8335 -3.08829
-0.644478 3.82965 -3.06419
-0.690379 3.8232 -3.00199
-0.736878 3.81814 -3.03303
-0.785127 3.81507 -3.07812
-0.815338 3.81265 -3.06182
-0.860866 3.8104 -3.09205
-0.910299 3.80599 -3.05272
-0.955212 3.80214 -3.05599
-1.005 3.79763 -3.05119
-1.05447 3.79314 -3.0511
-1.10293 3.78819 -3.03979
-1.14286 3.78309 -3.01462
-1.18646 3.77667 -2.99552
-1.23315 3.76785 -2.95473
-1.27461 3.76187 -2.99854
-1.32364 3.75244 -2.95155
-1.36927 3.74441 -2.96743
-1.40095 3.74016 -3.00814
-1.45061 3.73434 -3.02499
-1.49684 3.72969 -3.04131
-1.54042 3.72802 -3.10329
-1.58243 3.7268 -3.11257
-1.63231 3.72347 -3.07493
-1.67682 3.71976 -3.05841
-1.71975 3.71592 -3.05228
-1.76393 3.71047 -3.01878
-1.81312 3.70552 -3.04139
-1.85903 3.69877 -2.9957
-1.90857 3.69205 -3.00668
-1.9578 3.68342 -2.96805
-1.9986 3.67666 -2.97747
-2.0426 3.66786 -2.94416
-2.08975 3.65781 -2.93165
-2.13483 3.64875 -2.94307
-2.18143 3.63931 -2.94183
-2.23037 3.62936 -2.941
-2.2641 3.62281 -2.94987
-2.31199 3.6126 -2.93152
-2.35993 3.60279 -2.93981
-2.40819 3.59136 -2.9089
-2.45555 3.57842 -2.87496
-2.49747 3.56558 -2.84434
-2.54157 3.55125 -2.8274
-2.57066 3.54286 -2.86076
-2.58659 3.53817 -2.85556
-2.61835 3.52926 -2.86788
-2.65502 3.52062 -2.91038
-2.69482 3.51281 -2.94786
-2.74003 3.50353 -2.939
-2.7773 3.49547 -2.92862
-2.80505 3.48969 -2.93618
-2.83661 3.48357 -2.95015
-2.869 3.47668 -2.93198
-2.90405 3.46909 -2.92824
-2.93036 3.46307 -2.91671
-2.95794 3.45601 -2.89124
-2.99181 3.44811 -2.91235
-3.02996 3.43875 -2.90098
-3.05449 3.43209 -2.87652
-3.06992 3.42819 -2.89374
-3.11268 3.41919 -2.93426
-3.13489 3.41487 -2.94942
-3.14612 3.4126 -2.94233
-3.16062 3.41004 -2.96685
-3.17846 3.40728 -2.98775
-3.19261 3.40552 -3.01835
-3.22164 3.40201 -3.02094
-3.22462 3.40156 -2.99288
-3.23591 3.39904 -2.92229
-3.25066 3.39505 -2.87707
-3.28422 3.38504 -2.8518
-3.30184 3.37981 -2.85309
-3.31539 3.37629 -2.88723
-3.3442 3.36806 -2.86344
-3.37208 3.36053 -2.87773
-3.4025 3.35109 -2.84062
-3.44251 3.33905 -2.84943
-3.47507 3.32934 -2.85162
-3.49707 3.32264 -2.84623
-3.5343 3.31221 -2.86823
-3.56567 3.30346 -2.86968
-3.59369 3.29626 -2.89011
-3.61178 3.29174 -2.89656
-3.62708 3.28751 -2.87228
-3.63929 3.28471 -2.91567
-3.67558 3.27641 -2.91691
-3.69608 3.27172 -2.9165
-3.70511 3.26961 -2.91219
-3.70713 3.26926 -2.96848
-3.71918 3.26762 -3.00643
-3.72853 3.26667 -3.04098
-3.74038 3.26534 -3.0294
-3.75051 3.26426 -3.03554
-3.76668 3.26262 -3.04031
-3.78127 3.26087 -3.02261
-3.78762 3.25994 -2.99567
-3.79137 3.25932 -2.97838
-3.79557 3.25866 -2.98466
-3.79554 3.25866 -2.96532
-3.80035 3.25783 -2.96955
-3.81208 3.25585 -2.97468
-3.8275 3.25333 -2.97946
-3.85066 3.24898 -2.95599
-3.86735 3.24642 -2.98905
-3.89492 3.24209 -2.98603
-3.91822 3.2385 -2.98854
-3.94737 3.23418 -2.99473
-3.97934 3.22891 -2.97796
-3.99613 3.22628 -2.9864
-4.01952 3.22179 -2.95179
-4.03832 3.21718 -2.90132
-4.04786 3.21465 -2.88282
-4.05336 3.21332 -2.90316
-4.06418 3.21082 -2.91497
-4.07164 3.20932 -2.94258
-4.08754 3.20521 -2.88891
-4.09533 3.20317 -2.88556
-4.11247 3.19854 -2.87743
-4.12219 3.19627 -2.91297
-4.13258 3.19371 -2.89998
-4.14466 3.19023 -2.86074
-4.15901 3.18592 -2.84966
-4.17269 3.18165 -2.83942
-4.18483 3.17811 -2.85756
-4.19001 3.17649 -2.83933
-4.20489 3.17068 -2.76885
True
0.0671549
