-5.47493 1.86682 -0.256449
-5.43276 1.85753 -0.216857
-5.39339 1.84848 -0.225828
-5.3555 1.84023 -0.214343
-5.30712 1.83119 -0.184722
-5.25809 1.82189 -0.187494
-5.21711 1.81345 -0.203103
-5.1685 1.80334 -0.205
-5.12771 1.79608 -0.176131
-5.08652 1.78894 -0.171691
-5.03957 1.77782 -0.232512
-4.99813 1.76609 -0.276012
-4.953 1.75169 -0.30873
-4.90504 1.7393 -0.252815
-4.86717 1.72768 -0.297797
-4.81995 1.71269 -0.307384
-4.77366 1.6971 -0.32474
-4.73144 1.6834 -0.313999
-4.68715 1.66815 -0.331563
-4.63989 1.65435 -0.283961
-4.59258 1.63824 -0.328193
-4.5456 1.62382 -0.297894
-4.50641 1.61093 -0.317829
-4.47158 1.59878 -0.335596
-4.43303 1.58517 -0.339355
-4.38576 1.56965 -0.317206
-4.33815 1.55442 -0.309664
-4.29207 1.5379 -0.344306
-4.25243 1.52252 -0.370009
-4.21177 1.50558 -0.394684
-4.16566 1.48674 -0.387977
-4.12456 1.47089 -0.368054
-4.07986 1.45369 -0.367332
-4.03262 1.43757 -0.32874
-3.98598 1.42329 -0.297209
-3.9413 1.4107 -0.274584
-3.89556 1.39724 -0.286239
-3.8513 1.38309 -0.30953
-3.80388 1.36839 -0.300558
-3.75931 1.35396 -0.313018
-3.71483 1.33966 -0.311186
-3.66804 1.32454 -0.31258
-3.62304 1.30837 -0.344856
-3.57885 1.29195 -0.35574
-3.53275 1.27663 -0.320908
-3.48585 1.26052 -0.330865
-3.43808 1.24578 -0.29932
-3.39183 1.23083 -0.312522
-3.35272 1.21862 -0.302549
-3.30825 1.2048 -0.301493
-3.26176 1.18975 -0.313069
-3.2326 1.18026 -0.314548
-3.19392 1.16622 -0.34814
-3.14829 1.15143 -0.313527
-3.10132 1.13574 -0.322301
-3.05751 1.12305 -0.282079
-3.0112 1.10791 -0.315843
-2.97039 1.0984 -0.228974
-2.92781 1.08718 -0.257693
-2.87998 1.07529 -0.243661
-2.83104 1.06731 -0.161489
-2.79655 1.06173 -0.160578
-2.75363 1.05418 -0.174086
-2.70542 1.04637 -0.160564
-2.66446 1.03791 -0.203792
-2.62523 1.02889 -0.225883
-2.57682 1.01642 -0.252173
-2.53935 1.0078 -0.226151
-2.49084 0.997042 -0.2182
-2.44581 0.986409 -0.231877
-2.40183 0.974113 -0.272619
-2.35766 0.961897 -0.269844
-2.31342 0.949544 -0.272289
-2.2659 0.934637 -0.303937
-2.21856 0.918591 -0.326851
-2.1766 0.905317 -0.306403
-2.12983 0.890492 -0.306946
-2.08319 0.875886 -0.303448
-2.03624 0.859522 -0.335396
-1.99117 0.844555 -0.320612
-1.94917 0.830591 -0.32102
-1.90221 0.813833 -0.342757
-1.85868 0.799911 -0.309541
-1.81434 0.785458 -0.315123
-1.77276 0.775029 -0.245736
-1.72474 0.762551 -0.25422
-1.68144 0.751298 -0.254225
-1.63566 0.738271 -0.277223
-1.59073 0.725599 -0.274929
-1.54656 0.712432 -0.2897
-1.49873 0.698378 -0.285775
-1.45652 0.683596 -0.3369
-1.40882 0.668764 -0.301432
-1.36295 0.654537 -0.300804
-1.33279 0.643995 -0.336221
-1.28782 0.628504 -0.331725
-1.24315 0.613376 -0.32655
-1.2037 0.599648 -0.334908
-1.16045 0.585892 -0.307906
-1.11686 0.570981 -0.329603
-1.06894 0.556703 -0.289592
-1.02876 0.545276 -0.277037
-0.985929 0.531246 -0.316588
-0.93868 0.515196 -0.327458
-0.891923 0.498842 -0.336464
-0.845464 0.480464 -0.37668
-0.800578 0.460517 -0.418197
-0.758431 0.442126 -0.411424
-0.712437 0.424226 -0.37116
-0.677699 0.410125 -0.38559
-0.631567 0.391466 -0.384355
-0.586843 0.373502 -0.381951
-0.545708 0.357768 -0.365322
-0.499095 0.339718 -0.369447
-0.45151 0.324424 -0.310981
-0.405578 0.30483 -0.40321
-0.360581 0.287612 -0.365466
-0.31677 0.270346 -0.375404
-0.269968 0.253154 -0.352043
-0.226114 0.235094 -0.390637
-0.179484 0.218323 -0.345272
-0.132127 0.202312 -0.326016
-0.0905443 0.188728 -0.315739
-0.0502925 0.175119 -0.326033
-0.00349647 0.160057 -0.311395
0.0395738 0.14567 -0.322389
0.0824597 0.130357 -0.342947
0.127981 0.113457 -0.355484
0.17401 0.0964942 -0.353083
0.218848 0.0796171 -0.36
0.264981 0.0619368 -0.365981
0.306797 0.0477303 -0.327503
0.353777 0.03125 -0.337382
0.393976 0.0165253 -0.351115
0.433223 0.000949159 -0.377814
0.469969 -0.0140018 -0.386416
0.516823 -0.0314483 -0.356457
0.561272 -0.0479448 -0.355374
0.604396 -0.0641084 -0.358611
0.649474 -0.0801885 -0.342643
0.696372 -0.0955897 -0.317305
0.736618 -0.108995 -0.321536
0.783147 -0.124244 -0.316699
0.829884 -0.141671 -0.356898
0.872922 -0.157696 -0.35643
0.909042 -0.171514 -0.365381
0.946993 -0.182585 -0.283852
0.995118 -0.196145 -0.274643
1.04251 -0.208255 -0.250189
1.08249 -0.219917 -0.283804
1.13001 -0.232341 -0.255744
1.17785 -0.246368 -0.285209
1.22469 -0.259634 -0.275951
1.26725 -0.27203 -0.283427
1.31302 -0.283555 -0.246683
1.35449 -0.295007 -0.269449
1.39739 -0.307313 -0.279365
1.44453 -0.318854 -0.2401
1.49039 -0.328955 -0.216785
1.53887 -0.340495 -0.233668
1.58758 -0.350917 -0.210814
1.63634 -0.359168 -0.167629
1.67245 -0.366185 -0.191913
1.7218 -0.373917 -0.155407
1.77028 -0.382296 -0.171164
1.81287 -0.390038 -0.179797
1.86088 -0.397846 -0.161235
1.90559 -0.406024 -0.180902
1.94944 -0.413837 -0.17631
1.99599 -0.421854 -0.170554
2.03376 -0.428818 -0.182327
2.07069 -0.43712 -0.221171
2.11949 -0.44773 -0.214054
2.16262 -0.459238 -0.260788
2.21128 -0.470707 -0.231432
2.2605 -0.479265 -0.172161
2.30814 -0.490294 -0.227477
2.34831 -0.501118 -0.263226
2.39669 -0.512894 -0.238779
2.44443 -0.525905 -0.266052
2.49128 -0.536615 -0.224778
2.53869 -0.54857 -0.247005
2.58653 -0.562293 -0.279298
2.63405 -0.576454 -0.289629
2.6819 -0.590207 -0.279904
2.7267 -0.60406 -0.29991
2.76935 -0.61715 -0.297788
2.80242 -0.626653 -0.279842
2.83718 -0.635835 -0.258181
2.88172 -0.64558 -0.215436
2.92953 -0.656336 -0.221287
2.97222 -0.664758 -0.194745
3.01434 -0.672677 -0.185856
3.06302 -0.68157 -0.180718
3.1122 -0.689177 -0.15344
3.1608 -0.696298 -0.145466
3.20357 -0.70194 -0.131158
3.25292 -0.707395 -0.110114
3.30169 -0.71129 -0.079687
3.35013 -0.715513 -0.0869665
3.38952 -0.718106 -0.0657195
3.43761 -0.723079 -0.103051
3.47865 -0.728156 -0.123093
3.52298 -0.733688 -0.124149
3.56648 -0.740079 -0.145875
3.60818 -0.74632 -0.148566
3.64018 -0.751543 -0.161788
3.6866 -0.758441 -0.147507
3.72753 -0.764098 -0.137328
3.76662 -0.769413 -0.135145
3.80319 -0.774543 -0.139385
3.8474 -0.779939 -0.12144
3.88611 -0.78393 -0.102745
3.91547 -0.78714 -0.108917
3.93555 -0.789157 -0.100113
3.96812 -0.792039 -0.0882558
4.01093 -0.796216 -0.0972523
4.04437 -0.798997 -0.0829617
4.0863 -0.802943 -0.0938555
4.1204 -0.806379 -0.100394
4.15411 -0.809265 -0.0854061
4.18387 -0.81148 -0.0742789
4.21003 -0.814255 -0.105722
4.24116 -0.818299 -0.129168
4.26796 -0.821499 -0.11884
4.28962 -0.824077 -0.118475
4.30327 -0.825918 -0.134123
4.30884 -0.826558 -0.11432
4.31904 -0.827965 -0.137094
4.31933 -0.827992 -0.0910949
4.32831 -0.829024 -0.114427
4.34038 -0.830368 -0.110884
4.35757 -0.832606 -0.129456
4.37617 -0.834842 -0.119663
4.38292 -0.835668 -0.121803
4.39874 -0.837951 -0.143264
4.42013 -0.841691 -0.173175
4.4383 -0.845279 -0.194914
4.44809 -0.847293 -0.202888
4.46153 -0.849991 -0.198059
4.47932 -0.852541 -0.142338
4.50195 -0.855897 -0.147222
4.51528 -0.857437 -0.115046
4.5253 -0.858854 -0.140523
4.52803 -0.859236 -0.138991
4.54234 -0.861243 -0.139336
4.54961 -0.862594 -0.183696
4.57324 -0.866792 -0.17583
4.5839 -0.869248 -0.226401
4.59373 -0.871984 -0.271566
4.59995 -0.873744 -0.275665
4.61567 -0.877969 -0.262564
4.63304 -0.882391 -0.249257
4.64326 -0.884994 -0.249444
4.65069 -0.887199 -0.288471
4.65523 -0.888504 -0.280113
4.66879 -0.892003 -0.252572
4.68456 -0.894976 -0.186262
4.69239 -0.896278 -0.164812
4.70491 -0.898124 -0.146375
4.7249 -0.901091 -0.147373
4.75911 -0.908271 -0.206847
4.78906 -0.915803 -0.246408
4.83005 -0.928263 -0.295098
4.84109 -0.932121 -0.336164
4.84963 -0.935094 -0.335127
4.86255 -0.940018 -0.363967
4.87221 -0.943789 -0.37212
4.89347 -0.952738 -0.398481
4.9075 -0.959027 -0.421338
4.9081 -0.959307 -0.437598
4.91527 -0.96268 -0.439898
4.93139 -0.969854 -0.418697
4.93647 -0.971991 -0.398173
4.94398 -0.974237 -0.290722
4.94989 -0.9757 -0.242381
4.95358 -0.976671 -0.257523
4.97259 -0.982034 -0.275006
4.9885 -0.986432 -0.269619
5.00063 -0.989856 -0.275184
5.01318 -0.993559 -0.286903
5.01836 -0.995165 -0.300708
5.02431 -0.996993 -0.298217
5.04241 -1.00246 -0.2931
5.04557 -1.00348 -0.313773
5.04832 -1.00429 -0.286901
5.05918 -1.00706 -0.249591
5.06949 -1.00951 -0.232714
5.07604 -1.01096 -0.218267
5.08141 -1.01201 -0.194014
5.10467 -1.01587 -0.164186
5.10783 -1.01644 -0.17999
5.12747 -1.02027 -0.192375
5.13439 -1.0221 -0.258748
5.13979 -1.02374 -0.294504
5.14392 -1.02527 -0.354685
5.15338 -1.02887 -0.364174
5.15915 -1.0311 -0.368007
5.16342 -1.0326 -0.338128
5.18079 -1.03809 -0.306277
5.1952 -1.0427 -0.309457
5.20658 -1.04648 -0.320451
True
0.254241
