-5.45672 -0.747164 -0.077554
-5.40812 -0.752557 -0.11051
-5.35841 -0.75787 -0.106457
-5.3179 -0.762542 -0.114834
-5.2697 -0.767731 -0.107239
-5.2205 -0.770717 -0.0606008
-5.17208 -0.773064 -0.0484486
-5.12265 -0.777032 -0.0800896
-5.0728 -0.780697 -0.0733971
-5.02318 -0.783113 -0.0486376
-4.97741 -0.783575 -0.0101069
-4.93641 -0.784221 -0.015747
-4.89307 -0.784432 -0.00487145
-4.84463 -0.7846 -0.00346268
-4.79502 -0.786088 -0.0299789
-4.75192 -0.786831 -0.0172459
-4.70237 -0.790935 -0.0826321
-4.65262 -0.795642 -0.0943344
-4.60403 -0.800023 -0.089937
-4.57072 -0.803646 -0.108301
-4.52668 -0.808958 -0.120048
-4.47872 -0.815839 -0.142513
-4.43155 -0.824734 -0.186371
-4.38585 -0.831538 -0.1478
-4.3427 -0.83911 -0.173728
-4.30101 -0.845901 -0.161429
-4.2524 -0.854482 -0.174746
-4.20387 -0.864808 -0.209667
-4.15985 -0.874176 -0.209678
-4.13132 -0.87995 -0.199676
-4.08891 -0.886592 -0.155343
-4.05328 -0.891865 -0.146943
-4.01128 -0.89876 -0.162734
-3.96786 -0.905002 -0.142731
-3.92552 -0.910217 -0.122582
-3.87816 -0.914325 -0.0865355
-3.84552 -0.91648 -0.0659069
-3.80199 -0.920342 -0.0884981
-3.75606 -0.923051 -0.0588984
-3.70861 -0.927005 -0.0831441
-3.67164 -0.932022 -0.134886
-3.62927 -0.939586 -0.176647
-3.59944 -0.944565 -0.165386
-3.56286 -0.951684 -0.192251
-3.5456 -0.954939 -0.18635
-3.5077 -0.962565 -0.19858
-3.48233 -0.968096 -0.2146
-3.44849 -0.975136 -0.205098
-3.42433 -0.980407 -0.214825
-3.38457 -0.988246 -0.194687
-3.35452 -0.993994 -0.18899
-3.31356 -1.00069 -0.161968
-3.28238 -1.00449 -0.121412
-3.25765 -1.00781 -0.133457
-3.22169 -1.01418 -0.175258
-3.19691 -1.01853 -0.1737
-3.15862 -1.02418 -0.146521
-3.11552 -1.03154 -0.169243
-3.07947 -1.03832 -0.185847
-3.04426 -1.04542 -0.199044
-3.02177 -1.05121 -0.251955
-3.00023 -1.05737 -0.278554
-2.97092 -1.06603 -0.287167
-2.95367 -1.07119 -0.290861
-2.94295 -1.07465 -0.311463
-2.91626 -1.08323 -0.311153
-2.89628 -1.09031 -0.34054
-2.8818 -1.09556 -0.348124
-2.86278 -1.10207 -0.329762
-2.84468 -1.10851 -0.34167
-2.83181 -1.11439 -0.428891
-2.819 -1.11976 -0.396384
-2.80584 -1.12536 -0.402478
-2.79346 -1.13082 -0.4156
-2.77546 -1.13864 -0.409799
-2.75553 -1.14824 -0.449059
-2.71598 -1.17084 -0.519016
-2.68287 -1.19189 -0.566495
-2.66634 -1.2026 -0.574479
-2.64648 -1.21637 -0.606447
-2.62612 -1.22958 -0.575388
-2.60679 -1.24293 -0.604603
-2.594 -1.25254 -0.643947
-2.57469 -1.26698 -0.642128
-2.55878 -1.27855 -0.628933
-2.54529 -1.28879 -0.649032
-2.53397 -1.29743 -0.65196
-2.53056 -1.29984 -0.616149
-2.51815 -1.30857 -0.613137
-2.50695 -1.31673 -0.62997
-2.48491 -1.33264 -0.624968
-2.48075 -1.33575 -0.642448
-2.47826 -1.33751 -0.614128
-2.46056 -1.34994 -0.612582
-2.44686 -1.36023 -0.643971
-2.43541 -1.36925 -0.667427
-2.42384 -1.37864 -0.681513
-2.40996 -1.39007 -0.688796
-2.40003 -1.39867 -0.713885
-2.39711 -1.40131 -0.735515
-2.39363 -1.40458 -0.754127
-2.38163 -1.4165 -0.782224
-2.37615 -1.42202 -0.788431
-2.36997 -1.42769 -0.74265
-2.36628 -1.43105 -0.739495
-2.35441 -1.44263 -0.77267
-2.34625 -1.45114 -0.806835
-2.34218 -1.45558 -0.828191
-2.32936 -1.47 -0.843934
-2.32191 -1.47831 -0.839667
-2.31748 -1.48334 -0.849352
-2.30961 -1.4925 -0.861342
-2.28177 -1.52867 -0.914857
-2.25447 -1.56709 -0.952882
-2.23385 -1.59525 -0.938843
-2.22881 -1.60294 -0.990039
-2.23033 -1.6004 -1.0286
-2.22334 -1.61314 -1.0689
-2.21395 -1.63186 -1.10566
-2.20454 -1.65264 -1.14546
-2.18641 -1.68929 -1.1115
-2.17211 -1.71364 -1.03974
-2.1566 -1.73852 -1.01314
-2.15283 -1.74362 -0.935587
-2.14662 -1.75364 -1.01588
-2.13816 -1.76905 -1.06849
-2.13923 -1.76672 -1.14062
-2.13541 -1.77556 -1.16275
-2.13307 -1.78144 -1.19278
-2.13097 -1.78693 -1.20528
-2.12803 -1.7938 -1.16649
-2.11754 -1.82305 -1.22645
-2.11099 -1.84498 -1.28057
-2.10587 -1.86551 -1.32671
-2.10404 -1.87383 -1.35353
-2.10276 -1.88 -1.36599
-2.10154 -1.88564 -1.35783
-2.1001 -1.89257 -1.36592
-2.09879 -1.89921 -1.37589
-2.09795 -1.90323 -1.36643
-2.09772 -1.90459 -1.40232
-2.09699 -1.90893 -1.40351
-2.09475 -1.92513 -1.43369
-2.09495 -1.92312 -1.4758
-2.09462 -1.92593 -1.45497
-2.09456 -1.92638 -1.44495
-2.09213 -1.93581 -1.31817
-2.08974 -1.94199 -1.20214
-2.08582 -1.94925 -1.0753
-2.08021 -1.95927 -1.06037
-2.07446 -1.96886 -1.03093
-2.07124 -1.97363 -0.976269
-2.06161 -1.9875 -0.963903
-2.05967 -1.99037 -0.977894
-2.06386 -1.98224 -1.09495
-2.05978 -1.99331 -1.21709
-2.05785 -2.00144 -1.33839
-2.05572 -2.0137 -1.39845
-2.05464 -2.01985 -1.39794
-2.05479 -2.01861 -1.4554
-2.05391 -2.0381 -1.52568
-2.05427 -2.05817 -1.5891
-2.05436 -2.07457 -1.57631
-2.05436 -2.07477 -1.56978
-2.0543 -2.07848 -1.55484
-2.05363 -2.08356 -1.43953
-2.05304 -2.08686 -1.39441
-2.04977 -2.09745 -1.27127
-2.04394 -2.11175 -1.18317
-2.04409 -2.11142 -1.12917
-2.04382 -2.11188 -1.03872
-2.04216 -2.11429 -0.965757
-2.03954 -2.11731 -0.857716
-2.04601 -2.11018 -0.834331
-2.03981 -2.11617 -0.768238
-2.03615 -2.12003 -0.812303
-2.04082 -2.1157 -0.7475
-2.04138 -2.1152 -0.739629
-2.04107 -2.11543 -0.647399
-2.03093 -2.12122 -0.519054
-2.02992 -2.12171 -0.45072
-2.0266 -2.12308 -0.392483
-2.02778 -2.12268 -0.327295
-2.02925 -2.12232 -0.239886
-2.0193 -2.12347 -0.114824
-2.0217 -2.12346 -0.00403451
-2.01182 -2.12233 0.113567
-2.01708 -2.12355 0.227727
-2.01937 -2.12432 0.323933
-2.02298 -2.12588 0.407357
-2.03284 -2.13076 0.459838
-2.02297 -2.12583 0.463883
-2.024 -2.12641 0.513061
-2.02347 -2.1261 0.521596
-2.02703 -2.12879 0.647213
-2.03657 -2.13803 0.769393
-2.03555 -2.13697 0.803825
-2.03641 -2.13801 0.879933
-2.03543 -2.13657 0.976761
-2.02779 -2.1237 1.03452
-2.02407 -2.11549 1.14494
-2.01695 -2.09314 1.26253
-2.01207 -2.0706 1.35764
-2.01099 -2.06424 1.40336
-2.01031 -2.05967 1.42195
-2.00843 -2.04398 1.45143
-2.00813 -2.04004 1.49646
-2.00772 -2.02936 1.532
-2.0075 -2.01787 1.55137
-2.0075 -2.01721 1.57894
-2.00748 -2.01352 1.56583
-2.00748 -2.01318 1.56772
-2.00775 -1.99479 1.58552
-2.00847 -1.97984 1.61876
-2.00849 -1.97873 1.5871
-2.00909 -1.9574 1.59899
-2.0105 -1.93364 1.63003
-2.01125 -1.92142 1.63208
-2.013 -1.90565 1.68105
-2.0158 -1.88687 1.7191
-2.01742 -1.87874 1.76797
-2.02047 -1.8593 1.72639
-2.02229 -1.84774 1.72678
-2.02538 -1.82827 1.72791
-2.02792 -1.81353 1.74176
-2.02994 -1.80326 1.7651
-2.03379 -1.78438 1.77208
-2.04023 -1.75579 1.79216
-2.04381 -1.73863 1.77674
-2.04766 -1.7189 1.76354
-2.05126 -1.69903 1.74982
-2.05581 -1.6713 1.73355
-2.06105 -1.63736 1.72385
-2.06616 -1.60143 1.71209
-2.07185 -1.55913 1.70457
-2.07622 -1.52668 1.70456
-2.0806 -1.50208 1.74716
-2.08292 -1.48648 1.71832
-2.08413 -1.4783 1.71823
-2.086 -1.4663 1.72532
-2.08882 -1.45066 1.7492
-2.09086 -1.43988 1.75729
-2.09269 -1.42549 1.6976
-2.09434 -1.40882 1.66921
-2.09592 -1.39532 1.68734
-2.09717 -1.38643 1.71019
-2.09812 -1.38 1.71733
-2.09937 -1.37268 1.74073
-2.10001 -1.36939 1.76327
-2.10102 -1.36483 1.78902
-2.10412 -1.35288 1.82404
-2.11147 -1.32607 1.83849
-2.11834 -1.29811 1.81171
-2.12449 -1.27551 1.83659
-2.12957 -1.25579 1.82269
-2.13233 -1.2429 1.78221
-2.13555 -1.22893 1.79704
-2.13973 -1.21404 1.8444
-2.14226 -1.20541 1.85621
-2.14795 -1.18724 1.87406
-2.1547 -1.16513 1.86708
-2.16032 -1.14311 1.82087
-2.16621 -1.11821 1.80303
-2.1677 -1.11176 1.79838
-2.16954 -1.10288 1.77439
-2.17067 -1.09442 1.70415
-2.17095 -1.09135 1.66043
-2.1712 -1.08905 1.68044
-2.17232 -1.0799 1.69281
-2.17328 -1.06865 1.65584
-2.17376 -1.0603 1.62757
-2.17607 -1.03402 1.65854
-2.17658 -1.02285 1.617
-2.17696 -1.00964 1.59893
-2.17702 -1.0066 1.59042
-2.17715 -1.00098 1.59442
-2.17746 -0.993476 1.6119
-2.17884 -0.969153 1.62754
-2.18039 -0.940813 1.62554
-2.18176 -0.905803 1.60989
-2.1815 -0.86781 1.56405
-2.18059 -0.817884 1.55248
-2.17724 -0.769499 1.50174
-2.17219 -0.719755 1.46947
-2.16365 -0.674538 1.38422
-2.15167 -0.628761 1.31481
-2.13709 -0.586452 1.23896
-2.11885 -0.54181 1.18292
-2.0969 -0.498278 1.10381
-2.07094 -0.455717 1.02304
-2.04112 -0.415579 0.931919
-2.01251 -0.379283 0.903198
-1.98927 -0.355065 0.806066
-1.96056 -0.326545 0.782012
-1.93137 -0.303387 0.670605
-1.89032 -0.274923 0.606338
-1.84783 -0.249654 0.536521
-1.80652 -0.229674 0.450528
-1.77001 -0.214562 0.392408
-1.72529 -0.19779 0.358838
-1.67728 -0.185259 0.255304
-1.62931 -0.17156 0.278124
-1.57993 -0.163723 0.157402
-1.53109 -0.159694 0.0823219
-1.48113 -0.158011 0.0336676
-1.43468 -0.157873 0.00296756
-1.38585 -0.159651 -0.0363871
-1.3405 -0.161564 -0.0421676
-1.29079 -0.166004 -0.0890753
-1.24947 -0.168944 -0.0710491
-1.20209 -0.17145 -0.0528268
-1.15276 -0.17592 -0.0903875
-1.10325 -0.181787 -0.11795
-1.06486 -0.185288 -0.0909337
-1.02358 -0.190946 -0.136222
-0.978746 -0.196892 -0.131838
-0.929498 -0.205457 -0.172199
-0.880966 -0.215002 -0.194202
-0.832153 -0.22288 -0.159997
-0.783322 -0.232029 -0.185214
-0.735314 -0.241893 -0.202655
-0.686989 -0.249784 -0.161859
-0.638917 -0.257619 -0.161572
-0.596045 -0.265448 -0.180613
-0.547163 -0.275471 -0.202247
-0.501992 -0.283584 -0.1777
-0.459848 -0.292898 -0.217513
-0.421505 -0.304025 -0.282441
-0.37404 -0.31554 -0.238013
-0.336956 -0.326594 -0.289694
-0.302366 -0.335916 -0.263239
-0.256263 -0.347342 -0.242926
-0.209357 -0.359285 -0.249325
-0.162941 -0.37113 -0.249864
-0.115417 -0.382653 -0.237881
-0.0714658 -0.393521 -0.24241
-0.0237381 -0.402841 -0.192845
0.0159154 -0.411505 -0.215117
0.055959 -0.420941 -0.231411
0.1037 -0.43125 -0.212676
0.152145 -0.443473 -0.247145
0.200314 -0.455774 -0.250026
0.240691 -0.465691 -0.240841
0.282321 -0.473827 -0.193018
0.321475 -0.482373 -0.214892
0.364301 -0.490183 -0.180381
0.412748 -0.498634 -0.172701
0.457886 -0.508229 -0.20945
0.505445 -0.520115 -0.244897
0.553961 -0.53076 -0.21599
0.601441 -0.544065 -0.273217
0.650183 -0.555208 -0.224761
0.686506 -0.565372 -0.272843
0.731003 -0.576834 -0.252102
0.778191 -0.588402 -0.240408
0.819306 -0.599134 -0.255328
0.867952 -0.61043 -0.228158
0.90292 -0.620318 -0.275578
0.95101 -0.633356 -0.264749
0.991375 -0.643488 -0.245944
1.03945 -0.655254 -0.240035
1.0878 -0.666931 -0.236961
1.13532 -0.678723 -0.243236
1.17386 -0.689861 -0.281307
1.2222 -0.702587 -0.257437
1.26901 -0.717932 -0.316756
1.3146 -0.733369 -0.326484
1.36138 -0.749461 -0.331341
1.40588 -0.761148 -0.256845
1.43825 -0.77144 -0.307752
1.46921 -0.781872 -0.325044
1.5043 -0.792119 -0.284102
1.54246 -0.803784 -0.296645
1.58757 -0.817037 -0.285776
1.63515 -0.832398 -0.312285
1.68306 -0.846652 -0.289168
1.72338 -0.858881 -0.294492
1.76771 -0.871996 -0.287681
1.81596 -0.884093 -0.245624
1.85578 -0.893861 -0.240603
1.90366 -0.906457 -0.257208
1.94916 -0.91764 -0.241011
1.99592 -0.932055 -0.299037
2.04369 -0.946814 -0.299648
2.09158 -0.959565 -0.260225
2.13868 -0.973691 -0.291339
2.18253 -0.987223 -0.299337
2.22607 -1.00067 -0.299463
2.27356 -1.01602 -0.312767
2.32114 -1.03095 -0.304028
2.3568 -1.04058 -0.263616
2.40164 -1.05365 -0.283755
2.44492 -1.06539 -0.264953
2.48553 -1.07579 -0.250537
2.5338 -1.08679 -0.224187
2.58225 -1.09763 -0.220122
2.62582 -1.10678 -0.207002
2.67365 -1.11791 -0.228446
2.72199 -1.12867 -0.219121
2.76653 -1.13849 -0.217031
2.81382 -1.14864 -0.211431
2.84169 -1.15502 -0.224953
2.88772 -1.16573 -0.228653
2.93461 -1.17861 -0.268121
2.9826 -1.19005 -0.233878
3.03032 -1.20188 -0.243073
3.07856 -1.21431 -0.25215
3.1261 -1.2269 -0.258853
3.17409 -1.23896 -0.24633
3.22189 -1.25133 -0.253118
3.26792 -1.26171 -0.221765
3.31636 -1.27193 -0.208071
3.36265 -1.28145 -0.202792
3.41109 -1.29373 -0.248322
3.44686 -1.30178 -0.221285
3.49064 -1.31278 -0.246249
3.51975 -1.3198 -0.23653
3.54608 -1.32734 -0.27882
3.56369 -1.33279 -0.30021
3.58634 -1.34175 -0.376573
3.62102 -1.35747 -0.425722
3.64444 -1.36696 -0.384826
3.67345 -1.37883 -0.388548
3.69903 -1.38932 -0.388934
3.73827 -1.4063 -0.408431
3.77136 -1.42149 -0.430355
3.79571 -1.43408 -0.477316
3.81728 -1.44585 -0.499505
3.84731 -1.4604 -0.451152
3.88336 -1.47718 -0.435627
3.91321 -1.49115 -0.43762
3.95582 -1.51184 -0.452119
3.99247 -1.52879 -0.433197
4.02095 -1.54252 -0.449092
4.05724 -1.5573 -0.386833
4.08287 -1.56708 -0.364571
4.10413 -1.57584 -0.390714
4.14079 -1.59058 -0.3824
4.16229 -1.59783 -0.325169
4.1906 -1.6073 -0.322619
4.21319 -1.61399 -0.288168
4.22365 -1.61719 -0.296949
4.24183 -1.62207 -0.261976
4.26842 -1.62915 -0.260272
4.29116 -1.63371 -0.198125
4.30786 -1.63812 -0.257953
4.32612 -1.64431 -0.327033
4.34703 -1.65152 -0.331794
4.37594 -1.66197 -0.346786
4.40548 -1.672 -0.327329
4.41722 -1.67527 -0.272114
4.43972 -1.68011 -0.2118
4.47006 -1.68577 -0.184312
4.5091 -1.69314 -0.186624
4.53004 -1.69747 -0.204269
4.57161 -1.70743 -0.235033
4.60374 -1.71428 -0.209953
4.62685 -1.71845 -0.178723
4.63474 -1.72009 -0.20532
4.65116 -1.72349 -0.204051
4.66036 -1.72564 -0.229581
4.6707 -1.72844 -0.264818
4.68494 -1.7324 -0.270615
4.69237 -1.73456 -0.282804
4.70834 -1.73908 -0.276144
4.71941 -1.74266 -0.313027
4.73095 -1.74646 -0.31785
4.7401 -1.74927 -0.298071
4.74774 -1.75155 -0.289396
4.77115 -1.7576 -0.252883
4.80081 -1.76477 -0.237412
4.8146 -1.76792 -0.224612
4.83369 -1.77216 -0.21821
4.85411 -1.77684 -0.225611
4.86812 -1.77947 -0.185173
4.89199 -1.78419 -0.195195
4.90313 -1.78674 -0.225176
4.92551 -1.79244 -0.249555
4.94127 -1.7966 -0.25771
4.95665 -1.80076 -0.264155
4.9708 -1.80465 -0.268747
4.98794 -1.80935 -0.26744
5.02236 -1.81735 -0.228506
5.04091 -1.82137 -0.213014
5.05862 -1.8244 -0.16951
5.07175 -1.82663 -0.168125
5.08705 -1.82879 -0.14031
5.09757 -1.83022 -0.135045
5.10124 -1.83079 -0.154136
5.10698 -1.83165 -0.149445
5.11517 -1.83277 -0.135514
5.12201 -1.83384 -0.155373
5.13433 -1.83612 -0.182882
5.13438 -1.83613 -0.243355
5.15549 -1.84038 -0.19859
5.16113 -1.84146 -0.189374
5.16749 -1.84248 -0.159752
5.18157 -1.84448 -0.140893
5.17888 -1.84393 -0.203982
5.179 -1.84395 -0.218082
5.18651 -1.84539 -0.189961
5.18885 -1.84594 -0.229578
5.20082 -1.84881 -0.235446
5.21532 -1.85183 -0.204828
True
0.056992
