4.48015 -0.00191493 -3.04541
4.43955 -0.00948269 -2.95732
4.39527 -0.0217812 -2.87071
4.35552 -0.0366941 -2.78266
4.32242 -0.052508 -2.69589
4.28739 -0.071423 -2.64652
4.25099 -0.0928876 -2.60879
4.20961 -0.120936 -2.54593
4.16967 -0.150985 -2.49651
4.13845 -0.178446 -2.42021
4.12342 -0.191544 -2.42464
4.11573 -0.19845 -2.40997
4.10502 -0.208321 -2.39718
4.09207 -0.221113 -2.36208
4.07491 -0.240578 -2.29332
4.04377 -0.279604 -2.24427
4.01684 -0.317545 -2.18818
3.99497 -0.351756 -2.13955
3.97526 -0.383354 -2.1285
3.94989 -0.425496 -2.11271
3.93716 -0.449446 -2.05917
3.91822 -0.490211 -2.00575
3.89605 -0.532502 -2.05361
3.87697 -0.571376 -2.02715
3.85574 -0.616369 -2.01169
3.84152 -0.646677 -2.0095
3.8207 -0.692034 -2.00107
3.80612 -0.724907 -1.98832
3.78619 -0.764346 -2.03869
3.77322 -0.792502 -2.0024
3.76804 -0.80504 -1.96299
3.75252 -0.844207 -1.94807
3.73678 -0.886636 -1.92597
3.73191 -0.899134 -1.94237
3.71748 -0.938119 -1.92529
3.70055 -0.982841 -1.93263
3.68314 -1.02971 -1.92653
3.67202 -1.06577 -1.86987
3.66194 -1.09629 -1.88985
3.65112 -1.1269 -1.91047
3.6363 -1.17463 -1.8719
3.62192 -1.21932 -1.88212
3.60982 -1.25849 -1.87046
3.59964 -1.29211 -1.86476
3.5882 -1.33356 -1.84015
3.57629 -1.37604 -1.844
3.563 -1.42061 -1.8607
3.55003 -1.46735 -1.84145
3.54051 -1.49938 -1.85953
3.52822 -1.54778 -1.81954
3.51513 -1.58772 -1.88756
3.49819 -1.63476 -1.91635
3.48072 -1.67856 -1.95039
3.46497 -1.71192 -2.01172
3.44257 -1.75645 -2.037
3.41926 -1.79806 -2.08151
3.39841 -1.83601 -2.07318
3.37077 -1.87767 -2.15644
3.35328 -1.90377 -2.16131
3.32956 -1.93712 -2.18905
3.31461 -1.95994 -2.15079
3.28772 -2.002 -2.13962
3.26269 -2.04528 -2.09503
3.24045 -2.08393 -2.09306
3.2189 -2.12038 -2.1047
3.19479 -2.16407 -2.07505
3.16959 -2.20716 -2.09988
3.14427 -2.24991 -2.10565
3.12049 -2.2874 -2.13602
3.09422 -2.32891 -2.1351
3.06882 -2.3638 -2.19993
3.05093 -2.38865 -2.19467
3.03678 -2.40898 -2.17907
3.01862 -2.43393 -2.20008
2.99431 -2.46472 -2.23899
2.96966 -2.49845 -2.20178
2.94141 -2.53497 -2.22934
2.91494 -2.57104 -2.20395
2.88622 -2.6078 -2.234
2.85648 -2.64699 -2.21983
2.82653 -2.6847 -2.24214
2.80174 -2.71519 -2.25338
2.77731 -2.74061 -2.33629
2.74834 -2.7714 -2.32574
2.72551 -2.79387 -2.36409
2.69642 -2.82177 -2.37703
2.66166 -2.85703 -2.34916
2.62606 -2.89211 -2.36341
2.59614 -2.91929 -2.40433
2.56232 -2.95123 -2.38473
2.53196 -2.97754 -2.42753
2.49369 -3.00842 -2.46277
2.4556 -3.03938 -2.45902
2.42805 -3.06119 -2.47193
2.38778 -3.09083 -2.50706
2.34679 -3.11914 -2.53721
2.30728 -3.14954 -2.48579
2.29098 -3.16056 -2.54716
2.25687 -3.18537 -2.51261
2.22535 -3.20896 -2.49914
2.19177 -3.23469 -2.48786
2.16806 -3.25238 -2.50063
2.12676 -3.27913 -2.56678
2.09461 -3.30099 -2.54443
2.05559 -3.32975 -2.50654
2.02253 -3.35118 -2.56627
1.99386 -3.36908 -2.58354
1.95056 -3.39408 -2.6181
1.91745 -3.41187 -2.64832
1.87697 -3.43415 -2.63853
1.83217 -3.45601 -2.68773
1.78693 -3.47731 -2.70151
1.74182 -3.49807 -2.71035
1.69623 -3.51854 -2.7194
1.65756 -3.53456 -2.74898
1.62069 -3.55135 -2.71405
1.58865 -3.56582 -2.71765
1.55555 -3.58041 -2.72628
1.52784 -3.59129 -2.76768
1.48677 -3.60789 -2.75728
1.44008 -3.62578 -2.77584
1.40387 -3.63939 -2.78205
1.37002 -3.65056 -2.82277
1.32293 -3.66463 -2.85123
1.28582 -3.67778 -2.80114
1.25965 -3.68612 -2.83291
1.21771 -3.69964 -2.82984
1.18476 -3.71039 -2.82618
1.14247 -3.7222 -2.8693
1.09416 -3.73462 -2.89003
1.04965 -3.74478 -2.91712
1.01656 -3.75335 -2.88794
0.970886 -3.76271 -2.93962
0.921956 -3.77175 -2.95888
0.872515 -3.77921 -2.99187
0.823027 -3.78634 -2.99851
0.780487 -3.79168 -3.01673
0.730687 -3.79602 -3.0545
0.681004 -3.79864 -3.08889
0.631519 -3.80234 -3.06696
0.598819 -3.80435 -3.08017
0.560019 -3.80577 -3.10516
0.514123 -3.80638 -3.12835
0.464296 -3.80932 -3.08269
0.419963 -3.81376 -3.0417
0.370263 -3.81917 -3.03308
0.324104 -3.82392 -3.03902
0.278537 -3.82724 -3.06904
0.228948 -3.83009 -3.08403
0.184778 -3.83403 -3.05272
0.13508 -3.83867 -3.04845
0.089957 -3.84255 -3.05595
0.0473651 -3.84541 -3.07445
-0.00228177 -3.85113 -3.02688
-0.0518725 -3.85703 -3.02309
-0.0965064 -3.86211 -3.02834
-0.142135 -3.86907 -2.99031
-0.178877 -3.87196 -3.06291
-0.216469 -3.87383 -3.09207
-0.264309 -3.87659 -3.08389
-0.307607 -3.8766 -3.14133
-0.357599 -3.87655 -3.14266
-0.401013 -3.8752 3.11051
-0.437872 -3.87315 3.08606
-0.487526 -3.87189 3.11614
-0.536759 -3.86836 3.07003
-0.585185 -3.86272 3.02567
-0.632101 -3.85397 2.95725
-0.66776 -3.84843 2.98741
-0.715074 -3.83659 2.89632
-0.763695 -3.82493 2.90623
-0.812049 -3.81472 2.93352
-0.860538 -3.80427 2.92934
-0.906936 -3.79243 2.89183
-0.955087 -3.77901 2.86968
-0.994552 -3.76752 2.85845
-1.04184 -3.75271 2.83811
-1.0879 -3.73735 2.81961
-1.13508 -3.72078 2.80381
-1.17501 -3.70671 2.80288
-1.20852 -3.69456 2.79378
-1.2553 -3.67811 2.80347
-1.30012 -3.66257 2.80772
-1.33641 -3.64843 2.77016
-1.38133 -3.63134 2.77801
-1.41989 -3.61403 2.71959
-1.46422 -3.59687 2.77226
-1.50703 -3.58073 2.7811
-1.5522 -3.56205 2.74953
-1.59628 -3.54389 2.75078
-1.63906 -3.52605 2.74654
-1.68439 -3.50545 2.71502
-1.72999 -3.48514 2.72256
-1.76819 -3.46579 2.67267
-1.81053 -3.44407 2.66756
-1.85496 -3.42124 2.66696
-1.89475 -3.40047 2.66064
-1.93893 -3.37807 2.6722
-1.98115 -3.35129 2.57642
-2.00736 -3.33583 2.60852
-2.04941 -3.31166 2.61993
-2.09163 -3.28632 2.60097
-2.13001 -3.26248 2.58583
-2.17227 -3.23582 2.57891
-2.20588 -3.21577 2.60365
-2.24236 -3.19205 2.56501
-2.27848 -3.16661 2.5281
-2.31914 -3.13756 2.52125
-2.3602 -3.10903 2.53422
-2.39053 -3.08649 2.50269
-2.42968 -3.05749 2.50394
-2.46535 -3.03117 2.50579
-2.50262 -3.0032 2.49796
-2.53802 -2.97559 2.47903
-2.57741 -2.94654 2.50622
-2.61482 -2.91625 2.46086
-2.64438 -2.89076 2.43018
-2.67761 -2.85903 2.37918
-2.71339 -2.82561 2.39036
-2.74793 -2.79306 2.38584
-2.78331 -2.7578 2.35787
-2.81777 -2.72169 2.33283
-2.84486 -2.69431 2.35075
-2.87755 -2.66103 2.34743
-2.91133 -2.62666 2.34738
-2.94664 -2.59161 2.35993
-2.97647 -2.56353 2.38646
-3.00936 -2.52802 2.31794
-3.04229 -2.49262 2.32003
-3.06718 -2.46783 2.35801
-3.09887 -2.43637 2.35997
-3.13019 -2.40513 2.35753
-3.14336 -2.39124 2.32935
-3.17109 -2.36477 2.37932
-3.20024 -2.33701 2.38067
-3.22791 -2.31011 2.37026
-3.26137 -2.27614 2.34866
-3.29431 -2.24266 2.34814
-3.31964 -2.217 2.34969
-3.3473 -2.18664 2.30966
-3.36479 -2.16623 2.27941
-3.38419 -2.14246 2.25535
-3.41137 -2.10751 2.23169
-3.43109 -2.08119 2.21384
-3.45565 -2.04914 2.22464
-3.47225 -2.0268 2.20982
-3.4831 -2.01292 2.23457
-3.49889 -1.99227 2.22354
-3.5234 -1.96108 2.23678
-3.55007 -1.92949 2.2719
-3.57025 -1.90623 2.28557
-3.59195 -1.88412 2.34665
-3.61579 -1.8604 2.35871
-3.64204 -1.83405 2.35433
-3.65809 -1.81805 2.35791
-3.68303 -1.7932 2.35797
-3.70403 -1.77295 2.37442
-3.71619 -1.7621 2.41293
-3.72632 -1.75278 2.39794
-3.74046 -1.73983 2.40036
-3.74789 -1.73291 2.39134
-3.75708 -1.72464 2.4086
-3.75594 -1.72566 2.41194
-3.75974 -1.72234 2.4235
-3.77448 -1.70972 2.43375
-3.77449 -1.70972 2.43204
-3.7834 -1.7017 2.40881
-3.81118 -1.67707 2.41619
-3.83248 -1.65772 2.40448
-3.85648 -1.6354 2.39221
-3.8824 -1.61105 2.38729
-3.90587 -1.58926 2.39334
-3.93091 -1.56583 2.38967
-3.96183 -1.53833 2.41447
-3.97782 -1.52448 2.42808
-3.99567 -1.50753 2.38194
-4.01515 -1.48874 2.37427
-4.02891 -1.47494 2.35453
-4.04185 -1.46153 2.33847
-4.04721 -1.45625 2.36339
-4.05544 -1.4474 2.32011
-4.06614 -1.43638 2.3416
-4.07064 -1.43127 2.29235
-4.07417 -1.42708 2.27095
-4.07738 -1.4229 2.22615
-4.08537 -1.41249 2.22531
-4.09741 -1.39784 2.25875
-4.10714 -1.38659 2.28407
-4.12466 -1.36582 2.27127
-4.13789 -1.3501 2.27061
-4.15537 -1.32944 2.27286
-4.17205 -1.31023 2.28592
-4.1899 -1.29187 2.34189
-4.20584 -1.27493 2.326
-4.21722 -1.26337 2.34821
-4.22891 -1.25134 2.34192
-4.23498 -1.24517 2.34882
-4.24396 -1.2364 2.36744
-4.25475 -1.22555 2.35327
-4.26445 -1.21491 2.3106
-4.27172 -1.20631 2.27239
-4.27017 -1.20827 2.23998
-4.27267 -1.20495 2.2153
-4.27738 -1.19876 2.22132
-4.27619 -1.20048 2.17506
-4.2922 -1.17597 2.14954
-4.29654 -1.16876 2.11227
-4.29874 -1.16484 2.08198
-4.30123 -1.16048 2.08926
True
0.0678947
