-5.47275 -1.08046 -0.143821
-5.43863 -1.08444 -0.116325
-5.38907 -1.09101 -0.131838
-5.33972 -1.09894 -0.159157
-5.29498 -1.10591 -0.154606
-5.24691 -1.11321 -0.150768
-5.20205 -1.12017 -0.154003
-5.15321 -1.12997 -0.197892
-5.11299 -1.13698 -0.172726
-5.0703 -1.14553 -0.197506
-5.02147 -1.15472 -0.186141
-4.9735 -1.16354 -0.181726
-4.93092 -1.17157 -0.186475
-4.88173 -1.18049 -0.179319
-4.83658 -1.18844 -0.174269
-4.78809 -1.19586 -0.151923
-4.73908 -1.20453 -0.175044
-4.69106 -1.21225 -0.159362
-4.65228 -1.21869 -0.164679
-4.61364 -1.22588 -0.184006
-4.56665 -1.23478 -0.187136
-4.51749 -1.24362 -0.177945
-4.48165 -1.25032 -0.184708
-4.44149 -1.25711 -0.167473
-4.39516 -1.26501 -0.168935
-4.346 -1.27364 -0.173694
-4.29783 -1.28274 -0.186828
-4.24887 -1.29181 -0.183082
-4.1995 -1.29958 -0.156253
-4.15023 -1.30655 -0.140379
-4.10037 -1.30979 -0.0649671
-4.05511 -1.31334 -0.0783685
-4.01257 -1.31739 -0.0947798
-3.96367 -1.31886 -0.0300454
-3.91566 -1.32375 -0.101485
-3.86588 -1.32842 -0.0936607
-3.81656 -1.33474 -0.127432
-3.76821 -1.3397 -0.102275
-3.72577 -1.34402 -0.101303
-3.67656 -1.35009 -0.12269
-3.62834 -1.3554 -0.109698
-3.58087 -1.35885 -0.0726681
-3.54021 -1.36082 -0.0483896
-3.49873 -1.36317 -0.0564989
-3.45328 -1.36488 -0.0375933
-3.40436 -1.36657 -0.0344879
-3.35449 -1.37016 -0.0720356
-3.30499 -1.37465 -0.0904613
-3.26114 -1.37911 -0.101252
-3.2117 -1.38558 -0.13017
-3.17824 -1.38835 -0.082624
-3.12827 -1.38956 -0.024097
-3.09217 -1.38933 0.0062297
-3.0476 -1.38923 0.00230748
-3.00967 -1.38935 -0.00329079
-2.97031 -1.38871 0.0164048
-2.92327 -1.38744 0.0269045
-2.87364 -1.38741 0.000677124
-2.82538 -1.38725 0.00327703
-2.7766 -1.38841 -0.0237036
-2.72933 -1.38902 -0.0129281
-2.6804 -1.39028 -0.025868
-2.63945 -1.39177 -0.0362501
-2.58968 -1.39085 0.018452
-2.54152 -1.39006 0.0164402
-2.49792 -1.38915 0.020741
-2.44794 -1.38907 0.00162013
-2.40829 -1.38815 0.0231933
-2.36458 -1.38835 -0.00452018
-2.31474 -1.39008 -0.0347507
-2.27319 -1.39268 -0.0625296
-2.22854 -1.39395 -0.0283629
-2.1834 -1.39698 -0.066956
-2.13372 -1.39825 -0.0255305
-2.08413 -1.40054 -0.0462409
-2.03421 -1.40295 -0.0481231
-1.98521 -1.40569 -0.0558992
-1.93853 -1.40685 -0.0249345
-1.89273 -1.40877 -0.041842
-1.8524 -1.41233 -0.0880747
-1.80262 -1.41546 -0.062857
-1.75921 -1.4182 -0.0630046
-1.71349 -1.42323 -0.109582
-1.66873 -1.4288 -0.123801
-1.63598 -1.4325 -0.112585
-1.59056 -1.43504 -0.0556886
-1.54825 -1.43775 -0.0641191
-1.49942 -1.43965 -0.0388721
-1.4504 -1.44166 -0.0408929
-1.40165 -1.44373 -0.0424855
-1.36037 -1.44607 -0.0565321
-1.32867 -1.44963 -0.112026
-1.28076 -1.45358 -0.0822164
-1.23188 -1.45764 -0.0829305
-1.18258 -1.46426 -0.13349
-1.13948 -1.46809 -0.0886088
-1.09512 -1.47096 -0.0645843
-1.04714 -1.47342 -0.0512762
-0.998405 -1.4743 -0.0179216
-0.952724 -1.47386 0.00957871
-0.910096 -1.47166 0.0515539
-0.864598 -1.47024 0.0311886
-0.822713 -1.46986 0.00916879
-0.772802 -1.46706 0.0559506
-0.733801 -1.46563 0.0366542
-0.684285 -1.46774 -0.0424819
-0.634761 -1.47062 -0.0580628
-0.585113 -1.47653 -0.118634
-0.536869 -1.48249 -0.122911
-0.49242 -1.48693 -0.0994336
-0.444345 -1.49442 -0.154694
-0.396184 -1.49904 -0.0955662
-0.359756 -1.5031 -0.111042
-0.310713 -1.5105 -0.149792
-0.26509 -1.51708 -0.143045
-0.2174 -1.52251 -0.113537
-0.170421 -1.52719 -0.0991794
-0.12178 -1.53391 -0.137412
-0.0722762 -1.54049 -0.132061
-0.0314296 -1.54521 -0.115115
0.0180867 -1.55164 -0.129
0.0675339 -1.55769 -0.121808
0.115897 -1.56039 -0.0558373
0.159909 -1.56401 -0.0820303
0.2056 -1.56998 -0.130001
0.248522 -1.57455 -0.106006
0.296717 -1.5807 -0.126907
0.341773 -1.58542 -0.104456
0.391124 -1.58863 -0.0647653
0.440706 -1.59271 -0.0821222
0.48673 -1.5967 -0.0864607
0.536495 -1.59994 -0.0650403
0.577285 -1.60298 -0.0743995
0.62619 -1.606 -0.0616966
0.672352 -1.61019 -0.0904628
0.721905 -1.61608 -0.118377
0.771367 -1.62244 -0.127904
0.820588 -1.63118 -0.175821
0.864694 -1.63714 -0.134284
0.905033 -1.64338 -0.153383
0.953526 -1.65113 -0.158514
1.00263 -1.65845 -0.148003
1.04018 -1.66526 -0.179447
1.08696 -1.67263 -0.156101
1.1351 -1.68127 -0.177588
1.18435 -1.68977 -0.17088
1.23004 -1.69817 -0.181912
1.27787 -1.70923 -0.227193
1.32061 -1.72031 -0.253648
1.36727 -1.73202 -0.246065
1.41057 -1.7419 -0.224216
1.45872 -1.75468 -0.259469
1.50432 -1.76755 -0.275178
1.54416 -1.78054 -0.315061
1.59082 -1.79672 -0.333754
1.63589 -1.81038 -0.294337
1.67193 -1.82223 -0.317698
1.7189 -1.83938 -0.349978
1.76484 -1.8556 -0.33953
1.80618 -1.86817 -0.295074
1.85037 -1.88238 -0.311077
1.89862 -1.89551 -0.265724
1.93699 -1.90683 -0.28685
1.98488 -1.9203 -0.274338
2.03293 -1.93388 -0.275412
2.08044 -1.94807 -0.29025
2.1284 -1.96101 -0.263391
2.17624 -1.97257 -0.237112
2.2199 -1.98348 -0.244894
2.26686 -1.99753 -0.290769
2.3121 -2.00813 -0.230107
2.3606 -2.01778 -0.196447
2.40845 -2.02558 -0.161482
2.45608 -2.03113 -0.116143
2.50512 -2.03915 -0.16211
2.54391 -2.04686 -0.196076
2.59185 -2.05749 -0.218185
2.6394 -2.07037 -0.26463
2.68353 -2.08346 -0.288214
2.72203 -2.0942 -0.272159
2.76965 -2.10897 -0.30085
2.81032 -2.12263 -0.324023
2.85322 -2.13781 -0.34008
2.90034 -2.1544 -0.338479
2.94589 -2.17111 -0.351557
2.99207 -2.18877 -0.365306
3.03866 -2.20566 -0.347799
3.07738 -2.2188 -0.327218
3.11733 -2.23341 -0.350609
3.15568 -2.2469 -0.338219
3.20302 -2.26264 -0.320879
3.24161 -2.27597 -0.3326
3.2767 -2.28857 -0.344798
3.32326 -2.30672 -0.371635
3.36949 -2.32261 -0.331149
3.41535 -2.33701 -0.304294
3.46009 -2.35137 -0.310548
3.4992 -2.36253 -0.27784
3.53985 -2.37401 -0.275454
3.56082 -2.3796 -0.260435
3.57681 -2.38376 -0.254584
3.62283 -2.39506 -0.240671
3.66471 -2.40539 -0.241929
3.70365 -2.41516 -0.245715
3.74953 -2.42703 -0.253117
3.7812 -2.43571 -0.2677
3.812 -2.44463 -0.281896
3.83873 -2.45236 -0.281576
3.87894 -2.46396 -0.280615
3.91632 -2.47405 -0.263737
3.95896 -2.48903 -0.337849
3.99901 -2.50365 -0.350012
4.03756 -2.51919 -0.383336
4.07027 -2.53035 -0.328553
4.08626 -2.53579 -0.32804
4.11509 -2.5456 -0.328059
4.16138 -2.55928 -0.287431
4.18483 -2.56522 -0.248055
4.2187 -2.5763 -0.31593
4.23941 -2.58288 -0.307873
4.26783 -2.59256 -0.328373
4.27987 -2.59656 -0.320532
4.28923 -2.59961 -0.315348
4.30504 -2.60427 -0.286351
4.31857 -2.60882 -0.324178
4.32319 -2.61047 -0.343424
4.34556 -2.61919 -0.371665
4.35132 -2.62121 -0.338217
4.36214 -2.62494 -0.331598
4.3909 -2.63437 -0.316809
4.40826 -2.63993 -0.310165
4.42978 -2.64607 -0.277634
4.46204 -2.65474 -0.26265
4.48412 -2.66126 -0.287133
4.51608 -2.66926 -0.245216
4.54701 -2.67758 -0.262983
4.56391 -2.68273 -0.295513
4.5858 -2.69007 -0.323777
4.59103 -2.69178 -0.314944
4.59691 -2.69399 -0.359593
4.60718 -2.69802 -0.373777
4.6316 -2.70734 -0.36467
4.66517 -2.71867 -0.325524
4.67279 -2.72098 -0.294818
4.68928 -2.72598 -0.294427
4.69509 -2.72802 -0.3366
4.70087 -2.72995 -0.322551
4.70789 -2.73222 -0.313146
4.7143 -2.73408 -0.282492
4.71808 -2.73527 -0.303322
4.72736 -2.73813 -0.298953
4.74613 -2.74505 -0.353281
4.7633 -2.75177 -0.373034
4.78933 -2.76171 -0.364799
4.80839 -2.76983 -0.402921
4.82335 -2.77669 -0.429874
4.834 -2.78162 -0.433772
4.8479 -2.78858 -0.464014
4.85571 -2.79242 -0.45755
4.87002 -2.79976 -0.473614
4.88515 -2.80713 -0.453516
4.89385 -2.81129 -0.446047
4.9039 -2.81596 -0.434807
4.91556 -2.8214 -0.436459
4.93282 -2.82756 -0.342975
4.94798 -2.83241 -0.309432
4.96698 -2.83837 -0.303739
4.97405 -2.84069 -0.317638
4.98569 -2.84399 -0.276037
4.99876 -2.84825 -0.315256
5.01218 -2.85291 -0.334202
5.02726 -2.85821 -0.33799
5.04634 -2.8652 -0.351243
5.06045 -2.87042 -0.353974
5.06925 -2.87337 -0.323432
5.07549 -2.87537 -0.310754
5.08609 -2.87871 -0.304895
5.10149 -2.88388 -0.324411
5.11976 -2.89087 -0.36504
5.13806 -2.89743 -0.344513
5.14469 -2.89989 -0.355139
5.15784 -2.90438 -0.329065
5.16507 -2.90682 -0.324974
5.17807 -2.91151 -0.34649
5.19014 -2.91689 -0.419094
5.21553 -2.93102 -0.507745
5.23232 -2.94109 -0.540271
True
0.0655833
