4.47716 0.0103422 2.7164
4.45186 0.0242743 2.63819
4.41279 0.0459545 2.63501
4.37063 0.0711104 2.60367
4.32917 0.0986867 2.55466
4.28889 0.128305 2.50754
4.27954 0.135898 2.45942
4.26648 0.147402 2.41924
4.2341 0.17794 2.38556
4.20057 0.214439 2.31386
4.17052 0.253361 2.22823
4.14706 0.284166 2.22172
4.11918 0.322258 2.2026
4.09367 0.359072 2.1767
4.07707 0.385153 2.13768
4.06268 0.407525 2.14228
4.05279 0.424747 2.09228
4.03048 0.466432 2.0622
4.01757 0.493617 2.01418
3.99735 0.534349 2.03148
3.97719 0.576604 2.01605
3.95865 0.620116 1.97351
3.93921 0.666126 1.97065
3.93468 0.676483 1.98236
3.931 0.685281 1.96704
3.9203 0.713574 1.9325
3.90751 0.752053 1.89176
3.90016 0.770924 1.94206
3.89358 0.787235 1.95432
3.88442 0.809808 1.95637
3.86984 0.845075 1.96264
3.85216 0.89049 1.94206
3.83864 0.931078 1.89242
3.82646 0.969079 1.88104
3.81191 1.01417 1.88283
3.79626 1.06162 1.88931
3.78606 1.09484 1.86888
3.77273 1.13821 1.86898
3.75774 1.18068 1.90999
3.74736 1.21008 1.91015
3.73219 1.25388 1.90435
3.72241 1.2851 1.87446
3.7058 1.33186 1.91193
3.68817 1.37865 1.93122
3.67352 1.41486 1.95513
3.65391 1.45995 1.98117
3.63349 1.50464 1.99937
3.61201 1.54961 2.01637
3.59035 1.59279 2.03576
3.57099 1.63682 1.985
3.55293 1.67793 1.98472
3.53285 1.72144 2.00317
3.52087 1.74794 1.99551
3.49938 1.79154 2.0287
3.4868 1.81651 2.03751
3.46892 1.8523 2.03406
3.446 1.89372 2.07634
3.42238 1.93694 2.07083
3.39864 1.98058 2.06896
3.37972 2.01447 2.08018
3.36262 2.04599 2.06775
3.33981 2.09008 2.04824
3.31935 2.13264 2.01896
3.29592 2.1736 2.09033
3.27001 2.21636 2.11559
3.24285 2.25834 2.14516
3.21415 2.29826 2.19402
3.18447 2.33738 2.21986
3.15336 2.37648 2.24277
3.12125 2.41438 2.27371
3.09148 2.45452 2.20891
3.07175 2.48048 2.22068
3.04248 2.51987 2.20994
3.01571 2.55437 2.23074
2.98464 2.59334 2.24369
2.95876 2.62622 2.2377
2.93179 2.66142 2.22462
2.90704 2.69246 2.24396
2.87808 2.72687 2.27049
2.84589 2.76513 2.27028
2.8135 2.80184 2.29357
2.78626 2.83116 2.3196
2.75907 2.86096 2.3103
2.72561 2.89517 2.34508
2.69063 2.93066 2.34912
2.65994 2.96169 2.35058
2.63049 2.98949 2.38504
2.59395 3.02141 2.42359
2.56976 3.04484 2.37208
2.53431 3.07719 2.40194
2.49735 3.11073 2.4047
2.45895 3.14274 2.44664
2.43648 3.16019 2.48122
2.40113 3.19122 2.42129
2.36201 3.22106 2.48994
2.32379 3.25073 2.48149
2.28812 3.27426 2.55836
2.25496 3.29777 2.52503
2.22486 3.31917 2.52356
2.18431 3.34585 2.55962
2.14399 3.37473 2.51996
2.10704 3.39951 2.55076
2.06582 3.42768 2.54213
2.03612 3.44663 2.57363
1.99276 3.47149 2.62103
1.95432 3.49349 2.62192
1.91485 3.51338 2.67455
1.86998 3.53519 2.68923
1.82471 3.5557 2.71621
1.78136 3.57541 2.71484
1.74151 3.59391 2.70702
1.69624 3.61502 2.70526
1.65203 3.63553 2.70722
1.61813 3.64874 2.76985
1.57169 3.66719 2.76349
1.5268 3.68487 2.76645
1.48183 3.70441 2.73169
1.43573 3.72378 2.74372
1.39016 3.74432 2.71812
1.34444 3.76446 2.72674
1.3048 3.78114 2.74335
1.26565 3.79673 2.76271
1.22499 3.81118 2.80006
1.18593 3.82511 2.79893
1.14045 3.84078 2.80973
1.09332 3.85697 2.81082
1.04571 3.87123 2.85053
1.00393 3.88279 2.87161
0.961699 3.89435 2.87455
0.926424 3.90302 2.90046
0.88256 3.91497 2.87559
0.834083 3.92664 2.90549
0.786088 3.93919 2.8858
0.749362 3.94709 2.92977
0.707304 3.95582 2.93684
0.659008 3.96589 2.93603
0.615003 3.97318 2.97749
0.565316 3.97853 3.0343
0.515945 3.98456 3.01997
0.468263 3.98838 3.06174
0.419391 3.99367 3.03381
0.377037 3.99806 3.03831
0.331028 4.00179 3.06053
0.303057 4.00416 3.05722
0.254888 4.0072 3.07852
0.205517 4.00993 3.0863
0.157751 4.01376 3.06174
0.109092 4.01714 3.0722
0.0722094 4.01928 3.08351
0.0273659 4.02144 3.09347
-0.0209912 4.02321 3.10516
-0.0695599 4.02317 3.14242
-0.118913 4.02197 -3.11734
-0.161427 4.02185 -3.13886
-0.210996 4.0215 -3.13458
-0.252858 4.02242 -3.16341
-0.298283 4.02312 3.12614
-0.344465 4.02316 3.14082
-0.394459 4.02273 3.15006
-0.442432 4.02158 -3.11754
-0.492341 4.01859 -3.08182
-0.541776 4.01708 -3.11098
-0.589063 4.01237 -3.04233
-0.628306 4.00888 -3.05293
-0.677777 4.00404 -3.04399
-0.71633 3.99943 -3.02256
-0.763915 3.99349 -3.01758
-0.80233 3.98837 -3.00901
-0.850474 3.98015 -2.97245
-0.897435 3.97027 -2.93421
-0.945881 3.96136 -2.9598
-0.994764 3.95087 -2.93021
-1.04156 3.94041 -2.92168
-1.08911 3.92804 -2.88705
-1.13717 3.91428 -2.86268
-1.18427 3.90353 -2.91735
-1.22883 3.89228 -2.89419
-1.27683 3.88083 -2.90737
-1.32399 3.86763 -2.86872
-1.35866 3.8596 -2.91406
-1.40626 3.85021 -2.94681
-1.45376 3.83986 -2.9271
-1.50316 3.83234 -2.99049
-1.54598 3.82512 -2.97443
-1.59384 3.81562 -2.94563
-1.63393 3.80531 -2.88992
-1.68093 3.79336 -2.89264
-1.72512 3.78143 -2.87791
-1.77132 3.77087 -2.91691
-1.81961 3.75855 -2.89177
-1.86841 3.74785 -2.92575
-1.90883 3.73884 -2.92229
-1.95737 3.72726 -2.90751
-1.99709 3.71669 -2.88142
-2.044 3.70377 -2.87292
-2.08731 3.69243 -2.88539
-2.12989 3.68192 -2.89955
-2.1733 3.67131 -2.90198
-2.21994 3.65987 -2.90091
-2.26568 3.651 -2.95019
-2.30354 3.64269 -2.92542
-2.34839 3.63251 -2.91853
-2.39503 3.62246 -2.92918
-2.43526 3.61427 -2.94077
-2.46566 3.60767 -2.92793
-2.50926 3.59837 -2.93135
-2.55604 3.5892 -2.94808
-2.60286 3.58031 -2.95394
-2.63305 3.57496 -2.96613
-2.67977 3.56703 -2.97346
-2.72684 3.55929 -2.97874
-2.76443 3.55272 -2.96843
-2.80795 3.54549 -2.97689
-2.84959 3.5392 -2.99168
-2.88528 3.53375 -2.99032
-2.90224 3.53051 -2.95236
-2.93632 3.5233 -2.9333
-2.96905 3.5179 -2.97809
-3.01414 3.51093 -2.98825
-3.04997 3.50371 -2.94273
-3.08519 3.49749 -2.96657
-3.11449 3.49173 -2.94761
-3.15222 3.48391 -2.93728
-3.18884 3.4774 -2.96548
-3.23464 3.46634 -2.90477
-3.25856 3.4599 -2.87869
-3.25993 3.45957 -2.90537
-3.27107 3.45691 -2.90683
-3.29742 3.45012 -2.88951
-3.30646 3.44765 -2.87513
-3.312 3.4461 -2.86756
-3.32109 3.44342 -2.85542
-3.34429 3.43715 -2.87748
-3.3758 3.42808 -2.86144
-3.40318 3.41994 -2.85247
-3.43837 3.4096 -2.85578
-3.47914 3.39721 -2.84648
-3.52017 3.38807 -2.92262
-3.56145 3.3794 -2.93446
-3.60214 3.36934 -2.89927
-3.6287 3.36181 -2.86514
-3.66137 3.35318 -2.88347
-3.68034 3.34679 -2.81636
-3.72237 3.33041 -2.77018
-3.74663 3.32201 -2.80821
-3.78231 3.30981 -2.81208
-3.80132 3.30356 -2.82397
-3.81469 3.29917 -2.82431
-3.84864 3.28968 -2.8691
-3.88929 3.27868 -2.87737
-3.9239 3.27097 -2.92225
-3.95772 3.26358 -2.92654
-3.97896 3.25934 -2.94433
-3.99682 3.25573 -2.94233
-4.00882 3.25306 -2.92281
-4.01755 3.25095 -2.90406
-4.02892 3.2481 -2.89639
-4.03235 3.2471 -2.85639
-4.0433 3.24338 -2.81411
-4.05013 3.24079 -2.77978
-4.0597 3.23717 -2.78
-4.07293 3.23256 -2.80594
-4.0935 3.22609 -2.83695
-4.11005 3.22165 -2.87976
-4.12084 3.21919 -2.91717
-4.13856 3.21538 -2.92986
-4.1551 3.21167 -2.92053
-4.15615 3.2114 -2.88869
-4.17201 3.20734 -2.89139
-4.18928 3.20274 -2.88096
-4.19829 3.20092 -2.94316
-4.21229 3.19964 -3.05018
True
0.198955
