-5.46216 -1.40483 0.0163799
-5.41279 -1.40354 0.0262047
-5.36382 -1.39956 0.0809799
-5.314 -1.39535 0.0843716
-5.27021 -1.38955 0.131652
-5.22235 -1.3821 0.154399
-5.17547 -1.37625 0.124071
-5.12608 -1.36849 0.15599
-5.07722 -1.36379 0.0958818
-5.02897 -1.35785 0.122504
-4.98075 -1.35259 0.108552
-4.93119 -1.34611 0.130036
-4.88238 -1.33906 0.143426
-4.83361 -1.33187 0.146471
-4.79181 -1.32783 0.0963791
-4.75748 -1.32424 0.104139
-4.71066 -1.31736 0.145808
-4.66083 -1.31363 0.0746867
-4.62139 -1.31014 0.0882554
-4.57426 -1.3064 0.0793189
-4.5248 -1.30216 0.0854895
-4.47961 -1.29729 0.10729
-4.43065 -1.29261 0.0953984
-4.38878 -1.28955 0.0728021
-4.34271 -1.28639 0.0685718
-4.30728 -1.28469 0.0479496
-4.25918 -1.28419 0.0104262
-4.216 -1.28218 0.0463865
-4.17105 -1.27961 0.0571575
-4.12977 -1.27568 0.0949971
-4.08354 -1.27202 0.0790445
-4.03433 -1.26584 0.124904
-3.98594 -1.25799 0.160698
-3.94493 -1.24968 0.199994
-3.9055 -1.24073 0.223262
-3.86925 -1.23183 0.240761
-3.82498 -1.22069 0.246461
-3.78592 -1.21021 0.26226
-3.74873 -1.20069 0.250515
-3.70078 -1.18649 0.287867
-3.66851 -1.17665 0.295986
-3.62165 -1.15928 0.355004
-3.57862 -1.14141 0.393669
-3.53306 -1.12218 0.39923
-3.48709 -1.1025 0.404618
-3.44465 -1.08408 0.409524
-3.39974 -1.06242 0.449413
-3.36445 -1.04169 0.531164
-3.32249 -1.01856 0.50363
-3.28067 -0.99318 0.545542
-3.23812 -0.969983 0.499154
-3.19506 -0.9457 0.513459
-3.15083 -0.922419 0.484476
-3.11651 -0.902299 0.530253
-3.07759 -0.882386 0.472966
-3.03437 -0.857263 0.526539
-2.99539 -0.835868 0.501935
-2.96141 -0.81497 0.551388
-2.92984 -0.795553 0.551407
-2.8871 -0.770047 0.538037
-2.86619 -0.75646 0.576205
-2.82403 -0.729701 0.565581
-2.79359 -0.709605 0.583431
-2.75183 -0.682618 0.573749
-2.71142 -0.658122 0.545012
-2.66797 -0.634814 0.492347
-2.62522 -0.61072 0.513204
-2.58728 -0.587516 0.548909
-2.55625 -0.568579 0.547892
-2.51476 -0.543167 0.549626
-2.47291 -0.517433 0.551228
-2.42996 -0.491981 0.534976
-2.3864 -0.467591 0.510494
-2.35895 -0.453606 0.471198
-2.31674 -0.431938 0.474258
-2.28942 -0.418054 0.470176
-2.24751 -0.39641 0.476649
-2.20674 -0.376861 0.447166
-2.16885 -0.359559 0.42837
-2.12412 -0.337244 0.462723
-2.0811 -0.31747 0.430833
-2.03528 -0.298911 0.384889
-1.99533 -0.284022 0.356714
-1.95837 -0.268879 0.388864
-1.91926 -0.254955 0.342029
-1.87158 -0.239986 0.304192
-1.82339 -0.226663 0.269739
-1.77877 -0.214282 0.270674
-1.73045 -0.201471 0.259153
-1.68152 -0.192463 0.182052
-1.63313 -0.182866 0.1958
-1.5854 -0.175617 0.150721
-1.54043 -0.169135 0.143136
-1.49355 -0.162046 0.150111
-1.44425 -0.157479 0.0923713
-1.39468 -0.152372 0.102667
-1.34725 -0.147625 0.0997308
-1.30866 -0.142722 0.126381
-1.26399 -0.136786 0.132117
-1.21687 -0.131272 0.116493
-1.168 -0.128014 0.0665812
-1.1244 -0.12445 0.0815408
-1.07451 -0.121297 0.0631273
-1.03684 -0.119055 0.0594475
-0.986959 -0.117717 0.0268042
-0.942777 -0.117478 0.00542756
-0.892902 -0.118685 -0.0241981
-0.842937 -0.120343 -0.0331801
-0.796301 -0.122797 -0.0525675
-0.746886 -0.123614 -0.0165313
-0.69722 -0.125633 -0.040632
-0.648508 -0.126103 -0.00965389
-0.598901 -0.124688 0.0285232
-0.550068 -0.122259 0.0496973
-0.500815 -0.120908 0.0274233
-0.451568 -0.120079 0.0168378
-0.401795 -0.120354 -0.00552391
-0.3618 -0.118983 0.0342597
-0.315647 -0.11848 0.0109037
-0.27936 -0.117047 0.0394541
-0.229562 -0.114596 0.0491929
-0.180036 -0.111908 0.0542144
-0.133851 -0.111107 0.0173465
-0.0860203 -0.110425 0.0142509
-0.0412509 -0.111547 -0.0250467
0.00506945 -0.113629 -0.0449163
0.0462588 -0.114446 -0.0198316
0.0919258 -0.115642 -0.0261806
0.134655 -0.116087 -0.0104254
0.183408 -0.115105 0.0201462
0.232421 -0.114545 0.0114223
0.278371 -0.114181 0.0079219
0.327775 -0.114531 -0.00709339
0.37698 -0.113423 0.0225184
0.426218 -0.113188 0.00478238
0.473477 -0.111292 0.0400905
0.518376 -0.109167 0.0472925
0.567967 -0.106018 0.0634195
0.610403 -0.104198 0.0428466
0.640035 -0.1006 0.120841
0.689835 -0.0982661 0.0468317
0.736928 -0.0948745 0.071895
0.785359 -0.0889634 0.121451
0.83426 -0.0829436 0.122488
0.884187 -0.0802591 0.0537151
0.934022 -0.077739 0.0505276
0.983349 -0.0778904 -0.00306963
1.03297 -0.0772773 0.012353
1.08278 -0.0761337 0.0229583
1.12707 -0.0756138 0.0117362
1.17707 -0.0750535 0.0112075
1.22562 -0.0753345 -0.0057885
1.27514 -0.0757628 -0.00864908
1.32285 -0.0764371 -0.0141298
1.36887 -0.0779535 -0.0329439
1.41841 -0.0822475 -0.0864497
1.46142 -0.0845148 -0.0526713
1.51116 -0.0860335 -0.0305239
1.55295 -0.0870189 -0.023577
1.60118 -0.0871448 -0.00261143
1.64778 -0.0872567 -0.0024016
1.69048 -0.0882207 -0.022568
1.73989 -0.0899952 -0.0359032
1.7896 -0.0898321 0.00328043
1.83958 -0.0912318 -0.0279974
1.87969 -0.0897771 0.0362547
1.9262 -0.0865048 0.0702322
1.9712 -0.0830434 0.0767781
2.02066 -0.0777516 0.106588
2.06977 -0.0731998 0.0924206
2.11958 -0.0697694 0.0687599
2.15913 -0.0678207 0.0492362
2.20898 -0.0646474 0.063568
2.25649 -0.0610187 0.0762269
2.30551 -0.058659 0.0481047
2.35549 -0.0577829 0.0175263
2.40512 -0.0565054 0.0257362
2.45248 -0.0557117 0.0167569
2.49895 -0.0537911 0.0413076
2.54831 -0.0526148 0.0238239
2.5982 -0.0503383 0.0456061
2.64774 -0.0479837 0.0474941
2.68761 -0.047338 0.0161906
2.73758 -0.0455685 0.0353973
2.78745 -0.0451404 0.00858367
2.83738 -0.0440185 0.0224666
2.88352 -0.0436092 0.00887087
2.93321 -0.0444355 -0.0166287
2.98214 -0.0434573 0.0199867
3.0316 -0.0392281 0.0852976
3.08148 -0.0377049 0.0305306
3.13124 -0.0357586 0.0390943
3.17485 -0.0335467 0.0506705
3.21539 -0.0310864 0.0606181
3.26536 -0.0293087 0.0355629
3.31533 -0.0302819 -0.0194723
3.3605 -0.0297753 0.0112151
3.40955 -0.0304181 -0.0131042
3.44502 -0.0304255 -0.000208767
3.47835 -0.0304792 -0.00160963
3.52096 -0.0312144 -0.0172553
3.56782 -0.0303702 0.0180132
3.59549 -0.0293946 0.0352464
3.62176 -0.0286069 0.0299796
3.65879 -0.0294751 -0.0234432
3.69136 -0.0282056 0.0389534
3.73529 -0.0248714 0.0757575
3.77248 -0.0219788 0.0776245
3.79302 -0.0211994 0.0379218
3.82288 -0.0202601 0.0314432
3.86646 -0.0194936 0.0175881
3.89358 -0.0200093 -0.0190077
3.92673 -0.0219277 -0.0578078
3.9547 -0.0223506 -0.0151209
3.98444 -0.023338 -0.0331917
4.01274 -0.025038 -0.0599988
4.05011 -0.0260171 -0.0261963
4.07077 -0.0264874 -0.0227623
4.10192 -0.026818 -0.0106093
4.13088 -0.0269272 -0.00377224
4.17622 -0.0284145 -0.0327932
4.20318 -0.0291198 -0.0261545
4.21422 -0.0294593 -0.0307343
4.21782 -0.0296112 -0.0421656
4.22736 -0.0306027 -0.103526
4.24788 -0.0324594 -0.0902595
4.26833 -0.0342573 -0.0877035
4.28364 -0.0356334 -0.0895953
4.31016 -0.0369381 -0.0491645
4.31532 -0.0372905 -0.0681909
4.3231 -0.0381207 -0.106302
4.33994 -0.040022 -0.112428
4.35529 -0.0411364 -0.0724787
4.39074 -0.0431191 -0.0558763
4.42756 -0.0444562 -0.0362968
4.44798 -0.0453218 -0.0423595
4.47521 -0.0464355 -0.0408789
4.50712 -0.0473244 -0.0278493
4.52616 -0.0478879 -0.0295802
4.55845 -0.0494643 -0.0487803
4.59505 -0.051739 -0.0620735
4.63701 -0.0548357 -0.0736765
4.65559 -0.0565351 -0.0912166
4.67616 -0.0589598 -0.117294
4.70181 -0.0616182 -0.103302
4.72434 -0.0641868 -0.113492
4.74009 -0.0661257 -0.122495
4.75403 -0.0678755 -0.124884
4.77078 -0.0691836 -0.0779228
4.78427 -0.0698974 -0.052889
4.80912 -0.0711811 -0.0516118
4.83438 -0.0727851 -0.0633921
4.85451 -0.0738784 -0.0542591
4.88281 -0.0763092 -0.0856868
4.90019 -0.0772763 -0.0555982
4.90761 -0.0781338 -0.115048
4.91181 -0.0787058 -0.135384
4.92297 -0.0806449 -0.171999
4.93454 -0.0828059 -0.184683
4.94482 -0.0847211 -0.18414
4.96106 -0.0882149 -0.211899
4.98229 -0.0922729 -0.188925
5.00473 -0.0960776 -0.167931
5.0238 -0.0997826 -0.191926
5.03549 -0.102124 -0.197665
5.04216 -0.103391 -0.187815
5.05568 -0.105378 -0.145834
5.05908 -0.10581 -0.126312
5.06316 -0.10622 -0.100332
5.07001 -0.106973 -0.109419
5.07748 -0.10768 -0.0944732
5.08208 -0.108109 -0.0928613
5.09804 -0.109594 -0.0927699
5.1126 -0.110601 -0.0690082
5.12438 -0.111234 -0.0537594
5.12358 -0.111229 -0.00654604
5.12522 -0.111336 -0.0648724
5.1273 -0.111601 -0.126587
5.14016 -0.113048 -0.11206
5.14284 -0.113275 -0.084608
5.144 -0.113325 -0.0435265
5.16332 -0.114801 -0.0762287
5.16975 -0.115237 -0.06765
5.17718 -0.115589 -0.0473362
5.19001 -0.116414 -0.0642021
5.19599 -0.116737 -0.0539447
5.20014 -0.117025 -0.069324
True
0.065568
