-5.47657 0.516708 0.0148905
-5.43871 0.516342 -0.00966756
-5.39508 0.516748 0.00930925
-5.34564 0.516873 0.00253167
-5.29913 0.518576 0.0365979
-5.24914 0.517875 -0.0140342
-5.20659 0.518507 0.0148467
-5.16488 0.521595 0.0739107
-5.11557 0.526423 0.0976096
-5.06742 0.53109 0.0966269
-5.02325 0.534641 0.0802168
-4.97565 0.53658 0.0407071
-4.9273 0.537401 0.0169842
-4.88733 0.53708 -0.00802241
-4.84402 0.538357 0.0294616
-4.79679 0.540541 0.0462116
-4.74681 0.541491 0.0190041
-4.6972 0.542369 0.0176965
-4.64918 0.541722 -0.013473
-4.59921 0.543437 0.0343089
-4.55087 0.544661 0.0253217
-4.50141 0.545885 0.0247332
-4.45973 0.546441 0.013337
-4.41912 0.544765 -0.0412522
-4.37948 0.544865 0.00254029
-4.33088 0.54496 0.00194463
-4.29165 0.543738 -0.0311468
-4.2428 0.54133 -0.0492615
-4.20441 0.538675 -0.0690282
-4.15692 0.537627 -0.0220779
-4.10693 0.537974 0.00695623
-4.05697 0.538573 0.0119787
-4.01487 0.539277 0.016735
-3.96814 0.539612 0.0071547
-3.92438 0.538304 -0.0298818
-3.89152 0.537086 -0.0370242
-3.84203 0.536848 -0.00481998
-3.79349 0.536221 -0.0129107
-3.74787 0.533894 -0.0509823
-3.69858 0.530575 -0.0672289
-3.65491 0.529261 -0.0300726
-3.60699 0.5274 -0.0388119
-3.56044 0.526381 -0.0218911
-3.51085 0.528515 0.0430165
-3.46426 0.530094 0.0338638
-3.41886 0.530749 0.0144292
-3.37094 0.533006 0.0470825
-3.32851 0.537496 0.105412
-3.27955 0.541297 0.077477
-3.23082 0.545636 0.0888168
-3.19052 0.548586 0.0730559
-3.1436 0.551105 0.0536372
-3.09858 0.554022 0.0647032
-3.04951 0.555845 0.0371454
-3.00152 0.558488 0.0550055
-2.95152 0.558491 5.97313e-05
-2.91604 0.558835 0.00969013
-2.87292 0.558703 -0.00304994
-2.82432 0.557832 -0.0179245
-2.77435 0.556588 -0.0248924
-2.72436 0.557688 0.0220099
-2.67796 0.557568 -0.00258334
-2.62858 0.559687 0.042874
-2.57877 0.563426 0.0749443
-2.52922 0.567857 0.0891813
-2.48099 0.57172 0.0799206
-2.43323 0.57392 0.0460366
-2.38324 0.574501 0.011621
-2.33701 0.57613 0.0352322
-2.29285 0.579874 0.0845581
-2.24402 0.582987 0.0636671
-2.2045 0.58451 0.0385242
-2.15471 0.586511 0.0401667
-2.11148 0.589674 0.0730342
-2.06285 0.59265 0.0611185
-2.02103 0.595283 0.0628782
-1.97113 0.596975 0.0338914
-1.92316 0.599512 0.0528585
-1.87599 0.601317 0.0382405
-1.82724 0.602323 0.020625
-1.77877 0.605079 0.0568074
-1.73025 0.608805 0.0766438
-1.68734 0.609692 0.0206754
-1.63776 0.606508 -0.0641524
-1.59109 0.604651 -0.039754
-1.54312 0.603799 -0.017779
-1.49585 0.603146 -0.0137997
-1.45453 0.603379 0.00563586
-1.40523 0.602232 -0.0232537
-1.35984 0.600865 -0.0301124
-1.3128 0.600091 -0.0164561
-1.26315 0.598699 -0.0280239
-1.22264 0.599567 0.0214297
-1.17686 0.596334 -0.0705147
-1.13388 0.594807 -0.0354987
-1.08615 0.594307 -0.0104788
-1.0432 0.593389 -0.0213815
-0.99501 0.591224 -0.0448902
-0.945351 0.587964 -0.0655605
-0.900324 0.586466 -0.0332523
-0.850753 0.584394 -0.0417634
-0.802653 0.584032 -0.00752885
-0.757784 0.583889 -0.00318389
-0.707874 0.583533 -0.00714323
-0.662732 0.58369 0.00348431
-0.612906 0.580702 -0.0599011
-0.564265 0.576744 -0.081183
-0.521239 0.57502 -0.0400583
-0.473338 0.571664 -0.0699366
-0.42385 0.566353 -0.106923
-0.374469 0.559364 -0.140599
-0.331542 0.554032 -0.123563
-0.282177 0.546766 -0.146143
-0.23246 0.542599 -0.0836242
-0.183254 0.537296 -0.107347
-0.135183 0.532926 -0.0906575
-0.0854544 0.53137 -0.0312851
-0.0360597 0.529428 -0.0393037
0.0108263 0.528483 -0.0201521
0.0593421 0.525832 -0.0545797
0.109059 0.524767 -0.0214197
0.153698 0.523655 -0.0248986
0.201855 0.522338 -0.0273531
0.2434 0.51932 -0.0725048
0.293358 0.517537 -0.035678
0.343031 0.516532 -0.0202262
0.388104 0.514946 -0.0351791
0.438049 0.513654 -0.0258601
0.487271 0.512159 -0.0303656
0.534537 0.508989 -0.0669688
0.584157 0.506003 -0.0600951
0.633832 0.504165 -0.0369973
0.683614 0.503153 -0.0203149
0.732739 0.500464 -0.0546881
0.781284 0.497311 -0.064856
0.827364 0.495164 -0.0465653
0.875585 0.492594 -0.053235
0.924791 0.489886 -0.0549853
0.974688 0.486895 -0.0598789
1.02466 0.485428 -0.0293338
1.06962 0.484782 -0.0143675
1.11707 0.483413 -0.0288589
1.16157 0.482418 -0.0223565
1.21103 0.483791 0.0277615
1.25413 0.481902 -0.0437826
1.30408 0.479789 -0.042288
1.35337 0.477668 -0.0429942
1.40317 0.476112 -0.0312471
1.45302 0.474081 -0.0407185
1.50053 0.472898 -0.0248899
1.54895 0.471719 -0.0243515
1.59363 0.472066 0.00777617
1.64359 0.470376 -0.0338037
1.68281 0.470375 -2.72878e-05
1.73112 0.469413 -0.0199213
1.78096 0.468257 -0.0231918
1.8309 0.469974 0.0343805
1.87893 0.469113 -0.0179316
1.9289 0.468004 -0.0221777
1.97871 0.467671 -0.00669222
2.02802 0.470441 0.056113
2.07777 0.471549 0.0222743
2.12528 0.474154 0.054783
2.17274 0.475602 0.0304943
2.22243 0.478424 0.0567427
2.27156 0.480352 0.0392007
2.32005 0.482869 0.0518672
2.36002 0.484983 0.0528576
2.40964 0.48886 0.0779604
2.45273 0.49209 0.0748178
2.49803 0.494695 0.0574408
2.53838 0.49669 0.0494242
2.57915 0.499195 0.0613436
2.62901 0.502782 0.0718318
2.6782 0.505739 0.0600357
2.72695 0.507008 0.0260319
2.7753 0.508465 0.0301045
2.82067 0.509224 0.016747
2.86747 0.508957 -0.00570656
2.91536 0.510099 0.0238385
2.96107 0.510748 0.014199
3.01031 0.512633 0.0382713
3.06006 0.513222 0.0118231
3.10906 0.514802 0.0322526
3.15846 0.516272 0.0297396
3.20835 0.519326 0.0611346
3.25831 0.521186 0.0372225
3.30604 0.523701 0.0526415
3.34404 0.526582 0.0756494
3.39399 0.528213 0.0326536
3.44391 0.530872 0.0531893
3.49252 0.532145 0.0261885
3.53029 0.533204 0.0280279
3.5601 0.534168 0.0323261
3.60432 0.534277 0.00246278
3.63968 0.532776 -0.0424136
3.68068 0.532402 -0.00911614
3.72614 0.5317 -0.0154357
3.76689 0.532004 0.0074619
3.80964 0.534883 0.0672483
3.8434 0.537452 0.0759599
3.86881 0.537912 0.0180909
3.90725 0.538539 0.016313
3.9552 0.538518 -0.000432851
4.0033 0.539581 0.022091
4.04813 0.542074 0.0555542
4.08697 0.544092 0.0519003
4.12607 0.547615 0.0898545
4.15219 0.549322 0.0652505
4.18771 0.550797 0.0415081
4.21714 0.551955 0.0393275
4.24487 0.552791 0.0301296
4.27826 0.554007 0.0364179
4.32661 0.555408 0.0289614
4.3752 0.555286 -0.00250537
4.40492 0.555121 -0.00554347
4.41615 0.554829 -0.0260499
4.42907 0.554177 -0.0504161
4.4492 0.553318 -0.042659
4.47188 0.552914 -0.0178028
4.49085 0.552539 -0.0197462
4.52092 0.551153 -0.0460723
4.55691 0.550665 -0.0135416
4.57869 0.550092 -0.0263277
4.60246 0.549288 -0.033789
4.61864 0.548529 -0.0469062
4.63013 0.547873 -0.0570626
4.65076 0.546114 -0.0850314
4.66812 0.544716 -0.0803223
4.67674 0.544023 -0.0802615
4.69199 0.542483 -0.100708
4.70303 0.541526 -0.0864024
4.71764 0.540355 -0.0800026
4.73534 0.539081 -0.0718347
4.75903 0.537226 -0.0781457
4.77917 0.53606 -0.0578317
4.79204 0.535218 -0.0653079
4.81363 0.534138 -0.0499833
4.83617 0.533985 -0.00679283
4.85523 0.533624 -0.0189379
4.86412 0.533496 -0.0143567
4.88719 0.532674 -0.0356491
4.91103 0.531837 -0.0350799
4.93125 0.531401 -0.0215612
4.95152 0.531337 -0.00316954
4.965 0.531478 0.0104855
4.96925 0.531653 0.0410199
4.98941 0.53182 0.0082975
4.9946 0.531824 0.000865909
4.99913 0.531786 -0.00841106
5.00904 0.532075 0.0291371
5.01655 0.53245 0.0499418
5.02663 0.532823 0.0369671
5.02759 0.532864 0.0425662
5.0369 0.533345 0.0515321
5.04051 0.533425 0.0224334
5.04736 0.533578 0.0222317
5.06682 0.533805 0.0116569
5.08042 0.533771 -0.00246185
5.08623 0.533792 0.00359284
5.09849 0.534253 0.0376137
5.10879 0.534855 0.0583722
5.11884 0.535524 0.0664119
5.12984 0.536496 0.08819
5.14248 0.537155 0.0520794
5.14682 0.537362 0.0475963
5.15929 0.537177 -0.0147779
5.17538 0.536411 -0.0475356
5.17689 0.536337 -0.0492043
5.18324 0.536183 -0.0242615
5.18868 0.536377 0.0355768
5.20488 0.537464 0.0670491
True
0.0649101
