-5.46822 -0.0697748 0.289733
-5.42728 -0.0556366 0.33249
-5.38295 -0.0420165 0.298122
-5.33534 -0.0284014 0.278507
-5.29 -0.0158877 0.269297
-5.24584 -0.00395549 0.263913
-5.20928 0.00649413 0.278411
-5.161 0.0193868 0.260933
-5.11224 0.0302034 0.218307
-5.06898 0.0415762 0.257077
-5.02106 0.0537763 0.249269
-4.976 0.0666948 0.279215
-4.92879 0.0809494 0.293231
-4.88527 0.0948566 0.30935
-4.84027 0.109688 0.318365
-4.79203 0.122612 0.261754
-4.74339 0.13409 0.231706
-4.69757 0.14608 0.25596
-4.64947 0.159737 0.276675
-4.60633 0.171774 0.272063
-4.55834 0.185804 0.284447
-4.51206 0.198699 0.271758
-4.46662 0.212173 0.288233
-4.41878 0.224968 0.261359
-4.37056 0.23817 0.267209
-4.32432 0.250172 0.253963
-4.27831 0.261686 0.245241
-4.23085 0.274582 0.265276
-4.19096 0.283816 0.227468
-4.14593 0.294792 0.239132
-4.0982 0.307164 0.253603
-4.04946 0.31823 0.223269
-4.00077 0.329584 0.229086
-3.9519 0.339962 0.209274
-3.91906 0.346866 0.207165
-3.87319 0.355111 0.177859
-3.84204 0.362999 0.248046
-3.79372 0.373255 0.209101
-3.74751 0.383103 0.209991
-3.70153 0.390446 0.158364
-3.66004 0.398128 0.183084
-3.61117 0.406715 0.173956
-3.562 0.414302 0.153089
-3.51785 0.421787 0.167923
-3.47083 0.429649 0.165682
-3.42855 0.438113 0.197556
-3.37951 0.447782 0.194669
-3.33098 0.459767 0.242148
-3.2855 0.470395 0.229556
-3.23735 0.481238 0.22148
-3.18864 0.490647 0.190839
-3.15037 0.498182 0.19441
-3.11182 0.50503 0.175778
-3.06745 0.516314 0.24905
-3.02393 0.526947 0.239643
-2.98513 0.536437 0.239873
-2.93866 0.547725 0.238296
-2.89073 0.560198 0.254584
-2.85538 0.569381 0.254109
-2.80704 0.582176 0.258782
-2.76433 0.595653 0.305623
-2.72163 0.60803 0.282142
-2.67309 0.619827 0.238419
-2.62452 0.631548 0.236783
-2.59801 0.637993 0.23854
-2.55006 0.651584 0.276156
-2.50292 0.663441 0.246441
-2.45486 0.676184 0.259172
-2.40683 0.688525 0.251512
-2.36418 0.699154 0.244249
-2.3158 0.710276 0.225957
-2.27056 0.719816 0.207819
-2.233 0.730165 0.268863
-2.20171 0.738221 0.251969
-2.15289 0.748833 0.214057
-2.10724 0.755241 0.139447
-2.05862 0.763205 0.162368
-2.01451 0.768265 0.114213
-1.9705 0.773335 0.114685
-1.93692 0.777983 0.137582
-1.8875 0.783567 0.112484
-1.83819 0.791672 0.162956
-1.7929 0.800042 0.182702
-1.75225 0.80643 0.155893
-1.70575 0.813794 0.157059
-1.66938 0.819659 0.159901
-1.62125 0.829581 0.203272
-1.58832 0.835792 0.186436
-1.54106 0.84598 0.212352
-1.49518 0.85375 0.16775
-1.44609 0.862615 0.178655
-1.3965 0.869006 0.128182
-1.34963 0.876533 0.159215
-1.30373 0.88331 0.146597
-1.25523 0.892799 0.193215
-1.21333 0.90275 0.233133
-1.16848 0.913081 0.226427
-1.11951 0.923163 0.203022
-1.08105 0.932725 0.243736
-1.04813 0.938805 0.182579
-1.00197 0.949231 0.222153
-0.955056 0.958212 0.189159
-0.908483 0.968143 0.210087
-0.860145 0.976885 0.178923
-0.818002 0.984889 0.187676
-0.770587 0.996123 0.232642
-0.727865 1.00629 0.23371
-0.67825 1.01226 0.119589
-0.643653 1.01692 0.134068
-0.594628 1.02376 0.138676
-0.547446 1.02885 0.107476
-0.497647 1.03323 0.0875441
-0.447764 1.03569 0.0493245
-0.402203 1.03632 0.0139515
-0.364293 1.03668 0.00926944
-0.319913 1.03654 -0.00302528
-0.277264 1.03637 -0.00409619
-0.231372 1.0352 -0.0253229
-0.187267 1.03414 -0.0241114
-0.145668 1.03193 -0.0531703
-0.100662 1.02946 -0.0547029
-0.059169 1.02875 -0.017248
-0.0139188 1.02809 -0.0144876
0.0308525 1.02895 0.0191743
0.0716762 1.03058 0.0399289
0.121641 1.03129 0.014277
0.165201 1.03254 0.0287083
0.214752 1.03517 0.0530302
0.256128 1.03673 0.0375651
0.292578 1.03852 0.0489778
0.334088 1.03895 0.010344
0.371161 1.03947 0.014166
0.414732 1.04056 0.0250463
0.450887 1.04076 0.0055916
0.499124 1.04368 0.0604212
0.545645 1.04585 0.0465812
0.595396 1.04978 0.0788509
0.641404 1.05463 0.104906
0.674975 1.05707 0.0726773
0.723416 1.06269 0.115521
0.764868 1.06553 0.0684475
0.811014 1.07036 0.104201
0.858095 1.07685 0.137056
0.907663 1.08341 0.131547
0.954408 1.09205 0.182833
1.002 1.10057 0.176962
1.05005 1.11031 0.200044
1.09551 1.1211 0.233036
1.14127 1.13559 0.306791
1.1893 1.1495 0.281809
1.23248 1.16389 0.321705
1.2799 1.1792 0.312334
1.3133 1.19167 0.357304
1.35703 1.20848 0.366933
1.40352 1.22584 0.35746
1.45116 1.24102 0.308433
1.49461 1.25318 0.272798
1.54333 1.26367 0.212192
1.59229 1.2734 0.196075
1.64074 1.28261 0.187979
1.68858 1.29639 0.280311
1.73453 1.31034 0.294738
1.7802 1.32572 0.32496
1.82556 1.34279 0.3599
1.87113 1.36268 0.411507
1.91757 1.38108 0.37721
1.95937 1.39714 0.366856
2.00414 1.41506 0.380734
2.05033 1.43413 0.391496
2.09657 1.45207 0.370192
2.13044 1.46592 0.388153
2.17557 1.48301 0.362014
2.22088 1.5006 0.370301
2.25256 1.51289 0.370102
2.29913 1.5306 0.363358
2.34047 1.54592 0.354744
2.37964 1.56245 0.399495
2.41985 1.57891 0.388575
2.46442 1.59854 0.414778
2.50931 1.6204 0.453241
2.5482 1.63984 0.463519
2.58855 1.65942 0.45167
2.62957 1.68002 0.465375
2.66666 1.6982 0.455854
2.7085 1.71812 0.444297
2.75191 1.74018 0.470257
2.79355 1.75881 0.420686
2.83124 1.77695 0.448534
2.87368 1.79884 0.476306
2.91056 1.81758 0.470027
2.9425 1.83191 0.421581
2.98823 1.85202 0.414508
3.03285 1.87376 0.453254
3.07091 1.89379 0.484475
3.11491 1.91745 0.493444
3.14322 1.93256 0.49002
3.18667 1.9556 0.487625
3.21944 1.97085 0.435696
3.26147 1.99062 0.439721
3.3054 2.01237 0.459647
3.34366 2.03087 0.450288
3.38412 2.05137 0.468942
3.42925 2.07129 0.415634
3.47083 2.08968 0.416505
3.5153 2.10975 0.423919
3.54667 2.12466 0.443935
3.57872 2.13852 0.408069
3.62373 2.15903 0.42756
3.66804 2.1785 0.414006
3.70989 2.1969 0.414271
3.74609 2.21483 0.459847
3.78993 2.2338 0.408327
3.82845 2.25029 0.404453
3.867 2.26833 0.437711
3.90987 2.28784 0.426984
3.95146 2.30589 0.409561
3.99052 2.32236 0.398957
4.02858 2.33894 0.41087
4.06769 2.35479 0.385179
4.10925 2.37281 0.409075
4.14974 2.38933 0.387414
4.17299 2.39839 0.371623
4.2045 2.41112 0.383983
4.21713 2.41657 0.407003
4.22275 2.41917 0.433154
4.24081 2.42778 0.444877
4.26221 2.4388 0.475492
4.28709 2.45329 0.52755
4.30295 2.46204 0.504011
4.3284 2.47665 0.521096
4.35097 2.48872 0.491308
4.38583 2.50677 0.477671
4.40822 2.51815 0.470299
4.43507 2.53077 0.439446
4.4662 2.54475 0.421969
4.49735 2.55808 0.404323
4.53346 2.57277 0.386347
4.55184 2.57974 0.362667
4.56355 2.5843 0.371143
4.58883 2.59543 0.414581
4.60871 2.60408 0.41059
4.62459 2.61107 0.41498
4.63649 2.61582 0.379209
4.6487 2.62071 0.381155
4.65916 2.62512 0.398799
4.67818 2.63335 0.408335
4.69448 2.64092 0.434811
4.71837 2.65118 0.405759
4.72637 2.65448 0.390404
4.73756 2.65943 0.417047
4.75166 2.66626 0.450991
4.76657 2.67388 0.472324
4.78329 2.68196 0.450601
4.79342 2.68706 0.466318
4.79817 2.6895 0.474313
4.81475 2.69782 0.464642
4.81943 2.69992 0.421958
4.83433 2.70687 0.437022
4.85801 2.71769 0.428504
4.88528 2.73036 0.434722
4.92804 2.75094 0.448685
4.96633 2.7702 0.466012
5.00037 2.78696 0.457597
5.02312 2.79799 0.451408
5.04392 2.80811 0.452703
5.06778 2.82017 0.46819
5.08965 2.83122 0.467778
5.12192 2.84827 0.486076
5.13764 2.85652 0.483102
5.15296 2.86488 0.499452
5.16882 2.87351 0.498324
5.18072 2.88005 0.50245
5.19286 2.88621 0.46994
5.20901 2.89471 0.484313
5.22656 2.90364 0.470833
5.2448 2.91291 0.47008
True
0.27316
