-5.46747 0.628573 -0.128206
-5.41768 0.624009 -0.0914069
-5.38035 0.62056 -0.0921536
-5.34064 0.615324 -0.131072
-5.29801 0.610221 -0.119157
-5.25213 0.605019 -0.112881
-5.20361 0.599946 -0.104179
-5.15427 0.597119 -0.0572351
-5.11182 0.590852 -0.146566
-5.06265 0.585784 -0.102709
-5.01762 0.580581 -0.115046
-4.96836 0.574251 -0.127802
-4.91975 0.568315 -0.121518
-4.8705 0.564171 -0.0839393
-4.82827 0.55903 -0.121131
-4.79294 0.554469 -0.12838
-4.74564 0.548574 -0.124018
-4.69652 0.540849 -0.155961
-4.64987 0.533315 -0.16011
-4.6008 0.527012 -0.127772
-4.55245 0.519169 -0.160803
-4.50287 0.513984 -0.104191
-4.45485 0.506436 -0.155941
-4.41119 0.49882 -0.172691
-4.36235 0.489732 -0.18396
-4.31367 0.478891 -0.219127
-4.28284 0.471252 -0.242904
-4.23843 0.462609 -0.192225
-4.1896 0.45354 -0.183606
-4.14492 0.445109 -0.186521
-4.09541 0.438301 -0.13667
-4.04616 0.429707 -0.172734
-4.01052 0.424298 -0.150621
-3.96746 0.416349 -0.182537
-3.9216 0.410219 -0.132899
-3.87784 0.405267 -0.112659
-3.8339 0.398984 -0.142041
-3.79223 0.394324 -0.111379
-3.74295 0.388765 -0.11232
-3.70872 0.385528 -0.0943018
-3.67067 0.382558 -0.0778783
-3.62072 0.380173 -0.0477264
-3.57087 0.378133 -0.0408914
-3.52422 0.376207 -0.0412589
-3.4763 0.374071 -0.0445386
-3.42675 0.36916 -0.0988002
-3.37948 0.363983 -0.109102
-3.33578 0.361323 -0.0607819
-3.29244 0.356817 -0.103588
-3.24272 0.351464 -0.107271
-3.19309 0.345723 -0.115161
-3.15235 0.341568 -0.10162
-3.11894 0.338882 -0.0802396
-3.08051 0.334615 -0.110566
-3.04677 0.332846 -0.0523828
-3.00038 0.330743 -0.0452905
-2.95075 0.327948 -0.0562674
-2.91017 0.324837 -0.0765315
-2.86231 0.321114 -0.0776187
-2.82069 0.317794 -0.0795971
-2.77163 0.315783 -0.0409728
-2.72417 0.313215 -0.0540601
-2.67725 0.310413 -0.0596435
-2.63049 0.309171 -0.0265412
-2.58052 0.310014 0.0168653
-2.53068 0.309139 -0.0175481
-2.48068 0.309442 0.00604317
-2.4402 0.306939 -0.0617397
-2.39061 0.303412 -0.0710235
-2.34203 0.30009 -0.0682475
-2.29259 0.297231 -0.0577717
-2.2491 0.294884 -0.0539163
-2.19919 0.294978 0.00187939
-2.15697 0.294587 -0.0092492
-2.11148 0.294415 -0.00378053
-2.06441 0.294481 0.00138991
-2.01501 0.294544 0.00128137
-1.96513 0.294418 -0.00251859
-1.92117 0.292655 -0.0400837
-1.87502 0.291151 -0.0325829
-1.82866 0.289347 -0.038882
-1.78368 0.289267 -0.00178924
-1.73381 0.288574 -0.0138901
-1.68772 0.289095 0.0113023
-1.63783 0.290026 0.0186716
-1.58813 0.2899 -0.00254687
-1.54917 0.288672 -0.0314986
-1.5069 0.28817 -0.0118695
-1.46364 0.288024 -0.00338739
-1.42116 0.287186 -0.0197262
-1.37136 0.286211 -0.0195615
-1.32331 0.285168 -0.0217107
-1.28069 0.282097 -0.0719288
-1.25882 0.280516 -0.072151
-1.21907 0.277243 -0.0821539
-1.1699 0.2741 -0.0638425
-1.13832 0.272067 -0.0642963
-1.10836 0.269897 -0.0722877
-1.06656 0.267989 -0.0456282
-1.01856 0.261271 -0.139052
-0.972744 0.256014 -0.11424
-0.924444 0.249315 -0.137822
-0.879485 0.242648 -0.147209
-0.835757 0.236142 -0.147716
-0.80286 0.230019 -0.184021
-0.753906 0.219938 -0.203083
-0.712695 0.212655 -0.174915
-0.663914 0.205081 -0.154037
-0.616752 0.198744 -0.133571
-0.56743 0.191999 -0.135901
-0.518448 0.184971 -0.142518
-0.478893 0.178358 -0.165659
-0.434302 0.169645 -0.192955
-0.388984 0.160636 -0.196242
-0.341811 0.149772 -0.226351
-0.301073 0.139179 -0.254399
-0.257779 0.125987 -0.295768
-0.210715 0.112876 -0.271695
-0.16298 0.0980818 -0.300529
-0.120387 0.0861953 -0.272148
-0.0734095 0.073794 -0.258096
-0.0256897 0.0636017 -0.210425
0.00869393 0.0548658 -0.248806
0.05601 0.042265 -0.26027
0.0994575 0.0293975 -0.287933
0.14018 0.0197784 -0.231957
0.180294 0.00836068 -0.277303
0.226213 -0.00265929 -0.23553
0.265592 -0.0136748 -0.272762
0.303551 -0.0253157 -0.297566
0.343021 -0.037274 -0.294178
0.388405 -0.0501276 -0.275994
0.431076 -0.062025 -0.27191
0.478622 -0.0760446 -0.286736
0.518593 -0.08772 -0.284193
0.565398 -0.101372 -0.283797
0.612304 -0.11335 -0.250028
0.658403 -0.127598 -0.299752
0.701597 -0.142388 -0.329909
0.749448 -0.156591 -0.288524
0.793689 -0.170296 -0.300414
0.83165 -0.181767 -0.293443
0.875976 -0.193586 -0.260587
0.916532 -0.20595 -0.295907
0.964139 -0.216765 -0.22338
1.00887 -0.228476 -0.256084
1.0572 -0.238648 -0.207449
1.10619 -0.248592 -0.200237
1.15536 -0.257625 -0.181676
1.20449 -0.264773 -0.144468
1.25274 -0.271894 -0.146552
1.30172 -0.281135 -0.186458
1.35062 -0.289948 -0.178315
1.39241 -0.298636 -0.20497
1.43295 -0.307728 -0.220642
1.48034 -0.319915 -0.251722
1.52863 -0.332866 -0.262006
1.57397 -0.343876 -0.23821
1.61652 -0.353978 -0.233128
1.66113 -0.365703 -0.25701
1.70492 -0.374523 -0.198745
1.74901 -0.379831 -0.119826
1.79675 -0.388404 -0.177661
1.8419 -0.395377 -0.153238
1.89076 -0.405924 -0.21259
1.93644 -0.413399 -0.162196
1.98536 -0.420444 -0.143035
2.02631 -0.42598 -0.134363
2.07285 -0.430285 -0.0922461
2.12254 -0.433582 -0.0662431
2.16129 -0.437887 -0.110683
2.20851 -0.443044 -0.108766
2.25829 -0.447691 -0.0930716
2.30612 -0.451523 -0.0799669
2.35386 -0.45723 -0.118949
2.38993 -0.462294 -0.139484
2.43386 -0.46709 -0.108761
2.47966 -0.473541 -0.139942
2.5292 -0.480024 -0.130102
2.57487 -0.484858 -0.105465
2.61373 -0.490223 -0.137188
2.65981 -0.495792 -0.12028
2.69616 -0.501502 -0.155774
2.74398 -0.508482 -0.144977
2.79284 -0.515235 -0.137308
2.82916 -0.519952 -0.12916
2.87324 -0.526687 -0.151643
2.9214 -0.533381 -0.138084
2.96659 -0.540158 -0.148879
3.01371 -0.547052 -0.145279
3.06125 -0.557208 -0.210467
3.10777 -0.565782 -0.182256
3.14916 -0.573734 -0.189828
3.19743 -0.583881 -0.207151
3.23956 -0.593907 -0.233658
3.28652 -0.604801 -0.227957
3.32131 -0.613731 -0.251255
3.35354 -0.621698 -0.242348
3.40135 -0.631621 -0.204617
3.44091 -0.641084 -0.234852
3.46881 -0.647085 -0.211827
3.50114 -0.652121 -0.1545
3.54363 -0.661457 -0.216313
3.56481 -0.667561 -0.280624
3.5975 -0.676705 -0.272717
3.63116 -0.687132 -0.300414
3.67767 -0.700617 -0.282201
3.72319 -0.711786 -0.240619
3.77031 -0.724593 -0.265355
3.79958 -0.732139 -0.25237
3.83498 -0.741531 -0.259272
3.84978 -0.745091 -0.236125
3.8782 -0.751417 -0.219063
3.90664 -0.758674 -0.249791
3.93561 -0.767061 -0.281805
3.95771 -0.773127 -0.267852
3.98879 -0.780452 -0.231481
4.0266 -0.789605 -0.237507
4.05454 -0.796724 -0.249474
4.08484 -0.803558 -0.221797
4.10625 -0.807813 -0.196281
4.13762 -0.812729 -0.15545
4.17439 -0.818892 -0.166043
4.20505 -0.825045 -0.198044
4.21871 -0.827344 -0.166717
4.23202 -0.829007 -0.124304
4.26115 -0.831441 -0.0833694
4.29582 -0.835316 -0.111311
4.31371 -0.837451 -0.118798
4.34146 -0.841922 -0.15976
4.36063 -0.844776 -0.147691
4.37869 -0.848065 -0.180177
4.38903 -0.84958 -0.145539
4.40143 -0.85084 -0.101305
4.40933 -0.851878 -0.13054
4.41789 -0.853242 -0.158016
4.43411 -0.855924 -0.163837
4.44996 -0.858729 -0.175225
4.47369 -0.863053 -0.180216
4.49385 -0.866973 -0.192082
4.51189 -0.870636 -0.200317
4.52331 -0.872617 -0.171838
4.53624 -0.875182 -0.19571
4.55591 -0.879759 -0.228624
4.5701 -0.883036 -0.22698
4.58399 -0.88591 -0.204104
4.60179 -0.889026 -0.173219
4.60935 -0.890307 -0.167876
4.62211 -0.892362 -0.159719
4.63096 -0.893967 -0.179534
4.63786 -0.895031 -0.152846
4.64318 -0.895749 -0.134116
4.64678 -0.89617 -0.116424
4.65886 -0.897453 -0.105858
4.67419 -0.899792 -0.151359
4.70268 -0.904636 -0.16842
4.70413 -0.905011 -0.25337
4.71865 -0.909422 -0.29487
4.73619 -0.914396 -0.276346
4.75932 -0.921885 -0.313187
4.77683 -0.92818 -0.344986
4.79181 -0.933606 -0.347557
4.79839 -0.935699 -0.308235
4.80182 -0.936757 -0.29861
4.81827 -0.941803 -0.297773
4.82805 -0.945026 -0.318169
4.84007 -0.950058 -0.396645
4.85207 -0.954407 -0.347494
4.85932 -0.957298 -0.379462
4.878 -0.964959 -0.389229
4.88587 -0.968366 -0.408485
4.8882 -0.969306 -0.383562
4.89657 -0.972381 -0.352367
4.90391 -0.975523 -0.404459
4.91577 -0.980074 -0.366181
4.93637 -0.987789 -0.358446
4.96642 -0.998824 -0.351938
4.99295 -1.00846 -0.348323
5.0078 -1.01302 -0.297781
5.02407 -1.01749 -0.268383
5.03689 -1.02129 -0.28821
5.04227 -1.02314 -0.330015
5.04659 -1.02456 -0.319426
5.058 -1.0281 -0.30026
5.0674 -1.03084 -0.283597
5.0785 -1.03372 -0.253871
5.09466 -1.0376 -0.235873
5.10213 -1.03912 -0.201272
5.10511 -1.03978 -0.215113
5.10337 -1.0393 -0.265261
5.11602 -1.04282 -0.271141
5.13255 -1.04851 -0.331385
5.14147 -1.05187 -0.360691
5.14799 -1.05432 -0.358531
5.14673 -1.05387 -0.337522
5.16766 -1.06153 -0.350508
5.17642 -1.06518 -0.394967
5.18836 -1.07033 -0.407251
5.20253 -1.07671 -0.423429
True
0.243605
