-5.48664 0.932062 0.128906
-5.46029 0.934294 0.0844626
-5.41241 0.93931 0.104384
-5.36432 0.94272 0.0707868
-5.3146 0.947154 0.088943
-5.26795 0.950287 0.0670642
-5.21799 0.950686 0.00800264
-5.17713 0.952626 0.0474262
-5.12863 0.955172 0.0524426
-5.08544 0.95941 0.0978221
-5.03988 0.963201 0.0830112
-4.99405 0.968401 0.112996
-4.94484 0.974431 0.121936
-4.89627 0.980461 0.123506
-4.84686 0.987776 0.146959
-4.79759 0.992954 0.104719
-4.74844 1.00137 0.169672
-4.7092 1.00754 0.155812
-4.66603 1.01351 0.137343
-4.62249 1.01898 0.12519
-4.58241 1.02391 0.122201
-4.53504 1.03009 0.129832
-4.48734 1.03754 0.1549
-4.44024 1.04426 0.14181
-4.39085 1.05144 0.144242
-4.34112 1.05659 0.103251
-4.29136 1.06135 0.0953441
-4.24456 1.06703 0.120847
-4.20101 1.0723 0.12032
-4.15466 1.0756 0.0710077
-4.10494 1.07861 0.0605631
-4.05599 1.08322 0.0939567
-4.0096 1.08614 0.0627699
-3.9598 1.09059 0.0890991
-3.91963 1.09437 0.093962
-3.87208 1.09926 0.102376
-3.82254 1.10517 0.118714
-3.77302 1.11109 0.119021
-3.72583 1.11619 0.107588
-3.67637 1.12313 0.139462
-3.63082 1.12909 0.130177
-3.58487 1.13408 0.108095
-3.53537 1.13901 0.0992202
-3.48682 1.1445 0.112635
-3.4518 1.14636 0.0532491
-3.40204 1.14977 0.0682583
-3.35226 1.15433 0.091452
-3.30303 1.15965 0.107576
-3.25346 1.16514 0.110348
-3.20402 1.17253 0.14836
-3.1546 1.17932 0.136522
-3.1074 1.184 0.0989545
-3.06769 1.18771 0.0930838
-3.02031 1.18982 0.0445164
-2.97088 1.19174 0.0387058
-2.92122 1.19471 0.0597795
-2.87151 1.19741 0.0543115
-2.82254 1.19943 0.0412786
-2.7792 1.20335 0.0900804
-2.73693 1.20663 0.0774965
-2.68996 1.20938 0.058497
-2.64011 1.21333 0.079096
-2.59162 1.21734 0.0823872
-2.54432 1.22207 0.0998166
-2.49988 1.22716 0.114072
-2.45049 1.234 0.137553
-2.40547 1.23955 0.122542
-2.35609 1.24726 0.155011
-2.30664 1.25398 0.135028
-2.25766 1.26137 0.149694
-2.21359 1.26678 0.122284
-2.16481 1.27496 0.166069
-2.11609 1.28227 0.148949
-2.06718 1.29071 0.170923
-2.01808 1.29728 0.132958
-1.97125 1.30392 0.140743
-1.92209 1.30908 0.104741
-1.8735 1.31438 0.108672
-1.83248 1.31848 0.0994218
-1.7843 1.32347 0.103329
-1.73463 1.32861 0.10308
-1.69484 1.33086 0.056493
-1.6504 1.33526 0.0987404
-1.60813 1.33758 0.0546605
-1.56302 1.34104 0.0765624
-1.51426 1.34322 0.0448467
-1.4699 1.34738 0.0933949
-1.42474 1.35119 0.0841186
-1.37536 1.35812 0.139564
-1.32813 1.36315 0.106072
-1.28154 1.36748 0.0925304
-1.23886 1.371 0.0823039
-1.19069 1.37464 0.0755007
-1.1439 1.37722 0.0550637
-1.09416 1.37811 0.017858
-1.05547 1.37905 0.0244446
-1.01914 1.38129 0.0613991
-0.969173 1.38306 0.0355288
-0.919223 1.38396 0.0180257
-0.873695 1.38536 0.0305702
-0.824539 1.3877 0.0476515
-0.7751 1.3903 0.0524289
-0.735015 1.39183 0.038275
-0.68747 1.39424 0.0506552
-0.653094 1.39634 0.0609329
-0.603273 1.40038 0.0808648
-0.555802 1.40362 0.0681684
-0.514724 1.40809 0.108485
-0.465066 1.41266 0.0916821
-0.415237 1.41593 0.0655199
-0.366953 1.42034 0.0912234
-0.318601 1.42539 0.104021
-0.286868 1.42914 0.117542
-0.237211 1.43438 0.105164
-0.191176 1.43861 0.0916825
-0.157937 1.4415 0.0867874
-0.112562 1.44451 0.066208
-0.0734035 1.44857 0.103218
-0.0235406 1.45226 0.0738874
0.0235907 1.4544 0.0452936
0.0724366 1.45656 0.0443502
0.122215 1.46066 0.0821755
0.171959 1.46568 0.100599
0.207687 1.46873 0.0851796
0.249592 1.47346 0.112392
0.2869 1.47616 0.0721058
0.3301 1.47736 0.0277549
0.380039 1.47929 0.0386755
0.427521 1.48491 0.117754
0.47591 1.48991 0.102943
0.506386 1.49383 0.128066
0.555967 1.49965 0.116753
0.605469 1.50552 0.118141
0.654692 1.51427 0.175899
0.704353 1.52005 0.115936
0.752481 1.52596 0.121996
0.801832 1.53195 0.120865
0.849285 1.53768 0.120115
0.898522 1.54631 0.173586
0.947978 1.55322 0.138882
0.997626 1.55913 0.118382
1.03524 1.56402 0.129194
1.08315 1.5738 0.201494
1.13095 1.58097 0.148961
1.17626 1.58832 0.160722
1.22272 1.59488 0.140324
1.26127 1.60323 0.213204
1.30632 1.60884 0.123989
1.35579 1.61553 0.134388
1.40516 1.62281 0.146349
1.44895 1.62882 0.136365
1.49861 1.63447 0.113377
1.53883 1.63827 0.0940808
1.57815 1.64163 0.0852415
1.6205 1.64422 0.0612081
1.66874 1.6464 0.0451914
1.71595 1.64907 0.0564321
1.76142 1.65441 0.116808
1.80975 1.65908 0.0964295
1.84997 1.66369 0.114194
1.89908 1.67115 0.15065
1.94482 1.6785 0.159276
1.9851 1.68668 0.200402
2.034 1.69708 0.209606
2.08284 1.70433 0.147286
2.13234 1.71132 0.140293
2.18135 1.71822 0.139817
2.22851 1.72574 0.158221
2.27618 1.73391 0.169692
2.31839 1.74054 0.155744
2.36783 1.74791 0.148064
2.41414 1.75463 0.144156
2.46336 1.76032 0.115061
2.50369 1.76805 0.18928
2.54397 1.77799 0.24205
2.59278 1.78865 0.214946
2.64117 1.80088 0.247638
2.6895 1.81326 0.250658
2.73279 1.82485 0.261585
2.78112 1.83761 0.258175
2.82901 1.85138 0.2801
2.87287 1.86199 0.237316
2.9191 1.87348 0.243453
2.9684 1.88182 0.167708
3.01166 1.89014 0.19003
3.0594 1.8987 0.177388
3.10518 1.9083 0.206634
3.15464 1.91539 0.142363
3.1886 1.92118 0.168942
3.23343 1.92925 0.178036
3.28259 1.93812 0.178521
3.33 1.9478 0.201477
3.36399 1.95458 0.196809
3.41157 1.96403 0.196184
3.45625 1.97286 0.195077
3.49 1.97835 0.161251
3.53354 1.9869 0.193841
3.58077 1.99589 0.188147
3.60895 2.00203 0.214348
3.6544 2.01481 0.274116
3.69143 2.02544 0.279697
3.7151 2.03216 0.276419
3.74381 2.04061 0.286201
3.7543 2.04436 0.343729
3.76372 2.04688 0.261507
3.78138 2.0514 0.25045
3.79269 2.05413 0.236918
3.80056 2.05591 0.221783
3.80966 2.05753 0.176027
3.82904 2.0609 0.17239
3.83572 2.06205 0.170409
3.85274 2.06527 0.186782
3.87861 2.06878 0.135074
3.9231 2.07669 0.175994
3.95291 2.08312 0.21246
3.98835 2.08959 0.180608
4.00029 2.09155 0.162239
4.00931 2.09324 0.185382
4.02052 2.09537 0.187866
4.02503 2.09608 0.155023
4.04438 2.09874 0.136623
4.05785 2.10065 0.141253
4.07402 2.10317 0.154587
4.1087 2.10841 0.149965
4.14121 2.11471 0.191401
4.18334 2.12353 0.206362
4.20773 2.1306 0.282112
4.23515 2.13803 0.264705
4.26968 2.14603 0.227603
4.28394 2.14854 0.174488
4.30933 2.1534 0.18905
4.32919 2.15691 0.174707
4.35777 2.16248 0.192751
4.37659 2.16659 0.21483
4.39004 2.16975 0.230467
4.39775 2.17131 0.199784
4.40429 2.17299 0.251736
4.42187 2.17712 0.230476
4.43523 2.18078 0.267817
4.44754 2.18456 0.297879
4.46965 2.19142 0.300802
4.48938 2.19767 0.306856
4.5237 2.20931 0.326945
4.55018 2.21747 0.298779
4.5846 2.22826 0.303882
4.61875 2.2391 0.307466
4.64327 2.24741 0.32675
4.66111 2.25331 0.319283
4.68221 2.25878 0.253635
4.69246 2.26202 0.306122
4.69443 2.26255 0.26211
4.70771 2.26587 0.244923
4.71777 2.26796 0.204505
4.7351 2.27203 0.230957
4.75619 2.27804 0.277571
4.78745 2.28783 0.303696
4.8196 2.2981 0.308934
4.85901 2.30948 0.281184
4.89087 2.31818 0.266537
4.914 2.324 0.246463
4.93671 2.32944 0.235074
4.95669 2.33439 0.242968
4.97684 2.3398 0.262268
4.98701 2.34276 0.28339
4.99659 2.34573 0.301034
5.01063 2.34998 0.293738
5.02161 2.35301 0.269
5.03081 2.3555 0.264843
5.0332 2.35614 0.261259
5.04446 2.35906 0.253843
5.04911 2.36042 0.283931
5.06468 2.36518 0.296644
5.07761 2.36892 0.281461
5.09243 2.37335 0.290805
5.10838 2.37821 0.29576
5.11375 2.3798 0.287701
5.13238 2.38476 0.260341
5.13632 2.38564 0.219157
5.15952 2.39073 0.215761
5.17347 2.39349 0.195327
5.17833 2.39434 0.173068
5.19671 2.39734 0.162022
5.20997 2.39951 0.161839
True
0.0658274
