-5.47676 0.801214 -0.192076
-5.43702 0.796037 -0.129514
-5.38737 0.790449 -0.112105
-5.33766 0.785136 -0.106452
-5.29858 0.783066 -0.0529197
-5.24903 0.778169 -0.0985026
-5.20534 0.775457 -0.0620006
-5.15867 0.77101 -0.0950083
-5.11055 0.767603 -0.0706915
-5.06334 0.763901 -0.0782326
-5.01366 0.758732 -0.103678
-4.97193 0.756635 -0.0502091
-4.9272 0.754054 -0.057648
-4.88662 0.751455 -0.0639388
-4.83766 0.748193 -0.0665457
-4.79035 0.744143 -0.0854014
-4.74063 0.739003 -0.102997
-4.69145 0.734292 -0.0954937
-4.64377 0.727965 -0.131939
-4.59497 0.720128 -0.159252
-4.54942 0.711723 -0.182429
-4.50693 0.702963 -0.20335
-4.47182 0.695623 -0.206101
-4.42259 0.686984 -0.173693
-4.37746 0.678729 -0.180921
-4.33207 0.671621 -0.15533
-4.28645 0.664928 -0.145695
-4.23778 0.659971 -0.101478
-4.18933 0.652844 -0.146075
-4.14122 0.646032 -0.140631
-4.09299 0.639299 -0.138724
-4.04929 0.633473 -0.132522
-4.00349 0.62709 -0.138495
-3.95501 0.621363 -0.117584
-3.90569 0.615061 -0.127081
-3.85616 0.608862 -0.124507
-3.80901 0.602711 -0.129721
-3.75975 0.597589 -0.103603
-3.71012 0.59157 -0.120685
-3.6655 0.584831 -0.149938
-3.61704 0.575348 -0.193235
-3.56803 0.566947 -0.169755
-3.51911 0.559494 -0.151182
-3.47093 0.550491 -0.184742
-3.42164 0.543101 -0.148829
-3.3739 0.538969 -0.0863283
-3.32436 0.536345 -0.0529185
-3.28206 0.531626 -0.111098
-3.23296 0.525184 -0.130452
-3.18428 0.515733 -0.191783
-3.14381 0.509133 -0.161638
-3.09657 0.500965 -0.171225
-3.05154 0.494023 -0.15297
-3.00244 0.485552 -0.170826
-2.96557 0.480867 -0.126418
-2.92733 0.474325 -0.169391
-2.88589 0.468186 -0.14709
-2.8383 0.461189 -0.14597
-2.78873 0.45461 -0.131969
-2.74068 0.44688 -0.159497
-2.69091 0.442251 -0.0927442
-2.64671 0.437213 -0.113493
-2.60383 0.430625 -0.15246
-2.55831 0.422574 -0.175047
-2.50983 0.410579 -0.242556
-2.46519 0.402005 -0.18976
-2.41897 0.391335 -0.226869
-2.36999 0.383768 -0.153266
-2.32366 0.375068 -0.185657
-2.27478 0.365503 -0.193215
-2.22694 0.35781 -0.159429
-2.17765 0.349648 -0.164128
-2.13249 0.341506 -0.178374
-2.08452 0.331818 -0.1993
-2.03694 0.321598 -0.211577
-2.00192 0.313215 -0.234914
-1.95881 0.302401 -0.245774
-1.91068 0.288828 -0.274899
-1.86614 0.273118 -0.33904
-1.81876 0.257157 -0.324936
-1.77843 0.245536 -0.280582
-1.73035 0.231976 -0.274857
-1.69063 0.221997 -0.246172
-1.64877 0.212067 -0.23292
-1.60604 0.201688 -0.238248
-1.56457 0.191646 -0.237612
-1.51613 0.179911 -0.237655
-1.47007 0.167794 -0.257282
-1.42278 0.155018 -0.263822
-1.38046 0.143785 -0.25943
-1.33832 0.133586 -0.237487
-1.29263 0.122355 -0.241029
-1.25 0.110094 -0.280061
-1.20217 0.0969506 -0.26817
-1.15604 0.085381 -0.245743
-1.10974 0.0725851 -0.269634
-1.07059 0.0633859 -0.230782
-1.0325 0.0543518 -0.23288
-0.985389 0.043403 -0.228354
-0.938413 0.0327223 -0.223567
-0.890052 0.0203961 -0.249565
-0.843737 0.0105529 -0.20941
-0.800843 0.000616719 -0.227631
-0.755779 -0.00967902 -0.224615
-0.707206 -0.0214432 -0.237622
-0.658428 -0.0316873 -0.207002
-0.609639 -0.0418345 -0.20506
-0.560953 -0.0506533 -0.179194
-0.513519 -0.0577877 -0.149289
-0.472157 -0.0643181 -0.156587
-0.426722 -0.0718628 -0.164553
-0.379954 -0.079939 -0.171
-0.332106 -0.0900912 -0.209075
-0.2866 -0.101338 -0.24229
-0.238395 -0.11391 -0.255119
-0.191597 -0.126673 -0.266256
-0.143495 -0.137625 -0.223879
-0.0966189 -0.144337 -0.142213
-0.0492298 -0.150813 -0.135814
-0.000300036 -0.159997 -0.185533
0.0474882 -0.167468 -0.155083
0.0878195 -0.173995 -0.160458
0.131762 -0.179691 -0.128887
0.172172 -0.185837 -0.150933
0.221089 -0.194585 -0.176965
0.270212 -0.202778 -0.165268
0.318628 -0.21276 -0.203316
0.365049 -0.220217 -0.159284
0.410993 -0.228713 -0.182863
0.4596 -0.236815 -0.165157
0.497663 -0.244428 -0.197409
0.542786 -0.254698 -0.223785
0.591564 -0.265635 -0.220581
0.633262 -0.27426 -0.203973
0.672552 -0.283413 -0.22887
0.719232 -0.295803 -0.259438
0.766419 -0.306462 -0.222152
0.808061 -0.315693 -0.218158
0.855685 -0.32545 -0.202071
0.89568 -0.333136 -0.189876
0.944164 -0.343157 -0.20382
0.985343 -0.34985 -0.161126
1.02667 -0.3565 -0.159535
1.07572 -0.366064 -0.192565
1.12089 -0.374457 -0.183718
1.16503 -0.381449 -0.157095
1.21428 -0.389638 -0.164762
1.26409 -0.394026 -0.0878673
1.31386 -0.39861 -0.091852
1.36339 -0.404431 -0.116992
1.41021 -0.410305 -0.124792
1.45492 -0.41598 -0.126265
1.49797 -0.420263 -0.0991464
1.54462 -0.428056 -0.165525
1.58954 -0.434028 -0.132185
1.63721 -0.439948 -0.123532
1.68428 -0.444567 -0.0978336
1.72891 -0.449202 -0.103468
1.75586 -0.451638 -0.0901613
1.80535 -0.454812 -0.0640542
1.85498 -0.459351 -0.0911933
1.89796 -0.465393 -0.139663
1.93682 -0.469159 -0.0965884
1.98125 -0.476204 -0.1573
2.03056 -0.484328 -0.16329
2.07752 -0.493899 -0.201042
2.11778 -0.500378 -0.159556
2.16251 -0.508101 -0.170947
2.20668 -0.517165 -0.202436
2.25542 -0.527759 -0.214019
2.30452 -0.537164 -0.189234
2.3507 -0.546042 -0.189963
2.39993 -0.55465 -0.173091
2.44929 -0.56146 -0.1371
2.49653 -0.566295 -0.101999
2.5461 -0.571831 -0.111232
2.5882 -0.577753 -0.139738
2.63704 -0.587599 -0.198907
2.68358 -0.594082 -0.138435
2.73146 -0.601717 -0.158105
2.77816 -0.606125 -0.0941138
2.82793 -0.610902 -0.095692
2.87445 -0.616906 -0.128341
2.92022 -0.622305 -0.117424
2.95725 -0.626091 -0.101874
3.00683 -0.631922 -0.117089
3.04468 -0.636409 -0.117975
3.09448 -0.640925 -0.09045
3.1439 -0.648237 -0.146889
3.18393 -0.654824 -0.163103
3.22325 -0.66228 -0.187381
3.25388 -0.66825 -0.192494
3.29904 -0.6777 -0.206284
3.33818 -0.686493 -0.220993
3.38281 -0.697546 -0.242719
3.42269 -0.708214 -0.261392
3.46932 -0.719396 -0.235386
3.49269 -0.724326 -0.207901
3.52388 -0.730231 -0.187125
3.56933 -0.738379 -0.177383
3.61227 -0.743569 -0.120305
3.65964 -0.750163 -0.138281
3.68496 -0.753502 -0.131162
3.72075 -0.75785 -0.120887
3.7688 -0.762481 -0.0960773
3.79195 -0.764956 -0.106467
3.83783 -0.77152 -0.142137
3.87355 -0.776638 -0.142267
3.91222 -0.782601 -0.153045
3.94349 -0.787784 -0.164207
3.98403 -0.793173 -0.13217
4.02681 -0.798209 -0.117178
4.06776 -0.803804 -0.135773
4.10882 -0.806665 -0.0695767
4.14994 -0.808687 -0.0491387
4.1853 -0.808628 0.00166404
4.22081 -0.808222 0.0114426
4.26751 -0.808136 0.00183557
4.31456 -0.807563 0.0121841
4.3492 -0.806759 0.0232127
4.388 -0.807261 -0.0129426
4.41935 -0.807863 -0.0192149
4.45104 -0.809317 -0.0458274
4.48077 -0.811657 -0.0785588
4.48485 -0.812072 -0.101249
4.48557 -0.812149 -0.10802
4.50019 -0.813271 -0.0765489
4.53159 -0.816933 -0.116094
4.54532 -0.819 -0.149521
4.55271 -0.820229 -0.164633
4.57052 -0.822941 -0.15118
4.58713 -0.825701 -0.164563
4.61851 -0.831098 -0.17033
4.6592 -0.840505 -0.227188
4.69122 -0.848162 -0.234775
4.72946 -0.85626 -0.208653
4.76061 -0.86297 -0.212206
4.79812 -0.87119 -0.215695
4.83245 -0.88004 -0.252352
4.85921 -0.887294 -0.264668
4.87418 -0.891258 -0.258799
4.8925 -0.896023 -0.254562
4.90981 -0.901025 -0.281225
4.92328 -0.905064 -0.291291
4.9421 -0.910807 -0.296186
4.96758 -0.918236 -0.283713
4.98752 -0.923182 -0.243197
5.00144 -0.926371 -0.225209
5.01519 -0.930322 -0.279783
5.03204 -0.934847 -0.262344
5.03919 -0.936341 -0.20596
5.04794 -0.938082 -0.196258
5.0448 -0.937433 -0.203181
5.05148 -0.938795 -0.201038
5.06242 -0.940897 -0.189821
5.07107 -0.942936 -0.231561
5.08822 -0.947132 -0.239867
5.11108 -0.952546 -0.232603
5.12631 -0.956664 -0.264092
5.13462 -0.95948 -0.326489
5.14266 -0.962495 -0.358709
5.15576 -0.966844 -0.320572
5.16003 -0.968321 -0.333318
5.17573 -0.973509 -0.319184
5.17928 -0.974625 -0.304469
5.18222 -0.975354 -0.242669
5.19193 -0.97768 -0.235133
5.19265 -0.977821 -0.19435
5.20548 -0.980372 -0.196267
True
0.0688622
