-5.47385 -0.0888452 -0.0485355
-5.45032 -0.0907229 -0.0796384
-5.40542 -0.0951525 -0.0983359
-5.36151 -0.0982973 -0.071498
-5.31167 -0.102078 -0.0757198
-5.27239 -0.103426 -0.0342931
-5.22531 -0.104411 -0.0209267
-5.19882 -0.105568 -0.0436428
-5.15045 -0.107498 -0.039886
-5.106 -0.108613 -0.0250692
-5.05999 -0.111736 -0.0677749
-5.01197 -0.114069 -0.048547
-4.96219 -0.116464 -0.0480879
-4.9192 -0.117704 -0.0288199
-4.86983 -0.11907 -0.0276628
-4.82459 -0.120374 -0.0288301
-4.77757 -0.12021 0.00350454
-4.7353 -0.120047 0.00385505
-4.68706 -0.117292 0.0570427
-4.63949 -0.115799 0.0313767
-4.59228 -0.114537 0.0267277
-4.54282 -0.114937 -0.0081021
-4.49733 -0.117711 -0.0608922
-4.44804 -0.119745 -0.0412464
-4.40054 -0.124107 -0.0915708
-4.35536 -0.128382 -0.0943398
-4.30687 -0.134224 -0.119895
-4.2696 -0.138444 -0.112756
-4.22045 -0.143765 -0.107834
-4.17341 -0.149867 -0.129001
-4.12564 -0.154774 -0.10235
-4.08016 -0.15966 -0.10703
-4.03138 -0.164487 -0.0986269
-3.98313 -0.168123 -0.0752199
-3.93366 -0.173221 -0.102688
-3.88413 -0.177852 -0.0932293
-3.83443 -0.182259 -0.0884349
-3.78512 -0.190392 -0.163493
-3.7422 -0.196235 -0.13529
-3.69615 -0.199782 -0.0768751
-3.64849 -0.20107 -0.0270212
-3.61194 -0.200808 0.00715793
-3.56558 -0.200317 0.0105944
-3.52102 -0.201888 -0.0352364
-3.47218 -0.201016 0.0178429
-3.43008 -0.201275 -0.00614786
-3.38609 -0.20144 -0.00375075
-3.33856 -0.199552 0.0396952
-3.289 -0.199434 0.00238018
-3.23972 -0.198125 0.0265649
-3.19932 -0.196585 0.0381103
-3.15006 -0.196151 0.00879511
-3.10565 -0.198122 -0.0443468
-3.0591 -0.199849 -0.0370799
-3.01076 -0.204631 -0.0986068
-2.96305 -0.210264 -0.117516
-2.91667 -0.214903 -0.0997032
-2.86694 -0.219925 -0.100637
-2.81757 -0.225717 -0.116777
-2.77267 -0.231597 -0.130222
-2.72892 -0.236765 -0.117604
-2.69419 -0.241736 -0.142125
-2.65825 -0.247085 -0.147751
-2.61701 -0.252767 -0.136928
-2.57458 -0.259918 -0.166984
-2.53092 -0.265806 -0.134026
-2.4953 -0.270701 -0.136573
-2.44706 -0.276574 -0.121136
-2.39822 -0.283386 -0.13858
-2.35906 -0.287489 -0.104397
-2.30979 -0.295214 -0.155541
-2.26176 -0.302282 -0.146098
-2.21466 -0.307932 -0.11939
-2.17208 -0.311631 -0.0866498
-2.12246 -0.313831 -0.044309
-2.07273 -0.314298 -0.00940292
-2.02554 -0.314783 -0.0102732
-1.97645 -0.320016 -0.106198
-1.93624 -0.322156 -0.0531677
-1.88738 -0.325689 -0.072196
-1.85009 -0.328414 -0.0729349
-1.80054 -0.333725 -0.106789
-1.75361 -0.338185 -0.0947432
-1.70492 -0.343962 -0.118085
-1.65772 -0.349591 -0.118703
-1.61115 -0.355891 -0.134451
-1.56624 -0.360865 -0.110313
-1.51743 -0.366452 -0.113971
-1.47325 -0.372767 -0.141972
-1.42612 -0.377934 -0.109198
-1.38334 -0.381585 -0.0851352
-1.34373 -0.385144 -0.0895991
-1.30384 -0.388473 -0.08327
-1.25604 -0.39427 -0.120696
-1.21028 -0.400952 -0.144984
-1.1609 -0.406071 -0.103307
-1.11625 -0.409265 -0.0714058
-1.07028 -0.409706 -0.00959845
-1.02034 -0.408704 0.0200655
-0.97138 -0.407308 0.0285008
-0.924856 -0.404854 0.052701
-0.87515 -0.40045 0.0883687
-0.825427 -0.398989 0.0293888
-0.77793 -0.396779 0.0464882
-0.730064 -0.395616 0.024281
-0.688602 -0.393789 0.0440525
-0.6397 -0.391835 0.0399275
-0.596341 -0.390138 0.0391192
-0.546523 -0.391225 -0.0218214
-0.505458 -0.392845 -0.0394159
-0.46273 -0.394762 -0.0448358
-0.413829 -0.399026 -0.0869736
-0.369097 -0.402509 -0.0777152
-0.320531 -0.40738 -0.0999499
-0.270975 -0.41251 -0.103157
-0.227782 -0.415122 -0.0604065
-0.183776 -0.419167 -0.091652
-0.134684 -0.421276 -0.0429442
-0.0866257 -0.42452 -0.067387
-0.0386014 -0.429966 -0.11293
0.00302296 -0.435869 -0.140879
0.0517145 -0.441791 -0.121029
0.0996472 -0.44895 -0.148244
0.146506 -0.455779 -0.144724
0.188466 -0.460121 -0.103108
0.235647 -0.463979 -0.0815994
0.278141 -0.468084 -0.0962923
0.32274 -0.471877 -0.0848508
0.372655 -0.474309 -0.0486838
0.412925 -0.476123 -0.045016
0.454279 -0.478196 -0.0500924
0.49878 -0.479934 -0.039021
0.547537 -0.481375 -0.0295503
0.597503 -0.48296 -0.0317176
0.63522 -0.485807 -0.0753284
0.677934 -0.485966 -0.00372624
0.723094 -0.484937 0.0227884
0.760131 -0.48484 0.00261914
0.805647 -0.484096 0.0163335
0.854377 -0.485291 -0.0245113
0.904315 -0.487472 -0.0436545
0.949012 -0.488348 -0.0195802
0.99817 -0.48843 -0.00168473
1.04807 -0.489563 -0.0226927
1.0926 -0.489922 -0.0080728
1.14237 -0.492705 -0.0558449
1.19194 -0.499218 -0.130653
1.22883 -0.503563 -0.11726
1.27509 -0.508306 -0.102167
1.32486 -0.512511 -0.0842928
1.3744 -0.516485 -0.0800294
1.42192 -0.520433 -0.0828976
1.4712 -0.521738 -0.0264765
1.51591 -0.523373 -0.0365555
1.56237 -0.525191 -0.039104
1.61234 -0.526655 -0.0292895
1.66099 -0.529972 -0.0680845
1.71033 -0.535245 -0.106471
1.75968 -0.543284 -0.16148
1.80174 -0.549161 -0.138823
1.84319 -0.554816 -0.135583
1.88516 -0.560357 -0.131271
1.93445 -0.567325 -0.140442
1.96695 -0.57134 -0.122921
2.01346 -0.576271 -0.105618
2.06318 -0.580953 -0.0938972
2.10647 -0.584736 -0.0871433
2.15609 -0.58804 -0.0664955
2.20607 -0.589249 -0.0241869
2.25066 -0.59091 -0.0372337
2.3006 -0.592682 -0.0354639
2.34189 -0.592533 0.00359695
2.39177 -0.590954 0.0316429
2.44177 -0.591149 -0.0039044
2.49174 -0.592957 -0.0361602
2.53157 -0.593102 -0.00362952
2.58092 -0.596203 -0.0627538
2.62677 -0.600593 -0.0954529
2.67567 -0.605016 -0.0902147
2.7177 -0.606551 -0.0365195
2.76589 -0.606281 0.0056205
2.80605 -0.605731 0.0136812
2.85579 -0.60607 -0.00680525
2.90565 -0.607516 -0.0290021
2.95107 -0.611271 -0.0824824
2.99879 -0.615909 -0.0968855
3.04625 -0.619315 -0.071648
3.09018 -0.622148 -0.0644135
3.13266 -0.624264 -0.0497662
3.17772 -0.626987 -0.0603481
3.22714 -0.631742 -0.0959216
3.27083 -0.634974 -0.0738379
3.31005 -0.638166 -0.0812217
3.35953 -0.641197 -0.0611593
3.40074 -0.644199 -0.0727183
3.44916 -0.646931 -0.0563711
3.49671 -0.648892 -0.0412264
3.52899 -0.650102 -0.03745
3.57146 -0.650513 -0.00967728
3.61866 -0.653525 -0.0637371
3.6564 -0.656842 -0.087641
3.70196 -0.659599 -0.060438
3.74265 -0.662577 -0.0730792
3.77566 -0.663939 -0.0412291
3.81573 -0.66683 -0.0720257
3.84221 -0.668268 -0.0542733
3.87055 -0.669241 -0.0342923
3.91194 -0.67022 -0.0236471
3.93854 -0.671203 -0.0369649
3.97282 -0.673237 -0.0592533
4.00474 -0.674813 -0.0493208
4.03493 -0.675824 -0.0334843
4.06282 -0.675429 0.0141648
4.10287 -0.672875 0.0636939
4.13588 -0.671158 0.051963
4.1653 -0.670678 0.0162916
4.20194 -0.671382 -0.0192072
4.23616 -0.67217 -0.0230204
4.26712 -0.672599 -0.0138422
4.30564 -0.67158 0.0264391
4.33085 -0.670194 0.0549538
4.35549 -0.668132 0.0834521
4.3839 -0.665837 0.0806407
4.39888 -0.664546 0.085945
4.41194 -0.663518 0.078536
4.43569 -0.662199 0.0554928
4.46231 -0.661386 0.030528
4.50007 -0.660825 0.0148389
4.52641 -0.660737 0.00336722
4.55074 -0.661126 -0.0159885
4.57292 -0.662166 -0.0468811
4.59203 -0.663203 -0.054221
4.61252 -0.663941 -0.0359772
4.63292 -0.664633 -0.0339257
4.64288 -0.664773 -0.0140158
4.66533 -0.664324 0.0200003
4.67622 -0.663735 0.053987
4.6722 -0.664117 0.0947555
4.68676 -0.663247 0.0596834
4.70378 -0.661869 0.0808237
4.7089 -0.661496 0.0727415
4.71571 -0.660976 0.0761606
4.723 -0.660615 0.0494477
4.74758 -0.659393 0.0496594
4.76568 -0.658682 0.039286
4.80085 -0.65663 0.0582876
4.83179 -0.653159 0.111702
4.841 -0.651807 0.145836
4.84652 -0.650989 0.147019
4.8652 -0.648697 0.122112
4.88328 -0.646587 0.116118
4.90459 -0.644018 0.119971
4.92336 -0.640802 0.169724
4.93871 -0.638521 0.147505
4.96334 -0.635735 0.112681
4.97665 -0.634307 0.106861
4.99221 -0.632598 0.109344
5.00327 -0.631713 0.0799257
5.00978 -0.63112 0.0907617
5.01588 -0.630647 0.0773054
5.02324 -0.630204 0.0601414
5.03187 -0.62963 0.0664204
5.05018 -0.6293 0.0180209
5.05706 -0.62947 -0.0246485
5.06199 -0.629543 -0.0148789
5.06912 -0.629766 -0.0312983
5.08883 -0.630152 -0.0195512
5.0998 -0.629762 0.035561
5.11427 -0.629516 0.0169274
5.12783 -0.629064 0.033338
5.1432 -0.628794 0.0175701
5.15497 -0.628821 -0.0022723
5.16008 -0.628862 -0.00800961
5.18567 -0.629694 -0.0324992
5.20166 -0.630836 -0.0713687
5.22884 -0.632384 -0.0568633
5.24731 -0.633262 -0.0475079
5.26593 -0.634847 -0.0849208
True
0.273543
