4.47216 -0.00689671 -2.89876
4.42489 -0.0216353 -2.83933
4.40091 -0.0304028 -2.79113
4.37533 -0.0431244 -2.68009
4.34799 -0.0594384 -2.60347
4.31357 -0.0809344 -2.58338
4.28707 -0.100131 -2.51468
4.25491 -0.12306 -2.52223
4.22025 -0.154396 -2.40648
4.19122 -0.181738 -2.38619
4.16406 -0.209166 -2.35124
4.13704 -0.237205 -2.33772
4.11061 -0.267521 -2.28778
4.08482 -0.299943 -2.24281
4.05469 -0.339586 -2.22063
4.03585 -0.368084 -2.15507
4.02443 -0.385449 -2.15234
4.01236 -0.404215 -2.14242
3.99056 -0.440316 -2.11413
3.97538 -0.467191 -2.08482
3.95966 -0.495961 -2.07082
3.94664 -0.521424 -2.04352
3.92537 -0.565332 -2.02187
3.90516 -0.610988 -1.98769
3.88596 -0.655291 -1.97966
3.87013 -0.693573 -1.96289
3.85272 -0.733446 -1.98248
3.83083 -0.778394 -2.02399
3.81077 -0.823726 -1.98741
3.79162 -0.868494 -1.97509
3.77467 -0.909143 -1.96585
3.75625 -0.950643 -1.98841
3.74109 -0.987556 -1.96046
3.72125 -1.03203 -1.99054
3.70133 -1.07764 -1.98247
3.67961 -1.12267 -2.02025
3.65929 -1.16792 -1.99291
3.63994 -1.21399 -1.96841
3.61866 -1.2585 -2.01676
3.59908 -1.30147 -1.99838
3.57958 -1.34748 -1.97162
3.55964 -1.38727 -2.03538
3.54024 -1.42669 -2.02803
3.52342 -1.46722 -1.96427
3.51266 -1.49124 -1.99168
3.49414 -1.53491 -1.97203
3.4766 -1.57028 -2.03106
3.45698 -1.61609 -1.97552
3.43721 -1.65456 -2.04551
3.41513 -1.69881 -2.03367
3.39911 -1.73034 -2.04077
3.38221 -1.76056 -2.08069
3.365 -1.79357 -2.05148
3.34484 -1.83163 -2.05789
3.3253 -1.86647 -2.082
3.31242 -1.88798 -2.11013
3.29052 -1.92294 -2.13031
3.2701 -1.95559 -2.12994
3.24446 -1.99577 -2.13877
3.22001 -2.03465 -2.13208
3.19644 -2.07321 -2.11946
3.16829 -2.11442 -2.17007
3.14805 -2.14579 -2.14374
3.12093 -2.1873 -2.14956
3.09671 -2.22277 -2.16992
3.0698 -2.26292 -2.16128
3.03917 -2.30235 -2.23129
3.00961 -2.34065 -2.22811
2.98 -2.37834 -2.23659
2.95209 -2.411 -2.27807
2.93602 -2.431 -2.24745
2.90617 -2.46762 -2.25465
2.87418 -2.50555 -2.2716
2.84253 -2.54367 -2.26364
2.81942 -2.573 -2.23819
2.7903 -2.60572 -2.29802
2.7561 -2.64219 -2.3241
2.73024 -2.6666 -2.38502
2.69358 -2.70059 -2.39399
2.6679 -2.72448 -2.39228
2.63702 -2.7553 -2.35719
2.60278 -2.78764 -2.38467
2.56502 -2.82038 -2.42733
2.52892 -2.85378 -2.3949
2.50006 -2.87883 -2.42688
2.46344 -2.91285 -2.39296
2.43451 -2.93872 -2.41179
2.40457 -2.96822 -2.36381
2.36823 -3.00225 -2.38906
2.34289 -3.02665 -2.37492
2.3066 -3.05911 -2.41186
2.27455 -3.08597 -2.44404
2.2372 -3.11916 -2.41509
2.19872 -3.15058 -2.45691
2.16054 -3.18276 -2.44132
2.13093 -3.20495 -2.49827
2.09136 -3.23204 -2.54134
2.05965 -3.25329 -2.55121
2.02005 -3.2827 -2.50278
1.9891 -3.30291 -2.56305
1.94865 -3.33116 -2.53195
1.90957 -3.35697 -2.55791
1.87472 -3.37982 -2.56126
1.83283 -3.4071 -2.56453
1.79507 -3.43136 -2.57037
1.75816 -3.45276 -2.61613
1.73087 -3.46914 -2.60116
1.68855 -3.49279 -2.63195
1.65063 -3.51289 -2.65409
1.60623 -3.53588 -2.66386
1.56119 -3.55758 -2.69268
1.51636 -3.57974 -2.68245
1.47082 -3.60037 -2.71618
1.4349 -3.61657 -2.71804
1.38991 -3.63777 -2.70121
1.34877 -3.65755 -2.69351
1.31453 -3.67426 -2.68736
1.28435 -3.68756 -2.72678
1.23901 -3.70864 -2.70635
1.19308 -3.72839 -2.7355
1.15533 -3.74323 -2.76704
1.10859 -3.75878 -2.82029
1.06137 -3.77346 -2.84022
1.01461 -3.78847 -2.83095
0.981619 -3.79804 -2.85936
0.93998 -3.8105 -2.85087
0.897034 -3.82078 -2.90669
0.852003 -3.82836 -2.97465
0.823928 -3.83219 -3.00617
0.784776 -3.83662 -3.02897
0.736083 -3.84406 -2.99
0.686487 -3.84988 -3.02468
0.64862 -3.85478 -3.01293
0.602854 -3.86147 -2.9965
0.560879 -3.86601 -3.0337
0.513905 -3.87136 -3.02829
0.464682 -3.87469 -3.07404
0.414693 -3.87573 -3.12078
0.364701 -3.87544 -3.14732
0.331037 -3.87586 3.15399
0.282337 -3.87808 -3.09616
0.238937 -3.88096 -3.07519
0.189611 -3.88268 -3.1068
0.140137 -3.88222 -3.15091
0.090262 -3.88205 3.13814
0.0403839 -3.88054 3.11144
-0.00439711 -3.87876 3.10186
-0.0542657 -3.8762 3.09029
-0.104177 -3.87356 3.08881
-0.153694 -3.87139 3.09769
-0.194194 -3.86944 3.09347
-0.238959 -3.8662 3.06943
-0.286879 -3.86325 3.08017
-0.336105 -3.8609 3.0938
-0.38497 -3.85905 3.10365
-0.433975 -3.85419 3.04281
-0.478877 -3.84985 3.0453
-0.527416 -3.84589 3.06007
-0.576696 -3.8375 2.97304
-0.617283 -3.83017 2.96284
-0.666374 -3.82072 2.9515
-0.715336 -3.81087 2.94299
-0.762094 -3.8021 2.95621
-0.810874 -3.79118 2.92143
-0.854754 -3.78049 2.90267
-0.896189 -3.77076 2.91082
-0.943009 -3.7605 2.92595
-0.987154 -3.75008 2.90972
-1.03569 -3.73897 2.91662
-1.07697 -3.73068 2.94332
-1.12264 -3.71908 2.89283
-1.17093 -3.70629 2.88278
-1.21822 -3.69189 2.84592
-1.265 -3.67711 2.83574
-1.31259 -3.6618 2.83011
-1.35944 -3.64509 2.79909
-1.40721 -3.6306 2.84719
-1.44532 -3.61667 2.7911
-1.49107 -3.59859 2.76515
-1.53561 -3.58077 2.76095
-1.58105 -3.5619 2.74815
-1.62704 -3.54231 2.73886
-1.67358 -3.52474 2.78059
-1.71628 -3.50607 2.72948
-1.75866 -3.4875 2.72857
-1.80237 -3.46784 2.71883
-1.84821 -3.44959 2.76279
-1.89365 -3.43018 2.73782
-1.92817 -3.41492 2.72537
-1.97298 -3.39287 2.6844
-2.01513 -3.37022 2.64851
-2.06058 -3.34957 2.71504
-2.10491 -3.3294 2.7146
-2.14759 -3.30737 2.66506
-2.17953 -3.28977 2.63791
-2.22106 -3.26896 2.67709
-2.26571 -3.24646 2.67485
-2.31014 -3.22391 2.672
-2.35183 -3.20432 2.70232
-2.39594 -3.1825 2.68221
-2.44109 -3.16151 2.7064
-2.47481 -3.14532 2.69411
-2.51775 -3.12084 2.62338
-2.55144 -3.10172 2.6254
-2.59492 -3.07737 2.63104
-2.63917 -3.05562 2.68475
-2.67218 -3.03989 2.69685
-2.70853 -3.02149 2.67315
-2.73076 -3.01011 2.66841
-2.76491 -2.99466 2.71654
-2.78462 -2.98511 2.69041
-2.81068 -2.97059 2.63347
-2.84373 -2.95224 2.63468
-2.87939 -2.93206 2.62648
-2.91083 -2.91527 2.65137
-2.94994 -2.89598 2.68332
-2.99365 -2.87388 2.67339
-3.02048 -2.85832 2.61612
-3.04323 -2.84414 2.58423
-3.06868 -2.82864 2.59473
-3.10009 -2.80944 2.59272
-3.12937 -2.79022 2.56067
-3.13929 -2.7837 2.5605
-3.15107 -2.77602 2.56383
-3.14555 -2.77951 2.57816
-3.16804 -2.76576 2.59273
-3.16935 -2.76488 2.55589
-3.18834 -2.75279 2.57438
-3.20559 -2.74208 2.58594
-3.21965 -2.73392 2.61597
-3.22419 -2.73164 2.67633
-3.22919 -2.72928 2.70049
-3.24311 -2.72301 2.71827
-3.24748 -2.72127 2.76182
-3.26421 -2.71443 2.75344
-3.27052 -2.71131 2.68355
-3.28878 -2.70345 2.73484
-3.30137 -2.69752 2.70167
-3.30828 -2.69444 2.72189
-3.33145 -2.68319 2.6897
-3.35468 -2.67177 2.68445
-3.38317 -2.65807 2.69348
-3.39219 -2.65378 2.69783
-3.42058 -2.63919 2.66697
-3.44373 -2.62755 2.67545
-3.45056 -2.62428 2.69603
-3.46861 -2.61734 2.7743
-3.47411 -2.61527 2.78161
-3.49038 -2.60947 2.79886
-3.504 -2.60484 2.81442
-3.52343 -2.59763 2.78611
-3.54579 -2.58816 2.74098
-3.56729 -2.57861 2.72377
-3.58401 -2.57098 2.71337
-3.59066 -2.56784 2.70011
-3.60515 -2.56047 2.6712
-3.6171 -2.554 2.64547
-3.63069 -2.54668 2.64738
-3.65003 -2.5356 2.62131
-3.66865 -2.52599 2.66502
-3.67108 -2.52485 2.70276
-3.68998 -2.51564 2.68839
-3.71132 -2.50477 2.67044
-3.73074 -2.49457 2.65782
-3.7355 -2.49213 2.66825
-3.73936 -2.49018 2.67439
-3.74931 -2.48513 2.6713
-3.75393 -2.48267 2.65197
-3.76092 -2.47882 2.63929
-3.77589 -2.47069 2.64373
-3.79229 -2.46199 2.6542
-3.81304 -2.45111 2.65855
-3.83338 -2.44158 2.70351
-3.84173 -2.43836 2.7737
-3.86342 -2.4298 2.76567
-3.88613 -2.42079 2.7636
-3.89917 -2.41536 2.74688
-3.91667 -2.40905 2.79585
-3.93486 -2.40197 2.77013
-3.96261 -2.39064 2.75402
-3.98664 -2.38105 2.76213
-4.00254 -2.3743 2.73955
-4.01513 -2.36921 2.75795
-4.03162 -2.36205 2.73198
-4.0429 -2.35745 2.7539
-4.05242 -2.35316 2.71859
-4.06299 -2.34782 2.67396
-4.06927 -2.34436 2.63727
-4.08131 -2.33782 2.64408
-4.09411 -2.33075 2.63728
-4.11622 -2.31899 2.65282
-4.13475 -2.30903 2.64831
-4.15052 -2.29941 2.5939
-4.16605 -2.28942 2.56992
-4.17096 -2.28621 2.56147
-4.1783 -2.28178 2.599
-4.18325 -2.27916 2.6544
-4.18813 -2.27656 2.65314
-4.19596 -2.27215 2.6281
-4.1941 -2.27327 2.5992
-4.20111 -2.26885 2.57928
-4.20828 -2.26407 2.55374
-4.21757 -2.25723 2.50648
-4.2331 -2.24615 2.52203
-4.23914 -2.24106 2.44121
-4.24024 -2.24 2.37403
-4.24659 -2.23349 2.34472
-4.25165 -2.22769 2.28687
True
0.0648101
