-5.46884 -1.71279 0.16672
-5.42447 -1.70766 0.115005
-5.38736 -1.7028 0.130412
-5.34088 -1.69643 0.136247
-5.29467 -1.68865 0.166619
-5.24652 -1.67945 0.188934
-5.19964 -1.67135 0.170996
-5.15164 -1.66278 0.176634
-5.10232 -1.65485 0.159427
-5.05332 -1.6451 0.19644
-5.00527 -1.63425 0.222072
-4.96672 -1.62589 0.213615
-4.91989 -1.61316 0.265369
-4.87102 -1.60264 0.212166
-4.82231 -1.59145 0.225616
-4.77498 -1.57981 0.241177
-4.72825 -1.56736 0.260397
-4.68989 -1.55679 0.268996
-4.64299 -1.54357 0.274588
-4.59917 -1.53183 0.261877
-4.55722 -1.52083 0.256513
-4.50971 -1.50777 0.268176
-4.46147 -1.4949 0.260818
-4.41298 -1.48326 0.235538
-4.36444 -1.47145 0.238682
-4.31873 -1.46092 0.226482
-4.27972 -1.45439 0.165703
-4.23051 -1.44557 0.177425
-4.1816 -1.43828 0.147837
-4.13188 -1.43296 0.106698
-4.08251 -1.42783 0.103591
-4.03301 -1.42084 0.140289
-3.98347 -1.41447 0.127701
-3.93413 -1.40939 0.102619
-3.88944 -1.40519 0.0937617
-3.85088 -1.40259 0.0674139
-3.81323 -1.39909 0.0927008
-3.76331 -1.39616 0.0585077
-3.72952 -1.39589 0.00815605
-3.68592 -1.39608 -0.00447473
-3.63864 -1.39672 -0.013546
-3.58876 -1.39991 -0.0638718
-3.54064 -1.40152 -0.0334546
-3.49084 -1.40234 -0.016356
-3.44384 -1.40108 0.0267812
-3.39599 -1.39987 0.0252031
-3.34617 -1.40177 -0.0380959
-3.2966 -1.40398 -0.0445236
-3.2524 -1.4054 -0.0321542
-3.20934 -1.40628 -0.0203435
-3.16051 -1.40592 0.00736575
-3.11375 -1.40656 -0.0135958
-3.06514 -1.40828 -0.0354165
-3.01534 -1.41272 -0.0888947
-2.96584 -1.41647 -0.0756166
-2.92002 -1.42131 -0.105258
-2.89057 -1.4224 -0.0370386
-2.8407 -1.4256 -0.0641374
-2.79145 -1.42954 -0.0797869
-2.75107 -1.43194 -0.0594906
-2.70411 -1.43541 -0.0737326
-2.6555 -1.44112 -0.116918
-2.60581 -1.44597 -0.0972567
-2.56091 -1.4486 -0.0585424
-2.51209 -1.45378 -0.105588
-2.46573 -1.45717 -0.0731537
-2.42122 -1.46263 -0.121917
-2.37358 -1.46783 -0.108717
-2.32381 -1.47253 -0.0942317
-2.28227 -1.47572 -0.0766703
-2.23869 -1.479 -0.0750112
-2.19372 -1.48019 -0.0265497
-2.14682 -1.48113 -0.0200594
-2.09701 -1.48173 -0.0120909
-2.04831 -1.48297 -0.0254388
-2.00264 -1.48345 -0.01046
-1.95594 -1.48338 0.0016071
-1.90594 -1.48394 -0.0113506
-1.85693 -1.48219 0.0357293
-1.80789 -1.48085 0.0273811
-1.75797 -1.48053 0.00649447
-1.72295 -1.47888 0.0469257
-1.68817 -1.47915 -0.00772158
-1.64022 -1.47722 0.0401396
-1.59026 -1.47583 0.027835
-1.54303 -1.47389 0.0411376
-1.50116 -1.47193 0.0466742
-1.45336 -1.47006 0.0391597
-1.40341 -1.46796 0.0419524
-1.35884 -1.46417 0.0850016
-1.30921 -1.45812 0.121215
-1.26054 -1.45119 0.141509
-1.21089 -1.44538 0.11649
-1.16282 -1.44041 0.103045
-1.1209 -1.43507 0.126694
-1.07124 -1.42928 0.115947
-1.02511 -1.42346 0.125471
-0.978492 -1.41525 0.174449
-0.929295 -1.40657 0.174683
-0.880188 -1.39765 0.179593
-0.83172 -1.3891 0.174528
-0.795209 -1.38422 0.133037
-0.747503 -1.37514 0.188061
-0.708266 -1.36757 0.190618
-0.659022 -1.35965 0.159466
-0.621787 -1.35318 0.171941
-0.573042 -1.34421 0.181937
-0.53102 -1.33916 0.119671
-0.483198 -1.33137 0.161422
-0.434419 -1.32402 0.149545
-0.385591 -1.31724 0.138073
-0.336355 -1.31084 0.129333
-0.29013 -1.30854 0.0496364
-0.244639 -1.30517 0.0738183
-0.199442 -1.30187 0.0730822
-0.152473 -1.29735 0.0959221
-0.118701 -1.29383 0.103686
-0.0695693 -1.28712 0.135821
-0.031863 -1.27937 0.20276
0.0168784 -1.26831 0.223144
0.0657083 -1.25759 0.215989
0.110406 -1.24707 0.231243
0.159025 -1.2354 0.23543
0.206359 -1.22157 0.284426
0.250089 -1.20974 0.26404
0.293311 -1.19789 0.267729
0.340995 -1.18553 0.253565
0.384593 -1.17496 0.237763
0.433422 -1.16433 0.214385
0.482579 -1.15588 0.170233
0.51148 -1.15116 0.16202
0.56027 -1.14027 0.21967
0.608258 -1.12629 0.283408
0.653567 -1.1134 0.277148
0.702086 -1.10136 0.243237
0.748043 -1.08854 0.271961
0.796692 -1.07702 0.232666
0.837144 -1.06553 0.276781
0.884979 -1.05138 0.28745
0.933125 -1.03939 0.244143
0.980175 -1.02733 0.250841
1.02369 -1.01555 0.264481
1.07078 -1.00382 0.244021
1.11471 -0.991471 0.274102
1.16012 -0.979596 0.255819
1.20573 -0.967412 0.260999
1.23699 -0.959289 0.254247
1.28223 -0.945872 0.288323
1.32824 -0.934222 0.247989
1.36752 -0.92624 0.200478
1.39567 -0.920091 0.21505
1.44419 -0.909075 0.22326
1.48393 -0.901326 0.192544
1.53113 -0.890716 0.221163
1.57644 -0.880282 0.226305
1.62438 -0.868186 0.247168
1.66548 -0.857595 0.252199
1.70669 -0.846926 0.253359
1.75318 -0.834857 0.253957
1.80215 -0.824765 0.203229
1.85104 -0.814344 0.21003
1.89467 -0.804038 0.231972
1.94392 -0.795444 0.17273
1.98659 -0.788023 0.172209
2.03584 -0.780205 0.15744
2.0801 -0.772086 0.181402
2.12883 -0.762411 0.195988
2.17667 -0.753034 0.193582
2.2192 -0.743423 0.222228
2.26182 -0.734418 0.208217
2.30866 -0.723558 0.227842
2.35675 -0.711702 0.24172
2.40144 -0.701332 0.228013
2.44862 -0.690202 0.231665
2.49601 -0.678855 0.234998
2.54214 -0.667433 0.242762
2.58961 -0.657623 0.203777
2.63806 -0.646323 0.229117
2.68691 -0.635705 0.214036
2.73531 -0.624175 0.23384
2.78373 -0.614662 0.194037
2.83028 -0.602984 0.245757
2.87834 -0.589298 0.277427
2.9199 -0.579359 0.234746
2.9676 -0.566784 0.25777
3.00655 -0.558244 0.215828
3.05003 -0.548509 0.220278
3.07964 -0.540352 0.268786
3.12306 -0.530022 0.233569
3.17134 -0.51795 0.24503
3.20435 -0.511067 0.205573
3.24247 -0.503262 0.201925
3.27819 -0.496839 0.17792
3.32658 -0.487443 0.191793
3.37436 -0.478533 0.184371
3.42109 -0.470143 0.177631
3.46638 -0.462582 0.165432
3.49225 -0.457168 0.206251
3.5215 -0.450417 0.22684
3.55636 -0.441489 0.250763
3.59098 -0.432373 0.25747
3.63086 -0.421255 0.271853
3.67128 -0.410048 0.270478
3.70876 -0.402253 0.20509
3.74473 -0.394489 0.212538
3.77671 -0.386919 0.232453
3.81608 -0.376371 0.261762
3.85451 -0.365107 0.28516
3.86832 -0.361362 0.264735
3.88365 -0.357563 0.242949
3.89821 -0.354092 0.234049
3.91101 -0.351324 0.212928
3.92917 -0.347762 0.193654
3.95353 -0.343613 0.168689
3.97358 -0.340234 0.167008
3.9979 -0.336206 0.164171
4.0093 -0.334198 0.174274
4.03005 -0.330539 0.174535
4.06 -0.325824 0.156102
4.09147 -0.321962 0.122124
4.12368 -0.317273 0.144603
4.15022 -0.312919 0.162585
4.17404 -0.308782 0.171945
4.21122 -0.303714 0.135458
4.23739 -0.299757 0.150096
4.26429 -0.295828 0.145038
4.30095 -0.290812 0.135982
4.30917 -0.289933 0.106619
4.31978 -0.288604 0.124543
4.3349 -0.28635 0.147965
4.35242 -0.283163 0.179939
4.36637 -0.280962 0.156466
4.37904 -0.27948 0.116433
4.39149 -0.277753 0.137867
4.39845 -0.276399 0.192111
4.42058 -0.272381 0.179567
4.43596 -0.269301 0.197722
4.45501 -0.265511 0.196324
4.46671 -0.262815 0.226582
4.48506 -0.258005 0.256353
4.49814 -0.254403 0.268771
4.50626 -0.252455 0.235444
4.51327 -0.251307 0.162296
4.52167 -0.249866 0.169948
4.54737 -0.24502 0.186347
4.57077 -0.240561 0.1883
4.58821 -0.236765 0.214274
4.61275 -0.231525 0.210416
4.62221 -0.229199 0.240997
4.65168 -0.221405 0.258568
4.69105 -0.209345 0.297276
4.72063 -0.199439 0.3231
4.7579 -0.188479 0.286018
4.79479 -0.178378 0.267275
4.82309 -0.172383 0.208743
4.84407 -0.168099 0.2014
4.87794 -0.160689 0.215359
4.89264 -0.157331 0.224662
4.90797 -0.154803 0.163394
4.91151 -0.154245 0.156792
4.92105 -0.152326 0.19833
4.92345 -0.151835 0.201755
4.94324 -0.146412 0.267462
4.96991 -0.138438 0.290551
4.9814 -0.134329 0.343441
4.98622 -0.132443 0.37338
4.99088 -0.130747 0.348679
5.01613 -0.122371 0.320247
5.02157 -0.120517 0.328697
5.04012 -0.114757 0.301001
5.05659 -0.110379 0.259954
5.07297 -0.106317 0.243102
5.08608 -0.103078 0.242065
5.09229 -0.101009 0.321433
5.09272 -0.100843 0.370111
5.09811 -0.0985466 0.403262
5.10633 -0.0946722 0.440463
5.11493 -0.0902066 0.478801
5.11536 -0.0899181 0.586192
5.1244 -0.0834838 0.618828
5.12817 -0.0805506 0.660498
5.13175 -0.0778054 0.654687
5.1356 -0.0749331 0.640768
5.14843 -0.0658 0.618573
5.15049 -0.0644753 0.572418
5.15955 -0.0586786 0.569227
5.16189 -0.0572303 0.553721
5.17541 -0.0486974 0.563061
5.18468 -0.0431104 0.542319
5.18237 -0.0445867 0.569725
5.18831 -0.041144 0.525506
5.18971 -0.0403402 0.522312
5.19366 -0.0380708 0.521782
5.20158 -0.0336719 0.506734
True
0.248267
