-5.49175 -0.0281326 0.206671
-5.44829 -0.0179462 0.230219
-5.40017 -0.00625636 0.238336
-5.35282 0.00355827 0.204364
-5.30393 0.011966 0.170313
-5.26342 0.017961 0.146912
-5.22617 0.0240919 0.163143
-5.18156 0.031273 0.159583
-5.13541 0.0388048 0.161786
-5.08607 0.0465272 0.155259
-5.04108 0.0539355 0.163215
-4.9946 0.059455 0.118181
-4.94499 0.065376 0.118807
-4.89673 0.0720541 0.137489
-4.85123 0.0804857 0.183216
-4.81028 0.0878995 0.179105
-4.76168 0.0976759 0.198515
-4.71742 0.105043 0.16495
-4.66816 0.113495 0.169932
-4.62547 0.1211 0.176298
-4.5806 0.12893 0.172757
-4.53353 0.136219 0.153623
-4.48555 0.144149 0.163801
-4.43926 0.150735 0.141318
-4.39053 0.156671 0.121236
-4.34073 0.161112 0.0889363
-4.29677 0.164448 0.0757245
-4.25019 0.169316 0.104131
-4.21642 0.173656 0.127836
-4.16758 0.18205 0.170212
-4.11968 0.190543 0.175501
-4.07781 0.195821 0.125361
-4.03304 0.20295 0.15792
-3.98404 0.21192 0.181052
-3.93646 0.222303 0.214883
-3.89906 0.230018 0.203398
-3.85801 0.23965 0.230474
-3.80913 0.25014 0.211373
-3.76482 0.261001 0.240409
-3.71595 0.271487 0.211361
-3.66795 0.285261 0.279445
-3.62751 0.296997 0.282458
-3.58402 0.310432 0.299637
-3.53652 0.324872 0.295109
-3.48888 0.339989 0.307269
-3.44184 0.352101 0.252019
-3.40085 0.361188 0.218167
-3.35626 0.369002 0.173473
-3.31026 0.378016 0.193513
-3.26218 0.387987 0.204461
-3.21494 0.396871 0.185905
-3.16649 0.408128 0.228306
-3.12002 0.41717 0.192155
-3.07141 0.425286 0.165431
-3.02202 0.433025 0.155446
-2.97645 0.443357 0.22292
-2.92759 0.453587 0.206435
-2.88039 0.461515 0.16638
-2.83371 0.470219 0.184374
-2.78897 0.479725 0.209317
-2.74198 0.490215 0.219684
-2.69932 0.499304 0.209879
-2.65031 0.509059 0.196503
-2.60138 0.51693 0.15947
-2.5533 0.525378 0.173931
-2.50503 0.536313 0.222771
-2.46017 0.544538 0.181332
-2.41137 0.555037 0.211947
-2.36331 0.566499 0.23411
-2.32145 0.578796 0.285706
-2.28052 0.590875 0.286957
-2.23822 0.599616 0.203807
-2.19677 0.608384 0.208438
-2.14843 0.616885 0.174097
-2.10072 0.626556 0.199991
-2.05218 0.635552 0.183234
-2.02244 0.639745 0.140074
-1.97298 0.646933 0.144323
-1.92513 0.655356 0.174217
-1.87624 0.664047 0.175947
-1.82749 0.673469 0.190919
-1.77842 0.682688 0.185702
-1.73358 0.69003 0.162313
-1.68422 0.697823 0.156586
-1.63989 0.703657 0.130835
-1.5916 0.711678 0.164618
-1.55298 0.717402 0.147117
-1.50374 0.724168 0.136565
-1.45426 0.730832 0.133875
-1.40819 0.736209 0.11618
-1.36449 0.741107 0.111618
-1.32094 0.749405 0.188275
-1.27937 0.75773 0.197676
-1.2324 0.767751 0.210183
-1.18302 0.775386 0.153397
-1.13737 0.783794 0.18214
-1.09357 0.792959 0.2063
-1.05462 0.802512 0.240543
-1.011 0.814678 0.271968
-0.963772 0.828991 0.294253
-0.915906 0.843413 0.292662
-0.877671 0.855709 0.311141
-0.829799 0.869294 0.276509
-0.781988 0.88214 0.262472
-0.735923 0.895521 0.282707
-0.689512 0.90748 0.252188
-0.649639 0.915916 0.208507
-0.603933 0.926354 0.224513
-0.561497 0.936876 0.243061
-0.51652 0.947639 0.234877
-0.478862 0.958193 0.27325
-0.438741 0.97032 0.293511
-0.395653 0.982025 0.265257
-0.348183 0.993382 0.234837
-0.299961 1.00573 0.2507
-0.251784 1.01903 0.269428
-0.203907 1.03345 0.292438
-0.161802 1.04618 0.293677
-0.114157 1.0594 0.270693
-0.0655961 1.07109 0.236235
-0.0240823 1.08059 0.224793
0.0150852 1.08989 0.233193
0.0528487 1.0987 0.229155
0.0886126 1.10582 0.196492
0.131242 1.11591 0.232432
0.174062 1.12832 0.282161
0.220089 1.14339 0.316382
0.253925 1.15435 0.31316
0.301205 1.17001 0.319836
0.340411 1.1829 0.317726
0.383641 1.1961 0.296456
0.431108 1.20925 0.270142
0.475 1.22133 0.268551
0.523292 1.23421 0.260634
0.571543 1.24684 0.256016
0.619474 1.26007 0.269393
0.667705 1.27323 0.266378
0.715751 1.28706 0.28033
0.761403 1.3009 0.294342
0.800378 1.31141 0.263368
0.84858 1.32395 0.254433
0.890837 1.33324 0.216433
0.936921 1.34378 0.224888
0.98494 1.354 0.209595
1.03283 1.36296 0.18501
1.08223 1.37056 0.15269
1.12405 1.3771 0.155143
1.17255 1.38556 0.172594
1.22164 1.39478 0.185655
1.26448 1.40311 0.192097
1.31276 1.41094 0.160797
1.36208 1.41584 0.0990968
1.41185 1.42025 0.0882742
1.4616 1.4251 0.0971246
1.50744 1.42658 0.0322909
1.557 1.42867 0.0422696
1.59918 1.43056 0.044844
1.63094 1.42945 -0.0352262
1.67544 1.4292 -0.00548141
1.72514 1.42514 -0.0816272
1.77084 1.42115 -0.086916
1.81929 1.41733 -0.0788254
1.86503 1.41465 -0.0584861
1.91323 1.4138 -0.0176856
1.95762 1.41173 -0.0464603
2.00745 1.41024 -0.0299715
2.05217 1.41037 0.00298564
2.10025 1.40927 -0.0229838
2.15012 1.40681 -0.0491737
2.1973 1.40537 -0.0304954
2.23475 1.40492 -0.0120668
2.28414 1.40285 -0.0418692
2.33247 1.40058 -0.0469821
2.38218 1.39762 -0.059541
2.43212 1.39527 -0.0469811
2.47996 1.39587 0.0126777
2.52517 1.39535 -0.0116364
2.57499 1.39829 0.0589701
2.61395 1.40061 0.0595503
2.66309 1.40507 0.0904852
2.71288 1.40942 0.08721
2.75565 1.41455 0.119362
2.8056 1.41645 0.0379064
2.85383 1.4197 0.0672295
2.89828 1.42369 0.0897077
2.94712 1.42939 0.116053
2.98026 1.43325 0.116115
3.00726 1.43743 0.153586
3.03894 1.441 0.112121
3.08717 1.44555 0.0940841
3.13405 1.4478 0.047907
3.18393 1.44892 0.0224614
3.23087 1.45178 0.0608388
3.26522 1.45171 -0.0020025
3.30514 1.45151 -0.00505235
3.34599 1.45169 0.00439365
3.38763 1.45287 0.0284879
3.43271 1.45517 0.0508351
3.47911 1.45746 0.0492766
3.51108 1.45823 0.0243218
3.54933 1.46011 0.0490194
3.58865 1.46115 0.0264549
3.63139 1.4629 0.0408793
3.65112 1.46429 0.070157
3.66506 1.46504 0.0539453
3.68367 1.46676 0.0922949
3.69808 1.46775 0.0687887
3.72402 1.46954 0.0688744
3.75374 1.47249 0.0987137
3.78437 1.47573 0.105624
3.82361 1.48096 0.132453
3.86284 1.48644 0.138854
3.90591 1.49225 0.133881
3.9502 1.49824 0.134458
3.97946 1.50281 0.154921
4.02647 1.50826 0.115472
4.05975 1.51275 0.134205
4.0903 1.51773 0.161455
4.12386 1.52252 0.141803
4.14421 1.52582 0.160622
4.17796 1.53216 0.185906
4.20315 1.53624 0.160444
4.20937 1.53755 0.20705
4.22125 1.54031 0.228652
4.22678 1.54167 0.241858
4.2508 1.54636 0.19272
4.26961 1.54974 0.177814
4.28397 1.55185 0.145424
4.3022 1.55418 0.127294
4.31933 1.55627 0.121534
4.34069 1.55848 0.102899
4.36467 1.56077 0.0953913
4.40495 1.56498 0.104012
4.45374 1.5684 0.0701375
4.4998 1.57028 0.0408004
4.53159 1.57146 0.0370937
4.56299 1.57206 0.019072
4.57474 1.5726 0.0460541
4.58608 1.57282 0.0193691
4.59474 1.57342 0.0682815
4.60521 1.57426 0.0808082
4.63175 1.57635 0.0784454
4.66774 1.58011 0.104037
4.70489 1.58488 0.127843
4.73284 1.5878 0.104132
4.75373 1.59008 0.108377
4.76983 1.59194 0.11491
4.77536 1.59257 0.114071
4.78329 1.59358 0.126763
4.791 1.59462 0.134217
4.80453 1.59669 0.151401
4.81887 1.59904 0.162842
4.82986 1.60085 0.163109
4.84754 1.60337 0.141849
4.86662 1.60626 0.150247
4.88164 1.60872 0.162112
4.90588 1.61273 0.163928
4.91875 1.61516 0.186542
4.93207 1.61766 0.185656
4.96401 1.62255 0.151768
4.97012 1.62374 0.193519
4.98041 1.62562 0.1808
5.00484 1.62932 0.150251
5.01402 1.63021 0.0966282
5.02794 1.63098 0.0553372
5.0422 1.6316 0.0433729
5.04785 1.63191 0.055295
5.0685 1.63392 0.0970452
5.07627 1.63498 0.134853
5.07669 1.63503 0.117605
5.0869 1.6361 0.104254
5.1075 1.63759 0.0724726
5.12061 1.6383 0.0543392
5.13323 1.63883 0.0417446
5.15044 1.63934 0.0293079
5.16812 1.64004 0.0396824
5.17225 1.64024 0.0479599
5.1867 1.64106 0.0570998
5.19578 1.64131 0.0275977
5.19721 1.64139 0.0548558
5.21462 1.64232 0.0530281
True
0.237654
