4.48095 -9.56844e-05 -3.13657
4.46419 5.9317e-05 -3.15084
4.44634 0.000993191 3.08931
4.43463 0.00201116 3.05486
4.4178 0.00360425 3.04727
4.40451 0.00490432 3.04404
4.3892 0.00659193 3.03183
4.37668 0.00749256 3.06979
4.37069 0.00798785 3.05898
4.36018 0.00872154 3.07194
4.34182 0.0107019 3.03411
4.32385 0.0132235 3.0022
4.31001 0.0164593 2.91196
4.28965 0.0214427 2.90153
4.27574 0.024764 2.90727
4.25928 0.0284192 2.92299
4.24382 0.0311262 2.96828
4.22617 0.0338425 2.9889
4.21641 0.0353605 2.98721
4.20727 0.0371425 2.94905
4.19732 0.0392702 2.93099
4.19177 0.0408107 2.87107
4.15905 0.0525862 2.79615
4.12515 0.0669012 2.74199
4.10637 0.0772476 2.63811
4.09398 0.0847013 2.59983
4.08352 0.0916588 2.55454
4.05717 0.110741 2.51491
4.04387 0.121266 2.47197
4.03139 0.132487 2.40946
4.01381 0.149991 2.35845
4.01117 0.152882 2.30977
4.00406 0.16248 2.20869
3.98777 0.186272 2.17097
3.97699 0.203605 2.12747
3.9685 0.221338 2.01703
3.95907 0.243198 1.97796
3.94225 0.285617 1.94833
3.93568 0.303383 1.92541
3.92602 0.333992 1.87627
3.91165 0.377252 1.89163
3.90187 0.413506 1.83409
3.88904 0.458398 1.84918
3.8785 0.499212 1.82361
3.86775 0.547951 1.78793
3.85706 0.591242 1.8128
3.8463 0.638772 1.79344
3.83847 0.669054 1.8238
3.83042 0.705663 1.78717
3.81837 0.752804 1.82113
3.80799 0.801713 1.77998
3.80063 0.840027 1.76052
3.79259 0.88028 1.76789
3.78493 0.922575 1.75004
3.77506 0.968473 1.78252
3.76403 1.01638 1.79703
3.75373 1.05831 1.81177
3.7423 1.10618 1.80528
3.7303 1.15189 1.82733
3.72259 1.18241 1.8185
3.71166 1.21853 1.86452
3.69828 1.2606 1.87887
3.6809 1.30739 1.92634
3.66624 1.35512 1.86885
3.64921 1.40131 1.92395
3.63402 1.44337 1.91732
3.61529 1.48841 1.96498
3.5954 1.53406 1.98172
3.57713 1.57739 1.96978
3.55943 1.62094 1.95679
3.54161 1.66635 1.94484
3.52442 1.70824 1.96013
3.50616 1.74551 2.02638
3.4884 1.78135 2.03081
3.46643 1.82561 2.0316
3.44977 1.8596 2.02645
3.4339 1.89291 2.01546
3.41309 1.93836 2.00015
3.40397 1.95765 2.01267
3.38152 2.00064 2.05198
3.35945 2.04291 2.05205
3.33646 2.08701 2.05133
3.31782 2.12152 2.06598
3.29482 2.16391 2.06795
3.27003 2.20269 2.13959
3.24689 2.23622 2.17474
3.22401 2.26832 2.19033
3.20819 2.29044 2.19164
3.1921 2.31038 2.24931
3.17473 2.33337 2.21794
3.14734 2.36571 2.27356
3.11347 2.40242 2.31589
3.0825 2.43792 2.28824
3.04974 2.47339 2.31654
3.02142 2.50849 2.24968
2.98737 2.54505 2.32054
2.95379 2.58079 2.32515
2.92748 2.61146 2.27973
2.89293 2.64559 2.3623
2.85897 2.68078 2.33842
2.83322 2.70733 2.34111
2.79739 2.74161 2.3781
2.76269 2.77761 2.33795
2.73109 2.80926 2.35528
2.69618 2.8446 2.3502
2.66471 2.8732 2.40383
2.62582 2.9046 2.46243
2.59326 2.93414 2.40486
2.55726 2.96865 2.37715
2.52313 3.00071 2.38757
2.48673 3.03499 2.38615
2.45093 3.0684 2.39079
2.41538 3.10028 2.41054
2.38162 3.12987 2.42186
2.35247 3.15589 2.41284
2.32278 3.17878 2.48494
2.28306 3.20914 2.48888
2.24197 3.2375 2.53759
2.20112 3.26614 2.52998
2.15997 3.29387 2.54853
2.1183 3.32135 2.55878
2.07811 3.34736 2.56708
2.04316 3.37161 2.53513
2.00261 3.39631 2.5944
1.96164 3.42368 2.55267
1.92313 3.44597 2.61692
1.88108 3.4716 2.59409
1.83968 3.49657 2.59892
1.79657 3.5216 2.6156
1.7525 3.54522 2.64957
1.70828 3.56852 2.65663
1.66749 3.58995 2.65784
1.63235 3.60908 2.64318
1.59384 3.6312 2.62026
1.54978 3.65392 2.66553
1.52432 3.66707 2.66458
1.47986 3.68913 2.68095
1.44642 3.70497 2.69928
1.40437 3.72473 2.70229
1.36154 3.74356 2.72753
1.32511 3.759 2.74061
1.27915 3.77866 2.73743
1.23958 3.79378 2.7766
1.20325 3.80805 2.76736
1.15633 3.82486 2.79743
1.10852 3.83598 2.91314
1.06959 3.84768 2.84955
1.02527 3.86117 2.84621
1.00803 3.86583 2.87737
0.970532 3.87517 2.89742
0.929044 3.88655 2.87408
0.88843 3.8961 2.9105
0.845933 3.90563 2.92097
0.810391 3.91436 2.90085
0.797336 3.91655 2.97558
0.75022 3.9234 2.9971
0.719715 3.92821 2.98519
0.670171 3.93433 3.01864
0.620864 3.94261 2.97536
0.580916 3.94995 2.95974
0.531603 3.95821 2.97571
0.483474 3.96606 2.97982
0.456734 3.97015 2.98984
0.423698 3.97633 2.95692
0.385873 3.98337 2.95742
0.347472 3.9897 2.97826
0.297905 3.99624 3.01044
0.248379 4.00165 3.0327
0.204276 4.00661 3.0297
0.1546 4.01229 3.02779
0.108402 4.01746 3.03001
0.0742171 4.02057 3.051
0.0328884 4.02292 3.08475
-0.00778825 4.02592 3.06787
-0.0463871 4.02887 3.06545
-0.0927527 4.03284 3.05625
-0.141826 4.03453 3.10708
-0.19082 4.03471 3.13797
-0.235089 4.03451 3.14611
-0.278923 4.03438 -3.13873
-0.324989 4.03314 -3.11461
-0.374489 4.03068 -3.09196
-0.418309 4.0253 -3.01939
-0.4664 4.0178 -2.98691
-0.508596 4.00907 -2.93756
-0.555904 3.99993 -2.95078
-0.605037 3.99067 -2.95525
-0.648098 3.98101 -2.92097
-0.680883 3.97354 -2.91746
-0.717621 3.96523 -2.91913
-0.761845 3.95431 -2.89965
-0.806909 3.9435 -2.90609
-0.854826 3.92927 -2.853
-0.902559 3.91439 -2.83934
-0.949922 3.90047 -2.85573
-0.99219 3.88661 -2.82465
-1.03894 3.86899 -2.78124
-1.08614 3.85248 -2.80506
-1.12954 3.83686 -2.79612
-1.17228 3.81997 -2.76522
-1.21603 3.80317 -2.77515
-1.25924 3.78488 -2.74118
-1.29756 3.76647 -2.69373
-1.34364 3.74707 -2.74303
-1.38597 3.73255 -2.81117
-1.43224 3.71499 -2.77892
-1.47814 3.69563 -2.7424
-1.52342 3.67686 -2.74865
-1.56422 3.65945 -2.73814
-1.60989 3.6392 -2.72427
-1.65423 3.6197 -2.72723
-1.68209 3.60676 -2.70677
-1.71111 3.59301 -2.69915
-1.74621 3.57497 -2.66695
-1.79152 3.55385 -2.70545
-1.83144 3.53424 -2.68486
-1.87228 3.51331 -2.66808
-1.91425 3.49131 -2.65873
-1.95148 3.4695 -2.61158
-1.99292 3.44645 -2.6341
-2.03635 3.42173 -2.62402
-2.07639 3.39704 -2.58911
-2.1122 3.37456 -2.58108
-2.15384 3.34688 -2.55481
-2.19347 3.31927 -2.53311
-2.22716 3.29483 -2.51394
-2.25956 3.27006 -2.48907
-2.29638 3.24044 -2.46409
-2.33178 3.21248 -2.47308
-2.36695 3.1825 -2.43564
-2.40566 3.15255 -2.48316
-2.4438 3.1233 -2.48733
-2.48075 3.09439 -2.4777
-2.51905 3.06319 -2.45792
-2.54693 3.04001 -2.44788
-2.57849 3.01198 -2.41549
-2.61215 2.97883 -2.36393
-2.63825 2.95293 -2.35974
-2.67489 2.91897 -2.39421
-2.70251 2.89226 -2.37304
-2.73133 2.86114 -2.31768
-2.76516 2.82842 -2.37301
-2.79995 2.79366 -2.35671
-2.83427 2.75744 -2.32912
-2.86383 2.72658 -2.33483
-2.89007 2.69674 -2.29199
-2.92237 2.65863 -2.27387
-2.94841 2.62737 -2.26523
-2.97702 2.59191 -2.2498
-3.00835 2.55637 -2.29338
-3.03917 2.52187 -2.29972
-3.0728 2.48537 -2.31533
-3.10133 2.45268 -2.28844
-3.13362 2.41607 -2.29354
-3.1658 2.37785 -2.27065
-3.19798 2.33979 -2.27269
-3.22586 2.30613 -2.26246
-3.25553 2.26703 -2.22001
-3.27915 2.2343 -2.19579
-3.30903 2.19422 -2.21149
-3.33531 2.15437 -2.1538
-3.35878 2.11843 -2.14918
-3.37646 2.09341 -2.18629
-3.40661 2.05368 -2.2199
-3.43296 2.01627 -2.18441
-3.4612 1.97503 -2.1712
-3.48371 1.93943 -2.1347
-3.51056 1.89886 -2.15542
-3.53737 1.85734 -2.14423
-3.55445 1.83136 -2.15209
-3.57638 1.79707 -2.13977
-3.6017 1.75911 -2.15903
-3.62448 1.72295 -2.13308
-3.64582 1.6864 -2.09916
-3.67013 1.64532 -2.10516
-3.69263 1.60523 -2.08225
-3.71326 1.567 -2.06568
-3.7323 1.53648 -2.12847
-3.75102 1.50477 -2.10426
-3.76856 1.47354 -2.08244
-3.79176 1.43242 -2.08455
-3.81391 1.39463 -2.10076
-3.83236 1.36017 -2.0625
-3.8474 1.33286 -2.07411
-3.86108 1.30756 -2.06667
-3.87276 1.28693 -2.08568
-3.87963 1.27348 -2.04356
-3.88834 1.25753 -2.07056
-3.90248 1.23119 -2.06319
-3.92359 1.19153 -2.06005
-3.94383 1.15254 -2.04956
-3.95993 1.12082 -2.04051
-3.97089 1.09896 -2.03558
-3.98411 1.07023 -2.00193
-3.99838 1.04033 -2.01612
-4.00911 1.01831 -2.02456
-4.01708 1.00186 -2.02171
-4.02421 0.987046 -2.01954
-4.03257 0.969525 -2.01567
-4.04001 0.954122 -2.02113
-4.04657 0.93972 -1.9981
-4.05385 0.924801 -2.0247
-4.06073 0.910746 -2.02617
-4.07304 0.886672 -2.04319
-4.07753 0.877391 -2.02189
-4.0864 0.860354 -2.05071
-4.09792 0.839219 -2.06974
-4.10594 0.824166 -2.06069
-4.11331 0.808425 -2.00846
-4.12254 0.78881 -2.01062
-4.12827 0.776995 -2.02216
-4.13753 0.757621 -2.01675
-4.1415 0.748936 -1.99956
-4.14811 0.734945 -2.0122
-4.1525 0.725737 -2.01612
-4.15721 0.715888 -2.01663
-4.16013 0.709842 -2.02001
-4.16322 0.703451 -2.02225
-4.16527 0.69934 -2.0323
-4.17001 0.689607 -2.02428
-4.17353 0.682053 -2.00667
-4.18678 0.655798 -2.03806
-4.2006 0.629072 -2.04817
-4.21435 0.598792 -1.99712
-4.22888 0.562277 -1.94941
-4.23278 0.550437 -1.88887
-4.23549 0.541813 -1.87589
-4.24251 0.519819 -1.87956
-4.24917 0.500461 -1.90236
-4.25507 0.484838 -1.93149
-4.26133 0.467763 -1.9224
-4.268 0.449268 -1.91704
-4.27572 0.428984 -1.93434
-4.27868 0.421116 -1.93061
-4.2847 0.405861 -1.94686
-4.28964 0.394116 -1.96884
-4.29684 0.37864 -2.00596
-4.30312 0.362911 -1.95069
-4.31016 0.3453 -1.95094
-4.32036 0.319418 -1.94623
-4.32185 0.314943 -1.89329
-4.32196 0.314615 -1.87643
-4.32226 0.313498 -1.83653
-4.32405 0.305492 -1.79119
-4.32592 0.297213 -1.79233
-4.32865 0.287749 -1.8516
-4.32968 0.283992 -1.84012
-4.33209 0.275458 -1.84579
-4.33595 0.259742 -1.81131
-4.33774 0.252199 -1.80411
-4.33979 0.242137 -1.77191
-4.34147 0.233704 -1.76774
-4.34223 0.229252 -1.73878
-4.3432 0.224514 -1.77393
-4.34509 0.21555 -1.77823
-4.34841 0.201654 -1.80543
True
0.167549
