-5.47841 -0.653069 0.305908
-5.4669 -0.650485 0.220961
-5.43161 -0.642849 0.21307
-5.39606 -0.633721 0.25139
-5.35752 -0.624813 0.227104
-5.319 -0.614657 0.2578
-5.28042 -0.605458 0.234065
-5.23217 -0.593169 0.249403
-5.1845 -0.582519 0.219808
-5.13975 -0.573603 0.196682
-5.09985 -0.562955 0.260746
-5.06315 -0.552487 0.27786
-5.02209 -0.539741 0.301019
-4.97571 -0.52549 0.298114
-4.94286 -0.512839 0.367541
-4.90401 -0.499213 0.337311
-4.86226 -0.482013 0.390803
-4.82059 -0.466488 0.356681
-4.77922 -0.452631 0.323198
-4.73244 -0.436387 0.334194
-4.68619 -0.417647 0.38497
-4.64336 -0.400445 0.381926
-4.59784 -0.381451 0.395281
-4.5648 -0.368224 0.380806
-4.51867 -0.350315 0.370372
-4.49057 -0.340265 0.343435
-4.45252 -0.328211 0.306759
-4.40452 -0.315039 0.267822
-4.362 -0.302802 0.280247
-4.31898 -0.289567 0.298424
-4.27189 -0.277097 0.258911
-4.22404 -0.262602 0.294129
-4.18069 -0.249299 0.297731
-4.13356 -0.235634 0.282248
-4.08582 -0.224319 0.232667
-4.04363 -0.214352 0.232023
-3.997 -0.202923 0.240357
-3.95083 -0.19258 0.220367
-3.90222 -0.180993 0.234015
-3.85632 -0.169218 0.2511
-3.81244 -0.15682 0.275398
-3.76395 -0.1449 0.241022
-3.71695 -0.133984 0.228227
-3.67789 -0.121849 0.301247
-3.63513 -0.106874 0.336862
-3.58905 -0.0918108 0.315901
-3.54271 -0.0768286 0.312711
-3.49461 -0.0635051 0.270228
-3.44817 -0.0501966 0.279112
-3.40561 -0.0380714 0.2775
-3.35785 -0.0264645 0.23842
-3.31028 -0.0141611 0.253121
-3.26355 0.000426817 0.302555
-3.21605 0.0143507 0.285122
-3.17814 0.0288682 0.365748
-3.13785 0.0436672 0.352032
-3.0905 0.058516 0.303893
-3.07657 0.0633281 0.332601
-3.02966 0.0785868 0.314455
-2.98463 0.0940572 0.33097
-2.93901 0.111677 0.36855
-2.89257 0.13021 0.379721
-2.84642 0.149161 0.389591
-2.79989 0.166512 0.356961
-2.75279 0.182982 0.336414
-2.70821 0.196735 0.299226
-2.6696 0.210988 0.353658
-2.6279 0.226753 0.361388
-2.58135 0.244853 0.370851
-2.5357 0.262584 0.37048
-2.48985 0.281195 0.385599
-2.44373 0.298185 0.352987
-2.3995 0.315419 0.371557
-2.35312 0.334083 0.382558
-2.3066 0.352258 0.372497
-2.26069 0.372006 0.406186
-2.21457 0.389174 0.356326
-2.16748 0.40368 0.298812
-2.12295 0.416828 0.287125
-2.07711 0.431975 0.319149
-2.03555 0.447734 0.362419
-1.99797 0.46264 0.377628
-1.95098 0.479659 0.347509
-1.9167 0.493606 0.386419
-1.8742 0.509858 0.365168
-1.82778 0.528419 0.380397
-1.78921 0.542296 0.345411
-1.75883 0.553677 0.358376
-1.71216 0.57161 0.366854
-1.66638 0.591694 0.413453
-1.62993 0.608552 0.433146
-1.58391 0.626832 0.378128
-1.53866 0.643499 0.352953
-1.49202 0.658587 0.312831
-1.44471 0.67477 0.32961
-1.39912 0.691576 0.353167
-1.3527 0.709142 0.361737
-1.31855 0.721765 0.354117
-1.2728 0.741618 0.409435
-1.23089 0.758381 0.380436
-1.19382 0.775201 0.425989
-1.14976 0.795495 0.431641
-1.10527 0.815576 0.423986
-1.06664 0.832037 0.40282
-1.02827 0.847933 0.39273
-0.983168 0.865597 0.373298
-0.936321 0.882323 0.342921
-0.896288 0.896821 0.347459
-0.852211 0.913499 0.361731
-0.815927 0.927839 0.376386
-0.779188 0.943101 0.393714
-0.735077 0.963309 0.429583
-0.692791 0.981142 0.399089
-0.64663 0.999863 0.385298
-0.603783 1.01829 0.406101
-0.561157 1.03681 0.409924
-0.520181 1.05443 0.406015
-0.473468 1.07224 0.364245
-0.42821 1.08746 0.324486
-0.382452 1.10275 0.322431
-0.337235 1.11886 0.342382
-0.290071 1.13524 0.334147
-0.243376 1.15309 0.365269
-0.199421 1.16975 0.36221
-0.154565 1.18985 0.421279
-0.1083 1.2088 0.388723
-0.061694 1.22689 0.370277
-0.0151802 1.2423 0.319911
0.0305346 1.2566 0.303253
0.0751554 1.27327 0.35737
0.120574 1.28937 0.340711
0.168378 1.30368 0.290852
0.215108 1.32076 0.350382
0.261745 1.3386 0.365364
0.307311 1.35371 0.320318
0.354003 1.37118 0.357988
0.397264 1.3865 0.340283
0.443142 1.40637 0.408829
0.484565 1.42084 0.335961
0.532144 1.43585 0.305633
0.578243 1.4507 0.311618
0.621898 1.46367 0.288777
0.66756 1.47941 0.331925
0.713931 1.49598 0.343181
0.761525 1.51089 0.30368
0.808913 1.52562 0.301431
0.853746 1.53774 0.263904
0.901513 1.55159 0.282218
0.948561 1.56846 0.344248
0.990211 1.58434 0.364298
1.0289 1.59934 0.369974
1.06773 1.61261 0.329233
1.11384 1.62835 0.328838
1.15077 1.64106 0.331572
1.19422 1.65669 0.345337
1.23844 1.67198 0.33286
1.28069 1.68602 0.320937
1.32578 1.70166 0.333899
1.37336 1.71701 0.312013
1.42073 1.73265 0.31894
1.46647 1.74747 0.313321
1.51355 1.7643 0.343294
1.5591 1.7774 0.280086
1.60648 1.79334 0.324377
1.64392 1.80653 0.33885
1.68997 1.82559 0.39237
1.73602 1.84363 0.373369
1.77561 1.85892 0.368619
1.82092 1.87695 0.378715
1.86583 1.89647 0.410058
1.91023 1.91769 0.445743
1.95017 1.93682 0.446696
1.99586 1.95601 0.397702
2.04027 1.97708 0.442944
2.08503 1.99728 0.423817
2.12516 2.01654 0.447651
2.16792 2.03496 0.406758
2.20975 2.05201 0.386979
2.25458 2.06745 0.331746
2.29975 2.08336 0.338514
2.34658 2.09732 0.289776
2.38557 2.10738 0.252568
2.43236 2.1239 0.339345
2.47133 2.13599 0.300922
2.50223 2.14435 0.264006
2.55071 2.15645 0.244614
2.59043 2.16933 0.313591
2.63435 2.18643 0.371288
2.66905 2.19947 0.359489
2.71506 2.21862 0.394508
2.76086 2.23839 0.407474
2.80667 2.2584 0.411707
2.85038 2.27456 0.354218
2.87909 2.2857 0.37016
2.91277 2.30019 0.406282
2.95897 2.31819 0.371451
3.00103 2.33405 0.360724
3.04622 2.35035 0.346122
3.09373 2.36507 0.30042
3.14096 2.37978 0.301954
3.18797 2.39668 0.34508
3.22405 2.40895 0.327729
3.27041 2.42673 0.366364
3.31696 2.44351 0.345783
3.34706 2.45484 0.36034
3.39345 2.47123 0.339464
3.43166 2.48455 0.335429
3.47623 2.50016 0.336995
3.50303 2.51104 0.385632
3.5437 2.52724 0.379145
3.58966 2.54349 0.339855
3.63661 2.55779 0.295576
3.67766 2.57048 0.299727
3.70465 2.57891 0.302755
3.74223 2.5902 0.291966
3.78959 2.60493 0.301571
3.8303 2.61548 0.253545
3.85841 2.62309 0.264143
3.89836 2.63393 0.265096
3.92771 2.64075 0.228319
3.96415 2.65055 0.262584
3.9832 2.65601 0.279409
4.0063 2.66271 0.28228
4.04082 2.67012 0.211464
4.07292 2.67747 0.225029
4.09901 2.68312 0.213429
4.12423 2.68798 0.190193
4.15839 2.69319 0.151467
4.17876 2.69675 0.173071
4.20894 2.70102 0.140543
4.23611 2.70424 0.117883
4.25157 2.70612 0.120623
4.2583 2.70707 0.141267
4.26496 2.70804 0.144408
4.2847 2.71116 0.156453
4.29099 2.71184 0.108255
4.30403 2.71324 0.106857
4.31716 2.71467 0.108459
4.34077 2.71865 0.167149
4.34774 2.71964 0.141555
4.36626 2.72193 0.123058
4.39673 2.72542 0.113853
4.43676 2.73122 0.144009
4.47152 2.7395 0.233721
4.51484 2.75018 0.241754
4.54563 2.75815 0.253127
4.57454 2.76492 0.230185
4.59774 2.76976 0.205562
4.62469 2.77648 0.244499
4.66032 2.78578 0.255316
4.68985 2.79475 0.294832
4.71306 2.80197 0.301466
4.74093 2.81054 0.298401
4.75791 2.8153 0.273231
4.78095 2.82277 0.313771
4.7906 2.8256 0.285363
4.81542 2.83322 0.297665
4.83322 2.83889 0.308632
4.83997 2.84102 0.304787
4.85348 2.84539 0.313093
4.86442 2.84899 0.317668
4.87519 2.85264 0.327262
4.89315 2.85902 0.341004
4.919 2.86823 0.342211
4.93319 2.87338 0.348736
4.94521 2.87775 0.348792
4.9606 2.8832 0.340132
4.96339 2.88419 0.339507
4.98522 2.89185 0.33735
4.99245 2.89463 0.36706
4.99903 2.89756 0.41996
5.00651 2.90112 0.444344
5.01454 2.90473 0.422186
5.02523 2.90946 0.416536
5.04293 2.91827 0.461526
5.06773 2.93223 0.51275
5.07824 2.93786 0.491874
5.0902 2.94469 0.519308
5.10146 2.95127 0.528364
5.11614 2.95939 0.50533
5.12779 2.96559 0.489403
5.13445 2.969 0.473559
5.13553 2.96953 0.454461
5.14291 2.9732 0.46108
5.15328 2.97835 0.460906
5.15957 2.98148 0.461703
5.17233 2.98772 0.455103
5.18654 2.99554 0.502767
5.19548 3.00009 0.471206
5.20491 3.00462 0.447393
5.21467 3.0092 0.439227
5.22337 3.01308 0.419163
5.22865 3.01535 0.405765
5.23771 3.01938 0.419219
5.25162 3.02547 0.412057
5.25876 3.02858 0.411571
5.26794 3.03301 0.449715
True
0.0674882
