-5.45013 0.733408 -0.0609846
-5.41048 0.73106 -0.0591631
-5.36062 0.727315 -0.0749629
-5.31073 0.725505 -0.0362637
-5.2611 0.723262 -0.0451707
-5.21991 0.719358 -0.0945065
-5.17215 0.713811 -0.115615
-5.13448 0.71123 -0.0684054
-5.08464 0.710163 -0.0214048
-5.0348 0.710011 -0.00304424
-4.98832 0.711675 0.0357914
-4.95154 0.711498 -0.00481938
-4.90175 0.709489 -0.0403235
-4.85303 0.708119 -0.0281121
-4.8105 0.707437 -0.0160472
-4.76247 0.70637 -0.0222056
-4.72335 0.703942 -0.0619994
-4.67521 0.701985 -0.0406335
-4.62692 0.701831 -0.00318033
-4.5827 0.701281 -0.0124457
-4.53413 0.700126 -0.0237788
-4.49104 0.697885 -0.0519397
-4.44182 0.697047 -0.017021
-4.39188 0.69694 -0.00214418
-4.34561 0.696686 -0.00549901
-4.29878 0.694478 -0.0471138
-4.24895 0.690639 -0.0768769
-4.20195 0.685757 -0.103506
-4.15749 0.681647 -0.0921814
-4.10787 0.681087 -0.0112875
-4.06503 0.68051 -0.0134614
-4.01589 0.681005 0.0100608
-3.96939 0.681347 0.00737478
-3.93114 0.682223 0.022886
-3.88137 0.682095 -0.00256423
-3.83137 0.681434 -0.0132261
-3.7833 0.680492 -0.0195954
-3.73721 0.678968 -0.0330553
-3.68731 0.676114 -0.0571337
-3.64158 0.674767 -0.029434
-3.59162 0.674167 -0.0120185
-3.54415 0.672932 -0.0259978
-3.49444 0.671168 -0.0354828
-3.44466 0.670428 -0.0148715
-3.39488 0.668645 -0.0357913
-3.34586 0.664502 -0.0843202
-3.30535 0.662412 -0.0515442
-3.25537 0.663424 0.0202491
-3.20543 0.663907 0.00965858
-3.15554 0.666285 0.0476374
-3.10927 0.667959 0.0361637
-3.06558 0.668686 0.0166377
-3.0205 0.669462 0.017204
-2.97067 0.670883 0.0285114
-2.92154 0.672473 0.0323485
-2.87492 0.675009 0.0543382
-2.83108 0.677308 0.0524133
-2.78142 0.678297 0.0199063
-2.73237 0.678554 0.00523506
-2.68458 0.677963 -0.0123585
-2.65132 0.678956 0.0298558
-2.60155 0.681359 0.0482448
-2.55835 0.682025 0.0154186
-2.50835 0.682757 0.014624
-2.46073 0.683196 0.00922612
-2.41828 0.683087 -0.00256265
-2.37212 0.681205 -0.0407493
-2.3283 0.680832 -0.00851297
-2.28892 0.682039 0.0306442
-2.24323 0.685275 0.070697
-2.19546 0.688444 0.0662407
-2.15785 0.69056 0.0562067
-2.11648 0.695091 0.10908
-2.0725 0.700497 0.122326
-2.0233 0.709308 0.177174
-1.97466 0.714707 0.110557
-1.92516 0.719732 0.101179
-1.87644 0.725722 0.122334
-1.83234 0.72829 0.0581611
-1.78862 0.731895 0.0822681
-1.74226 0.735078 0.0685558
-1.71096 0.737969 0.0921019
-1.66556 0.740871 0.0638345
-1.62543 0.744172 0.082087
-1.57615 0.747335 0.064082
-1.52666 0.752302 0.100026
-1.47995 0.758122 0.123964
-1.43348 0.763085 0.106391
-1.39797 0.766537 0.0969054
-1.34975 0.770401 0.0799744
-1.31145 0.7748 0.114331
-1.26794 0.778531 0.0855463
-1.21863 0.782166 0.0735892
-1.17405 0.785767 0.0806073
-1.13922 0.787415 0.0472646
-1.09245 0.786989 -0.009108
-1.0484 0.784958 -0.0460608
-0.998445 0.782825 -0.0426861
-0.953646 0.779112 -0.0826924
-0.915311 0.775187 -0.102013
-0.86546 0.771585 -0.0721315
-0.815487 0.770332 -0.0250738
-0.766889 0.767735 -0.0533936
-0.716987 0.764679 -0.0611579
-0.67619 0.759445 -0.127613
-0.62708 0.751347 -0.163414
-0.577992 0.742709 -0.174181
-0.538368 0.735064 -0.190609
-0.500651 0.726705 -0.218084
-0.460267 0.719331 -0.180613
-0.411701 0.708789 -0.213749
-0.370574 0.697533 -0.267159
-0.322251 0.684699 -0.259592
-0.273869 0.672079 -0.255156
-0.226793 0.658405 -0.282685
-0.194256 0.647234 -0.330732
-0.146421 0.632766 -0.293705
-0.101303 0.620223 -0.271159
-0.0533355 0.606368 -0.281187
-0.00549813 0.59183 -0.295032
0.0340611 0.579047 -0.312538
0.0813406 0.562784 -0.331302
0.120522 0.547922 -0.362555
0.157718 0.534236 -0.352562
0.195196 0.521707 -0.32262
0.240116 0.505273 -0.350717
0.287627 0.489783 -0.315171
0.33081 0.474989 -0.330063
0.377286 0.457165 -0.366195
0.424643 0.441211 -0.324958
0.466809 0.427055 -0.323891
0.513726 0.412281 -0.305065
0.561069 0.396312 -0.325327
0.607902 0.383713 -0.262791
0.656065 0.370311 -0.271406
0.702322 0.355836 -0.303264
0.724993 0.348939 -0.295338
0.764459 0.337008 -0.293568
0.801755 0.324 -0.335584
0.847009 0.30951 -0.309878
0.892228 0.295396 -0.302539
0.938504 0.278916 -0.342134
0.985892 0.264013 -0.304689
1.03379 0.250355 -0.277755
1.07305 0.24085 -0.237569
1.12181 0.231185 -0.195688
1.16638 0.222918 -0.183376
1.21453 0.214211 -0.178891
1.25781 0.206407 -0.178394
1.30129 0.197812 -0.19517
1.34935 0.191892 -0.122585
1.3954 0.187968 -0.0849881
1.44099 0.183321 -0.101567
1.49055 0.177519 -0.116555
1.53948 0.174949 -0.0524833
1.58943 0.1744 -0.0109819
1.63736 0.174544 0.00300478
1.68609 0.175052 0.0104106
1.72396 0.175589 0.0141848
1.76862 0.174631 -0.0214424
1.81832 0.173573 -0.0212804
1.86422 0.171961 -0.0351148
1.91336 0.169952 -0.04087
1.96212 0.168247 -0.0349311
2.01105 0.168029 -0.00446123
2.06101 0.167338 -0.0138308
2.11098 0.166208 -0.0226065
2.15295 0.163844 -0.0562761
2.19941 0.16033 -0.0754753
2.24826 0.158998 -0.027279
2.29813 0.15734 -0.033225
2.34428 0.157368 0.000605527
2.39133 0.159166 0.038197
2.43364 0.159614 0.0105905
2.48253 0.160065 0.00922932
2.53217 0.164699 0.0931001
2.58184 0.166968 0.0456449
2.62564 0.170004 0.0691963
2.67465 0.175286 0.107365
2.71702 0.180155 0.114433
2.75414 0.18461 0.119412
2.80062 0.18983 0.111848
2.84571 0.196897 0.15546
2.89439 0.203571 0.136255
2.93794 0.211364 0.177084
2.98758 0.216446 0.102005
3.01443 0.219718 0.121283
3.059 0.225143 0.121139
3.09953 0.230959 0.142527
3.14908 0.237273 0.126731
3.19885 0.241989 0.0944739
3.24663 0.244732 0.0573383
3.29598 0.247 0.0459316
3.33638 0.250979 0.0981682
3.37862 0.256533 0.130727
3.42676 0.261874 0.110511
3.47396 0.266292 0.0933164
3.51165 0.270035 0.0990056
3.55328 0.273819 0.0906487
3.59971 0.27778 0.0851012
3.64414 0.27977 0.0447439
3.68365 0.282003 0.0564696
3.73038 0.281377 -0.0133924
3.76691 0.278399 -0.0813428
3.81147 0.273357 -0.112673
3.85198 0.271999 -0.0335067
3.86985 0.271478 -0.0291631
3.90706 0.271077 -0.0107838
3.93906 0.270889 -0.00587025
3.96105 0.270217 -0.0305603
3.9837 0.270809 0.0261426
4.03207 0.270691 -0.0024491
4.05213 0.269925 -0.0381515
4.05678 0.269781 -0.0308778
4.07768 0.269442 -0.0162522
4.10803 0.268305 -0.0374339
4.11593 0.267928 -0.0476423
4.12837 0.266773 -0.092591
4.15928 0.264088 -0.086644
4.17665 0.262877 -0.0696166
4.19417 0.26206 -0.0466111
4.22428 0.26077 -0.0428175
4.26444 0.26124 0.0116961
4.29317 0.262477 0.0430443
4.32057 0.263518 0.0379736
4.34597 0.264925 0.0553443
4.37534 0.266528 0.0545296
4.38948 0.267502 0.0687135
4.40952 0.269375 0.0932267
4.42532 0.27092 0.0974214
4.4458 0.272551 0.0794788
4.46092 0.274007 0.0960634
4.48992 0.277516 0.120379
4.51822 0.282027 0.15809
4.56228 0.290179 0.182941
4.60278 0.296734 0.160465
4.63556 0.302476 0.173429
4.67012 0.30862 0.175949
4.70837 0.314525 0.153132
4.7441 0.318828 0.119862
4.76865 0.321737 0.117965
4.7916 0.324746 0.130345
4.81965 0.328262 0.12471
4.84865 0.329704 0.0496929
4.87045 0.330289 0.0268164
4.88619 0.330281 -0.000535924
4.9086 0.330342 0.00275272
4.93595 0.329806 -0.0195931
4.95861 0.329183 -0.027481
4.98015 0.328536 -0.0300394
4.98837 0.328491 -0.00549727
5.01889 0.329171 0.0222698
5.03225 0.329749 0.0432432
5.04828 0.330407 0.0410144
5.05777 0.330663 0.0270067
5.06611 0.331091 0.0511771
5.07862 0.331631 0.0432045
5.08284 0.331768 0.0324854
5.09229 0.33203 0.0276496
5.09873 0.332187 0.0243921
5.114 0.332564 0.0246679
5.12573 0.333023 0.0390997
5.13737 0.333238 0.0184705
5.1521 0.333295 0.00388771
5.16489 0.332569 -0.0566718
5.17411 0.33194 -0.0681596
5.18219 0.331216 -0.0893444
5.18732 0.330718 -0.0967509
5.2032 0.329638 -0.0679352
True
0.067922
