-5.45864 0.683868 0.0423476
-5.40864 0.684651 0.0156656
-5.37214 0.685984 0.0364827
-5.32707 0.686415 0.0095791
-5.2773 0.690074 0.07338
-5.22786 0.69482 0.0957114
-5.1815 0.69819 0.072548
-5.13354 0.703908 0.118667
-5.08391 0.709182 0.105855
-5.03777 0.713632 0.0961632
-5.00541 0.715389 0.0542285
-4.96137 0.719828 0.10046
-4.91949 0.722585 0.0657502
-4.8722 0.727135 0.0959048
-4.8248 0.731752 0.0970988
-4.77502 0.73627 0.0905305
-4.7354 0.739669 0.0855875
-4.68873 0.74281 0.0672015
-4.63976 0.747926 0.10409
-4.59312 0.754232 0.13436
-4.54429 0.761751 0.152815
-4.49512 0.768405 0.134499
-4.44701 0.775984 0.156245
-4.40109 0.783959 0.171945
-4.35883 0.791168 0.168962
-4.30937 0.797816 0.133619
-4.26256 0.804915 0.150499
-4.21324 0.81271 0.156745
-4.16471 0.821382 0.176841
-4.11907 0.829805 0.182502
-4.0746 0.836846 0.157022
-4.03348 0.842309 0.132097
-3.99392 0.847706 0.135595
-3.94599 0.852483 0.0993244
-3.89625 0.857448 0.0995054
-3.84863 0.862328 0.102088
-3.79915 0.867796 0.110098
-3.75451 0.872528 0.105587
-3.70728 0.876936 0.0930554
-3.6596 0.881963 0.10507
-3.62267 0.885549 0.0967764
-3.57687 0.892119 0.142459
-3.52716 0.897279 0.103448
-3.47814 0.901104 0.0778794
-3.42874 0.907011 0.118985
-3.37932 0.911402 0.088627
-3.33993 0.915005 0.0911996
-3.30027 0.918809 0.0956318
-3.25243 0.922028 0.0671885
-3.20832 0.924435 0.054526
-3.16384 0.927585 0.070705
-3.11551 0.931619 0.083264
-3.0708 0.937227 0.124778
-3.02174 0.943203 0.12121
-2.98093 0.94968 0.157385
-2.9344 0.955277 0.119744
-2.89316 0.962625 0.176279
-2.85434 0.968043 0.138683
-2.80491 0.973405 0.108058
-2.75866 0.980504 0.152299
-2.71263 0.986857 0.137155
-2.66558 0.992613 0.121737
-2.61652 0.997235 0.0939241
-2.56739 1.00222 0.101174
-2.52345 1.00836 0.13887
-2.47382 1.01426 0.118299
-2.42406 1.01901 0.0951353
-2.38047 1.02276 0.0856872
-2.33091 1.02836 0.112594
-2.28227 1.03631 0.162128
-2.23352 1.04625 0.200968
-2.18551 1.05466 0.173554
-2.13818 1.0638 0.190632
-2.09007 1.07107 0.149958
-2.06035 1.07683 0.191728
-2.01156 1.08693 0.204089
-1.96863 1.09653 0.219953
-1.92191 1.10595 0.198905
-1.87382 1.11574 0.200788
-1.83126 1.12361 0.182973
-1.7856 1.13427 0.229283
-1.73657 1.14384 0.192825
-1.69368 1.15143 0.175169
-1.64881 1.15853 0.156994
-1.60727 1.16449 0.142377
-1.56134 1.1713 0.147174
-1.51646 1.17574 0.0985785
-1.47911 1.17889 0.0843441
-1.44824 1.18184 0.0951472
-1.41206 1.18412 0.0629816
-1.36242 1.18704 0.0586815
-1.31312 1.19062 0.0724592
-1.26323 1.19401 0.0678898
-1.21385 1.19752 0.0710248
-1.1658 1.20384 0.130666
-1.128 1.20859 0.125178
-1.079 1.2136 0.101781
-1.03329 1.21849 0.106585
-0.994668 1.22181 0.0857762
-0.947901 1.22665 0.103165
-0.898707 1.23259 0.120166
-0.849232 1.23844 0.11763
-0.803847 1.24278 0.095411
-0.75408 1.24502 0.0448883
-0.70432 1.24617 0.0230768
-0.65657 1.24699 0.0173395
-0.613225 1.24843 0.0331031
-0.56487 1.25104 0.05392
-0.514891 1.25244 0.0281087
-0.466864 1.25395 0.0313008
-0.41859 1.25359 -0.00745927
-0.368851 1.25354 -0.000899264
-0.319084 1.2525 -0.0208487
-0.269093 1.25223 -0.00548141
-0.223679 1.25404 0.0398869
-0.182744 1.25716 0.0759052
-0.133113 1.25963 0.0497372
-0.0856205 1.2633 0.0772057
-0.0359348 1.26774 0.089052
0.00191679 1.27102 0.0864907
0.0517583 1.27498 0.0793393
0.0937705 1.27973 0.112531
0.136173 1.2833 0.084066
0.176415 1.28779 0.111108
0.220259 1.29347 0.128749
0.260652 1.30136 0.192956
0.305184 1.30981 0.18759
0.351423 1.31784 0.17193
0.4005 1.32738 0.191872
0.448718 1.33607 0.178329
0.496363 1.34535 0.192484
0.544784 1.35779 0.251356
0.593579 1.3682 0.210327
0.642601 1.37764 0.190053
0.69156 1.38754 0.199553
0.737228 1.39553 0.173186
0.786488 1.40395 0.169463
0.834924 1.41189 0.162416
0.880817 1.41925 0.158952
0.923745 1.42458 0.123542
0.972671 1.43032 0.116867
1.01228 1.43354 0.0810649
1.06162 1.43795 0.0892131
1.10728 1.44216 0.0919556
1.15532 1.44617 0.0832494
1.20527 1.44834 0.0433343
1.25474 1.45207 0.0753447
1.30459 1.45553 0.069279
1.3518 1.45898 0.0728053
1.38928 1.46324 0.113309
1.4284 1.46699 0.0955549
1.4765 1.47088 0.0807644
1.52299 1.47436 0.0745851
1.57118 1.47698 0.0542819
1.61168 1.48057 0.088456
1.66065 1.48499 0.0901349
1.71027 1.49108 0.122081
1.76012 1.49497 0.0778064
1.8084 1.49754 0.0532446
1.84829 1.49724 -0.0076153
1.89137 1.49609 -0.0265423
1.94122 1.49642 0.00658828
1.97973 1.49677 0.00897075
2.02763 1.49863 0.038789
2.07565 1.49946 0.0172666
2.12393 1.50021 0.0156645
2.17325 1.5015 0.0260155
2.22101 1.50241 0.0191058
2.27024 1.50232 -0.0017095
2.31424 1.50228 -0.00106182
2.36422 1.50323 0.0191025
2.41087 1.50591 0.0573559
2.45688 1.50937 0.0751239
2.49955 1.51165 0.0533655
2.54221 1.51342 0.0413715
2.58494 1.51617 0.0642151
2.63469 1.52012 0.0793781
2.68367 1.52227 0.0437111
2.73295 1.52385 0.0321448
2.78028 1.52475 0.0189554
2.83016 1.52537 0.0125301
2.8723 1.52585 0.0113595
2.91915 1.52673 0.0188076
2.96894 1.52524 -0.0299574
3.0093 1.52424 -0.024873
3.05888 1.52261 -0.0328739
3.10295 1.52196 -0.0146913
3.15248 1.52149 -0.00944082
3.17917 1.52122 -0.010067
3.21247 1.52067 -0.0166287
3.26076 1.5177 -0.0613168
3.30668 1.516 -0.0371899
3.34176 1.51657 0.0162902
3.37991 1.51756 0.0260358
3.42113 1.52025 0.0650816
3.46252 1.52365 0.0819918
3.50857 1.52675 0.0672677
3.54193 1.52801 0.0377167
3.58159 1.53009 0.0524225
3.6145 1.53242 0.0705678
3.64578 1.53407 0.0528947
3.67999 1.53603 0.0570301
3.69978 1.53653 0.0254483
3.72423 1.53644 -0.00362784
3.75313 1.53662 0.00611387
3.78177 1.53651 -0.00374156
3.82412 1.54096 0.104746
3.86977 1.54661 0.123191
3.89935 1.54962 0.101182
3.92632 1.55239 0.10227
3.97254 1.55827 0.126618
3.98997 1.56055 0.130327
4.02486 1.56432 0.107522
4.05509 1.5691 0.156706
4.10286 1.57629 0.149379
4.14364 1.58032 0.0985994
4.16758 1.58339 0.127382
4.1957 1.58775 0.153816
4.24439 1.59403 0.128307
4.27193 1.59714 0.112667
4.28845 1.59801 0.0526528
4.31186 1.60044 0.103455
4.324 1.60181 0.112158
4.34284 1.60378 0.104306
4.36524 1.60521 0.0637564
4.38112 1.60726 0.12802
4.39667 1.60911 0.118163
4.40926 1.6118 0.210568
4.42504 1.61406 0.142631
4.42723 1.61441 0.157131
4.46362 1.62062 0.169173
4.47772 1.62324 0.183044
4.49016 1.62554 0.183431
4.4988 1.62693 0.159452
4.51027 1.62904 0.181733
4.5222 1.63109 0.17005
4.53506 1.63293 0.142304
4.55551 1.63633 0.164778
4.57138 1.63913 0.174813
4.58274 1.64051 0.120387
4.59127 1.64149 0.114139
4.6057 1.64311 0.111903
4.62495 1.64541 0.119204
4.65726 1.64774 0.0720249
4.66907 1.64899 0.105421
4.6781 1.64979 0.087706
4.68358 1.65035 0.101943
4.68818 1.65064 0.0628089
4.70861 1.65182 0.0577214
4.73448 1.65337 0.0600982
4.7522 1.65411 0.0412735
4.76366 1.65453 0.0370717
4.7733 1.65496 0.0443376
4.78094 1.65532 0.0472124
4.79254 1.65552 0.0176516
4.80434 1.65523 -0.0245608
4.83382 1.65467 -0.0192926
4.84104 1.65419 -0.065813
4.84288 1.65395 -0.128034
4.85075 1.65257 -0.17404
4.86908 1.64886 -0.199882
4.88721 1.64499 -0.210302
4.89243 1.64388 -0.208644
4.90515 1.64112 -0.213748
4.9258 1.63724 -0.185997
4.93571 1.63436 -0.28207
4.94637 1.63145 -0.266694
4.95488 1.62861 -0.322236
4.9639 1.62627 -0.253633
4.97008 1.62476 -0.239431
4.98831 1.62159 -0.172057
5.016 1.6181 -0.125724
5.03183 1.61624 -0.116817
5.03739 1.61575 -0.0878824
5.04899 1.61495 -0.0685065
5.07241 1.61323 -0.0732568
5.08094 1.61258 -0.0765345
5.09179 1.61158 -0.0914002
5.09982 1.61049 -0.135246
5.11227 1.60888 -0.129039
5.13506 1.6062 -0.116885
5.146 1.60511 -0.0995681
5.15628 1.6041 -0.0981133
5.16723 1.60346 -0.0575307
5.17871 1.60302 -0.0384873
5.18914 1.60279 -0.0224726
5.20224 1.60246 -0.0249791
5.21774 1.60179 -0.0432749
5.22211 1.6016 -0.0422839
5.23072 1.60121 -0.045866
5.24046 1.60082 -0.0396159
5.26654 1.59942 -0.053789
True
0.236941
