4.48046 -0.0114778 -2.61044
4.46453 -0.0222741 -2.54592
4.43918 -0.0412096 -2.50014
4.4122 -0.0619239 -2.48682
4.37908 -0.0900261 -2.43791
4.34474 -0.120559 -2.41484
4.32265 -0.14368 -2.33342
4.28902 -0.180682 -2.30846
4.25822 -0.217548 -2.26684
4.22737 -0.256804 -2.23678
4.20084 -0.295423 -2.17269
4.17515 -0.336776 -2.12685
4.15245 -0.380123 -2.05311
4.13229 -0.425668 -1.98745
4.11037 -0.470599 -2.02483
4.09036 -0.516017 -1.98571
4.07168 -0.562208 -1.9551
4.05359 -0.607064 -1.95419
4.04209 -0.634302 -1.97022
4.02496 -0.677581 -1.94775
4.00519 -0.723504 -1.97726
3.98355 -0.768547 -2.01865
3.96138 -0.81204 -2.04218
3.93782 -0.856089 -2.06191
3.92529 -0.88287 -2.00842
3.90602 -0.927869 -1.97544
3.89178 -0.962532 -1.9606
3.87847 -0.99526 -1.95693
3.85964 -1.04148 -1.9578
3.84012 -1.0852 -1.99074
3.82172 -1.12747 -1.98117
3.80545 -1.16428 -1.98716
3.7867 -1.21054 -1.95587
3.76841 -1.25706 -1.94543
3.75206 -1.29723 -1.95729
3.73606 -1.33567 -1.96524
3.71998 -1.38026 -1.91691
3.70533 -1.42175 -1.91025
3.69085 -1.46698 -1.88056
3.67565 -1.51429 -1.88165
3.66446 -1.5417 -1.95823
3.65005 -1.57727 -1.95587
3.63165 -1.6196 -1.98069
3.61497 -1.65957 -1.9662
3.59844 -1.69739 -1.98301
3.58198 -1.73468 -1.98643
3.56062 -1.77989 -2.01222
3.53905 -1.82304 -2.03434
3.51686 -1.86714 -2.03692
3.49294 -1.91094 -2.07074
3.46888 -1.95299 -2.09034
3.44447 -1.99343 -2.11397
3.42096 -2.03712 -2.06441
3.39896 -2.07714 -2.07338
3.37964 -2.11267 -2.06896
3.36449 -2.14356 -2.02683
3.34153 -2.18798 -2.04786
3.31723 -2.23163 -2.07861
3.29527 -2.27585 -2.03179
3.27209 -2.31996 -2.05472
3.25257 -2.35436 -2.0869
3.22714 -2.39586 -2.1204
3.20239 -2.43104 -2.1839
3.17559 -2.46921 -2.18311
3.14814 -2.5088 -2.17695
3.11745 -2.54813 -2.23339
3.08488 -2.58567 -2.28543
3.05747 -2.61733 -2.28436
3.02492 -2.65468 -2.28773
2.99183 -2.69021 -2.32061
2.95632 -2.72499 -2.36666
2.92561 -2.75212 -2.4178
2.88746 -2.78444 -2.43886
2.85258 -2.81404 -2.4379
2.81542 -2.84689 -2.41767
2.7812 -2.88027 -2.36871
2.74497 -2.91458 -2.38323
2.71272 -2.94561 -2.37554
2.68792 -2.966 -2.4534
2.65166 -2.99628 -2.44595
2.61551 -3.02329 -2.49992
2.57629 -3.05208 -2.50833
2.54577 -3.07236 -2.55515
2.50344 -3.09874 -2.58422
2.46843 -3.12242 -2.54698
2.42927 -3.14955 -2.53563
2.39379 -3.17427 -2.53306
2.3521 -3.20188 -2.55675
2.32086 -3.22268 -2.55405
2.28228 -3.24645 -2.58947
2.24109 -3.27236 -2.58
2.20458 -3.29491 -2.5884
2.16398 -3.32037 -2.5815
2.12308 -3.34542 -2.5921
2.08171 -3.36956 -2.61332
2.04068 -3.3969 -2.55377
1.99989 -3.42316 -2.56959
1.95709 -3.44837 -2.60934
1.91585 -3.46985 -2.66145
1.87111 -3.49135 -2.69347
1.8264 -3.51353 -2.68126
1.79296 -3.53028 -2.67719
1.75435 -3.54936 -2.68246
1.71354 -3.56848 -2.70351
1.67702 -3.5863 -2.68759
1.63379 -3.60853 -2.66662
1.58989 -3.63246 -2.64249
1.54574 -3.65593 -2.65305
1.5003 -3.67585 -2.7285
1.46211 -3.69425 -2.69253
1.41866 -3.71296 -2.73493
1.37378 -3.72969 -2.7848
1.32723 -3.74654 -2.79435
1.2803 -3.76334 -2.79775
1.24016 -3.77963 -2.75626
1.19567 -3.79742 -2.76106
1.15454 -3.81359 -2.76696
1.10781 -3.83129 -2.77968
1.0656 -3.84487 -2.83019
1.01912 -3.8609 -2.80961
0.971299 -3.87549 -2.84549
0.926355 -3.88879 -2.85373
0.882483 -3.90122 -2.86556
0.843253 -3.91085 -2.90077
0.797733 -3.92269 -2.88712
0.752383 -3.93346 -2.90844
0.716095 -3.94203 -2.90984
0.669098 -3.95346 -2.903
0.622696 -3.96337 -2.93107
0.574789 -3.974 -2.92342
0.528145 -3.98255 -2.96031
0.486927 -3.98917 -2.98214
0.437651 -3.99761 -2.97198
0.395964 -4.00344 -3.00274
0.350049 -4.01038 -2.9915
0.303307 -4.01668 -3.00767
0.268855 -4.02093 -3.01888
0.219631 -4.02708 -3.01723
0.170693 -4.03303 -3.02067
0.125896 -4.03957 -2.99672
0.0786707 -4.04695 -2.98641
0.0294631 -4.0558 -2.96377
-0.0197779 -4.06252 -3.00587
-0.0691097 -4.06992 -2.9928
-0.118368 -4.07792 -2.98049
-0.167057 -4.08802 -2.93712
-0.215673 -4.09371 -3.02496
-0.249435 -4.09907 -2.98419
-0.295414 -4.10453 -3.02353
-0.33835 -4.10903 -3.03704
-0.377527 -4.1137 -3.02293
-0.414502 -4.11549 -3.09341
-0.457674 -4.11869 -3.06744
-0.505071 -4.12329 -3.04488
-0.55081 -4.12664 -3.06853
-0.599053 -4.13016 -3.06874
-0.641275 -4.13255 -3.08498
-0.681224 -4.13595 -3.05672
-0.728826 -4.13968 -3.06343
-0.776255 -4.14308 -3.07007
-0.822743 -4.14406 -3.12038
-0.866818 -4.14538 -3.11167
-0.914164 -4.1474 -3.09913
-0.957271 -4.14906 -3.10308
-1.0019 -4.14925 -3.13718
-1.05178 -4.15269 -3.0728
-1.08687 -4.15436 -3.09415
-1.13378 -4.15751 -3.07443
-1.18301 -4.16003 -3.0905
-1.22817 -4.16326 -3.07019
-1.27796 -4.16652 -3.07611
-1.31673 -4.16896 -3.07891
-1.34509 -4.16985 -3.11013
-1.39013 -4.17002 -3.13786
-1.43981 -4.16902 -3.1617
-1.48775 -4.16991 3.16016
-1.53774 -4.16962 -3.14728
-1.58506 -4.16775 3.10204
-1.62904 -4.16702 3.12483
-1.67873 -4.16399 3.08071
-1.7286 -4.16148 3.09148
-1.77764 -4.15639 3.0381
-1.82577 -4.15364 3.08453
-1.86907 -4.15001 3.05782
-1.91166 -4.1501 3.14384
-1.95823 -4.14932 -3.15841
-2.00452 -4.14823 3.11811
-2.04732 -4.14868 3.15199
-2.09672 -4.14704 -3.17465
-2.13837 -4.14646 3.12762
-2.17318 -4.14823 3.19243
-2.21968 -4.15231 -3.05419
-2.26951 -4.15626 -3.06249
-2.31173 -4.1618 -3.01108
-2.36119 -4.16821 -3.0126
-2.40112 -4.17372 -3.00452
-2.42871 -4.17822 -2.97993
-2.46117 -4.18216 -3.02088
-2.50195 -4.18743 -3.01309
-2.55123 -4.1943 -3.00298
-2.58541 -4.19833 -3.02449
-2.62133 -4.20017 -3.09026
-2.66125 -4.20184 -3.09991
-2.70094 -4.20319 -3.10744
-2.74611 -4.20642 -3.07028
-2.79576 -4.20933 -3.08299
-2.83395 -4.21153 -3.08405
-2.87685 -4.21428 -3.07761
-2.91109 -4.21716 -3.05756
-2.94596 -4.22087 -3.03568
-2.96515 -4.2225 -3.05703
-2.99197 -4.22423 -3.07716
-3.02182 -4.22599 -3.08271
-3.04471 -4.22822 -3.04444
-3.07017 -4.22966 -3.08516
-3.09146 -4.2306 -3.09754
-3.10514 -4.23119 -3.09804
-3.13581 -4.23284 -3.08796
-3.16076 -4.23355 -3.11307
-3.19042 -4.23422 -3.11917
-3.22162 -4.23413 -3.14439
-3.22357 -4.2341 3.12731
-3.2286 -4.23389 3.09917
-3.25111 -4.23358 3.12793
-3.26797 -4.23347 3.13538
-3.29109 -4.23231 3.09114
-3.31089 -4.23112 3.08196
-3.31987 -4.23039 3.05979
-3.34006 -4.22903 3.0744
-3.36184 -4.22778 3.08434
-3.37523 -4.2267 3.06099
-3.38381 -4.22596 3.0558
-3.40547 -4.22391 3.0472
-3.4305 -4.2217 3.05343
-3.46497 -4.21903 3.06424
-3.49702 -4.21653 3.06368
-3.51934 -4.21587 3.11208
-3.55371 -4.21552 3.13143
-3.57882 -4.21556 3.14318
-3.6033 -4.21562 -3.13918
-3.63598 -4.21678 -3.10586
-3.65749 -4.21799 -3.08547
-3.67446 -4.22022 -3.01116
-3.70171 -4.22349 -3.02218
-3.71818 -4.22566 -3.01055
-3.72698 -4.22685 -3.00694
-3.7452 -4.22858 -3.04704
-3.77128 -4.23109 -3.04575
-3.79082 -4.23226 -3.08149
-3.80236 -4.23333 -3.04904
-3.81124 -4.23442 -3.01975
-3.82602 -4.23672 -2.98693
-3.83586 -4.23822 -2.99087
-3.85458 -4.24131 -2.97802
-3.86155 -4.24251 -2.97138
-3.87077 -4.24362 -3.02159
-3.88118 -4.2448 -3.0282
-3.89739 -4.24654 -3.03465
-3.91205 -4.24833 -3.02008
-3.92924 -4.25095 -2.99055
-3.93734 -4.25272 -2.92706
-3.94553 -4.25456 -2.91971
-3.95093 -4.25595 -2.88937
-3.96332 -4.2589 -2.90795
-3.98285 -4.26433 -2.87079
-4.00047 -4.26962 -2.84973
-4.02747 -4.27777 -2.84847
-4.04571 -4.28291 -2.86678
-4.05303 -4.28505 -2.85739
-4.05973 -4.28672 -2.89717
-4.07103 -4.289 -2.942
-4.06867 -4.28856 -2.95608
-4.08435 -4.29163 -2.94853
-4.10052 -4.29524 -2.92185
-4.10896 -4.2973 -2.90157
-4.1228 -4.30036 -2.92455
-4.13377 -4.30247 -2.95111
-4.13444 -4.30263 -2.91442
-4.14917 -4.30682 -2.8645
-4.16378 -4.31163 -2.82341
-4.17968 -4.31698 -2.81694
-4.18846 -4.32049 -2.7611
-4.19921 -4.32505 -2.74078
-4.20573 -4.32742 -2.79309
-4.21607 -4.33109 -2.80001
-4.23238 -4.33628 -2.83384
-4.23826 -4.33824 -2.82018
True
0.172378
