-5.46379 1.26969 -0.0281555
-5.42529 1.26898 -0.0183356
-5.37647 1.26878 -0.00419328
-5.3362 1.26909 0.00780834
-5.29122 1.26934 0.00549709
-5.24676 1.26872 -0.0138613
-5.2088 1.26966 0.0246989
-5.15881 1.27019 0.0106941
-5.12652 1.2707 0.015586
-5.08677 1.26982 -0.0221364
-5.03989 1.27074 0.0195782
-4.99135 1.27283 0.0431161
-4.94143 1.27171 -0.0224681
-4.90307 1.26991 -0.0468002
-4.85319 1.26831 -0.0320586
-4.80989 1.26547 -0.0655787
-4.76272 1.26533 -0.00297007
-4.71279 1.26264 -0.0537525
-4.66436 1.26088 -0.0362757
-4.615 1.25754 -0.0676207
-4.57538 1.25504 -0.0630056
-4.52587 1.25004 -0.100668
-4.48875 1.24526 -0.128168
-4.44381 1.23734 -0.174304
-4.40637 1.23265 -0.124783
-4.35869 1.22682 -0.121505
-4.31513 1.22138 -0.124281
-4.2654 1.21637 -0.100464
-4.22517 1.21179 -0.113357
-4.18262 1.20648 -0.124245
-4.13853 1.2011 -0.121344
-4.0898 1.19469 -0.130875
-4.04055 1.18677 -0.159373
-3.99144 1.18097 -0.117491
-3.94219 1.17313 -0.157923
-3.90526 1.16697 -0.165379
-3.87242 1.16354 -0.103807
-3.82413 1.15662 -0.14238
-3.78055 1.1516 -0.11465
-3.7329 1.14549 -0.127681
-3.70038 1.13995 -0.168678
-3.65328 1.13342 -0.137638
-3.61392 1.12669 -0.169473
-3.56758 1.11783 -0.188821
-3.52227 1.10881 -0.196602
-3.4869 1.10125 -0.2106
-3.44138 1.09056 -0.230614
-3.39352 1.07949 -0.22725
-3.34719 1.07194 -0.161702
-3.30198 1.06319 -0.191062
-3.26422 1.05942 -0.099474
-3.22511 1.05403 -0.137116
-3.17675 1.04974 -0.0883664
-3.12957 1.04564 -0.0867206
-3.08404 1.04177 -0.0847875
-3.03703 1.03723 -0.0962384
-2.98807 1.03426 -0.0605903
-2.93852 1.03387 -0.00782254
-2.89575 1.03322 -0.0152285
-2.8489 1.03216 -0.0226326
-2.80634 1.03186 -0.00707959
-2.7597 1.03192 0.00129771
-2.71157 1.03276 0.0173361
-2.66947 1.03296 0.0047779
-2.62013 1.03417 0.0246418
-2.57964 1.03504 0.0213799
-2.52992 1.03141 -0.0727718
-2.48662 1.03094 -0.0110499
-2.44169 1.02956 -0.0305414
-2.39274 1.02693 -0.0536231
-2.34853 1.02227 -0.105056
-2.29937 1.01669 -0.113115
-2.26171 1.0119 -0.126483
-2.21245 1.00461 -0.146982
-2.16307 0.99686 -0.155617
-2.1137 0.989881 -0.140445
-2.0723 0.984791 -0.122312
-2.02669 0.980512 -0.0935562
-1.97695 0.976362 -0.0832596
-1.92741 0.971274 -0.10233
-1.87883 0.967244 -0.0827668
-1.82975 0.964182 -0.0623134
-1.77978 0.962666 -0.030314
-1.72981 0.960908 -0.0351642
-1.68656 0.960081 -0.0191295
-1.6366 0.959828 -0.0050674
-1.58661 0.960577 0.0149771
-1.53668 0.961422 0.0169388
-1.49875 0.959827 -0.0420368
-1.45187 0.958735 -0.0232958
-1.40189 0.960149 0.0282846
-1.35293 0.962404 0.0460252
-1.30333 0.967642 0.105203
-1.2643 0.969726 0.0533622
-1.21599 0.971182 0.0301304
-1.16679 0.974261 0.0624923
-1.12038 0.977817 0.076475
-1.07965 0.97968 0.0457022
-1.02975 0.981741 0.0412915
-0.980481 0.983736 0.0404702
-0.9371 0.986351 0.060201
-0.903755 0.989119 0.0828194
-0.853827 0.991711 0.0518644
-0.803995 0.994047 0.0468461
-0.754115 0.994989 0.0188857
-0.704196 0.997121 0.0426851
-0.654994 0.999259 0.04343
-0.615195 1.00129 0.0511017
-0.566416 1.00215 0.0176153
-0.516475 0.999976 -0.0435872
-0.469277 0.997878 -0.0444192
-0.423824 0.99497 -0.0638981
-0.373945 0.993471 -0.0300352
-0.327894 0.993613 0.0030661
-0.279306 0.994694 0.0222612
-0.230354 0.995468 0.0158074
-0.182537 0.995792 0.00676134
-0.135528 0.996668 0.018634
-0.0958589 0.997359 0.0174223
-0.0490024 0.997685 0.0069704
-0.00212736 0.997127 -0.0119061
0.0477561 0.99616 -0.0193886
0.0968082 0.997804 0.0335026
0.141442 0.998389 0.0130952
0.191376 0.997403 -0.0197362
0.235951 0.998081 0.015217
0.28154 0.99904 0.0210269
0.331191 1.00057 0.0307835
0.374247 1.00079 0.00524724
0.417623 0.998966 -0.0421311
0.46736 0.9986 -0.00735544
0.513146 0.999545 0.0206192
0.562544 1.00019 0.0130378
0.608723 1.0014 0.0262017
0.656976 1.00317 0.0366242
0.706944 1.00479 0.0325316
0.728359 1.00501 0.0100397
0.769757 1.00516 0.00358218
0.819752 1.0058 0.0129417
0.86951 1.00756 0.0352205
0.914029 1.00955 0.0446351
0.96376 1.0102 0.0130956
0.997833 1.01191 0.0503763
1.04653 1.01579 0.0793898
1.09629 1.01952 0.0747511
1.13856 1.02239 0.0680074
1.18823 1.02796 0.111516
1.23789 1.03185 0.0781591
1.28034 1.03398 0.0501484
1.32847 1.0349 0.0192545
1.37683 1.03553 0.0130186
1.42339 1.03719 0.0356122
1.46922 1.03887 0.0365471
1.51521 1.04192 0.0663299
1.55944 1.04496 0.0685484
1.60734 1.04753 0.0535726
1.65339 1.04793 0.00870137
1.70227 1.05033 0.0491828
1.73864 1.05258 0.0617176
1.77827 1.05573 0.0791761
1.82552 1.0594 0.0775272
1.87527 1.06372 0.0866591
1.91416 1.06867 0.126564
1.95687 1.07282 0.0969632
1.97955 1.07445 0.0715231
2.02639 1.07751 0.0653738
2.07504 1.07819 0.0138317
2.11353 1.07893 0.0193006
2.15453 1.08165 0.0661723
2.2032 1.08404 0.0491277
2.24353 1.08453 0.0121471
2.2921 1.08542 0.0184032
2.34207 1.08698 0.0311535
2.39131 1.0885 0.0308504
2.44042 1.09111 0.0530498
2.4836 1.09288 0.0409407
2.52493 1.09581 0.0708643
2.55903 1.09766 0.0542781
2.60858 1.10269 0.101141
2.65605 1.10934 0.139222
2.70518 1.1186 0.186221
2.73482 1.1241 0.183506
2.78367 1.13197 0.159649
2.82157 1.13539 0.0900156
2.86941 1.14126 0.122253
2.91897 1.14654 0.105981
2.95925 1.15045 0.0969434
2.99488 1.15357 0.0871151
3.02805 1.15799 0.132684
3.07192 1.16312 0.116284
3.11668 1.16703 0.0872039
3.16119 1.17169 0.104208
3.20053 1.17453 0.0720502
3.24642 1.17727 0.0597774
3.28139 1.17848 0.0344473
3.30726 1.18024 0.0681544
3.33611 1.18333 0.106771
3.35592 1.18556 0.111911
3.39999 1.19147 0.133328
3.42198 1.19429 0.12736
3.45766 1.19755 0.0911128
3.49272 1.1984 0.0241754
3.52563 1.19896 0.0170952
3.57314 1.19979 0.0174933
3.60055 1.19988 0.00339085
3.63437 1.19943 -0.0134711
3.6605 1.19983 0.0152776
3.68502 1.20013 0.0123022
3.72013 1.20094 0.0229922
3.75035 1.20166 0.0238521
3.78538 1.20285 0.0341265
3.81739 1.20439 0.0479397
3.84467 1.20455 0.00581653
3.85161 1.2043 -0.0349536
3.86888 1.20378 -0.0303042
3.878 1.20373 -0.00552662
3.90062 1.2042 0.0207368
3.92478 1.2048 0.0249192
3.94415 1.20557 0.0399009
3.9614 1.20685 0.0739037
3.9855 1.20959 0.113262
4.01028 1.21248 0.116092
4.03054 1.21525 0.135778
4.05206 1.21794 0.124359
4.08861 1.22113 0.086956
4.1183 1.22317 0.0685559
4.13198 1.22395 0.0570452
4.14572 1.22517 0.0888597
4.15676 1.22601 0.0756414
4.16423 1.22626 0.0343412
4.18992 1.22761 0.052195
4.22941 1.22967 0.0520904
4.26359 1.23236 0.0788214
4.29656 1.23432 0.0592787
4.32295 1.23667 0.0885724
4.34209 1.23862 0.101577
4.37239 1.24354 0.161219
4.40457 1.24846 0.151567
4.44977 1.25533 0.150928
4.466 1.25813 0.170564
4.46924 1.25877 0.194771
4.48002 1.26059 0.167699
4.49553 1.26252 0.123627
4.51831 1.26469 0.0950136
4.52955 1.26579 0.0973184
4.5521 1.269 0.141388
4.57459 1.27315 0.182464
4.57912 1.27396 0.177386
4.58978 1.27565 0.157206
4.58944 1.2756 0.138382
4.59055 1.27573 0.111049
4.60001 1.27676 0.109307
4.60652 1.27762 0.131089
4.60928 1.2779 0.100515
4.61987 1.27901 0.104632
4.63347 1.28019 0.0861161
4.63858 1.28062 0.0850927
4.65034 1.28164 0.0861579
4.65749 1.28238 0.103011
4.6684 1.2836 0.111165
4.67303 1.28407 0.101838
4.69652 1.28709 0.127805
4.71955 1.28983 0.11836
4.72883 1.29101 0.126498
4.74421 1.29281 0.116829
4.74823 1.29336 0.136443
4.76564 1.29569 0.132919
4.78321 1.29851 0.158866
4.79781 1.30131 0.189857
4.80663 1.30305 0.195122
4.81853 1.30505 0.166482
4.83187 1.30736 0.171049
4.84122 1.30869 0.141057
4.86833 1.31256 0.142108
4.88332 1.31487 0.152256
4.9035 1.31816 0.161717
4.92103 1.32116 0.169564
4.93839 1.32421 0.173949
4.97166 1.33117 0.206137
4.98697 1.33472 0.228074
4.99266 1.33618 0.250552
4.99889 1.33772 0.243694
5.00507 1.3393 0.250245
5.00565 1.33943 0.210394
5.01349 1.34056 0.143121
5.02337 1.34187 0.132324
5.04523 1.34428 0.109492
5.06698 1.3469 0.119995
5.07863 1.34808 0.101136
5.08876 1.34911 0.101237
5.09674 1.34958 0.0588625
5.09987 1.34965 0.0224614
5.10885 1.34959 -0.00705159
5.11817 1.34963 0.00481212
5.12489 1.34986 0.0337772
5.13701 1.35041 0.0456918
5.13635 1.35043 -0.0286513
5.14265 1.35015 -0.0448757
5.15663 1.34921 -0.0670211
5.16251 1.34853 -0.115627
5.1693 1.3475 -0.150907
5.17763 1.34588 -0.191185
5.19244 1.34272 -0.210256
5.19721 1.34183 -0.18598
5.20545 1.34051 -0.158783
True
0.250171
