4.47425 -0.00914767 -2.8003
4.45513 -0.0181086 -2.70317
4.42351 -0.0346606 -2.65944
4.40541 -0.0448042 -2.63081
4.36598 -0.0678428 -2.61272
4.3271 -0.09574 -2.51929
4.29258 -0.122318 -2.48536
4.25593 -0.156106 -2.39686
4.22647 -0.181981 -2.42084
4.19803 -0.206793 -2.4243
4.16275 -0.24187 -2.35906
4.12957 -0.276687 -2.33205
4.09696 -0.314587 -2.28133
4.06733 -0.350647 -2.25871
4.03848 -0.389821 -2.2055
4.01195 -0.426605 -2.19565
4.00125 -0.441009 -2.2099
3.98009 -0.47104 -2.18446
3.97334 -0.480235 -2.20426
3.94694 -0.518103 -2.17959
3.92616 -0.551394 -2.12881
3.90116 -0.590616 -2.13828
3.87642 -0.633205 -2.09702
3.85072 -0.676093 -2.11072
3.82979 -0.710914 -2.11206
3.81145 -0.745361 -2.05992
3.7913 -0.788787 -2.00516
3.76846 -0.833237 -2.04562
3.74905 -0.879279 -1.96976
3.73032 -0.925549 -1.95539
3.71144 -0.970649 -1.96718
3.69601 -1.01782 -1.88693
3.67917 -1.06213 -1.93405
3.66649 -1.09874 -1.90408
3.65025 -1.14602 -1.90176
3.6342 -1.1933 -1.89803
3.62062 -1.23638 -1.8762
3.60842 -1.27147 -1.90525
3.5982 -1.30586 -1.85982
3.58483 -1.34699 -1.88497
3.5747 -1.3842 -1.83654
3.56285 -1.42481 -1.85475
3.54992 -1.4633 -1.89506
3.54389 -1.47871 -1.94353
3.53178 -1.51048 -1.93492
3.52017 -1.54345 -1.90951
3.50774 -1.57601 -1.9354
3.49035 -1.61729 -1.96951
3.47072 -1.66319 -1.97496
3.45443 -1.70362 -1.95369
3.44365 -1.72542 -2.03001
3.42586 -1.76441 -1.99889
3.40264 -1.80869 -2.05388
3.3834 -1.8444 -2.06486
3.36675 -1.87431 -2.07881
3.34546 -1.91143 -2.09164
3.31966 -1.95426 -2.11286
3.30151 -1.98367 -2.12383
3.27593 -2.025 -2.12502
3.25382 -2.0632 -2.09538
3.2322 -2.09779 -2.12944
3.21172 -2.1298 -2.13992
3.18543 -2.17233 -2.12452
3.15715 -2.21223 -2.18734
3.13644 -2.23924 -2.22511
3.11033 -2.27349 -2.22208
3.08038 -2.3135 -2.21328
3.05177 -2.35143 -2.21707
3.026 -2.38624 -2.20804
2.99969 -2.4178 -2.26582
2.97868 -2.44172 -2.29139
2.9462 -2.47586 -2.33132
2.91953 -2.50562 -2.30147
2.89495 -2.5339 -2.2863
2.85916 -2.56874 -2.36972
2.8267 -2.60237 -2.33839
2.80371 -2.62597 -2.34312
2.77936 -2.65303 -2.30362
2.74822 -2.68674 -2.31657
2.7142 -2.72338 -2.31923
2.68255 -2.76203 -2.25675
2.65248 -2.80198 -2.21605
2.62433 -2.8414 -2.19095
2.59738 -2.87544 -2.24043
2.57127 -2.90702 -2.26173
2.54054 -2.93982 -2.32367
2.52763 -2.95444 -2.29386
2.49637 -2.99054 -2.2845
2.46336 -3.02807 -2.29228
2.443 -3.04976 -2.32452
2.40961 -3.08142 -2.38284
2.37827 -3.10909 -2.41833
2.34384 -3.13885 -2.42884
2.30691 -3.17222 -2.40671
2.27166 -3.20588 -2.37923
2.23235 -3.23678 -2.47544
2.20243 -3.26204 -2.44052
2.17176 -3.28661 -2.46597
2.13327 -3.31541 -2.49935
2.09704 -3.34265 -2.49675
2.05982 -3.3658 -2.58524
2.01784 -3.39278 -2.57043
1.98677 -3.41201 -2.58732
1.9448 -3.43398 -2.65937
1.90358 -3.45668 -2.63815
1.86118 -3.47857 -2.665
1.82586 -3.49741 -2.65156
1.78082 -3.51902 -2.69427
1.73618 -3.54154 -2.67443
1.69102 -3.5622 -2.71253
1.64985 -3.57992 -2.73522
1.60394 -3.59769 -2.77215
1.56257 -3.61207 -2.80705
1.52047 -3.62822 -2.77543
1.47308 -3.64397 -2.82073
1.42682 -3.65701 -2.86668
1.40087 -3.66561 -2.82172
1.36293 -3.67778 -2.83116
1.31864 -3.69158 -2.83948
1.27154 -3.70561 -2.85222
1.22473 -3.71831 -2.87658
1.17885 -3.72916 -2.90941
1.13869 -3.73932 -2.89387
1.0939 -3.75029 -2.90127
1.04568 -3.76348 -2.87465
1.00495 -3.77329 -2.90524
0.959989 -3.7818 -2.9546
0.911141 -3.79166 -2.94233
0.861742 -3.79939 -2.98638
0.817232 -3.80707 -2.9707
0.77623 -3.81263 -3.00678
0.726624 -3.8188 -3.01787
0.677366 -3.82675 -2.9816
0.628007 -3.83435 -2.98893
0.581088 -3.83984 -3.02493
0.532229 -3.847 -2.99621
0.482824 -3.85184 -3.04399
0.436882 -3.85661 -3.03804
0.390775 -3.86052 -3.057
0.341777 -3.86502 -3.05005
0.292799 -3.86797 -3.08138
0.267131 -3.86874 -3.11162
0.219136 -3.8687 -3.14251
0.169242 -3.86601 3.08782
0.137131 -3.86338 3.05978
0.0872805 -3.86014 3.07665
0.0380818 -3.85905 3.11945
-0.0118789 -3.85768 3.11421
-0.0609885 -3.8562 3.11146
-0.101254 -3.85657 3.15096
-0.150839 -3.85809 -3.11111
-0.199098 -3.85977 -3.1068
-0.243571 -3.85873 -3.16482
-0.283336 -3.85898 3.1479
-0.323042 -3.85727 -3.18482
-0.366202 -3.85485 3.08567
-0.416096 -3.8519 3.0826
-0.461883 -3.84941 3.08726
-0.508914 -3.84541 3.05674
-0.558692 -3.84154 3.06393
-0.604237 -3.83681 3.03812
-0.653785 -3.83036 3.01207
-0.700821 -3.82236 2.9732
-0.748731 -3.81282 2.94495
-0.796494 -3.80194 2.9177
-0.844487 -3.7905 2.9076
-0.889547 -3.77839 2.87911
-0.937268 -3.76469 2.86194
-0.968309 -3.75547 2.85277
-1.00072 -3.74471 2.82111
-1.04765 -3.73213 2.87967
-1.08656 -3.72088 2.86022
-1.12875 -3.7101 2.89148
-1.17644 -3.69836 2.90028
-1.21904 -3.68694 2.87956
-1.26646 -3.67253 2.84669
-1.31304 -3.65862 2.85139
-1.35097 -3.64653 2.83283
-1.39905 -3.63286 2.86462
-1.44612 -3.61991 2.87326
-1.49328 -3.60542 2.84338
-1.54087 -3.59011 2.83041
-1.58715 -3.57207 2.76991
-1.62887 -3.55624 2.77898
-1.67644 -3.54099 2.83135
-1.7242 -3.52622 2.84158
-1.7672 -3.51436 2.87259
-1.8147 -3.49885 2.82583
-1.86179 -3.48264 2.81008
-1.91016 -3.47026 2.89107
-1.95794 -3.45572 2.84621
-2.00496 -3.44136 2.84505
-2.04386 -3.43019 2.86196
-2.08345 -3.41963 2.88113
-2.12173 -3.4055 2.78784
-2.16811 -3.38877 2.79546
-2.21234 -3.37253 2.78966
-2.25785 -3.35405 2.75595
-2.29551 -3.33941 2.77072
-2.33813 -3.32331 2.78047
-2.38313 -3.30761 2.80593
-2.43035 -3.29225 2.82715
-2.47529 -3.27804 2.83522
-2.52219 -3.26454 2.86142
-2.56158 -3.25405 2.88116
-2.60135 -3.24305 2.87177
-2.6443 -3.23012 2.84921
-2.68766 -3.21505 2.80723
-2.72621 -3.20098 2.79147
-2.76175 -3.18961 2.83207
-2.77645 -3.18492 2.83279
-2.81103 -3.1732 2.81462
-2.82924 -3.16613 2.77132
-2.84694 -3.15828 2.72455
-2.86685 -3.15061 2.7736
-2.89777 -3.13867 2.77315
-2.93252 -3.12533 2.77506
-2.96248 -3.11497 2.80856
-2.99055 -3.10611 2.83583
-3.02674 -3.09582 2.86456
-3.06966 -3.0853 2.90133
-3.11015 -3.0791 2.98954
-3.13397 -3.07571 3.0003
-3.16593 -3.07178 3.01935
-3.17541 -3.07068 3.02588
-3.20745 -3.0644 2.94803
-3.2328 -3.06004 2.9713
-3.26287 -3.05548 2.99107
-3.27584 -3.05322 2.96879
-3.31883 -3.04516 2.95623
-3.35561 -3.03855 2.96394
-3.3897 -3.03135 2.93335
-3.43773 -3.01783 2.86724
-3.47774 -3.00521 2.83603
-3.51476 -2.99266 2.81475
-3.55912 -2.97701 2.80255
-3.59876 -2.96289 2.79944
-3.62783 -2.95252 2.79879
-3.66076 -2.94139 2.81578
-3.68646 -2.93214 2.79601
-3.7173 -2.9226 2.84153
-3.74916 -2.91285 2.8445
-3.77795 -2.90468 2.86519
-3.81224 -2.89554 2.88099
-3.84609 -2.88622 2.873
-3.86347 -2.88143 2.8727
-3.90346 -2.86995 2.8621
-3.91681 -2.86623 2.86981
-3.9319 -2.86263 2.90752
-3.94192 -2.8605 2.93208
-3.96987 -2.85497 2.94627
-3.99358 -2.84922 2.90375
-4.02182 -2.84131 2.86837
-4.03919 -2.83646 2.86935
-4.06862 -2.82843 2.87506
-4.09301 -2.82289 2.91817
-4.10665 -2.81964 2.90785
-4.1114 -2.81844 2.8948
-4.12067 -2.81612 2.89659
-4.14873 -2.80984 2.92147
-4.16468 -2.80692 2.96027
-4.1749 -2.8053 2.98474
-4.19302 -2.80211 2.96702
-4.19978 -2.80089 2.96332
-4.21308 -2.79802 2.92921
-4.22647 -2.79497 2.91778
True
0.0701482
