-5.47914 0.313336 -0.116852
-5.43511 0.308288 -0.114157
-5.40284 0.306256 -0.0628813
-5.36048 0.305479 -0.0183195
-5.31056 0.303869 -0.032258
-5.26735 0.301344 -0.0583556
-5.21735 0.301082 -0.00523085
-5.16736 0.300489 -0.0118731
-5.12248 0.300001 -0.0108663
-5.0725 0.299369 -0.0126517
-5.029 0.299185 -0.00422928
-4.9869 0.29971 0.0124754
-4.94017 0.299713 6.50892e-05
-4.89082 0.299718 0.000103574
-4.84253 0.298791 -0.0191957
-4.79977 0.299075 0.00664576
-4.75323 0.298056 -0.0218896
-4.7086 0.296063 -0.0446366
-4.66108 0.292976 -0.064876
-4.61249 0.287602 -0.110144
-4.56262 0.285409 -0.0439469
-4.5199 0.28384 -0.0367184
-4.47227 0.281356 -0.0520989
-4.42445 0.280551 -0.0168315
-4.37784 0.280224 -0.0070077
-4.32884 0.28081 0.0119489
-4.27906 0.280097 -0.0143262
-4.23119 0.279102 -0.0207748
-4.18122 0.277463 -0.0327795
-4.13969 0.277342 -0.00293314
-4.0915 0.27841 0.022158
-4.04546 0.279207 0.0173112
-3.99854 0.280264 0.0225246
-3.94929 0.281056 0.0160911
-3.89939 0.28393 0.0575336
-3.85812 0.283312 -0.014978
-3.80819 0.284209 0.0179642
-3.75861 0.284103 -0.0021295
-3.70876 0.281611 -0.0499523
-3.6589 0.281539 -0.00145587
-3.61977 0.28031 -0.0313776
-3.57412 0.279926 -0.00841325
-3.52623 0.278633 -0.0270116
-3.48388 0.278087 -0.0128741
-3.45277 0.278488 0.0128886
-3.4106 0.279 0.0121449
-3.36408 0.278136 -0.0185722
-3.32132 0.277756 -0.00889502
-3.28053 0.276876 -0.0215565
-3.24853 0.275796 -0.0337658
-3.21057 0.27569 -0.00278315
-3.16344 0.275832 0.00301811
-3.12649 0.277598 0.047749
-3.08196 0.278579 0.0220378
-3.03367 0.280176 0.0330573
-2.9856 0.282185 0.0417753
-2.93804 0.283403 0.0255891
-2.90014 0.283283 -0.00314615
-2.85033 0.284231 0.019031
-2.80341 0.287491 0.0693663
-2.77134 0.289937 0.0761375
-2.72207 0.29443 0.0909169
-2.67904 0.298495 0.0942027
-2.63348 0.305 0.141835
-2.59632 0.309587 0.122819
-2.5605 0.313912 0.12016
-2.51138 0.318587 0.0948792
-2.46159 0.323107 0.0905422
-2.41169 0.325349 0.0448841
-2.37111 0.326206 0.0211202
-2.32126 0.329692 0.0698091
-2.27882 0.332121 0.0571905
-2.23388 0.333767 0.0365953
-2.19349 0.33523 0.0362072
-2.14479 0.338856 0.0743244
-2.09485 0.341154 0.0459917
-2.05139 0.342877 0.0396205
-2.00147 0.342962 0.00169298
-1.95691 0.343075 0.002551
-1.90751 0.345322 0.0454533
-1.86998 0.345246 -0.00203612
-1.82494 0.345346 0.00221564
-1.77509 0.348461 0.0624164
-1.72728 0.349221 0.0158981
-1.68383 0.35107 0.0425244
-1.63429 0.353003 0.038995
-1.60551 0.353388 0.0133639
-1.557 0.352748 -0.013192
-1.50719 0.349461 -0.0658995
-1.4583 0.345724 -0.0762873
-1.41569 0.342165 -0.0833269
-1.37753 0.339454 -0.0709146
-1.32801 0.332753 -0.134513
-1.27831 0.327284 -0.109599
-1.2319 0.322382 -0.105247
-1.18719 0.318011 -0.0974289
-1.14017 0.311249 -0.142863
-1.09942 0.303252 -0.193792
-1.058 0.295455 -0.18605
-1.01807 0.290499 -0.123488
-0.970775 0.284074 -0.13501
-0.92531 0.275492 -0.186557
-0.876279 0.265876 -0.193666
-0.831405 0.25544 -0.228505
-0.784647 0.245941 -0.200425
-0.73931 0.237775 -0.178203
-0.692845 0.230765 -0.149752
-0.644672 0.222032 -0.179329
-0.609303 0.217307 -0.132791
-0.560171 0.210961 -0.12845
-0.515605 0.2055 -0.121952
-0.467306 0.197704 -0.160024
-0.417859 0.190323 -0.148181
-0.370529 0.18076 -0.199354
-0.324252 0.169097 -0.246879
-0.27637 0.15492 -0.28786
-0.23768 0.143688 -0.282557
-0.199334 0.131616 -0.304991
-0.151582 0.116819 -0.300486
-0.105283 0.0998337 -0.351616
-0.0617894 0.0866574 -0.29416
-0.0156121 0.0733781 -0.280015
0.0271887 0.0604537 -0.293259
0.0751412 0.0476052 -0.261794
0.122207 0.0352977 -0.25577
0.170304 0.0221541 -0.266759
0.218708 0.00964163 -0.252963
0.264456 -0.0019335 -0.247819
0.305072 -0.0121085 -0.245468
0.352641 -0.0259211 -0.282596
0.399086 -0.0396794 -0.287989
0.438101 -0.0537406 -0.345916
0.481829 -0.0679715 -0.31463
0.524783 -0.0817816 -0.311072
0.571431 -0.0974248 -0.323563
0.617965 -0.110813 -0.280135
0.653092 -0.120845 -0.278195
0.70175 -0.132332 -0.231827
0.745015 -0.143342 -0.249183
0.793173 -0.156307 -0.262994
0.839375 -0.167653 -0.240802
0.882748 -0.175092 -0.169861
0.931354 -0.184638 -0.193937
0.980748 -0.192313 -0.154138
1.02435 -0.199887 -0.172006
1.07008 -0.2071 -0.156427
1.11957 -0.213928 -0.137128
1.16841 -0.223506 -0.193614
1.21017 -0.23152 -0.189637
1.25182 -0.240227 -0.206057
1.29289 -0.24823 -0.192455
1.32458 -0.25519 -0.216209
1.37254 -0.264336 -0.188419
1.41299 -0.27156 -0.176746
1.45548 -0.278225 -0.155584
1.50007 -0.285691 -0.165904
1.54891 -0.293387 -0.156283
1.59274 -0.299935 -0.148303
1.64029 -0.305032 -0.10679
1.67977 -0.310922 -0.148103
1.72727 -0.318189 -0.151804
1.7631 -0.324198 -0.166175
1.81148 -0.327745 -0.0731794
1.85293 -0.330572 -0.0681087
1.90258 -0.33436 -0.0761374
1.9405 -0.335926 -0.0412822
1.98448 -0.339205 -0.0743954
2.02993 -0.341039 -0.0403287
2.07986 -0.342992 -0.0390928
2.12967 -0.346068 -0.061696
2.17961 -0.348311 -0.0448772
2.22912 -0.349225 -0.0184669
2.27372 -0.351467 -0.050229
2.31791 -0.354983 -0.0793735
2.36278 -0.357029 -0.0455817
2.41177 -0.361417 -0.089333
2.4615 -0.366236 -0.0965973
2.51126 -0.371022 -0.0958793
2.55927 -0.375661 -0.0963342
2.5999 -0.379907 -0.104115
2.63864 -0.381685 -0.0458873
2.6884 -0.38565 -0.0794904
2.73718 -0.391614 -0.121672
2.78609 -0.397414 -0.118042
2.83577 -0.402778 -0.10755
2.88185 -0.408793 -0.129815
2.92571 -0.411996 -0.0728979
2.97207 -0.415054 -0.0658399
3.01417 -0.418394 -0.0791804
3.0499 -0.421354 -0.0826527
3.09477 -0.423978 -0.0584284
3.13584 -0.425909 -0.0469828
3.18352 -0.428417 -0.0525482
3.23033 -0.429743 -0.0283091
3.27878 -0.430741 -0.0205967
3.32558 -0.430082 0.0140643
3.36574 -0.430137 -0.00136287
3.40459 -0.433134 -0.0769743
3.45218 -0.436737 -0.0755717
3.48757 -0.438861 -0.0599332
3.52998 -0.441267 -0.0566862
3.5716 -0.44281 -0.0370365
3.60024 -0.44495 -0.0746232
3.6381 -0.448274 -0.0875784
3.68608 -0.452177 -0.0811519
3.72833 -0.455213 -0.0717235
3.7737 -0.457725 -0.0553337
3.80162 -0.458647 -0.0329891
3.83572 -0.460298 -0.0483883
3.8827 -0.463608 -0.07032
3.92069 -0.46538 -0.0466285
3.94928 -0.465721 -0.011928
3.9731 -0.465884 -0.00684496
4.00213 -0.464913 0.0334545
4.01662 -0.464857 0.00380463
4.03586 -0.464619 0.0123852
4.06521 -0.461651 0.100799
4.09952 -0.45844 0.093304
4.12386 -0.456072 0.0969907
4.14631 -0.454444 0.0724203
4.19249 -0.451279 0.0684204
4.23005 -0.450791 0.0129939
4.26858 -0.451056 -0.00689351
4.30969 -0.452403 -0.0327415
4.34466 -0.45245 -0.00134436
4.37529 -0.452545 -0.0031104
4.40941 -0.452105 0.0128937
4.45791 -0.450558 0.0318891
4.50105 -0.449608 0.0220166
4.53954 -0.448453 0.0299866
4.57532 -0.446599 0.0517821
4.60732 -0.445177 0.0444072
4.63377 -0.444088 0.0411589
4.64405 -0.443831 0.0250141
4.65868 -0.443792 0.00262363
4.66225 -0.443877 -0.0236085
4.67733 -0.444364 -0.0323451
4.69059 -0.444392 -0.00205212
4.71585 -0.444086 0.0121023
4.74835 -0.442975 0.0341657
4.77601 -0.44321 -0.00849475
4.80724 -0.443233 -0.000741599
4.82543 -0.443734 -0.0275124
4.84662 -0.444439 -0.0332926
4.86404 -0.445228 -0.0452479
4.88229 -0.446502 -0.0696638
4.90092 -0.447636 -0.0608277
4.93069 -0.449305 -0.0560263
4.94864 -0.450284 -0.0544494
4.97452 -0.452177 -0.0730391
4.97224 -0.45198 -0.0866013
4.98427 -0.453129 -0.0952858
4.9895 -0.453815 -0.130364
5.01019 -0.45763 -0.182341
5.02077 -0.45963 -0.186842
5.02253 -0.459913 -0.158775
5.04156 -0.462164 -0.117789
5.04835 -0.463005 -0.123132
5.06262 -0.464145 -0.0797641
5.06836 -0.464286 -0.0245979
5.07972 -0.463894 0.0345056
5.08878 -0.463495 0.0440498
5.11125 -0.462269 0.0544836
5.11985 -0.461947 0.037478
5.12746 -0.462352 -0.053151
5.13569 -0.463255 -0.109274
5.14623 -0.464247 -0.0939279
5.14895 -0.464583 -0.122462
5.16846 -0.466283 -0.0869575
5.19168 -0.468639 -0.101095
5.20611 -0.470102 -0.101036
True
0.26892
