4.48385 0.00453758 2.86767
4.45286 0.0152393 2.80906
4.41836 0.028995 2.76226
4.3747 0.0514887 2.6658
4.34107 0.0702326 2.63317
4.29919 0.0966777 2.57837
4.2604 0.128105 2.46071
4.23046 0.155011 2.40947
4.19487 0.189894 2.36626
4.16253 0.226982 2.28782
4.13283 0.261732 2.27801
4.11905 0.279533 2.22953
4.08904 0.319494 2.21499
4.06183 0.357911 2.18709
4.04172 0.389395 2.13913
4.01511 0.431575 2.13354
3.99089 0.475317 2.07649
3.97108 0.509815 2.09217
3.94999 0.548779 2.06697
3.933 0.586155 1.99723
3.91563 0.625681 1.98486
3.8977 0.671633 1.94281
3.88381 0.707642 1.93908
3.86949 0.75423 1.86903
3.86103 0.787439 1.82003
3.84961 0.835177 1.80569
3.83794 0.883448 1.80792
3.82622 0.929157 1.82191
3.81301 0.977371 1.83815
3.79953 1.02535 1.84482
3.79224 1.05241 1.83383
3.77839 1.09751 1.86878
3.76692 1.1291 1.91914
3.75095 1.17477 1.90717
3.73889 1.21377 1.87064
3.72319 1.26074 1.89333
3.70997 1.30138 1.88542
3.69389 1.34871 1.89814
3.68159 1.37885 1.9585
3.66754 1.42291 1.87952
3.6553 1.46358 1.86308
3.64519 1.49897 1.84912
3.63855 1.52374 1.83248
3.63335 1.54041 1.87306
3.61653 1.58356 1.94266
3.60664 1.60628 1.9814
3.58738 1.6512 1.9757
3.57014 1.68986 1.9904
3.55 1.73534 1.98752
3.53142 1.77659 1.99408
3.50955 1.82113 2.0273
3.48699 1.86573 2.03908
3.46175 1.90835 2.10541
3.4374 1.95193 2.08036
3.41515 1.98868 2.1153
3.39108 2.02493 2.15687
3.36465 2.06352 2.17123
3.34128 2.09749 2.17349
3.31377 2.13781 2.16952
3.29378 2.16954 2.13314
3.27262 2.2047 2.11247
3.24728 2.24586 2.12262
3.2309 2.27362 2.10384
3.21026 2.30432 2.16278
3.18444 2.34454 2.14149
3.15643 2.38442 2.18309
3.13085 2.42341 2.15154
3.10362 2.46161 2.18999
3.07433 2.50138 2.20555
3.05051 2.53231 2.22698
3.03439 2.55061 2.29296
3.01524 2.57404 2.25604
2.99836 2.5917 2.33395
2.97077 2.61823 2.3757
2.94052 2.64705 2.38032
2.91025 2.67572 2.38339
2.8761 2.70884 2.37152
2.84582 2.74101 2.3258
2.81187 2.77533 2.35099
2.78496 2.80455 2.315
2.75132 2.84129 2.31205
2.72688 2.86633 2.34419
2.69287 2.90213 2.33058
2.6561 2.93601 2.39712
2.61832 2.9686 2.42974
2.58291 2.99707 2.46436
2.5444 3.02896 2.44999
2.52447 3.04336 2.51587
2.48956 3.06696 2.54705
2.45577 3.09171 2.50951
2.43523 3.1045 2.58481
2.39351 3.13203 2.55821
2.35396 3.15796 2.56124
2.31647 3.18265 2.55923
2.27972 3.20768 2.54369
2.23807 3.2353 2.55607
2.19481 3.26017 2.61981
2.15089 3.28406 2.6434
2.11512 3.30468 2.61868
2.07019 3.32663 2.68721
2.04976 3.33664 2.68604
2.00544 3.35787 2.69475
1.96766 3.3761 2.69203
1.92225 3.39627 2.72359
1.90157 3.40595 2.70385
1.8564 3.42735 2.69914
1.81301 3.44792 2.69887
1.7735 3.46539 2.72544
1.74174 3.47911 2.7337
1.6983 3.49887 2.71468
1.65451 3.51867 2.71696
1.61371 3.53439 2.77376
1.57675 3.54974 2.74809
1.53871 3.56573 2.74371
1.49325 3.58654 2.71216
1.4489 3.60503 2.74659
1.40699 3.62369 2.72269
1.36383 3.64386 2.70451
1.32843 3.65997 2.71446
1.29367 3.67808 2.66128
1.24891 3.70003 2.68564
1.20373 3.72084 2.71012
1.16034 3.74 2.72568
1.11737 3.75891 2.72698
1.07436 3.77689 2.74562
1.02796 3.79547 2.76065
0.998625 3.80831 2.72924
0.95921 3.82638 2.71162
0.912514 3.8432 2.79596
0.867453 3.85764 2.83141
0.823254 3.8717 2.8337
0.790364 3.88233 2.82893
0.742048 3.89518 2.8817
0.693526 3.90663 2.90977
0.644338 3.91499 2.97334
0.610905 3.92121 2.95759
0.567712 3.92789 2.98805
0.525491 3.93386 3.00123
0.484863 3.94017 2.98739
0.43553 3.94782 2.98788
0.393447 3.9525 3.03067
0.343926 3.95601 3.07091
0.30177 3.95943 3.0606
0.269431 3.96203 3.06134
0.221099 3.96654 3.0485
0.172825 3.967 3.13212
0.122937 3.97017 3.07823
0.0730109 3.97102 3.12452
0.0273053 3.97103 3.14124
-0.0206148 3.9702 3.15906
-0.0677786 3.96773 -3.08929
-0.11547 3.96595 -3.10429
-0.164421 3.96458 -3.11373
-0.214399 3.96318 -3.11348
-0.262938 3.9609 -3.0946
-0.300905 3.95917 -3.09613
-0.350741 3.95761 -3.11036
-0.397114 3.95634 -3.11427
-0.444304 3.95625 -3.13956
-0.493639 3.95554 -3.12722
-0.542761 3.95406 -3.1115
-0.577369 3.95202 -3.0828
-0.626939 3.94637 -3.02806
-0.66784 3.94254 -3.04827
-0.717576 3.93831 -3.05665
-0.767034 3.93423 -3.05922
-0.807214 3.93029 -3.04407
-0.856917 3.92499 -3.03528
-0.906204 3.91953 -3.03131
-0.953941 3.91096 -2.96397
-1.00291 3.90103 -2.94139
-1.04444 3.89138 -2.91334
-1.09273 3.87845 -2.87994
-1.14069 3.86459 -2.86022
-1.18769 3.85264 -2.89262
-1.22657 3.83998 -2.82682
-1.27384 3.82555 -2.8454
-1.32056 3.81049 -2.82969
-1.36539 3.79279 -2.76558
-1.41011 3.77521 -2.76708
-1.44984 3.75721 -2.71611
-1.49565 3.73729 -2.73151
-1.53851 3.71889 -2.73606
-1.5822 3.69883 -2.71114
-1.61335 3.68485 -2.71984
-1.65863 3.66399 -2.70987
-1.70252 3.64759 -2.7839
-1.74657 3.62734 -2.71071
-1.79055 3.60902 -2.7469
-1.836 3.58833 -2.7145
-1.87892 3.57011 -2.73997
-1.92176 3.55056 -2.7136
-1.95862 3.5342 -2.72396
-2.00023 3.51441 -2.69752
-2.03429 3.49793 -2.69104
-2.073 3.47986 -2.70486
-2.11544 3.45917 -2.68784
-2.1565 3.43692 -2.64507
-2.19121 3.41705 -2.6217
-2.22152 3.40018 -2.63382
-2.26472 3.37645 -2.63928
-2.29876 3.3573 -2.62919
-2.34074 3.33142 -2.58899
-2.3821 3.30536 -2.57938
-2.4157 3.28479 -2.5922
-2.4517 3.26223 -2.58195
-2.49326 3.23443 -2.55201
-2.53441 3.20703 -2.55419
-2.57406 3.17841 -2.5163
-2.6086 3.15292 -2.50591
-2.64504 3.12793 -2.54039
-2.68331 3.09968 -2.50569
-2.71522 3.07633 -2.50981
-2.75257 3.04933 -2.51578
-2.78435 3.02519 -2.49205
-2.80988 3.00555 -2.48578
-2.83728 2.98439 -2.48406
-2.85808 2.96831 -2.48312
-2.87107 2.95838 -2.48887
-2.89192 2.94283 -2.50114
-2.90928 2.92972 -2.49455
-2.93297 2.91251 -2.51336
-2.9598 2.89313 -2.51611
-2.98048 2.87636 -2.4602
-3.00956 2.85201 -2.44458
-3.04578 2.81932 -2.40719
-3.08081 2.78817 -2.41484
-3.11521 2.75733 -2.41073
-3.14816 2.72669 -2.39245
-3.17285 2.70584 -2.4403
-3.19255 2.68965 -2.45402
-3.21882 2.66917 -2.47936
-3.25797 2.64024 -2.50508
-3.29178 2.61385 -2.47894
-3.32435 2.58925 -2.49451
-3.34582 2.57343 -2.50679
-3.35919 2.56351 -2.50323
-3.37515 2.55176 -2.50692
-3.39015 2.54108 -2.52325
-3.40775 2.52817 -2.5084
-3.41957 2.51973 -2.52185
-3.43745 2.507 -2.52278
-3.45443 2.49451 -2.50739
-3.47471 2.47863 -2.47721
-3.48694 2.46826 -2.43837
-3.513 2.44699 -2.45697
-3.5368 2.42849 -2.48098
-3.56631 2.40555 -2.48072
-3.60376 2.37828 -2.5121
-3.62876 2.35904 -2.48584
-3.66164 2.33653 -2.54125
-3.67726 2.32555 -2.52883
-3.70287 2.30739 -2.52478
-3.73247 2.28591 -2.5139
-3.75703 2.26797 -2.5107
-3.79495 2.24279 -2.55548
-3.83073 2.22119 -2.59835
-3.85672 2.20659 -2.62989
-3.87076 2.19863 -2.6255
-3.88296 2.19134 -2.60337
-3.88873 2.18786 -2.59826
-3.89906 2.18182 -2.61307
-3.90989 2.17521 -2.59362
-3.92245 2.16797 -2.61812
-3.95513 2.14916 -2.61938
-3.97826 2.13569 -2.61433
-4.00364 2.12161 -2.6351
-4.03116 2.1072 -2.65932
-4.05606 2.09402 -2.65453
-4.06974 2.08633 -2.62983
-4.08824 2.07587 -2.62719
-4.09612 2.07117 -2.6032
-4.11099 2.0628 -2.62874
-4.12768 2.05335 -2.62632
-4.14885 2.04195 -2.64773
-4.15256 2.03999 -2.65571
-4.16059 2.0357 -2.65054
-4.1597 2.03615 -2.6715
-4.16574 2.03304 -2.66666
-4.17412 2.02853 -2.64742
-4.18057 2.02509 -2.6528
-4.19317 2.01832 -2.64835
-4.19269 2.01859 -2.63991
-4.19858 2.01544 -2.65057
-4.20893 2.00941 -2.6147
-4.22117 2.00127 -2.5542
-4.22446 1.99902 -2.54192
-4.23615 1.99053 -2.5137
-4.23945 1.98823 -2.53179
-4.24877 1.98165 -2.52707
-4.25649 1.976 -2.50973
-4.26292 1.97147 -2.52833
True
0.211561
