-5.48507 -0.417879 -0.139718
-5.47536 -0.418976 -0.11253
-5.42722 -0.426059 -0.146071
-5.38352 -0.431797 -0.130582
-5.33805 -0.439937 -0.177126
-5.2905 -0.448516 -0.178493
-5.24101 -0.454743 -0.125172
-5.19343 -0.460918 -0.129072
-5.15445 -0.465606 -0.119655
-5.10754 -0.47197 -0.13488
-5.05807 -0.479128 -0.143677
-5.00843 -0.484999 -0.117737
-4.96276 -0.490821 -0.126788
-4.92831 -0.49575 -0.142091
-4.87959 -0.502181 -0.131244
-4.83343 -0.506465 -0.0925327
-4.78618 -0.509207 -0.0579815
-4.73703 -0.512557 -0.0680467
-4.68719 -0.516522 -0.0793856
-4.63756 -0.520238 -0.0747496
-4.58921 -0.525232 -0.102909
-4.54153 -0.530899 -0.118313
-4.49767 -0.535483 -0.104119
-4.44812 -0.541979 -0.130359
-4.40311 -0.547556 -0.123281
-4.35389 -0.554529 -0.140718
-4.32522 -0.55805 -0.122202
-4.27566 -0.564211 -0.12368
-4.22936 -0.57149 -0.155964
-4.18448 -0.579277 -0.171775
-4.1418 -0.586854 -0.175703
-4.09523 -0.596161 -0.197272
-4.04592 -0.604134 -0.160307
-3.99673 -0.613047 -0.179206
-3.95242 -0.619889 -0.153238
-3.90442 -0.627704 -0.161393
-3.85486 -0.634308 -0.132471
-3.80763 -0.6413 -0.146983
-3.76545 -0.646829 -0.130322
-3.71702 -0.652237 -0.1112
-3.66781 -0.659749 -0.151487
-3.62284 -0.666211 -0.14272
-3.58373 -0.671902 -0.144506
-3.53396 -0.676524 -0.0925926
-3.48747 -0.682045 -0.118216
-3.44164 -0.686542 -0.0978034
-3.39207 -0.690422 -0.0781134
-3.34816 -0.693876 -0.0784879
-3.29995 -0.698807 -0.101927
-3.25756 -0.701823 -0.0710449
-3.21304 -0.706816 -0.111681
-3.17823 -0.709517 -0.0774441
-3.13541 -0.713628 -0.095697
-3.08628 -0.714808 -0.0240121
-3.03666 -0.715728 -0.0185366
-2.99 -0.717663 -0.0414488
-2.95076 -0.720369 -0.0688585
-2.9039 -0.722488 -0.0451945
-2.85531 -0.725513 -0.0621561
-2.81103 -0.7286 -0.0696259
-2.76116 -0.73216 -0.0712514
-2.71128 -0.735469 -0.0662418
-2.66216 -0.737023 -0.0316386
-2.63121 -0.738407 -0.0446887
-2.58123 -0.739699 -0.0258461
-2.5313 -0.742079 -0.0476148
-2.48633 -0.745105 -0.0671874
-2.4426 -0.747581 -0.056569
-2.39324 -0.751224 -0.0736662
-2.34777 -0.755137 -0.085844
-2.29853 -0.757497 -0.0479016
-2.26472 -0.757868 -0.0109541
-2.22891 -0.758376 -0.014185
-2.17997 -0.761315 -0.0599885
-2.14596 -0.762056 -0.0217694
-2.09655 -0.763286 -0.0248978
-2.047 -0.763423 -0.00277029
-1.99933 -0.763582 -0.00331912
-1.94941 -0.761838 0.0349066
-1.90147 -0.76248 -0.0133872
-1.86011 -0.762557 -0.00186406
-1.81387 -0.763671 -0.0240714
-1.76979 -0.764884 -0.0275123
-1.72686 -0.766076 -0.0277665
-1.67892 -0.768771 -0.0561495
-1.63008 -0.772861 -0.0835624
-1.58711 -0.775576 -0.0630879
-1.53745 -0.779008 -0.0689907
-1.48792 -0.781977 -0.0598806
-1.44294 -0.784276 -0.0510664
-1.39308 -0.787912 -0.0728014
-1.34309 -0.788656 -0.0148823
-1.29315 -0.789235 -0.0115885
-1.24352 -0.79182 -0.0520445
-1.19415 -0.794165 -0.0474667
-1.1561 -0.796207 -0.053591
-1.10615 -0.79474 0.0293602
-1.0583 -0.794842 -0.00214252
-1.01149 -0.7934 0.0307939
-0.962995 -0.793342 0.00120825
-0.913445 -0.793072 0.00544536
-0.867725 -0.793833 -0.0166405
-0.831964 -0.792701 0.0316419
-0.782014 -0.792593 0.0021574
-0.732051 -0.792366 0.00453779
-0.687678 -0.791447 0.0207254
-0.637717 -0.792626 -0.0236109
-0.587784 -0.795035 -0.0482069
-0.540014 -0.799059 -0.08402
-0.49476 -0.805486 -0.14108
-0.449527 -0.812487 -0.153575
-0.400832 -0.819755 -0.148154
-0.351739 -0.826203 -0.130591
-0.30584 -0.831394 -0.112617
-0.259238 -0.837792 -0.136437
-0.210256 -0.844774 -0.141594
-0.160917 -0.851802 -0.141491
-0.111561 -0.858944 -0.143712
-0.0627806 -0.867003 -0.163724
-0.0133563 -0.873575 -0.132194
0.0215998 -0.879178 -0.15893
0.0702024 -0.888517 -0.189832
0.119202 -0.896975 -0.170941
0.168422 -0.904597 -0.153626
0.217842 -0.910047 -0.109839
0.261737 -0.917817 -0.175205
0.307098 -0.92276 -0.108536
0.356591 -0.929853 -0.14234
0.406168 -0.936261 -0.12855
0.454873 -0.943287 -0.143261
0.502613 -0.948908 -0.117203
0.545343 -0.954971 -0.14096
0.579221 -0.95945 -0.131437
0.616199 -0.964566 -0.137497
0.66242 -0.970656 -0.130998
0.704065 -0.975462 -0.114896
0.746258 -0.980652 -0.122381
0.780652 -0.985398 -0.137137
0.829455 -0.995036 -0.194978
0.86844 -1.00274 -0.195169
0.904226 -1.00927 -0.180412
0.952857 -1.01871 -0.191785
1.00193 -1.02802 -0.187533
1.05077 -1.03853 -0.211844
1.09979 -1.04697 -0.17051
1.14293 -1.05573 -0.200439
1.18435 -1.06319 -0.178089
1.23239 -1.07167 -0.174637
1.28106 -1.08305 -0.22981
1.32973 -1.09337 -0.208961
1.37264 -1.10199 -0.198128
1.42131 -1.11309 -0.224307
1.4698 -1.12484 -0.237715
1.51656 -1.13661 -0.246637
1.56288 -1.14734 -0.227664
1.60981 -1.15654 -0.193562
1.64933 -1.16538 -0.220036
1.69782 -1.17651 -0.225591
1.74663 -1.18674 -0.206622
1.79414 -1.1955 -0.182274
1.84159 -1.20513 -0.200236
1.8901 -1.21382 -0.177241
1.93413 -1.22436 -0.23496
1.97943 -1.23347 -0.198536
2.01788 -1.24123 -0.199131
2.06098 -1.25088 -0.220264
2.10518 -1.26252 -0.257483
2.14744 -1.27399 -0.265084
2.19333 -1.28885 -0.313109
2.24102 -1.30359 -0.299742
2.28844 -1.31902 -0.314718
2.33219 -1.32899 -0.223878
2.37268 -1.33884 -0.238653
2.41735 -1.35155 -0.277295
2.4657 -1.3632 -0.236416
2.51357 -1.37609 -0.263069
2.55005 -1.387 -0.290439
2.58935 -1.39849 -0.284506
2.63613 -1.41562 -0.351052
2.6805 -1.42936 -0.300208
2.72925 -1.44043 -0.223332
2.77783 -1.45084 -0.211096
2.82235 -1.46149 -0.234948
2.87055 -1.47462 -0.265807
2.91394 -1.48554 -0.246705
2.96211 -1.49845 -0.261716
2.9986 -1.50915 -0.285328
3.0417 -1.52247 -0.299692
3.08254 -1.536 -0.320019
3.11765 -1.54587 -0.27404
3.16431 -1.55938 -0.281747
3.20379 -1.57129 -0.293052
3.24814 -1.58472 -0.294064
3.295 -1.59929 -0.301405
3.33637 -1.6115 -0.28692
3.36523 -1.61962 -0.274447
3.40279 -1.62891 -0.242339
3.44135 -1.6407 -0.296782
3.48664 -1.65508 -0.30751
3.53073 -1.67018 -0.329872
3.5755 -1.68319 -0.282869
3.61444 -1.69429 -0.277569
3.65126 -1.70553 -0.296252
3.69131 -1.71632 -0.263236
3.7387 -1.7295 -0.27127
3.7856 -1.74143 -0.249158
3.82558 -1.75032 -0.218788
3.86918 -1.76117 -0.243837
3.91568 -1.77321 -0.253442
3.9559 -1.78517 -0.289027
3.99762 -1.79827 -0.304104
4.03291 -1.80925 -0.301811
4.0756 -1.82219 -0.29436
4.11426 -1.83371 -0.289472
4.15379 -1.84622 -0.306604
4.19348 -1.85909 -0.313367
4.22429 -1.86842 -0.294189
4.25269 -1.87677 -0.286004
4.29441 -1.88773 -0.256867
4.33273 -1.8993 -0.293171
4.36074 -1.90754 -0.286114
4.38763 -1.91494 -0.268709
4.42047 -1.92292 -0.238258
4.44901 -1.92995 -0.241581
4.47211 -1.9357 -0.24388
4.50801 -1.9439 -0.224466
4.53499 -1.94864 -0.174006
4.5494 -1.95136 -0.18676
4.55962 -1.95345 -0.202029
4.57312 -1.95615 -0.197267
4.58794 -1.95897 -0.188221
4.59868 -1.96096 -0.182755
4.61456 -1.96422 -0.202361
4.62939 -1.96702 -0.187084
4.64824 -1.9709 -0.202917
4.65869 -1.97298 -0.195953
4.67633 -1.97587 -0.162231
4.70331 -1.98061 -0.17407
4.73137 -1.98567 -0.178536
4.76728 -1.99309 -0.203785
4.80695 -2.00286 -0.241458
4.828 -2.00927 -0.295369
4.83872 -2.01302 -0.33627
4.843 -2.01453 -0.339341
4.85843 -2.02019 -0.352032
4.88291 -2.02741 -0.286717
4.89493 -2.03074 -0.270375
4.90658 -2.03363 -0.243272
4.9233 -2.0378 -0.244217
4.94372 -2.04308 -0.252853
4.95811 -2.047 -0.266225
4.97124 -2.05071 -0.275208
4.98959 -2.05596 -0.278684
4.99206 -2.05663 -0.265482
4.9955 -2.05749 -0.246172
5.0228 -2.06422 -0.241458
5.03079 -2.06627 -0.250828
5.03567 -2.06749 -0.245683
5.0333 -2.06696 -0.218126
5.04755 -2.06985 -0.199902
5.06194 -2.07228 -0.167011
5.06996 -2.07375 -0.181326
5.08434 -2.07695 -0.218913
5.08989 -2.07821 -0.223583
5.09456 -2.07929 -0.227243
5.09676 -2.07983 -0.242128
5.09767 -2.08005 -0.237774
5.09878 -2.08028 -0.201195
5.10428 -2.08151 -0.220511
5.10728 -2.08219 -0.221837
5.1071 -2.08215 -0.214398
5.1119 -2.0831 -0.19518
5.11527 -2.0836 -0.148372
5.12447 -2.08459 -0.107215
5.12629 -2.08477 -0.0951679
5.13248 -2.0854 -0.10204
5.14506 -2.08679 -0.109942
5.14708 -2.08703 -0.121831
5.14703 -2.08703 -0.171065
5.15765 -2.0889 -0.174458
5.15901 -2.08915 -0.180688
5.1637 -2.09025 -0.231204
5.16399 -2.09032 -0.24973
5.16952 -2.09175 -0.251463
5.17499 -2.09317 -0.255481
5.17758 -2.09392 -0.280413
5.17533 -2.09331 -0.264644
5.17935 -2.09447 -0.281093
5.19689 -2.09926 -0.266609
5.20205 -2.10077 -0.284299
5.20927 -2.10279 -0.272524
True
0.253086
