-5.46549 0.163839 0.22944
-5.4176 0.175677 0.242344
-5.38713 0.182993 0.235639
-5.34225 0.193102 0.22155
-5.29535 0.203408 0.216306
-5.25785 0.210752 0.193354
-5.20904 0.221519 0.217152
-5.16596 0.228993 0.17178
-5.12613 0.235155 0.153465
-5.07726 0.245723 0.212983
-5.02837 0.252835 0.144454
-4.98932 0.256924 0.104327
-4.94128 0.265348 0.173601
-4.89367 0.273702 0.17369
-4.84837 0.282697 0.196012
-4.8022 0.293173 0.223118
-4.75356 0.301169 0.162928
-4.70416 0.308876 0.154776
-4.65696 0.316289 0.155803
-4.60753 0.323352 0.141901
-4.5593 0.329968 0.136342
-4.51636 0.332137 0.0504644
-4.46675 0.336737 0.0924658
-4.42225 0.340394 0.0819782
-4.37276 0.345204 0.0968836
-4.33627 0.347787 0.0706825
-4.29034 0.351738 0.085805
-4.255 0.353894 0.0609415
-4.20577 0.358617 0.0956428
-4.15911 0.361836 0.0688694
-4.11062 0.36585 0.0825861
-4.06074 0.367635 0.0357854
-4.01643 0.369314 0.0378584
-3.96897 0.369744 0.00907275
-3.92271 0.37374 0.0861568
-3.87496 0.376192 0.0513074
-3.82897 0.377443 0.0271832
-3.78261 0.379048 0.0346171
-3.73731 0.379719 0.0148101
-3.69824 0.379541 -0.00456567
-3.65173 0.380661 0.0240809
-3.60316 0.386646 0.12261
-3.55323 0.389277 0.0526531
-3.50494 0.392009 0.0565053
-3.4558 0.394836 0.0574648
-3.41052 0.398976 0.0911871
-3.36692 0.402067 0.0707764
-3.31718 0.407115 0.101143
-3.26757 0.41334 0.12481
-3.23668 0.417915 0.147056
-3.191 0.427858 0.214321
-3.14294 0.438652 0.220921
-3.10618 0.44622 0.203058
-3.06318 0.455307 0.208237
-3.01777 0.464447 0.198645
-2.97647 0.472171 0.184853
-2.92732 0.480396 0.165818
-2.87777 0.487046 0.133404
-2.82895 0.496557 0.192428
-2.79287 0.502474 0.162558
-2.74363 0.51011 0.15384
-2.69517 0.521093 0.222876
-2.65309 0.530303 0.215485
-2.60695 0.540367 0.214739
-2.56137 0.550503 0.218822
-2.51862 0.559839 0.215031
-2.47776 0.56748 0.184846
-2.43363 0.577384 0.220804
-2.38511 0.587879 0.212987
-2.33678 0.600431 0.25409
-2.29653 0.610058 0.234805
-2.2558 0.619215 0.221147
-2.21006 0.62967 0.224707
-2.16112 0.639839 0.204869
-2.11214 0.649438 0.193525
-2.0636 0.659728 0.208913
-2.0162 0.669418 0.201645
-1.97106 0.680394 0.238535
-1.92219 0.690412 0.202191
-1.87419 0.699316 0.183421
-1.82785 0.708568 0.197071
-1.77914 0.718799 0.207014
-1.73291 0.728637 0.209639
-1.69257 0.734985 0.156126
-1.65015 0.74319 0.191059
-1.60179 0.755262 0.244618
-1.56074 0.764246 0.215421
-1.51423 0.775912 0.245788
-1.46981 0.788273 0.271411
-1.423 0.799768 0.240805
-1.37559 0.813263 0.277304
-1.32913 0.826114 0.269842
-1.28158 0.83918 0.268168
-1.24418 0.849513 0.269575
-1.19992 0.861774 0.270249
-1.15728 0.873384 0.265845
-1.10991 0.888368 0.306318
-1.07353 0.898833 0.280101
-1.02551 0.912559 0.278448
-0.989788 0.921954 0.257149
-0.951139 0.933781 0.296971
-0.909602 0.947472 0.318408
-0.866023 0.962925 0.340758
-0.822338 0.97771 0.32633
-0.784792 0.990326 0.324172
-0.750871 1.00017 0.282373
-0.72547 1.01007 0.371747
-0.697124 1.02083 0.362905
-0.659482 1.03388 0.33365
-0.621978 1.04708 0.338487
-0.598738 1.05535 0.341631
-0.575534 1.06382 0.350216
-0.551384 1.07277 0.354792
-0.523744 1.08355 0.371798
-0.496799 1.09457 0.388376
-0.464304 1.10913 0.421148
-0.437164 1.12119 0.418087
-0.402236 1.1361 0.403527
-0.363655 1.15193 0.389304
-0.336714 1.16233 0.368623
-0.299246 1.17707 0.374639
-0.263411 1.19039 0.35588
-0.226261 1.20289 0.324703
-0.188568 1.21525 0.316937
-0.150041 1.22767 0.311824
-0.126968 1.23579 0.338085
-0.0977292 1.24605 0.337694
-0.0625951 1.25847 0.339779
-0.0349905 1.26748 0.315498
-0.0187706 1.27273 0.313049
0.0113511 1.28226 0.306271
0.0216833 1.28511 0.269557
0.0394195 1.28936 0.235271
0.0611074 1.29408 0.21432
0.0867314 1.29893 0.186957
0.109173 1.30325 0.189972
0.120755 1.30572 0.210774
0.13625 1.30969 0.250588
0.151841 1.31421 0.281885
0.171332 1.31979 0.278994
0.188521 1.32432 0.257859
0.215166 1.33217 0.286254
0.236118 1.33763 0.254967
0.246981 1.33994 0.210239
0.275984 1.34623 0.21349
0.289579 1.34942 0.230629
0.305376 1.35288 0.215575
0.326412 1.35813 0.244446
0.345604 1.36309 0.253113
0.356623 1.3658 0.24093
0.367209 1.36784 0.190469
0.379208 1.37059 0.224837
0.391841 1.37425 0.28185
0.401536 1.37706 0.282141
0.413253 1.37999 0.245654
0.42957 1.38376 0.22659
0.434219 1.38449 0.157256
0.443749 1.38662 0.219758
0.478882 1.39484 0.229722
0.498404 1.39997 0.257176
0.519892 1.40718 0.323716
0.523124 1.40832 0.338679
0.531262 1.41149 0.371635
0.539438 1.41487 0.392123
0.549549 1.41974 0.449039
0.563749 1.42666 0.453054
0.571223 1.43018 0.43992
0.575994 1.4327 0.486355
0.588275 1.43919 0.486415
0.597661 1.4451 0.562046
0.607598 1.45226 0.624267
0.617433 1.45991 0.660878
0.627422 1.46769 0.661553
0.637591 1.47572 0.668775
0.648826 1.4849 0.684867
0.658155 1.49212 0.659005
0.658958 1.49272 0.638414
0.663563 1.49647 0.683085
0.67018 1.50224 0.716984
0.67994 1.51189 0.779976
0.685398 1.51705 0.757525
0.692781 1.52515 0.831621
0.698966 1.53251 0.871761
0.710473 1.54683 0.89383
0.717886 1.55672 0.927878
0.716995 1.55555 0.919225
0.735093 1.57884 0.910083
0.74033 1.58634 0.96108
0.749883 1.60064 0.981894
0.75633 1.61191 1.05115
0.763847 1.62553 1.06666
0.772856 1.64246 1.08162
0.775611 1.64775 1.09109
0.779999 1.65619 1.09123
0.783292 1.66272 1.10361
0.789784 1.67595 1.11461
0.793866 1.68478 1.13794
0.799907 1.70208 1.23474
0.805064 1.72105 1.30538
0.810809 1.74148 1.29675
0.811606 1.74489 1.34116
0.814204 1.75788 1.37335
0.815919 1.77254 1.45433
0.816404 1.77883 1.49379
0.8169 1.7854 1.49548
0.818346 1.80107 1.47876
0.818331 1.80089 1.48621
0.820193 1.81913 1.46906
0.820189 1.81908 1.48202
0.820186 1.81905 1.4865
0.820976 1.82862 1.48842
0.821579 1.8425 1.52744
0.822016 1.85986 1.54563
0.821949 1.87811 1.57445
0.821226 1.88752 1.64739
0.820594 1.89447 1.66155
0.819413 1.90441 1.68911
0.818146 1.91496 1.6903
0.817905 1.92177 1.60612
0.817534 1.93176 1.60798
0.817369 1.93487 1.62376
0.817688 1.95297 1.55317
0.818273 1.9629 1.51192
0.822348 1.99442 1.44221
0.826772 2.02074 1.40431
0.828078 2.02592 1.32388
0.832392 2.03997 1.2729
0.836351 2.05413 1.29807
0.836422 2.05446 1.35782
0.838309 2.06277 1.3475
0.838364 2.06296 1.29202
0.84069 2.0684 1.16647
0.842324 2.07193 1.1381
0.853424 2.09696 1.15336
0.8601 2.11047 1.11179
0.86533 2.12167 1.13379
0.869626 2.1294 1.0637
0.872657 2.13389 0.977465
0.873266 2.13468 0.911575
0.874191 2.13574 0.851769
0.87776 2.13926 0.779396
0.871788 2.13453 0.669777
0.879922 2.13971 0.566981
0.877707 2.13854 0.48607
0.873573 2.1368 0.39865
0.880831 2.13889 0.280522
0.878284 2.13827 0.239911
0.879089 2.1384 0.155539
0.874873 2.1375 0.209288
0.874931 2.13752 0.257965
0.885538 2.13978 0.210564
0.891155 2.14074 0.168198
0.903659 2.14266 0.152215
0.911696 2.14375 0.135521
0.910208 2.14335 0.265513
0.908395 2.14273 0.326608
0.909193 2.14304 0.369711
0.906043 2.1418 0.375641
0.909136 2.14284 0.323087
0.913111 2.14369 0.212793
0.909905 2.14341 0.0893619
0.919435 2.14312 -0.0303403
0.918003 2.14327 -0.103505
0.912123 2.14456 -0.216917
0.918658 2.1429 -0.248669
0.901013 2.14821 -0.292267
0.9099 2.14536 -0.310351
0.915033 2.14311 -0.41415
0.91932 2.14098 -0.459571
0.922635 2.13907 -0.523703
0.929487 2.13423 -0.615068
0.931571 2.13264 -0.650869
0.941963 2.12384 -0.702522
0.951715 2.11392 -0.794153
0.939243 2.12805 -0.847684
0.938669 2.12875 -0.884169
0.949898 2.11504 -0.884667
0.948736 2.11674 -0.973174
0.950087 2.11453 -1.02328
0.950834 2.11304 -1.10689
0.954408 2.10549 -1.12817
0.960617 2.09017 -1.18593
0.959486 2.09363 -1.25521
0.959349 2.09414 -1.30961
0.956462 2.1059 -1.32998
0.957869 2.09776 -1.39959
0.958731 2.08929 -1.46936
0.959259 2.08459 -1.45915
0.959974 2.07684 -1.47868
0.960081 2.06536 -1.56148
0.960194 2.04672 -1.56474
0.959666 2.02234 -1.59243
0.958647 2.00118 -1.61894
0.95857 2.00027 -1.65521
0.957342 1.99013 -1.69126
0.956161 1.98354 -1.74809
0.952214 1.9653 -1.784
0.947355 1.94577 -1.81459
0.941244 1.92369 -1.84086
0.9287 1.88152 -1.85986
0.916738 1.84368 -1.87702
0.906525 1.81065 -1.87061
0.891348 1.76581 -1.89716
0.882399 1.73845 -1.88698
0.872634 1.70649 -1.86732
0.865467 1.68466 -1.88793
0.856604 1.6579 -1.89067
0.849154 1.63457 -1.87997
0.846497 1.62521 -1.84723
0.842408 1.60903 -1.81834
0.838036 1.59472 -1.86724
0.836379 1.58932 -1.86885
0.83471 1.5844 -1.89738
0.829006 1.56805 -1.90654
0.824925 1.55605 -1.8987
0.824033 1.55325 -1.87857
0.820585 1.54267 -1.88592
0.814888 1.52443 -1.87349
0.814811 1.52416 -1.84856
0.812713 1.51577 -1.81588
0.811475 1.51116 -1.83312
0.809969 1.50454 -1.7944
0.807175 1.49198 -1.78971
0.805865 1.4854 -1.76726
0.803876 1.4752 -1.76355
0.801983 1.46432 -1.7431
0.799235 1.4466 -1.72461
0.798228 1.43779 -1.68465
0.79764 1.4311 -1.65833
0.797663 1.4316 -1.61758
0.797624 1.42493 -1.5767
0.797624 1.42494 -1.55093
0.797601 1.41997 -1.57541
0.797367 1.41198 -1.60008
0.797246 1.3968 -1.57879
0.796967 1.38227 -1.58998
0.79697 1.3739 -1.57035
0.796909 1.36362 -1.57673
0.796501 1.346 -1.59398
0.796426 1.34482 -1.63369
0.795599 1.33422 -1.64871
0.795078 1.32768 -1.65029
0.795012 1.3191 -1.57848
0.794591 1.29987 -1.59267
0.793963 1.28097 -1.60403
0.795134 1.24109 -1.54143
0.796023 1.2059 -1.54553
0.796513 1.18096 -1.55117
0.796699 1.17161 -1.55089
0.796805 1.16611 -1.55147
0.797315 1.15262 -1.53305
0.797849 1.14059 -1.52641
0.79852 1.13117 -1.49965
0.799039 1.12496 -1.4875
0.799732 1.11599 -1.4937
0.80032 1.10422 -1.5209
0.800314 1.10449 -1.55199
0.800354 1.10114 -1.55913
0.800608 1.09449 -1.53253
0.800749 1.09085 -1.53213
0.800815 1.08713 -1.55298
0.801077 1.07158 -1.55397
0.802015 1.04474 -1.53586
0.803249 1.02142 -1.51796
0.803474 0.993624 -1.5627
0.804215 0.962119 -1.54727
0.807482 0.92105 -1.4914
0.809658 0.890985 -1.49855
0.809817 0.885777 -1.54034
0.809863 0.885028 -1.50985
0.810214 0.882448 -1.43553
0.810959 0.877718 -1.41462
0.813086 0.867504 -1.36547
0.816515 0.852717 -1.34291
0.820284 0.840523 -1.27099
0.825657 0.823261 -1.26905
0.832501 0.803839 -1.23201
0.839463 0.782913 -1.24963
0.841375 0.776134 -1.29584
0.84365 0.768474 -1.28218
0.847152 0.757692 -1.25669
0.848708 0.752473 -1.28108
0.849407 0.749894 -1.30624
0.858507 0.722838 -1.24635
0.871319 0.674968 -1.30927
0.886655 0.627434 -1.25871
0.9031 0.580427 -1.23427
0.924656 0.535356 -1.12468
0.94888 0.491616 -1.06503
0.977378 0.450582 -0.963768
1.00858 0.413513 -0.871206
1.04336 0.377627 -0.800994
1.07297 0.351435 -0.724225
1.10638 0.323818 -0.69078
1.14722 0.29499 -0.614631
1.18952 0.269989 -0.533783
1.23467 0.248894 -0.437098
1.27435 0.23435 -0.351289
1.31785 0.219257 -0.334043
1.36386 0.207026 -0.259778
1.40867 0.196563 -0.229391
1.45556 0.189203 -0.155712
1.49918 0.183711 -0.125236
1.5478 0.180861 -0.0585501
1.59762 0.178935 -0.038637
1.63767 0.179018 0.00207155
1.67826 0.179844 0.0203392
1.72816 0.182954 0.0622479
1.77541 0.188774 0.122544
1.82468 0.196631 0.158146
1.86712 0.204274 0.178185
1.91116 0.215136 0.241789
1.95835 0.226149 0.229253
2.00627 0.240332 0.287805
2.04504 0.251055 0.269836
2.09221 0.267083 0.327544
2.13821 0.285 0.371384
2.18322 0.301496 0.351318
2.22871 0.318766 0.362837
2.26989 0.336538 0.407403
2.31471 0.354784 0.386597
2.36125 0.373054 0.37412
2.40266 0.389756 0.383378
2.43427 0.401482 0.355164
2.48047 0.419311 0.368289
2.52652 0.437043 0.367587
2.56984 0.453582 0.3647
2.60591 0.465951 0.330346
2.64893 0.481373 0.344238
2.68093 0.493023 0.349138
2.72045 0.506843 0.336398
2.76727 0.523376 0.339431
2.81423 0.539995 0.340156
2.86108 0.555499 0.319607
2.90843 0.570406 0.304959
2.95269 0.584212 0.302394
2.99688 0.598253 0.307647
3.04051 0.61059 0.275559
3.08763 0.62732 0.341182
3.13198 0.643554 0.350945
3.17825 0.662462 0.38788
3.22408 0.681982 0.402668
3.26938 0.6987 0.353562
3.30829 0.712629 0.343772
3.3495 0.73014 0.401809
3.39621 0.747469 0.355204
3.44237 0.765127 0.365376
3.48644 0.782666 0.378738
3.53101 0.800776 0.385999
3.57307 0.81785 0.38562
3.60222 0.829692 0.385886
3.63233 0.843072 0.418201
3.66704 0.859873 0.450776
3.71043 0.88468 0.519313
3.75119 0.908185 0.523149
3.7854 0.929653 0.560298
3.81648 0.948064 0.534893
3.84995 0.968164 0.540819
3.8842 0.988013 0.525219
3.90836 1.00276 0.548123
3.93041 1.01632 0.551084
3.95674 1.03096 0.507531
3.97153 1.03928 0.512671
3.99218 1.05041 0.494158
4.00608 1.05752 0.472953
4.04185 1.07484 0.450818
4.05872 1.08327 0.463498
4.07646 1.09186 0.450897
4.08319 1.09517 0.457854
4.09662 1.10286 0.519759
4.13488 1.1257 0.538337
4.13892 1.12751 0.419793
4.16078 1.13789 0.443239
4.16654 1.14008 0.363787
4.17833 1.14442 0.352803
4.18745 1.14805 0.379079
4.20404 1.15461 0.376676
4.22132 1.16117 0.362539
4.23526 1.16655 0.368384
4.24348 1.16956 0.351136
4.25218 1.17358 0.432092
4.27451 1.1841 0.440498
4.29895 1.1943 0.395319
4.33506 1.20949 0.398261
4.37143 1.22459 0.393557
4.3935 1.23351 0.383884
4.40861 1.23918 0.359022
4.43284 1.24892 0.382419
4.45944 1.25923 0.369841
4.4902 1.27241 0.404559
4.53555 1.28979 0.366133
4.58106 1.30796 0.379717
4.61535 1.32096 0.362389
4.65758 1.33659 0.354595
4.69375 1.34981 0.35037
4.7196 1.35921 0.348759
4.75343 1.37167 0.352779
4.79711 1.38627 0.322618
4.82498 1.39465 0.292104
4.83186 1.39655 0.269184
4.84518 1.39978 0.238126
4.85084 1.40125 0.253824
4.8578 1.40335 0.292625
4.87129 1.40705 0.268065
4.87775 1.40907 0.302048
4.88864 1.41262 0.315857
4.90258 1.4168 0.291268
4.91029 1.41926 0.308378
4.92835 1.42562 0.338695
4.93982 1.42969 0.341125
4.94677 1.4322 0.346394
4.95558 1.4353 0.33891
4.95875 1.43652 0.365478
4.96987 1.44118 0.396588
4.98098 1.44599 0.409085
4.99684 1.45253 0.391055
5.01772 1.46226 0.435997
5.02573 1.46574 0.410298
5.03077 1.46796 0.41527
5.04161 1.4721 0.364526
5.0625 1.48025 0.371876
5.06995 1.48337 0.396941
5.07753 1.48649 0.390623
5.08261 1.48866 0.402973
5.0963 1.49326 0.324021
5.10335 1.49534 0.287066
5.11254 1.49803 0.284761
5.13194 1.5042 0.30804
5.139 1.50677 0.348971
5.15306 1.51209 0.361817
5.16851 1.51786 0.35738
5.17633 1.52074 0.352723
5.186 1.52402 0.32741
5.19134 1.52579 0.318882
5.1959 1.52755 0.368457
5.20648 1.53186 0.386836
5.22427 1.53905 0.384348
5.23719 1.54448 0.397938
5.23956 1.54544 0.383614
5.25284 1.5506 0.370618
5.25857 1.55263 0.34082
5.27241 1.55758 0.343035
True
0.0479207
