4.47737 -8.21962e-05 -3.13796
4.4561 1.18976e-05 -3.14601
4.42255 0.000475554 3.12777
4.39818 -0.000182011 3.16857
4.38387 -0.000728736 -3.10342
4.36781 -0.00115537 -3.11503
4.35561 -0.00151772 -3.1119
4.34064 -0.00120821 -3.16226
4.32896 -0.000783655 3.10524
4.31522 -0.000371895 3.11163
4.30442 9.64466e-07 3.10711
4.29004 0.000435245 3.11139
4.28204 0.00110262 3.05836
4.26651 0.00274679 3.03616
4.25395 0.00380499 3.05752
4.23904 0.00508627 3.05589
4.22084 0.00731282 3.01983
4.20953 0.00897995 2.99534
4.20099 0.0106046 2.95344
4.19056 0.0123646 2.97454
4.18292 0.0138593 2.94838
4.16262 0.0168846 2.99361
4.14601 0.0183987 3.05073
4.10914 0.0202835 3.09051
4.08918 0.0205382 3.12883
4.0738 0.0209419 3.11535
4.07106 0.0211088 3.08077
4.06401 0.0217769 3.04704
4.05333 0.0232841 3.00138
4.04173 0.0258951 2.9203
4.02704 0.0298995 2.87551
3.99737 0.0378515 2.8797
4.00091 0.0365354 2.7858
3.98502 0.0448357 2.66034
3.97127 0.0530353 2.6038
3.95316 0.0667936 2.49185
3.91924 0.0944727 2.45712
3.90481 0.109251 2.34431
3.9016 0.112694 2.32099
3.88391 0.137298 2.19426
3.86225 0.171527 2.13506
3.84341 0.204965 2.08382
3.83454 0.223752 2.01197
3.82448 0.251444 1.91925
3.8159 0.277357 1.89058
3.80566 0.311632 1.8611
3.794 0.356529 1.82477
3.78601 0.393703 1.78264
3.77905 0.420204 1.82768
3.77133 0.447388 1.84744
3.76838 0.459146 1.81672
3.76219 0.488576 1.77794
3.75851 0.506086 1.77811
3.7532 0.532358 1.77008
3.74956 0.555551 1.72649
3.74627 0.576758 1.72484
3.7417 0.609072 1.71146
3.73557 0.639846 1.76725
3.73062 0.666878 1.75194
3.7246 0.704797 1.7283
3.71908 0.735583 1.74808
3.71197 0.77956 1.73123
3.70501 0.820932 1.73744
3.69739 0.860255 1.76215
3.68932 0.895743 1.7945
3.67901 0.943079 1.78513
3.66832 0.985474 1.81779
3.66087 1.01842 1.79329
3.65137 1.06394 1.77659
3.64177 1.10958 1.77795
3.63231 1.15861 1.7614
3.62598 1.19705 1.734
3.61587 1.24601 1.77447
3.60686 1.29197 1.76448
3.59618 1.34081 1.78607
3.5863 1.37853 1.827
3.57435 1.42402 1.82769
3.55978 1.47155 1.86812
3.54535 1.51813 1.87134
3.5327 1.55209 1.92737
3.51489 1.59806 1.9404
3.49514 1.64149 1.99754
3.47502 1.68214 2.03047
3.45971 1.716 1.99536
3.44265 1.75217 2.01152
3.42422 1.78854 2.03974
3.40078 1.83268 2.059
3.37659 1.87523 2.08785
3.35258 1.91797 2.08256
3.33563 1.94932 2.06655
3.31058 1.99236 2.09787
3.28992 2.03271 2.04386
3.26349 2.07515 2.12785
3.24745 2.09954 2.15262
3.22361 2.13386 2.17787
3.19389 2.17381 2.21044
3.17217 2.20393 2.19559
3.14739 2.2382 2.19677
3.12242 2.27374 2.18323
3.09493 2.3153 2.1552
3.07004 2.35582 2.12176
3.04377 2.3955 2.15538
3.0235 2.42235 2.21764
3.00068 2.45388 2.19737
2.97253 2.49026 2.22919
2.94126 2.52781 2.26514
2.90799 2.5649 2.30195
2.87656 2.59794 2.33129
2.84274 2.63461 2.31577
2.81071 2.66655 2.3575
2.78332 2.69391 2.35696
2.74953 2.72281 2.43399
2.72481 2.74421 2.42799
2.69093 2.77305 2.43637
2.65517 2.80256 2.45175
2.62628 2.82589 2.46221
2.59672 2.84877 2.48303
2.55614 2.87796 2.51794
2.52477 2.90216 2.48447
2.48952 2.92727 2.52274
2.45125 2.95253 2.55822
2.40993 2.97982 2.5578
2.37587 3.0025 2.55407
2.33388 3.02917 2.57578
2.30762 3.04498 2.59967
2.27647 3.06558 2.55728
2.25128 3.08251 2.54996
2.22352 3.09894 2.60709
2.18523 3.12327 2.57555
2.14777 3.14789 2.56014
2.11636 3.16666 2.60291
2.08358 3.18605 2.60738
2.04863 3.20714 2.5987
2.00608 3.2334 2.58862
1.96234 3.25761 2.63623
1.92448 3.27716 2.66476
1.88689 3.29862 2.62289
1.84273 3.32208 2.65318
1.79894 3.34417 2.67453
1.75499 3.36743 2.65478
1.72369 3.38548 2.61854
1.68271 3.40919 2.61711
1.64854 3.42848 2.62753
1.60599 3.45153 2.6452
1.56106 3.47347 2.6873
1.51728 3.49373 2.70824
1.48034 3.51135 2.69652
1.44379 3.53029 2.66349
1.41511 3.54356 2.70806
1.40197 3.54905 2.74597
1.36357 3.56557 2.73529
1.31746 3.58427 2.75641
1.27644 3.60006 2.77417
1.24143 3.61365 2.77127
1.19355 3.62807 2.84905
1.15191 3.64077 2.84556
1.11645 3.65216 2.83072
1.08046 3.66066 2.90957
1.04234 3.66915 2.92272
0.994704 3.68092 2.89923
0.945433 3.68943 2.97067
0.89753 3.70177 2.88946
0.848498 3.71138 2.948
0.816172 3.71766 2.94972
0.768048 3.72441 3.0023
0.71983 3.73148 2.99591
0.671995 3.7376 3.01429
0.631289 3.74409 2.98357
0.595295 3.74958 2.99031
0.566058 3.75531 2.94798
0.525943 3.76268 2.95997
0.479502 3.77125 2.95911
0.440547 3.77943 2.93463
0.398249 3.78744 2.95433
0.356426 3.79453 2.97374
0.307196 3.80327 2.96591
0.258034 3.81125 2.98053
0.214226 3.8166 3.02024
0.172995 3.82035 3.05069
0.131956 3.822 3.10147
0.0820857 3.82348 3.11201
0.0334051 3.82579 3.09406
-0.00220258 3.82915 3.04769
-0.0490001 3.83152 3.09084
-0.0971135 3.83391 3.09214
-0.144138 3.83424 3.13453
-0.193637 3.83343 3.15801
-0.237225 3.83048 -3.07412
-0.277653 3.82941 -3.11521
-0.326331 3.82731 -3.09837
-0.375906 3.82356 -3.06612
-0.4181 3.81862 -3.02496
-0.467606 3.81357 -3.03993
-0.508046 3.80783 -3.00065
-0.548756 3.80313 -3.02674
-0.597298 3.79504 -2.9765
-0.646353 3.78786 -2.99611
-0.693209 3.78022 -2.97994
-0.742141 3.77143 -2.96398
-0.790786 3.76201 -2.95031
-0.826114 3.75459 -2.9344
-0.869092 3.74784 -2.98581
-0.910285 3.73792 -2.90536
-0.946742 3.73012 -2.93094
-0.995808 3.72078 -2.95343
-1.0447 3.71077 -2.93965
-1.08854 3.6995 -2.88985
-1.12233 3.69121 -2.90116
-1.15589 3.68072 -2.83868
-1.19977 3.6656 -2.8098
-1.24698 3.64928 -2.80865
-1.29408 3.63251 -2.79958
-1.34018 3.61575 -2.79287
-1.37182 3.60479 -2.80822
-1.41734 3.58629 -2.75553
-1.4478 3.57289 -2.72705
-1.48475 3.55611 -2.71532
-1.51979 3.54015 -2.71415
-1.55104 3.52704 -2.74433
-1.59574 3.50464 -2.67709
-1.6362 3.48352 -2.66049
-1.67205 3.46387 -2.64024
-1.71381 3.44008 -2.62391
-1.75807 3.4177 -2.67338
-1.79439 3.39934 -2.67357
-1.83811 3.37774 -2.68259
-1.88327 3.35628 -2.69807
-1.92756 3.33393 -2.67425
-1.97152 3.31012 -2.64529
-2.01015 3.28861 -2.63339
-2.03609 3.27456 -2.64537
-2.07312 3.25294 -2.61293
-2.10784 3.23108 -2.57982
-2.14734 3.20713 -2.5965
-2.18748 3.18323 -2.60464
-2.22892 3.15868 -2.60671
-2.26209 3.13581 -2.53798
-2.30251 3.10787 -2.53667
-2.33673 3.08019 -2.46146
-2.37571 3.04887 -2.46476
-2.41406 3.01682 -2.44553
-2.45149 2.98496 -2.43635
-2.49009 2.9543 -2.47023
-2.52858 2.92422 -2.47832
-2.56171 2.89749 -2.46287
-2.59766 2.86654 -2.4307
-2.63362 2.83521 -2.4248
-2.66603 2.80291 -2.35792
-2.69117 2.77763 -2.35346
-2.72705 2.74316 -2.37612
-2.76182 2.70746 -2.34315
-2.79622 2.67119 -2.32971
-2.8277 2.63785 -2.32755
-2.85909 2.60143 -2.28214
-2.89278 2.56449 -2.31017
-2.917 2.53555 -2.26761
-2.94766 2.50061 -2.29094
-2.97914 2.4636 -2.27573
-3.01069 2.42497 -2.2556
-3.04414 2.38793 -2.30532
-3.06814 2.36008 -2.28204
-3.10089 2.32464 -2.31688
-3.12291 2.30171 -2.33581
-3.1503 2.268 -2.25312
-3.16631 2.24963 -2.28791
-3.19208 2.22094 -2.30254
-3.2228 2.18166 -2.23453
-3.2447 2.15133 -2.19614
-3.27417 2.1112 -2.20414
-3.30125 2.07204 -2.17593
-3.32838 2.03159 -2.16159
-3.3536 1.99112 -2.12806
-3.37427 1.9582 -2.13141
-3.39508 1.9269 -2.15761
-3.41726 1.88803 -2.08939
-3.44043 1.8504 -2.12256
-3.45727 1.82018 -2.07935
-3.47714 1.78457 -2.07963
-3.49601 1.74969 -2.06682
-3.51657 1.71385 -2.0917
-3.53023 1.69131 -2.11554
-3.55497 1.64938 -2.10385
-3.57747 1.61321 -2.1272
-3.59512 1.58508 -2.13113
-3.61602 1.55262 -2.14293
-3.63601 1.52105 -2.13529
-3.65072 1.49551 -2.09341
-3.65545 1.48703 -2.07911
-3.66014 1.47765 -2.03443
-3.6643 1.4702 -2.08026
-3.67201 1.45694 -2.09739
-3.68626 1.43311 -2.10982
-3.70498 1.40061 -2.09338
-3.71864 1.37856 -2.12536
-3.72324 1.37117 -2.12757
-3.7431 1.33514 -2.0746
-3.75725 1.3099 -2.08156
-3.77378 1.2819 -2.10426
-3.79522 1.24633 -2.11328
-3.8127 1.21926 -2.14425
-3.8273 1.19581 -2.1275
-3.85028 1.15663 -2.10131
-3.86997 1.11963 -2.0597
-3.88643 1.08773 -2.04735
-3.90364 1.05434 -2.04665
-3.91456 1.03278 -2.03951
-3.92225 1.01773 -2.04337
-3.93026 1.00255 -2.05632
-3.94065 0.981342 -2.02634
-3.95202 0.955353 -1.98318
-3.95994 0.93694 -1.977
-3.96921 0.913611 -1.94885
-3.97662 0.895198 -1.95367
-3.9834 0.876248 -1.91431
-3.9964 0.840751 -1.92172
-4.01103 0.804659 -1.95602
-4.0206 0.780497 -1.94799
-4.03243 0.750757 -1.94921
-4.04629 0.719071 -1.98321
-4.06175 0.683077 -1.9764
-4.07704 0.65186 -2.02646
-4.08811 0.628687 -2.01625
-4.10469 0.597035 -2.05333
-4.1188 0.569426 -2.04325
-4.12792 0.552416 -2.06284
-4.13297 0.542734 -2.0521
-4.14648 0.515846 -2.03624
-4.154 0.500261 -2.0203
-4.16699 0.473233 -2.01899
-4.17616 0.453614 -2.00795
-4.18275 0.439317 -2.0029
-4.19567 0.409881 -1.98436
-4.20334 0.389959 -1.93812
-4.20443 0.387087 -1.93312
-4.21354 0.362247 -1.92249
-4.21746 0.352442 -1.95131
-4.22362 0.339154 -2.0045
-4.22821 0.329459 -2.01334
-4.23247 0.320557 -2.01687
-4.23295 0.319618 -2.04539
-4.23996 0.30636 -2.05708
-4.24898 0.292108 -2.13493
-4.25203 0.287808 -2.1878
-4.26087 0.275969 -2.21201
-4.27118 0.262569 -2.2267
-4.27448 0.258192 -2.21674
-4.27999 0.249589 -2.14033
-4.28662 0.238276 -2.10093
-4.29668 0.220235 -2.07977
-4.30575 0.203548 -2.06865
-4.31412 0.187501 -2.05145
True
0.0687218
