4.48732 0.00142215 3.02986
4.47843 0.00282993 2.98469
4.45261 0.00749859 2.96267
4.44834 0.00858002 2.89384
4.4404 0.0110539 2.83937
4.42454 0.016674 2.80112
4.41655 0.0202494 2.72077
4.41585 0.0205848 2.69557
4.39451 0.0333367 2.60294
4.37309 0.0501778 2.47534
4.34958 0.0710973 2.41445
4.3232 0.0987238 2.33308
4.30248 0.12296 2.27798
4.27734 0.154578 2.24258
4.25053 0.192372 2.1879
4.23612 0.21348 2.16967
4.21639 0.244941 2.13085
4.19851 0.270488 2.18161
4.17206 0.312043 2.13758
4.14652 0.354607 2.11127
4.12319 0.394048 2.10499
4.10449 0.430031 2.04998
4.08126 0.471404 2.08242
4.05745 0.515227 2.0686
4.03878 0.550569 2.05664
4.01711 0.590761 2.06537
3.99794 0.629546 2.02972
3.98149 0.667158 1.98312
3.96411 0.707866 1.97444
3.94687 0.751045 1.95065
3.92904 0.796053 1.94789
3.91285 0.84234 1.90732
3.90144 0.879362 1.86984
3.88842 0.924488 1.85156
3.8789 0.958249 1.84585
3.87039 0.990872 1.82579
3.86008 1.03368 1.80724
3.84482 1.08011 1.88837
3.83007 1.12565 1.88399
3.81476 1.17274 1.88502
3.79713 1.2164 1.95467
3.77842 1.2619 1.96098
3.76348 1.30223 1.92541
3.74665 1.34798 1.9234
3.72988 1.39482 1.91451
3.71215 1.44156 1.93339
3.69409 1.48689 1.95003
3.67735 1.53071 1.93567
3.66088 1.57106 1.95834
3.64265 1.60937 2.01483
3.62135 1.65366 2.01909
3.60089 1.69408 2.03948
3.58196 1.7403 1.95954
3.56424 1.78705 1.93297
3.54508 1.83301 1.96577
3.525 1.87842 1.98716
3.50382 1.91816 2.06053
3.48089 1.96231 2.04976
3.45982 1.99978 2.08305
3.44063 2.02916 2.1494
3.41766 2.06332 2.16282
3.3885 2.10389 2.19405
3.36045 2.14385 2.1827
3.33599 2.17964 2.17045
3.30756 2.21945 2.19099
3.27644 2.25858 2.24262
3.25122 2.28918 2.25993
3.22436 2.32346 2.23552
3.19309 2.36159 2.25773
3.16183 2.39863 2.27159
3.13514 2.43206 2.24469
3.10626 2.46771 2.25165
3.08431 2.49662 2.22019
3.05744 2.53188 2.22194
3.03534 2.56019 2.23374
3.00294 2.59826 2.27581
2.98011 2.62364 2.30348
2.94524 2.65933 2.34456
2.91475 2.68972 2.35779
2.88456 2.72158 2.3293
2.84924 2.7553 2.37936
2.81935 2.78392 2.37786
2.792 2.80811 2.41748
2.76609 2.83039 2.43127
2.73797 2.8538 2.44741
2.7027 2.88321 2.44663
2.67544 2.90589 2.44766
2.63639 2.93678 2.47234
2.59597 2.96621 2.51217
2.55613 2.99642 2.49276
2.51638 3.0267 2.4907
2.48128 3.05329 2.49314
2.44221 3.08409 2.4742
2.40418 3.11295 2.49233
2.38229 3.12857 2.52196
2.34639 3.15226 2.55829
2.32626 3.16682 2.51525
2.2924 3.19168 2.5083
2.26018 3.21454 2.52463
2.2225 3.24014 2.54474
2.18138 3.26824 2.54212
2.14413 3.29183 2.57694
2.11126 3.31419 2.54439
2.07705 3.33532 2.5882
2.03342 3.35922 2.64052
1.99497 3.37806 2.686
1.95266 3.40219 2.62335
1.9088 3.42516 2.65899
1.87452 3.44316 2.6583
1.8388 3.4628 2.63885
1.79529 3.48607 2.6505
1.75114 3.50887 2.66485
1.70732 3.53262 2.64498
1.66215 3.55376 2.70385
1.62026 3.57328 2.70539
1.60276 3.58207 2.67616
1.56474 3.59971 2.70727
1.51936 3.62062 2.70978
1.47768 3.6382 2.74247
1.44938 3.64956 2.75987
1.40802 3.66679 2.74694
1.37492 3.68073 2.74301
1.34232 3.69315 2.77747
1.30001 3.71123 2.7377
1.2575 3.72757 2.77474
1.21095 3.74582 2.76789
1.16932 3.7584 2.84816
1.1325 3.76927 2.85438
1.08476 3.78369 2.84829
1.05454 3.79352 2.82701
1.01641 3.80604 2.82455
0.975012 3.81837 2.852
0.941547 3.82879 2.83983
0.90513 3.84107 2.81631
0.859047 3.85475 2.853
0.811538 3.86877 2.8546
0.768162 3.88038 2.88007
0.723697 3.89149 2.89689
0.689882 3.90004 2.89371
0.644558 3.91108 2.90273
0.6036 3.92007 2.92564
0.567069 3.92567 2.98933
0.529663 3.93069 3.00813
0.485236 3.93672 3.00684
0.435641 3.94307 3.01428
0.388642 3.9476 3.04544
0.340836 3.95322 3.02461
0.291051 3.95729 3.05992
0.253416 3.95833 3.11397
0.206603 3.95967 3.11308
0.157579 3.9591 3.15314
0.108008 3.96017 -3.16323
0.06983 3.95927 3.16527
0.0233135 3.95774 -3.10867
-0.0248728 3.95364 -3.05669
-0.066162 3.95036 -3.06248
-0.112363 3.94669 -3.06228
-0.161573 3.94397 -3.08627
-0.202749 3.94503 -3.16756
-0.252748 3.94486 3.14509
-0.302719 3.9432 -3.10841
-0.348763 3.94254 -3.12732
-0.397885 3.94018 -3.0936
-0.447593 3.93503 -3.03821
-0.496396 3.9308 -3.05519
-0.545156 3.92478 -3.01881
-0.594536 3.91804 -3.00596
-0.638033 3.91063 -2.97282
-0.684811 3.90256 -2.97074
-0.733512 3.89404 -2.96827
-0.76 3.88974 -2.98072
-0.790757 3.88382 -2.95165
-0.839228 3.87404 -2.9424
-0.879795 3.86478 -2.9173
-0.91132 3.8557 -2.86093
-0.947169 3.84476 -2.8456
-0.99348 3.83123 -2.85731
-1.0409 3.8156 -2.82318
-1.08865 3.80103 -2.84539
-1.13363 3.78599 -2.81895
-1.18084 3.77234 -2.86
-1.22929 3.75999 -2.892
-1.27386 3.74695 -2.85715
-1.31639 3.73561 -2.88088
-1.35738 3.72366 -2.85804
-1.395 3.71369 -2.88246
-1.43466 3.70321 -2.88333
-1.4805 3.69136 -2.88858
-1.51911 3.6785 -2.82003
-1.56595 3.6611 -2.78593
-1.61199 3.64493 -2.80392
-1.64724 3.63214 -2.79331
-1.68543 3.61781 -2.7827
-1.73174 3.59929 -2.76119
-1.77831 3.58231 -2.79206
-1.81572 3.56873 -2.79324
-1.86185 3.5501 -2.7578
-1.9045 3.53388 -2.77821
-1.94908 3.51538 -2.74827
-1.99221 3.49543 -2.70835
-2.03628 3.47186 -2.65032
-2.07012 3.45506 -2.68087
-2.0916 3.44287 -2.62562
-2.13275 3.41798 -2.59759
-2.17111 3.39359 -2.57525
-2.2056 3.36975 -2.53667
-2.2456 3.34081 -2.51524
-2.28489 3.31176 -2.5049
-2.32592 3.2837 -2.54188
-2.36651 3.25458 -2.51928
-2.40805 3.22692 -2.55414
-2.44228 3.20431 -2.5578
-2.48015 3.17846 -2.54274
-2.51495 3.15167 -2.48532
-2.55353 3.12022 -2.45764
-2.59202 3.09055 -2.48497
-2.62267 3.06815 -2.5105
-2.66191 3.03812 -2.48844
-2.69988 3.00745 -2.4621
-2.73909 2.97762 -2.49127
-2.77366 2.94714 -2.4188
-2.81183 2.91487 -2.43982
-2.84785 2.88214 -2.4041
-2.886 2.84991 -2.44008
-2.92075 2.82108 -2.44903
-2.958 2.78777 -2.41192
-2.99278 2.75636 -2.40717
-3.02654 2.72459 -2.38643
-3.06221 2.69072 -2.38222
-3.08802 2.66534 -2.36462
-3.12104 2.63137 -2.34181
-3.15501 2.59588 -2.33452
-3.18258 2.56549 -2.30747
-3.20922 2.5353 -2.29369
-3.24034 2.50001 -2.29356
-3.26573 2.46886 -2.25469
-3.29021 2.43625 -2.21472
-3.31481 2.4003 -2.17098
-3.33964 2.36437 -2.17542
-3.36277 2.33242 -2.19748
-3.39087 2.29559 -2.22254
-3.41351 2.26595 -2.22309
-3.4314 2.24177 -2.20763
-3.4631 2.204 -2.26902
-3.49285 2.16876 -2.27207
-3.51401 2.14188 -2.23774
-3.52941 2.12048 -2.19424
-3.5522 2.09124 -2.23298
-3.58039 2.05651 -2.25264
-3.60854 2.02027 -2.23118
-3.62732 1.99708 -2.25157
-3.63964 1.98247 -2.27119
-3.66095 1.95991 -2.32775
-3.67608 1.94324 -2.30782
-3.68916 1.92802 -2.28061
-3.70743 1.90609 -2.26543
-3.72437 1.88608 -2.27335
-3.73276 1.87623 -2.27642
-3.7421 1.86535 -2.27997
-3.76178 1.84009 -2.23269
-3.7646 1.83644 -2.22822
-3.78194 1.81425 -2.2342
-3.79582 1.79699 -2.24801
-3.80649 1.78448 -2.27738
-3.82049 1.76719 -2.25117
-3.82956 1.75618 -2.25995
-3.83699 1.74663 -2.2322
-3.85682 1.72021 -2.21452
-3.86997 1.70086 -2.16766
-3.87926 1.68706 -2.16333
-3.89032 1.66971 -2.13842
-3.90133 1.6519 -2.12444
-3.91371 1.63296 -2.14965
-3.92359 1.6183 -2.16376
-3.93448 1.60209 -2.16278
-3.95169 1.57756 -2.1825
-3.96916 1.55242 -2.17806
-3.98735 1.52731 -2.19763
-4.00701 1.49835 -2.16731
-4.01759 1.48185 -2.14066
-4.03762 1.4494 -2.12386
-4.05049 1.42824 -2.11736
-4.05951 1.41357 -2.12228
-4.06336 1.40748 -2.13346
-4.07064 1.39531 -2.10998
-4.07731 1.38251 -2.05116
-4.08335 1.37003 -2.02126
-4.09737 1.34171 -2.03083
-4.10122 1.33441 -2.05535
-4.10691 1.32434 -2.08551
-4.1109 1.31726 -2.0839
-4.11371 1.31219 -2.07631
-4.12374 1.29562 -2.1154
-4.12552 1.29298 -2.16323
-4.13893 1.27134 -2.12529
-4.14946 1.25327 -2.0988
-4.15886 1.23791 -2.11971
-4.1692 1.22141 -2.13071
-4.1821 1.20231 -2.16479
-4.19772 1.17598 -2.10625
-4.20983 1.15554 -2.10557
-4.21662 1.14364 -2.08965
-4.22311 1.1321 -2.08303
-4.2305 1.11973 -2.10911
-4.23894 1.10645 -2.13707
-4.24201 1.10206 -2.1808
-4.24374 1.09981 -2.22689
-4.25444 1.08534 -2.20768
-4.26076 1.07648 -2.19005
-4.26438 1.07158 -2.20637
-4.2681 1.06642 -2.19551
-4.26568 1.06939 -2.25398
-4.26881 1.06532 -2.22736
-4.27648 1.05539 -2.22812
-4.28738 1.03961 -2.17533
-4.29084 1.03483 -2.19812
True
0.174716
