4.48241 0.00917773 2.66072
4.46344 0.0191671 2.65678
4.44033 0.0321271 2.6305
4.42627 0.0403385 2.61312
4.39311 0.0623994 2.55455
4.36398 0.0861286 2.45809
4.33132 0.116754 2.38822
4.30899 0.13998 2.33663
4.27846 0.173495 2.30957
4.24648 0.210032 2.28981
4.21907 0.244347 2.24474
4.18722 0.282792 2.26267
4.15915 0.323086 2.17929
4.13123 0.364557 2.1633
4.10884 0.400314 2.13025
4.08468 0.441693 2.0993
4.06112 0.484349 2.07542
4.0405 0.523229 2.05844
4.01997 0.559319 2.08803
3.99832 0.599064 2.0695
3.98269 0.625235 2.1092
3.95909 0.668446 2.07066
3.9344 0.711817 2.0884
3.91116 0.756008 2.05489
3.88618 0.799315 2.09405
3.86666 0.836658 2.05244
3.8489 0.867318 2.09585
3.82573 0.911622 2.0527
3.8041 0.95562 2.02771
3.78848 0.987128 2.031
3.77308 1.01602 2.0605
3.75206 1.0575 2.03973
3.73299 1.09417 2.05034
3.71382 1.13355 2.02385
3.69564 1.17249 2.00754
3.68019 1.20468 2.01841
3.66314 1.24334 1.98607
3.6416 1.28807 2.01964
3.62096 1.33336 1.99845
3.60274 1.37392 1.99305
3.58135 1.41789 2.02356
3.5621 1.46119 1.98915
3.54186 1.5065 1.99077
3.52118 1.54798 2.03329
3.50978 1.57211 2.01225
3.48954 1.61012 2.06019
3.46935 1.65051 2.03418
3.44376 1.69241 2.11923
3.42052 1.72842 2.1438
3.40107 1.76012 2.12104
3.37615 1.80347 2.09261
3.3475 1.84445 2.1809
3.32027 1.88637 2.14678
3.29473 1.92727 2.12907
3.26804 1.96897 2.1402
3.2416 2.0114 2.12804
3.21437 2.05077 2.17597
3.18622 2.09128 2.17795
3.16629 2.12085 2.16378
3.1474 2.14883 2.16465
3.12569 2.18156 2.15655
3.09917 2.21913 2.18547
3.07064 2.25983 2.18213
3.04522 2.3005 2.12953
3.01875 2.33839 2.1805
2.99275 2.37485 2.19023
2.96523 2.41522 2.16929
2.94174 2.4485 2.18522
2.91255 2.48677 2.22236
2.88972 2.51439 2.26166
2.8621 2.54523 2.30117
2.83844 2.57135 2.30697
2.80843 2.60645 2.27821
2.78115 2.63826 2.27949
2.75032 2.67328 2.29273
2.71782 2.71128 2.27824
2.68333 2.7472 2.33588
2.65244 2.77591 2.39284
2.62601 2.79773 2.45138
2.58772 2.82985 2.44371
2.55269 2.85886 2.44975
2.51592 2.89029 2.43443
2.47855 2.92348 2.41539
2.4456 2.95166 2.43407
2.40846 2.98109 2.47146
2.37231 3.01075 2.45445
2.33494 3.04136 2.45545
2.30152 3.06812 2.46631
2.27244 3.08842 2.53203
2.23362 3.115 2.54126
2.19313 3.14276 2.54076
2.15833 3.16639 2.54507
2.11526 3.1917 2.61008
2.07872 3.21528 2.56866
2.0359 3.24108 2.59929
1.99305 3.26681 2.60083
1.96657 3.28259 2.60415
1.92405 3.30831 2.59769
1.88647 3.32846 2.64944
1.85008 3.34902 2.62711
1.80683 3.37395 2.61878
1.7697 3.39341 2.65897
1.72887 3.41474 2.66013
1.70381 3.42573 2.72797
1.65854 3.44671 2.7077
1.61382 3.46605 2.73334
1.56879 3.48491 2.74504
1.52753 3.50147 2.75999
1.48515 3.51865 2.75636
1.44597 3.5332 2.78613
1.40325 3.55223 2.72244
1.36193 3.57117 2.71177
1.31621 3.59127 2.72736
1.27153 3.60998 2.74501
1.22783 3.62577 2.79485
1.18181 3.64335 2.77675
1.13482 3.66042 2.79313
1.09231 3.67538 2.80322
1.04654 3.69036 2.82528
0.999053 3.70586 2.82622
0.951539 3.72045 2.84351
0.906558 3.73368 2.85555
0.870049 3.74317 2.88746
0.82523 3.75386 2.90732
0.781732 3.76489 2.89338
0.733236 3.77628 2.91092
0.68644 3.78759 2.90446
0.641587 3.80129 2.84515
0.607913 3.80964 2.8986
0.559519 3.8217 2.89721
0.517428 3.83166 2.90922
0.471839 3.84278 2.90239
0.424358 3.85673 2.85593
0.377635 3.86925 2.87977
0.331827 3.88003 2.91044
0.284507 3.89094 2.9149
0.238294 3.89924 2.96386
0.189296 3.90755 2.97372
0.140181 3.91643 2.9627
0.0937065 3.92536 2.9517
0.0451618 3.93529 2.93985
-0.0040566 3.94387 2.96897
-0.0487207 3.95289 2.94235
-0.0924251 3.96032 2.97322
-0.140368 3.96576 3.0287
-0.186881 3.97319 2.98318
-0.23231 3.97829 3.02969
-0.281719 3.98545 2.99764
-0.33141 3.99098 3.03083
-0.380541 3.99496 3.06072
-0.429084 4.00031 3.03181
-0.469901 4.00374 3.05774
-0.516346 4.00898 3.02927
-0.564024 4.01435 3.02943
-0.606724 4.01805 3.05531
-0.651271 4.02162 3.06158
-0.686352 4.02521 3.03942
-0.725977 4.0269 3.09903
-0.768442 4.02941 3.08263
-0.814679 4.03218 3.08166
-0.862597 4.0366 3.04959
-0.909123 4.04119 3.04327
-0.958784 4.04684 3.02844
-1.00642 4.05278 3.01746
-1.04946 4.0587 3.00489
-1.098 4.06409 3.03111
-1.14723 4.06971 3.02786
-1.19664 4.07698 2.99543
-1.2458 4.08604 2.95934
-1.28627 4.09253 2.98266
-1.33551 4.1011 2.96917
-1.38025 4.11032 2.93839
-1.42952 4.11773 2.99249
-1.47417 4.12499 2.98022
-1.52309 4.13361 2.96717
-1.56229 4.14083 2.95952
-1.61022 4.15146 2.92332
-1.65562 4.16093 2.93609
-1.70443 4.16909 2.97583
-1.75224 4.1767 2.98383
-1.79784 4.18197 3.02649
-1.84167 4.1851 3.07032
-1.89079 4.18927 3.05688
-1.94059 4.19372 3.05238
-1.9757 4.19605 3.07531
-2.023 4.19857 3.08846
-2.06359 4.20123 3.07614
-2.11278 4.20282 3.10933
-2.15868 4.20477 3.09902
-2.20855 4.20659 3.10526
-2.25506 4.20742 3.12374
-2.30347 4.20701 3.14998
-2.34832 4.20831 -3.17062
-2.3912 4.21 3.10236
-2.42878 4.21097 3.11569
-2.47339 4.21181 3.1228
-2.50623 4.21417 3.06975
-2.54138 4.21763 3.04339
-2.57654 4.21958 3.08628
-2.59553 4.22035 3.10119
-2.64215 4.22012 3.14642
-2.68866 4.2197 -3.13238
-2.73328 4.2181 -3.10591
-2.78231 4.21414 -3.06104
-2.82556 4.20954 -3.03545
-2.8617 4.20486 -3.01292
-2.88369 4.20356 -3.08253
-2.92035 4.19903 -3.01855
-2.95011 4.19661 -3.06059
-2.97822 4.19451 -3.0671
-3.00675 4.19199 -3.05336
-3.04537 4.18854 -3.05252
-3.08642 4.18608 -3.08174
-3.1083 4.18504 -3.09424
-3.13234 4.18339 -3.07315
-3.14471 4.18303 -3.11185
-3.1542 4.18277 -3.11428
-3.17293 4.18279 -3.14253
-3.18448 4.18244 3.17184
-3.2084 4.18103 -3.08281
-3.23013 4.18043 -3.11397
-3.24878 4.17962 -3.09814
-3.26503 4.1788 -3.09129
-3.29043 4.17672 -3.06004
-3.31652 4.17465 -3.06237
-3.33751 4.17422 -3.12116
-3.34347 4.17422 -3.14199
-3.36395 4.17469 3.11874
-3.37974 4.17577 3.07337
-3.40649 4.17713 3.09078
-3.43213 4.17822 3.09917
-3.4643 4.17975 3.09417
-3.49886 4.18304 3.04666
-3.53921 4.18555 3.07926
-3.58012 4.18819 3.07725
-3.62665 4.19314 3.03554
-3.66502 4.19891 2.99246
-3.70791 4.20382 3.02758
-3.75069 4.20783 3.04805
-3.7875 4.21086 3.05967
-3.82254 4.21368 3.06106
-3.86731 4.2173 3.06094
-3.90239 4.22146 3.02358
-3.93227 4.2254 3.01055
-3.96556 4.22873 3.04196
-3.98948 4.23017 3.0813
-4.01006 4.23199 3.05351
-4.02562 4.23368 3.03307
-4.04144 4.23602 2.99499
-4.0502 4.23765 2.95716
-4.0556 4.23872 2.94704
-4.07281 4.24276 2.91079
-4.07216 4.2426 2.89071
-4.08247 4.24563 2.85531
-4.09078 4.24798 2.86648
-4.10579 4.25262 2.84162
-4.10952 4.25385 2.82307
-4.11537 4.25602 2.78671
-4.1225 4.25912 2.7311
-4.12656 4.26093 2.72192
-4.12771 4.26147 2.70469
-4.13226 4.26371 2.68384
-4.13873 4.26699 2.67248
-4.1438 4.26959 2.66727
-4.14571 4.27064 2.63964
-4.15458 4.27541 2.64831
-4.16035 4.27891 2.59656
-4.16489 4.28168 2.59381
-4.17454 4.28776 2.57911
-4.18002 4.29145 2.54952
-4.18663 4.29566 2.57445
-4.19749 4.30303 2.54515
-4.20126 4.30541 2.57847
-4.2102 4.31094 2.58716
-4.22148 4.31746 2.61812
True
0.0650815
