4.4852 -0.00461717 -2.83927
4.45646 -0.0164615 -2.75068
4.42406 -0.0324614 -2.68279
4.38649 -0.0562906 -2.57643
4.35564 -0.0794047 -2.49852
4.3232 -0.10445 -2.4842
4.287 -0.136947 -2.41003
4.25975 -0.162718 -2.38414
4.22789 -0.196579 -2.32576
4.20499 -0.223587 -2.27392
4.19629 -0.235005 -2.22222
4.17917 -0.257467 -2.22189
4.15174 -0.291623 -2.24746
4.13504 -0.31431 -2.20538
4.11889 -0.33619 -2.20647
4.0978 -0.368046 -2.1557
4.07962 -0.398035 -2.1158
4.06067 -0.43347 -2.06183
4.03859 -0.477882 -2.03223
4.01491 -0.52192 -2.06409
3.99194 -0.566289 -2.04858
3.98471 -0.583289 -1.97273
3.96832 -0.618256 -2.00921
3.94784 -0.661774 -2.01051
3.92456 -0.705953 -2.05586
3.90671 -0.747341 -1.97799
3.89385 -0.779331 -1.95297
3.87734 -0.825746 -1.9126
3.87046 -0.844908 -1.9154
3.85804 -0.881255 -1.90002
3.8416 -0.928258 -1.90736
3.82461 -0.973627 -1.92915
3.81118 -1.00666 -1.95691
3.79078 -1.0523 -1.99108
3.77286 -1.09894 -1.93767
3.75356 -1.14433 -1.97286
3.73734 -1.18454 -1.95402
3.7233 -1.2175 -1.97363
3.70435 -1.26314 -1.96426
3.68997 -1.29928 -1.94966
3.67478 -1.33589 -1.96396
3.65764 -1.37552 -1.97904
3.63807 -1.42153 -1.97301
3.61861 -1.46669 -1.97764
3.60383 -1.50368 -1.95094
3.58869 -1.54461 -1.92511
3.57429 -1.57682 -1.9913
3.55296 -1.62203 -2.01154
3.52972 -1.66472 -2.06928
3.50723 -1.70937 -2.03741
3.48794 -1.74392 -2.08003
3.47068 -1.77663 -2.05634
3.45386 -1.81449 -1.98883
3.43463 -1.85989 -1.97154
3.41824 -1.8965 -1.99163
3.39825 -1.94171 -1.9871
3.38241 -1.97489 -2.01637
3.36803 -2.00632 -1.99965
3.35351 -2.03665 -2.01724
3.33178 -2.07763 -2.05858
3.30782 -2.12129 -2.07256
3.28497 -2.16526 -2.05005
3.25946 -2.20824 -2.10644
3.24258 -2.23513 -2.13162
3.21923 -2.27268 -2.12695
3.20348 -2.2985 -2.11876
3.1794 -2.33452 -2.15988
3.15052 -2.37532 -2.1869
3.12625 -2.40777 -2.21298
3.09537 -2.44707 -2.23666
3.0723 -2.47526 -2.25669
3.04142 -2.51356 -2.24943
3.00824 -2.55095 -2.29655
2.97583 -2.58893 -2.27721
2.9461 -2.62284 -2.29058
2.91158 -2.65901 -2.33282
2.87838 -2.69088 -2.37666
2.85271 -2.71834 -2.32257
2.83114 -2.74002 -2.35359
2.79475 -2.77424 -2.38696
2.76012 -2.80733 -2.37892
2.73447 -2.83164 -2.38297
2.71074 -2.85619 -2.3394
2.69017 -2.87696 -2.35101
2.66554 -2.90217 -2.34471
2.62883 -2.93457 -2.41856
2.59959 -2.95959 -2.43369
2.5658 -2.99015 -2.40635
2.53831 -3.01171 -2.47656
2.49936 -3.04306 -2.46385
2.46611 -3.07148 -2.43435
2.42753 -3.10329 -2.45209
2.39063 -3.13702 -2.40111
2.35296 -3.16987 -2.42429
2.31472 -3.20142 -2.45183
2.28082 -3.22852 -2.46728
2.24632 -3.25445 -2.49711
2.21578 -3.27787 -2.48733
2.18277 -3.30252 -2.50011
2.14215 -3.33167 -2.51922
2.10799 -3.35638 -2.51528
2.06726 -3.38535 -2.52339
2.02512 -3.41224 -2.57359
1.98173 -3.4363 -2.63521
1.94174 -3.46035 -2.60022
1.89954 -3.48463 -2.61948
1.86581 -3.50422 -2.61554
1.82574 -3.52854 -2.59598
1.79657 -3.54623 -2.59645
1.75413 -3.5696 -2.63818
1.72231 -3.5872 -2.63655
1.68093 -3.60757 -2.68405
1.64528 -3.62664 -2.65044
1.60673 -3.64435 -2.71094
1.56105 -3.66459 -2.72443
1.5247 -3.68103 -2.71689
1.48164 -3.69772 -2.77184
1.4347 -3.71482 -2.79228
1.38921 -3.73104 -2.79913
1.34284 -3.74729 -2.80456
1.30651 -3.75858 -2.8402
1.2692 -3.76895 -2.87043
1.22949 -3.77945 -2.883
1.1938 -3.78956 -2.86566
1.16534 -3.79713 -2.8817
1.12287 -3.80831 -2.88421
1.08728 -3.81848 -2.86328
1.04062 -3.83091 -2.88112
1.00597 -3.84149 -2.84532
0.96835 -3.85202 -2.86859
0.925145 -3.86332 -2.88592
0.876683 -3.87175 -2.96925
0.827608 -3.88133 -2.94895
0.778082 -3.88819 -3.00393
0.737824 -3.89351 -3.01026
0.688346 -3.89866 -3.03788
0.645093 -3.90339 -3.03265
0.597615 -3.90781 -3.04868
0.558654 -3.91407 -2.98242
0.513178 -3.9222 -2.96453
0.463558 -3.92818 -3.02169
0.420223 -3.93367 -3.0155
0.371222 -3.93786 -3.05629
0.321394 -3.9416 -3.06678
0.272592 -3.94545 -3.06289
0.222951 -3.95032 -3.04368
0.18645 -3.95446 -3.0289
0.15019 -3.95759 -3.05538
0.110276 -3.96255 -3.01789
0.0606821 -3.96879 -3.01651
0.0118508 -3.97296 -3.05629
-0.035228 -3.97459 -3.10701
-0.0699958 -3.97645 -3.08813
-0.119486 -3.97665 -3.1377
-0.16365 -3.97562 -3.16472
-0.212696 -3.97406 3.10968
-0.262621 -3.97262 3.11286
-0.312295 -3.96956 3.07993
-0.352981 -3.96969 3.1448
-0.396862 -3.9674 -3.19367
-0.446382 -3.96525 3.09824
-0.496069 -3.96265 3.08923
-0.542053 -3.95873 3.05652
-0.591499 -3.95414 3.04918
-0.633536 -3.94882 3.01555
-0.680261 -3.94399 3.03875
-0.727906 -3.93779 3.01211
-0.762648 -3.93309 3.00714
-0.81238 -3.9283 3.04551
-0.861266 -3.92123 2.998
-0.908983 -3.9138 2.9871
-0.955507 -3.90522 2.95932
-1.0016 -3.89909 3.00941
-1.04054 -3.89259 2.976
-1.08988 -3.88455 2.98015
-1.13261 -3.87681 2.96235
-1.18103 -3.86457 2.89397
-1.22932 -3.85196 2.88615
-1.27686 -3.84284 2.95216
-1.32573 -3.83444 2.97136
-1.37403 -3.82401 2.92888
-1.41937 -3.81369 2.91785
-1.46756 -3.80221 2.90771
-1.51668 -3.79295 2.95534
-1.56514 -3.78368 2.95254
-1.61385 -3.77559 2.97702
-1.65679 -3.7683 2.97328
-1.70022 -3.76079 2.97038
-1.73513 -3.75528 2.98516
-1.77361 -3.74654 2.91814
-1.82207 -3.73434 2.89504
-1.869 -3.7217 2.87854
-1.91584 -3.70665 2.83061
-1.95387 -3.69429 2.82741
-1.99995 -3.67708 2.78408
-2.04672 -3.66079 2.80638
-2.08224 -3.64697 2.77069
-2.12291 -3.63303 2.81148
-2.15368 -3.6217 2.78865
-2.19198 -3.60583 2.7488
-2.23712 -3.58499 2.70896
-2.28045 -3.56573 2.72348
-2.31948 -3.5483 2.72148
-2.36373 -3.52934 2.73684
-2.40626 -3.51213 2.75698
-2.44761 -3.49473 2.74327
-2.48303 -3.47905 2.72498
-2.51991 -3.46298 2.73062
-2.56229 -3.44517 2.7437
-2.60185 -3.4282 2.73643
-2.62556 -3.41878 2.76352
-2.65271 -3.40772 2.75455
-2.69378 -3.39187 2.77332
-2.73275 -3.3758 2.75053
-2.77676 -3.35854 2.76778
-2.82177 -3.34168 2.78314
-2.86647 -3.32589 2.802
-2.9006 -3.31306 2.78209
-2.92007 -3.30494 2.74657
-2.93887 -3.29597 2.69653
-2.96957 -3.28111 2.69065
-3.00697 -3.26291 2.68885
-3.03197 -3.2509 2.69364
-3.04508 -3.244 2.657
-3.07377 -3.22863 2.64982
-3.09651 -3.21653 2.65262
-3.11685 -3.20599 2.66328
-3.12637 -3.20096 2.656
-3.13416 -3.19701 2.67141
-3.13917 -3.19423 2.63542
-3.14173 -3.19287 2.65526
-3.15591 -3.18504 2.63666
-3.17382 -3.175 2.63072
-3.18597 -3.16786 2.61074
-3.19654 -3.16247 2.66986
-3.1944 -3.16354 2.68029
-3.21153 -3.15509 2.68336
-3.22884 -3.14618 2.66647
-3.25675 -3.1328 2.69469
-3.27296 -3.12547 2.71661
-3.28804 -3.11714 2.63687
-3.30781 -3.10657 2.6506
-3.32099 -3.09932 2.63857
-3.33763 -3.09081 2.66921
-3.3672 -3.07829 2.74092
-3.38748 -3.06996 2.75211
-3.40097 -3.06491 2.78355
-3.41734 -3.05976 2.83642
-3.4361 -3.05399 2.84335
-3.46375 -3.0448 2.82065
-3.48758 -3.03601 2.78816
-3.50925 -3.02925 2.83928
-3.53913 -3.01959 2.82881
-3.5541 -3.01473 2.82821
-3.57414 -3.00854 2.84161
-3.59823 -3.00106 2.84064
-3.61855 -2.99532 2.86636
-3.64502 -2.98803 2.8729
-3.67021 -2.98133 2.8814
-3.69456 -2.97469 2.87549
-3.71432 -2.96975 2.89679
-3.74666 -2.96339 2.9473
-3.77475 -2.95892 2.98378
-3.80678 -2.95304 2.9601
-3.83867 -2.94575 2.91667
-3.84546 -2.94414 2.9094
-3.85677 -2.94114 2.88214
-3.86147 -2.93989 2.88233
-3.8702 -2.9373 2.85367
-3.87271 -2.93639 2.79236
-3.87777 -2.93442 2.76997
-3.88638 -2.93102 2.76591
-3.88744 -2.93067 2.82107
-3.89348 -2.92891 2.85785
-3.90324 -2.92609 2.86047
-3.91847 -2.92145 2.84582
-3.92787 -2.9184 2.82792
-3.94814 -2.91159 2.81722
-3.96173 -2.90617 2.76234
-3.96586 -2.90441 2.73921
-3.97442 -2.90066 2.72885
-3.98851 -2.89523 2.77327
-3.99218 -2.89374 2.75672
-4.00383 -2.8894 2.78497
-4.01179 -2.88639 2.78048
-4.02485 -2.88146 2.78034
-4.0265 -2.88079 2.75475
-4.03392 -2.87754 2.72854
-4.0415 -2.87371 2.67411
-4.04984 -2.8692 2.64615
-4.0631 -2.8624 2.6675
-4.07312 -2.85748 2.68525
-4.0871 -2.85088 2.7008
-4.09909 -2.84546 2.71689
-4.10654 -2.84241 2.75278
-4.12217 -2.83579 2.74134
-4.14158 -2.82667 2.70191
-4.13656 -2.82913 2.68618
-4.14766 -2.82391 2.70213
-4.15569 -2.82023 2.71284
-4.16251 -2.81708 2.70802
-4.16374 -2.81656 2.74047
-4.17865 -2.81053 2.75748
-4.18275 -2.80889 2.76129
-4.18648 -2.80734 2.74655
-4.19488 -2.8044 2.80533
-4.21499 -2.797 2.78881
-4.22671 -2.79291 2.80628
True
0.185491
