-5.47226 -1.66188 0.226283
-5.43198 -1.65343 0.206793
-5.38336 -1.64177 0.235464
-5.33944 -1.63002 0.26134
-5.29271 -1.61871 0.23744
-5.24451 -1.60637 0.250649
-5.199 -1.59413 0.262603
-5.15458 -1.58103 0.286917
-5.10677 -1.56644 0.296121
-5.06116 -1.55382 0.270023
-5.01561 -1.53949 0.30474
-4.97245 -1.5264 0.294469
-4.93757 -1.51553 0.302145
-4.89132 -1.50232 0.278265
-4.84447 -1.48843 0.28814
-4.79704 -1.4746 0.283736
-4.75455 -1.46624 0.194272
-4.70964 -1.45678 0.207591
-4.66089 -1.44686 0.200713
-4.61212 -1.43592 0.220652
-4.567 -1.42655 0.204813
-4.51797 -1.41706 0.191187
-4.46977 -1.40639 0.217816
-4.42384 -1.39732 0.19515
-4.37488 -1.38824 0.183238
-4.33096 -1.37833 0.221952
-4.2887 -1.37063 0.180318
-4.23981 -1.36063 0.201646
-4.19895 -1.35212 0.205484
-4.15188 -1.34162 0.219458
-4.10797 -1.33217 0.211904
-4.06629 -1.32314 0.213414
-4.01823 -1.31156 0.236327
-3.97561 -1.30006 0.263523
-3.93441 -1.28973 0.245665
-3.89651 -1.27851 0.288063
-3.84969 -1.26301 0.319669
-3.80244 -1.24827 0.302368
-3.75618 -1.22977 0.380361
-3.70868 -1.21435 0.313887
-3.66198 -1.19686 0.35844
-3.62372 -1.18097 0.393681
-3.57693 -1.16334 0.360263
-3.5298 -1.14722 0.329599
-3.48282 -1.13012 0.349114
-3.4375 -1.109 0.436092
-3.39508 -1.0887 0.44626
-3.36761 -1.0768 0.408844
-3.32258 -1.05512 0.448761
-3.28464 -1.03702 0.445082
-3.24358 -1.01617 0.469839
-3.19829 -0.994983 0.437511
-3.15978 -0.977155 0.433623
-3.11897 -0.957612 0.446607
-3.07423 -0.935654 0.45625
-3.03745 -0.91712 0.466707
-2.9977 -0.896521 0.478213
-2.95976 -0.875146 0.513003
-2.93119 -0.858944 0.515857
-2.91489 -0.8499 0.506651
-2.89157 -0.835614 0.549596
-2.8554 -0.815622 0.504981
-2.82283 -0.796458 0.531837
-2.78246 -0.772455 0.536353
-2.73975 -0.748816 0.505517
-2.69831 -0.726736 0.489544
-2.65478 -0.702128 0.514563
-2.61738 -0.680765 0.51891
-2.58647 -0.661309 0.56178
-2.54679 -0.633947 0.603809
-2.51036 -0.607664 0.624951
-2.46971 -0.578736 0.618459
-2.43087 -0.549002 0.65333
-2.39154 -0.522788 0.587988
-2.35122 -0.49475 0.607608
-2.3117 -0.468164 0.592151
-2.27187 -0.440379 0.609144
-2.23373 -0.414957 0.587904
-2.19069 -0.38952 0.533728
-2.14772 -0.36551 0.509602
-2.11654 -0.346755 0.541532
-2.07935 -0.325217 0.524858
-2.03672 -0.299093 0.549797
-1.99538 -0.278148 0.469031
-1.9601 -0.259251 0.491657
-1.92086 -0.240844 0.438667
-1.87624 -0.218424 0.465552
-1.83081 -0.198738 0.408909
-1.78837 -0.18395 0.335309
-1.74135 -0.168506 0.31739
-1.69477 -0.153018 0.320972
-1.65442 -0.138473 0.34597
-1.60755 -0.121217 0.352751
-1.5603 -0.104891 0.332687
-1.51374 -0.0908077 0.293725
-1.47497 -0.0810348 0.246945
-1.43191 -0.0702143 0.246181
-1.38383 -0.0566144 0.27566
-1.34068 -0.0435194 0.294639
-1.29242 -0.0305889 0.261779
-1.24506 -0.0184115 0.251692
-1.19911 -0.00651406 0.253338
-1.15135 0.00729194 0.281407
-1.10276 0.0190802 0.238036
-1.05396 0.0299443 0.219029
-1.00805 0.0391373 0.197625
-0.980601 0.0448876 0.206514
-0.939858 0.0518525 0.16931
-0.890358 0.0581785 0.12711
-0.844481 0.0631472 0.107884
-0.801932 0.0657641 0.0614245
-0.761567 0.0659557 0.00474733
-0.71169 0.0667032 0.0149853
-0.664993 0.0652835 -0.030393
-0.615464 0.066028 0.0150304
-0.567042 0.067994 0.0405776
-0.522424 0.071472 0.0777942
-0.488536 0.0747944 0.0977291
-0.465921 0.0779637 0.13923
-0.42542 0.0834334 0.13424
-0.376112 0.0883771 0.0999274
-0.328418 0.0922419 0.0808574
-0.279981 0.0926592 0.0086148
-0.244214 0.0919582 -0.0195981
-0.197716 0.0905037 -0.031269
-0.154838 0.0896668 -0.0195162
-0.109667 0.087794 -0.0414369
-0.0683966 0.0868404 -0.0231008
-0.019131 0.0885823 0.035341
0.0146617 0.0907504 0.0640729
0.0560257 0.0935363 0.0672488
0.105903 0.09704 0.0701318
0.153165 0.0995014 0.0520315
0.201394 0.101204 0.0352852
0.250346 0.102779 0.0321641
0.297473 0.107099 0.0914059
0.346117 0.110367 0.0670917
0.395287 0.115713 0.108297
0.445006 0.121009 0.106126
0.490678 0.124296 0.0718389
0.539228 0.126202 0.0392475
0.588842 0.129166 0.059657
0.628443 0.130656 0.0376045
0.675933 0.130999 0.00722322
0.725845 0.130167 -0.0166543
0.772866 0.130061 -0.00225807
0.818064 0.128987 -0.0237707
0.867451 0.126784 -0.0445626
0.909038 0.126483 -0.00723692
0.953921 0.125683 -0.017837
0.997196 0.126348 0.015364
1.041 0.126228 -0.00274009
1.07753 0.125512 -0.0195771
1.11989 0.125561 0.00113571
1.16433 0.12476 -0.0180028
1.19693 0.12352 -0.0380456
1.24562 0.123527 0.000160072
1.29274 0.126195 0.0565536
1.34259 0.129849 0.073165
1.38869 0.133718 0.0837437
1.4284 0.137833 0.103252
1.46882 0.141841 0.0988234
1.50682 0.145479 0.0954451
1.55603 0.151105 0.113832
1.59614 0.158008 0.170437
1.64072 0.166164 0.180963
1.68771 0.174658 0.178853
1.73154 0.184634 0.223754
1.77771 0.195522 0.231595
1.82644 0.205744 0.206767
1.87133 0.215577 0.215665
1.92028 0.225365 0.197353
1.96457 0.234059 0.193824
1.99315 0.23952 0.188817
2.03945 0.249351 0.209211
2.08326 0.260792 0.255482
2.12399 0.269455 0.209536
2.16119 0.278023 0.226421
2.20511 0.286975 0.201035
2.25362 0.295812 0.180191
2.30095 0.304377 0.179026
2.35051 0.310339 0.119725
2.38786 0.315765 0.144261
2.43583 0.321189 0.112587
2.4831 0.325964 0.100698
2.53244 0.330935 0.100394
2.56742 0.335291 0.123906
2.61605 0.340463 0.105937
2.6563 0.343386 0.0725089
2.6993 0.348477 0.117868
2.74162 0.354219 0.134816
2.77878 0.359449 0.13985
2.82806 0.367028 0.152604
2.86912 0.37544 0.202032
2.91025 0.384462 0.21598
2.9577 0.394494 0.208332
3.00565 0.404874 0.213179
3.05241 0.4143 0.198943
3.09234 0.424655 0.253729
3.13365 0.43496 0.244494
3.17325 0.443886 0.221671
3.22226 0.452695 0.177818
3.26163 0.459547 0.172351
3.30869 0.468937 0.196962
3.35726 0.480165 0.227138
3.39985 0.489935 0.225506
3.44809 0.502675 0.258195
3.48123 0.513023 0.30267
3.50523 0.520311 0.294811
3.53571 0.529478 0.292189
3.57772 0.543065 0.312815
3.61967 0.555855 0.295912
3.65662 0.567335 0.301242
3.70134 0.581062 0.297832
3.74529 0.594307 0.292665
3.78599 0.605578 0.270177
3.83245 0.617414 0.249481
3.87224 0.627376 0.245283
3.90195 0.633705 0.209872
3.92746 0.63959 0.226748
3.95433 0.647018 0.269721
4.00119 0.657979 0.229762
4.0474 0.667039 0.193619
4.08215 0.672516 0.156318
4.10999 0.677107 0.163456
4.11769 0.678457 0.173466
4.12551 0.679862 0.177786
4.1492 0.684691 0.201052
4.16932 0.690373 0.275292
4.19309 0.697778 0.302016
4.23693 0.711738 0.308307
4.27217 0.721653 0.274209
4.31013 0.732374 0.27527
4.32422 0.736343 0.274636
4.33488 0.738999 0.24402
4.3533 0.74347 0.238118
4.36553 0.746344 0.230992
4.38249 0.750111 0.218454
4.40018 0.75316 0.170769
4.41162 0.755257 0.181286
4.42266 0.757899 0.234869
4.43168 0.760258 0.255652
4.4543 0.766615 0.274063
4.47459 0.771627 0.242093
4.48118 0.773298 0.248256
4.5062 0.77987 0.256848
4.52984 0.785773 0.244728
4.56985 0.796806 0.269106
4.59821 0.804811 0.275119
4.62293 0.812683 0.308224
4.65579 0.822513 0.29065
4.67187 0.827825 0.319092
4.69776 0.837944 0.372599
4.7207 0.84653 0.358147
4.74215 0.85465 0.361989
4.7646 0.861612 0.300703
4.77082 0.863799 0.337732
4.79627 0.872633 0.334154
4.83114 0.883294 0.296719
4.852 0.889487 0.288626
4.86568 0.893238 0.267508
4.88558 0.898155 0.242209
4.89449 0.900288 0.235045
4.90928 0.903228 0.196145
4.92897 0.907125 0.195462
4.94695 0.911151 0.220227
4.97074 0.917188 0.248542
5.01083 0.928484 0.274673
5.03289 0.934804 0.278998
5.04814 0.938627 0.245598
5.05838 0.941497 0.273128
5.06664 0.943739 0.265211
5.08496 0.948499 0.254208
5.09667 0.95153 0.253337
5.10272 0.953219 0.272091
5.10425 0.953645 0.271965
5.11071 0.955568 0.289138
5.12136 0.958631 0.280028
5.12795 0.96082 0.32099
5.13347 0.962699 0.327744
5.14657 0.967126 0.325889
5.14796 0.967617 0.339731
5.15537 0.970256 0.342294
5.1754 0.977143 0.331152
5.18147 0.979049 0.304117
5.19355 0.982492 0.277711
5.20953 0.987202 0.286654
5.2186 0.990012 0.300415
5.24 0.996456 0.292545
5.24721 0.998422 0.265935
5.25306 0.999831 0.236406
5.25477 1.00011 0.164785
5.26845 1.0025 0.172782
True
0.0669169
