-5.47828 0.0377442 0.151666
-5.43445 0.0487822 0.246716
-5.39292 0.0599861 0.26352
-5.34467 0.0729368 0.262205
-5.29636 0.0854935 0.254301
-5.25533 0.0950786 0.229495
-5.20758 0.105197 0.208795
-5.15924 0.115152 0.203094
-5.11528 0.124713 0.214207
-5.06652 0.135549 0.218671
-5.01863 0.14746 0.243761
-4.97178 0.157434 0.209744
-4.92314 0.167883 0.21162
-4.87386 0.175771 0.158729
-4.82504 0.185882 0.204216
-4.78894 0.191159 0.145142
-4.75416 0.196478 0.151751
-4.71135 0.203365 0.159531
-4.66635 0.210497 0.157169
-4.61716 0.219435 0.179726
-4.56868 0.226111 0.13684
-4.52069 0.234218 0.167373
-4.47432 0.241471 0.155139
-4.43044 0.249358 0.177861
-4.3856 0.255999 0.147033
-4.33764 0.263913 0.163547
-4.28839 0.27249 0.172422
-4.24583 0.278301 0.135688
-4.20182 0.284914 0.149161
-4.1616 0.289719 0.118902
-4.11762 0.295235 0.124741
-4.07262 0.299137 0.0865125
-4.02421 0.304202 0.104252
-3.97937 0.307511 0.0736622
-3.92966 0.312497 0.0999553
-3.88269 0.31744 0.104863
-3.834 0.325905 0.172126
-3.79138 0.329861 0.0925598
-3.74316 0.333698 0.0794063
-3.69634 0.340916 0.152941
-3.64709 0.349559 0.173746
-3.59773 0.35722 0.153974
-3.54832 0.364631 0.148873
-3.49885 0.370881 0.125672
-3.44984 0.376547 0.115103
-3.40304 0.382321 0.122749
-3.35381 0.388589 0.12665
-3.31184 0.395327 0.159185
-3.26305 0.406126 0.217838
-3.2157 0.416136 0.208333
-3.1669 0.425941 0.198248
-3.11829 0.437546 0.234374
-3.08474 0.44442 0.202118
-3.03698 0.45181 0.153496
-2.98981 0.458911 0.149399
-2.94061 0.46506 0.124343
-2.8935 0.471366 0.133078
-2.84784 0.477416 0.131748
-2.80547 0.480544 0.0736778
-2.75623 0.485962 0.109601
-2.70805 0.488626 0.0552348
-2.65962 0.491436 0.0579578
-2.62005 0.495894 0.112187
-2.5721 0.503038 0.14792
-2.52235 0.50699 0.0792586
-2.47254 0.511258 0.085466
-2.423 0.517169 0.118774
-2.37724 0.522977 0.126229
-2.331 0.529568 0.141601
-2.28152 0.536442 0.138038
-2.23856 0.541996 0.12858
-2.19033 0.548222 0.128368
-2.14222 0.554947 0.138889
-2.09256 0.560633 0.114007
-2.04572 0.564561 0.0836569
-1.99784 0.568776 0.0878004
-1.95285 0.571714 0.0652091
-1.90716 0.574456 0.0599476
-1.86327 0.578056 0.0818471
-1.81782 0.584006 0.130176
-1.7808 0.588237 0.113757
-1.73104 0.592947 0.0943789
-1.68502 0.59643 0.0755447
-1.63857 0.599631 0.0688066
-1.58944 0.602734 0.0630756
-1.54632 0.607491 0.109893
-1.50928 0.611981 0.120613
-1.46276 0.619253 0.155069
-1.41607 0.63074 0.241226
-1.36732 0.64093 0.206084
-1.32388 0.650334 0.21316
-1.27524 0.659396 0.184218
-1.2408 0.666888 0.214211
-1.19439 0.678336 0.241821
-1.16155 0.689254 0.320945
-1.13108 0.699728 0.331102
-1.08386 0.713602 0.285792
-1.03872 0.726768 0.283814
-0.990561 0.738811 0.245027
-0.953147 0.749041 0.266883
-0.911583 0.760765 0.274948
-0.865807 0.771552 0.231424
-0.818348 0.787269 0.319804
-0.777464 0.803301 0.37369
-0.732336 0.821139 0.376426
-0.686427 0.837434 0.341084
-0.641919 0.853371 0.343844
-0.594522 0.868024 0.299824
-0.548586 0.883678 0.328437
-0.502598 0.900023 0.341492
-0.457139 0.916351 0.344831
-0.417863 0.931692 0.372381
-0.371564 0.94933 0.36397
-0.331463 0.963039 0.329403
-0.29011 0.977521 0.33687
-0.245301 0.991269 0.297706
-0.201011 1.00796 0.360303
-0.155412 1.02313 0.321241
-0.10841 1.04006 0.345788
-0.0699682 1.05266 0.316651
-0.0378616 1.0634 0.322814
0.0105636 1.07558 0.246413
0.0581511 1.09035 0.300898
0.0998573 1.10351 0.305699
0.14209 1.11821 0.334994
0.182649 1.13225 0.333237
0.223901 1.14732 0.3502
0.266778 1.16212 0.33251
0.314029 1.17846 0.332846
0.358117 1.19354 0.329595
0.406004 1.20778 0.288983
0.452931 1.2211 0.276528
0.50152 1.23238 0.228164
0.549145 1.24438 0.246872
0.595273 1.2559 0.244721
0.626674 1.26318 0.227939
0.674127 1.27559 0.2558
0.723354 1.28409 0.170816
0.76742 1.29233 0.184882
0.80564 1.29975 0.191906
0.854071 1.31198 0.247199
0.902865 1.32231 0.208811
0.951329 1.33418 0.240145
0.976984 1.34067 0.247621
1.02547 1.35275 0.244263
1.07381 1.36547 0.257221
1.119 1.37557 0.21988
1.16735 1.38297 0.151873
1.21109 1.38903 0.137835
1.26084 1.39365 0.0925688
1.31044 1.39983 0.123864
1.36001 1.40501 0.104088
1.40978 1.4077 0.0540855
1.45135 1.40999 0.0550754
1.49279 1.41116 0.0281754
1.53714 1.4135 0.0526242
1.57415 1.41466 0.0314104
1.62317 1.41672 0.042061
1.67005 1.41972 0.0637417
1.71927 1.42112 0.0284418
1.76803 1.42158 0.00952378
1.81485 1.42386 0.0486349
1.85908 1.42486 0.0226811
1.90389 1.42808 0.0717267
1.95206 1.43066 0.0534013
1.99305 1.43311 0.0596851
2.03378 1.4337 0.0146786
2.0834 1.43194 -0.0356148
2.12621 1.4302 -0.0404267
2.16823 1.42969 -0.0122543
2.21821 1.42829 -0.0279824
2.26683 1.42546 -0.0581339
2.31258 1.42193 -0.0770736
2.36242 1.42022 -0.0342028
2.40399 1.41947 -0.0180581
2.44743 1.41904 -0.00999241
2.49189 1.41815 -0.0199912
2.53752 1.41789 -0.00557772
2.5839 1.41531 -0.0557178
2.62588 1.41294 -0.0563669
2.6623 1.41 -0.0803981
2.71195 1.4057 -0.0864405
2.75716 1.40364 -0.0456681
2.79525 1.4016 -0.0534987
2.83233 1.40005 -0.0417661
2.88224 1.39762 -0.048493
2.93117 1.39458 -0.0621655
2.97241 1.39172 -0.069084
3.01943 1.38799 -0.0792656
3.05249 1.38479 -0.0965064
3.09654 1.3803 -0.101649
3.14471 1.37576 -0.0938418
3.18846 1.37144 -0.0985841
3.23649 1.36452 -0.142913
3.28593 1.35765 -0.138157
3.33106 1.35226 -0.118921
3.37352 1.34675 -0.129084
3.40189 1.34227 -0.156419
3.42988 1.33764 -0.164049
3.46877 1.3315 -0.156483
3.51773 1.32209 -0.189936
3.55687 1.31443 -0.193196
3.5977 1.30795 -0.15743
3.63547 1.30233 -0.147709
3.67747 1.29598 -0.150045
3.70711 1.29134 -0.155293
3.72438 1.28837 -0.170186
3.75992 1.28165 -0.187054
3.79375 1.27644 -0.152761
3.83797 1.26897 -0.167249
3.85929 1.26604 -0.136905
3.88557 1.26274 -0.12486
3.9231 1.25948 -0.0864686
3.95099 1.25724 -0.0801895
3.9814 1.25389 -0.109803
4.03021 1.24938 -0.092135
4.0674 1.24652 -0.0767504
4.10513 1.24547 -0.0278898
4.15322 1.24202 -0.0714894
4.19217 1.23827 -0.0961958
4.2265 1.23563 -0.0765655
4.26747 1.2324 -0.0786981
4.30847 1.2297 -0.065865
4.3509 1.22804 -0.0390001
4.39678 1.22689 -0.0250752
4.44187 1.22544 -0.0321963
4.47337 1.22432 -0.0355282
4.49799 1.2227 -0.0654907
4.53291 1.21805 -0.132415
4.56321 1.21422 -0.125946
4.59034 1.21165 -0.094144
4.63285 1.2053 -0.148284
4.65481 1.20128 -0.181308
4.67893 1.19755 -0.153201
4.70257 1.19342 -0.173
4.72077 1.19047 -0.161035
4.73385 1.18856 -0.14471
4.74464 1.18668 -0.17258
4.76261 1.18328 -0.186732
4.77699 1.1807 -0.177766
4.7873 1.17894 -0.168881
4.79584 1.17775 -0.138572
4.80784 1.17601 -0.144432
4.81646 1.17464 -0.157608
4.82824 1.17232 -0.19398
4.84015 1.16987 -0.203358
4.86004 1.16581 -0.201213
4.88052 1.16169 -0.198402
4.89423 1.15989 -0.1308
4.90871 1.15816 -0.118798
4.92632 1.15577 -0.135077
4.92613 1.15579 -0.134398
4.93528 1.15438 -0.153246
4.95124 1.15226 -0.131923
4.96756 1.14999 -0.138333
4.98623 1.14717 -0.149864
5.00399 1.14497 -0.123138
5.03424 1.14037 -0.150937
5.0534 1.13801 -0.122834
5.06387 1.13708 -0.0880617
5.08658 1.13535 -0.0760394
5.09349 1.1351 -0.036045
5.10438 1.1343 -0.0734592
5.12483 1.13223 -0.100911
5.12663 1.1321 -0.0715173
5.14196 1.13095 -0.0749233
5.14659 1.13059 -0.0787611
5.14956 1.13027 -0.106394
5.1457 1.13035 -0.0199974
5.15653 1.13053 0.0168463
5.16018 1.13057 0.0111025
5.17623 1.13181 0.0773085
5.19065 1.13307 0.0871359
5.2059 1.13451 0.0943305
True
0.2585
