4.48085 -0.00772519 -2.7581
4.45454 -0.0190926 -2.73379
4.41021 -0.0414389 -2.67465
4.36947 -0.0659995 -2.59907
4.32783 -0.0935747 -2.55671
4.30587 -0.110717 -2.47886
4.27978 -0.134712 -2.39802
4.25421 -0.162638 -2.31209
4.22491 -0.198131 -2.26087
4.19652 -0.235375 -2.22206
4.16714 -0.275653 -2.20111
4.14656 -0.301532 -2.24247
4.1195 -0.338794 -2.19905
4.09963 -0.370945 -2.12435
4.0736 -0.413483 -2.11989
4.05248 -0.448178 -2.11753
4.02681 -0.49106 -2.11026
4.01524 -0.512225 -2.07102
3.99603 -0.545679 -2.09208
3.97334 -0.590232 -2.04188
3.95363 -0.631692 -2.01446
3.93561 -0.672029 -1.99098
3.91579 -0.712018 -2.031
3.89519 -0.757565 -1.99543
3.87478 -0.80216 -2.00009
3.85568 -0.848364 -1.96274
3.84278 -0.88202 -1.93697
3.82407 -0.928035 -1.95694
3.81176 -0.960827 -1.92991
3.79485 -1.00146 -1.96515
3.77944 -1.04094 -1.94281
3.76335 -1.0832 -1.93462
3.74749 -1.13061 -1.89372
3.72781 -1.17657 -1.97523
3.71141 -1.22378 -1.90537
3.69773 -1.26324 -1.90429
3.68282 -1.31083 -1.87452
3.6683 -1.35457 -1.89133
3.65441 -1.39888 -1.87453
3.64179 -1.44008 -1.86791
3.62323 -1.48649 -1.95135
3.60633 -1.53075 -1.93543
3.59105 -1.57007 -1.94148
3.5732 -1.61207 -1.97265
3.55444 -1.65842 -1.95541
3.53551 -1.70451 -1.96048
3.51637 -1.75069 -1.96372
3.49627 -1.79628 -1.98613
3.48167 -1.8289 -1.99158
3.46391 -1.87 -1.97873
3.44127 -1.91172 -2.06794
3.41701 -1.95456 -2.08604
3.39148 -1.99661 -2.11645
3.36643 -2.03869 -2.1078
3.34593 -2.0778 -2.05347
3.3227 -2.11936 -2.08056
3.30245 -2.15535 -2.08337
3.27619 -2.1978 -2.12478
3.25577 -2.22763 -2.17099
3.23801 -2.25328 -2.17623
3.20964 -2.29171 -2.20688
3.18088 -2.33211 -2.18943
3.15103 -2.37205 -2.21266
3.12228 -2.41243 -2.18936
3.09237 -2.45249 -2.2122
3.06551 -2.4902 -2.18974
3.04607 -2.51909 -2.16293
3.01737 -2.55988 -2.18408
2.99246 -2.59416 -2.19928
2.97081 -2.62247 -2.22352
2.9412 -2.65903 -2.25152
2.90938 -2.69759 -2.26079
2.87746 -2.73557 -2.26972
2.85352 -2.76371 -2.2757
2.81957 -2.8001 -2.32152
2.79011 -2.8291 -2.36409
2.75667 -2.85917 -2.40917
2.73021 -2.88081 -2.45599
2.69735 -2.90928 -2.42765
2.6599 -2.94073 -2.44317
2.64357 -2.95552 -2.40529
2.61153 -2.98586 -2.38354
2.57313 -3.01789 -2.44632
2.54883 -3.03735 -2.46645
2.51805 -3.06263 -2.45398
2.50853 -3.07129 -2.40322
2.47672 -3.09913 -2.42258
2.44257 -3.12919 -2.41992
2.41146 -3.15722 -2.40828
2.38009 -3.18404 -2.43407
2.34209 -3.21604 -2.44181
2.30187 -3.24519 -2.51445
2.26146 -3.27463 -2.51187
2.22412 -3.30047 -2.53622
2.19505 -3.3203 -2.54307
2.15287 -3.34713 -2.57506
2.11919 -3.36904 -2.56477
2.07844 -3.39766 -2.52932
2.04266 -3.42209 -2.54272
2.00141 -3.44834 -2.57478
1.97294 -3.46722 -2.55599
1.92945 -3.49187 -2.6259
1.89886 -3.50961 -2.61609
1.85513 -3.53381 -2.63618
1.81332 -3.55756 -2.62501
1.77181 -3.57876 -2.6693
1.74328 -3.59311 -2.67583
1.70684 -3.61454 -2.60991
1.69205 -3.6218 -2.68486
1.64662 -3.64243 -2.71543
1.60125 -3.66249 -2.72527
1.55838 -3.68288 -2.69768
1.51449 -3.70405 -2.69209
1.47049 -3.72345 -2.72631
1.43169 -3.73942 -2.75126
1.38606 -3.75893 -2.73742
1.34322 -3.77743 -2.73402
1.29705 -3.79574 -2.76402
1.25825 -3.80957 -2.79921
1.22243 -3.82383 -2.7628
1.17799 -3.8409 -2.77471
1.14158 -3.8554 -2.76256
1.10964 -3.86654 -2.80614
1.06557 -3.8809 -2.82666
1.04311 -3.88759 -2.85225
1.02107 -3.89345 -2.88149
0.974452 -3.90367 -2.92572
0.927359 -3.91439 -2.91787
0.884459 -3.92275 -2.9491
0.835355 -3.93217 -2.95211
0.791779 -3.94078 -2.94644
0.743612 -3.95045 -2.94345
0.694949 -3.96192 -2.91022
0.666384 -3.9691 -2.89525
0.624409 -3.97916 -2.90636
0.575924 -3.98897 -2.94184
0.526523 -3.9966 -2.98852
0.488262 -4.00327 -2.96894
0.45102 -4.00786 -3.01902
0.403006 -4.01369 -3.02063
0.353603 -4.02136 -2.98756
0.31261 -4.02544 -3.04248
0.263404 -4.03254 -2.99824
0.214912 -4.03818 -3.02582
0.164949 -4.03969 -3.11146
0.115512 -4.03979 -3.13952
0.0656712 -4.03934 -3.15068
0.0169127 -4.03836 3.12165
-0.033051 -4.04023 3.17886
-0.0772373 -4.04122 -3.11923
-0.125156 -4.04219 -3.12135
-0.174998 -4.04139 -3.15753
-0.223652 -4.04144 3.14269
-0.269514 -4.04204 -3.12853
-0.319401 -4.04188 -3.1448
-0.367081 -4.04318 3.16883
-0.408722 -4.04414 -3.11865
-0.458107 -4.04441 -3.1361
-0.500626 -4.04364 -3.1598
-0.544668 -4.04126 3.0876
-0.58585 -4.0393 3.09416
-0.635533 -4.0364 3.08327
-0.685032 -4.03499 3.11309
-0.734931 -4.03289 3.09961
-0.77012 -4.03095 3.08646
-0.81998 -4.02764 3.07529
-0.86975 -4.0239 3.06662
-0.917028 -4.02201 3.10157
-0.963211 -4.01774 3.04942
-1.01089 -4.01445 3.07282
-1.0598 -4.00855 3.02152
-1.10495 -4.00212 2.99999
-1.14923 -3.99438 2.96851
-1.19021 -3.98598 2.93948
-1.23155 -3.97945 2.98505
-1.2681 -3.97267 2.95817
-1.30827 -3.96359 2.91912
-1.35324 -3.95065 2.86152
-1.40041 -3.93636 2.84736
-1.44735 -3.92369 2.87805
-1.47791 -3.91614 2.89948
-1.52675 -3.90575 2.93186
-1.5714 -3.89654 2.93816
-1.6191 -3.88863 2.97731
-1.66555 -3.88026 2.9633
-1.70919 -3.87302 2.97723
-1.75414 -3.8644 2.95199
-1.80221 -3.85273 2.90349
-1.84963 -3.84048 2.88888
-1.891 -3.83143 2.92614
-1.9209 -3.82353 2.88337
-1.96592 -3.81143 2.879
-2.01306 -3.79885 2.88078
-2.05618 -3.78761 2.88654
-2.09818 -3.77708 2.89603
-2.14505 -3.76406 2.87056
-2.18864 -3.75325 2.89859
-2.22708 -3.74297 2.88033
-2.27074 -3.73337 2.92498
-2.31689 -3.72297 2.92009
-2.35312 -3.71413 2.90229
-2.4003 -3.70064 2.86314
-2.43614 -3.69117 2.88311
-2.47208 -3.68134 2.87462
-2.50076 -3.6736 2.87816
-2.53825 -3.66325 2.87211
-2.5857 -3.64903 2.85047
-2.61831 -3.64036 2.88153
-2.65722 -3.62959 2.87163
-2.67283 -3.62582 2.90468
-2.68418 -3.62298 2.89663
-2.70142 -3.61837 2.88017
-2.70277 -3.61801 2.87854
-2.72644 -3.61151 2.87385
-2.76281 -3.60288 2.9086
-2.79798 -3.59584 2.94398
-2.83625 -3.58822 2.94512
-2.87418 -3.58063 2.94399
-2.91636 -3.57234 2.94764
-2.95937 -3.56254 2.9175
-2.99031 -3.55496 2.90123
-3.02911 -3.54599 2.91453
-3.07584 -3.53643 2.9398
-3.11164 -3.52828 2.91777
-3.14345 -3.51981 2.88122
-3.1906 -3.50773 2.89087
-3.23324 -3.49682 2.89111
-3.26129 -3.48883 2.86411
-3.27907 -3.48297 2.82303
-3.28785 -3.48012 2.82824
-3.31254 -3.47166 2.81124
-3.33834 -3.46234 2.79517
-3.36205 -3.45352 2.78537
-3.36912 -3.45093 2.79001
-3.38624 -3.44406 2.75997
-3.39644 -3.43997 2.76018
-3.41346 -3.43326 2.76643
-3.42635 -3.4285 2.78742
-3.43452 -3.42556 2.7959
-3.46324 -3.41547 2.80383
-3.49322 -3.40557 2.82272
-3.52245 -3.39688 2.8525
-3.55441 -3.38805 2.87222
-3.59515 -3.37777 2.89435
-3.62341 -3.37124 2.91468
-3.65253 -3.36481 2.92408
-3.68321 -3.35773 2.91495
-3.69602 -3.35443 2.88951
-3.70995 -3.35088 2.89214
-3.7203 -3.3483 2.89702
-3.72343 -3.34748 2.88559
-3.73427 -3.34444 2.86817
-3.75405 -3.33908 2.87665
-3.77115 -3.33411 2.85911
-3.79085 -3.32751 2.81808
-3.80137 -3.32466 2.87682
-3.81339 -3.32182 2.90976
-3.82816 -3.31825 2.90451
-3.85033 -3.31143 2.84293
-3.86713 -3.30597 2.82742
-3.89632 -3.2955 2.79739
-3.92404 -3.28469 2.76978
-3.94447 -3.27691 2.77765
-3.96849 -3.26812 2.79079
-3.98478 -3.26267 2.81843
-3.99949 -3.25722 2.787
-4.01425 -3.25193 2.79751
-4.01845 -3.2503 2.77169
-4.0452 -3.23815 2.71531
-4.05536 -3.23219 2.6107
-4.06442 -3.22684 2.60825
-4.06636 -3.22579 2.64653
-4.0687 -3.22474 2.71878
-4.07238 -3.22332 2.77345
-4.07402 -3.22275 2.80751
-4.07905 -3.22122 2.84636
-4.08388 -3.21971 2.83923
-4.09032 -3.21766 2.83267
-4.09649 -3.2157 2.83417
-4.10399 -3.21343 2.84766
-4.12303 -3.20821 2.87415
-4.1321 -3.20587 2.88921
-4.15275 -3.20089 2.90462
-4.1595 -3.19933 2.91548
-4.15825 -3.19959 2.93992
-4.17117 -3.19695 2.94022
-4.17292 -3.19654 2.91214
-4.17671 -3.19552 2.87813
-4.17766 -3.19526 2.87676
-4.18294 -3.1943 2.96184
-4.18973 -3.19322 2.98347
-4.18458 -3.19381 3.02732
-4.19732 -3.19269 3.05414
-4.20819 -3.19209 3.08626
True
0.190229
