-5.46313 1.46775 -0.239814
-5.45101 1.46432 -0.275927
-5.42292 1.45507 -0.318218
-5.39732 1.44833 -0.257313
-5.35151 1.43824 -0.216938
-5.30341 1.4264 -0.241349
-5.25502 1.41384 -0.253841
-5.22006 1.40381 -0.279442
-5.17663 1.39096 -0.287621
-5.12918 1.37553 -0.314334
-5.0827 1.36069 -0.309175
-5.03617 1.3424 -0.374454
-4.99094 1.32546 -0.358345
-4.94396 1.30938 -0.329812
-4.90435 1.29488 -0.350825
-4.85928 1.27678 -0.381893
-4.81275 1.25847 -0.375067
-4.76973 1.24214 -0.362733
-4.72281 1.22523 -0.345924
-4.67574 1.20868 -0.338023
-4.62941 1.19219 -0.34189
-4.58171 1.17722 -0.304202
-4.53473 1.16061 -0.339789
-4.48752 1.14535 -0.31266
-4.44529 1.13122 -0.322902
-4.40381 1.1179 -0.310771
-4.35825 1.10383 -0.299387
-4.31081 1.08895 -0.303947
-4.26328 1.07362 -0.31211
-4.21484 1.06189 -0.237554
-4.1658 1.05211 -0.196943
-4.1276 1.04373 -0.215911
-4.08709 1.03465 -0.220288
-4.03821 1.02445 -0.20576
-3.98964 1.01306 -0.230402
-3.94167 0.998938 -0.286331
-3.90728 0.98934 -0.272123
-3.86543 0.977817 -0.268707
-3.82766 0.966921 -0.280817
-3.78184 0.952479 -0.305389
-3.73697 0.937857 -0.314982
-3.69136 0.924412 -0.286681
-3.64654 0.911985 -0.270492
-3.60395 0.899441 -0.286417
-3.55574 0.886523 -0.261773
-3.53188 0.880479 -0.248115
-3.48326 0.870966 -0.193222
-3.43483 0.864631 -0.130072
-3.39356 0.859818 -0.116093
-3.34788 0.855332 -0.0978796
-3.30956 0.850947 -0.113962
-3.26208 0.844392 -0.137163
-3.21298 0.838153 -0.126412
-3.16885 0.833769 -0.0990316
-3.11925 0.827488 -0.125951
-3.06973 0.82185 -0.113368
-3.02165 0.816583 -0.109091
-2.97209 0.809991 -0.132261
-2.92244 0.804268 -0.114746
-2.87499 0.797518 -0.141313
-2.82594 0.789303 -0.165949
-2.78136 0.781124 -0.181416
-2.73751 0.770621 -0.235121
-2.68898 0.759101 -0.233089
-2.64134 0.745159 -0.284693
-2.59339 0.732075 -0.266339
-2.54636 0.718799 -0.275146
-2.50849 0.707594 -0.28772
-2.46266 0.692031 -0.327308
-2.41749 0.676785 -0.32551
-2.37198 0.662924 -0.2957
-2.32446 0.647374 -0.316248
-2.27925 0.632548 -0.316886
-2.23868 0.620967 -0.278041
-2.19156 0.607902 -0.270499
-2.15225 0.596467 -0.283049
-2.10502 0.580924 -0.317942
-2.06473 0.567747 -0.316047
-2.01933 0.553461 -0.304885
-1.98015 0.542832 -0.264903
-1.93819 0.531433 -0.265262
-1.89624 0.519436 -0.278531
-1.85181 0.505131 -0.31147
-1.80384 0.492372 -0.26
-1.75672 0.479533 -0.266006
-1.71051 0.466053 -0.283799
-1.66762 0.452758 -0.300594
-1.62342 0.437782 -0.326736
-1.5796 0.422585 -0.333788
-1.5374 0.407488 -0.34356
-1.49071 0.391073 -0.338072
-1.45092 0.376588 -0.349174
-1.40381 0.360827 -0.322854
-1.36165 0.345892 -0.340439
-1.31745 0.328235 -0.380025
-1.27073 0.31062 -0.360548
-1.22472 0.291053 -0.402112
-1.17832 0.274091 -0.350496
-1.13321 0.255257 -0.395487
-1.09435 0.238191 -0.413814
-1.05176 0.221803 -0.367325
-1.00706 0.205952 -0.340746
-0.962562 0.190429 -0.335676
-0.92033 0.175823 -0.332973
-0.873614 0.158109 -0.362443
-0.829907 0.142266 -0.347746
-0.787587 0.125024 -0.386887
-0.743261 0.104318 -0.437015
-0.704815 0.0865154 -0.433646
-0.664042 0.068458 -0.416918
-0.624262 0.0525615 -0.380171
-0.579266 0.0361193 -0.350338
-0.532155 0.0196639 -0.336044
-0.488575 0.00337885 -0.357614
-0.442904 -0.0107034 -0.299091
-0.395101 -0.025279 -0.295955
-0.360508 -0.0359633 -0.299565
-0.31231 -0.0490635 -0.265387
-0.272346 -0.0617585 -0.307582
-0.229868 -0.073955 -0.279607
-0.184469 -0.0869457 -0.278697
-0.142066 -0.0977945 -0.250475
-0.0942141 -0.111992 -0.288413
-0.0478387 -0.12498 -0.273086
-0.00193764 -0.138432 -0.285068
0.0451276 -0.153036 -0.300881
0.0893184 -0.167122 -0.308579
0.135633 -0.181978 -0.310386
0.183859 -0.195036 -0.264433
0.228418 -0.205115 -0.222442
0.276541 -0.215477 -0.212091
0.324366 -0.226798 -0.232433
0.369367 -0.237874 -0.241334
0.410406 -0.246653 -0.210732
0.458892 -0.257222 -0.214633
0.507639 -0.266629 -0.190639
0.553827 -0.275805 -0.196094
0.596351 -0.284598 -0.203911
0.635782 -0.293677 -0.226317
0.680907 -0.302615 -0.195527
0.729373 -0.314595 -0.242326
0.77604 -0.325827 -0.236201
0.814631 -0.337601 -0.296125
0.861686 -0.352187 -0.300577
0.907965 -0.367357 -0.316765
0.953198 -0.381393 -0.300873
0.99623 -0.393474 -0.273699
1.04283 -0.407222 -0.286896
1.08351 -0.417228 -0.24116
1.12913 -0.430126 -0.27558
1.17386 -0.444116 -0.303115
1.22125 -0.459664 -0.316985
1.26826 -0.476678 -0.347254
1.31398 -0.493831 -0.358981
1.35533 -0.509159 -0.35498
1.39827 -0.524855 -0.350416
1.4437 -0.543385 -0.387267
1.48754 -0.561025 -0.382534
1.53126 -0.578838 -0.386913
1.57775 -0.596198 -0.357407
1.62265 -0.610717 -0.312754
1.67036 -0.625673 -0.30377
1.71767 -0.640399 -0.301743
1.75332 -0.651475 -0.301236
1.8004 -0.665884 -0.296986
1.84817 -0.678645 -0.261059
1.88687 -0.690202 -0.290178
1.93399 -0.70632 -0.329586
1.97839 -0.718184 -0.261096
2.02465 -0.730617 -0.2626
2.07131 -0.741524 -0.229616
2.11944 -0.753109 -0.236237
2.16394 -0.762235 -0.202254
2.21286 -0.770717 -0.171682
2.26084 -0.777609 -0.142663
2.30075 -0.784542 -0.172001
2.34508 -0.79457 -0.222445
2.39074 -0.807079 -0.267401
2.43772 -0.81749 -0.218069
2.4854 -0.82737 -0.204338
2.53256 -0.838188 -0.22548
2.58014 -0.850506 -0.25335
2.6235 -0.86116 -0.240928
2.6701 -0.871443 -0.217178
2.71884 -0.880809 -0.189842
2.75863 -0.88816 -0.182697
2.80784 -0.896252 -0.162989
2.84871 -0.903767 -0.181851
2.88676 -0.911964 -0.212182
2.92596 -0.920961 -0.225605
2.97462 -0.93244 -0.23166
3.01875 -0.942618 -0.226646
3.04817 -0.949632 -0.234115
3.09435 -0.962087 -0.263417
3.14248 -0.973923 -0.241107
3.18133 -0.985737 -0.295236
3.22278 -0.996927 -0.263701
3.26405 -1.0092 -0.289158
3.30211 -1.01904 -0.252828
3.34907 -1.03264 -0.281827
3.38398 -1.04353 -0.302603
3.42759 -1.05745 -0.308951
3.47108 -1.06863 -0.25161
3.50882 -1.07766 -0.234874
3.54445 -1.08646 -0.242025
3.58709 -1.09558 -0.210699
3.62981 -1.10306 -0.17332
3.6585 -1.10776 -0.162401
3.7056 -1.11566 -0.166141
3.74042 -1.12127 -0.159826
3.77615 -1.12699 -0.15871
3.80548 -1.13254 -0.187101
3.84509 -1.13992 -0.184041
3.89002 -1.15255 -0.274252
3.92846 -1.16302 -0.265789
3.97638 -1.17418 -0.228821
4.01167 -1.18198 -0.217556
4.05704 -1.19196 -0.216411
4.09291 -1.20136 -0.256328
4.13176 -1.21161 -0.25807
4.17334 -1.22218 -0.248853
4.21126 -1.23275 -0.272006
4.2557 -1.24594 -0.28833
4.29049 -1.25723 -0.313922
4.32452 -1.26939 -0.343184
4.34598 -1.27732 -0.353891
4.37385 -1.28672 -0.325307
4.40582 -1.29592 -0.280278
4.42614 -1.30164 -0.274337
4.44839 -1.30719 -0.244648
4.46107 -1.31033 -0.242159
4.49133 -1.3182 -0.254687
4.5148 -1.32468 -0.269129
4.53545 -1.33031 -0.266162
4.5631 -1.33793 -0.268876
4.58625 -1.34408 -0.25964
4.60046 -1.34717 -0.214702
4.612 -1.34969 -0.214259
4.62548 -1.35286 -0.231242
4.62849 -1.35366 -0.258643
4.63778 -1.35592 -0.239248
4.65224 -1.36006 -0.278836
4.66322 -1.36327 -0.284281
4.67092 -1.36537 -0.266133
4.68767 -1.36958 -0.24611
4.69857 -1.37265 -0.275213
4.70616 -1.37435 -0.219829
4.72558 -1.37845 -0.208065
4.75061 -1.38308 -0.1828
4.7806 -1.3885 -0.178798
4.80612 -1.39336 -0.188219
4.827 -1.39706 -0.175603
4.84713 -1.40084 -0.185723
4.86056 -1.40313 -0.168445
4.87381 -1.40492 -0.134029
4.88634 -1.40672 -0.142852
4.89539 -1.4081 -0.150993
4.89894 -1.40851 -0.115036
4.91175 -1.40996 -0.112695
4.93472 -1.41352 -0.153876
4.94069 -1.41463 -0.183493
4.96221 -1.4196 -0.227038
4.97709 -1.42259 -0.198631
4.99062 -1.42587 -0.237579
5.00215 -1.4281 -0.191573
5.00504 -1.42899 -0.298184
5.01395 -1.43178 -0.303491
5.02318 -1.43466 -0.302415
5.03706 -1.43926 -0.319704
5.05151 -1.44405 -0.320175
5.05927 -1.44696 -0.358413
5.07027 -1.45046 -0.308286
5.0888 -1.45682 -0.330537
5.09874 -1.46001 -0.310979
5.10953 -1.46329 -0.295275
5.11301 -1.46431 -0.284335
5.11661 -1.4655 -0.318268
5.12151 -1.467 -0.297155
5.12801 -1.46905 -0.306472
5.12804 -1.46907 -0.30033
5.13457 -1.47126 -0.324407
5.14982 -1.47642 -0.326318
5.16758 -1.48255 -0.332277
5.1695 -1.48317 -0.310731
5.18034 -1.4872 -0.355979
5.18691 -1.48931 -0.311379
5.18867 -1.48989 -0.318492
5.20188 -1.49391 -0.295146
True
0.260926
