-5.45548 -1.44478 0.221785
-5.40665 -1.43402 0.216781
-5.36247 -1.42254 0.254268
-5.31789 -1.41155 0.241746
-5.26964 -1.39979 0.239126
-5.22361 -1.38826 0.245402
-5.17546 -1.3765 0.23951
-5.12682 -1.36518 0.2286
-5.07914 -1.35363 0.237673
-5.03058 -1.3428 0.219352
-4.98588 -1.334 0.194388
-4.942 -1.32542 0.193125
-4.89475 -1.31859 0.143643
-4.84636 -1.30732 0.228817
-4.80288 -1.29607 0.253284
-4.7553 -1.28291 0.269658
-4.71152 -1.271 0.265785
-4.66355 -1.25767 0.27099
-4.61623 -1.24349 0.29108
-4.56813 -1.23041 0.265605
-4.52306 -1.2181 0.26668
-4.47553 -1.20634 0.242455
-4.42727 -1.19331 0.263721
-4.37928 -1.17951 0.280033
-4.3379 -1.16707 0.291936
-4.28989 -1.15397 0.266548
-4.24142 -1.14171 0.247582
-4.19559 -1.12907 0.269116
-4.14854 -1.11552 0.280368
-4.10348 -1.10189 0.29376
-4.05774 -1.0862 0.330587
-4.00969 -1.07273 0.273142
-3.96682 -1.05864 0.317737
-3.91847 -1.04601 0.255496
-3.87474 -1.03359 0.27666
-3.82682 -1.01946 0.286777
-3.78091 -1.00616 0.2819
-3.74092 -0.994076 0.293523
-3.69363 -0.978412 0.319844
-3.65493 -0.965442 0.323332
-3.60984 -0.952225 0.285173
-3.56177 -0.938454 0.279025
-3.52234 -0.928803 0.240028
-3.47431 -0.916018 0.260171
-3.42925 -0.904761 0.24481
-3.38716 -0.894283 0.243986
-3.35312 -0.884367 0.283436
-3.3047 -0.872303 0.244175
-3.2644 -0.862876 0.229786
-3.21863 -0.850771 0.25853
-3.16994 -0.839458 0.228314
-3.12356 -0.827731 0.247631
-3.07753 -0.816078 0.247972
-3.02978 -0.803353 0.260431
-2.983 -0.789459 0.288762
-2.93624 -0.775459 0.290886
-2.88836 -0.761108 0.291225
-2.84214 -0.746429 0.3075
-2.80377 -0.733576 0.323202
-2.75837 -0.717539 0.339521
-2.71869 -0.703858 0.332048
-2.67216 -0.687088 0.345911
-2.62636 -0.668141 0.392299
-2.58252 -0.654414 0.30342
-2.53531 -0.638446 0.32617
-2.48761 -0.624148 0.291214
-2.44498 -0.612106 0.275304
-2.41438 -0.604255 0.251162
-2.37621 -0.594428 0.251991
-2.33118 -0.583992 0.227753
-2.28326 -0.569902 0.285942
-2.24557 -0.559024 0.280982
-2.19796 -0.546333 0.260495
-2.1556 -0.534167 0.279699
-2.11432 -0.522434 0.276917
-2.06613 -0.509399 0.264175
-2.01982 -0.498437 0.232412
-1.97525 -0.486317 0.265552
-1.92875 -0.474574 0.247331
-1.88918 -0.46474 0.243574
-1.84151 -0.451084 0.279013
-1.79714 -0.437259 0.302036
-1.75106 -0.422538 0.30924
-1.70408 -0.406367 0.331517
-1.6574 -0.389813 0.340759
-1.61261 -0.374074 0.337967
-1.56702 -0.356709 0.363926
-1.52267 -0.336377 0.429832
-1.47635 -0.318253 0.372936
-1.44189 -0.307725 0.296566
-1.39515 -0.293299 0.299365
-1.34777 -0.279965 0.27432
-1.30601 -0.269039 0.255887
-1.26006 -0.258063 0.234476
-1.22036 -0.247899 0.250629
-1.17848 -0.233387 0.333572
-1.13212 -0.216363 0.351939
-1.08475 -0.200762 0.318156
-1.0372 -0.18622 0.296815
-0.990353 -0.16879 0.356171
-0.949826 -0.153468 0.36145
-0.910376 -0.13826 0.367957
-0.867101 -0.122415 0.350985
-0.824372 -0.106998 0.346276
-0.782002 -0.0924072 0.331642
-0.734936 -0.076465 0.326591
-0.697419 -0.0635015 0.332692
-0.650334 -0.0471328 0.33457
-0.60444 -0.0330159 0.298415
-0.558878 -0.0174432 0.329347
-0.511486 -0.00150767 0.324371
-0.465224 0.016619 0.373438
-0.420037 0.0320406 0.328889
-0.388045 0.0420568 0.303421
-0.341865 0.0576569 0.325771
-0.298417 0.0706922 0.291474
-0.254956 0.0804614 0.221108
-0.207138 0.0897441 0.19174
-0.160326 0.100765 0.231208
-0.112466 0.113217 0.254544
-0.0670892 0.125775 0.269988
-0.021002 0.138597 0.271359
0.0269732 0.152646 0.284866
0.0752745 0.165565 0.261353
0.122999 0.17975 0.288909
0.170903 0.193411 0.277794
0.214854 0.208157 0.323712
0.262199 0.224186 0.326444
0.310058 0.238558 0.291742
0.354415 0.253526 0.325438
0.387302 0.264668 0.32666
0.435066 0.279438 0.299908
0.477932 0.291806 0.280887
0.515879 0.302749 0.280762
0.563137 0.316052 0.274391
0.609489 0.33038 0.299801
0.657334 0.344786 0.292456
0.703249 0.35825 0.285248
0.750586 0.372341 0.289327
0.797984 0.387017 0.300258
0.841886 0.399856 0.284518
0.885852 0.412791 0.286139
0.932652 0.424762 0.250416
0.981049 0.436506 0.238054
1.03018 0.444908 0.169377
1.07354 0.45367 0.199412
1.12176 0.465605 0.242633
1.16999 0.476282 0.217854
1.21373 0.485864 0.215628
1.26104 0.496389 0.218901
1.30784 0.507851 0.240191
1.35419 0.518785 0.23169
1.39209 0.528417 0.248881
1.43996 0.540412 0.245503
1.4878 0.551735 0.232433
1.53468 0.565427 0.284122
1.58219 0.575877 0.216552
1.63124 0.584679 0.177534
1.67999 0.595273 0.213984
1.71919 0.60313 0.197812
1.76094 0.611879 0.206561
1.78587 0.616745 0.192789
1.83481 0.626953 0.205613
1.8746 0.63402 0.175768
1.92237 0.642783 0.181428
1.97078 0.65223 0.192736
2.01733 0.664169 0.251082
2.06537 0.674625 0.214298
2.10829 0.685708 0.252733
2.15672 0.698097 0.250446
2.20372 0.708092 0.209506
2.25188 0.718518 0.213216
2.29713 0.728696 0.221233
2.34552 0.740007 0.229615
2.39286 0.750879 0.22577
2.44126 0.762226 0.230285
2.48974 0.774177 0.241665
2.53839 0.785579 0.230206
2.58613 0.796959 0.234006
2.61999 0.80586 0.257078
2.6677 0.818841 0.265674
2.71326 0.831464 0.270274
2.75834 0.843257 0.255881
2.80673 0.855826 0.254125
2.84832 0.865079 0.218909
2.89292 0.874969 0.218236
2.9267 0.882889 0.230272
2.96547 0.892665 0.246996
3.00636 0.901277 0.207579
3.05504 0.911707 0.211058
3.10409 0.921312 0.19337
3.15276 0.932792 0.231658
3.19852 0.943207 0.223764
3.24448 0.952192 0.193099
3.28898 0.962348 0.224385
3.33691 0.976222 0.28172
3.38391 0.989852 0.282272
3.43232 1.00141 0.234332
3.48102 1.01212 0.21657
3.50497 1.01865 0.265972
3.54672 1.03054 0.277419
3.58001 1.04032 0.285951
3.62457 1.05245 0.265684
3.6612 1.06314 0.284091
3.68087 1.06941 0.308235
3.70554 1.0769 0.294735
3.74437 1.08801 0.278789
3.77605 1.09826 0.312876
3.81586 1.11208 0.334044
3.8476 1.12263 0.321057
3.85945 1.12673 0.333317
3.88816 1.13569 0.30234
3.91377 1.14575 0.374449
3.92842 1.151 0.344136
3.95237 1.15938 0.336296
3.99139 1.17223 0.318145
4.01226 1.17814 0.276198
4.04783 1.1892 0.30146
4.07527 1.19843 0.324559
4.10157 1.20688 0.310634
4.12742 1.21447 0.285816
4.17062 1.22771 0.297244
4.20813 1.23895 0.291188
4.24002 1.24908 0.307644
4.27997 1.26026 0.272905
4.32368 1.2724 0.270901
4.36269 1.28372 0.282482
4.40884 1.29658 0.271743
4.4496 1.30793 0.271541
4.48991 1.3202 0.295351
4.53138 1.33315 0.30275
4.55783 1.34096 0.287065
4.59696 1.35258 0.288665
4.63204 1.36277 0.282808
4.67078 1.37297 0.257314
4.70583 1.38276 0.272429
4.74626 1.39383 0.267322
4.77163 1.40087 0.270662
4.78017 1.40325 0.272007
4.7977 1.40879 0.30602
4.80261 1.41038 0.312985
4.81955 1.41527 0.280927
4.84963 1.4249 0.309965
4.86406 1.42901 0.277209
4.86946 1.43079 0.318556
4.88849 1.43668 0.299925
4.89686 1.43902 0.273532
4.91297 1.44357 0.274882
4.92366 1.44662 0.278548
4.9352 1.45007 0.290403
4.95867 1.4575 0.306288
4.96682 1.4599 0.286914
4.99308 1.46836 0.311525
5.01271 1.47461 0.308408
5.02674 1.47957 0.340064
5.04887 1.48715 0.329769
5.05902 1.49061 0.328802
5.07058 1.49471 0.340746
5.0907 1.50104 0.304729
5.09842 1.50333 0.289076
5.11482 1.50868 0.315404
5.12284 1.51145 0.331875
5.14389 1.51874 0.333348
5.16677 1.52631 0.319796
5.17844 1.53051 0.344707
5.19966 1.5376 0.322787
5.21504 1.54293 0.33331
5.22612 1.54715 0.364136
True
0.0703898
