-5.48518 1.50874 -0.200299
-5.43936 1.49862 -0.217231
-5.39258 1.48972 -0.188018
-5.34506 1.47911 -0.219804
-5.29665 1.46798 -0.225863
-5.25075 1.45791 -0.21601
-5.20379 1.44726 -0.223109
-5.15641 1.43628 -0.227635
-5.11611 1.42635 -0.241552
-5.07566 1.41601 -0.250342
-5.03053 1.40334 -0.273614
-4.98384 1.39334 -0.211037
-4.9357 1.38191 -0.233049
-4.88852 1.37106 -0.226057
-4.84053 1.35811 -0.263553
-4.79735 1.34655 -0.261684
-4.74955 1.3326 -0.283888
-4.70428 1.31866 -0.298707
-4.66541 1.30606 -0.313501
-4.61871 1.28889 -0.352397
-4.57749 1.2781 -0.255928
-4.5309 1.26292 -0.314941
-4.48698 1.25029 -0.280073
-4.44146 1.23767 -0.270416
-4.39691 1.22614 -0.253298
-4.34876 1.21383 -0.250423
-4.30047 1.20239 -0.232502
-4.25642 1.1928 -0.214332
-4.21928 1.18388 -0.235731
-4.17122 1.17083 -0.265256
-4.12618 1.15876 -0.261801
-4.07812 1.1451 -0.276845
-4.03058 1.13336 -0.242201
-3.98976 1.12289 -0.250947
-3.94195 1.11095 -0.244695
-3.90198 1.10127 -0.237741
-3.86973 1.09423 -0.214923
-3.82075 1.08484 -0.189408
-3.77556 1.07693 -0.173212
-3.72825 1.06651 -0.216778
-3.68075 1.05744 -0.188743
-3.63374 1.04782 -0.201908
-3.59126 1.04038 -0.173367
-3.54464 1.0295 -0.229141
-3.49596 1.02032 -0.186337
-3.45564 1.01054 -0.237981
-3.40775 0.997425 -0.267418
-3.36045 0.983536 -0.285566
-3.31807 0.971097 -0.285509
-3.2755 0.959452 -0.266981
-3.23026 0.950903 -0.186816
-3.18138 0.941876 -0.182586
-3.13332 0.931545 -0.211744
-3.08961 0.923258 -0.187402
-3.05345 0.916242 -0.191655
-3.0122 0.909333 -0.165904
-2.96376 0.898463 -0.220756
-2.91496 0.888913 -0.193269
-2.87623 0.882135 -0.173216
-2.83038 0.874859 -0.157407
-2.78145 0.868431 -0.130628
-2.73197 0.86196 -0.130051
-2.68382 0.855313 -0.137166
-2.63994 0.850621 -0.10653
-2.59304 0.845876 -0.100828
-2.54601 0.841609 -0.0904671
-2.50877 0.83735 -0.113871
-2.45984 0.831382 -0.121362
-2.41852 0.825558 -0.140056
-2.37307 0.820127 -0.118923
-2.32983 0.814108 -0.138318
-2.28559 0.805672 -0.188418
-2.24076 0.79767 -0.176657
-2.19257 0.784938 -0.258304
-2.14807 0.770997 -0.303539
-2.10371 0.756799 -0.309787
-2.05889 0.743834 -0.281563
-2.01596 0.73227 -0.263145
-1.96894 0.719115 -0.272802
-1.92125 0.704437 -0.298599
-1.87784 0.691239 -0.295129
-1.83085 0.675067 -0.33147
-1.78334 0.659768 -0.311519
-1.74013 0.64575 -0.313739
-1.69596 0.6331 -0.278871
-1.65478 0.619342 -0.322445
-1.60836 0.604554 -0.308403
-1.56525 0.591001 -0.304613
-1.51774 0.575666 -0.312198
-1.47962 0.564113 -0.2943
-1.43261 0.551982 -0.252556
-1.40493 0.544709 -0.256941
-1.35715 0.535645 -0.187462
-1.3078 0.527826 -0.157132
-1.26629 0.521205 -0.158164
-1.22167 0.513624 -0.168294
-1.17888 0.506394 -0.167408
-1.12959 0.498057 -0.167534
-1.0804 0.489933 -0.163693
-1.04206 0.484115 -0.150602
-0.99309 0.47403 -0.203104
-0.944632 0.463789 -0.208273
-0.899189 0.455409 -0.182346
-0.858143 0.443992 -0.271305
-0.811745 0.429662 -0.299556
-0.768557 0.415164 -0.323869
-0.725254 0.398783 -0.361656
-0.692814 0.388062 -0.319162
-0.652797 0.374836 -0.319228
-0.606502 0.359548 -0.318948
-0.566089 0.343122 -0.386064
-0.540914 0.3314 -0.435758
-0.494811 0.313395 -0.372325
-0.455339 0.297025 -0.393136
-0.409603 0.276886 -0.41479
-0.367172 0.26048 -0.368937
-0.320666 0.242409 -0.370608
-0.28403 0.226654 -0.406154
-0.239122 0.206435 -0.423042
-0.192957 0.18723 -0.394228
-0.151087 0.169103 -0.408572
-0.10685 0.151076 -0.386972
-0.0602448 0.133125 -0.36764
-0.0156546 0.116021 -0.366274
0.0283812 0.099355 -0.361813
0.0701342 0.0826978 -0.379597
0.11634 0.0635933 -0.392062
0.162035 0.0473964 -0.340641
0.200643 0.032447 -0.369432
0.247532 0.0150936 -0.354459
0.293593 -0.0025146 -0.365139
0.329703 -0.0157867 -0.352221
0.373659 -0.033476 -0.382602
0.420392 -0.049676 -0.333686
0.467702 -0.0651534 -0.316175
0.509476 -0.0778316 -0.294658
0.555406 -0.0931843 -0.322591
0.595534 -0.106637 -0.323468
0.635708 -0.121162 -0.34692
0.681822 -0.138083 -0.351701
0.727107 -0.153542 -0.328957
0.763793 -0.163809 -0.27289
0.811614 -0.176867 -0.266548
0.856412 -0.186757 -0.217295
0.903987 -0.196296 -0.197888
0.953127 -0.205222 -0.179682
1.00109 -0.214254 -0.186135
1.04952 -0.224469 -0.207871
1.09712 -0.234234 -0.202333
1.14392 -0.243043 -0.18608
1.19126 -0.250286 -0.151796
1.24098 -0.254509 -0.0847225
1.28087 -0.257616 -0.077749
1.32758 -0.260828 -0.0686439
1.36783 -0.264084 -0.0807238
1.40968 -0.269638 -0.131951
1.44986 -0.275641 -0.148294
1.4915 -0.281132 -0.131132
1.53652 -0.288267 -0.157164
1.58177 -0.294582 -0.138683
1.61901 -0.300393 -0.154775
1.65954 -0.307502 -0.173616
1.70401 -0.315382 -0.175367
1.7532 -0.322655 -0.146826
1.79782 -0.327926 -0.117566
1.84422 -0.333116 -0.111388
1.89355 -0.338277 -0.104249
1.94254 -0.345122 -0.138825
1.98975 -0.351583 -0.136006
2.03883 -0.355952 -0.0887922
2.08387 -0.363759 -0.171611
2.12782 -0.372403 -0.194226
2.17649 -0.382838 -0.211175
2.2223 -0.389627 -0.147139
2.26515 -0.39583 -0.143743
2.30803 -0.401166 -0.123821
2.35744 -0.405609 -0.0896771
2.40417 -0.407936 -0.0497719
2.44895 -0.409616 -0.0374933
2.49772 -0.413435 -0.0781389
2.53912 -0.415958 -0.0608692
2.57781 -0.417209 -0.0323284
2.62649 -0.418954 -0.0358229
2.66661 -0.419967 -0.025248
2.71017 -0.420757 -0.0181398
2.75468 -0.419734 0.0229785
2.79933 -0.420025 -0.00651225
2.84933 -0.42083 -0.0160959
2.89847 -0.420969 -0.0028232
2.94645 -0.420453 0.0107356
2.99303 -0.420592 -0.00296499
3.03431 -0.419817 0.0187573
3.08235 -0.41788 0.0402976
3.13134 -0.416838 0.0212783
3.18001 -0.416819 0.000389863
3.22148 -0.416204 0.0148118
3.27012 -0.414627 0.0324064
3.31094 -0.414958 -0.00808851
3.35688 -0.415354 -0.00863023
3.39301 -0.417153 -0.0497561
3.44201 -0.418944 -0.0365202
3.47937 -0.42037 -0.0381754
3.52823 -0.417778 0.0529968
3.56372 -0.416193 0.0446524
3.60724 -0.413007 0.0730494
3.65613 -0.40704 0.121463
3.70481 -0.399496 0.153758
3.74355 -0.394618 0.125266
3.78043 -0.390665 0.10675
3.82111 -0.383272 0.179784
3.84633 -0.379159 0.161703
3.87149 -0.374455 0.184824
3.88659 -0.37154 0.190649
3.90698 -0.367639 0.189009
3.91586 -0.366414 0.13705
3.92855 -0.3647 0.134326
3.95584 -0.362234 0.0901129
3.97626 -0.360052 0.106415
3.99733 -0.357902 0.101701
4.0125 -0.356116 0.117241
4.03245 -0.352946 0.157549
4.04451 -0.351043 0.156518
4.06253 -0.349411 0.0903598
4.08581 -0.349378 0.00138672
4.10864 -0.349689 -0.0135842
4.13604 -0.350635 -0.034543
4.167 -0.350958 -0.0104346
4.18392 -0.351428 -0.0277255
4.20408 -0.351966 -0.0266747
4.23398 -0.352456 -0.0163827
4.25447 -0.351809 0.0315677
4.27258 -0.351064 0.0411247
4.29413 -0.350684 0.017592
4.3318 -0.351288 -0.0160309
4.37174 -0.351508 -0.00550034
4.41451 -0.351922 -0.00968688
4.44238 -0.35249 -0.0203814
4.46233 -0.353092 -0.030162
4.50064 -0.353499 -0.0106152
4.53724 -0.355624 -0.0579903
4.57125 -0.358446 -0.0827877
4.58745 -0.360011 -0.0963172
4.5992 -0.361059 -0.0888951
4.60942 -0.361613 -0.0542139
4.62175 -0.362017 -0.0327824
4.64512 -0.362132 -0.00490931
4.66603 -0.361379 0.0359997
4.69028 -0.360704 0.0278393
4.71211 -0.360565 0.00638978
4.73019 -0.360315 0.0137793
4.73563 -0.360296 0.00348652
4.75188 -0.360626 -0.0203057
4.77022 -0.360947 -0.0174611
4.80022 -0.361919 -0.0323897
4.83542 -0.363746 -0.0518863
4.86793 -0.366355 -0.0800655
4.88131 -0.367224 -0.0648403
4.90902 -0.367993 -0.0277492
4.91512 -0.368195 -0.033048
4.92916 -0.36884 -0.0459303
4.93565 -0.369379 -0.0827337
4.94331 -0.369671 -0.038183
4.95059 -0.370056 -0.0528721
4.95723 -0.370145 -0.0133822
4.9762 -0.369654 0.0259156
4.99902 -0.369924 -0.011843
5.00935 -0.369912 0.00117554
5.0223 -0.369849 0.00484466
5.0268 -0.369879 -0.00670672
5.0413 -0.370074 -0.0134162
5.05494 -0.370229 -0.0113865
5.06202 -0.370209 0.00281634
5.06778 -0.370302 -0.0161253
5.07176 -0.370393 -0.0228011
5.0948 -0.370831 -0.019009
5.11877 -0.372787 -0.0813931
5.14007 -0.377166 -0.202836
5.15396 -0.380839 -0.25857
5.15945 -0.382692 -0.325417
5.16341 -0.384172 -0.357628
5.17605 -0.388976 -0.363155
5.18449 -0.392082 -0.352491
5.19494 -0.39628 -0.382158
5.20209 -0.399171 -0.384114
5.21157 -0.40267 -0.353437
True
0.265369
