-5.47512 -1.02769 0.231312
-5.4292 -1.01598 0.249585
-5.38138 -1.00473 0.231148
-5.33786 -0.993928 0.243166
-5.29067 -0.981588 0.255801
-5.24416 -0.969564 0.252999
-5.19556 -0.958637 0.22116
-5.14875 -0.944892 0.285576
-5.1037 -0.933044 0.257174
-5.07526 -0.926344 0.231331
-5.02646 -0.916455 0.199957
-4.98509 -0.907997 0.201636
-4.9361 -0.898656 0.188418
-4.88741 -0.887297 0.229199
-4.83825 -0.878285 0.181328
-4.78894 -0.870619 0.15421
-4.74156 -0.862097 0.177981
-4.69358 -0.854483 0.157353
-4.64664 -0.84439 0.211843
-4.59781 -0.833677 0.215932
-4.54946 -0.821268 0.25123
-4.50539 -0.808398 0.284175
-4.46464 -0.798221 0.244708
-4.42845 -0.78749 0.288228
-4.38841 -0.778107 0.230218
-4.34021 -0.766974 0.226985
-4.30005 -0.758615 0.205213
-4.25293 -0.747431 0.233042
-4.20977 -0.737859 0.218238
-4.161 -0.727329 0.212677
-4.11596 -0.718776 0.187666
-4.06761 -0.7094 0.191529
-4.02279 -0.699595 0.21538
-3.97439 -0.688611 0.223171
-3.92526 -0.680629 0.16107
-3.88269 -0.671788 0.20475
-3.83537 -0.662111 0.201733
-3.78883 -0.652964 0.194069
-3.73955 -0.644558 0.16891
-3.69234 -0.638554 0.126515
-3.64302 -0.630486 0.162148
-3.59337 -0.624636 0.117282
-3.54713 -0.617988 0.142794
-3.50311 -0.611585 0.144462
-3.46344 -0.604992 0.164686
-3.41741 -0.596571 0.180924
-3.36894 -0.588111 0.172804
-3.32125 -0.579945 0.169604
-3.28012 -0.573564 0.153895
-3.23104 -0.565257 0.167662
-3.18359 -0.554641 0.220127
-3.13535 -0.541568 0.264607
-3.08703 -0.530323 0.228673
-3.05093 -0.521094 0.250328
-3.00628 -0.50974 0.248969
-2.95849 -0.49792 0.242455
-2.91827 -0.49019 0.189881
-2.87312 -0.481179 0.196979
-2.82434 -0.470944 0.206842
-2.77567 -0.460561 0.210187
-2.72925 -0.451653 0.189566
-2.68038 -0.441487 0.205108
-2.63359 -0.432114 0.197726
-2.58782 -0.422406 0.209008
-2.55319 -0.415348 0.201037
-2.50434 -0.405612 0.196726
-2.45629 -0.395793 0.201567
-2.40879 -0.386106 0.201195
-2.36178 -0.376287 0.205921
-2.31783 -0.36517 0.247735
-2.27295 -0.352602 0.273074
-2.22826 -0.34176 0.237976
-2.17996 -0.328919 0.259819
-2.13137 -0.31773 0.226338
-2.09512 -0.308939 0.237941
-2.04622 -0.298594 0.208454
-1.99891 -0.289836 0.18307
-1.95087 -0.281068 0.180541
-1.90218 -0.270248 0.21865
-1.85703 -0.260413 0.214505
-1.80948 -0.248229 0.250828
-1.77092 -0.238706 0.242136
-1.72265 -0.226306 0.251428
-1.68191 -0.216307 0.24066
-1.63666 -0.203877 0.268125
-1.58797 -0.192565 0.228263
-1.54214 -0.180838 0.250487
-1.49385 -0.168416 0.251787
-1.44954 -0.158252 0.225499
-1.40967 -0.147744 0.257692
-1.36134 -0.135908 0.240179
-1.3127 -0.12435 0.23328
-1.26473 -0.110275 0.285421
-1.224 -0.097723 0.298908
-1.1771 -0.0820332 0.322877
-1.1371 -0.0699232 0.293959
-1.0961 -0.0561651 0.323738
-1.05668 -0.0438061 0.303859
-1.00895 -0.0297814 0.285749
-0.97035 -0.0183367 0.288262
-0.931919 -0.00893086 0.240026
-0.893063 0.00175211 0.268304
-0.849866 0.0143622 0.284031
-0.802483 0.0268012 0.256727
-0.762061 0.0385327 0.282467
-0.714255 0.0513859 0.262648
-0.677528 0.0607991 0.250906
-0.629929 0.0720288 0.231685
-0.584662 0.0804924 0.184839
-0.535453 0.0877989 0.1474
-0.485787 0.0935247 0.114781
-0.439641 0.101231 0.165474
-0.39051 0.10917 0.160207
-0.341618 0.119342 0.20511
-0.292884 0.130524 0.225558
-0.252142 0.140369 0.237103
-0.2046 0.155673 0.311423
-0.161123 0.168583 0.288645
-0.118572 0.181356 0.291625
-0.07079 0.19526 0.283169
-0.026869 0.209667 0.316949
0.00731569 0.221286 0.327648
0.0551766 0.234131 0.262205
0.103165 0.247463 0.270985
0.148838 0.261809 0.304335
0.196995 0.274631 0.260217
0.245248 0.287659 0.263714
0.291396 0.300024 0.26179
0.337277 0.31304 0.276429
0.383631 0.324932 0.25113
0.430425 0.334268 0.196927
0.476704 0.345293 0.233879
0.523843 0.359437 0.291503
0.566502 0.370925 0.263044
0.61336 0.384347 0.278982
0.653995 0.396422 0.288841
0.695122 0.410069 0.320389
0.74044 0.42496 0.317478
0.787624 0.44135 0.334314
0.82778 0.453428 0.292171
0.872398 0.46677 0.290561
0.920273 0.479332 0.256621
0.961509 0.488745 0.224423
1.00977 0.498933 0.208028
1.05383 0.507 0.181125
1.1022 0.516176 0.187474
1.15083 0.527358 0.225975
1.18317 0.534074 0.204756
1.22267 0.542795 0.217305
1.26361 0.551295 0.204748
1.29894 0.558937 0.212992
1.33751 0.5658 0.176076
1.38102 0.57304 0.16492
1.42523 0.581346 0.185701
1.46776 0.588786 0.173179
1.51356 0.59891 0.217524
1.55906 0.610884 0.257377
1.60012 0.619785 0.213491
1.64845 0.630881 0.225644
1.69722 0.640544 0.195599
1.74202 0.651342 0.236551
1.77796 0.659169 0.214404
1.81979 0.669191 0.235172
1.86211 0.680916 0.270221
1.90725 0.693838 0.278849
1.9545 0.708816 0.306956
2.00253 0.720969 0.247809
2.04453 0.730037 0.212678
2.09225 0.741128 0.228349
2.14156 0.749375 0.165722
2.18912 0.759991 0.219599
2.23314 0.77057 0.235845
2.28072 0.780852 0.212852
2.32968 0.790967 0.203707
2.37901 0.798791 0.157311
2.42018 0.805395 0.159041
2.46824 0.813843 0.173996
2.51682 0.82553 0.236123
2.56155 0.836488 0.240217
2.60525 0.846988 0.235808
2.65287 0.860383 0.274217
2.70052 0.87189 0.236945
2.74663 0.883112 0.238753
2.79487 0.895835 0.257829
2.84173 0.910522 0.303742
2.8852 0.923703 0.294414
2.92985 0.935709 0.262662
2.96749 0.945817 0.262383
3.00815 0.956719 0.261948
3.04659 0.966817 0.256934
3.08351 0.974472 0.204434
3.12314 0.985059 0.260996
3.17052 0.993934 0.185189
3.2138 1.00081 0.157686
3.26224 1.00748 0.136743
3.30065 1.01358 0.157367
3.35 1.02079 0.145154
3.39855 1.02821 0.151732
3.44019 1.03358 0.128274
3.46978 1.03686 0.110094
3.51534 1.04281 0.129971
3.55379 1.04835 0.142991
3.59118 1.05264 0.114384
3.63313 1.0578 0.122346
3.67307 1.0637 0.146647
3.70173 1.06605 0.0818549
3.7427 1.06926 0.0781408
3.79178 1.07393 0.0948528
3.83992 1.08031 0.131748
3.876 1.08556 0.144549
3.92041 1.09332 0.173097
3.96752 1.10298 0.202202
3.99657 1.10978 0.229849
4.02806 1.11703 0.226266
4.0693 1.12706 0.238548
4.11496 1.13852 0.245979
4.15815 1.15092 0.279508
4.19069 1.15991 0.269606
4.21905 1.16863 0.29833
4.25355 1.17894 0.290464
4.29363 1.19204 0.31586
4.31553 1.19921 0.316507
4.3541 1.21006 0.274017
4.37906 1.21855 0.327912
4.40068 1.22535 0.30471
4.43685 1.23776 0.330573
4.46533 1.24746 0.328207
4.49213 1.25613 0.312902
4.51535 1.26342 0.30449
4.54293 1.27228 0.310663
4.5702 1.28124 0.317653
4.59029 1.28711 0.284187
4.61283 1.294 0.296475
4.64321 1.30353 0.303961
4.67885 1.31668 0.353483
4.70054 1.32479 0.357989
4.72475 1.33497 0.397977
4.75662 1.34794 0.386511
4.78033 1.35664 0.351485
4.79622 1.36211 0.331658
4.80099 1.36359 0.301346
4.81207 1.36738 0.329683
4.82644 1.37223 0.325129
4.84483 1.37823 0.31533
4.86207 1.38352 0.29766
4.88557 1.39034 0.282699
4.91177 1.39589 0.208678
4.95246 1.40459 0.210618
4.98351 1.41123 0.210773
4.99514 1.41377 0.215027
5.03166 1.42244 0.233034
5.06228 1.42926 0.219063
5.08808 1.43487 0.21421
5.10533 1.43842 0.20321
5.10733 1.43883 0.199617
5.12328 1.44227 0.212718
5.13939 1.44537 0.189679
5.1479 1.44733 0.226332
5.15375 1.44849 0.19699
5.15816 1.44952 0.228398
5.17442 1.45393 0.264914
5.17953 1.45559 0.313997
5.19154 1.45898 0.27496
5.20033 1.46133 0.262023
5.2022 1.46175 0.21914
5.21048 1.46366 0.226598
True
0.289664
