-5.47246 -1.6227 0.124458
-5.42297 -1.61592 0.136105
-5.37617 -1.60852 0.156857
-5.33131 -1.59995 0.18863
-5.28323 -1.58965 0.211155
-5.24242 -1.58171 0.191967
-5.20273 -1.57487 0.170676
-5.15379 -1.56533 0.192487
-5.10479 -1.55534 0.201226
-5.0562 -1.54367 0.235729
-5.0163 -1.53401 0.237597
-4.96759 -1.52471 0.188641
-4.92997 -1.51699 0.202381
-4.8811 -1.50775 0.186868
-4.84018 -1.49991 0.189258
-4.79406 -1.49171 0.175916
-4.74728 -1.48409 0.16157
-4.6983 -1.47576 0.168403
-4.6508 -1.46855 0.150719
-4.60607 -1.45869 0.216942
-4.56105 -1.4475 0.243574
-4.52202 -1.43897 0.215248
-4.48085 -1.42898 0.238002
-4.43561 -1.41702 0.258498
-4.39716 -1.40968 0.188501
-4.3628 -1.40268 0.201119
-4.32831 -1.39647 0.177897
-4.2791 -1.38938 0.143165
-4.23574 -1.38233 0.161195
-4.19157 -1.37503 0.163778
-4.14347 -1.37024 0.0992403
-4.09652 -1.36457 0.120137
-4.05418 -1.36021 0.102776
-4.00676 -1.35408 0.128505
-3.95693 -1.35018 0.0780625
-3.91382 -1.34631 0.0896686
-3.86614 -1.34456 0.0365627
-3.81854 -1.34352 0.0218182
-3.77639 -1.34139 0.0504941
-3.72948 -1.34014 0.0266108
-3.69103 -1.33961 0.0139806
-3.64778 -1.33918 0.00996306
-3.61047 -1.33844 0.0195985
-3.56612 -1.33599 0.0552787
-3.51974 -1.33243 0.0766822
-3.4699 -1.32842 0.0802191
-3.42603 -1.32548 0.0668
-3.38177 -1.32264 0.0642902
-3.33921 -1.32279 -0.00371156
-3.29037 -1.32562 -0.0577484
-3.24056 -1.32858 -0.0593504
-3.19941 -1.33168 -0.075268
-3.1497 -1.3368 -0.102588
-3.10918 -1.34146 -0.114525
-3.06366 -1.34699 -0.120956
-3.0142 -1.35347 -0.130238
-2.96594 -1.35989 -0.132282
-2.91884 -1.36555 -0.119591
-2.87612 -1.37266 -0.16492
-2.82974 -1.37804 -0.115373
-2.79211 -1.38179 -0.099372
-2.74598 -1.38361 -0.0393941
-2.70328 -1.38506 -0.0340159
-2.65482 -1.38692 -0.0384886
-2.60558 -1.39022 -0.0668473
-2.55579 -1.39271 -0.0500388
-2.50846 -1.39479 -0.0438232
-2.45864 -1.39906 -0.0854354
-2.41258 -1.40281 -0.0812695
-2.37495 -1.40498 -0.0575844
-2.32952 -1.40724 -0.0496597
-2.28185 -1.40916 -0.0404131
-2.23214 -1.40965 -0.00970771
-2.18419 -1.41125 -0.0333636
-2.14339 -1.41123 0.000265799
-2.09361 -1.41279 -0.0311702
-2.04705 -1.41413 -0.0287739
-1.99853 -1.41571 -0.0326974
-1.94881 -1.41745 -0.0349476
-1.90621 -1.41737 0.00197425
-1.8597 -1.41827 -0.0193738
-1.81097 -1.4179 0.00762185
-1.76378 -1.41778 0.00245204
-1.71382 -1.41751 0.00540602
-1.66517 -1.41675 0.0156983
-1.62395 -1.41655 0.00487475
-1.57758 -1.41538 0.0251799
-1.53951 -1.41622 -0.0220923
-1.49456 -1.41671 -0.0109875
-1.44475 -1.41417 0.0510841
-1.39479 -1.4123 0.0372677
-1.34496 -1.40815 0.0831876
-1.29549 -1.40092 0.145035
-1.25263 -1.39532 0.130114
-1.20753 -1.38984 0.120867
-1.16547 -1.38392 0.139737
-1.12118 -1.37751 0.143839
-1.0729 -1.37136 0.126649
-1.02902 -1.36582 0.125541
-0.988117 -1.35976 0.147091
-0.941932 -1.35138 0.179486
-0.897777 -1.34481 0.147655
-0.85085 -1.33828 0.138423
-0.814141 -1.3337 0.123922
-0.777307 -1.33097 0.0740623
-0.729708 -1.32408 0.14382
-0.680395 -1.31588 0.164722
-0.634599 -1.30978 0.13236
-0.585555 -1.30298 0.137826
-0.536689 -1.29587 0.144502
-0.496319 -1.29106 0.118622
-0.446596 -1.28705 0.0804745
-0.397635 -1.28415 0.0591901
-0.348045 -1.2781 0.121399
-0.310548 -1.27428 0.101434
-0.26303 -1.27078 0.0736092
-0.214528 -1.26601 0.0979357
-0.165164 -1.2608 0.10517
-0.119039 -1.25508 0.123484
-0.0692919 -1.25011 0.0994327
-0.0198597 -1.24262 0.150469
0.0291438 -1.23588 0.136749
0.0781492 -1.22636 0.191857
0.118025 -1.21792 0.208537
0.16258 -1.21131 0.147148
0.21056 -1.20313 0.168916
0.255933 -1.19669 0.141127
0.305289 -1.18988 0.137058
0.350925 -1.18202 0.170479
0.394644 -1.17445 0.171456
0.443432 -1.16431 0.205038
0.489795 -1.15684 0.159602
0.538358 -1.14672 0.205452
0.580326 -1.14057 0.145539
0.62021 -1.13522 0.133371
0.66735 -1.12928 0.125353
0.716687 -1.12471 0.0923784
0.76284 -1.11955 0.111298
0.812435 -1.11576 0.0762854
0.862046 -1.11219 0.0717588
0.906952 -1.10739 0.106631
0.956606 -1.10156 0.116742
0.999734 -1.09632 0.120947
1.04958 -1.09282 0.0700907
1.09956 -1.09238 0.00876166
1.14933 -1.08779 0.0921475
1.19844 -1.08591 0.0381833
1.23754 -1.08261 0.0841973
1.27817 -1.07861 0.0980177
1.32703 -1.07397 0.0946838
1.37573 -1.06937 0.0943165
1.42552 -1.06497 0.0881042
1.47189 -1.06162 0.0720235
1.51124 -1.0585 0.0792227
1.55975 -1.05314 0.110113
1.60857 -1.04771 0.110598
1.65833 -1.04283 0.0979023
1.70237 -1.03724 0.126129
1.75189 -1.03053 0.134743
1.79958 -1.02385 0.139066
1.84573 -1.0184 0.117745
1.88676 -1.01146 0.167358
1.93009 -1.00361 0.179388
1.97782 -0.994594 0.18663
2.0222 -0.987329 0.162263
2.063 -0.981835 0.133858
2.1124 -0.976562 0.106331
2.15967 -0.972444 0.0869042
2.20958 -0.969558 0.0577568
2.25762 -0.968161 0.0290723
2.30305 -0.967121 0.022884
2.34963 -0.965763 0.0291397
2.39873 -0.963761 0.0407547
2.44747 -0.96151 0.0461593
2.49731 -0.958114 0.0680271
2.54544 -0.953422 0.097185
2.59488 -0.946403 0.141016
2.64295 -0.937828 0.176515
2.68217 -0.933542 0.108859
2.72549 -0.927775 0.132375
2.77481 -0.920584 0.144765
2.81961 -0.913414 0.158708
2.86767 -0.908201 0.108048
2.91537 -0.902209 0.124958
2.9645 -0.895691 0.131904
3.00859 -0.888389 0.164137
3.05601 -0.879998 0.175125
3.10413 -0.871451 0.175773
3.15059 -0.864842 0.141316
3.1911 -0.859323 0.135394
3.23869 -0.854009 0.111199
3.28415 -0.84833 0.124291
3.33368 -0.843498 0.0972418
3.37633 -0.840414 0.07219
3.42187 -0.837668 0.0602219
3.46456 -0.835269 0.0561364
3.50889 -0.83324 0.0457422
3.55106 -0.830552 0.0636499
3.58826 -0.828926 0.0436955
3.63385 -0.828129 0.0174785
3.67432 -0.825857 0.0560826
3.71309 -0.8225 0.0863591
3.74377 -0.819125 0.109594
3.76868 -0.817118 0.0803827
3.79518 -0.814569 0.0958971
3.82141 -0.811713 0.10843
3.83217 -0.810518 0.110709
3.8518 -0.808667 0.0939866
3.87502 -0.805825 0.121815
3.89157 -0.804246 0.095111
3.92564 -0.799702 0.132575
3.9597 -0.79479 0.143231
4.00469 -0.788539 0.138064
4.03254 -0.784185 0.155096
4.07759 -0.775598 0.188325
4.11785 -0.768444 0.175882
4.15446 -0.759931 0.228444
4.17215 -0.755564 0.241993
4.17931 -0.753991 0.216302
4.18937 -0.751848 0.210061
4.21646 -0.745701 0.223084
4.22975 -0.742767 0.217369
4.23891 -0.740844 0.206759
4.24297 -0.739973 0.211751
4.25845 -0.736574 0.216159
4.28499 -0.729922 0.245542
4.30519 -0.725287 0.225565
4.31764 -0.722235 0.240395
4.33948 -0.716974 0.236368
4.36828 -0.708944 0.27196
4.38543 -0.703689 0.297315
4.42592 -0.692209 0.276249
4.45435 -0.684663 0.259447
4.4925 -0.674404 0.262705
4.52413 -0.665484 0.274888
4.55955 -0.655785 0.267264
4.6063 -0.642488 0.277073
4.61943 -0.638745 0.277801
4.64098 -0.633113 0.25562
4.65734 -0.628898 0.252101
4.67397 -0.62425 0.272635
4.69088 -0.62043 0.222195
4.69843 -0.618573 0.241011
4.71602 -0.613713 0.269543
4.73267 -0.60892 0.280386
4.75864 -0.600958 0.297489
4.77306 -0.59634 0.309829
4.78585 -0.592006 0.32681
4.80537 -0.585833 0.306222
4.82269 -0.581053 0.269276
4.83062 -0.57881 0.275799
4.83484 -0.577709 0.255238
4.84471 -0.575395 0.230236
4.84969 -0.574422 0.193068
4.87804 -0.568256 0.214148
4.88881 -0.565446 0.255316
4.90567 -0.560586 0.280606
4.91062 -0.559109 0.289617
4.93141 -0.552905 0.290028
4.93965 -0.550597 0.273146
4.95064 -0.547234 0.297005
4.97382 -0.540697 0.274925
4.99285 -0.535635 0.259955
5.01086 -0.530816 0.261404
5.02935 -0.526458 0.231444
5.04091 -0.523834 0.22317
5.06298 -0.517885 0.263321
5.07943 -0.513468 0.262324
5.09525 -0.509712 0.233056
5.11006 -0.506771 0.196116
5.11178 -0.506441 0.189624
5.12394 -0.503662 0.224627
5.13138 -0.501714 0.255938
5.13997 -0.498967 0.309698
5.14372 -0.497864 0.286306
5.15116 -0.495704 0.282481
5.15744 -0.494128 0.245867
5.16727 -0.491874 0.225265
5.17422 -0.49058 0.184176
5.17555 -0.490344 0.175311
5.18557 -0.488335 0.197955
5.1848 -0.488511 0.225881
5.19936 -0.485348 0.213894
5.20323 -0.484193 0.290436
True
0.261393
