-5.45852 1.29358 -0.232715
-5.42397 1.28253 -0.309491
-5.37996 1.26718 -0.335647
-5.33792 1.25127 -0.361643
-5.2911 1.23418 -0.34996
-5.24356 1.2188 -0.313046
-5.21155 1.20777 -0.331841
-5.16463 1.19073 -0.348222
-5.12019 1.17165 -0.405654
-5.07928 1.15647 -0.355205
-5.03455 1.138 -0.391528
-4.98819 1.12164 -0.339371
-4.94301 1.10637 -0.325955
-4.90798 1.09412 -0.336395
-4.86196 1.0772 -0.352301
-4.82065 1.06171 -0.35862
-4.77967 1.04895 -0.301907
-4.73417 1.03266 -0.343939
-4.68705 1.01743 -0.312517
-4.64294 1.00433 -0.288664
-4.59724 0.991666 -0.270366
-4.55018 0.977892 -0.284774
-4.50158 0.966486 -0.230515
-4.45761 0.956922 -0.214166
-4.41238 0.945028 -0.257164
-4.36371 0.934344 -0.216076
-4.31683 0.924567 -0.205599
-4.26803 0.91627 -0.168421
-4.21905 0.906252 -0.201769
-4.17262 0.899394 -0.146619
-4.13532 0.89356 -0.155141
-4.08624 0.885061 -0.171491
-4.04031 0.87757 -0.161658
-3.99126 0.868508 -0.182702
-3.94242 0.858762 -0.196934
-3.89332 0.849445 -0.187567
-3.84461 0.838223 -0.226424
-3.79592 0.827278 -0.22109
-3.75024 0.81651 -0.231513
-3.70991 0.805289 -0.271379
-3.66726 0.794969 -0.237367
-3.62991 0.786414 -0.225213
-3.58354 0.776985 -0.20059
-3.54509 0.77002 -0.179223
-3.50483 0.76171 -0.203535
-3.45898 0.75277 -0.192563
-3.42391 0.744379 -0.234868
-3.37872 0.733624 -0.23362
-3.34663 0.726056 -0.231639
-3.30477 0.715775 -0.240829
-3.25798 0.706201 -0.201834
-3.21041 0.694143 -0.248251
-3.16298 0.683906 -0.212553
-3.11731 0.673551 -0.222969
-3.06862 0.664852 -0.176802
-3.01962 0.65566 -0.185436
-2.97373 0.646747 -0.191831
-2.92906 0.638924 -0.17338
-2.88302 0.630445 -0.182126
-2.83465 0.621496 -0.182947
-2.79187 0.613535 -0.183995
-2.74664 0.607624 -0.129964
-2.69779 0.600075 -0.153314
-2.64846 0.593191 -0.138657
-2.61349 0.590506 -0.0766351
-2.56644 0.587269 -0.0686797
-2.52242 0.582697 -0.103485
-2.47501 0.576402 -0.13201
-2.42998 0.570514 -0.130031
-2.38097 0.563309 -0.145964
-2.3315 0.556697 -0.132844
-2.28742 0.550295 -0.144254
-2.24822 0.542322 -0.200641
-2.19981 0.534343 -0.163349
-2.15116 0.523308 -0.223042
-2.10819 0.514378 -0.204892
-2.06349 0.505623 -0.193447
-2.01488 0.495847 -0.198453
-1.97179 0.486663 -0.209999
-1.9226 0.47958 -0.143017
-1.87388 0.469112 -0.211616
-1.82566 0.458424 -0.218134
-1.78041 0.448029 -0.225835
-1.73316 0.433988 -0.288808
-1.68527 0.422406 -0.237302
-1.63772 0.409029 -0.274257
-1.59436 0.396634 -0.278432
-1.5509 0.385116 -0.259035
-1.51016 0.374864 -0.246529
-1.46286 0.36394 -0.227008
-1.41455 0.351271 -0.256473
-1.37315 0.340368 -0.257457
-1.32468 0.328597 -0.238248
-1.28262 0.316777 -0.273998
-1.23532 0.301979 -0.303192
-1.18816 0.285395 -0.33816
-1.14138 0.267745 -0.360781
-1.097 0.250267 -0.375152
-1.05426 0.233746 -0.368879
-1.0104 0.216745 -0.369751
-0.968479 0.200804 -0.363385
-0.924862 0.184826 -0.351149
-0.877808 0.167933 -0.34469
-0.832832 0.151579 -0.348747
-0.797781 0.139353 -0.335611
-0.750638 0.123035 -0.333231
-0.706449 0.10766 -0.334841
-0.66004 0.093158 -0.302865
-0.619139 0.0812314 -0.283729
-0.574992 0.0702668 -0.243437
-0.530534 0.0565703 -0.298855
-0.493114 0.045195 -0.295111
-0.448058 0.0321958 -0.280886
-0.40294 0.0199112 -0.265835
-0.358483 0.00989426 -0.221613
-0.317344 -0.0005117 -0.247751
-0.271091 -0.0108747 -0.220411
-0.222438 -0.0218225 -0.221331
-0.183792 -0.0290063 -0.183789
-0.136563 -0.0399014 -0.22672
-0.0895257 -0.0526085 -0.263852
-0.0449377 -0.0644611 -0.259818
-0.000174631 -0.0768302 -0.269596
0.0442722 -0.0874502 -0.234541
0.0911274 -0.0981082 -0.223661
0.139645 -0.109759 -0.235675
0.183092 -0.119376 -0.217842
0.225981 -0.130372 -0.250974
0.27196 -0.142502 -0.257929
0.310179 -0.153024 -0.26867
0.3567 -0.166742 -0.286738
0.399814 -0.180256 -0.303754
0.447185 -0.195322 -0.307935
0.492537 -0.210961 -0.332058
0.538652 -0.226957 -0.333892
0.582108 -0.240656 -0.305367
0.629627 -0.255861 -0.309689
0.677261 -0.270685 -0.301703
0.72488 -0.285919 -0.30962
0.772592 -0.299836 -0.283819
0.820557 -0.313811 -0.283519
0.867174 -0.328036 -0.296157
0.913348 -0.342154 -0.296728
0.960623 -0.357318 -0.310405
1.00576 -0.370182 -0.277617
1.04697 -0.381789 -0.274586
1.09297 -0.394544 -0.270464
1.13951 -0.406569 -0.252838
1.18652 -0.418308 -0.244738
1.23041 -0.428601 -0.230311
1.27813 -0.443225 -0.297385
1.32671 -0.455066 -0.239092
1.37475 -0.468182 -0.26652
1.41891 -0.480669 -0.275603
1.46566 -0.494523 -0.288063
1.50896 -0.505977 -0.258614
1.55559 -0.518597 -0.264325
1.60336 -0.531212 -0.258183
1.64923 -0.54179 -0.2266
1.68471 -0.552436 -0.291574
1.72398 -0.561218 -0.219979
1.77217 -0.574443 -0.267844
1.81743 -0.585274 -0.23489
1.86412 -0.596801 -0.242081
1.89959 -0.604194 -0.205439
1.94228 -0.613014 -0.203738
1.99175 -0.620013 -0.140561
2.04126 -0.626819 -0.136603
2.09041 -0.635764 -0.180053
2.13731 -0.644366 -0.18136
2.1783 -0.651959 -0.183182
2.22373 -0.661432 -0.205585
2.27149 -0.672651 -0.230717
2.32017 -0.683529 -0.219838
2.36469 -0.693672 -0.224006
2.41253 -0.702887 -0.190285
2.45381 -0.711693 -0.210174
2.49217 -0.720768 -0.232315
2.54105 -0.730818 -0.202759
2.58229 -0.74187 -0.261834
2.62537 -0.752744 -0.247268
2.66142 -0.762834 -0.272946
2.70517 -0.77564 -0.284743
2.75269 -0.788854 -0.271191
2.79742 -0.800136 -0.247106
2.83655 -0.80862 -0.213514
2.88431 -0.819961 -0.233123
2.92776 -0.83133 -0.255916
2.97324 -0.844389 -0.2796
3.02078 -0.85676 -0.254615
3.05934 -0.867241 -0.265367
3.10344 -0.879802 -0.277466
3.14973 -0.893884 -0.295329
3.19476 -0.906495 -0.273074
3.23899 -0.920125 -0.298937
3.28141 -0.933346 -0.302126
3.32559 -0.945891 -0.276653
3.3724 -0.960567 -0.303807
3.41198 -0.973509 -0.316064
3.45635 -0.987202 -0.299318
3.4919 -0.997507 -0.282104
3.52539 -1.0084 -0.314411
3.55365 -1.01884 -0.353893
3.58185 -1.02983 -0.371715
3.61592 -1.04386 -0.390521
3.65007 -1.0579 -0.390254
3.69594 -1.07516 -0.359772
3.73936 -1.09185 -0.367067
3.77925 -1.1052 -0.322884
3.80998 -1.11577 -0.331328
3.81704 -1.11803 -0.31019
3.85051 -1.12963 -0.333577
3.88187 -1.13936 -0.30066
3.91247 -1.14803 -0.276392
3.92413 -1.15094 -0.243951
3.94641 -1.15594 -0.220955
3.97679 -1.1635 -0.243787
4.00241 -1.17222 -0.328127
4.02464 -1.17991 -0.333014
4.03781 -1.1846 -0.34215
4.04744 -1.18786 -0.326418
4.05477 -1.19046 -0.3405
4.06684 -1.19492 -0.353995
4.0904 -1.20294 -0.328196
4.10704 -1.2085 -0.322557
4.13868 -1.21769 -0.282531
4.1636 -1.22362 -0.233853
4.16856 -1.22474 -0.220977
4.18037 -1.22718 -0.203772
4.20612 -1.23182 -0.178356
4.22973 -1.2357 -0.162654
4.2475 -1.23816 -0.137795
4.25125 -1.23875 -0.155352
4.26074 -1.24035 -0.167426
4.27771 -1.24396 -0.209416
4.29148 -1.24658 -0.188337
4.30969 -1.25036 -0.204346
4.33167 -1.2547 -0.195099
4.35733 -1.26111 -0.244764
4.38209 -1.26739 -0.248296
4.39848 -1.27092 -0.21241
4.42417 -1.27663 -0.218669
4.46289 -1.28534 -0.22124
4.50327 -1.29634 -0.265918
4.54273 -1.30571 -0.233269
4.56435 -1.31118 -0.247927
4.59044 -1.31926 -0.30029
4.61541 -1.32748 -0.317911
4.64378 -1.33725 -0.331729
4.66038 -1.34282 -0.323602
4.66635 -1.34441 -0.26051
4.67856 -1.34757 -0.253356
4.6846 -1.34915 -0.255257
4.69995 -1.35335 -0.26726
4.7214 -1.35878 -0.247971
4.73259 -1.36179 -0.262821
4.74345 -1.36496 -0.283294
4.7582 -1.36923 -0.282009
4.77129 -1.37295 -0.277095
4.79831 -1.38022 -0.262751
4.82011 -1.3855 -0.237597
4.83258 -1.38837 -0.226604
4.85925 -1.3947 -0.232779
4.87651 -1.39848 -0.215871
4.90373 -1.40372 -0.190242
4.91231 -1.40516 -0.165374
4.91265 -1.4052 -0.137296
4.91592 -1.40551 -0.0939452
4.92851 -1.40649 -0.0780722
4.94441 -1.40746 -0.0607131
4.94711 -1.40765 -0.0684666
4.9598 -1.40832 -0.0526734
4.97508 -1.40892 -0.0393929
4.99149 -1.41012 -0.0732554
5.02887 -1.4137 -0.0954979
5.03418 -1.41416 -0.0851919
5.03786 -1.41435 -0.0516859
5.04231 -1.41453 -0.0405642
5.04701 -1.41506 -0.112605
5.0609 -1.41663 -0.112784
5.06522 -1.41721 -0.133014
5.07533 -1.41875 -0.151115
5.08313 -1.42047 -0.217019
5.08739 -1.42137 -0.209023
5.09222 -1.42238 -0.206241
5.10187 -1.42501 -0.265672
5.11018 -1.42758 -0.299775
5.11087 -1.42782 -0.342905
5.11343 -1.42861 -0.298454
5.12194 -1.43108 -0.282118
5.13512 -1.43448 -0.252627
5.14334 -1.43686 -0.28186
5.15332 -1.43995 -0.299957
5.16541 -1.44324 -0.26581
5.16745 -1.44376 -0.249184
5.17324 -1.44543 -0.280646
5.18279 -1.44799 -0.261832
5.19578 -1.45169 -0.277666
5.1929 -1.45084 -0.286008
5.19264 -1.45077 -0.285457
5.20375 -1.4541 -0.291637
5.20603 -1.45481 -0.301049
True
0.252925
