4.49873 0.000634876 2.67792
4.48331 0.00892989 2.64798
4.4406 0.0349177 2.59503
4.42628 0.0455928 2.50106
4.39793 0.0667827 2.49959
4.37982 0.0826059 2.42369
4.35335 0.108657 2.3642
4.33594 0.125435 2.37458
4.30844 0.154008 2.337
4.27687 0.186618 2.34007
4.24688 0.216568 2.35689
4.21328 0.253555 2.3082
4.1854 0.286111 2.27892
4.15667 0.319361 2.28334
4.123 0.356267 2.31043
4.09632 0.390477 2.23316
4.07034 0.426557 2.19487
4.04151 0.464739 2.21752
4.01536 0.504083 2.15752
3.98744 0.544652 2.17348
3.96966 0.573076 2.12981
3.94349 0.61345 2.14594
3.91728 0.654069 2.14374
3.89695 0.686361 2.13277
3.87267 0.727431 2.10474
3.85102 0.772503 2.01844
3.8299 0.815055 2.03167
3.80839 0.857656 2.03832
3.78655 0.901077 2.03688
3.76546 0.940397 2.06302
3.74948 0.971453 2.04596
3.72931 1.01061 2.04652
3.71297 1.04502 2.01411
3.69799 1.07575 2.02437
3.67861 1.11664 2.01333
3.65828 1.16213 1.99123
3.64227 1.19887 1.98168
3.62478 1.24572 1.92807
3.6072 1.29251 1.93025
3.59263 1.33176 1.92609
3.57639 1.37859 1.90468
3.56059 1.42592 1.89295
3.54726 1.46586 1.89288
3.53194 1.51007 1.90444
3.51611 1.55233 1.92921
3.49923 1.59297 1.96441
3.48097 1.63711 1.96314
3.46201 1.68175 1.97232
3.44792 1.72108 1.91493
3.43304 1.75749 1.95867
3.41507 1.80201 1.95448
3.39952 1.83852 1.97332
3.38091 1.88486 1.95279
3.36564 1.92049 1.97553
3.35068 1.95661 1.96347
3.32809 2.00122 2.03962
3.30424 2.04516 2.06807
3.27922 2.0884 2.09542
3.25432 2.13026 2.10733
3.22799 2.1719 2.13465
3.20253 2.20856 2.17778
3.17907 2.24119 2.19412
3.15078 2.27619 2.25077
3.12614 2.30721 2.24191
3.10283 2.33457 2.2764
3.07032 2.37255 2.27882
3.03778 2.40727 2.32384
3.00358 2.4436 2.32597
2.98741 2.46063 2.33035
2.95345 2.49495 2.35088
2.91923 2.53113 2.32832
2.88604 2.56729 2.3134
2.85205 2.60396 2.31823
2.829 2.63021 2.29151
2.79473 2.66623 2.3313
2.76835 2.69195 2.36884
2.73383 2.72411 2.3916
2.69962 2.7582 2.35795
2.67444 2.78123 2.40078
2.64162 2.80981 2.42512
2.60635 2.84403 2.37132
2.58701 2.86233 2.38395
2.54984 2.89548 2.41317
2.52086 2.92204 2.39975
2.493 2.94663 2.4186
2.46761 2.96985 2.40079
2.43019 3.00259 2.42265
2.39355 3.03489 2.4192
2.36032 3.06549 2.39738
2.32151 3.09702 2.45931
2.28771 3.12355 2.47611
2.24564 3.15057 2.57056
2.20377 3.17789 2.56349
2.1743 3.19825 2.53708
2.13395 3.22502 2.55581
2.09185 3.2518 2.57517
2.05237 3.2758 2.5953
2.03262 3.28698 2.62626
2.0001 3.30412 2.65671
1.96805 3.3221 2.63016
1.92723 3.34443 2.64108
1.89404 3.35967 2.7112
1.85269 3.38055 2.67392
1.80766 3.40228 2.69207
1.76493 3.421 2.72868
1.7207 3.43928 2.74962
1.67513 3.45933 2.72711
1.63819 3.47394 2.76505
1.59109 3.49054 2.80264
1.54431 3.50795 2.78537
1.50429 3.52182 2.80791
1.45653 3.53656 2.84233
1.41558 3.54828 2.86268
1.37317 3.56103 2.84972
1.32773 3.57302 2.88366
1.29784 3.58121 2.87395
1.26109 3.59174 2.86266
1.22625 3.59945 2.9239
1.17784 3.61194 2.88903
1.12911 3.6231 2.91633
1.08087 3.63592 2.88185
1.03495 3.64737 2.89733
0.988671 3.66018 2.87152
0.940725 3.67159 2.90807
0.900514 3.68033 2.92746
0.852122 3.69271 2.8912
0.804298 3.70518 2.88654
0.756172 3.71835 2.87441
0.707926 3.72793 2.94562
0.661629 3.73839 2.91942
0.615539 3.74901 2.9151
0.566975 3.76067 2.90584
0.525018 3.76897 2.94642
0.47934 3.77723 2.96261
0.434721 3.78526 2.96361
0.387923 3.79369 2.96332
0.338159 3.79839 3.0474
0.291662 3.80125 3.08014
0.244579 3.80431 3.0767
0.197538 3.80823 3.05839
0.148332 3.81319 3.04124
0.101912 3.81634 3.07374
0.0559063 3.81997 3.06291
0.0178897 3.82302 3.06146
-0.0285926 3.82546 3.08922
-0.0780432 3.82994 3.05126
-0.127747 3.83534 3.03327
-0.177269 3.84066 3.03477
-0.227016 3.84542 3.04615
-0.272442 3.8503 3.03454
-0.320794 3.85619 3.02034
-0.369624 3.86228 3.0175
-0.414165 3.86583 3.06216
-0.461523 3.87114 3.02995
-0.504351 3.87438 3.06601
-0.554247 3.87756 3.07797
-0.596216 3.88141 3.05008
-0.633087 3.88319 3.09349
-0.682959 3.88534 3.09838
-0.732757 3.88911 3.06601
-0.773448 3.89284 3.05034
-0.817871 3.89621 3.06576
-0.865248 3.89941 3.07425
-0.914554 3.90348 3.0591
-0.964248 3.907 3.07088
-1.01303 3.9099 3.08225
-1.06091 3.91316 3.07372
-1.11045 3.91741 3.05589
-1.15707 3.91961 3.09453
-1.20625 3.92185 3.09604
-1.25329 3.92361 3.10413
-1.29086 3.92616 3.07391
-1.32587 3.92841 3.0775
-1.37146 3.92935 3.12094
-1.4213 3.92879 3.15289
-1.47122 3.93123 -3.19045
-1.52115 3.93169 3.13234
-1.56905 3.93254 3.12381
-1.60269 3.93027 3.20914
-1.64881 3.92811 -3.09492
-1.69843 3.92533 -3.08556
-1.73592 3.92534 -3.14191
-1.78548 3.9252 3.14447
-1.81872 3.92513 -3.13956
-1.86144 3.92617 -3.16593
-1.90508 3.92678 3.12765
-1.95505 3.92823 3.11257
-2.00075 3.93075 3.08644
-2.04783 3.93361 3.08106
-2.09638 3.93677 3.07645
-2.12908 3.94095 3.01461
-2.17813 3.94849 2.9891
-2.22691 3.95591 2.99046
-2.27555 3.96512 2.95459
-2.32164 3.97381 2.95515
-2.36355 3.98118 2.96762
-2.41054 3.98922 2.97218
-2.44944 3.99581 2.97353
-2.49854 4.00118 3.03271
-2.54798 4.00687 3.02702
-2.59369 4.01048 3.06286
-2.63502 4.01236 3.09606
-2.66801 4.01424 3.08463
-2.69227 4.01559 3.0861
-2.72543 4.0171 3.09602
-2.74835 4.01772 3.11454
-2.76537 4.01787 3.13276
-2.78254 4.0178 3.14612
-2.80904 4.01747 -3.12916
-2.83851 4.01705 -3.1276
-2.85885 4.01719 -3.14834
-2.88029 4.01828 3.09091
-2.90266 4.02012 3.05935
-2.91637 4.02169 3.0276
-2.94618 4.02474 3.03971
-2.98467 4.02882 3.03609
-3.02072 4.03458 2.98306
-3.04512 4.03909 2.9589
-3.04671 4.03945 2.9192
-3.05716 4.04138 2.95866
-3.08217 4.04555 2.97655
-3.11449 4.04971 3.01329
-3.15399 4.05413 3.03029
-3.17182 4.05678 2.99399
-3.20358 4.06313 2.94428
-3.22281 4.06681 2.95266
-3.253 4.07118 2.99781
-3.28843 4.07549 3.02039
-3.33101 4.08083 3.01699
-3.35827 4.08242 3.08314
-3.40696 4.08288 3.13227
-3.43456 4.08268 3.14851
-3.47644 4.08281 -3.14462
-3.51453 4.08408 3.10823
-3.54734 4.08593 3.08544
-3.57755 4.08622 3.13189
-3.61654 4.08627 3.14025
-3.64141 4.08519 3.18506
-3.65984 4.08358 -3.0546
-3.6667 4.08313 -3.07616
-3.6754 4.08212 -3.02527
-3.69181 4.07976 -2.99867
-3.69806 4.079 -3.02159
-3.72194 4.07671 -3.04578
-3.73937 4.07481 -3.03314
-3.74561 4.07418 -3.04164
-3.74821 4.07391 -3.0349
-3.75855 4.07245 -3.00169
-3.77062 4.07068 -2.99563
-3.78226 4.06874 -2.97708
-3.78624 4.0682 -3.00597
-3.79376 4.06705 -2.99046
-3.80813 4.065 -2.99967
-3.82158 4.06342 -3.02484
-3.83898 4.06111 -3.00936
-3.84447 4.06055 -3.04077
-3.85788 4.05942 -3.0574
-3.87901 4.05805 -3.07703
-3.89848 4.05714 -3.09478
-3.92479 4.05595 -3.09641
-3.9439 4.0547 -3.07636
-3.9525 4.0542 -3.08288
-3.96384 4.05328 -3.0608
-3.97724 4.05235 -3.07222
-3.9816 4.05217 -3.10078
-3.99624 4.0515 -3.09606
-4.00554 4.05093 -3.08028
-4.01339 4.0505 -3.08674
-4.026 4.05011 -3.11042
-4.04197 4.05064 -3.17471
-4.05485 4.05101 3.11314
-4.06837 4.0515 3.10521
-4.07618 4.05133 3.16243
-4.0888 4.05137 -3.14409
-4.10433 4.05124 3.14964
-4.11955 4.05068 -3.105
-4.1346 4.04972 -3.07788
-4.14352 4.04898 -3.05827
-4.14659 4.04869 -3.04699
-4.15752 4.04765 -3.04692
-4.16582 4.04681 -3.04074
-4.17361 4.04596 -3.03257
-4.18982 4.04441 -3.04625
-4.20249 4.04323 -3.04884
True
0.0659338
