-5.47867 0.637547 -0.169881
-5.44771 0.631902 -0.180335
-5.41228 0.622708 -0.253913
-5.36373 0.612674 -0.203805
-5.31504 0.604015 -0.175999
-5.26655 0.594539 -0.192965
-5.21715 0.587028 -0.15092
-5.16778 0.580562 -0.130217
-5.12244 0.576561 -0.0880124
-5.0764 0.570692 -0.126802
-5.02812 0.563078 -0.156432
-4.9784 0.558302 -0.0957457
-4.92873 0.554412 -0.078162
-4.88859 0.549891 -0.112151
-4.83955 0.543339 -0.132803
-4.79405 0.538107 -0.114517
-4.75397 0.532862 -0.130113
-4.70434 0.526962 -0.118321
-4.65517 0.519284 -0.154917
-4.60565 0.512599 -0.134165
-4.55604 0.506647 -0.119422
-4.51638 0.499835 -0.170103
-4.46728 0.491456 -0.16902
-4.4312 0.483366 -0.220597
-4.39287 0.473118 -0.261217
-4.35211 0.460564 -0.298801
-4.30443 0.446056 -0.295327
-4.26462 0.433837 -0.29783
-4.21671 0.420751 -0.266636
-4.16856 0.408405 -0.250996
-4.12003 0.397261 -0.225716
-4.07669 0.387139 -0.229446
-4.02788 0.377103 -0.20279
-3.97965 0.36761 -0.194351
-3.93913 0.360353 -0.177186
-3.90591 0.35367 -0.198551
-3.86244 0.344778 -0.201748
-3.81302 0.337138 -0.153405
-3.76387 0.328004 -0.183721
-3.71478 0.321866 -0.124384
-3.66495 0.318156 -0.0743309
-3.619 0.315955 -0.0478452
-3.57171 0.313237 -0.0574186
-3.52228 0.308748 -0.0905676
-3.47316 0.305623 -0.0635419
-3.42619 0.302133 -0.0741559
-3.38463 0.299556 -0.0619194
-3.33515 0.296054 -0.0706767
-3.29336 0.289279 -0.160723
-3.24395 0.281694 -0.152316
-3.19764 0.273975 -0.16517
-3.1484 0.265729 -0.165927
-3.10025 0.255733 -0.204669
-3.05123 0.245898 -0.198037
-3.01285 0.238046 -0.201763
-2.96635 0.228654 -0.199293
-2.92724 0.221975 -0.169146
-2.8791 0.211093 -0.222348
-2.83087 0.201274 -0.200816
-2.78455 0.191021 -0.217847
-2.73785 0.179853 -0.234738
-2.6926 0.168482 -0.246197
-2.6466 0.156588 -0.253039
-2.59915 0.143701 -0.265208
-2.55484 0.13055 -0.288457
-2.51254 0.120503 -0.233235
-2.46397 0.109963 -0.213676
-2.42526 0.102728 -0.184793
-2.37591 0.0953246 -0.148904
-2.3279 0.0886974 -0.137164
-2.27857 0.0824835 -0.125297
-2.22956 0.0766687 -0.118093
-2.18147 0.0702528 -0.132627
-2.14401 0.0644252 -0.154336
-2.09548 0.0555252 -0.181403
-2.05644 0.0487982 -0.170603
-2.01019 0.0405736 -0.17602
-1.96453 0.0333333 -0.157251
-1.91528 0.0255724 -0.156285
-1.87307 0.0193708 -0.145872
-1.82674 0.0103932 -0.191431
-1.78118 0.0014685 -0.193444
-1.73534 -0.00521695 -0.144807
-1.68589 -0.0125351 -0.146933
-1.63861 -0.0193514 -0.143185
-1.58944 -0.0270427 -0.155146
-1.54096 -0.0355122 -0.172981
-1.50839 -0.0399388 -0.135052
-1.4649 -0.0466899 -0.154029
-1.41547 -0.0538739 -0.144309
-1.38012 -0.0567579 -0.0814074
-1.33056 -0.0598902 -0.0631157
-1.2886 -0.0623122 -0.0576542
-1.23897 -0.062517 -0.00412871
-1.19589 -0.0660117 -0.080933
-1.14667 -0.0720375 -0.121814
-1.09927 -0.0788668 -0.143121
-1.05518 -0.0846193 -0.129732
-1.00676 -0.0910686 -0.132414
-0.957329 -0.0979818 -0.138951
-0.915779 -0.102165 -0.100331
-0.870906 -0.106575 -0.0979706
-0.82426 -0.11218 -0.119577
-0.774916 -0.118105 -0.119505
-0.725762 -0.122136 -0.0818245
-0.675858 -0.125134 -0.0600091
-0.632089 -0.128992 -0.087923
-0.586452 -0.133768 -0.10426
-0.540669 -0.139291 -0.120065
-0.491907 -0.145094 -0.118446
-0.449858 -0.149188 -0.0970671
-0.400479 -0.154013 -0.0974045
-0.351274 -0.161242 -0.145855
-0.301879 -0.168856 -0.152946
-0.252756 -0.177802 -0.180145
-0.205461 -0.189627 -0.245002
-0.161779 -0.196625 -0.158852
-0.115975 -0.204468 -0.169589
-0.0686141 -0.211778 -0.153148
-0.0233203 -0.218735 -0.152395
0.0225811 -0.227222 -0.182837
0.0721355 -0.233775 -0.131463
0.115172 -0.241103 -0.168654
0.162367 -0.249072 -0.167286
0.206081 -0.256261 -0.162987
0.255324 -0.26464 -0.168559
0.302795 -0.272865 -0.171547
0.352146 -0.279628 -0.1362
0.400095 -0.285393 -0.119643
0.445147 -0.292109 -0.147998
0.494947 -0.296478 -0.0874912
0.540173 -0.30158 -0.112348
0.589977 -0.304637 -0.0612958
0.636938 -0.305855 -0.0259446
0.678638 -0.306523 -0.0160016
0.71467 -0.307195 -0.0186699
0.762257 -0.306988 0.00436005
0.811966 -0.308932 -0.039088
0.860857 -0.315148 -0.126471
0.896085 -0.317884 -0.0774872
0.943441 -0.323501 -0.118074
0.982429 -0.330143 -0.168726
1.03171 -0.337138 -0.141013
1.07986 -0.344461 -0.150914
1.1282 -0.352857 -0.171994
1.17501 -0.359829 -0.147851
1.22355 -0.368852 -0.18378
1.26248 -0.374914 -0.154488
1.31197 -0.377452 -0.0512367
1.36059 -0.379744 -0.0470969
1.409 -0.382435 -0.0555496
1.45869 -0.387452 -0.100611
1.50683 -0.391604 -0.0860384
1.54774 -0.39421 -0.0636353
1.59748 -0.398269 -0.0814123
1.64552 -0.402494 -0.0877236
1.69528 -0.407048 -0.0912634
1.73718 -0.412587 -0.131455
1.78198 -0.418772 -0.137172
1.82963 -0.424761 -0.125023
1.87866 -0.431131 -0.129201
1.91143 -0.436945 -0.175561
1.96109 -0.44239 -0.109237
2.00102 -0.44814 -0.143018
2.0488 -0.456346 -0.170085
2.09797 -0.465225 -0.178652
2.14637 -0.475468 -0.208564
2.18871 -0.483937 -0.197421
2.22974 -0.492047 -0.195108
2.27931 -0.498246 -0.124413
2.32033 -0.502555 -0.10467
2.36818 -0.508015 -0.113608
2.41011 -0.512329 -0.102533
2.45956 -0.515309 -0.0601962
2.50881 -0.518185 -0.0583336
2.53618 -0.521634 -0.125309
2.58259 -0.528012 -0.136587
2.62878 -0.533881 -0.126384
2.67692 -0.542684 -0.180885
2.72596 -0.552361 -0.194791
2.77387 -0.561291 -0.184295
2.82293 -0.570904 -0.193473
2.8721 -0.579539 -0.17386
2.91992 -0.588518 -0.185606
2.96898 -0.598114 -0.193146
3.01792 -0.604577 -0.131319
3.06411 -0.61085 -0.134978
3.11238 -0.617422 -0.1353
3.15833 -0.623919 -0.140463
3.2053 -0.630538 -0.139994
3.25502 -0.635345 -0.0963842
3.30488 -0.637506 -0.0433143
3.35394 -0.638907 -0.0285576
3.39608 -0.641573 -0.0631728
3.43917 -0.644396 -0.0654439
3.4836 -0.645554 -0.0260494
3.52569 -0.649376 -0.0905479
3.55475 -0.651303 -0.0662443
3.6039 -0.655759 -0.0904003
3.65222 -0.662945 -0.147635
3.7015 -0.670623 -0.154562
3.74067 -0.675276 -0.118254
3.79039 -0.678998 -0.0746957
3.83161 -0.682483 -0.0843612
3.86334 -0.687348 -0.152133
3.90694 -0.693349 -0.136791
3.94001 -0.698501 -0.154543
3.97287 -0.702885 -0.13265
3.98879 -0.704491 -0.100541
4.01931 -0.707826 -0.108822
4.05143 -0.713267 -0.167828
4.09688 -0.721001 -0.16856
4.136 -0.72749 -0.164372
4.17391 -0.732774 -0.138452
4.21481 -0.738267 -0.133529
4.25224 -0.742668 -0.117025
4.29813 -0.747739 -0.110065
4.34105 -0.753341 -0.129795
4.37396 -0.756807 -0.104922
4.4 -0.760319 -0.134084
4.41811 -0.763486 -0.17306
4.4402 -0.76777 -0.191574
4.45738 -0.771012 -0.186529
4.49198 -0.777954 -0.198028
4.53031 -0.785995 -0.206774
4.56363 -0.791513 -0.164112
4.59527 -0.79751 -0.187348
4.61476 -0.801475 -0.200654
4.64789 -0.808203 -0.200338
4.67069 -0.813454 -0.226399
4.69845 -0.818681 -0.18608
4.73734 -0.826213 -0.191316
4.7608 -0.83018 -0.167503
4.80421 -0.835823 -0.129267
4.84614 -0.842479 -0.157422
4.89511 -0.848521 -0.122785
4.92856 -0.853802 -0.156567
4.95581 -0.857547 -0.136564
4.98154 -0.860033 -0.0963282
5.00582 -0.862118 -0.0856756
5.01655 -0.863599 -0.137113
5.0236 -0.864539 -0.132479
5.03299 -0.865732 -0.126398
5.0458 -0.867579 -0.143256
5.06524 -0.870579 -0.153067
5.08056 -0.873645 -0.197535
5.09691 -0.877265 -0.217842
5.11291 -0.880715 -0.212418
5.12563 -0.883634 -0.225689
5.1423 -0.887683 -0.238176
5.15051 -0.889308 -0.195433
5.151 -0.889381 -0.148161
5.16163 -0.89098 -0.149282
5.16594 -0.891708 -0.167246
5.1717 -0.892886 -0.201819
5.17404 -0.893352 -0.196404
5.18161 -0.894973 -0.210921
5.18137 -0.894916 -0.22756
5.1878 -0.89643 -0.231172
5.2022 -0.899271 -0.194727
5.21458 -0.902001 -0.217066
True
0.0720426
