-5.4609 -0.647568 0.305271
-5.42539 -0.635354 0.331301
-5.38506 -0.622067 0.318227
-5.34521 -0.609538 0.304601
-5.29923 -0.594621 0.313709
-5.2528 -0.577349 0.356142
-5.20806 -0.561946 0.331612
-5.1634 -0.54595 0.34394
-5.11653 -0.528878 0.349309
-5.07248 -0.514171 0.32223
-5.0264 -0.495852 0.378408
-4.97964 -0.47868 0.351882
-4.93221 -0.462906 0.321079
-4.8891 -0.447846 0.33609
-4.84675 -0.434171 0.312344
-4.80543 -0.419627 0.338477
-4.75955 -0.402747 0.352492
-4.71255 -0.385707 0.347854
-4.66586 -0.367852 0.36526
-4.61984 -0.350353 0.36336
-4.57289 -0.333659 0.341624
-4.52577 -0.316949 0.34079
-4.48192 -0.301939 0.329755
-4.43563 -0.287103 0.310177
-4.38875 -0.271129 0.32844
-4.34227 -0.25366 0.359439
-4.2995 -0.237126 0.36893
-4.25296 -0.21919 0.367867
-4.20845 -0.203592 0.33705
-4.16194 -0.187089 0.340958
-4.1163 -0.172188 0.315606
-4.06916 -0.15706 0.310527
-4.02194 -0.140665 0.334199
-3.98296 -0.126488 0.348776
-3.93647 -0.110376 0.333614
-3.88932 -0.0943023 0.32854
-3.84847 -0.0772947 0.394502
-3.80965 -0.0617408 0.381126
-3.76499 -0.0421322 0.41374
-3.72644 -0.0265063 0.38511
-3.67993 -0.00823348 0.374325
-3.63478 0.00798511 0.34485
-3.58865 0.0242574 0.339131
-3.54081 0.0385146 0.289615
-3.49527 0.054072 0.329202
-3.44878 0.0702123 0.334172
-3.40555 0.0871432 0.37329
-3.35807 0.102815 0.318836
-3.31099 0.119544 0.341379
-3.27361 0.131507 0.309772
-3.23021 0.145904 0.32025
-3.18446 0.159728 0.29349
-3.13894 0.173589 0.295547
-3.09142 0.188501 0.304104
-3.0444 0.201803 0.275652
-2.99636 0.214611 0.260554
-2.95129 0.226001 0.247588
-2.9067 0.238755 0.278532
-2.86107 0.251358 0.269507
-2.8128 0.260555 0.188299
-2.76473 0.269677 0.187536
-2.71738 0.280228 0.219217
-2.6778 0.288521 0.20655
-2.6386 0.299528 0.273764
-2.5994 0.312409 0.317474
-2.55785 0.326084 0.31796
-2.51141 0.343075 0.350683
-2.46792 0.357775 0.325998
-2.4271 0.372483 0.345823
-2.38127 0.391524 0.393783
-2.34888 0.406258 0.426873
-2.30203 0.42368 0.356047
-2.26572 0.435049 0.303406
-2.22635 0.449386 0.349222
-2.17999 0.465274 0.3302
-2.13973 0.48126 0.377964
-2.09343 0.498501 0.356473
-2.04959 0.512815 0.315595
-2.00231 0.527124 0.293871
-1.95387 0.539052 0.241437
-1.90762 0.550337 0.239344
-1.86964 0.560368 0.258185
-1.82785 0.570463 0.237026
-1.78768 0.580945 0.25523
-1.74748 0.589956 0.220532
-1.70762 0.598855 0.219662
-1.66032 0.60957 0.222751
-1.61236 0.623201 0.276908
-1.56384 0.63527 0.24381
-1.51706 0.649987 0.304821
-1.47789 0.660758 0.268339
-1.43018 0.674491 0.280288
-1.38239 0.688853 0.291918
-1.34129 0.70109 0.289396
-1.31009 0.712215 0.34254
-1.26424 0.728988 0.350677
-1.22182 0.74188 0.295015
-1.17492 0.756428 0.300799
-1.13207 0.770938 0.326485
-1.09141 0.783898 0.308539
-1.04391 0.796882 0.266839
-1.00521 0.807444 0.266435
-0.956251 0.817581 0.20417
-0.916882 0.825774 0.205185
-0.868116 0.835269 0.192291
-0.818968 0.843532 0.166572
-0.774779 0.850839 0.163871
-0.727856 0.858787 0.167795
-0.680569 0.866682 0.165437
-0.631115 0.874013 0.147161
-0.583012 0.880667 0.13747
-0.5332 0.884912 0.085009
-0.49306 0.887965 0.0759137
-0.444996 0.890265 0.0478234
-0.401748 0.895489 0.120208
-0.358246 0.901954 0.147533
-0.315343 0.908747 0.157025
-0.266929 0.91673 0.163414
-0.217648 0.923521 0.136944
-0.168775 0.932342 0.178564
-0.122529 0.937755 0.116521
-0.0739696 0.942668 0.100827
-0.0251642 0.948228 0.113429
0.0168897 0.951923 0.0876467
0.0664422 0.958069 0.12341
0.113786 0.964041 0.125463
0.16314 0.971698 0.153926
0.209608 0.975908 0.0903609
0.24902 0.978236 0.0589982
0.294745 0.983213 0.108419
0.338707 0.988129 0.111366
0.388347 0.993309 0.103956
0.429494 0.997593 0.103756
0.472832 1.00231 0.108365
0.500425 1.00484 0.0915511
0.544253 1.00939 0.103383
0.586999 1.01497 0.129851
0.636216 1.02177 0.137267
0.682756 1.02972 0.169298
0.725824 1.03725 0.173029
0.770964 1.04503 0.170537
0.810569 1.05325 0.204811
0.854175 1.06259 0.211014
0.896219 1.07223 0.225413
0.938022 1.08149 0.217832
0.984228 1.09187 0.220978
1.02501 1.10134 0.228258
1.06008 1.11024 0.248451
1.10575 1.12392 0.291177
1.15252 1.1396 0.323348
1.19837 1.15905 0.401309
1.2366 1.17393 0.371112
1.28048 1.19495 0.446767
1.32364 1.21544 0.443158
1.36197 1.23369 0.444424
1.40627 1.25618 0.469676
1.44789 1.2774 0.471584
1.48909 1.29654 0.434967
1.52992 1.31669 0.458506
1.57235 1.33498 0.406908
1.61818 1.35497 0.411239
1.66404 1.37489 0.40978
1.70861 1.39415 0.40783
1.74939 1.41342 0.441657
1.79435 1.4352 0.45104
1.83816 1.45823 0.483915
1.87809 1.47807 0.46118
1.92123 1.49999 0.470056
1.96479 1.52203 0.468419
1.995 1.53727 0.467462
2.03968 1.55915 0.455314
2.08218 1.58036 0.462728
2.12714 1.60177 0.44459
2.16741 1.62228 0.47097
2.21282 1.6432 0.431783
2.25605 1.66076 0.385859
2.29829 1.68011 0.429469
2.34402 1.70024 0.414721
2.38074 1.71552 0.394334
2.41668 1.72998 0.382534
2.46153 1.74788 0.379711
2.49816 1.76385 0.411199
2.54237 1.78107 0.371336
2.5795 1.79635 0.390389
2.61435 1.81166 0.414082
2.65981 1.83247 0.429112
2.70365 1.85368 0.450619
2.74794 1.87686 0.482157
2.78901 1.89822 0.479632
2.82323 1.91478 0.45079
2.86665 1.93678 0.468917
2.90733 1.95837 0.488051
2.95248 1.97968 0.440935
2.98933 1.99598 0.416583
3.03344 2.01479 0.403003
3.07854 2.03505 0.42223
3.12324 2.05621 0.442058
3.16551 2.07733 0.463328
3.20778 2.09763 0.447787
3.24816 2.11528 0.412134
3.29247 2.13611 0.439472
3.33672 2.15513 0.405854
3.37217 2.17092 0.419089
3.41497 2.19145 0.447264
3.45743 2.21218 0.454111
3.49236 2.22889 0.44627
3.53437 2.24845 0.435695
3.56378 2.26358 0.475244
3.59332 2.27985 0.503345
3.61557 2.2911 0.468022
3.65512 2.31041 0.454248
3.69444 2.3316 0.494278
3.72737 2.34979 0.504793
3.76456 2.36867 0.469728
3.80808 2.39014 0.45831
3.84214 2.40743 0.469529
3.87878 2.42754 0.501992
3.9052 2.44256 0.517249
3.93828 2.46156 0.521152
3.97295 2.48198 0.532244
4.00917 2.50352 0.53652
4.04935 2.52645 0.518567
4.08694 2.55167 0.591093
4.12406 2.57778 0.612927
4.15023 2.59486 0.57819
4.16827 2.60561 0.537604
4.19805 2.62258 0.517858
4.23528 2.64174 0.475337
4.27156 2.65772 0.414726
4.3112 2.67459 0.402535
4.34179 2.6878 0.407548
4.37792 2.70402 0.422046
4.41401 2.72065 0.43177
4.42637 2.72688 0.466808
4.45271 2.74072 0.483814
4.4844 2.75704 0.475549
4.51576 2.77341 0.481289
4.53684 2.78589 0.534331
4.55136 2.79457 0.538471
4.57828 2.81125 0.554817
4.61395 2.83299 0.547261
4.64661 2.85331 0.556743
4.67828 2.8722 0.537762
4.71633 2.89349 0.510046
4.73769 2.90529 0.50494
4.76538 2.91999 0.487863
4.79774 2.9379 0.505588
4.83698 2.95868 0.487018
4.86254 2.97026 0.425271
4.89225 2.98293 0.403223
4.91352 2.9918 0.394863
4.92512 2.99658 0.391274
4.93068 2.99863 0.352792
4.9436 3.00328 0.345819
4.96514 3.01141 0.360938
4.98582 3.02052 0.414669
4.99013 3.02221 0.374816
4.9949 3.02404 0.365557
5.00634 3.02794 0.32886
5.02725 3.036 0.367849
5.04246 3.04111 0.323995
5.05209 3.04428 0.317779
5.05334 3.04465 0.292853
5.06165 3.04736 0.315027
5.06384 3.04806 0.307785
5.07307 3.05103 0.311629
5.07329 3.0511 0.330194
5.08475 3.05494 0.322682
5.09424 3.05827 0.337247
5.1092 3.06335 0.327725
5.11013 3.06363 0.294324
5.11996 3.06652 0.285491
5.12548 3.06821 0.297033
5.13239 3.07019 0.279703
5.13049 3.06953 0.336238
5.13268 3.07031 0.342023
5.13781 3.0726 0.419637
5.14835 3.07724 0.414735
5.14576 3.07607 0.422458
5.15691 3.08065 0.389104
5.16134 3.08258 0.411456
5.16556 3.08426 0.378838
5.17229 3.08693 0.378486
5.17617 3.08871 0.430187
5.17921 3.09017 0.44676
5.18392 3.09254 0.466424
5.193 3.09724 0.477873
5.21526 3.10953 0.504335
5.22737 3.11627 0.507868
True
0.253761
