-5.45984 -0.621517 -0.0688417
-5.40986 -0.623043 -0.0305227
-5.36779 -0.62756 -0.106963
-5.32989 -0.631992 -0.116412
-5.28143 -0.638277 -0.128985
-5.23193 -0.643394 -0.102995
-5.18267 -0.648884 -0.11099
-5.1396 -0.654534 -0.13041
-5.09025 -0.65964 -0.103118
-5.04083 -0.663994 -0.0878603
-4.99153 -0.667588 -0.0727856
-4.94177 -0.671329 -0.0750362
-4.89223 -0.676904 -0.112071
-4.84831 -0.68044 -0.0803436
-4.79866 -0.685734 -0.106236
-4.75154 -0.688933 -0.0677819
-4.71337 -0.690851 -0.0501849
-4.66954 -0.692001 -0.0262393
-4.62151 -0.693548 -0.0321946
-4.57183 -0.695912 -0.0475533
-4.52401 -0.698577 -0.055659
-4.47599 -0.70244 -0.0802945
-4.42616 -0.706278 -0.0768743
-4.38034 -0.710732 -0.096898
-4.34118 -0.712491 -0.0448829
-4.29273 -0.71593 -0.070859
-4.24278 -0.716403 -0.00945843
-4.19317 -0.715187 0.0244917
-4.14618 -0.713695 0.0317422
-4.10852 -0.713452 0.00645867
-4.05904 -0.714781 -0.0268595
-4.01053 -0.713468 0.0270573
-3.96054 -0.713855 -0.00772925
-3.91351 -0.71507 -0.0258279
-3.86901 -0.715044 0.000569183
-3.81917 -0.718072 -0.0606667
-3.77275 -0.720767 -0.0579916
-3.72301 -0.725708 -0.0990103
-3.67729 -0.730422 -0.102758
-3.63228 -0.73378 -0.0744614
-3.5834 -0.736212 -0.0497218
-3.53355 -0.739045 -0.0567586
-3.48584 -0.742383 -0.0698407
-3.44278 -0.742831 -0.0104114
-3.39282 -0.744488 -0.0331593
-3.34335 -0.745358 -0.0175801
-3.29349 -0.747226 -0.0374462
-3.25048 -0.747853 -0.0145929
-3.20375 -0.748877 -0.0218959
-3.15518 -0.748244 0.0130227
-3.10609 -0.746376 0.0380368
-3.05613 -0.748097 -0.034437
-3.01833 -0.749155 -0.0279598
-2.97765 -0.750656 -0.0368797
-2.93163 -0.753091 -0.052876
-2.88936 -0.755663 -0.0607673
-2.84084 -0.757363 -0.0350289
-2.79734 -0.757382 -0.000438169
-2.75041 -0.757296 0.00184124
-2.70221 -0.758231 -0.019401
-2.65225 -0.759293 -0.0212518
-2.60259 -0.762838 -0.0712771
-2.55296 -0.764938 -0.0422677
-2.51848 -0.767221 -0.0661341
-2.46904 -0.767486 -0.00536671
-2.42033 -0.767591 -0.00214675
-2.37297 -0.769734 -0.0452156
-2.3249 -0.772318 -0.0537176
-2.28108 -0.774267 -0.0444476
-2.23222 -0.776271 -0.0409805
-2.18328 -0.78002 -0.0764634
-2.13749 -0.784281 -0.0927876
-2.09533 -0.790903 -0.155793
-2.05392 -0.793652 -0.0662693
-2.01567 -0.794245 -0.0155153
-1.96849 -0.796388 -0.0453878
-1.91873 -0.801175 -0.0959062
-1.86936 -0.806138 -0.100176
-1.82009 -0.810463 -0.08757
-1.77494 -0.813111 -0.0585818
-1.72587 -0.819617 -0.131807
-1.68041 -0.825915 -0.137671
-1.63273 -0.832754 -0.14247
-1.58853 -0.838526 -0.129832
-1.53896 -0.844443 -0.118802
-1.49574 -0.850628 -0.14217
-1.44975 -0.856103 -0.118489
-1.40269 -0.861411 -0.1123
-1.35733 -0.866126 -0.103596
-1.30973 -0.871758 -0.117771
-1.2601 -0.877717 -0.119491
-1.21225 -0.88231 -0.0956893
-1.18203 -0.885417 -0.102465
-1.13461 -0.89092 -0.115508
-1.09526 -0.896252 -0.134698
-1.0455 -0.900922 -0.0935658
-0.995855 -0.906569 -0.113274
-0.946113 -0.91161 -0.101
-0.898089 -0.918054 -0.133394
-0.848698 -0.925119 -0.142072
-0.800649 -0.933131 -0.165219
-0.751314 -0.941202 -0.162164
-0.705084 -0.949536 -0.178369
-0.655881 -0.956762 -0.145818
-0.610739 -0.963978 -0.158506
-0.561903 -0.970824 -0.139281
-0.516591 -0.974418 -0.0791325
-0.470853 -0.978586 -0.0908804
-0.437312 -0.982945 -0.129252
-0.387409 -0.986059 -0.0623179
-0.337872 -0.991951 -0.118386
-0.291614 -0.995811 -0.0832453
-0.25038 -1.00041 -0.11115
-0.201699 -1.00487 -0.0912451
-0.152962 -1.01122 -0.129602
-0.106029 -1.01679 -0.118043
-0.0565645 -1.02271 -0.119301
-0.00767596 -1.03039 -0.155786
0.0417379 -1.03803 -0.153239
0.0822603 -1.04293 -0.120352
0.13144 -1.04814 -0.10568
0.181336 -1.05125 -0.0622025
0.231165 -1.05362 -0.0475667
0.270851 -1.05535 -0.0434053
0.319563 -1.06019 -0.0990416
0.360867 -1.06389 -0.0893636
0.410176 -1.06886 -0.100594
0.459777 -1.07517 -0.126385
0.508848 -1.08106 -0.119475
0.55814 -1.08839 -0.147759
0.607534 -1.09603 -0.153299
0.651466 -1.1017 -0.128507
0.699578 -1.10784 -0.126895
0.746433 -1.11302 -0.110175
0.795594 -1.12003 -0.141628
0.844539 -1.12655 -0.132371
0.893904 -1.13274 -0.124702
0.940299 -1.13758 -0.104005
0.987675 -1.14518 -0.159032
1.03502 -1.15278 -0.15928
1.08442 -1.15977 -0.140406
1.13399 -1.16551 -0.115432
1.17912 -1.1698 -0.0947161
1.22552 -1.17451 -0.101136
1.27279 -1.17879 -0.09018
1.32243 -1.18271 -0.0789481
1.37217 -1.18548 -0.055671
1.41119 -1.1893 -0.0975088
1.46037 -1.19646 -0.14457
1.50215 -1.2016 -0.12243
1.55176 -1.20556 -0.079699
1.60035 -1.20942 -0.0791499
1.65024 -1.21251 -0.0619397
1.68865 -1.21546 -0.0766465
1.73813 -1.21761 -0.0433999
1.78495 -1.22065 -0.0649344
1.83129 -1.22572 -0.108836
1.88071 -1.2288 -0.0623126
1.92994 -1.23114 -0.04739
1.97831 -1.23477 -0.0748685
2.02802 -1.23652 -0.0352545
2.0777 -1.23981 -0.0660628
2.12702 -1.24192 -0.0427517
2.17236 -1.24578 -0.0849359
2.21799 -1.251 -0.113915
2.26249 -1.25597 -0.111327
2.31197 -1.26284 -0.137948
2.36104 -1.27108 -0.166462
2.40767 -1.27773 -0.141529
2.44019 -1.28169 -0.121293
2.48972 -1.28764 -0.119502
2.53883 -1.29167 -0.081818
2.58768 -1.29277 -0.02264
2.63351 -1.29366 -0.0193193
2.68261 -1.29553 -0.0380181
2.73233 -1.29651 -0.0198185
2.78075 -1.29809 -0.0326866
2.82408 -1.29987 -0.0408937
2.87173 -1.30129 -0.0298241
2.91199 -1.30398 -0.0667857
2.94337 -1.30599 -0.0640292
2.99089 -1.30858 -0.0544132
3.04057 -1.31369 -0.102389
3.08286 -1.31736 -0.086737
3.12947 -1.32273 -0.114635
3.17128 -1.32703 -0.102365
3.21426 -1.33419 -0.165206
3.26243 -1.34173 -0.15529
3.30618 -1.34905 -0.165828
3.334 -1.35313 -0.145552
3.38128 -1.35835 -0.10985
3.41932 -1.3633 -0.129475
3.4628 -1.3682 -0.112169
3.51073 -1.37438 -0.128172
3.5517 -1.37956 -0.125864
3.60011 -1.38318 -0.0745916
3.62416 -1.38443 -0.0520441
3.66465 -1.38598 -0.0383075
3.69704 -1.38589 0.00279618
3.73062 -1.38466 0.0365532
3.77654 -1.38145 0.0698077
3.81588 -1.37913 0.0589282
3.82946 -1.37873 0.0295841
3.86468 -1.3785 0.00651185
3.89781 -1.3784 0.00312016
3.94325 -1.37889 -0.0107916
3.96573 -1.37911 -0.00969404
3.97807 -1.37907 0.00275602
3.99181 -1.37886 0.0153847
3.99657 -1.37881 0.0100193
4.00608 -1.37847 0.0358048
4.01727 -1.37849 -0.00135339
4.03629 -1.37894 -0.0235917
4.05054 -1.37961 -0.0471371
4.07427 -1.37973 -0.00506123
4.1002 -1.3807 -0.037445
4.13876 -1.3827 -0.0518721
4.17259 -1.38572 -0.0890057
4.21914 -1.39036 -0.099394
4.25829 -1.39514 -0.121541
4.29548 -1.39903 -0.104204
4.32901 -1.40279 -0.111657
4.36192 -1.40571 -0.0885125
4.40475 -1.40833 -0.0610581
4.45172 -1.41008 -0.0371506
4.46587 -1.41077 -0.0486361
4.48091 -1.41102 -0.0170548
4.49701 -1.41053 0.0306806
4.50716 -1.40978 0.0732086
4.53158 -1.40792 0.0760651
4.56457 -1.40468 0.0980338
4.60052 -1.40318 0.0417865
4.63595 -1.40327 -0.00272028
4.66212 -1.40509 -0.0692677
4.68257 -1.4065 -0.0690602
4.69697 -1.40833 -0.126192
4.72177 -1.41147 -0.125965
4.75114 -1.41552 -0.1372
4.77717 -1.41795 -0.0929426
4.79811 -1.42043 -0.118033
4.81392 -1.42275 -0.145656
4.82596 -1.42469 -0.159929
4.84368 -1.42752 -0.158242
4.8613 -1.43007 -0.143354
4.87747 -1.43186 -0.110444
4.88516 -1.43261 -0.0974816
4.89859 -1.4332 -0.0438809
4.92546 -1.43333 -0.00476239
4.95485 -1.43377 -0.0151546
4.97059 -1.43442 -0.0410436
4.99386 -1.43501 -0.0254293
5.00532 -1.43521 -0.0169185
5.01849 -1.43454 0.0505087
5.02855 -1.43325 0.127418
5.03423 -1.43226 0.173777
5.0419 -1.43101 0.160397
5.06042 -1.42785 0.169415
5.07366 -1.42609 0.131613
5.08162 -1.42511 0.122285
5.10275 -1.42228 0.133328
5.11421 -1.42124 0.0906
5.13457 -1.41983 0.0693648
5.14356 -1.41927 0.0622311
5.15013 -1.41873 0.0810652
5.16548 -1.4172 0.0993331
5.1789 -1.4161 0.0815521
5.18494 -1.41558 0.0870297
5.19708 -1.41435 0.100689
5.2141 -1.41244 0.111617
5.22447 -1.41114 0.124982
True
0.0665147
