-5.48157 1.27103 -0.00646642
-5.43164 1.27323 0.0441034
-5.38234 1.27435 0.0225699
-5.33503 1.27453 0.00399221
-5.28537 1.27569 0.0233337
-5.24355 1.27707 0.0327965
-5.1949 1.27847 0.0289043
-5.14652 1.27829 -0.00382169
-5.09683 1.27768 -0.0122502
-5.04721 1.27384 -0.0772328
-4.99745 1.26903 -0.0963833
-4.94987 1.26521 -0.0799902
-4.90561 1.26163 -0.0808435
-4.85779 1.2577 -0.0818987
-4.80827 1.25148 -0.125093
-4.7598 1.24664 -0.0994558
-4.70982 1.24518 -0.0290816
-4.66003 1.24365 -0.0308672
-4.61394 1.24283 -0.0177831
-4.56763 1.24183 -0.0215134
-4.52158 1.24034 -0.0324196
-4.47269 1.23977 -0.011584
-4.42308 1.23911 -0.0133745
-4.37511 1.2407 0.0331653
-4.32595 1.24004 -0.0134419
-4.27715 1.24072 0.0139387
-4.23168 1.24125 0.0117953
-4.18998 1.24134 0.00208402
-4.14216 1.24314 0.0376528
-4.09535 1.2452 0.0439453
-4.04795 1.24788 0.056427
-4.01001 1.25111 0.0849476
-3.96209 1.25412 0.062658
-3.91926 1.25464 0.0122176
-3.86948 1.25642 0.0356792
-3.82033 1.25823 0.0368537
-3.77045 1.2605 0.0455206
-3.72495 1.26058 0.00173009
-3.68087 1.25992 -0.0149284
-3.6315 1.26135 0.0289838
-3.58322 1.26065 -0.0144668
-3.53638 1.26 -0.0140379
-3.48991 1.26012 0.00265609
-3.44139 1.26245 0.0480752
-3.39546 1.2655 0.0662327
-3.34864 1.26821 0.0578275
-3.29871 1.27085 0.0527768
-3.25168 1.27359 0.0581565
-3.21037 1.27586 0.0550118
-3.1607 1.27759 0.0348428
-3.11332 1.27839 0.016815
-3.06573 1.27868 0.00618667
-3.01997 1.27937 0.0149825
-2.97517 1.2811 0.0386726
-2.92642 1.28309 0.0407535
-2.87701 1.28288 -0.00434534
-2.83596 1.28228 -0.0144971
-2.7884 1.28053 -0.0368499
-2.73862 1.28226 0.0347979
-2.68888 1.28072 -0.0309748
-2.64575 1.27999 -0.0169641
-2.59646 1.27816 -0.036999
-2.54652 1.27672 -0.0288586
-2.50176 1.27526 -0.0327584
-2.45237 1.2761 0.0170486
-2.40375 1.27563 -0.00952703
-2.35419 1.27506 -0.0114978
-2.30422 1.27488 -0.00368133
-2.25775 1.27415 -0.0157223
-2.21413 1.27188 -0.052064
-2.16687 1.26988 -0.0422973
-2.11977 1.27061 0.0155434
-2.07379 1.27032 -0.00626161
-2.02379 1.27016 -0.00322602
-1.97404 1.26964 -0.0105472
-1.92755 1.26901 -0.013354
-1.87778 1.26952 0.0100768
-1.8331 1.27124 0.0384677
-1.78371 1.27197 0.0148079
-1.73397 1.27329 0.0265476
-1.70055 1.27254 -0.0224754
-1.65057 1.27147 -0.0214312
-1.60127 1.26942 -0.0415609
-1.55276 1.26885 -0.0116624
-1.5028 1.27019 0.0267455
-1.45407 1.26963 -0.0113808
-1.4066 1.26859 -0.0220049
-1.35853 1.26922 0.0131876
-1.30862 1.26799 -0.0245799
-1.26159 1.26704 -0.0203344
-1.21163 1.2654 -0.0326602
-1.1664 1.26264 -0.0611402
-1.11715 1.25947 -0.0642337
-1.06846 1.25473 -0.0969382
-1.02635 1.2525 -0.0528828
-0.977599 1.25 -0.0513244
-0.930595 1.25006 0.00133136
-0.884734 1.24923 -0.0181001
-0.836642 1.24917 -0.00136537
-0.791635 1.24946 0.00656849
-0.743727 1.24888 -0.0121085
-0.695144 1.24775 -0.0232661
-0.648451 1.24538 -0.0506914
-0.598892 1.24526 -0.00238645
-0.548928 1.24404 -0.0244446
-0.499185 1.24343 -0.0122993
-0.452054 1.24149 -0.0411622
-0.402243 1.24029 -0.0240936
-0.352246 1.24042 0.00266921
-0.308261 1.23939 -0.0234082
-0.263566 1.24018 0.0174958
-0.213674 1.23887 -0.0260692
-0.17136 1.23861 -0.00633452
-0.123479 1.23847 -0.00295172
-0.0819826 1.23838 -0.00205878
-0.03208 1.24097 0.0519483
0.0146931 1.24237 0.0298061
0.0562923 1.24386 0.0357292
0.0958274 1.24428 0.010825
0.145681 1.2441 -0.00362596
0.190405 1.24411 0.000119377
0.239464 1.24338 -0.0147777
0.28433 1.24471 0.0294905
0.334291 1.24357 -0.0227149
0.379935 1.24255 -0.0224755
0.423203 1.24166 -0.0205503
0.472781 1.24225 0.0119511
0.51787 1.24095 -0.0288451
0.553585 1.23934 -0.0450442
0.603583 1.23885 -0.0097207
0.653409 1.24084 0.0398966
0.703406 1.24036 -0.00955806
0.753207 1.24205 0.0338043
0.803172 1.2416 -0.00887695
0.84913 1.24216 0.0121074
0.898279 1.24079 -0.0279599
0.941972 1.23812 -0.060947
0.991836 1.23498 -0.0629523
1.03908 1.23036 -0.0973276
1.08827 1.22358 -0.137075
1.13771 1.21775 -0.117419
1.17698 1.21192 -0.14731
1.22666 1.20665 -0.105704
1.276 1.20201 -0.09371
1.32139 1.19662 -0.118182
1.36874 1.18957 -0.147871
1.41862 1.18615 -0.0683452
1.46496 1.18356 -0.0559946
1.5111 1.18082 -0.0592873
1.56085 1.17793 -0.0578797
1.60405 1.17318 -0.109682
1.65261 1.16697 -0.127107
1.69203 1.1637 -0.0826919
1.73296 1.16044 -0.0796197
1.77848 1.15738 -0.067164
1.81944 1.15438 -0.0729859
1.85246 1.1509 -0.105192
1.90096 1.14787 -0.0622625
1.94941 1.14242 -0.11198
1.992 1.13757 -0.113497
2.04059 1.13376 -0.0782063
2.08833 1.12991 -0.0804747
2.13728 1.12347 -0.13078
2.18151 1.11889 -0.103179
2.22118 1.11546 -0.0862003
2.26625 1.11188 -0.0792852
2.30083 1.11103 -0.0245864
2.33791 1.11013 -0.0242181
2.38225 1.10827 -0.0419767
2.4288 1.10616 -0.0452668
2.46819 1.10433 -0.0465739
2.5121 1.10319 -0.0258204
2.56206 1.10214 -0.0210571
2.58956 1.10263 0.0176645
2.63179 1.10198 -0.0153112
2.68067 1.10246 0.00975826
2.71713 1.1039 0.0396398
2.7566 1.10471 0.0203192
2.80579 1.10674 0.041316
2.84957 1.10755 0.018507
2.89721 1.10743 -0.00243242
2.94612 1.10743 -8.57036e-05
2.994 1.10481 -0.0545534
3.04396 1.10391 -0.0180327
3.09392 1.10314 -0.0154079
3.14391 1.10365 0.0100591
3.19193 1.10464 0.0207554
3.24189 1.10634 0.0340261
3.28383 1.10759 0.0296164
3.32287 1.10839 0.0206266
3.37216 1.10959 0.0243729
3.40059 1.11144 0.0649588
3.44742 1.11355 0.0449189
3.49702 1.11153 -0.0406427
3.53826 1.10949 -0.0493352
3.58205 1.1076 -0.043336
3.62463 1.10637 -0.0288716
3.66334 1.10435 -0.0520272
3.69485 1.10113 -0.101812
3.71891 1.09812 -0.124523
3.75777 1.09333 -0.12271
3.78669 1.08846 -0.166794
3.80847 1.0851 -0.15297
3.84617 1.08043 -0.123178
3.88453 1.07435 -0.157258
3.91163 1.06909 -0.191497
3.94484 1.06372 -0.16057
3.97199 1.05995 -0.137846
3.99317 1.05798 -0.0927167
4.00866 1.05603 -0.12515
4.02249 1.05466 -0.0985448
4.04734 1.05339 -0.0510341
4.06757 1.05248 -0.0450409
4.09116 1.05198 -0.0212582
4.12331 1.05196 -0.000590615
4.14862 1.05288 0.0362367
4.18442 1.05536 0.0692325
4.22292 1.05808 0.0705338
4.25106 1.0594 0.0466315
4.28543 1.06155 0.0626256
4.31188 1.06236 0.0306118
4.34406 1.06367 0.040791
4.37447 1.06461 0.0307966
4.40987 1.0663 0.0476773
4.43807 1.06659 0.0102037
4.45141 1.06659 0.000423961
4.46416 1.06594 -0.0508619
4.47568 1.06559 -0.0304727
4.49939 1.06505 -0.0228183
4.51767 1.06471 -0.0188933
4.51742 1.0647 0.0395677
4.52865 1.06535 0.0585141
4.5375 1.06554 0.0214322
4.56344 1.06649 0.0364517
4.57565 1.06692 0.0350434
4.58692 1.06745 0.0467403
4.59899 1.06864 0.0985368
4.628 1.07053 0.0651931
4.64873 1.07042 -0.00523376
4.66109 1.07017 -0.0202554
4.67468 1.06998 -0.013989
4.69349 1.06894 -0.0552216
4.71347 1.06727 -0.0833532
4.72415 1.06632 -0.0893002
4.74234 1.06357 -0.149848
4.76251 1.05955 -0.196605
4.77724 1.05767 -0.127073
4.79993 1.05416 -0.153435
4.8197 1.05149 -0.134368
4.82493 1.05073 -0.144354
4.84786 1.04699 -0.161676
4.87103 1.04275 -0.180884
4.88635 1.03985 -0.186963
4.90457 1.03685 -0.163622
4.92106 1.0343 -0.153211
4.93685 1.03218 -0.133542
4.94436 1.03145 -0.0961981
4.95336 1.03056 -0.0986399
4.96842 1.02872 -0.121776
4.99195 1.02596 -0.116807
5.01181 1.02351 -0.12283
5.03418 1.02106 -0.1091
5.04731 1.01963 -0.108017
5.05743 1.01881 -0.0816025
5.06811 1.01776 -0.0975294
5.08478 1.01634 -0.0848065
5.09045 1.01587 -0.0827229
5.10462 1.01533 -0.0384622
5.12129 1.01568 0.0211887
5.12383 1.01578 0.0381055
5.12901 1.01583 0.0107919
5.14313 1.01559 -0.0175993
5.15273 1.0152 -0.0397279
5.16325 1.01485 -0.0337741
5.17602 1.01373 -0.0870535
5.1874 1.01217 -0.13666
5.20049 1.0102 -0.149115
True
0.0650887
