-5.47963 -0.330519 -0.0106459
-5.44868 -0.331641 -0.0362224
-5.39945 -0.331305 0.00683492
-5.34951 -0.332624 -0.0264046
-5.30019 -0.332496 0.00259297
-5.25044 -0.335187 -0.0540463
-5.2018 -0.336069 -0.0181243
-5.15533 -0.33693 -0.0185229
-5.10575 -0.335309 0.0326717
-5.06459 -0.334753 0.0135119
-5.01474 -0.333493 0.0252817
-4.96508 -0.333405 0.00176931
-4.91752 -0.332524 0.0185173
-4.87855 -0.331246 0.0327844
-4.83 -0.330537 0.0146016
-4.78876 -0.329966 0.0138338
-4.73884 -0.328469 0.0299798
-4.69011 -0.325934 0.0519761
-4.64266 -0.325766 0.00354535
-4.60026 -0.32698 -0.0286164
-4.553 -0.329177 -0.0464633
-4.50328 -0.332573 -0.0681933
-4.45394 -0.33613 -0.0719806
-4.41202 -0.338696 -0.061126
-4.36814 -0.340637 -0.0442015
-4.3342 -0.341461 -0.0242757
-4.28522 -0.345079 -0.0737462
-4.23553 -0.350343 -0.105545
-4.1858 -0.355393 -0.101173
-4.14119 -0.359286 -0.0870665
-4.0922 -0.363959 -0.0950942
-4.04245 -0.366515 -0.0513414
-3.99889 -0.368231 -0.0393744
-3.9521 -0.369788 -0.0332539
-3.90256 -0.369317 0.00949684
-3.85703 -0.369497 -0.00395436
-3.80975 -0.370172 -0.0142769
-3.76555 -0.369271 0.020396
-3.71576 -0.365901 0.0675862
-3.67557 -0.36414 0.0437827
-3.63137 -0.362301 0.0415848
-3.58159 -0.359833 0.0495351
-3.53844 -0.357151 0.0620797
-3.49593 -0.355518 0.0383909
-3.44818 -0.353458 0.0431223
-3.39825 -0.350811 0.0529527
-3.35025 -0.348015 0.0581917
-3.30049 -0.343451 0.0914743
-3.25338 -0.339838 0.0765385
-3.20385 -0.334136 0.114629
-3.15427 -0.329156 0.100096
-3.10532 -0.322136 0.142452
-3.061 -0.314933 0.161093
-3.01618 -0.308559 0.141257
-2.97187 -0.301573 0.1564
-2.92259 -0.293756 0.157297
-2.87811 -0.285846 0.176007
-2.83665 -0.277914 0.189003
-2.79259 -0.269917 0.179594
-2.74598 -0.260863 0.191831
-2.70189 -0.253423 0.167148
-2.65256 -0.245238 0.164449
-2.60343 -0.235984 0.186156
-2.55671 -0.226974 0.190524
-2.50743 -0.218581 0.168681
-2.45802 -0.211257 0.147162
-2.4117 -0.204442 0.146087
-2.36623 -0.196259 0.178068
-2.32107 -0.188581 0.16842
-2.27627 -0.18146 0.157607
-2.22981 -0.173513 0.169427
-2.18849 -0.167399 0.146907
-2.13885 -0.161449 0.119291
-2.09417 -0.155288 0.137028
-2.05058 -0.148926 0.144915
-2.00191 -0.144062 0.0996089
-1.95495 -0.140175 0.082579
-1.90558 -0.136865 0.0669489
-1.85792 -0.133155 0.0776913
-1.81367 -0.130619 0.0572547
-1.76979 -0.127188 0.078039
-1.72089 -0.125784 0.0286831
-1.67844 -0.121694 0.0960499
-1.63007 -0.118053 0.075138
-1.58072 -0.116475 0.0319779
-1.53212 -0.116197 0.0057113
-1.48385 -0.116288 -0.00187703
-1.44687 -0.116774 -0.0131422
-1.3996 -0.117604 -0.0175694
-1.35304 -0.118439 -0.0179329
-1.30304 -0.117651 0.0157588
-1.25524 -0.116626 0.0214465
-1.20547 -0.114011 0.0525
-1.15552 -0.113035 0.0195367
-1.10565 -0.110443 0.0519276
-1.05626 -0.104363 0.122485
-1.00661 -0.0992653 0.102305
-0.957507 -0.0955975 0.0745592
-0.91847 -0.0931845 0.0617337
-0.876886 -0.0893611 0.0916858
-0.832145 -0.0846555 0.104791
-0.787465 -0.0802888 0.0974234
-0.742266 -0.0790803 0.0267302
-0.694094 -0.0791297 -0.00102544
-0.64416 -0.0807717 -0.0328725
-0.594314 -0.0844807 -0.074271
-0.5446 -0.0881458 -0.0735902
-0.494742 -0.0905617 -0.0484197
-0.44482 -0.0933496 -0.0557866
-0.398186 -0.0958606 -0.0537934
-0.356782 -0.0972447 -0.0334149
-0.309934 -0.0981216 -0.0187168
-0.269063 -0.099309 -0.0290447
-0.224091 -0.101868 -0.0568504
-0.18592 -0.103968 -0.0549471
-0.136747 -0.10716 -0.0648232
-0.0906403 -0.110441 -0.0710411
-0.0408753 -0.113272 -0.0568237
0.00482996 -0.118662 -0.117391
0.0538655 -0.121934 -0.066623
0.102175 -0.12343 -0.0309616
0.152111 -0.123389 0.000819813
0.186976 -0.126089 -0.0772958
0.231568 -0.129757 -0.0820575
0.278302 -0.131749 -0.0425969
0.327071 -0.134053 -0.0472166
0.376655 -0.13817 -0.082839
0.426163 -0.144123 -0.119673
0.471433 -0.144966 -0.0186247
0.521204 -0.149164 -0.084139
0.570968 -0.153985 -0.0965687
0.61736 -0.158016 -0.086675
0.664776 -0.161587 -0.0751761
0.71308 -0.167354 -0.118831
0.762878 -0.171812 -0.0892735
0.803299 -0.174401 -0.0639811
0.85242 -0.177638 -0.0658052
0.888749 -0.180608 -0.0815583
0.935118 -0.184273 -0.0788746
0.984028 -0.1884 -0.0841838
1.0335 -0.193264 -0.0979884
1.08288 -0.198237 -0.100385
1.13206 -0.204371 -0.124097
1.18136 -0.207925 -0.0719506
1.22794 -0.210513 -0.0554909
1.27582 -0.216944 -0.133527
1.31303 -0.220757 -0.102119
1.35882 -0.223807 -0.0665246
1.40769 -0.227185 -0.0689974
1.45671 -0.23236 -0.105187
1.50322 -0.236429 -0.0872571
1.55148 -0.238485 -0.0425852
1.60134 -0.239159 -0.0135212
1.63987 -0.237571 0.0411974
1.6832 -0.236799 0.0178218
1.73318 -0.237036 -0.0047602
1.78229 -0.238674 -0.033332
1.82145 -0.238315 0.00917486
1.86663 -0.239845 -0.0338565
1.91644 -0.242484 -0.052934
1.96622 -0.245059 -0.0516762
2.01586 -0.246646 -0.0319628
2.06513 -0.247339 -0.0140718
2.10826 -0.246997 0.00792794
2.15825 -0.246165 0.0166477
2.20394 -0.246016 0.00326718
2.25326 -0.247967 -0.0395353
2.30063 -0.250276 -0.0487197
2.34503 -0.250775 -0.0112381
2.3943 -0.250924 -0.00300679
2.44418 -0.249609 0.0263621
2.49232 -0.247032 0.0534665
2.54225 -0.244744 0.0457849
2.59081 -0.241784 0.0608829
2.64073 -0.239799 0.0397357
2.67012 -0.238662 0.0386937
2.72011 -0.239224 -0.0112423
2.76987 -0.238592 0.0126973
2.80662 -0.241026 -0.0661541
2.85012 -0.24378 -0.0632072
2.90006 -0.245268 -0.0297913
2.94925 -0.247156 -0.0383517
2.98806 -0.248809 -0.0425759
3.03674 -0.249657 -0.0174202
3.08545 -0.249879 -0.00456699
3.12247 -0.250693 -0.0219842
3.17085 -0.251664 -0.0200648
3.21979 -0.250827 0.0171005
3.26974 -0.249471 0.0271441
3.31955 -0.246895 0.0516703
3.36916 -0.245905 0.0199593
3.41282 -0.244847 0.0242182
3.45061 -0.244871 -0.000627458
3.48987 -0.244734 0.00349909
3.5307 -0.245462 -0.0178341
3.57115 -0.245759 -0.00733653
3.61512 -0.246674 -0.0208186
3.66441 -0.247448 -0.0156915
3.70839 -0.249513 -0.0469133
3.7474 -0.251306 -0.0459367
3.79405 -0.252087 -0.0167398
3.84402 -0.25192 0.0033397
3.876 -0.251471 0.0140292
3.92043 -0.252915 -0.0324782
3.96568 -0.255406 -0.0549914
4.00455 -0.257913 -0.0644108
4.03933 -0.260247 -0.0670212
4.08772 -0.263933 -0.0760134
4.12166 -0.266948 -0.088601
4.15477 -0.270265 -0.0998729
4.19668 -0.272819 -0.0608667
4.22579 -0.275331 -0.0860846
4.24904 -0.277638 -0.0989229
4.27538 -0.280556 -0.110307
4.2934 -0.282349 -0.0991454
4.31122 -0.28382 -0.0823819
4.34092 -0.286435 -0.0878316
4.34275 -0.286656 -0.120224
4.35082 -0.287808 -0.141645
4.36105 -0.289915 -0.203276
4.3752 -0.291478 -0.10997
4.39142 -0.293594 -0.129756
4.39613 -0.294028 -0.0919711
4.42657 -0.296549 -0.0826046
4.43995 -0.29714 -0.0441948
4.46119 -0.297625 -0.0228156
4.46796 -0.297718 -0.0136982
4.47223 -0.297934 -0.0506977
4.49195 -0.299633 -0.0859116
4.50206 -0.300218 -0.0578097
4.5171 -0.301991 -0.117313
4.54424 -0.304801 -0.103196
4.57838 -0.310379 -0.161941
4.59783 -0.313773 -0.17272
4.62574 -0.318512 -0.168219
4.64328 -0.321126 -0.147987
4.65941 -0.323846 -0.167034
4.67691 -0.326668 -0.159842
4.69579 -0.329903 -0.169686
4.73265 -0.336153 -0.167981
4.74571 -0.338043 -0.143639
4.76576 -0.341022 -0.147522
4.78959 -0.34434 -0.138335
4.80961 -0.346715 -0.118071
4.8325 -0.349008 -0.099857
4.84935 -0.350751 -0.10305
4.85816 -0.351925 -0.132526
4.87686 -0.354604 -0.142297
4.88667 -0.35594 -0.135387
4.90576 -0.357833 -0.0988351
4.91773 -0.358946 -0.0926863
4.93053 -0.35958 -0.0494843
4.94937 -0.359936 -0.0189008
4.97375 -0.35954 0.0162133
4.99413 -0.359872 -0.0162596
5.01706 -0.360469 -0.026053
5.05267 -0.361119 -0.0182351
5.0841 -0.362951 -0.058222
5.10963 -0.365717 -0.107946
5.12488 -0.367527 -0.118124
5.1435 -0.370056 -0.135039
5.15169 -0.371488 -0.172898
5.16353 -0.373941 -0.204303
5.16112 -0.373392 -0.223603
5.17337 -0.376549 -0.252173
5.1803 -0.378586 -0.285897
5.1859 -0.380086 -0.261696
5.2034 -0.385151 -0.281659
True
0.0672933
