-5.47105 1.29858 -0.193036
-5.42152 1.29198 -0.132363
-5.378 1.28407 -0.179896
-5.3292 1.27436 -0.196451
-5.28042 1.26592 -0.171201
-5.23269 1.25519 -0.221123
-5.1841 1.24652 -0.176684
-5.1364 1.23716 -0.193786
-5.08802 1.22637 -0.219363
-5.04096 1.21556 -0.22587
-4.99855 1.20687 -0.201977
-4.95171 1.19385 -0.27127
-4.90411 1.18103 -0.262935
-4.85833 1.16805 -0.276279
-4.81101 1.15638 -0.241764
-4.76588 1.14636 -0.218676
-4.71879 1.13609 -0.214735
-4.67075 1.12463 -0.234144
-4.62568 1.1149 -0.212475
-4.57761 1.10531 -0.196918
-4.5331 1.09761 -0.171422
-4.48371 1.09057 -0.141485
-4.43909 1.08444 -0.136608
-4.39457 1.07781 -0.147815
-4.3505 1.07281 -0.113067
-4.30157 1.06789 -0.100061
-4.25482 1.06171 -0.13152
-4.20669 1.05685 -0.100561
-4.16349 1.05468 -0.0502648
-4.11889 1.05175 -0.0655944
-4.07492 1.04789 -0.0876793
-4.02562 1.04077 -0.143374
-3.98162 1.03426 -0.14691
-3.93954 1.02891 -0.126315
-3.89031 1.02057 -0.167935
-3.84127 1.01157 -0.181523
-3.80221 1.00438 -0.181993
-3.76285 0.999071 -0.134035
-3.71502 0.99164 -0.154149
-3.67245 0.983142 -0.197015
-3.62948 0.974856 -0.190499
-3.58524 0.965637 -0.205449
-3.53786 0.955874 -0.203211
-3.49757 0.947594 -0.202673
-3.45144 0.938 -0.205083
-3.40272 0.928877 -0.185097
-3.35357 0.919936 -0.179968
-3.30457 0.910844 -0.183456
-3.26317 0.903078 -0.18544
-3.21418 0.895632 -0.15083
-3.16993 0.887318 -0.185692
-3.1214 0.87836 -0.182551
-3.07191 0.872915 -0.109577
-3.03335 0.866618 -0.161889
-2.98564 0.859656 -0.144888
-2.9484 0.855887 -0.100866
-2.90134 0.850296 -0.118245
-2.85507 0.845561 -0.101982
-2.80557 0.83995 -0.112884
-2.76595 0.834961 -0.125257
-2.71673 0.828953 -0.121457
-2.66748 0.82391 -0.102041
-2.61793 0.817441 -0.12982
-2.56843 0.812644 -0.0965972
-2.51874 0.807621 -0.100749
-2.47008 0.801029 -0.134648
-2.42036 0.796558 -0.0896936
-2.37074 0.790392 -0.123642
-2.32453 0.782126 -0.176976
-2.28362 0.777475 -0.113218
-2.2343 0.769708 -0.156202
-2.18492 0.762237 -0.150163
-2.13847 0.755588 -0.142149
-2.0946 0.749553 -0.136731
-2.05186 0.743422 -0.142467
-2.00954 0.7381 -0.125086
-1.96036 0.729148 -0.180076
-1.91192 0.722642 -0.1335
-1.86236 0.716011 -0.133027
-1.8156 0.711443 -0.097364
-1.76649 0.70468 -0.136843
-1.71953 0.698882 -0.122848
-1.66995 0.692436 -0.129285
-1.62675 0.68559 -0.157201
-1.5774 0.678635 -0.140013
-1.53157 0.672003 -0.143699
-1.48529 0.663125 -0.18952
-1.43915 0.656562 -0.141279
-1.39089 0.649145 -0.15251
-1.34674 0.643095 -0.136175
-1.29815 0.640838 -0.0464321
-1.25226 0.637599 -0.0704564
-1.20682 0.634465 -0.0688573
-1.16426 0.631913 -0.0598908
-1.12084 0.628061 -0.0884893
-1.07627 0.62297 -0.113735
-1.03179 0.616284 -0.149184
-0.983616 0.611344 -0.102184
-0.94159 0.606263 -0.120334
-0.892343 0.597668 -0.172782
-0.851029 0.589832 -0.187451
-0.811639 0.582229 -0.190659
-0.762896 0.572971 -0.187697
-0.725667 0.565629 -0.194711
-0.685406 0.557318 -0.203581
-0.64075 0.547051 -0.22598
-0.591932 0.536375 -0.215299
-0.545152 0.527236 -0.19294
-0.500477 0.519828 -0.164326
-0.453533 0.511393 -0.177785
-0.409383 0.502737 -0.193607
-0.366774 0.49433 -0.19479
-0.317843 0.485438 -0.179773
-0.275889 0.476706 -0.205208
-0.238603 0.469854 -0.181719
-0.19148 0.461149 -0.182674
-0.147639 0.450807 -0.231672
-0.0993085 0.439478 -0.230249
-0.0513971 0.428129 -0.232596
-0.00593535 0.418273 -0.213474
0.0379919 0.408003 -0.22968
0.0867081 0.396794 -0.226152
0.127872 0.388873 -0.190098
0.176306 0.376554 -0.249076
0.225001 0.365218 -0.228709
0.267007 0.355024 -0.238071
0.309719 0.344676 -0.237707
0.354927 0.334464 -0.222157
0.394859 0.326148 -0.205318
0.440614 0.317277 -0.191512
0.485858 0.310462 -0.149506
0.535047 0.302904 -0.152447
0.58437 0.294839 -0.16208
0.633631 0.286531 -0.167084
0.682321 0.279203 -0.149385
0.73104 0.270255 -0.181646
0.775824 0.261408 -0.195034
0.81399 0.253276 -0.209931
0.844483 0.247314 -0.193073
0.893614 0.238412 -0.179246
0.942024 0.231132 -0.149262
0.988529 0.224559 -0.140419
1.03569 0.217578 -0.146941
1.08379 0.211305 -0.129699
1.13103 0.205133 -0.129907
1.17927 0.197957 -0.147698
1.22249 0.190319 -0.174871
1.26584 0.183982 -0.145186
1.31111 0.176063 -0.17315
1.35511 0.168447 -0.171412
1.39439 0.16166 -0.171104
1.44318 0.153855 -0.158631
1.48087 0.149495 -0.115152
1.53037 0.144166 -0.107242
1.56893 0.139273 -0.126218
1.61654 0.131601 -0.159752
1.66242 0.125056 -0.141738
1.71154 0.115891 -0.184424
1.75992 0.108767 -0.146233
1.80528 0.103065 -0.12504
1.85487 0.0983431 -0.094935
1.9036 0.094368 -0.0813901
1.95327 0.0927431 -0.0326962
1.99811 0.0893462 -0.075616
2.04782 0.0846104 -0.0949879
2.09739 0.0822963 -0.0466451
2.14463 0.0800959 -0.0465502
2.17653 0.0778977 -0.0688094
2.22535 0.0758829 -0.0412402
2.26617 0.0733765 -0.0613304
2.30497 0.0703667 -0.0774163
2.35475 0.0660734 -0.0860374
2.4041 0.0625861 -0.0705391
2.45361 0.0602377 -0.0473956
2.50345 0.0563981 -0.0768933
2.52973 0.0530071 -0.128315
2.57538 0.0480607 -0.107943
2.61732 0.0429748 -0.120678
2.66575 0.0384282 -0.0936027
2.71224 0.0330784 -0.114557
2.75953 0.030342 -0.0578068
2.79673 0.0277177 -0.0704292
2.83985 0.0262491 -0.0340431
2.88966 0.02192 -0.086698
2.93523 0.0192469 -0.0585852
2.98 0.0174405 -0.0403322
3.02784 0.015192 -0.0469659
3.0774 0.0141127 -0.0217738
3.12709 0.0114839 -0.0528498
3.17515 0.0064409 -0.104549
3.22387 0.000239485 -0.126615
3.26408 -0.00601816 -0.154361
3.30864 -0.0120269 -0.134052
3.35715 -0.0211694 -0.186288
3.40218 -0.0296775 -0.18675
3.44486 -0.0365457 -0.159545
3.47685 -0.0416382 -0.157846
3.52007 -0.0482868 -0.152649
3.56908 -0.0552922 -0.141976
3.60364 -0.0619277 -0.189664
3.64717 -0.0702688 -0.189345
3.68078 -0.0763957 -0.180322
3.71235 -0.0816129 -0.163771
3.73302 -0.083929 -0.111584
3.76733 -0.0881858 -0.123421
3.80081 -0.091329 -0.0936167
3.83289 -0.0943752 -0.0946843
3.86374 -0.0978758 -0.112984
3.90906 -0.101959 -0.0898685
3.94067 -0.103982 -0.0639034
3.95811 -0.105019 -0.0593611
3.97697 -0.105528 -0.026969
4.00873 -0.107258 -0.0544366
4.03982 -0.110106 -0.0913198
4.06867 -0.113083 -0.10284
4.10229 -0.116692 -0.106944
4.13041 -0.118944 -0.0799292
4.14932 -0.119732 -0.0416133
4.17509 -0.121171 -0.0557869
4.1995 -0.122381 -0.0495521
4.2313 -0.123691 -0.0411653
4.26244 -0.126265 -0.0824717
4.28909 -0.129092 -0.105674
4.31538 -0.132051 -0.112057
4.33253 -0.133964 -0.111123
4.35789 -0.136524 -0.100621
4.38417 -0.139117 -0.0983069
4.42716 -0.142593 -0.080696
4.45485 -0.144722 -0.0767162
4.46867 -0.145739 -0.0735276
4.49528 -0.146926 -0.0445709
4.51381 -0.147564 -0.0343947
4.52993 -0.147941 -0.0233762
4.54375 -0.148197 -0.018574
4.55819 -0.148414 -0.0150052
4.56339 -0.14871 -0.0569102
4.58651 -0.149568 -0.0371024
4.6069 -0.150457 -0.0435532
4.62527 -0.151541 -0.058928
4.63489 -0.151304 0.0246281
4.65743 -0.150314 0.043905
4.67901 -0.149226 0.0503662
4.69887 -0.14831 0.0460847
4.70755 -0.148197 0.0130042
4.71735 -0.147427 0.0784259
4.73509 -0.145497 0.10838
4.76059 -0.142882 0.102189
4.79296 -0.139796 0.0950615
4.81996 -0.137028 0.102125
4.84973 -0.135232 0.0602668
4.86568 -0.13389 0.08394
4.87919 -0.132769 0.082819
4.90184 -0.13064 0.0937033
4.92976 -0.127466 0.113185
4.94523 -0.125643 0.117314
4.95642 -0.124293 0.120072
4.96898 -0.122416 0.148393
4.9876 -0.12056 0.0993283
5.00172 -0.119199 0.0961008
5.02207 -0.116411 0.136101
5.02288 -0.11632 0.113726
5.02912 -0.115581 0.11789
5.04262 -0.113859 0.126847
5.07527 -0.109454 0.13411
5.08991 -0.107115 0.158353
5.09379 -0.106376 0.188249
5.0986 -0.105437 0.192856
5.1038 -0.104295 0.216281
5.12637 -0.0995926 0.205414
5.15637 -0.0939354 0.186367
5.1728 -0.0910634 0.173097
5.19332 -0.0875185 0.171002
5.19984 -0.0861335 0.209405
5.20663 -0.0846241 0.218624
True
0.0701279
