-5.47272 -1.73171 0.221802
-5.4389 -1.72375 0.230955
-5.38984 -1.71442 0.18799
-5.34133 -1.70575 0.176842
-5.30229 -1.69853 0.182821
-5.25427 -1.69166 0.14226
-5.2046 -1.68592 0.115096
-5.15594 -1.68083 0.104185
-5.10919 -1.67457 0.133023
-5.06539 -1.669 0.126572
-5.01594 -1.66183 0.144006
-4.96785 -1.65578 0.12505
-4.91849 -1.64794 0.157472
-4.8699 -1.63623 0.23652
-4.82149 -1.62702 0.188117
-4.78197 -1.61943 0.189779
-4.73276 -1.6106 0.17735
-4.68385 -1.60183 0.177468
-4.64305 -1.59591 0.144197
-4.59463 -1.58716 0.178771
-4.54593 -1.57751 0.195569
-4.50171 -1.56843 0.202563
-4.46372 -1.56146 0.1814
-4.4215 -1.55173 0.226613
-4.37426 -1.54063 0.230762
-4.32773 -1.53042 0.216025
-4.28114 -1.51929 0.234513
-4.23352 -1.50698 0.252871
-4.18816 -1.49545 0.249013
-4.14034 -1.48117 0.290044
-4.09669 -1.46729 0.307968
-4.06197 -1.45671 0.295801
-4.02096 -1.444 0.300408
-3.97889 -1.4312 0.295386
-3.95192 -1.42217 0.322992
-3.90577 -1.40398 0.375591
-3.87396 -1.39035 0.404748
-3.83708 -1.37283 0.443547
-3.79305 -1.35029 0.473036
-3.74953 -1.32656 0.499275
-3.70713 -1.30258 0.514645
-3.66519 -1.27995 0.494785
-3.62345 -1.25661 0.509978
-3.57949 -1.23301 0.492637
-3.53587 -1.20857 0.510709
-3.49868 -1.18719 0.521783
-3.45528 -1.16273 0.513333
-3.41088 -1.14006 0.472021
-3.36631 -1.11791 0.461299
-3.33101 -1.10179 0.428329
-3.29314 -1.08254 0.470216
-3.2504 -1.05662 0.545197
-3.21199 -1.03313 0.548825
-3.17073 -1.00855 0.537298
-3.13339 -0.985852 0.546162
-3.09698 -0.961993 0.580003
-3.06178 -0.940681 0.544524
-3.01954 -0.913936 0.564385
-2.98965 -0.892089 0.631158
-2.94802 -0.865024 0.5765
-2.90743 -0.83919 0.566851
-2.87355 -0.816722 0.585471
-2.8322 -0.78863 0.596743
-2.79918 -0.765842 0.604184
-2.75816 -0.737506 0.604423
-2.72101 -0.713005 0.583074
-2.67906 -0.686041 0.571301
-2.63903 -0.66275 0.526984
-2.60265 -0.640311 0.55263
-2.56649 -0.617028 0.572053
-2.52401 -0.590656 0.555587
-2.48803 -0.568195 0.558063
-2.44647 -0.540768 0.583394
-2.41032 -0.515396 0.611865
-2.36921 -0.486944 0.605436
-2.33141 -0.460065 0.618141
-2.29009 -0.431995 0.596678
-2.2485 -0.40427 0.587983
-2.20826 -0.380036 0.542033
-2.16466 -0.357132 0.483716
-2.11952 -0.33565 0.444161
-2.07548 -0.312384 0.486102
-2.03383 -0.291447 0.465738
-2.00097 -0.275317 0.4563
-1.95632 -0.254824 0.430293
-1.91328 -0.234481 0.441578
-1.8715 -0.214539 0.445336
-1.82856 -0.195957 0.408392
-1.78696 -0.178537 0.396553
-1.74747 -0.161347 0.410556
-1.70247 -0.142511 0.396427
-1.65573 -0.12594 0.340742
-1.61094 -0.110714 0.327643
-1.563 -0.0966111 0.286127
-1.51593 -0.0798659 0.341784
-1.46921 -0.06626 0.283376
-1.42309 -0.0540549 0.258687
-1.37724 -0.0423662 0.249664
-1.33642 -0.0329264 0.227241
-1.30299 -0.025707 0.212659
-1.25732 -0.0160438 0.20855
-1.21006 -0.00658542 0.197489
-1.16095 0.00203524 0.173772
-1.11201 0.0108098 0.177411
-1.06257 0.0179804 0.14403
-1.01336 0.0248765 0.139228
-0.963696 0.0304534 0.111833
-0.919192 0.0350413 0.102724
-0.877986 0.0384242 0.0819165
-0.829492 0.0423634 0.0810518
-0.782849 0.0459158 0.0760155
-0.737204 0.0498466 0.0859031
-0.692523 0.0530147 0.0707865
-0.642727 0.0574939 0.0897108
-0.600448 0.0610899 0.0848495
-0.550575 0.0644493 0.0672568
-0.502632 0.0668436 0.0498994
-0.453385 0.0676911 0.0172072
-0.405332 0.0682849 0.0123576
-0.35631 0.0689618 0.0138063
-0.309453 0.0712508 0.0488112
-0.259808 0.075479 0.0849647
-0.214472 0.0791068 0.0798505
-0.175469 0.0810404 0.0495347
-0.128552 0.082467 0.0303973
-0.0859826 0.0832567 0.0185489
-0.0516509 0.084176 0.0267716
-0.0016724 0.0856436 0.0293556
0.0483195 0.0848466 -0.0159404
0.0953671 0.0832908 -0.0330574
0.145083 0.0821476 -0.0229904
0.18675 0.0811616 -0.0236612
0.230789 0.07988 -0.029093
0.279684 0.0808195 0.0192133
0.326889 0.0827104 0.0400355
0.368049 0.0837455 0.0251434
0.41055 0.0858624 0.0497667
0.460494 0.088213 0.0470304
0.50869 0.0911049 0.0599303
0.554614 0.0947013 0.0781534
0.60355 0.0988869 0.0853256
0.652143 0.105775 0.140817
0.692157 0.10912 0.083399
0.735541 0.112887 0.0866162
0.784252 0.114865 0.0405851
0.833235 0.117498 0.0537033
0.879969 0.119873 0.0507649
0.913786 0.12219 0.0684132
0.958409 0.125417 0.0721895
1.00836 0.126815 0.0279802
1.04581 0.128614 0.0479877
1.09363 0.131385 0.0578837
1.13667 0.134326 0.0682379
1.17086 0.136428 0.0613843
1.20031 0.138957 0.0856679
1.2482 0.143169 0.0877485
1.298 0.146305 0.0628824
1.34573 0.151503 0.108472
1.39502 0.155936 0.0896842
1.44296 0.160103 0.0867067
1.4924 0.164598 0.0906648
1.54038 0.168627 0.0837895
1.57277 0.171516 0.0889373
1.6221 0.176753 0.105793
1.67186 0.181604 0.097167
1.71993 0.18479 0.066183
1.76907 0.188944 0.0843364
1.80776 0.193717 0.122744
1.85161 0.199608 0.133555
1.89417 0.206457 0.159541
1.94369 0.212866 0.128712
1.99035 0.22023 0.15653
2.03721 0.230165 0.208921
2.08344 0.240225 0.214254
2.11778 0.248503 0.236548
2.16625 0.260763 0.247743
2.21366 0.2721 0.234719
2.26036 0.281975 0.208402
2.30425 0.292057 0.225774
2.34678 0.301653 0.22193
2.38403 0.309299 0.202431
2.43311 0.318593 0.187152
2.48209 0.328651 0.202555
2.51854 0.337122 0.228334
2.56684 0.349283 0.24663
2.61484 0.360772 0.234943
2.66213 0.372618 0.245442
2.71012 0.384705 0.246729
2.75838 0.395965 0.229236
2.80631 0.407464 0.235456
2.85037 0.420299 0.283472
2.89689 0.432718 0.260854
2.94481 0.445885 0.268178
2.99266 0.45684 0.225036
3.03838 0.466973 0.218144
3.08741 0.476319 0.188356
3.13342 0.488149 0.25167
3.16376 0.498245 0.321226
3.20171 0.512499 0.359252
3.24629 0.528184 0.338336
3.29252 0.545157 0.351886
3.31998 0.553665 0.300426
3.36769 0.566321 0.2593
3.41309 0.579413 0.280755
3.45891 0.592055 0.269186
3.50208 0.604154 0.273271
3.54346 0.617492 0.311796
3.57646 0.629997 0.362175
3.61821 0.6452 0.34929
3.66044 0.659896 0.334831
3.70245 0.675549 0.356658
3.7452 0.691569 0.358594
3.78189 0.705817 0.370432
3.81832 0.719381 0.356386
3.85967 0.734659 0.353958
3.90049 0.749001 0.337821
3.94059 0.764538 0.369659
3.984 0.781083 0.364166
4.02628 0.795045 0.318906
4.06809 0.808248 0.305925
4.08611 0.813651 0.291311
4.09701 0.817264 0.319906
4.11043 0.821797 0.325857
4.11295 0.822794 0.376876
4.11932 0.825228 0.364691
4.12863 0.828844 0.370613
4.14162 0.833274 0.328516
4.14991 0.836258 0.345887
4.16789 0.842874 0.35249
4.18373 0.847708 0.296173
4.20525 0.854835 0.319858
4.21448 0.857877 0.31847
4.23542 0.864773 0.318071
4.24489 0.868371 0.36309
4.26549 0.876714 0.384884
4.27782 0.881446 0.366261
4.29333 0.886965 0.342009
4.32668 0.89665 0.282629
4.34442 0.902298 0.308223
4.36552 0.909198 0.316077
4.37715 0.91304 0.318856
4.39923 0.920729 0.335179
4.42039 0.926445 0.263828
4.43602 0.930822 0.27309
4.4519 0.935399 0.280508
4.47235 0.940397 0.239648
4.4988 0.946026 0.209736
4.51317 0.948825 0.192394
4.53789 0.953056 0.169531
4.56296 0.957161 0.162268
4.57878 0.959302 0.134531
4.60418 0.963104 0.148556
4.62867 0.966747 0.147711
4.66276 0.972889 0.178266
4.70661 0.982101 0.207031
4.74063 0.990659 0.24647
4.7728 0.999528 0.269048
4.7951 1.00505 0.242726
4.84032 1.0158 0.23347
4.85653 1.01977 0.239656
4.87565 1.02462 0.248692
4.88696 1.02673 0.184451
4.90812 1.02963 0.13627
4.94121 1.03523 0.167689
4.9748 1.03956 0.128053
4.98879 1.04126 0.121417
5.00727 1.04347 0.118667
5.04847 1.04784 0.105653
5.06805 1.04904 0.0613498
5.09117 1.05171 0.114774
5.10276 1.05299 0.110529
5.12004 1.05506 0.119312
5.1262 1.05594 0.141836
5.1304 1.05674 0.187209
5.13667 1.0581 0.212947
5.14868 1.06088 0.227573
5.15477 1.06221 0.215481
5.16268 1.0638 0.198889
5.16401 1.06406 0.190926
5.17059 1.06524 0.178077
5.18374 1.06715 0.144163
5.19001 1.06818 0.161485
5.20147 1.07033 0.185903
5.2072 1.07139 0.182533
5.21289 1.07256 0.202818
5.21858 1.07369 0.196423
5.22314 1.07478 0.235243
5.23765 1.0788 0.269896
True
0.0675304
