-5.47766 -0.828599 0.161986
-5.47182 -0.827726 0.148533
-5.46408 -0.826382 0.171904
-5.43162 -0.821718 0.142679
-5.38855 -0.816621 0.117826
-5.34568 -0.812498 0.0958494
-5.30169 -0.806964 0.125161
-5.2583 -0.802051 0.112737
-5.21712 -0.797176 0.117866
-5.16765 -0.790031 0.143445
-5.12024 -0.783427 0.138391
-5.07609 -0.775598 0.17552
-5.02705 -0.767038 0.172774
-4.98252 -0.757186 0.217765
-4.93316 -0.750238 0.13984
-4.88563 -0.740393 0.204236
-4.83727 -0.73028 0.206167
-4.80294 -0.722844 0.213317
-4.76225 -0.715357 0.181968
-4.71437 -0.707066 0.17145
-4.6727 -0.697584 0.223737
-4.63052 -0.688694 0.207735
-4.58264 -0.677497 0.229704
-4.54254 -0.668822 0.213064
-4.4964 -0.659356 0.20236
-4.448 -0.651649 0.157915
-4.40418 -0.642034 0.215971
-4.35629 -0.631546 0.215598
-4.30733 -0.623327 0.166324
-4.26686 -0.618436 0.120278
-4.22813 -0.613635 0.123314
-4.18095 -0.60528 0.175297
-4.13182 -0.596201 0.182718
-4.08744 -0.58716 0.200979
-4.04009 -0.577675 0.197716
-4.00338 -0.572066 0.151567
-3.95396 -0.564499 0.151961
-3.92609 -0.560193 0.15329
-3.87678 -0.553097 0.142912
-3.82927 -0.544131 0.186536
-3.78088 -0.53282 0.229647
-3.73505 -0.521491 0.242311
-3.68898 -0.510978 0.224368
-3.6403 -0.502407 0.17427
-3.59076 -0.495695 0.134667
-3.54119 -0.489397 0.12637
-3.49223 -0.482472 0.140516
-3.44422 -0.475967 0.134661
-3.39445 -0.471278 0.0939524
-3.35314 -0.466985 0.103547
-3.3036 -0.463583 0.0685566
-3.26196 -0.459144 0.106212
-3.21574 -0.454274 0.104981
-3.1732 -0.44909 0.121257
-3.12386 -0.44373 0.108206
-3.0786 -0.439726 0.0882618
-3.03149 -0.434592 0.108539
-2.99903 -0.430524 0.12467
-2.94963 -0.42284 0.154304
-2.90578 -0.417312 0.125407
-2.85662 -0.411788 0.111903
-2.81045 -0.404813 0.149921
-2.76114 -0.397866 0.139952
-2.71533 -0.390006 0.169961
-2.66644 -0.382348 0.155374
-2.61898 -0.37392 0.175739
-2.5697 -0.365676 0.165755
-2.52337 -0.357672 0.171053
-2.47458 -0.350239 0.151178
-2.42658 -0.34505 0.107689
-2.37702 -0.338995 0.121582
-2.32993 -0.332525 0.136547
-2.28451 -0.32596 0.143527
-2.23528 -0.318159 0.157163
-2.18865 -0.31006 0.171977
-2.15888 -0.30484 0.173587
-2.11523 -0.296742 0.183419
-2.07004 -0.288223 0.186323
-2.02466 -0.280326 0.172302
-1.97566 -0.270627 0.195428
-1.93395 -0.262409 0.194517
-1.88828 -0.254186 0.178175
-1.84089 -0.244249 0.206667
-1.79221 -0.236116 0.165523
-1.74363 -0.226809 0.189336
-1.69488 -0.215906 0.220004
-1.64618 -0.204781 0.224553
-1.59793 -0.195254 0.194946
-1.55216 -0.185633 0.207203
-1.51356 -0.174881 0.271711
-1.46556 -0.161534 0.271178
-1.41864 -0.149745 0.246145
-1.36967 -0.140194 0.19262
-1.32153 -0.131077 0.1872
-1.27805 -0.124977 0.13937
-1.23666 -0.119588 0.129481
-1.1937 -0.114946 0.107639
-1.14403 -0.109977 0.099706
-1.1003 -0.10348 0.147483
-1.05164 -0.0975156 0.12198
-1.00739 -0.0895334 0.178461
-0.95806 -0.0814537 0.162341
-0.908465 -0.075193 0.125572
-0.862124 -0.0665046 0.185335
-0.81297 -0.0593009 0.145519
-0.766256 -0.0532091 0.129672
-0.721634 -0.0470434 0.137309
-0.671936 -0.0416106 0.108883
-0.63102 -0.0358763 0.13924
-0.590572 -0.0308265 0.124205
-0.541211 -0.0235057 0.147238
-0.492484 -0.017401 0.124634
-0.445469 -0.00928502 0.170942
-0.401775 -0.003291 0.136329
-0.356749 0.00399761 0.160483
-0.308634 0.0114955 0.15459
-0.261107 0.0180819 0.137705
-0.215901 0.025095 0.153911
-0.166653 0.0309314 0.117957
-0.117839 0.0393477 0.170739
-0.0819046 0.0448925 0.153097
-0.0495839 0.0513742 0.197917
-0.000235451 0.0593846 0.16092
0.0492817 0.0659148 0.131121
0.0967625 0.07143 0.115639
0.145116 0.0779926 0.134896
0.190064 0.0848574 0.151557
0.239022 0.0940834 0.186263
0.284666 0.106453 0.264644
0.332869 0.11698 0.215012
0.36625 0.125791 0.25807
0.412407 0.137257 0.243478
0.458773 0.14772 0.221955
0.491126 0.155657 0.240552
0.54014 0.16501 0.188561
0.587453 0.177232 0.252805
0.635951 0.186047 0.179785
0.684966 0.195425 0.18905
0.730481 0.202399 0.152043
0.779455 0.211071 0.175255
0.825539 0.219481 0.180505
0.871372 0.228641 0.19726
0.912484 0.236534 0.189688
0.956315 0.244225 0.173698
1.00345 0.251401 0.151066
1.05128 0.258498 0.14731
1.09718 0.266051 0.163101
1.14304 0.275729 0.207994
1.19201 0.285688 0.200624
1.23988 0.294285 0.177698
1.28899 0.302134 0.158482
1.33823 0.310826 0.174748
1.38636 0.323182 0.251293
1.42978 0.332515 0.211704
1.47413 0.341832 0.207058
1.52332 0.350612 0.176627
1.56474 0.359749 0.21714
1.61351 0.370521 0.217381
1.66102 0.380161 0.200181
1.7042 0.390429 0.233444
1.75194 0.400837 0.214649
1.79941 0.410346 0.197709
1.84395 0.418459 0.180187
1.89162 0.427888 0.195264
1.93955 0.438643 0.220754
1.98853 0.448025 0.189238
2.03522 0.458101 0.212583
2.08381 0.469045 0.221521
2.13228 0.481075 0.243265
2.17919 0.490741 0.203223
2.22286 0.500406 0.217778
2.26991 0.511817 0.237977
2.30907 0.521227 0.23579
2.35741 0.533878 0.255965
2.4062 0.544155 0.207622
2.45419 0.554041 0.203162
2.50218 0.564596 0.216476
2.54721 0.574091 0.207827
2.59516 0.58269 0.177435
2.64402 0.591438 0.177184
2.68808 0.600667 0.206459
2.73553 0.610374 0.201779
2.78151 0.619116 0.187874
2.81805 0.626429 0.197561
2.86549 0.634863 0.175954
2.91488 0.642178 0.147017
2.96382 0.649316 0.14484
3.00805 0.656373 0.158208
3.05507 0.664002 0.160858
3.10064 0.671971 0.173112
3.14531 0.680523 0.189162
3.18902 0.688197 0.173783
3.22811 0.697024 0.222096
3.27575 0.707067 0.207794
3.32435 0.718479 0.230621
3.36399 0.728373 0.244622
3.4036 0.737877 0.235435
3.43651 0.745322 0.222525
3.47197 0.753992 0.23977
3.49936 0.762182 0.290569
3.51938 0.767753 0.271428
3.55643 0.780036 0.320092
3.60251 0.795044 0.314837
3.63378 0.805647 0.32701
3.67011 0.81982 0.371954
3.70395 0.833902 0.394253
3.72862 0.84363 0.375721
3.76211 0.856506 0.367004
3.78242 0.865328 0.409733
3.79976 0.872678 0.400978
3.80586 0.875093 0.377137
3.81219 0.877755 0.39808
3.83899 0.890466 0.442842
3.86114 0.901321 0.455651
3.8868 0.913296 0.436684
3.90296 0.920743 0.431673
3.91604 0.925574 0.353909
3.92594 0.92916 0.347575
3.93392 0.931915 0.332195
3.95958 0.941264 0.34947
3.99973 0.953861 0.303968
4.02774 0.961899 0.279497
4.07351 0.973002 0.238009
4.1163 0.980435 0.172002
4.16105 0.989014 0.18938
4.19735 0.995251 0.170142
4.24524 1.00489 0.198624
4.28181 1.01294 0.216759
4.30748 1.01891 0.228184
4.3327 1.02413 0.204163
4.35103 1.02873 0.246128
4.37026 1.03334 0.235122
4.39716 1.0407 0.267305
4.42404 1.0481 0.268439
4.44682 1.05401 0.253967
4.48142 1.06505 0.308816
4.50266 1.07182 0.308637
4.51298 1.075 0.298754
4.54108 1.08343 0.291623
4.54967 1.08641 0.332871
4.56558 1.0914 0.304061
4.57637 1.09418 0.252773
4.58516 1.09624 0.230207
4.60263 1.10022 0.223773
4.61259 1.1018 0.157708
4.62323 1.10351 0.158969
4.63272 1.10518 0.173904
4.64328 1.10724 0.193411
4.6523 1.10875 0.165543
4.65546 1.10917 0.130595
4.66264 1.11 0.115252
4.6886 1.11246 0.0945394
4.71099 1.11476 0.102317
4.72562 1.11639 0.111299
4.74899 1.11883 0.103949
4.76569 1.12061 0.106291
4.78361 1.12206 0.0807061
4.80691 1.12451 0.104778
4.82131 1.12612 0.111447
4.83752 1.1275 0.0848302
4.86303 1.13024 0.106954
4.89331 1.1335 0.107146
4.91031 1.13513 0.0957383
4.91784 1.13599 0.113347
4.92714 1.13715 0.123863
4.94225 1.13954 0.156866
4.94756 1.14016 0.1161
4.97001 1.14229 0.0949588
4.99417 1.14402 0.0711725
5.00719 1.14499 0.0744257
5.01835 1.14641 0.126654
5.02674 1.14728 0.103259
5.03325 1.14817 0.135631
5.06034 1.15219 0.147511
5.08742 1.1561 0.143207
5.09806 1.15749 0.130265
5.11159 1.15916 0.123115
5.12786 1.16118 0.123296
5.13205 1.16163 0.107827
5.14732 1.16418 0.165015
5.16869 1.16859 0.203675
5.18116 1.17146 0.226325
5.19254 1.17332 0.161649
5.19347 1.17344 0.125942
5.20026 1.17413 0.101367
5.20926 1.17504 0.101452
True
0.265192
