-5.46937 -1.73364 0.112098
-5.42218 -1.72998 0.0773446
-5.37782 -1.72441 0.124941
-5.33543 -1.71823 0.144785
-5.28625 -1.71029 0.160047
-5.24628 -1.70488 0.134524
-5.20571 -1.69864 0.152589
-5.15655 -1.69104 0.15351
-5.10794 -1.67991 0.224946
-5.05936 -1.66836 0.233379
-5.01181 -1.65847 0.205183
-4.96687 -1.65009 0.184359
-4.91803 -1.63937 0.215982
-4.86874 -1.63152 0.158116
-4.82125 -1.62368 0.163531
-4.77794 -1.61816 0.126829
-4.72974 -1.61143 0.138681
-4.68698 -1.60352 0.182846
-4.6391 -1.59763 0.122332
-4.59207 -1.59233 0.112244
-4.55257 -1.5888 0.0893055
-4.50326 -1.58229 0.131082
-4.4631 -1.57698 0.131491
-4.4138 -1.5695 0.150751
-4.3642 -1.56366 0.117212
-4.32373 -1.55959 0.100098
-4.27395 -1.55495 0.0929038
-4.22704 -1.55024 0.100182
-4.1773 -1.54524 0.100092
-4.1281 -1.53713 0.163404
-4.09487 -1.53463 0.0751244
-4.06336 -1.53121 0.107994
-4.02476 -1.52908 0.0552388
-3.97752 -1.52425 0.101882
-3.93363 -1.5206 0.0829931
-3.8878 -1.51683 0.0819381
-3.84726 -1.5144 0.0600683
-3.80817 -1.51198 0.0617239
-3.76245 -1.50905 0.0640707
-3.71724 -1.50795 0.0241925
-3.6779 -1.50616 0.0454391
-3.63592 -1.50227 0.092563
-3.58599 -1.49959 0.053536
-3.53639 -1.49711 0.0499895
-3.49081 -1.49511 0.0438311
-3.44922 -1.4933 0.0436157
-3.40221 -1.49294 0.00761019
-3.35454 -1.49248 0.00952173
-3.30471 -1.49404 -0.031179
-3.25838 -1.49477 -0.0158199
-3.20838 -1.49453 0.004799
-3.15851 -1.49601 -0.02972
-3.11398 -1.49758 -0.035068
-3.06633 -1.50019 -0.0548618
-3.01658 -1.50057 -0.00750883
-2.96664 -1.50151 -0.0189554
-2.92502 -1.5015 0.000328848
-2.87575 -1.5011 0.00806442
-2.82711 -1.49919 0.0392049
-2.77723 -1.49691 0.0457348
-2.72875 -1.49514 0.0365877
-2.67878 -1.49518 -0.000834353
-2.63288 -1.49455 0.01367
-2.58288 -1.49424 0.00627851
-2.54036 -1.49399 0.00580609
-2.49038 -1.495 -0.0201138
-2.44675 -1.49593 -0.0213184
-2.39961 -1.49592 0.000198875
-2.34992 -1.49354 0.0477223
-2.31065 -1.49227 0.032316
-2.26674 -1.49097 0.029695
-2.21853 -1.4881 0.059498
-2.16911 -1.48255 0.111884
-2.11964 -1.47924 0.0667391
-2.06998 -1.47568 0.0714674
-2.02128 -1.47333 0.048371
-1.97824 -1.47201 0.0306754
-1.93426 -1.46781 0.0950807
-1.88445 -1.46539 0.048616
-1.8368 -1.46269 0.0565425
-1.78859 -1.46084 0.0383104
-1.7389 -1.4604 0.00901073
-1.68973 -1.45916 0.0250426
-1.64709 -1.45928 -0.00267373
-1.60216 -1.46039 -0.0246751
-1.55302 -1.46145 -0.0216459
-1.5139 -1.46153 -0.00203998
-1.46747 -1.45986 0.0360126
-1.42408 -1.45644 0.0786049
-1.37528 -1.45392 0.0515399
-1.32842 -1.45137 0.0544293
-1.28849 -1.44834 0.0757056
-1.24283 -1.44508 0.0713643
-1.19384 -1.44125 0.077996
-1.14962 -1.43787 0.0761492
-1.10595 -1.43658 0.0296782
-1.05703 -1.43328 0.0672868
-1.014 -1.43115 0.0494592
-0.969571 -1.42948 0.0376725
-0.920989 -1.4261 0.0693397
-0.871313 -1.42107 0.100894
-0.826616 -1.41749 0.0799474
-0.777049 -1.41102 0.129857
-0.728691 -1.40492 0.125441
-0.695022 -1.40035 0.134933
-0.646178 -1.39437 0.121726
-0.598207 -1.38854 0.121085
-0.548473 -1.38366 0.0977762
-0.511518 -1.3796 0.109534
-0.464701 -1.37435 0.11152
-0.427709 -1.3696 0.127683
-0.37794 -1.36483 0.0957053
-0.328734 -1.35929 0.111947
-0.287635 -1.35335 0.143616
-0.239614 -1.34622 0.147331
-0.194918 -1.34051 0.127043
-0.146688 -1.33646 0.0839279
-0.106755 -1.33385 0.0653128
-0.0570281 -1.33219 0.0331868
-0.0070404 -1.33144 0.0150629
0.0405484 -1.33196 -0.0109063
0.0903544 -1.33353 -0.0315196
0.132918 -1.33309 0.0103666
0.175845 -1.33203 0.0245962
0.224285 -1.33056 0.0305087
0.268514 -1.32928 0.0288837
0.309984 -1.32714 0.0515839
0.358574 -1.32583 0.0269781
0.404317 -1.32036 0.118869
0.452031 -1.31297 0.153781
0.501201 -1.30602 0.140406
0.550976 -1.3014 0.0924031
0.599992 -1.29504 0.129077
0.649032 -1.29184 0.0652656
0.696398 -1.28815 0.0775989
0.746078 -1.28591 0.0450459
0.793835 -1.28142 0.0937982
0.838204 -1.27752 0.0877077
0.8865 -1.27445 0.0634558
0.93525 -1.27173 0.0557556
0.98298 -1.26962 0.0440909
1.02992 -1.26842 0.0255998
1.07215 -1.26787 0.0131891
1.11634 -1.26739 0.0108099
1.16609 -1.26708 0.00616168
1.21476 -1.2676 -0.0107407
1.25899 -1.26783 -0.00505892
1.30832 -1.26881 -0.0198061
1.35727 -1.26976 -0.0195858
1.40698 -1.27001 -0.00496536
1.45693 -1.2688 0.0242619
1.49814 -1.26904 -0.00574433
1.54496 -1.27022 -0.0253767
1.59 -1.27342 -0.0708588
1.63888 -1.27654 -0.0637717
1.6824 -1.27749 -0.0217548
1.73236 -1.27618 0.0262532
1.78066 -1.27526 0.0190609
1.81791 -1.2742 0.0284423
1.8577 -1.27052 0.0921274
1.90435 -1.26859 0.0413909
1.94883 -1.26624 0.0527091
1.99288 -1.26454 0.0386213
2.02852 -1.26445 0.00261343
2.05976 -1.26398 0.0150743
2.1023 -1.26061 0.0788462
2.15216 -1.25687 0.0750144
2.20108 -1.25019 0.135588
2.2508 -1.2449 0.106093
2.29955 -1.2382 0.136585
2.3449 -1.23356 0.101988
2.38916 -1.22636 0.161148
2.42537 -1.22126 0.139948
2.47454 -1.21424 0.141805
2.51261 -1.20971 0.11837
2.56158 -1.20185 0.159249
2.60247 -1.19615 0.138458
2.65162 -1.18844 0.155547
2.70039 -1.18081 0.155346
2.74121 -1.17445 0.154515
2.79057 -1.16912 0.107576
2.83684 -1.16318 0.12767
2.88497 -1.15537 0.16085
2.93231 -1.14701 0.174745
2.98001 -1.13874 0.17171
3.02701 -1.12969 0.190264
3.0703 -1.12281 0.157503
3.11612 -1.11712 0.123575
3.15336 -1.11227 0.129547
3.19086 -1.107 0.139507
3.22631 -1.10206 0.138569
3.26073 -1.09761 0.128649
3.30546 -1.09154 0.134906
3.34487 -1.08492 0.166259
3.37963 -1.07946 0.15593
3.41623 -1.07481 0.126236
3.46236 -1.0706 0.091152
3.50167 -1.06777 0.071673
3.54314 -1.06146 0.150991
3.58317 -1.05546 0.148971
3.61569 -1.04959 0.178353
3.65761 -1.04287 0.159159
3.68844 -1.0384 0.143875
3.72406 -1.03243 0.165991
3.75997 -1.02753 0.135631
3.79969 -1.02188 0.141221
3.83791 -1.01645 0.141336
3.8791 -1.00996 0.156078
3.91592 -1.00534 0.124888
3.93984 -1.00236 0.124186
3.95035 -1.00136 0.0941475
3.98798 -0.996922 0.117482
4.01719 -0.992144 0.162134
4.05699 -0.985248 0.171565
4.0826 -0.979739 0.211927
4.11332 -0.972336 0.236484
4.14736 -0.96519 0.206936
4.18008 -0.95803 0.215431
4.21561 -0.949999 0.22229
4.25357 -0.943347 0.17346
4.29994 -0.935988 0.157384
4.33192 -0.931403 0.142384
4.35544 -0.927311 0.172263
4.39388 -0.919139 0.209482
4.43216 -0.910638 0.218531
4.46572 -0.903007 0.223566
4.49394 -0.89682 0.215901
4.51121 -0.892493 0.245453
4.52307 -0.889232 0.268267
4.53932 -0.884468 0.285213
4.56324 -0.87885 0.230663
4.59507 -0.871722 0.220325
4.61877 -0.866528 0.215672
4.64233 -0.861252 0.22033
4.67193 -0.855315 0.197957
4.69967 -0.849969 0.190385
4.72906 -0.843343 0.221754
4.7694 -0.834929 0.205629
4.79244 -0.829375 0.23656
4.80458 -0.826981 0.19464
4.816 -0.825205 0.154248
4.82459 -0.823999 0.139506
4.84614 -0.820901 0.142838
4.85315 -0.819813 0.153825
4.86597 -0.817656 0.166742
4.88296 -0.815398 0.13211
4.89359 -0.814028 0.128237
4.90319 -0.813188 0.0872261
4.91694 -0.811845 0.0973404
4.92758 -0.810654 0.111505
4.93894 -0.809008 0.143875
4.95588 -0.806369 0.154579
4.97137 -0.804093 0.145803
4.98703 -0.801752 0.148407
5.00854 -0.800472 0.0594266
5.03552 -0.800551 -0.00290915
5.04897 -0.800533 0.00134142
5.05374 -0.800657 -0.0261458
5.05288 -0.800636 -0.0244785
5.05476 -0.800706 -0.0368852
5.06752 -0.801329 -0.048777
5.0698 -0.801358 -0.0130278
5.07057 -0.801329 0.0385575
5.08403 -0.800733 0.0442735
5.09124 -0.800162 0.0789237
5.10388 -0.799409 0.0595263
5.11077 -0.799601 -0.0278343
5.11226 -0.799687 -0.0575707
5.11183 -0.799677 -0.0239145
5.1239 -0.799905 -0.0189208
5.1296 -0.799947 -0.00737266
5.14267 -0.799789 0.012071
5.14658 -0.799688 0.0260086
5.1575 -0.799694 -0.000582149
5.16863 -0.799378 0.0283576
5.16775 -0.799421 0.0487378
5.17128 -0.799171 0.0706494
5.1713 -0.799168 0.120322
5.17765 -0.798473 0.109079
5.19557 -0.796734 0.0967644
5.20053 -0.796245 0.0982028
5.21049 -0.795035 0.120887
True
0.242787
