4.46572 -0.0100744 -2.85576
4.44272 -0.0181491 -2.804
4.41038 -0.0324698 -2.72473
4.37065 -0.052416 -2.67624
4.32672 -0.0749135 -2.66829
4.2881 -0.100888 -2.54954
4.24903 -0.128975 -2.51837
4.22278 -0.150735 -2.44945
4.18835 -0.186049 -2.34349
4.15968 -0.218719 -2.2911
4.13898 -0.249233 -2.16678
4.11065 -0.290421 -2.17326
4.09108 -0.321824 -2.12821
4.06771 -0.363966 -2.07714
4.04364 -0.407597 -2.07484
4.02493 -0.448779 -1.99732
4.00426 -0.491741 -2.01919
3.98541 -0.531084 -2.01755
3.97222 -0.557843 -2.02876
3.95219 -0.601549 -2.00051
3.94141 -0.622534 -2.04555
3.92725 -0.648527 -2.0695
3.9046 -0.691687 -2.05411
3.88631 -0.728686 -2.02986
3.87888 -0.743503 -2.03558
3.86495 -0.771946 -2.02621
3.84269 -0.81669 -2.03252
3.82648 -0.849704 -2.02728
3.80672 -0.894089 -1.9896
3.78969 -0.929498 -2.01909
3.7682 -0.974643 -2.01509
3.74477 -1.0188 -2.05871
3.73171 -1.04458 -2.0394
3.71096 -1.08884 -2.00925
3.6898 -1.13297 -2.01785
3.67232 -1.17309 -1.98166
3.65415 -1.2161 -1.97058
3.64479 -1.24058 -1.93598
3.62941 -1.28727 -1.88903
3.61089 -1.33371 -1.95022
3.59248 -1.37635 -1.97853
3.57299 -1.42239 -1.97113
3.55613 -1.45942 -1.99819
3.54161 -1.49417 -1.96637
3.53456 -1.51047 -1.97935
3.51771 -1.54563 -2.01762
3.49926 -1.58393 -2.01977
3.48491 -1.62031 -1.94666
3.46869 -1.65887 -1.96886
3.45037 -1.70202 -1.9723
3.4316 -1.74449 -1.98695
3.40851 -1.78876 -2.05158
3.38724 -1.82804 -2.06692
3.36538 -1.87052 -2.04603
3.34222 -1.91467 -2.05395
3.31741 -1.95683 -2.10274
3.29237 -1.99904 -2.10622
3.27348 -2.02954 -2.12538
3.24734 -2.07154 -2.12743
3.22347 -2.11501 -2.07299
3.20321 -2.15136 -2.07937
3.17991 -2.18551 -2.16939
3.15413 -2.22049 -2.20599
3.1273 -2.26145 -2.15067
3.10098 -2.3014 -2.15328
3.07456 -2.33938 -2.17863
3.05467 -2.36698 -2.19527
3.02606 -2.40791 -2.18089
2.99891 -2.44322 -2.22633
2.97305 -2.4742 -2.26633
2.95128 -2.50018 -2.26833
2.91806 -2.53591 -2.31977
2.88852 -2.56761 -2.32085
2.85514 -2.60456 -2.30557
2.82258 -2.64248 -2.28026
2.79961 -2.66814 -2.30091
2.76602 -2.70453 -2.31619
2.73543 -2.73657 -2.33307
2.70657 -2.76862 -2.30389
2.68181 -2.79521 -2.32063
2.64835 -2.83002 -2.33646
2.62587 -2.85339 -2.33656
2.59738 -2.88465 -2.30992
2.56547 -2.91457 -2.38826
2.5412 -2.93489 -2.44475
2.50582 -2.96777 -2.39279
2.47634 -2.99514 -2.39323
2.44045 -3.02465 -2.45351
2.42061 -3.04017 -2.4777
2.40106 -3.05441 -2.51214
2.37056 -3.07648 -2.51526
2.34502 -3.09307 -2.56532
2.30517 -3.11939 -2.55788
2.26506 -3.14895 -2.50653
2.22999 -3.17281 -2.5442
2.18839 -3.20055 -2.55342
2.14592 -3.22668 -2.59009
2.11928 -3.24518 -2.53446
2.07754 -3.2727 -2.55878
2.04079 -3.29758 -2.54644
2.00234 -3.32151 -2.58498
1.96571 -3.34345 -2.60182
1.92349 -3.36652 -2.64146
1.87978 -3.3908 -2.63464
1.83587 -3.4147 -2.64314
1.79462 -3.43872 -2.61422
1.75508 -3.46112 -2.62615
1.72326 -3.47742 -2.66829
1.69881 -3.48911 -2.69557
1.65274 -3.50852 -2.74289
1.62223 -3.52272 -2.70589
1.57685 -3.54372 -2.70819
1.54172 -3.56057 -2.69433
1.49798 -3.57921 -2.73876
1.45918 -3.59589 -2.73567
1.42443 -3.61037 -2.74679
1.37915 -3.62782 -2.77361
1.33338 -3.64757 -2.73435
1.30273 -3.66034 -2.74689
1.27072 -3.67023 -2.84185
1.22716 -3.68372 -2.84127
1.19174 -3.69457 -2.84429
1.14954 -3.70726 -2.84949
1.11014 -3.71815 -2.87199
1.06146 -3.72957 -2.91118
1.01287 -3.74126 -2.90543
0.970009 -3.75172 -2.90229
0.92169 -3.76099 -2.95209
0.878143 -3.76789 -2.98434
0.829669 -3.7774 -2.94796
0.784295 -3.78399 -2.99738
0.740469 -3.79071 -2.98943
0.691242 -3.79893 -2.97615
0.644828 -3.80739 -2.96127
0.599723 -3.8141 -2.99392
0.554911 -3.82292 -2.94715
0.507784 -3.82932 -3.00656
0.458283 -3.83393 -3.04872
0.420422 -3.83788 -3.03779
0.371337 -3.8437 -3.02358
0.322162 -3.85079 -2.9983
0.272293 -3.85384 -3.08063
0.222305 -3.85433 -3.13177
0.172665 -3.85341 -3.16009
0.12474 -3.85261 3.12496
0.0837273 -3.85118 3.10673
0.0411472 -3.84883 3.08638
-0.00663973 -3.84766 3.11711
-0.0495216 -3.84787 3.14649
-0.0903476 -3.84853 -3.12532
-0.129567 -3.84919 -3.12483
-0.17881 -3.85003 -3.12445
-0.228343 -3.84959 -3.15053
-0.269423 -3.8503 3.1589
-0.316859 -3.849 -3.16906
-0.364165 -3.84829 3.12665
-0.413986 -3.84633 3.1023
-0.447643 -3.84385 3.06782
-0.493984 -3.8397 3.05227
-0.539696 -3.83762 3.09622
-0.586203 -3.83548 3.09563
-0.624498 -3.83417 3.10735
-0.67443 -3.83227 3.10363
-0.718686 -3.83158 3.12596
-0.768275 -3.83031 3.11594
-0.81817 -3.82729 3.08114
-0.867533 -3.82333 3.06158
-0.901284 -3.81962 3.03205
-0.950442 -3.81051 2.95844
-0.999737 -3.80227 2.97592
-1.04719 -3.79416 2.97221
-1.09571 -3.78207 2.89753
-1.14025 -3.76742 2.82383
-1.18719 -3.75072 2.79963
-1.2323 -3.73479 2.80221
-1.27569 -3.72064 2.8263
-1.31909 -3.7061 2.81832
-1.36694 -3.69167 2.84879
-1.41335 -3.67343 2.76701
-1.45775 -3.65472 2.74293
-1.50076 -3.63444 2.70102
-1.54259 -3.61557 2.7177
-1.58768 -3.59495 2.71267
-1.63307 -3.57488 2.72534
-1.67634 -3.55596 2.72946
-1.71334 -3.53976 2.72884
-1.759 -3.51951 2.72408
-1.8036 -3.49887 2.70818
-1.8495 -3.47911 2.73501
-1.88889 -3.46106 2.71203
-1.93461 -3.44108 2.72959
-1.97579 -3.42314 2.73075
-2.0041 -3.4099 2.70415
-2.04535 -3.38824 2.65799
-2.08815 -3.36632 2.6683
-2.13169 -3.34372 2.66292
-2.17492 -3.31886 2.61964
-2.21324 -3.29524 2.58913
-2.25457 -3.26997 2.59287
-2.29762 -3.24483 2.61297
-2.33847 -3.21827 2.56517
-2.38069 -3.1915 2.57639
-2.42087 -3.165 2.55855
-2.46211 -3.13675 2.54108
-2.49777 -3.11063 2.50935
-2.53529 -3.08214 2.49212
-2.57754 -3.0556 2.58087
-2.6114 -3.03432 2.58034
-2.65167 -3.00857 2.57283
-2.6914 -2.98235 2.55814
-2.73187 -2.95457 2.54006
-2.76698 -2.92984 2.52804
-2.80363 -2.90388 2.52521
-2.83068 -2.88557 2.54657
-2.86432 -2.86146 2.51967
-2.90522 -2.83394 2.54935
-2.94295 -2.80842 2.54689
-2.97802 -2.78552 2.56315
-3.01048 -2.76216 2.51771
-3.04206 -2.73865 2.50184
-3.06354 -2.72267 2.50194
-3.10128 -2.69438 2.49825
-3.12484 -2.6782 2.53981
-3.14505 -2.66372 2.51983
-3.1785 -2.63866 2.49872
-3.19632 -2.62488 2.48345
-3.21479 -2.61027 2.47235
-3.24746 -2.58531 2.48903
-3.27932 -2.55625 2.40226
-3.29839 -2.53879 2.3999
-3.32175 -2.51807 2.41604
-3.34447 -2.4994 2.4539
-3.38289 -2.47061 2.49861
-3.41522 -2.44668 2.50427
-3.4445 -2.42623 2.53194
-3.46931 -2.40829 2.51546
-3.48514 -2.39639 2.49735
-3.50727 -2.37966 2.49416
-3.52895 -2.36298 2.48577
-3.5375 -2.35578 2.44135
-3.54878 -2.34569 2.41188
-3.56522 -2.33036 2.39144
-3.57941 -2.31671 2.37549
-3.59989 -2.29472 2.32055
-3.61583 -2.27807 2.33446
-3.62831 -2.26545 2.35031
-3.64619 -2.24871 2.38932
-3.65932 -2.23821 2.46732
-3.67988 -2.22201 2.47388
-3.69376 -2.2111 2.47588
-3.70767 -2.20011 2.47266
-3.71223 -2.19639 2.45759
-3.71569 -2.19364 2.47118
-3.72992 -2.1818 2.44738
-3.74323 -2.17085 2.45286
-3.75071 -2.16449 2.43729
-3.75599 -2.15985 2.42121
-3.76286 -2.15263 2.3308
-3.77447 -2.13976 2.30473
-3.78593 -2.12646 2.28222
-3.79062 -2.12134 2.31287
-3.80339 -2.10811 2.33834
-3.8123 -2.09938 2.36609
-3.82712 -2.08651 2.42682
-3.85405 -2.06557 2.48063
-3.88662 -2.04488 2.57567
-3.92021 -2.02494 2.60586
-3.95813 -2.00205 2.59842
-3.97527 -1.9909 2.56501
-3.99917 -1.97502 2.55492
-4.01548 -1.96485 2.58423
-4.02173 -1.96166 2.66969
-4.03054 -1.95755 2.70551
-4.04515 -1.95093 2.71622
-4.05239 -1.94757 2.70694
-4.06313 -1.94302 2.74069
-4.07876 -1.93604 2.72136
-4.09836 -1.92654 2.69053
-4.10212 -1.92479 2.70452
-4.11254 -1.92014 2.7222
-4.11919 -1.91719 2.72355
-4.13064 -1.91202 2.71775
-4.1402 -1.90784 2.7291
-4.15463 -1.90242 2.78245
-4.16086 -1.90038 2.82458
-4.17167 -1.89743 2.87531
-4.18072 -1.89518 2.89835
-4.18544 -1.89427 2.95
-4.20282 -1.89191 3.00709
-4.20954 -1.89128 3.04778
-4.22356 -1.89014 3.06069
-4.22814 -1.88975 3.05521
-4.24173 -1.88885 3.07529
True
0.0668239
