4.47747 0.010039 2.72243
4.43891 0.032836 2.60761
4.41831 0.048073 2.5049
4.38128 0.0776495 2.46756
4.34966 0.1054 2.42127
4.32001 0.134724 2.36182
4.28726 0.170994 2.30526
4.25471 0.206649 2.31067
4.22281 0.245142 2.26272
4.19752 0.2764 2.25105
4.1678 0.316475 2.20899
4.13883 0.354112 2.2268
4.10963 0.393667 2.20662
4.08001 0.433945 2.20495
4.05686 0.468246 2.16445
4.03061 0.507051 2.16547
4.00269 0.548526 2.16339
3.97941 0.586435 2.12147
3.95574 0.625869 2.11136
3.9394 0.655286 2.07786
3.91745 0.699203 2.03435
3.89725 0.744926 1.98672
3.87726 0.790738 1.98233
3.86046 0.837397 1.91641
3.84491 0.884916 1.88702
3.83219 0.917109 1.94698
3.81172 0.962703 1.99292
3.79441 1.0058 1.9526
3.77586 1.05207 1.95211
3.75765 1.09863 1.94374
3.73781 1.14392 1.98363
3.72004 1.19066 1.93418
3.70223 1.23684 1.93879
3.68679 1.27761 1.93284
3.67341 1.3123 1.9389
3.65442 1.35806 1.96414
3.63853 1.3978 1.9513
3.61734 1.44306 2.0085
3.59831 1.48372 2.00863
3.57622 1.52857 2.02848
3.55601 1.56946 2.02986
3.53731 1.60639 2.03954
3.5134 1.6503 2.06924
3.49528 1.68106 2.10337
3.47162 1.72278 2.08658
3.44801 1.76684 2.06273
3.42677 1.80403 2.08959
3.40453 1.84359 2.08313
3.38354 1.87398 2.17518
3.35719 1.91539 2.13752
3.33007 1.9546 2.17587
3.30819 1.9828 2.23076
3.28034 2.01899 2.22666
3.25435 2.05692 2.17145
3.22505 2.09731 2.19839
3.19686 2.1386 2.16981
3.16783 2.17738 2.21353
3.13964 2.21354 2.23283
3.10825 2.25245 2.24969
3.08843 2.27485 2.29521
3.05473 2.31178 2.3104
3.02125 2.3487 2.30744
2.99315 2.38145 2.27991
2.96305 2.41739 2.2679
2.94264 2.44373 2.23017
2.91955 2.46888 2.3134
2.88864 2.50272 2.31102
2.86507 2.527 2.34137
2.83157 2.56134 2.34384
2.80333 2.59176 2.31902
2.76952 2.62623 2.34654
2.74528 2.65227 2.32052
2.71101 2.68762 2.34053
2.67443 2.72064 2.40743
2.63712 2.75387 2.41392
2.60993 2.77907 2.39421
2.57295 2.81271 2.4034
2.53642 2.84684 2.39012
2.50059 2.88066 2.38499
2.46742 2.9096 2.42427
2.432 2.94133 2.41101
2.39458 2.97278 2.44274
2.36825 2.99556 2.42836
2.32887 3.02634 2.47823
2.28968 3.05739 2.47154
2.24905 3.08646 2.5206
2.21531 3.11112 2.51036
2.17582 3.13898 2.52711
2.14739 3.15858 2.53812
2.10993 3.18324 2.55935
2.0691 3.21075 2.54878
2.03592 3.234 2.53022
1.99614 3.26374 2.49967
1.95486 3.29173 2.54583
1.91677 3.32017 2.50026
1.87535 3.34786 2.55215
1.8465 3.3668 2.56079
1.80871 3.39051 2.58128
1.76694 3.4178 2.56282
1.72718 3.44231 2.58915
1.68548 3.46493 2.64455
1.64466 3.48786 2.62991
1.60528 3.50843 2.66017
1.56583 3.52854 2.67008
1.52348 3.54791 2.71261
1.48438 3.56378 2.75618
1.43853 3.58255 2.75304
1.39216 3.60123 2.75863
1.34962 3.61779 2.77036
1.304 3.63823 2.72036
1.25977 3.65505 2.77816
1.21313 3.67264 2.78097
1.16669 3.69016 2.78083
1.12505 3.70397 2.82134
1.07672 3.71674 2.88333
1.02804 3.72716 2.93063
0.979461 3.73898 2.90297
0.936874 3.74753 2.94348
0.888585 3.75756 2.93677
0.841575 3.76601 2.96376
0.792486 3.77548 2.951
0.754793 3.78191 2.97252
0.705732 3.79122 2.95415
0.65655 3.79997 2.96551
0.609155 3.80775 2.97887
0.564646 3.81559 2.96733
0.51775 3.82342 2.97607
0.46932 3.83296 2.94708
0.420064 3.84106 2.97852
0.370661 3.84867 2.98886
0.323861 3.85463 3.01489
0.275069 3.86253 2.98102
0.228074 3.86676 3.05194
0.183796 3.87189 3.02618
0.134787 3.87893 2.99896
0.0867932 3.8834 3.04865
0.0381826 3.88908 3.02528
-0.0113263 3.89384 3.0459
-0.05762 3.89825 3.04651
-0.105864 3.90334 3.03654
-0.147838 3.90854 3.01819
-0.19016 3.91479 2.99511
-0.239709 3.92129 3.01116
-0.287508 3.92887 2.98436
-0.336256 3.93454 3.02568
-0.3851 3.93937 3.0431
-0.433792 3.94679 2.99028
-0.477139 3.95317 2.99553
-0.524968 3.96087 2.98205
-0.563112 3.96719 2.97737
-0.600541 3.9726 2.99793
-0.646142 3.97829 3.01747
-0.695839 3.98271 3.05282
-0.744385 3.98676 3.05836
-0.794191 3.99085 3.05975
-0.83757 3.99558 3.03289
-0.887246 4.00053 3.04232
-0.936957 4.00531 3.04567
-0.983472 4.01023 3.03629
-1.0251 4.01482 3.03168
-1.07423 4.0198 3.04063
-1.12308 4.02491 3.03739
-1.17103 4.0298 3.03997
-1.22092 4.03277 3.08206
-1.27088 4.03408 3.1154
-1.31322 4.03585 3.09978
-1.36293 4.03713 3.11594
-1.4081 4.04006 3.07678
-1.44251 4.04176 3.09221
-1.48669 4.04445 3.08092
-1.53636 4.04701 3.08993
-1.58489 4.05183 3.0427
-1.63444 4.05779 3.02179
-1.677 4.06197 3.04387
-1.71426 4.06651 3.02023
-1.76024 4.07298 3.0018
-1.80592 4.08009 2.98709
-1.85554 4.08618 3.01955
-1.90506 4.09025 3.05955
-1.94377 4.09317 3.06645
-1.9927 4.09707 3.06188
-2.02602 4.10076 3.03144
-2.07529 4.10703 3.01498
-2.11984 4.11191 3.03263
-2.16668 4.1181 3.01009
-2.21511 4.12443 3.01167
-2.254 4.12964 3.00828
-2.3032 4.13817 2.97009
-2.35169 4.14716 2.95814
-2.39687 4.15382 2.99534
-2.44536 4.15959 3.0232
-2.49469 4.16727 2.98698
-2.54325 4.17258 3.03273
-2.57951 4.17613 3.04403
-2.62076 4.17799 3.09652
-2.6664 4.18043 3.08814
-2.70092 4.18214 3.09212
-2.72904 4.18346 3.09481
-2.74315 4.18386 3.11347
-2.76099 4.18474 3.09208
-2.7735 4.18522 3.10349
-2.80275 4.18639 3.10148
-2.82487 4.18671 3.12713
-2.84305 4.187 3.12578
-2.86744 4.18858 3.07666
-2.89132 4.19059 3.05799
-2.91926 4.19387 3.02464
-2.94778 4.19657 3.04727
-2.97857 4.19783 3.10063
-2.99408 4.19762 3.15512
-3.0109 4.19779 -3.15202
-3.02404 4.19706 3.19728
-3.04962 4.19494 -3.05909
-3.06861 4.19287 -3.03261
-3.09406 4.19076 -3.05892
-3.13762 4.18781 -3.07397
-3.16318 4.18645 -3.08867
-3.1847 4.18615 -3.12735
-3.20778 4.18514 -3.0981
-3.24058 4.18383 -3.10167
-3.27169 4.18225 -3.09077
-3.30295 4.18217 -3.13915
-3.32789 4.18317 -3.18162
-3.35137 4.18489 3.0685
-3.37421 4.18592 3.09666
-3.40276 4.18618 3.13229
-3.42155 4.18635 3.13256
-3.45503 4.18577 3.15907
-3.49069 4.18484 -3.11547
-3.52184 4.18538 -3.15885
-3.55753 4.18563 3.13453
-3.58453 4.18659 3.10613
-3.60584 4.18713 3.11615
-3.62549 4.18722 3.137
-3.64904 4.18766 3.12276
-3.66178 4.18783 3.12812
-3.69751 4.18946 3.09596
-3.72327 4.19057 3.09877
-3.74086 4.19133 3.09819
-3.76987 4.19113 3.1484
-3.80376 4.19152 -3.15304
-3.83061 4.19224 3.11489
-3.85004 4.19304 3.10032
-3.86391 4.19326 3.1258
-3.8828 4.1942 3.09208
-3.89385 4.19475 3.09162
-3.9054 4.19507 3.11401
-3.9222 4.19471 3.16277
-3.9382 4.19468 -3.13922
-3.96124 4.19495 -3.15347
-3.97856 4.19561 3.10366
-3.99414 4.1969 3.05864
-4.00479 4.1978 3.0577
-4.02548 4.19971 3.04961
-4.04792 4.20052 3.10529
-4.05589 4.2009 3.0935
-4.06809 4.20137 3.10344
-4.07329 4.2017 3.07878
-4.08242 4.20233 3.0725
-4.08806 4.20268 3.08013
-4.09769 4.20308 3.09939
-4.1021 4.20334 3.08298
-4.10949 4.20357 3.11072
-4.11841 4.20377 3.11952
-4.13028 4.20544 3.00118
-4.14672 4.20848 2.95921
-4.14741 4.20858 2.98534
-4.15126 4.20907 3.01527
-4.15992 4.21006 3.02757
-4.16919 4.21125 3.01418
-4.18596 4.21363 3.00082
-4.19206 4.21456 2.98999
-4.20868 4.21761 2.96021
True
0.0657621
