-5.47103 -1.32973 0.180684
-5.43445 -1.32376 0.16175
-5.39606 -1.31995 0.0988333
-5.34733 -1.31265 0.148651
-5.3131 -1.30803 0.134312
-5.27724 -1.30562 0.0670334
-5.23028 -1.30195 0.0780157
-5.19872 -1.30043 0.0480654
-5.15615 -1.29746 0.0696928
-5.10987 -1.29126 0.133126
-5.06639 -1.28649 0.109357
-5.01715 -1.27801 0.170424
-4.96849 -1.27124 0.138233
-4.92036 -1.26474 0.134281
-4.87795 -1.25807 0.156076
-4.83358 -1.25189 0.138407
-4.785 -1.24275 0.18603
-4.73741 -1.23445 0.172502
-4.69401 -1.22796 0.148417
-4.65164 -1.22118 0.158691
-4.60376 -1.21276 0.174046
-4.55539 -1.20401 0.179168
-4.51007 -1.19591 0.176656
-4.46646 -1.18967 0.142174
-4.42539 -1.18248 0.173287
-4.37602 -1.17502 0.150121
-4.32752 -1.16905 0.122388
-4.28232 -1.16494 0.0907231
-4.2325 -1.16081 0.0827023
-4.19963 -1.16004 0.0234481
-4.16365 -1.15847 0.0435678
-4.11767 -1.15742 0.022758
-4.068 -1.15776 -0.00685111
-4.01802 -1.15879 -0.0206454
-3.97682 -1.15986 -0.0258039
-3.92721 -1.16263 -0.0557932
-3.87756 -1.16515 -0.0506957
-3.84244 -1.16661 -0.0414748
-3.79677 -1.1692 -0.0567257
-3.74728 -1.17331 -0.082793
-3.70122 -1.17785 -0.0983956
-3.66215 -1.18308 -0.133132
-3.62056 -1.18745 -0.104553
-3.57181 -1.193 -0.113438
-3.52255 -1.19748 -0.0906652
-3.47529 -1.20257 -0.107343
-3.42638 -1.20829 -0.116263
-3.37741 -1.21447 -0.125635
-3.32849 -1.21972 -0.106953
-3.27885 -1.22551 -0.115968
-3.25129 -1.23001 -0.161857
-3.20593 -1.23619 -0.135467
-3.15633 -1.24191 -0.114818
-3.10891 -1.24728 -0.112845
-3.06015 -1.25238 -0.104235
-3.02034 -1.25757 -0.129655
-2.97222 -1.26305 -0.113219
-2.93091 -1.26829 -0.12625
-2.88151 -1.2755 -0.144976
-2.83272 -1.2811 -0.114212
-2.78519 -1.28932 -0.171344
-2.73964 -1.29675 -0.16161
-2.69215 -1.30502 -0.172478
-2.64307 -1.31455 -0.191808
-2.59576 -1.32521 -0.221523
-2.54688 -1.33574 -0.212178
-2.4983 -1.34651 -0.218275
-2.44939 -1.35615 -0.194581
-2.4002 -1.36506 -0.179204
-2.35429 -1.37369 -0.185763
-2.30693 -1.38286 -0.191208
-2.26171 -1.38976 -0.151467
-2.22252 -1.39529 -0.140155
-2.19091 -1.39909 -0.119613
-2.14535 -1.40257 -0.0762751
-2.09555 -1.40707 -0.0900173
-2.04789 -1.41174 -0.0977979
-2.0001 -1.41565 -0.0816916
-1.96239 -1.4192 -0.0937018
-1.92193 -1.4222 -0.0740571
-1.87243 -1.42763 -0.109174
-1.83683 -1.43171 -0.114093
-1.79366 -1.43527 -0.0823783
-1.74924 -1.43835 -0.0691972
-1.70029 -1.43889 -0.0110672
-1.6528 -1.43985 -0.0201237
-1.60753 -1.43875 0.024233
-1.55756 -1.43738 0.0272991
-1.52985 -1.43664 0.0269114
-1.48004 -1.43399 0.0531138
-1.43196 -1.43028 0.0770521
-1.38271 -1.42757 0.0548768
-1.33806 -1.42301 0.101786
-1.29119 -1.42106 0.041634
-1.24841 -1.41821 0.0664436
-1.21152 -1.41387 0.117263
-1.16197 -1.40816 0.114582
-1.11923 -1.40434 0.0892694
-1.09218 -1.40212 0.0818965
-1.04357 -1.39759 0.0929817
-0.993954 -1.39143 0.123378
-0.944656 -1.38324 0.164761
-0.899075 -1.37409 0.197967
-0.85736 -1.36545 0.204333
-0.809231 -1.3582 0.149471
-0.76084 -1.34667 0.233874
-0.712641 -1.33339 0.268879
-0.664471 -1.32127 0.246475
-0.622043 -1.30883 0.28519
-0.583172 -1.299 0.247881
-0.543446 -1.28653 0.303947
-0.503721 -1.27238 0.342244
-0.458378 -1.25778 0.311489
-0.411473 -1.24509 0.264311
-0.364581 -1.23201 0.27196
-0.316764 -1.21941 0.25769
-0.268783 -1.2054 0.28408
-0.221001 -1.1925 0.263636
-0.17424 -1.18015 0.258345
-0.134912 -1.16832 0.292228
-0.0867988 -1.15597 0.251229
-0.0384552 -1.14328 0.256625
0.00899615 -1.12975 0.27769
0.0558934 -1.11339 0.335743
0.10097 -1.10114 0.265417
0.145875 -1.08821 0.280335
0.191551 -1.07519 0.277698
0.239537 -1.06117 0.284197
0.284004 -1.04565 0.33583
0.322195 -1.03242 0.333338
0.368136 -1.01626 0.338295
0.413251 -0.999362 0.358412
0.460678 -0.983658 0.319763
0.50388 -0.969569 0.315241
0.54002 -0.956014 0.358835
0.585545 -0.939215 0.353498
0.632302 -0.921532 0.361561
0.677523 -0.903774 0.374188
0.707353 -0.890314 0.423893
0.751879 -0.875127 0.328712
0.798669 -0.85839 0.343513
0.846387 -0.843592 0.300711
0.893099 -0.827293 0.335715
0.939852 -0.81394 0.27821
0.984668 -0.798282 0.336117
1.0274 -0.783122 0.340914
1.07321 -0.768041 0.31807
1.11972 -0.755002 0.273309
1.16219 -0.743508 0.264309
1.20748 -0.730087 0.288094
1.24169 -0.722712 0.212304
1.2806 -0.711308 0.285118
1.32163 -0.696198 0.352872
1.36839 -0.680232 0.329034
1.41513 -0.664166 0.331055
1.46088 -0.647084 0.357338
1.50833 -0.631334 0.320496
1.55554 -0.615484 0.323931
1.58906 -0.605464 0.290447
1.63197 -0.591985 0.304354
1.67907 -0.575242 0.341564
1.72657 -0.55973 0.31568
1.77083 -0.545184 0.317469
1.8171 -0.529541 0.326078
1.86298 -0.513407 0.338102
1.90072 -0.502013 0.293194
1.94739 -0.486517 0.320608
1.98302 -0.474968 0.313452
2.0218 -0.458558 0.400348
2.06781 -0.441536 0.354276
2.11496 -0.425554 0.326825
2.15999 -0.408377 0.364462
2.20163 -0.3932 0.349453
2.24848 -0.375922 0.353381
2.29281 -0.360908 0.326533
2.33862 -0.344781 0.338463
2.3867 -0.331062 0.277974
2.43462 -0.31789 0.268247
2.47695 -0.306542 0.261937
2.5196 -0.296198 0.237905
2.56011 -0.286016 0.246269
2.60499 -0.273467 0.272666
2.65169 -0.258542 0.309299
2.6996 -0.245967 0.256681
2.73989 -0.23318 0.30731
2.78603 -0.218824 0.30169
2.8333 -0.202882 0.325225
2.87874 -0.186833 0.33952
2.91991 -0.170454 0.378634
2.96056 -0.15439 0.376417
3.00707 -0.138443 0.330276
3.05293 -0.124161 0.30191
3.10024 -0.109074 0.30874
3.14698 -0.0938775 0.314341
3.19124 -0.0794073 0.315919
3.23194 -0.0655274 0.328707
3.27317 -0.0518624 0.320045
3.31701 -0.0385612 0.294591
3.36315 -0.0261189 0.263393
3.4029 -0.0164784 0.237914
3.44461 -0.00570942 0.252642
3.49089 0.0078902 0.285832
3.53755 0.0207127 0.268181
3.57013 0.0307067 0.297637
3.60168 0.0395315 0.272752
3.64256 0.0512247 0.278605
3.68368 0.0616851 0.249072
3.72036 0.0710819 0.250804
3.74369 0.0758326 0.200891
3.77236 0.0823631 0.223969
3.79936 0.0882165 0.213493
3.82918 0.0948025 0.217378
3.84593 0.0988967 0.239685
3.86984 0.106058 0.290993
3.88631 0.110066 0.23881
3.92088 0.116631 0.187664
3.95878 0.124192 0.196913
3.9853 0.130439 0.231314
4.00379 0.135556 0.270088
4.03686 0.143319 0.230537
4.0719 0.151744 0.235961
4.08778 0.155517 0.233197
4.10875 0.160619 0.238663
4.12043 0.164227 0.299631
4.14093 0.171429 0.337873
4.16506 0.180798 0.370404
4.19782 0.193984 0.382628
4.23061 0.206645 0.368428
4.26112 0.218451 0.369276
4.26994 0.222114 0.39366
4.27393 0.223849 0.410356
4.28996 0.230468 0.391422
4.30347 0.236291 0.407164
4.32778 0.246733 0.405693
4.3523 0.256786 0.389075
4.38488 0.269768 0.379202
4.42619 0.28672 0.389351
4.46702 0.305629 0.433749
4.50199 0.3243 0.49033
4.54013 0.343885 0.474495
4.57149 0.36015 0.478376
4.59935 0.376455 0.529505
4.62458 0.390884 0.519515
4.63901 0.399345 0.530493
4.64452 0.40241 0.507466
4.64801 0.404184 0.470002
4.66439 0.412613 0.475129
4.69234 0.425553 0.433681
4.71837 0.436381 0.394134
4.7538 0.451102 0.393775
4.7816 0.461848 0.368929
4.7963 0.467259 0.352782
4.80735 0.471369 0.355953
4.83597 0.483623 0.404586
4.8626 0.495075 0.406018
4.88025 0.502958 0.420065
4.90302 0.513315 0.426918
4.92093 0.521431 0.425397
4.92887 0.525048 0.427661
4.93483 0.528042 0.465319
4.93497 0.528114 0.473601
4.95059 0.536233 0.479388
4.9701 0.546772 0.495315
4.9807 0.552439 0.49116
4.98797 0.556145 0.470974
4.99701 0.560833 0.478673
5.0119 0.568307 0.465176
5.042 0.583578 0.46944
5.06587 0.594174 0.417839
5.08991 0.602623 0.338002
5.09592 0.604033 0.230381
5.1012 0.60482 0.147751
5.0964 0.604195 0.129141
5.09731 0.6043 0.115
5.10994 0.605217 0.0724356
5.11216 0.605353 0.0609417
5.12031 0.605878 0.0643903
5.12239 0.606077 0.0950697
5.12406 0.606214 0.0822251
5.12561 0.606366 0.0974297
5.12851 0.606739 0.127873
5.13924 0.608634 0.17479
5.14125 0.609001 0.180958
5.14881 0.610059 0.139117
5.15234 0.610496 0.123085
5.16059 0.611401 0.109288
5.16403 0.611768 0.106052
5.17232 0.612727 0.115139
5.18934 0.615606 0.16765
5.21342 0.619695 0.168174
True
0.256503
