4.49056 0.00200998 2.9319
4.48142 0.00385569 2.94223
4.45724 0.0109388 2.85661
4.44107 0.0168586 2.7906
4.3968 0.0342288 2.76773
4.36811 0.0473603 2.71232
4.33239 0.0696621 2.5835
4.29433 0.0987351 2.48919
4.26055 0.127652 2.43361
4.22218 0.158388 2.4662
4.21049 0.168196 2.44362
4.20201 0.174995 2.46613
4.18547 0.190123 2.40064
4.14971 0.222965 2.3987
4.11775 0.255254 2.351
4.08514 0.292929 2.28435
4.05521 0.330098 2.24871
4.02672 0.365863 2.24348
4.01447 0.383705 2.17217
3.98745 0.42537 2.14624
3.96526 0.461214 2.12504
3.9406 0.504633 2.08735
3.92013 0.540147 2.0937
3.90108 0.577624 2.04102
3.88056 0.621994 2.00394
3.8599 0.666598 2.00463
3.83961 0.709763 2.01017
3.81926 0.752918 2.01141
3.798 0.798107 2.01048
3.77785 0.840416 2.01543
3.76635 0.866148 1.99092
3.74571 0.907976 2.02913
3.72452 0.952694 2.01338
3.70785 0.991945 1.97236
3.69073 1.03885 1.9209
3.67507 1.08312 1.91066
3.65911 1.1286 1.9084
3.64207 1.17158 1.94826
3.62781 1.20692 1.95422
3.60628 1.25201 2.01628
3.58525 1.29737 2.00492
3.5718 1.32828 1.98116
3.55404 1.36863 1.9856
3.53848 1.40509 1.97394
3.52679 1.4317 1.98487
3.50772 1.47648 1.97338
3.48759 1.52216 1.98576
3.46748 1.56259 2.03251
3.4433 1.60635 2.07562
3.42594 1.64171 2.02717
3.40285 1.686 2.0513
3.38061 1.72975 2.04119
3.35792 1.77219 2.06169
3.33765 1.81374 2.02472
3.3135 1.85752 2.07495
3.30177 1.87848 2.08092
3.28883 1.90372 2.04455
3.26557 1.94535 2.08023
3.2415 1.98416 2.12589
3.21546 2.02667 2.12036
3.18992 2.06764 2.12836
3.16537 2.1112 2.08401
3.14355 2.14833 2.10216
3.1245 2.17834 2.13635
3.10126 2.21438 2.14355
3.0887 2.23462 2.12613
3.07146 2.26162 2.13897
3.05502 2.28676 2.15007
3.02785 2.32533 2.18442
3.00063 2.36031 2.2321
2.97627 2.39479 2.18596
2.94777 2.43587 2.17722
2.91852 2.47636 2.19647
2.89665 2.50202 2.27641
2.87234 2.53118 2.26587
2.8546 2.55232 2.2692
2.82839 2.58569 2.2365
2.80104 2.62085 2.23189
2.77404 2.65528 2.23595
2.75354 2.68135 2.23694
2.72213 2.71932 2.26195
2.6928 2.75659 2.23754
2.66325 2.79043 2.28866
2.63168 2.82341 2.33421
2.60477 2.84858 2.38971
2.57009 2.88159 2.3809
2.54148 2.90839 2.38886
2.50707 2.93991 2.4
2.48923 2.95614 2.40317
2.47538 2.96958 2.37118
2.43952 2.99876 2.45868
2.40048 3.02999 2.46679
2.37203 3.0527 2.4681
2.34729 3.07212 2.47604
2.32424 3.09058 2.46614
2.3005 3.10736 2.52625
2.27282 3.12674 2.5309
2.25748 3.1366 2.57016
2.23806 3.14958 2.55256
2.21027 3.16794 2.55771
2.17123 3.19315 2.56819
2.13714 3.21551 2.5611
2.10719 3.23414 2.58531
2.07716 3.25179 2.61006
2.03308 3.27521 2.65315
1.99059 3.29903 2.63069
1.94626 3.32152 2.67208
1.90113 3.34299 2.69769
1.86491 3.36078 2.68488
1.81997 3.38261 2.68945
1.7748 3.40404 2.69865
1.7315 3.42811 2.63427
1.69582 3.44528 2.69298
1.65255 3.47028 2.61765
1.61116 3.49602 2.58526
1.5693 3.51841 2.65053
1.52532 3.53851 2.71282
1.4864 3.55593 2.7207
1.44934 3.57102 2.75496
1.40386 3.58852 2.77431
1.36852 3.60188 2.78019
1.32169 3.61909 2.78928
1.27459 3.63586 2.79958
1.22944 3.64989 2.84029
1.18118 3.66293 2.8777
1.13756 3.67541 2.86298
1.08939 3.68881 2.87038
1.04128 3.70233 2.8675
0.995599 3.71482 2.87469
0.949402 3.72714 2.88105
0.901821 3.74029 2.8719
0.859834 3.75115 2.88842
0.811996 3.76326 2.89379
0.765035 3.77385 2.91968
0.716867 3.78589 2.89666
0.675432 3.79578 2.90735
0.631768 3.8061 2.90952
0.585898 3.81814 2.88482
0.538244 3.83076 2.8828
0.491222 3.84018 2.94387
0.448125 3.84907 2.93804
0.398924 3.85763 2.96932
0.35094 3.8651 2.98722
0.304376 3.87087 3.01841
0.256402 3.87537 3.04802
0.220041 3.87849 3.05608
0.177751 3.88141 3.07247
0.127866 3.8848 3.07374
0.078316 3.88809 3.0753
0.0376623 3.89163 3.05481
-0.0106887 3.89372 3.09849
-0.0401073 3.89578 3.07146
-0.084852 3.89882 3.07377
-0.134773 3.89838 3.15052
-0.176247 3.89822 -3.13791
-0.214777 3.89801 -3.13595
-0.254088 3.89502 -3.06573
-0.295815 3.89189 -3.06684
-0.345692 3.88844 -3.07254
-0.394906 3.88357 -3.04281
-0.43381 3.87939 -3.03476
-0.477009 3.87268 -2.98735
-0.514904 3.86646 -2.97885
-0.564378 3.85954 -3.00274
-0.612984 3.85145 -2.97668
-0.660092 3.8445 -2.99509
-0.707341 3.83673 -2.97862
-0.747977 3.82813 -2.93291
-0.793174 3.81806 -2.92235
-0.841613 3.80566 -2.89109
-0.889785 3.7927 -2.87878
-0.937883 3.78016 -2.88646
-0.979803 3.76873 -2.8755
-1.01723 3.75737 -2.84699
-1.05621 3.7461 -2.85997
-1.09932 3.73143 -2.81362
-1.14701 3.71654 -2.83897
-1.19457 3.70116 -2.82889
-1.22433 3.69083 -2.80734
-1.27046 3.67172 -2.74883
-1.30658 3.658 -2.77877
-1.33907 3.64554 -2.77537
-1.38347 3.62757 -2.757
-1.42909 3.60733 -2.7241
-1.4752 3.588 -2.74447
-1.51562 3.56961 -2.7146
-1.5556 3.55083 -2.70249
-1.59869 3.52794 -2.65333
-1.63744 3.50944 -2.69616
-1.67939 3.48912 -2.69044
-1.72479 3.4696 -2.73562
-1.75774 3.45331 -2.68236
-1.80129 3.43118 -2.67147
-1.84128 3.41004 -2.65531
-1.88148 3.38801 -2.64028
-1.92481 3.36319 -2.62143
-1.9601 3.3424 -2.60924
-1.99838 3.31927 -2.59793
-2.03363 3.2986 -2.61138
-2.07261 3.27537 -2.60413
-2.11494 3.24889 -2.58263
-2.15045 3.2263 -2.57494
-2.1875 3.20191 -2.5593
-2.22749 3.17688 -2.58238
-2.26988 3.15038 -2.58298
-2.30804 3.12687 -2.58943
-2.33808 3.10492 -2.51051
-2.37664 3.07309 -2.45144
-2.41103 3.04598 -2.47408
-2.45085 3.01604 -2.49698
-2.4891 2.98444 -2.45111
-2.52743 2.95272 -2.45023
-2.54825 2.93357 -2.39793
-2.58541 2.90152 -2.42997
-2.61852 2.87283 -2.42757
-2.64757 2.84607 -2.39712
-2.6804 2.81456 -2.37678
-2.71224 2.78231 -2.3497
-2.74521 2.74808 -2.33756
-2.77866 2.71526 -2.36551
-2.7961 2.69728 -2.341
-2.81335 2.67909 -2.32978
-2.83643 2.65828 -2.40788
-2.87263 2.62974 -2.47412
-2.90786 2.5998 -2.43695
-2.94463 2.56885 -2.44196
-2.98054 2.53672 -2.41186
-3.01621 2.50234 -2.37448
-3.0509 2.46794 -2.36043
-3.08082 2.43752 -2.34787
-3.10735 2.41193 -2.37425
-3.14136 2.3803 -2.3925
-3.1706 2.35132 -2.36061
-3.19836 2.32437 -2.37092
-3.2289 2.29258 -2.3363
-3.2638 2.25895 -2.37467
-3.29026 2.23356 -2.37679
-3.31785 2.20738 -2.38242
-3.3376 2.18865 -2.38283
-3.35876 2.16849 -2.38017
-3.38439 2.14386 -2.37625
-3.41758 2.11225 -2.38041
-3.44049 2.09079 -2.38922
-3.46156 2.0702 -2.36731
-3.46396 2.06767 -2.33086
-3.47526 2.05592 -2.33705
-3.4787 2.05253 -2.36292
-3.49008 2.04272 -2.42997
-3.50467 2.02995 -2.4226
-3.51988 2.01722 -2.44469
-3.52748 2.01057 -2.42318
-3.54369 1.99615 -2.41466
-3.56624 1.97422 -2.37012
-3.58967 1.9516 -2.3735
-3.61284 1.93102 -2.41559
-3.64657 1.90193 -2.42987
-3.68276 1.8735 -2.47568
-3.7093 1.85237 -2.46918
-3.7356 1.83283 -2.50262
-3.75498 1.81909 -2.52494
-3.76953 1.80811 -2.49497
-3.79078 1.79227 -2.5012
-3.80284 1.78358 -2.51695
-3.82353 1.76775 -2.48865
-3.84273 1.75318 -2.49245
-3.85447 1.74392 -2.47357
-3.87503 1.72575 -2.41776
-3.89265 1.71004 -2.41373
-3.90273 1.7013 -2.42723
-3.91597 1.68927 -2.40382
-3.91842 1.68719 -2.43624
-3.93398 1.67368 -2.42697
-3.94526 1.66376 -2.42014
-3.96425 1.64745 -2.43197
-3.98009 1.63378 -2.42963
-3.99496 1.62179 -2.46301
-4.00621 1.61268 -2.46062
-4.01638 1.60434 -2.45503
-4.02498 1.5973 -2.45564
-4.03112 1.59217 -2.44493
-4.03578 1.58839 -2.46113
-4.04423 1.58161 -2.46527
-4.05092 1.57609 -2.4514
-4.05506 1.57274 -2.46141
-4.06155 1.5675 -2.46324
-4.06939 1.56079 -2.43333
-4.07694 1.55429 -2.43075
-4.08314 1.54908 -2.44314
-4.08979 1.54361 -2.45287
-4.10637 1.52788 -2.38253
-4.10833 1.52597 -2.36768
-4.11958 1.51488 -2.36354
-4.12947 1.50565 -2.39082
-4.13935 1.49677 -2.40893
-4.16308 1.47863 -2.48904
-4.17984 1.46636 -2.50959
-4.19597 1.45481 -2.52012
-4.21262 1.44294 -2.52233
-4.21999 1.43771 -2.52417
-4.2176 1.43943 -2.51884
-4.22325 1.43524 -2.50433
-4.23359 1.42747 -2.49742
-4.23814 1.42424 -2.5241
-4.24471 1.41958 -2.52463
-4.2461 1.41858 -2.51343
-4.24378 1.42028 -2.50731
-4.24996 1.41621 -2.55946
-4.26036 1.4088 -2.52286
-4.27097 1.40093 -2.5025
True
0.0672307
