-5.45804 1.59964 -0.408798
-5.41162 1.58106 -0.380677
-5.37113 1.56361 -0.407014
-5.32967 1.54859 -0.347489
-5.28357 1.52979 -0.38733
-5.2422 1.51143 -0.417551
-5.1993 1.4914 -0.437028
-5.16276 1.47703 -0.374523
-5.11745 1.45636 -0.427997
-5.07445 1.43684 -0.426104
-5.03032 1.41895 -0.385132
-4.99553 1.4051 -0.37904
-4.94861 1.38791 -0.351216
-4.90098 1.37272 -0.308675
-4.85374 1.35637 -0.33318
-4.80668 1.33948 -0.344475
-4.76702 1.32448 -0.361804
-4.72388 1.30915 -0.341327
-4.678 1.29103 -0.376183
-4.63114 1.27369 -0.354252
-4.58458 1.25559 -0.370791
-4.53978 1.23408 -0.447815
-4.49969 1.21218 -0.499941
-4.46356 1.18957 -0.559069
-4.42745 1.16828 -0.532767
-4.38722 1.14382 -0.546362
-4.345 1.11748 -0.557738
-4.30477 1.09289 -0.548606
-4.26761 1.07046 -0.542999
-4.22771 1.04653 -0.540351
-4.19056 1.02487 -0.527677
-4.14696 1.00057 -0.508478
-4.10863 0.978912 -0.514401
-4.06665 0.9536 -0.542615
-4.02911 0.930445 -0.552628
-3.98777 0.904683 -0.557339
-3.95 0.881575 -0.549079
-3.90531 0.859247 -0.463315
-3.86435 0.839642 -0.446359
-3.82321 0.818039 -0.483606
-3.7808 0.798729 -0.427205
-3.74849 0.782891 -0.455775
-3.70477 0.761405 -0.456816
-3.65921 0.740876 -0.423307
-3.61885 0.720398 -0.469549
-3.57509 0.70106 -0.416168
-3.52968 0.682036 -0.396681
-3.48642 0.660441 -0.462975
-3.44078 0.640182 -0.417788
-3.39601 0.620395 -0.416199
-3.3514 0.600738 -0.415037
-3.30674 0.57831 -0.465356
-3.26728 0.558466 -0.465952
-3.22377 0.534149 -0.509641
-3.18073 0.508723 -0.53363
-3.14777 0.491654 -0.477825
-3.10613 0.470823 -0.463846
-3.06299 0.45024 -0.445201
-3.01866 0.427534 -0.473345
-2.97439 0.406121 -0.450556
-2.92903 0.385198 -0.432155
-2.88388 0.363927 -0.440247
-2.83833 0.343535 -0.420946
-2.80153 0.326711 -0.428795
-2.75552 0.307358 -0.398154
-2.71 0.288894 -0.385385
-2.67217 0.274565 -0.362046
-2.62863 0.257254 -0.378404
-2.58338 0.237481 -0.41196
-2.539 0.217765 -0.418081
-2.49469 0.19599 -0.456796
-2.44987 0.173945 -0.457068
-2.40825 0.154939 -0.428442
-2.36696 0.136337 -0.423197
-2.3208 0.11774 -0.383054
-2.27697 0.0986064 -0.411583
-2.23965 0.0810928 -0.438725
-2.19422 0.0610797 -0.414942
-2.1526 0.0438778 -0.391996
-2.10797 0.0238286 -0.422204
-2.06373 0.00152218 -0.46701
-2.02507 -0.017082 -0.448442
-1.98711 -0.0345704 -0.431717
-1.95587 -0.0488857 -0.429754
-1.9117 -0.068102 -0.410306
-1.86689 -0.0873551 -0.40584
-1.82291 -0.107585 -0.431111
-1.7776 -0.128695 -0.435993
-1.73198 -0.148414 -0.407988
-1.68966 -0.166182 -0.397562
-1.64329 -0.184682 -0.379608
-1.60035 -0.200981 -0.36278
-1.55489 -0.217593 -0.350328
-1.50888 -0.23622 -0.384631
-1.4636 -0.253247 -0.359709
-1.41718 -0.271455 -0.373785
-1.37228 -0.290747 -0.405829
-1.32781 -0.312486 -0.454703
-1.29515 -0.328383 -0.452975
-1.25094 -0.351579 -0.483187
-1.21548 -0.37052 -0.490563
-1.17231 -0.392748 -0.475571
-1.13899 -0.40955 -0.466977
-1.10186 -0.427148 -0.442594
-1.05646 -0.44765 -0.424204
-1.01196 -0.464946 -0.37067
-0.965191 -0.482627 -0.361466
-0.922427 -0.500803 -0.401901
-0.881259 -0.519468 -0.425666
-0.835887 -0.540407 -0.43236
-0.794217 -0.561024 -0.459456
-0.748963 -0.582211 -0.437885
-0.705483 -0.60136 -0.414833
-0.66016 -0.621374 -0.415834
-0.61903 -0.639859 -0.422382
-0.574854 -0.657169 -0.373451
-0.532068 -0.673495 -0.364531
-0.487448 -0.692213 -0.39719
-0.442768 -0.712706 -0.430043
-0.403356 -0.731706 -0.449221
-0.364563 -0.752878 -0.499581
-0.320218 -0.77512 -0.464897
-0.277801 -0.796863 -0.473677
-0.233497 -0.81999 -0.481114
-0.19483 -0.839223 -0.461543
-0.150353 -0.861695 -0.467839
-0.107386 -0.881435 -0.43067
-0.0651616 -0.902037 -0.45394
-0.0223158 -0.922787 -0.450996
0.0206501 -0.941801 -0.416629
0.0626614 -0.960518 -0.41912
0.104729 -0.979488 -0.423637
0.149574 -0.998443 -0.399912
0.193143 -1.01721 -0.406675
0.237046 -1.03608 -0.406008
0.282475 -1.05599 -0.413092
0.326671 -1.07549 -0.415558
0.364337 -1.09272 -0.42889
0.409591 -1.11321 -0.425095
0.444661 -1.12975 -0.440708
0.482976 -1.14731 -0.429761
0.528681 -1.1673 -0.412434
0.57202 -1.18213 -0.329621
0.613827 -1.19742 -0.350637
0.658332 -1.21555 -0.386808
0.704713 -1.23366 -0.372199
0.74824 -1.25073 -0.373811
0.794182 -1.27034 -0.403514
0.837841 -1.29037 -0.429957
0.880415 -1.31034 -0.438776
0.920328 -1.33006 -0.45886
0.965494 -1.34984 -0.412767
1.00786 -1.36812 -0.407214
1.05247 -1.38727 -0.405675
1.09137 -1.40373 -0.400069
1.13536 -1.42 -0.354341
1.17376 -1.43596 -0.393887
1.21518 -1.45496 -0.430013
1.25647 -1.47489 -0.449678
1.29641 -1.49474 -0.461398
1.3401 -1.51839 -0.496032
1.37491 -1.53718 -0.495125
1.41924 -1.56029 -0.480403
1.46204 -1.5829 -0.486031
1.49565 -1.60348 -0.549581
1.53759 -1.62641 -0.500365
1.5814 -1.65045 -0.501843
1.61941 -1.67358 -0.546461
1.66006 -1.69603 -0.504761
1.70298 -1.71961 -0.502263
1.73911 -1.74005 -0.51497
1.77964 -1.76216 -0.499414
1.82265 -1.78752 -0.532641
1.85772 -1.80981 -0.566233
1.89278 -1.83073 -0.537991
1.93676 -1.8539 -0.484886
1.97712 -1.87432 -0.468408
2.01069 -1.89248 -0.495866
2.05027 -1.91215 -0.461116
2.0893 -1.93056 -0.440977
2.13197 -1.95239 -0.472666
2.17742 -1.97141 -0.396469
2.21711 -1.99052 -0.448675
2.25867 -2.00887 -0.415794
2.30352 -2.03098 -0.458091
2.3472 -2.05251 -0.457943
2.38817 -2.07235 -0.45084
2.42105 -2.08721 -0.424604
2.46669 -2.10684 -0.406142
2.51044 -2.12581 -0.409099
2.55688 -2.14423 -0.377712
2.60361 -2.16199 -0.363109
2.65074 -2.17861 -0.339138
2.69266 -2.1937 -0.345405
2.73894 -2.21055 -0.349151
2.7858 -2.22771 -0.351036
2.83028 -2.24453 -0.361466
2.87679 -2.26286 -0.375467
2.91736 -2.2801 -0.401959
2.96395 -2.298 -0.366832
3.01021 -2.31535 -0.358674
3.05188 -2.33141 -0.367864
3.0935 -2.34764 -0.371886
3.13772 -2.36536 -0.381147
3.17396 -2.37926 -0.366281
3.22112 -2.3958 -0.337239
3.26203 -2.40857 -0.302678
3.30995 -2.42215 -0.276111
3.35746 -2.43487 -0.261662
3.4044 -2.44612 -0.235195
3.45076 -2.4595 -0.280861
3.48695 -2.46882 -0.252228
3.51861 -2.4779 -0.279204
3.56365 -2.48978 -0.257957
3.60885 -2.50283 -0.28097
3.65575 -2.51781 -0.309281
3.70129 -2.53442 -0.34967
3.74451 -2.55172 -0.380656
3.77935 -2.56719 -0.417985
3.81415 -2.58346 -0.437218
3.84816 -2.59891 -0.426518
3.87351 -2.61088 -0.44109
3.90378 -2.62441 -0.420412
3.92453 -2.63383 -0.426226
3.93922 -2.63964 -0.376588
3.95399 -2.64501 -0.3486
3.9583 -2.64674 -0.38107
3.99471 -2.66253 -0.40915
4.02258 -2.67492 -0.418283
4.04918 -2.6875 -0.441891
4.08569 -2.70551 -0.458321
4.12155 -2.72388 -0.47334
4.15951 -2.74225 -0.450699
4.17108 -2.74786 -0.451728
4.18499 -2.75446 -0.44271
4.20352 -2.76321 -0.441297
4.23435 -2.7777 -0.439347
4.26336 -2.79172 -0.450208
4.27054 -2.7954 -0.473035
4.27964 -2.80018 -0.484155
4.30225 -2.81063 -0.43288
4.32676 -2.82296 -0.466334
4.33809 -2.82866 -0.465983
4.36966 -2.84301 -0.426498
4.41226 -2.85971 -0.373537
4.44394 -2.87036 -0.324291
4.48216 -2.88367 -0.33528
4.51976 -2.89581 -0.312342
4.55813 -2.90804 -0.308577
4.58602 -2.91742 -0.324376
4.59693 -2.92092 -0.31009
4.61586 -2.92778 -0.347527
4.63605 -2.935 -0.343382
4.65484 -2.94146 -0.331519
4.68169 -2.94978 -0.30023
4.69919 -2.95609 -0.346283
4.7405 -2.97211 -0.370031
4.78545 -2.99066 -0.391261
4.81907 -3.0067 -0.445343
4.84065 -3.01719 -0.452182
4.85535 -3.02434 -0.452673
4.86401 -3.02825 -0.424391
4.8892 -3.03966 -0.425409
4.91029 -3.04931 -0.429009
4.9228 -3.05435 -0.383274
4.93918 -3.06091 -0.381026
4.95399 -3.06679 -0.3777
4.96327 -3.07023 -0.354955
4.97152 -3.07303 -0.327167
4.99832 -3.08327 -0.365
5.01324 -3.09002 -0.424683
5.02993 -3.09733 -0.412834
5.04411 -3.10328 -0.397752
5.05772 -3.10892 -0.392804
5.07247 -3.11457 -0.365762
5.08763 -3.12032 -0.362631
5.10161 -3.12518 -0.334325
5.11314 -3.12885 -0.30843
5.12327 -3.13253 -0.347772
5.12753 -3.1342 -0.374629
5.13937 -3.13865 -0.35929
5.15651 -3.14475 -0.341979
5.16791 -3.14847 -0.315778
5.17705 -3.15148 -0.317318
5.18135 -3.15275 -0.28676
5.18933 -3.15506 -0.282468
5.19926 -3.15794 -0.282441
5.20969 -3.16139 -0.319715
5.21504 -3.16333 -0.346723
5.21981 -3.165 -0.337004
True
0.0699024
