-5.46955 -1.32282 0.165915
-5.42938 -1.31741 0.133894
-5.38038 -1.30847 0.180357
-5.33769 -1.29985 0.199241
-5.29379 -1.29293 0.156485
-5.24552 -1.28576 0.147325
-5.20469 -1.28221 0.0867818
-5.15528 -1.27831 0.0786849
-5.1085 -1.27229 0.12812
-5.05879 -1.26779 0.0902594
-5.01121 -1.26336 0.0928912
-4.96496 -1.25844 0.105869
-4.91806 -1.25446 0.0846994
-4.86868 -1.24907 0.108727
-4.81906 -1.24298 0.122113
-4.77045 -1.23705 0.12132
-4.73105 -1.23298 0.102978
-4.68649 -1.22817 0.107659
-4.63704 -1.22078 0.148276
-4.58811 -1.21315 0.15468
-4.54015 -1.20647 0.138392
-4.4968 -1.1996 0.157181
-4.44741 -1.19318 0.129226
-4.40698 -1.18908 0.101194
-4.3573 -1.18446 0.0926627
-4.30817 -1.17997 0.0912234
-4.25841 -1.17537 0.0921544
-4.21386 -1.1712 0.0931594
-4.1667 -1.16596 0.110788
-4.12621 -1.16014 0.142783
-4.08052 -1.15344 0.145518
-4.03563 -1.14247 0.239651
-3.99729 -1.13316 0.238402
-3.9515 -1.12251 0.228454
-3.92276 -1.1151 0.252201
-3.88182 -1.10417 0.260935
-3.8339 -1.09067 0.274565
-3.78546 -1.07835 0.249084
-3.75631 -1.06955 0.293304
-3.72479 -1.06051 0.27918
-3.68898 -1.04885 0.314801
-3.64321 -1.03225 0.347942
-3.60807 -1.01825 0.379234
-3.56219 -0.998391 0.408399
-3.51702 -0.977295 0.436963
-3.4733 -0.955624 0.460158
-3.43851 -0.937206 0.486963
-3.3967 -0.914835 0.491252
-3.35107 -0.894378 0.421515
-3.31393 -0.877054 0.436402
-3.27577 -0.860263 0.414525
-3.23916 -0.843394 0.431749
-3.19288 -0.824462 0.388322
-3.14932 -0.803358 0.451162
-3.10491 -0.780378 0.477543
-3.06282 -0.76072 0.436916
-3.01756 -0.739485 0.438641
-2.97325 -0.716435 0.479686
-2.93053 -0.695161 0.462084
-2.89039 -0.67591 0.447198
-2.85545 -0.656491 0.507185
-2.82104 -0.636653 0.523025
-2.77682 -0.613343 0.485166
-2.73539 -0.591065 0.493344
-2.71713 -0.58201 0.460342
-2.68752 -0.56631 0.487533
-2.64474 -0.544986 0.462443
-2.60087 -0.521117 0.498282
-2.56111 -0.49928 0.502211
-2.51739 -0.475115 0.504978
-2.4745 -0.453412 0.468381
-2.43654 -0.435992 0.43028
-2.39629 -0.41846 0.410775
-2.3502 -0.399146 0.39685
-2.30611 -0.379287 0.423172
-2.26921 -0.363823 0.396864
-2.22613 -0.346666 0.378997
-2.18187 -0.328113 0.396905
-2.13498 -0.310813 0.353431
-2.10576 -0.300541 0.338091
-2.05857 -0.28516 0.31512
-2.01011 -0.272874 0.248255
-1.96178 -0.26024 0.255729
-1.92806 -0.251804 0.245129
-1.8817 -0.239715 0.255071
-1.83502 -0.229374 0.218026
-1.79365 -0.221159 0.196011
-1.74418 -0.214344 0.136913
-1.69491 -0.207723 0.133562
-1.65413 -0.20101 0.163159
-1.60499 -0.192698 0.167542
-1.55862 -0.187514 0.111353
-1.51115 -0.181386 0.128383
-1.46336 -0.175373 0.125152
-1.41368 -0.169778 0.112157
-1.36795 -0.164512 0.114634
-1.33036 -0.160988 0.0934997
-1.28054 -0.156927 0.081329
-1.24265 -0.153835 0.0814182
-1.1965 -0.149833 0.0864964
-1.1514 -0.146895 0.0650604
-1.10752 -0.143889 0.0683849
-1.0585 -0.141921 0.0401336
-1.01372 -0.137838 0.0909067
-0.974073 -0.134654 0.0801525
-0.930215 -0.130938 0.0845328
-0.882466 -0.12753 0.0712504
-0.837581 -0.127818 -0.00641554
-0.788421 -0.127868 -0.00100803
-0.748109 -0.127761 0.00264991
-0.706804 -0.126278 0.035893
-0.664068 -0.125077 0.0280873
-0.615778 -0.122135 0.0608389
-0.570779 -0.118707 0.0760398
-0.523018 -0.116805 0.0397941
-0.488479 -0.115406 0.0405056
-0.438745 -0.112977 0.0487908
-0.390047 -0.108852 0.0845061
-0.341935 -0.105198 0.0757953
-0.291968 -0.10362 0.0315778
-0.242482 -0.102314 0.0263831
-0.195774 -0.100624 0.0361628
-0.153254 -0.101011 -0.0090862
-0.105187 -0.100485 0.0109277
-0.0609822 -0.0987342 0.0395938
-0.0111593 -0.0974183 0.0264049
0.0386888 -0.0936022 0.0764053
0.0852688 -0.0916598 0.041677
0.129914 -0.0865713 0.113486
0.179373 -0.0818732 0.0947056
0.228396 -0.0772347 0.0943381
0.278295 -0.0743389 0.0579681
0.328182 -0.0712705 0.0614294
0.375961 -0.06843 0.0593796
0.425784 -0.0644891 0.0789355
0.46999 -0.0630164 0.0333017
0.514445 -0.0636991 -0.0153572
0.563934 -0.062654 0.0211153
0.611621 -0.0600596 0.0543508
0.661498 -0.0590923 0.0193914
0.706237 -0.0566424 0.054706
0.75616 -0.0539705 0.0534694
0.803513 -0.0528144 0.0244104
0.853221 -0.0524079 0.00817689
0.898883 -0.0520276 0.0083273
0.948785 -0.0523375 -0.00620891
0.996612 -0.0528649 -0.0110281
1.04659 -0.0526785 0.00373023
1.08911 -0.0528816 -0.00477557
1.12757 -0.054658 -0.0461597
1.1772 -0.0602597 -0.11239
1.22663 -0.0631661 -0.0587261
1.26758 -0.0652719 -0.0513797
1.31737 -0.0673739 -0.0421977
1.36728 -0.0695618 -0.0437999
1.41048 -0.0723901 -0.0653803
1.46039 -0.0744272 -0.0407962
1.50812 -0.0757948 -0.0286408
1.55804 -0.0747671 0.020585
1.60677 -0.0712043 0.0729834
1.65572 -0.0662922 0.10001
1.70414 -0.0631568 0.0646714
1.7509 -0.0606666 0.0531999
1.80053 -0.0586806 0.0399991
1.83878 -0.0556155 0.0799525
1.88579 -0.053006 0.0554582
1.93565 -0.0498496 0.0632196
1.98447 -0.0464714 0.0690817
2.03161 -0.0448486 0.034417
2.08153 -0.0428234 0.0405441
2.13134 -0.0402717 0.0511863
2.17956 -0.0378298 0.0505895
2.21911 -0.0371091 0.0182246
2.26887 -0.0364417 0.0134092
2.30845 -0.0372461 -0.0203221
2.35649 -0.0379184 -0.0139945
2.39928 -0.0370263 0.0208432
2.43647 -0.0362335 0.0213139
2.47936 -0.035048 0.0276337
2.52716 -0.0325749 0.051689
2.57639 -0.0293241 0.065937
2.62021 -0.0276177 0.0389233
2.66788 -0.0273362 0.00590552
2.71575 -0.0259099 0.029786
2.75313 -0.0245607 0.0360746
2.78498 -0.0241665 0.0123783
2.83021 -0.0239538 0.0047019
2.8792 -0.0254658 -0.0308552
2.9291 -0.0262808 -0.0163308
2.97904 -0.0285268 -0.0449404
3.02335 -0.0314924 -0.0668341
3.07196 -0.0331759 -0.0346176
3.12182 -0.0369934 -0.0764259
3.16563 -0.0386708 -0.0382648
3.21449 -0.0410258 -0.0481641
3.26213 -0.0431364 -0.0442769
3.31086 -0.0457576 -0.0537325
3.35897 -0.0492195 -0.0718397
3.40668 -0.0498674 -0.0135791
3.45541 -0.0509336 -0.0218779
3.50391 -0.0523274 -0.0287293
3.55302 -0.0535011 -0.0238946
3.58947 -0.0523345 0.0319913
3.63137 -0.0506888 0.0392654
3.68097 -0.0458619 0.0969976
3.72142 -0.0434139 0.0604471
3.75082 -0.0417118 0.0578421
3.77907 -0.0409901 0.0255362
3.81493 -0.040274 0.0199695
3.83967 -0.0396455 0.0253929
3.87206 -0.040069 -0.0130788
3.90737 -0.039642 0.0120904
3.92441 -0.0394133 0.013423
3.96039 -0.0389401 0.0131504
3.99713 -0.0376722 0.0345005
4.01761 -0.0372422 0.0209842
4.04888 -0.0351984 0.0652836
4.07424 -0.0339064 0.0508897
4.10265 -0.0320065 0.0667866
4.1391 -0.0294443 0.0701659
4.15486 -0.0278351 0.101794
4.19267 -0.0211968 0.173762
4.21147 -0.0167596 0.231854
4.22266 -0.0130494 0.320003
4.2436 -0.0060068 0.324562
4.25896 -0.000512627 0.343325
4.26913 0.002514 0.289459
4.2906 0.00832691 0.264422
4.30495 0.0117119 0.23154
4.32378 0.0160913 0.228553
4.33029 0.017317 0.18605
4.36817 0.0246122 0.190259
4.40097 0.0297742 0.156097
4.42624 0.0354885 0.222426
4.46982 0.0463832 0.244957
4.51151 0.057031 0.25007
4.55197 0.0650943 0.196709
4.58902 0.0721512 0.188184
4.62083 0.076048 0.121909
4.66008 0.0780081 0.0499024
4.6857 0.0784321 0.0165464
4.70478 0.0785408 0.00569624
4.72144 0.0783419 -0.0119395
4.74051 0.0780959 -0.0128969
4.75706 0.0775793 -0.031203
4.76618 0.0769813 -0.065508
4.77728 0.0760056 -0.0876458
4.78562 0.0751579 -0.101281
4.80883 0.0728311 -0.0999544
4.81243 0.072795 -0.0100224
4.82774 0.0725257 -0.017594
4.84434 0.0722336 -0.0175901
4.86524 0.0717235 -0.0244066
4.88136 0.0709679 -0.0468343
4.89595 0.0698789 -0.0744862
4.91763 0.0674033 -0.113697
4.9215 0.0669231 -0.123403
4.92517 0.0664937 -0.116354
4.92642 0.0663721 -0.0970275
4.94277 0.0645952 -0.108274
4.95534 0.0632905 -0.103418
4.96808 0.0624789 -0.0636443
4.97835 0.0621076 -0.0361105
4.99521 0.0614218 -0.0406695
5.0025 0.0612674 -0.0211706
5.01214 0.0611249 -0.0147807
5.01897 0.0606805 -0.0649736
5.03281 0.0599032 -0.0561298
5.06025 0.0575853 -0.0842494
5.07779 0.0561584 -0.0812072
5.08377 0.0555083 -0.108126
5.09044 0.0548247 -0.10225
5.10351 0.0535805 -0.0949073
5.10975 0.0531548 -0.0681303
5.12043 0.0523392 -0.0762212
5.13153 0.0514884 -0.0764784
5.14329 0.0505285 -0.0814362
5.16137 0.0493689 -0.0640472
5.17462 0.0484439 -0.06972
5.18934 0.0466813 -0.119167
5.19242 0.0462311 -0.144835
5.19777 0.0453743 -0.158796
5.20932 0.0437141 -0.142776
True
0.0665449
