4.47183 0.0120988 2.73598
4.43783 0.0301764 2.65289
4.40059 0.0561221 2.5331
4.36016 0.0854788 2.51355
4.33238 0.107959 2.46123
4.2979 0.138048 2.42405
4.27261 0.16394 2.34441
4.24695 0.194346 2.27174
4.22682 0.219642 2.24312
4.20107 0.257964 2.16234
4.17493 0.293295 2.20779
4.14784 0.335091 2.14589
4.12407 0.374778 2.1104
4.10042 0.415622 2.09558
4.07703 0.456688 2.08857
4.05369 0.497526 2.09004
4.03219 0.536585 2.07396
4.01045 0.581607 2.02073
3.99347 0.617295 2.01489
3.96889 0.660834 2.08464
3.95311 0.689566 2.07308
3.93425 0.73215 1.98782
3.91954 0.766872 1.97155
3.90548 0.801171 1.95963
3.88933 0.836833 1.99625
3.86593 0.881016 2.05769
3.84306 0.925471 2.04604
3.82615 0.958161 2.04809
3.80367 1.00169 2.04764
3.78888 1.0344 1.99528
3.76751 1.07945 2.01375
3.74995 1.12065 1.97367
3.72757 1.16288 2.05822
3.70783 1.20104 2.04812
3.6909 1.23649 2.01635
3.66612 1.27973 2.0912
3.64675 1.31231 2.10699
3.6217 1.35548 2.09667
3.60458 1.3884 2.05049
3.5807 1.43233 2.06875
3.55749 1.47323 2.08679
3.53676 1.51616 2.0206
3.52099 1.54888 2.02
3.4988 1.59368 2.0308
3.47706 1.6332 2.07357
3.46547 1.6549 2.06125
3.45564 1.6717 2.10016
3.43548 1.7108 2.04698
3.4223 1.7395 2.00119
3.40007 1.78207 2.05226
3.3839 1.81142 2.07405
3.36614 1.84563 2.04961
3.34314 1.88759 2.07237
3.32783 1.91692 2.05182
3.30731 1.9524 2.09507
3.28248 1.99485 2.10022
3.2577 2.03474 2.12664
3.23416 2.07553 2.09423
3.20858 2.11672 2.1264
3.18854 2.14754 2.14733
3.16269 2.1838 2.19024
3.13656 2.21777 2.22632
3.11056 2.25933 2.13001
3.08972 2.2914 2.14691
3.06403 2.3288 2.17279
3.04993 2.34791 2.20626
3.02928 2.37446 2.23184
2.9994 2.41181 2.24559
2.96823 2.4509 2.24387
2.93763 2.48982 2.23699
2.91178 2.52066 2.2685
2.88213 2.5524 2.32219
2.8542 2.58222 2.32346
2.82631 2.6102 2.35465
2.79591 2.64073 2.35411
2.76224 2.67386 2.36424
2.72817 2.70466 2.40647
2.69088 2.73798 2.41235
2.65584 2.77071 2.3903
2.61951 2.80494 2.38585
2.58416 2.84001 2.36021
2.55455 2.86965 2.35576
2.51701 2.90267 2.4201
2.47945 2.93566 2.4209
2.44559 2.96448 2.43645
2.40682 2.99557 2.46573
2.36832 3.02746 2.4499
2.34947 3.04266 2.46286
2.31186 3.07408 2.44572
2.28675 3.09231 2.51355
2.24872 3.1204 2.50536
2.20874 3.14929 2.51587
2.17808 3.17565 2.43149
2.13969 3.20768 2.44618
2.11151 3.23073 2.45602
2.07273 3.26229 2.45844
2.03231 3.29168 2.51291
1.99082 3.31958 2.5496
1.96027 3.34046 2.54224
1.92362 3.36384 2.5736
1.88842 3.38712 2.55726
1.84708 3.415 2.5484
1.80725 3.4409 2.56492
1.77091 3.46328 2.58967
1.72741 3.48794 2.62583
1.69658 3.50452 2.64804
1.6693 3.51795 2.68419
1.63551 3.53396 2.69926
1.60033 3.5505 2.70197
1.55681 3.56957 2.72868
1.51141 3.58749 2.76564
1.4677 3.60181 2.82492
1.42008 3.61681 2.83647
1.38641 3.62592 2.87746
1.34559 3.63713 2.87359
1.30281 3.6484 2.88385
1.26583 3.6581 2.88506
1.21812 3.67029 2.8914
1.17338 3.68243 2.87669
1.14294 3.69029 2.88896
1.10066 3.70129 2.887
1.05426 3.71264 2.9018
1.00855 3.72426 2.89271
0.960397 3.73539 2.91436
0.911606 3.7462 2.92359
0.868378 3.75452 2.95136
0.819551 3.76483 2.9336
0.770869 3.77374 2.96059
0.724179 3.78286 2.94858
0.682667 3.78879 2.99971
0.634495 3.79619 2.98928
0.592544 3.80214 3.00055
0.56317 3.80629 3.00132
0.522666 3.81284 2.98122
0.488921 3.81818 2.98471
0.440497 3.82453 3.01114
0.391107 3.82871 3.05713
0.342069 3.83387 3.03681
0.295539 3.83836 3.04535
0.246596 3.84544 2.99798
0.201888 3.85172 3.00197
0.15725 3.85524 3.06297
0.108536 3.85596 3.1268
0.0588854 3.85621 3.13651
0.00899162 3.85699 3.12602
-0.0383995 3.85561 3.17065
-0.0820776 3.85479 -3.12274
-0.131987 3.85363 -3.11831
-0.181972 3.85314 -3.13176
-0.231791 3.85352 -3.14934
-0.280791 3.85289 3.15442
-0.318118 3.85055 -3.07881
-0.3622 3.84689 -3.05878
-0.400083 3.84379 -3.06
-0.449941 3.84084 -3.08248
-0.497991 3.83698 -3.06137
-0.547651 3.83149 -3.03148
-0.596261 3.82645 -3.03833
-0.645051 3.82079 -3.02612
-0.687461 3.8148 -3.00124
-0.73678 3.80795 -3.00368
-0.781476 3.79871 -2.93764
-0.829051 3.78893 -2.93888
-0.865014 3.78194 -2.94962
-0.913242 3.77372 -2.97279
-0.960353 3.7663 -2.98524
-1.0047 3.75897 -2.97799
-1.04387 3.75259 -2.98006
-1.09182 3.74697 -3.0248
-1.13597 3.74279 -3.0474
-1.17718 3.73539 -2.96379
-1.22532 3.72801 -2.98942
-1.27287 3.71898 -2.954
-1.31903 3.71083 -2.9669
-1.35776 3.70289 -2.93926
-1.40566 3.69501 -2.97865
-1.44109 3.68965 -2.99124
-1.49038 3.68184 -2.98457
-1.5395 3.67421 -2.98753
-1.58711 3.66774 -3.00632
-1.63625 3.65858 -2.95742
-1.68001 3.65275 -3.00915
-1.72911 3.64357 -2.95669
-1.77773 3.63542 -2.97552
-1.82215 3.62799 -2.97599
-1.85691 3.62361 -3.01617
-1.90638 3.61634 -2.99568
-1.95088 3.60855 -2.96819
-1.9967 3.60049 -2.96759
-2.03695 3.59246 -2.94471
-2.08333 3.58542 -2.99079
-2.11547 3.57989 -2.97118
-2.15565 3.57418 -3.00046
-2.20417 3.56661 -2.98686
-2.25311 3.55705 -2.94877
-2.29607 3.54899 -2.95618
-2.34406 3.5424 -3.00508
-2.39354 3.53567 -3.0063
-2.4385 3.52887 -2.99163
-2.48278 3.52213 -2.99037
-2.52995 3.51533 -2.99851
-2.57738 3.50949 -3.01914
-2.61676 3.50692 -3.07638
-2.65237 3.50457 -3.0756
-2.68344 3.5034 -3.10383
-2.70757 3.50216 -3.09034
-2.7262 3.50207 -3.13694
-2.743 3.50175 -3.12249
-2.76568 3.50164 -3.13686
-2.79989 3.50143 -3.1354
-2.84646 3.50124 -3.13747
-2.87219 3.50218 -3.17832
-2.91167 3.50276 3.127
-2.94957 3.50293 3.13706
-2.98018 3.50256 3.15368
-3.01441 3.50019 -3.07231
-3.04461 3.49731 -3.04658
-3.06701 3.49547 -3.05953
-3.09198 3.49381 -3.07546
-3.11523 3.4921 -3.06828
-3.15166 3.48818 -3.03416
-3.1776 3.48521 -3.02778
-3.19835 3.48412 -3.08911
-3.23013 3.48221 -3.08156
-3.24925 3.4806 -3.0575
-3.27683 3.47687 -3.00707
-3.29565 3.47486 -3.03547
-3.31515 3.47316 -3.05449
-3.3408 3.47058 -3.04159
-3.36284 3.46862 -3.05278
-3.38231 3.46645 -3.03052
-3.39159 3.46571 -3.0624
-3.41238 3.46385 -3.05223
-3.41808 3.46346 -3.07306
-3.43617 3.46249 -3.08775
-3.45017 3.46215 -3.11756
-3.46482 3.4614 -3.09015
-3.46872 3.46109 -3.06268
-3.49452 3.45911 -3.06524
-3.52491 3.45594 -3.03761
-3.53754 3.45471 -3.0442
-3.56097 3.45197 -3.02531
-3.57891 3.44982 -3.02247
-3.61817 3.44541 -3.02977
-3.65575 3.4399 -2.99592
-3.68453 3.43422 -2.9466
-3.7147 3.42954 -2.9878
-3.75502 3.42266 -2.97256
-3.78329 3.41678 -2.9367
-3.80703 3.41139 -2.91831
-3.83431 3.40454 -2.89534
-3.84965 3.40089 -2.90818
-3.86145 3.39807 -2.90713
-3.87045 3.39618 -2.93489
-3.88419 3.3931 -2.92104
-3.88908 3.39221 -2.96124
-3.8998 3.38984 -2.92384
-3.9111 3.38733 -2.92273
-3.92823 3.38302 -2.89534
-3.93443 3.38162 -2.91959
-3.94388 3.37969 -2.9402
-3.95597 3.37744 -2.9574
-3.97504 3.37443 -2.98505
-3.99278 3.37264 -3.04121
-4.01082 3.37151 -3.07856
-4.0236 3.37124 -3.12103
-4.04614 3.37083 -3.1232
-4.06265 3.37085 -3.14281
-4.07511 3.37097 3.1316
-4.0829 3.37076 3.16909
-4.08612 3.37073 -3.13333
-4.0919 3.37059 -3.11734
-4.09279 3.37058 -3.12393
-4.10952 3.36919 -3.05906
-4.12269 3.36802 -3.05292
-4.12968 3.36747 -3.06344
-4.13807 3.36686 -3.06895
-4.14696 3.36648 -3.09878
-4.17033 3.36593 -3.11813
-4.18585 3.36616 -3.15622
-4.19447 3.36621 3.13638
-4.20852 3.36657 3.11583
-4.21363 3.3667 3.11573
-4.22792 3.36754 3.0831
True
0.0669393
