-5.45271 0.539259 -0.196515
-5.41594 0.532825 -0.173221
-5.3666 0.524778 -0.161691
-5.31834 0.513609 -0.227415
-5.27171 0.504853 -0.185613
-5.22269 0.495077 -0.196833
-5.17375 0.487391 -0.155789
-5.12447 0.481131 -0.126342
-5.0772 0.475942 -0.10933
-5.0296 0.471067 -0.102079
-4.98163 0.467524 -0.0737219
-4.93914 0.462437 -0.119143
-4.88947 0.459242 -0.0642394
-4.8426 0.45645 -0.0595141
-4.80162 0.451649 -0.116588
-4.75255 0.44559 -0.122856
-4.71031 0.4406 -0.117608
-4.67524 0.436205 -0.124658
-4.62599 0.42914 -0.142494
-4.58628 0.423954 -0.129858
-4.54834 0.418343 -0.146835
-4.50389 0.410845 -0.16709
-4.45572 0.40295 -0.162452
-4.41449 0.396177 -0.162836
-4.36581 0.386644 -0.19335
-4.31808 0.378374 -0.171584
-4.27971 0.372991 -0.139383
-4.2323 0.365794 -0.150647
-4.1842 0.358652 -0.147423
-4.14552 0.350524 -0.207089
-4.10408 0.341634 -0.211333
-4.05505 0.333182 -0.170735
-4.00583 0.324737 -0.169908
-3.96103 0.317049 -0.169939
-3.91583 0.310878 -0.135709
-3.86681 0.30507 -0.117902
-3.8173 0.299153 -0.118965
-3.76994 0.292564 -0.138239
-3.72533 0.284594 -0.176773
-3.67619 0.275445 -0.184093
-3.63131 0.267695 -0.171006
-3.58488 0.259833 -0.167729
-3.53839 0.254586 -0.112375
-3.48979 0.249233 -0.109706
-3.44002 0.244542 -0.0939858
-3.3907 0.240105 -0.0897177
-3.34765 0.2376 -0.0581236
-3.302 0.234605 -0.0655073
-3.25286 0.231514 -0.0628251
-3.20312 0.227359 -0.0833476
-3.16006 0.224308 -0.070722
-3.11783 0.220932 -0.0797941
-3.07252 0.216114 -0.105917
-3.02404 0.211097 -0.103118
-2.97579 0.208546 -0.0528322
-2.93715 0.206091 -0.0634345
-2.89752 0.201968 -0.103646
-2.84976 0.198116 -0.0805053
-2.80108 0.192173 -0.12148
-2.75805 0.186747 -0.125422
-2.71684 0.18171 -0.121631
-2.66728 0.177033 -0.0940735
-2.61829 0.167731 -0.187677
-2.57189 0.159849 -0.168235
-2.52886 0.152915 -0.159767
-2.48662 0.145716 -0.168811
-2.44101 0.137442 -0.179454
-2.39224 0.128121 -0.188878
-2.34746 0.118222 -0.217553
-2.30451 0.111694 -0.150806
-2.25808 0.106167 -0.118488
-2.21255 0.0999535 -0.135653
-2.16972 0.0933789 -0.152288
-2.12041 0.0865068 -0.138486
-2.07226 0.0798293 -0.137791
-2.0277 0.0722461 -0.168582
-1.97827 0.0648805 -0.147911
-1.93628 0.0594042 -0.129695
-1.88827 0.0543262 -0.105372
-1.84021 0.0477879 -0.135224
-1.79198 0.0409322 -0.141208
-1.74948 0.033819 -0.165818
-1.70663 0.0270276 -0.15718
-1.66053 0.0197715 -0.156124
-1.6143 0.0120647 -0.165182
-1.5766 0.00550441 -0.172273
-1.53006 -0.00264552 -0.173357
-1.48346 -0.0106257 -0.169632
-1.43917 -0.0186706 -0.179677
-1.38981 -0.0253391 -0.134278
-1.34685 -0.031963 -0.152976
-1.29977 -0.0406097 -0.181651
-1.25534 -0.0493039 -0.193238
-1.20699 -0.0587399 -0.192719
-1.15846 -0.0660059 -0.148617
-1.11802 -0.0719278 -0.145417
-1.07205 -0.0790386 -0.15348
-1.02572 -0.0872248 -0.174866
-0.9832 -0.094847 -0.177388
-0.934225 -0.102407 -0.153147
-0.89201 -0.109958 -0.177007
-0.852281 -0.11572 -0.144025
-0.804907 -0.121614 -0.123776
-0.766205 -0.125274 -0.0943015
-0.717322 -0.130235 -0.101143
-0.668218 -0.134476 -0.0861463
-0.62024 -0.141559 -0.146575
-0.571213 -0.150074 -0.171961
-0.530972 -0.156136 -0.149529
-0.483652 -0.164796 -0.180992
-0.4472 -0.171097 -0.171168
-0.397991 -0.179945 -0.177917
-0.349057 -0.189288 -0.188658
-0.299909 -0.196956 -0.154765
-0.255644 -0.204783 -0.175018
-0.216412 -0.213663 -0.222586
-0.174035 -0.223317 -0.224004
-0.126131 -0.234834 -0.235932
-0.0873014 -0.243528 -0.220265
-0.0387421 -0.255443 -0.240611
0.000199808 -0.266672 -0.280737
0.0479997 -0.281259 -0.296189
0.0954479 -0.295007 -0.282028
0.142639 -0.309398 -0.296001
0.188066 -0.322944 -0.289802
0.232121 -0.336118 -0.290569
0.278755 -0.348783 -0.265188
0.325365 -0.359722 -0.230511
0.367555 -0.369497 -0.227685
0.416611 -0.379132 -0.193936
0.46515 -0.390014 -0.220533
0.511106 -0.39987 -0.211276
0.559318 -0.4131 -0.267824
0.604141 -0.423693 -0.232057
0.651335 -0.436701 -0.268953
0.69946 -0.450222 -0.273893
0.738808 -0.461164 -0.27123
0.779868 -0.469547 -0.201398
0.827751 -0.480013 -0.215195
0.87665 -0.490075 -0.202947
0.925534 -0.50057 -0.211465
0.971838 -0.50904 -0.180933
1.01747 -0.516642 -0.165067
1.06538 -0.523697 -0.146216
1.11415 -0.531914 -0.166905
1.15572 -0.539088 -0.170907
1.20146 -0.546842 -0.167945
1.2502 -0.557968 -0.224401
1.29825 -0.568705 -0.219852
1.33683 -0.576742 -0.205373
1.38496 -0.586848 -0.206992
1.43372 -0.596164 -0.188776
1.48225 -0.604606 -0.172206
1.51906 -0.609341 -0.127924
1.56806 -0.618301 -0.180863
1.61081 -0.62545 -0.165727
1.64637 -0.632115 -0.18525
1.69032 -0.640618 -0.191123
1.73604 -0.647359 -0.146376
1.7849 -0.656612 -0.187158
1.83419 -0.664485 -0.1584
1.88187 -0.672797 -0.172598
1.93013 -0.681631 -0.181045
1.97938 -0.690032 -0.168941
2.02817 -0.69798 -0.161501
2.07697 -0.705932 -0.161531
2.10875 -0.713244 -0.226125
2.15741 -0.723995 -0.21744
2.20649 -0.732952 -0.180529
2.24389 -0.738009 -0.134383
2.29319 -0.744702 -0.134956
2.34228 -0.753397 -0.175283
2.38556 -0.759061 -0.130131
2.41989 -0.765133 -0.175075
2.4652 -0.77288 -0.169337
2.5117 -0.782614 -0.206353
2.55724 -0.789655 -0.153393
2.60662 -0.797164 -0.15092
2.64324 -0.804363 -0.194072
2.68601 -0.813826 -0.217791
2.71777 -0.820127 -0.1958
2.76625 -0.831053 -0.221694
2.81403 -0.84055 -0.196181
2.86097 -0.850101 -0.200758
2.90927 -0.857525 -0.152491
2.95841 -0.863965 -0.13033
3.00615 -0.867586 -0.0756957
3.03926 -0.871139 -0.106922
3.08569 -0.877245 -0.13075
3.13151 -0.883258 -0.130504
3.18048 -0.890084 -0.138503
3.22831 -0.895326 -0.109142
3.27425 -0.899683 -0.0945639
3.32096 -0.905734 -0.128821
3.36926 -0.912233 -0.133755
3.39744 -0.915562 -0.117594
3.44084 -0.921347 -0.132519
3.48027 -0.929007 -0.191872
3.50007 -0.93205 -0.152527
3.51435 -0.934636 -0.179042
3.55018 -0.941295 -0.183761
3.58775 -0.94882 -0.197708
3.61513 -0.953063 -0.153737
3.63501 -0.955761 -0.134886
3.65495 -0.958063 -0.114889
3.68632 -0.962479 -0.139868
3.70505 -0.964976 -0.132555
3.72916 -0.967827 -0.117699
3.75304 -0.972049 -0.174994
3.77508 -0.975935 -0.174482
3.81374 -0.982262 -0.16225
3.85507 -0.989709 -0.178245
3.898 -0.996969 -0.167547
3.93753 -1.00214 -0.129968
3.98462 -1.00794 -0.122683
4.02427 -1.01542 -0.18639
4.05516 -1.02173 -0.201639
4.09352 -1.0284 -0.171966
4.11005 -1.03159 -0.190815
4.14801 -1.03702 -0.142215
4.17718 -1.04074 -0.126647
4.17465 -1.04051 -0.0885651
4.18558 -1.04123 -0.0655234
4.20555 -1.04213 -0.0451235
4.21604 -1.0428 -0.0638857
4.22743 -1.0442 -0.12232
4.2454 -1.04778 -0.19665
4.26327 -1.05141 -0.200384
4.28428 -1.05552 -0.193097
4.30804 -1.06229 -0.277303
4.31519 -1.06411 -0.249648
4.34003 -1.06995 -0.231219
4.36688 -1.07548 -0.202845
4.39963 -1.08191 -0.193857
4.43194 -1.08689 -0.153009
4.46892 -1.09072 -0.103123
4.51034 -1.09514 -0.106374
4.53992 -1.09932 -0.140511
4.57584 -1.10406 -0.130969
4.60515 -1.10783 -0.127985
4.6211 -1.10961 -0.111053
4.64551 -1.11184 -0.0911056
4.67281 -1.11441 -0.0938736
4.71789 -1.11747 -0.067863
4.75701 -1.11921 -0.0444655
4.77917 -1.12085 -0.0736478
4.82522 -1.1258 -0.107237
4.8583 -1.12926 -0.104015
4.89683 -1.13345 -0.108536
4.92798 -1.13548 -0.0650889
4.95679 -1.13645 -0.0336574
4.97015 -1.1367 -0.0186612
4.98137 -1.13669 0.00148286
4.99365 -1.13694 -0.0203119
5.01272 -1.13744 -0.0262509
5.02245 -1.13812 -0.0701535
5.03145 -1.13915 -0.113481
5.03514 -1.13959 -0.119559
5.05439 -1.14268 -0.159034
5.06671 -1.14449 -0.145921
5.08305 -1.14733 -0.172041
5.09907 -1.14955 -0.137709
5.11075 -1.15119 -0.139259
5.11728 -1.15232 -0.17237
5.13022 -1.15483 -0.191476
5.13598 -1.15606 -0.209827
5.14469 -1.15812 -0.232932
5.14726 -1.1586 -0.18511
5.1542 -1.15983 -0.174571
5.16069 -1.16088 -0.161025
5.16757 -1.16225 -0.196027
5.18298 -1.16518 -0.188075
5.19557 -1.16768 -0.195675
5.2042 -1.16955 -0.213319
5.20928 -1.1707 -0.222581
True
0.0678683
