-5.45726 1.1466 -0.209798
-5.41456 1.13905 -0.17499
-5.37331 1.1309 -0.195123
-5.32736 1.12067 -0.219051
-5.28131 1.11255 -0.174512
-5.2365 1.10336 -0.202251
-5.18805 1.09194 -0.231637
-5.13997 1.07982 -0.246744
-5.09254 1.06871 -0.230124
-5.04367 1.05842 -0.207589
-4.99529 1.04818 -0.208645
-4.96027 1.04099 -0.202494
-4.91809 1.033 -0.187063
-4.87115 1.02219 -0.226519
-4.82563 1.01101 -0.240742
-4.78772 1.00065 -0.266723
-4.7466 0.987698 -0.305188
-4.70917 0.97567 -0.310948
-4.6615 0.961952 -0.280228
-4.61367 0.950797 -0.229089
-4.56712 0.94119 -0.203516
-4.51942 0.931637 -0.197689
-4.49006 0.925759 -0.19754
-4.44225 0.915644 -0.208497
-4.401 0.906953 -0.207655
-4.3641 0.897899 -0.240608
-4.32848 0.89009 -0.215832
-4.28268 0.879874 -0.219434
-4.23722 0.866365 -0.288857
-4.19782 0.855395 -0.271579
-4.15002 0.841175 -0.289188
-4.10806 0.828413 -0.295254
-4.06221 0.813593 -0.312559
-4.01438 0.799018 -0.295802
-3.97784 0.787826 -0.297241
-3.93144 0.773844 -0.292697
-3.88365 0.759208 -0.297196
-3.83952 0.745492 -0.301317
-3.796 0.733721 -0.264149
-3.7479 0.721755 -0.243814
-3.69926 0.711078 -0.216103
-3.65113 0.699437 -0.237301
-3.61326 0.691644 -0.202944
-3.57185 0.680982 -0.252012
-3.52401 0.667532 -0.274084
-3.47642 0.658033 -0.196982
-3.43001 0.647783 -0.217418
-3.3818 0.639447 -0.171194
-3.33498 0.630586 -0.187043
-3.28994 0.621754 -0.193646
-3.24885 0.611548 -0.243446
-3.20126 0.599621 -0.245548
-3.15345 0.588897 -0.220648
-3.10578 0.574677 -0.289926
-3.05989 0.560167 -0.306223
-3.01248 0.545006 -0.309503
-2.96528 0.528552 -0.335453
-2.9178 0.512877 -0.318884
-2.88012 0.50163 -0.290059
-2.83856 0.487131 -0.335645
-2.79128 0.471484 -0.319605
-2.74321 0.45775 -0.278292
-2.69514 0.444145 -0.275803
-2.64902 0.428055 -0.335667
-2.60186 0.413162 -0.305922
-2.55516 0.397985 -0.31421
-2.509 0.382829 -0.317202
-2.46206 0.367673 -0.312361
-2.41661 0.354059 -0.291002
-2.37 0.339063 -0.311275
-2.3236 0.323528 -0.323088
-2.28129 0.3098 -0.313769
-2.23297 0.297031 -0.258327
-2.19352 0.28594 -0.274075
-2.15218 0.275703 -0.242727
-2.10708 0.264022 -0.25346
-2.05957 0.252712 -0.2337
-2.01195 0.240883 -0.243468
-1.96748 0.22906 -0.259887
-1.91962 0.215883 -0.268638
-1.87559 0.204823 -0.246081
-1.82767 0.192546 -0.25085
-1.78186 0.179514 -0.277132
-1.74526 0.169015 -0.279375
-1.6974 0.154986 -0.285129
-1.65366 0.141743 -0.293971
-1.60646 0.125243 -0.33632
-1.56073 0.109185 -0.337713
-1.51374 0.0932944 -0.326103
-1.47473 0.0821649 -0.277882
-1.42732 0.0669657 -0.310251
-1.3791 0.0538863 -0.264872
-1.33319 0.0404944 -0.283807
-1.29207 0.0303258 -0.242468
-1.24847 0.017234 -0.291652
-1.20021 0.0041326 -0.265132
-1.1584 -0.00708259 -0.262014
-1.10996 -0.0186074 -0.233617
-1.06208 -0.0327439 -0.287071
-1.01951 -0.0461076 -0.30416
-0.972605 -0.0608214 -0.303991
-0.925422 -0.075763 -0.306682
-0.891712 -0.0881506 -0.35216
-0.846859 -0.105549 -0.370038
-0.803825 -0.120243 -0.329024
-0.759122 -0.137667 -0.371658
-0.712294 -0.154373 -0.342679
-0.664971 -0.17039 -0.326359
-0.622902 -0.184796 -0.329926
-0.575936 -0.2018 -0.347366
-0.529334 -0.218809 -0.349969
-0.487344 -0.234803 -0.363928
-0.452586 -0.248541 -0.37639
-0.406702 -0.265238 -0.349006
-0.359123 -0.280368 -0.307879
-0.312695 -0.294659 -0.298612
-0.267001 -0.308594 -0.296005
-0.21973 -0.323974 -0.314565
-0.17526 -0.339293 -0.331746
-0.137051 -0.352861 -0.341204
-0.100935 -0.363074 -0.27559
-0.0546099 -0.374478 -0.241365
-0.00688341 -0.387962 -0.275365
0.0386627 -0.400794 -0.274603
0.0825595 -0.413664 -0.285194
0.125177 -0.428017 -0.324866
0.169298 -0.440328 -0.272113
0.212747 -0.452963 -0.282988
0.261412 -0.46423 -0.227521
0.310611 -0.473065 -0.177677
0.359843 -0.481707 -0.17377
0.405873 -0.490347 -0.185537
0.454925 -0.499827 -0.190906
0.494786 -0.508743 -0.220058
0.537845 -0.518849 -0.230525
0.586493 -0.529074 -0.207167
0.615914 -0.534904 -0.195619
0.661672 -0.543094 -0.177111
0.707194 -0.54941 -0.13787
0.747935 -0.556657 -0.17605
0.788119 -0.563071 -0.158268
0.836576 -0.57103 -0.16279
0.885184 -0.580674 -0.195859
0.934026 -0.591282 -0.213882
0.981925 -0.605525 -0.289033
1.02876 -0.621772 -0.333873
1.07552 -0.637646 -0.327272
1.12268 -0.652053 -0.296528
1.17024 -0.665355 -0.272721
1.21814 -0.679368 -0.284573
1.26613 -0.691321 -0.24412
1.314 -0.703391 -0.246996
1.35676 -0.715425 -0.274327
1.39951 -0.726618 -0.256085
1.44194 -0.737731 -0.256134
1.47804 -0.746566 -0.240023
1.52493 -0.757453 -0.228142
1.56798 -0.766838 -0.21466
1.61425 -0.775358 -0.182073
1.66295 -0.785397 -0.203291
1.71046 -0.792703 -0.152622
1.75896 -0.800895 -0.167321
1.80805 -0.810383 -0.190913
1.85657 -0.819834 -0.192358
1.89814 -0.82954 -0.229413
1.93908 -0.838717 -0.220493
1.98533 -0.848011 -0.198323
2.0306 -0.859231 -0.242935
2.07534 -0.869276 -0.22083
2.11518 -0.876 -0.167231
2.16168 -0.885313 -0.197636
2.197 -0.890862 -0.155863
2.24622 -0.898134 -0.146662
2.29452 -0.905306 -0.147447
2.34331 -0.913584 -0.168026
2.39003 -0.920523 -0.147467
2.42116 -0.925082 -0.145412
2.46521 -0.932456 -0.165883
2.50342 -0.937618 -0.134254
2.54805 -0.945325 -0.171009
2.58824 -0.955351 -0.244463
2.63026 -0.96513 -0.228635
2.6722 -0.974952 -0.230084
2.72006 -0.98657 -0.238153
2.76762 -0.998029 -0.236423
2.81501 -1.00964 -0.240343
2.86337 -1.01961 -0.203173
2.90819 -1.02776 -0.179879
2.95534 -1.03746 -0.202912
3.00195 -1.04799 -0.222138
3.044 -1.05845 -0.244013
3.07433 -1.06686 -0.270274
3.12194 -1.07927 -0.255051
3.16698 -1.09027 -0.239502
3.20306 -1.1004 -0.27376
3.24576 -1.11186 -0.262232
3.28179 -1.12122 -0.254081
3.32589 -1.13222 -0.24437
3.35633 -1.14041 -0.262899
3.38519 -1.14747 -0.240093
3.42133 -1.15684 -0.2537
3.45756 -1.16674 -0.266722
3.50054 -1.17709 -0.236231
3.54565 -1.18802 -0.237675
3.58895 -1.1984 -0.235219
3.6345 -1.20889 -0.226377
3.67888 -1.22038 -0.253459
3.71327 -1.22875 -0.238694
3.76013 -1.23903 -0.215969
3.80683 -1.24874 -0.205031
3.8469 -1.2589 -0.248203
3.88571 -1.26908 -0.256752
3.92993 -1.28179 -0.279716
3.97673 -1.2959 -0.292805
4.01499 -1.3068 -0.277722
4.04769 -1.31499 -0.245292
4.06057 -1.31855 -0.269253
4.08088 -1.32425 -0.273988
4.11068 -1.33394 -0.314429
4.13476 -1.34134 -0.297883
4.17007 -1.35279 -0.313634
4.19498 -1.36096 -0.316815
4.23469 -1.37493 -0.338302
4.27042 -1.38754 -0.339374
4.3047 -1.39847 -0.308766
4.32984 -1.40707 -0.329562
4.36773 -1.41951 -0.317254
4.39741 -1.42947 -0.323552
4.43972 -1.44179 -0.283438
4.45722 -1.44696 -0.287102
4.46627 -1.44944 -0.267879
4.47615 -1.45192 -0.245246
4.50149 -1.45852 -0.254838
4.51436 -1.46219 -0.277661
4.52858 -1.46589 -0.255003
4.54699 -1.47115 -0.278135
4.56824 -1.47688 -0.263322
4.58298 -1.481 -0.272797
4.59114 -1.48335 -0.280221
4.60619 -1.48762 -0.276191
4.62532 -1.49252 -0.251132
4.64094 -1.49665 -0.258568
4.65315 -1.50012 -0.27691
4.66655 -1.50396 -0.278926
4.67198 -1.50544 -0.26473
4.68565 -1.50875 -0.238184
4.70306 -1.51188 -0.177634
4.71516 -1.51367 -0.146745
4.72805 -1.51485 -0.0917857
4.73266 -1.51529 -0.09403
4.75031 -1.51669 -0.0789549
4.76245 -1.51798 -0.106416
4.78678 -1.52043 -0.100092
4.80725 -1.52238 -0.0952063
4.81953 -1.52374 -0.110507
4.83921 -1.52555 -0.0917289
4.85572 -1.52807 -0.151436
4.87625 -1.53155 -0.167641
4.89456 -1.53516 -0.194751
4.90461 -1.53719 -0.198957
4.9177 -1.53984 -0.200291
4.93727 -1.5445 -0.233359
4.95632 -1.54817 -0.190452
4.97324 -1.55138 -0.187879
4.98738 -1.5533 -0.134663
5.00485 -1.55579 -0.141534
5.02212 -1.55804 -0.129688
5.03344 -1.55921 -0.102757
5.04781 -1.56028 -0.074251
5.06213 -1.56125 -0.0674883
5.07739 -1.56306 -0.11812
5.09864 -1.56501 -0.0918588
5.10241 -1.56546 -0.116935
5.1066 -1.56603 -0.135333
5.11986 -1.56771 -0.125885
5.1311 -1.56926 -0.137482
5.15385 -1.57206 -0.122503
5.1756 -1.57408 -0.0924139
5.18839 -1.57528 -0.0939203
5.20062 -1.57568 -0.0329339
5.20477 -1.57593 -0.0598533
True
0.278891
