-5.4584 -0.218955 0.0975628
-5.40885 -0.213082 0.117958
-5.36337 -0.205342 0.168587
-5.32263 -0.196007 0.225206
-5.28553 -0.188263 0.205841
-5.23647 -0.178658 0.193295
-5.18792 -0.170267 0.171162
-5.13901 -0.159924 0.20842
-5.09363 -0.150265 0.209661
-5.04449 -0.141042 0.18554
-4.99519 -0.133324 0.155292
-4.94606 -0.124571 0.176311
-4.89672 -0.117837 0.135657
-4.84838 -0.114039 0.0784038
-4.80532 -0.109152 0.113007
-4.76443 -0.105602 0.0866075
-4.71522 -0.101202 0.0891823
-4.6714 -0.0928348 0.188641
-4.62425 -0.0830516 0.204587
-4.58281 -0.0735471 0.225489
-4.53577 -0.0622602 0.235463
-4.4872 -0.0503978 0.239573
-4.4423 -0.039701 0.233887
-4.39703 -0.0298431 0.214376
-4.34878 -0.0177432 0.24571
-4.2998 -0.00769425 0.202358
-4.2535 -0.000241801 0.159593
-4.20417 0.00738864 0.153463
-4.15664 0.0141194 0.14067
-4.10889 0.0208202 0.139443
-4.06041 0.0311087 0.209123
-4.0155 0.0395318 0.185379
-3.96669 0.0482316 0.176395
-3.92147 0.0537389 0.121196
-3.87237 0.0596461 0.119725
-3.82341 0.0669353 0.147793
-3.77917 0.0720949 0.116105
-3.73921 0.0750968 0.0749903
-3.69016 0.0804717 0.109146
-3.64066 0.0854794 0.100821
-3.59139 0.0916496 0.124572
-3.54208 0.0993179 0.154296
-3.49784 0.104821 0.123749
-3.45184 0.10952 0.101794
-3.40262 0.117618 0.163088
-3.35614 0.126197 0.182493
-3.31032 0.133285 0.153489
-3.26386 0.139019 0.122804
-3.21874 0.145577 0.144313
-3.17415 0.152267 0.148932
-3.12466 0.159094 0.137068
-3.07961 0.165477 0.140776
-3.03153 0.171645 0.127559
-2.99396 0.177993 0.167406
-2.95254 0.183657 0.135899
-2.9048 0.19091 0.150785
-2.85601 0.19985 0.181241
-2.80773 0.209279 0.192855
-2.75916 0.217654 0.17075
-2.71312 0.225546 0.169756
-2.66504 0.23465 0.187162
-2.61709 0.24325 0.177455
-2.56848 0.252842 0.19483
-2.51967 0.26127 0.170965
-2.47038 0.269524 0.165947
-2.42074 0.275341 0.116649
-2.37105 0.279862 0.0907265
-2.32122 0.282605 0.0549954
-2.27922 0.287488 0.115747
-2.23017 0.291318 0.0779011
-2.19447 0.295714 0.122564
-2.14523 0.303982 0.166333
-2.09774 0.310932 0.145329
-2.05161 0.317361 0.138452
-2.01132 0.321265 0.0966208
-1.96235 0.328394 0.144542
-1.92462 0.333292 0.129082
-1.8752 0.340321 0.141294
-1.82592 0.348809 0.170607
-1.7775 0.358817 0.203771
-1.73237 0.36486 0.133124
-1.69261 0.370906 0.150909
-1.64545 0.375884 0.10517
-1.59605 0.383441 0.151781
-1.54801 0.389711 0.129777
-1.50242 0.397196 0.16273
-1.45343 0.402651 0.110902
-1.41044 0.408936 0.145159
-1.36769 0.413284 0.101384
-1.31849 0.418172 0.0990122
-1.27582 0.422709 0.10592
-1.2347 0.428323 0.135688
-1.1896 0.435061 0.148312
-1.14261 0.441415 0.134406
-1.10034 0.448627 0.168975
-1.05511 0.454558 0.130391
-1.00579 0.459828 0.106439
-0.966177 0.464811 0.125161
-0.927807 0.471247 0.166185
-0.8788 0.479441 0.165666
-0.832614 0.488167 0.186734
-0.783658 0.497019 0.178869
-0.741675 0.50354 0.154098
-0.693869 0.510366 0.141835
-0.647563 0.516314 0.127753
-0.598697 0.521649 0.108732
-0.549605 0.526408 0.0966586
-0.500073 0.533202 0.136298
-0.450651 0.539022 0.117235
-0.40656 0.546194 0.161247
-0.362163 0.554421 0.183215
-0.318536 0.562343 0.179639
-0.269329 0.570928 0.17273
-0.220732 0.581432 0.212861
-0.171399 0.588503 0.142369
-0.126225 0.595704 0.158079
-0.0768634 0.60287 0.144162
-0.038996 0.608324 0.143055
0.00958376 0.615645 0.149573
0.0556869 0.622014 0.137273
0.105177 0.628867 0.137601
0.151361 0.632114 0.0701865
0.196238 0.635979 0.0858991
0.242768 0.640782 0.10286
0.288024 0.645175 0.0967746
0.337143 0.651923 0.136531
0.386425 0.660301 0.168387
0.42424 0.666396 0.159797
0.468167 0.673748 0.165833
0.506716 0.679377 0.145005
0.556007 0.687219 0.157774
0.599868 0.694709 0.16914
0.645318 0.703229 0.185303
0.6845 0.710434 0.181852
0.727839 0.719488 0.205955
0.776597 0.730547 0.223048
0.82252 0.739866 0.200192
0.87038 0.749019 0.188963
0.915017 0.754727 0.1272
0.962518 0.76123 0.13604
1.00866 0.767102 0.126586
1.05815 0.773788 0.134295
1.10624 0.778482 0.0972916
1.15517 0.785551 0.143483
1.20205 0.792673 0.150781
1.25149 0.799447 0.136175
1.2918 0.806757 0.179394
1.33757 0.815437 0.187382
1.38494 0.823554 0.169707
1.4339 0.832467 0.18008
1.47776 0.841454 0.202101
1.52001 0.848716 0.170221
1.56796 0.85863 0.203884
1.61373 0.865831 0.156052
1.65201 0.871714 0.152521
1.69794 0.879483 0.167565
1.73257 0.887259 0.220827
1.78196 0.895047 0.156403
1.83087 0.903832 0.177749
1.87986 0.91372 0.199145
1.92879 0.923761 0.202388
1.97704 0.933584 0.200863
2.02422 0.94246 0.185937
2.06011 0.94884 0.175933
2.10761 0.961513 0.260708
2.15474 0.973001 0.239107
2.19234 0.982702 0.252493
2.23717 0.992704 0.21951
2.28407 1.00262 0.208329
2.32692 1.01108 0.195047
2.3746 1.02008 0.186548
2.42297 1.02733 0.148813
2.47037 1.03606 0.182066
2.51744 1.04514 0.190488
2.5658 1.05168 0.134533
2.61147 1.0587 0.152422
2.65899 1.06593 0.150926
2.70806 1.07511 0.185117
2.74991 1.08363 0.20065
2.79886 1.09331 0.195342
2.84651 1.10473 0.235119
2.89239 1.11619 0.244806
2.93028 1.12652 0.266267
2.96537 1.13553 0.25124
3.0114 1.14513 0.205672
3.05626 1.15457 0.207464
3.10015 1.16248 0.178217
3.14452 1.171 0.189766
3.19353 1.18006 0.182738
3.23617 1.18946 0.216964
3.28505 1.19966 0.205815
3.32383 1.20733 0.195237
3.36885 1.21592 0.188523
3.417 1.22468 0.179965
3.46122 1.23046 0.129876
3.51002 1.23841 0.161572
3.53061 1.2405 0.10128
3.54939 1.24202 0.0804276
3.57306 1.24404 0.0851288
3.59971 1.24684 0.104783
3.63326 1.25092 0.120928
3.65842 1.25479 0.152888
3.68039 1.25737 0.116859
3.7134 1.26193 0.137165
3.73518 1.26536 0.156121
3.76592 1.26972 0.140914
3.80075 1.27676 0.199584
3.835 1.28377 0.201765
3.85759 1.288 0.185015
3.88705 1.29412 0.204819
3.91434 1.2991 0.180735
3.94657 1.30443 0.163776
3.97357 1.30975 0.19438
4.0064 1.31619 0.193876
4.04974 1.32329 0.162296
4.08622 1.33031 0.190133
4.10696 1.33413 0.182208
4.12142 1.33643 0.157761
4.14213 1.34017 0.178678
4.15647 1.34287 0.185883
4.15948 1.34349 0.204807
4.1724 1.34554 0.156967
4.1876 1.34831 0.180519
4.20704 1.35158 0.16651
4.23193 1.35611 0.179947
4.26132 1.36152 0.182267
4.30053 1.3687 0.180983
4.32853 1.37357 0.172272
4.35635 1.37882 0.186507
4.38442 1.38342 0.16248
4.41332 1.38768 0.146461
4.4411 1.39172 0.144247
4.48899 1.39655 0.100586
4.53641 1.40137 0.101194
4.5826 1.40821 0.147059
4.62906 1.41751 0.197472
4.67474 1.4266 0.196599
4.71305 1.43464 0.20686
4.74734 1.44133 0.192611
4.7682 1.44612 0.225492
4.80062 1.45245 0.193094
4.81822 1.45579 0.187002
4.83726 1.45889 0.161573
4.84683 1.46018 0.134294
4.872 1.46253 0.0930363
4.89299 1.46402 0.0707257
4.91428 1.46575 0.0813671
4.93011 1.4669 0.0720187
4.94415 1.46801 0.0790024
4.95576 1.46874 0.0631605
4.97659 1.47019 0.0696555
4.99393 1.47116 0.0558152
5.01385 1.47247 0.065458
5.01541 1.4726 0.0838158
5.0239 1.47316 0.0663293
5.03282 1.47419 0.114272
5.03704 1.4749 0.167942
5.05252 1.47739 0.159078
5.0533 1.47753 0.181316
5.06525 1.47993 0.19802
5.07373 1.4819 0.22848
5.08542 1.48467 0.232963
5.08821 1.48536 0.240981
5.09972 1.48789 0.21649
5.10668 1.48962 0.243867
5.11597 1.49173 0.22308
5.12639 1.4947 0.277201
5.14057 1.49949 0.326128
5.15351 1.50367 0.312562
5.15467 1.50401 0.286293
5.15982 1.50546 0.273531
5.17848 1.50953 0.214786
5.18641 1.51068 0.14379
5.19167 1.51129 0.115463
5.19828 1.51166 0.057136
5.20042 1.51184 0.0796624
True
0.265068
