-5.45697 0.385004 0.0968069
-5.41852 0.390817 0.150052
-5.37688 0.395156 0.10381
-5.33064 0.399491 0.0934876
-5.2814 0.404705 0.105493
-5.23223 0.409548 0.0981752
-5.18478 0.41371 0.0875016
-5.13681 0.418847 0.106684
-5.08936 0.424346 0.115359
-5.03967 0.428942 0.0922273
-4.99165 0.432676 0.0776106
-4.9418 0.436546 0.0774808
-4.89526 0.439996 0.0739836
-4.85704 0.443429 0.089586
-4.81378 0.447988 0.104994
-4.76865 0.452443 0.0984129
-4.72552 0.45771 0.121487
-4.68041 0.462698 0.110134
-4.63103 0.466094 0.0686787
-4.58196 0.472149 0.122754
-4.53899 0.478116 0.137987
-4.49226 0.48534 0.153406
-4.44308 0.493789 0.170111
-4.39379 0.502137 0.167779
-4.35077 0.507825 0.131464
-4.30138 0.515499 0.154115
-4.25659 0.522508 0.155245
-4.20744 0.529579 0.142884
-4.16158 0.535152 0.120924
-4.11457 0.538244 0.0656925
-4.06968 0.537932 -0.0069543
-4.0215 0.536717 -0.0252028
-3.97169 0.535741 -0.0196107
-3.92434 0.536012 0.00574018
-3.88287 0.536998 0.0237604
-3.83698 0.537962 0.0210113
-3.78783 0.539402 0.0292701
-3.73957 0.541671 0.0469908
-3.69723 0.542564 0.0211036
-3.65162 0.546851 0.0937145
-3.60946 0.551131 0.101161
-3.57215 0.555776 0.123849
-3.52318 0.561551 0.117402
-3.47669 0.567944 0.136647
-3.42703 0.573485 0.111106
-3.37747 0.578147 0.0938044
-3.34143 0.582477 0.119571
-3.29354 0.586452 0.0828068
-3.24395 0.589767 0.0667585
-3.19604 0.592088 0.0484051
-3.15226 0.594359 0.0518355
-3.10475 0.595974 0.0339601
-3.07085 0.598863 0.0850325
-3.02467 0.601681 0.0609425
-2.98476 0.602278 0.0149687
-2.93628 0.604128 0.0381376
-2.88876 0.606451 0.0488496
-2.83888 0.608468 0.0404187
-2.78915 0.610701 0.0448722
-2.74385 0.615346 0.102181
-2.70284 0.620881 0.134153
-2.65343 0.628195 0.146959
-2.61149 0.632891 0.111504
-2.56961 0.638215 0.126432
-2.52095 0.643074 0.0995283
-2.47151 0.647137 0.0820141
-2.4218 0.652448 0.106424
-2.37249 0.659924 0.150477
-2.32533 0.666845 0.145694
-2.28209 0.671684 0.111475
-2.24067 0.677037 0.128499
-2.19351 0.678836 0.0381378
-2.14679 0.682186 0.0715694
-2.10431 0.687097 0.115105
-2.06291 0.692264 0.124171
-2.01378 0.69862 0.128648
-1.96582 0.703571 0.102879
-1.92543 0.710081 0.159781
-1.87743 0.717937 0.162244
-1.82899 0.726796 0.180884
-1.78128 0.732365 0.116186
-1.73242 0.74067 0.168369
-1.69029 0.746883 0.146411
-1.64066 0.752423 0.111171
-1.59474 0.757711 0.114642
-1.54859 0.763296 0.120438
-1.4987 0.766549 0.0651232
-1.44897 0.771186 0.0929778
-1.39978 0.776121 0.099997
-1.35021 0.780151 0.0810933
-1.30034 0.783377 0.0646157
-1.25642 0.786587 0.0729531
-1.21301 0.790091 0.0805399
-1.16337 0.795893 0.11636
-1.11459 0.805318 0.190854
-1.07896 0.812281 0.192985
-1.03001 0.821922 0.194475
-0.983976 0.83231 0.221934
-0.94189 0.84134 0.21135
-0.900827 0.84769 0.153433
-0.851589 0.856326 0.173625
-0.802634 0.866493 0.204775
-0.762742 0.874601 0.200524
-0.723309 0.883076 0.211683
-0.674047 0.891599 0.171334
-0.630199 0.901175 0.215002
-0.593202 0.909976 0.233544
-0.544981 0.922695 0.257899
-0.508603 0.934582 0.31581
-0.468154 0.947889 0.317837
-0.420563 0.961468 0.27794
-0.380203 0.97301 0.278548
-0.332603 0.987723 0.299786
-0.287108 1.00403 0.344178
-0.254102 1.01474 0.313691
-0.207364 1.0277 0.270565
-0.162822 1.04103 0.290733
-0.124227 1.05234 0.285156
-0.0829973 1.0635 0.264292
-0.0357025 1.07403 0.219158
0.0100202 1.08775 0.291391
0.0532854 1.09922 0.259078
0.0951595 1.1122 0.300588
0.134719 1.1229 0.264155
0.18235 1.13666 0.281361
0.229632 1.15119 0.298034
0.273508 1.16405 0.285286
0.321528 1.17762 0.27523
0.355847 1.1877 0.285702
0.402854 1.2047 0.347109
0.449133 1.22033 0.325612
0.477815 1.22958 0.311959
0.525704 1.24355 0.284011
0.573124 1.25793 0.294289
0.621027 1.27152 0.276529
0.664941 1.2843 0.283231
0.713592 1.29572 0.230564
0.758784 1.30544 0.211815
0.806653 1.31806 0.257697
0.854387 1.32792 0.203649
0.903096 1.33894 0.222492
0.940595 1.34605 0.187472
0.989323 1.35462 0.174019
1.0339 1.3607 0.135663
1.06739 1.36387 0.0943582
1.11647 1.36722 0.0680722
1.16626 1.369 0.03586
1.21205 1.36995 0.0207496
1.2563 1.37168 0.0390489
1.30353 1.37156 -0.00267348
1.34961 1.37351 0.0423163
1.39136 1.3747 0.0285975
1.43438 1.37724 0.0589139
1.48407 1.38226 0.100682
1.52843 1.38631 0.0909975
1.5745 1.39079 0.0970688
1.61874 1.39538 0.103228
1.66697 1.40082 0.112415
1.71623 1.4043 0.0704894
1.76619 1.40633 0.040578
1.81522 1.40941 0.0628479
1.85746 1.41226 0.0672791
1.90731 1.41551 0.0650402
1.95688 1.41838 0.058026
2.00407 1.4201 0.0363568
2.04294 1.42009 -0.000410002
2.09106 1.41738 -0.0562093
2.13732 1.41502 -0.0509157
2.17782 1.41341 -0.0397972
2.22769 1.41432 0.0183727
2.27746 1.41775 0.0687878
2.31417 1.41973 0.0537178
2.36415 1.42057 0.0168933
2.41383 1.42195 0.027651
2.46368 1.42433 0.0478751
2.50731 1.42602 0.0385885
2.55221 1.42713 0.024684
2.59712 1.42884 0.038166
2.63794 1.43051 0.0408988
2.67387 1.4331 0.0718309
2.72356 1.43426 0.0234061
2.76524 1.43362 -0.0152568
2.81381 1.43545 0.0374802
2.85423 1.43481 -0.0158212
2.89941 1.43449 -0.00689806
2.94015 1.43408 -0.0102422
2.97958 1.43409 0.000304203
3.02773 1.43482 0.0150956
3.07465 1.43334 -0.0315092
3.12343 1.43143 -0.0389961
3.16839 1.4301 -0.0296885
3.21632 1.42808 -0.0421228
3.26576 1.42655 -0.0308581
3.31031 1.42457 -0.0445569
3.35905 1.42278 -0.0366511
3.39294 1.42167 -0.0325795
3.44013 1.42141 -0.00555732
3.48781 1.42235 0.0196173
3.52299 1.42333 0.0280472
3.57064 1.42444 0.0232873
3.6171 1.42444 -0.000147805
3.6635 1.42433 -0.00224312
3.69991 1.42335 -0.0268689
3.74656 1.42295 -0.00861389
3.77816 1.42296 0.000268461
3.81029 1.42389 0.0287808
3.85251 1.4249 0.0240458
3.89119 1.42475 -0.00394773
3.94026 1.42431 -0.00887123
3.98349 1.42398 -0.00774649
4.01841 1.42457 0.016976
4.0582 1.42449 -0.00204912
4.10499 1.42319 -0.0277541
4.13821 1.42343 0.00725559
4.1607 1.42403 0.0267428
4.17728 1.42422 0.0112679
4.20195 1.42369 -0.0216581
4.2329 1.42379 0.00335948
4.25498 1.42391 0.00552268
4.2945 1.4239 -0.000276379
4.31817 1.42429 0.0162561
4.347 1.42385 -0.0152481
4.37737 1.42348 -0.0121509
4.3981 1.42323 -0.0118485
4.42895 1.42272 -0.0167157
4.45002 1.42309 0.0179286
4.46477 1.42347 0.0254236
4.47104 1.42347 0.000163972
4.48663 1.42377 0.0194116
4.51328 1.42371 -0.00226858
4.53968 1.42424 0.0198968
4.56939 1.42501 0.02587
4.59708 1.42598 0.0350941
4.6239 1.4274 0.0530945
4.64457 1.42851 0.0535852
4.68824 1.43254 0.0920345
4.71909 1.43531 0.0895341
4.74475 1.43753 0.0860192
4.75051 1.43792 0.0683542
4.76011 1.43872 0.0833624
4.79333 1.44205 0.0997754
4.81865 1.44508 0.119373
4.83373 1.44744 0.154988
4.84139 1.44875 0.169945
4.85778 1.45174 0.180209
4.8672 1.45304 0.136997
4.88999 1.4552 0.0946259
4.89386 1.4554 0.0522444
4.90766 1.45646 0.0763237
4.93045 1.45866 0.0964179
4.94293 1.46034 0.133694
4.95661 1.46234 0.144814
4.9734 1.46494 0.154038
4.98951 1.46813 0.195021
4.99586 1.46948 0.209793
5.00518 1.4712 0.183104
5.01352 1.47252 0.155827
5.02277 1.4736 0.116743
5.02677 1.47398 0.0944643
5.03338 1.47431 0.0492993
5.04997 1.47473 0.025476
5.06155 1.47477 0.00356636
5.06774 1.47474 -0.00403651
5.07718 1.47448 -0.0277014
5.07998 1.4744 -0.0285386
5.08263 1.47419 -0.0799988
5.08738 1.47386 -0.0687541
5.08679 1.47389 -0.0427483
5.09019 1.47369 -0.0580502
5.09619 1.47327 -0.0708341
5.10024 1.47302 -0.0610087
5.10899 1.47216 -0.0974805
5.11344 1.47166 -0.112871
5.12601 1.47056 -0.0868285
5.13724 1.46951 -0.0938694
5.14654 1.46854 -0.103289
5.1497 1.46824 -0.0942356
5.15424 1.46781 -0.0959174
5.16822 1.4663 -0.107372
5.17088 1.46611 -0.0722448
5.17835 1.46526 -0.112706
5.19212 1.46349 -0.128004
5.1957 1.46293 -0.154957
5.20033 1.4621 -0.177463
5.20802 1.46096 -0.147569
True
0.24302
