4.47866 0.00412919 2.95049
4.43718 0.0161044 2.86052
4.41452 0.0252798 2.75681
4.37531 0.0419822 2.7389
4.34401 0.0577559 2.67475
4.31249 0.0761151 2.61425
4.27451 0.101229 2.55735
4.23649 0.126723 2.55085
4.22295 0.136011 2.54059
4.19168 0.156162 2.56908
4.17368 0.168489 2.54126
4.14117 0.193098 2.49359
4.11141 0.218523 2.43463
4.08099 0.245709 2.41221
4.05053 0.278795 2.31488
4.01871 0.31736 2.26065
3.9942 0.352149 2.18459
3.97435 0.384362 2.12319
3.95624 0.414744 2.10816
3.93539 0.452878 2.07114
3.91274 0.497144 2.04375
3.89529 0.531642 2.03912
3.87844 0.563024 2.06363
3.86318 0.59188 2.05722
3.84394 0.630153 2.03658
3.82859 0.660412 2.04032
3.8123 0.695229 2.00824
3.79381 0.740447 1.95908
3.78006 0.773649 1.96333
3.76957 0.799974 1.95
3.75195 0.846746 1.93117
3.73683 0.883779 1.95832
3.72023 0.930181 1.91431
3.71012 0.957298 1.92765
3.69228 0.999391 1.97181
3.67657 1.04019 1.9382
3.66001 1.08576 1.91941
3.64373 1.13113 1.91526
3.62667 1.17767 1.92218
3.61004 1.22187 1.93064
3.5959 1.26194 1.91009
3.58062 1.30929 1.88292
3.56522 1.35504 1.8956
3.55885 1.37442 1.88839
3.54311 1.42171 1.89193
3.52575 1.46575 1.94631
3.51351 1.49639 1.95095
3.49589 1.53997 1.95511
3.47749 1.58561 1.95403
3.46076 1.62838 1.94355
3.44794 1.65828 1.97591
3.4266 1.70346 2.01207
3.40586 1.74896 1.99843
3.38675 1.78678 2.03873
3.3683 1.82782 1.99323
3.34766 1.87213 2.00684
3.33367 1.89932 2.04591
3.31235 1.94243 2.03007
3.29103 1.98516 2.03361
3.273 2.0199 2.04941
3.24772 2.06304 2.10087
3.22518 2.1029 2.08558
3.1994 2.14354 2.13605
3.18391 2.17 2.10033
3.16129 2.20843 2.10266
3.13718 2.24685 2.13131
3.11828 2.2769 2.13234
3.09584 2.31689 2.08214
3.07724 2.34803 2.10905
3.05192 2.38973 2.11657
3.02349 2.43084 2.17584
2.9984 2.46598 2.19085
2.96962 2.50646 2.18891
2.94579 2.5399 2.18979
2.92444 2.56981 2.19081
2.89403 2.60753 2.2492
2.86825 2.63818 2.27029
2.83403 2.67465 2.32432
2.79966 2.71088 2.32994
2.7668 2.74265 2.37296
2.73232 2.77783 2.34609
2.69996 2.81007 2.35812
2.66401 2.84482 2.37324
2.63723 2.8692 2.40298
2.59934 2.9016 2.43412
2.57084 2.92882 2.37923
2.54879 2.95021 2.37138
2.51886 2.97982 2.36153
2.48374 3.01426 2.366
2.44988 3.04783 2.36046
2.41556 3.07997 2.38903
2.38394 3.10891 2.40036
2.35168 3.14183 2.34612
2.33283 3.1593 2.39414
2.29526 3.19214 2.42337
2.25766 3.22028 2.49899
2.22171 3.24802 2.48434
2.18675 3.27527 2.47958
2.1543 3.29873 2.51569
2.11451 3.32891 2.49264
2.07572 3.35844 2.49081
2.03363 3.38542 2.57166
1.99058 3.41084 2.60822
1.96283 3.42509 2.66716
1.93276 3.44199 2.62963
1.8988 3.45993 2.65567
1.85427 3.48132 2.69372
1.81112 3.50371 2.66295
1.77431 3.52173 2.68633
1.73856 3.54139 2.63872
1.69319 3.5624 2.70805
1.65786 3.57761 2.7349
1.61284 3.59912 2.69589
1.56853 3.6182 2.73513
1.54641 3.62644 2.78485
1.51729 3.63764 2.7743
1.47278 3.65461 2.77738
1.45178 3.66178 2.81249
1.40393 3.67614 2.85004
1.35893 3.69038 2.83529
1.31477 3.70313 2.86045
1.27503 3.71551 2.83944
1.22652 3.7276 2.89739
1.17762 3.73805 2.93103
1.13746 3.74685 2.92596
1.08883 3.75842 2.90795
1.04336 3.76837 2.92619
1.00743 3.77465 2.96857
0.965057 3.78322 2.94203
0.924149 3.78938 2.99222
0.882316 3.7952 3.00338
0.834607 3.80119 3.01658
0.786253 3.80599 3.04266
0.736751 3.81048 3.05117
0.699496 3.81486 3.02446
0.651231 3.82212 2.99247
0.618974 3.82729 2.98249
0.578237 3.83315 2.99869
0.537034 3.83897 3.00142
0.513103 3.84162 3.03102
0.478958 3.84509 3.04052
0.444621 3.84718 3.08061
0.395166 3.84732 3.13873
0.354158 3.84772 3.13201
0.310839 3.84641 3.17188
0.260864 3.84544 -3.12234
0.210988 3.84193 -3.07118
0.161253 3.8369 -3.04093
0.111415 3.83315 -3.06643
0.0683704 3.82721 -3.00447
0.0186648 3.82315 -3.0601
-0.0287012 3.81982 -3.07139
-0.0755946 3.81747 -3.09149
-0.118431 3.81516 -3.08774
-0.167494 3.81527 -3.1439
-0.217378 3.81188 3.20954
-0.267195 3.80937 -3.09134
-0.316999 3.80495 -3.05302
-0.35991 3.80069 -3.04279
-0.402332 3.79692 -3.05287
-0.436624 3.79356 -3.04377
-0.474677 3.79033 -3.0571
-0.523825 3.78395 -3.01251
-0.567221 3.77852 -3.01695
-0.614857 3.77049 -2.97473
-0.663947 3.76471 -3.02442
-0.712937 3.75738 -2.99302
-0.761977 3.7477 -2.94661
-0.797251 3.73971 -2.91892
-0.836971 3.73123 -2.93127
-0.885238 3.71914 -2.8962
-0.933625 3.70659 -2.88786
-0.966499 3.69836 -2.89625
-1.01448 3.68761 -2.92106
-1.06295 3.67644 -2.9151
-1.10311 3.66617 -2.89139
-1.15091 3.65203 -2.85382
-1.19881 3.63823 -2.86117
-1.23354 3.62752 -2.84237
-1.26801 3.61541 -2.80392
-1.31517 3.6 -2.82571
-1.36243 3.58459 -2.82647
-1.40972 3.56836 -2.81088
-1.45488 3.54835 -2.72456
-1.50057 3.52812 -2.72477
-1.54701 3.50977 -2.76529
-1.57028 3.49935 -2.72048
-1.6061 3.48231 -2.69754
-1.64575 3.46218 -2.67182
-1.68041 3.44533 -2.68912
-1.71876 3.4254 -2.66247
-1.76271 3.4016 -2.6452
-1.79722 3.38536 -2.70158
-1.83904 3.36599 -2.70782
-1.87217 3.34974 -2.68585
-1.91486 3.32777 -2.66622
-1.96052 3.30785 -2.73015
-2.0017 3.28987 -2.72994
-2.04508 3.26869 -2.68741
-2.08926 3.24528 -2.65424
-2.12415 3.22512 -2.61772
-2.16762 3.20114 -2.63754
-2.20856 3.17678 -2.6048
-2.24919 3.15395 -2.62964
-2.2913 3.12816 -2.59221
-2.33239 3.10306 -2.59314
-2.37473 3.07916 -2.62774
-2.40049 3.06476 -2.63182
-2.43998 3.04259 -2.63015
-2.48428 3.01941 -2.65946
-2.52818 2.99626 -2.65634
-2.5714 2.97111 -2.61452
-2.61395 2.94571 -2.60341
-2.65693 2.92087 -2.61765
-2.69731 2.89624 -2.59372
-2.73902 2.86967 -2.57444
-2.77237 2.84662 -2.53685
-2.80392 2.82354 -2.51007
-2.83645 2.79963 -2.50778
-2.86447 2.77977 -2.52486
-2.90495 2.75095 -2.52295
-2.9299 2.73256 -2.50632
-2.94917 2.71773 -2.48566
-2.97029 2.69999 -2.44305
-2.99315 2.68045 -2.43432
-3.00147 2.67346 -2.44261
-3.0223 2.65749 -2.48776
-3.04684 2.63881 -2.4909
-3.07625 2.61625 -2.48699
-3.11306 2.58918 -2.50756
-3.14816 2.56246 -2.49095
-3.17836 2.54292 -2.56754
-3.21623 2.51901 -2.57824
-3.2567 2.49444 -2.59603
-3.29026 2.4733 -2.57956
-3.32255 2.45225 -2.56381
-3.33632 2.44431 -2.6185
-3.36543 2.42682 -2.60071
-3.38219 2.41572 -2.55625
-3.38457 2.41416 -2.56304
-3.40149 2.40332 -2.5715
-3.42819 2.38566 -2.55721
-3.44739 2.37351 -2.57736
-3.46403 2.36334 -2.59303
-3.47382 2.35743 -2.59922
-3.49086 2.34652 -2.5717
-3.50419 2.33778 -2.56168
-3.52451 2.3246 -2.56599
-3.54377 2.31099 -2.52648
-3.5586 2.30027 -2.51563
-3.56776 2.29374 -2.52247
-3.57619 2.28756 -2.5083
-3.58357 2.28218 -2.51285
-3.58887 2.27825 -2.50227
-3.59736 2.27148 -2.46836
-3.6171 2.25528 -2.45439
-3.63634 2.24 -2.47073
-3.65709 2.22235 -2.4364
-3.66501 2.21554 -2.4322
-3.67813 2.20369 -2.40701
-3.69118 2.19262 -2.43811
-3.70198 2.18275 -2.40114
-3.71847 2.16803 -2.41282
-3.72664 2.16084 -2.41943
-3.74468 2.14653 -2.47122
-3.75237 2.14084 -2.50405
-3.75843 2.13672 -2.54448
-3.77475 2.1262 -2.56913
-3.78347 2.12106 -2.60871
-3.80068 2.1113 -2.62595
-3.8113 2.10579 -2.66283
-3.82242 2.0998 -2.64804
-3.83034 2.09551 -2.64417
-3.86204 2.07912 -2.66452
-3.88638 2.06693 -2.67713
-3.91304 2.05455 -2.70678
-3.92356 2.04942 -2.68848
-3.94002 2.04156 -2.69611
-3.95618 2.03363 -2.68541
-3.96431 2.02942 -2.66378
-3.98097 2.0213 -2.68809
-4.00058 2.01182 -2.69127
-4.01332 2.00574 -2.6961
-4.02577 1.99928 -2.66288
-4.03386 1.99501 -2.65618
-4.03762 1.99321 -2.69383
-4.05051 1.98735 -2.71523
-4.06706 1.98129 -2.79048
-4.07612 1.97857 -2.85014
-4.08212 1.97704 -2.89217
-4.0949 1.97333 -2.85885
-4.09943 1.97196 -2.8488
-4.10372 1.97059 -2.83181
-4.10822 1.969 -2.80164
-4.12618 1.96261 -2.79967
-4.14065 1.95682 -2.76141
-4.15023 1.95264 -2.72972
-4.15897 1.94839 -2.68886
-4.17078 1.94253 -2.68103
-4.17607 1.93967 -2.64647
-4.18654 1.93328 -2.59373
-4.19788 1.92605 -2.57359
-4.21086 1.9168 -2.52243
-4.21492 1.91372 -2.49358
-4.22432 1.90654 -2.48866
-4.23 1.90207 -2.47627
-4.24417 1.89097 -2.47683
-4.247 1.88887 -2.50228
True
0.0657674
