-5.46844 -0.582279 -0.149686
-5.42132 -0.590736 -0.177581
-5.37248 -0.60147 -0.216372
-5.3237 -0.610506 -0.183134
-5.28905 -0.618193 -0.21834
-5.24877 -0.625806 -0.186811
-5.20021 -0.637562 -0.237509
-5.15451 -0.650078 -0.267313
-5.10621 -0.662657 -0.25476
-5.05987 -0.673614 -0.232205
-5.0161 -0.681332 -0.174552
-4.96862 -0.69133 -0.207523
-4.92366 -0.69767 -0.14011
-4.87499 -0.702841 -0.105843
-4.83229 -0.709521 -0.155165
-4.78309 -0.716658 -0.144059
-4.73906 -0.720521 -0.0875013
-4.69667 -0.726227 -0.133819
-4.65707 -0.732258 -0.151107
-4.60974 -0.739938 -0.16089
-4.56016 -0.745675 -0.115199
-4.51102 -0.754293 -0.173592
-4.47328 -0.759906 -0.147676
-4.44829 -0.763502 -0.14289
-4.39903 -0.771954 -0.169926
-4.34992 -0.78064 -0.175061
-4.30446 -0.78706 -0.140281
-4.25498 -0.79405 -0.140361
-4.20851 -0.801305 -0.154875
-4.17738 -0.807744 -0.203913
-4.13285 -0.815853 -0.180153
-4.08452 -0.823759 -0.162148
-4.03558 -0.83232 -0.173177
-3.98901 -0.841491 -0.194419
-3.94958 -0.850357 -0.221223
-3.90112 -0.860847 -0.213179
-3.85276 -0.871426 -0.215346
-3.81218 -0.877324 -0.144328
-3.76876 -0.884073 -0.154198
-3.71974 -0.893842 -0.196712
-3.68266 -0.899721 -0.157234
-3.63335 -0.908033 -0.167023
-3.60482 -0.911707 -0.128011
-3.55576 -0.919269 -0.15295
-3.52935 -0.92413 -0.182063
-3.48657 -0.931506 -0.170725
-3.43749 -0.940984 -0.190748
-3.39017 -0.94822 -0.151753
-3.34646 -0.953401 -0.117966
-3.29853 -0.958413 -0.1042
-3.25494 -0.961487 -0.0704029
-3.21524 -0.963677 -0.0551106
-3.16998 -0.964651 -0.0215214
-3.12171 -0.966646 -0.0413082
-3.07243 -0.970988 -0.0878728
-3.0227 -0.975513 -0.0907531
-2.9783 -0.977462 -0.0438503
-2.9283 -0.977574 -0.00224696
-2.88256 -0.980213 -0.0576462
-2.83813 -0.979247 0.0217473
-2.80032 -0.979827 -0.0153531
-2.75051 -0.977977 0.037128
-2.70063 -0.974465 0.0702951
-2.65079 -0.970817 0.073058
-2.6115 -0.967281 0.0897763
-2.5788 -0.964362 0.0890299
-2.54261 -0.962666 0.0468327
-2.49271 -0.960233 0.0487103
-2.45194 -0.959946 0.00703824
-2.40223 -0.959707 0.00479978
-2.35233 -0.957293 0.0483507
-2.30333 -0.955176 0.0431674
-2.25379 -0.953694 0.0299135
-2.21212 -0.953144 0.0131817
-2.16221 -0.950083 0.0612683
-2.13096 -0.949819 0.0084329
-2.08123 -0.95095 -0.0227307
-2.03128 -0.951618 -0.0133739
-1.98866 -0.953945 -0.0545502
-1.94049 -0.957875 -0.0813846
-1.89881 -0.958634 -0.0182287
-1.85043 -0.958635 -2.10293e-05
-1.80045 -0.959745 -0.0222016
-1.75089 -0.959244 0.0101144
-1.70459 -0.957945 0.0280529
-1.66244 -0.95542 0.0598238
-1.61843 -0.953041 0.0540073
-1.57399 -0.951693 0.030322
-1.52409 -0.950653 0.0208442
-1.47855 -0.950488 0.00361949
-1.42931 -0.950427 0.00124992
-1.38051 -0.946441 0.0814894
-1.33263 -0.942791 0.0760695
-1.29016 -0.938721 0.0955707
-1.24159 -0.936826 0.0389901
-1.20089 -0.935422 0.0344688
-1.15629 -0.93511 0.00700729
-1.10679 -0.935044 0.00133274
-1.05975 -0.935513 -0.00996958
-1.02285 -0.936011 -0.0134902
-0.97317 -0.937124 -0.0224134
-0.939337 -0.935692 0.0423198
-0.889496 -0.932188 0.0701713
-0.842507 -0.928973 0.0683299
-0.805998 -0.926845 0.0582104
-0.771013 -0.924929 0.0547041
-0.729419 -0.923318 0.0387247
-0.685286 -0.923403 -0.00193007
-0.640758 -0.922225 0.0264423
-0.590777 -0.9211 0.0225092
-0.5408 -0.922613 -0.03027
-0.506396 -0.925212 -0.0753927
-0.458357 -0.927618 -0.0500505
-0.410669 -0.930408 -0.0584368
-0.365396 -0.934332 -0.0864614
-0.319326 -0.937902 -0.077331
-0.282979 -0.941218 -0.0909709
-0.235391 -0.945715 -0.0942293
-0.187699 -0.949467 -0.0785009
-0.138774 -0.952776 -0.0675239
-0.0889821 -0.957218 -0.0889875
-0.0425769 -0.961278 -0.0872713
0.00689415 -0.9672 -0.119127
0.0561493 -0.970995 -0.0769023
0.106098 -0.97272 -0.034513
0.15319 -0.972103 0.0130869
0.200672 -0.972163 -0.00125512
0.249215 -0.973699 -0.0316409
0.297941 -0.975893 -0.0449806
0.340408 -0.976203 -0.00730968
0.38995 -0.97887 -0.053784
0.433504 -0.983029 -0.095208
0.473287 -0.987092 -0.101756
0.521973 -0.994088 -0.142719
0.570093 -1.00087 -0.139958
0.611349 -1.00616 -0.127605
0.660666 -1.01317 -0.141279
0.70882 -1.01914 -0.123195
0.757949 -1.02528 -0.124397
0.80767 -1.03044 -0.103347
0.852437 -1.03469 -0.0946182
0.899677 -1.04063 -0.125283
0.947621 -1.04724 -0.136937
0.994776 -1.0538 -0.138278
1.04349 -1.06321 -0.190737
1.09259 -1.07252 -0.187349
1.13715 -1.08523 -0.27782
1.18146 -1.09518 -0.220901
1.22724 -1.10664 -0.245333
1.27244 -1.1179 -0.244062
1.30844 -1.1274 -0.258206
1.35699 -1.13921 -0.238559
1.39901 -1.151 -0.273549
1.44707 -1.1635 -0.254548
1.49233 -1.17917 -0.333241
1.5347 -1.19494 -0.356243
1.58118 -1.21302 -0.371062
1.62734 -1.23028 -0.357657
1.67509 -1.24505 -0.300045
1.71958 -1.25845 -0.292491
1.75793 -1.26875 -0.262524
1.79639 -1.28032 -0.292085
1.83917 -1.29318 -0.292022
1.88014 -1.30645 -0.313448
1.92458 -1.32068 -0.309688
1.96385 -1.33378 -0.3221
2.01165 -1.3481 -0.291059
2.05632 -1.36197 -0.301081
2.10418 -1.37478 -0.261505
2.14734 -1.38885 -0.31507
2.1926 -1.40169 -0.276521
2.23357 -1.41108 -0.225257
2.27784 -1.42371 -0.277859
2.32331 -1.43724 -0.289322
2.37023 -1.45446 -0.351752
2.41685 -1.47059 -0.333067
2.45149 -1.48205 -0.319397
2.49469 -1.49848 -0.363544
2.53212 -1.51222 -0.351789
2.57697 -1.53195 -0.41436
2.61654 -1.54811 -0.387779
2.66131 -1.5676 -0.410713
2.70288 -1.58493 -0.394856
2.74124 -1.60055 -0.386751
2.77984 -1.61648 -0.391347
2.82387 -1.63587 -0.414797
2.86973 -1.65565 -0.407188
2.90781 -1.67362 -0.441003
2.94594 -1.69096 -0.426745
2.98571 -1.70973 -0.441034
3.02856 -1.7286 -0.414762
3.07341 -1.75069 -0.457708
3.11136 -1.77044 -0.479808
3.14387 -1.78697 -0.47052
3.18777 -1.8085 -0.455913
3.22337 -1.8266 -0.470295
3.26516 -1.84614 -0.437404
3.30894 -1.86609 -0.427466
3.35184 -1.885 -0.41535
3.39406 -1.90086 -0.35928
3.43409 -1.91754 -0.39487
3.47773 -1.93732 -0.425415
3.52293 -1.95681 -0.407202
3.56339 -1.97534 -0.42939
3.6026 -1.99438 -0.452054
3.62989 -2.00769 -0.453826
3.66047 -2.02282 -0.459412
3.70283 -2.04288 -0.442252
3.74608 -2.06288 -0.433219
3.79065 -2.08062 -0.37874
3.81667 -2.09052 -0.363547
3.85245 -2.10367 -0.3522
3.88936 -2.11781 -0.366003
3.9248 -2.13125 -0.362467
3.94711 -2.14027 -0.384078
3.98027 -2.15378 -0.387013
4.01029 -2.16506 -0.359238
4.05547 -2.1798 -0.315491
4.08661 -2.18987 -0.312506
4.10894 -2.19761 -0.333744
4.13272 -2.2061 -0.34294
4.15949 -2.21585 -0.349279
4.18775 -2.22566 -0.334245
4.2192 -2.2374 -0.357102
4.24027 -2.24623 -0.396882
4.26121 -2.25486 -0.391257
4.29401 -2.26706 -0.355963
4.33713 -2.28553 -0.404724
4.37558 -2.3014 -0.391441
4.41564 -2.31877 -0.409114
4.44434 -2.33275 -0.453157
4.46005 -2.34061 -0.464183
4.4832 -2.35279 -0.484297
4.50832 -2.3653 -0.461897
4.53701 -2.37884 -0.441028
4.55206 -2.38517 -0.398383
4.58393 -2.39845 -0.394733
4.60776 -2.40873 -0.407306
4.63057 -2.41767 -0.373611
4.65076 -2.42506 -0.350472
4.67698 -2.43381 -0.322492
4.6905 -2.43851 -0.334011
4.7107 -2.44505 -0.313324
4.73434 -2.45317 -0.330578
4.76253 -2.46251 -0.32016
4.77339 -2.46623 -0.329645
4.79083 -2.47219 -0.329463
4.80384 -2.47614 -0.294704
4.82003 -2.48134 -0.310823
4.83342 -2.48525 -0.283924
4.84928 -2.48927 -0.248419
4.86156 -2.49277 -0.277359
4.87753 -2.49813 -0.324059
4.89379 -2.50399 -0.345737
4.90943 -2.50965 -0.347351
4.92192 -2.51385 -0.324317
4.93082 -2.51625 -0.263392
4.94715 -2.52122 -0.295628
4.96731 -2.5268 -0.269918
4.98191 -2.5309 -0.273597
4.99387 -2.53521 -0.346454
5.00333 -2.53873 -0.355801
5.02558 -2.54779 -0.386636
5.04227 -2.55458 -0.386527
5.05654 -2.56051 -0.393851
5.07357 -2.56748 -0.388285
5.0932 -2.57499 -0.365318
5.09601 -2.57596 -0.331756
5.10794 -2.58007 -0.33208
5.11184 -2.5814 -0.328983
5.11569 -2.58266 -0.316387
5.12174 -2.58486 -0.349474
5.12502 -2.58593 -0.313914
5.13457 -2.589 -0.310547
5.14344 -2.59154 -0.279045
5.15154 -2.5933 -0.214434
5.16484 -2.59613 -0.20933
5.19083 -2.60086 -0.180323
5.19289 -2.60118 -0.149906
5.21676 -2.60592 -0.196374
True
0.258872
