4.47865 0.00994592 2.70563
4.45417 0.0243314 2.61024
4.41197 0.0510959 2.57646
4.37323 0.0785957 2.5242
4.343 0.104409 2.43494
4.30488 0.136704 2.43868
4.27037 0.1699 2.37559
4.24027 0.199304 2.36801
4.20594 0.232031 2.38008
4.19506 0.242129 2.39329
4.17523 0.262253 2.34876
4.14452 0.301704 2.23226
4.12024 0.334685 2.20545
4.09784 0.369487 2.14268
4.06906 0.410337 2.18462
4.05397 0.431098 2.19927
4.03371 0.459058 2.19773
4.01647 0.486622 2.12982
3.99578 0.524192 2.07416
3.97645 0.561643 2.04723
3.95375 0.605973 2.04413
3.93573 0.642348 2.03066
3.91288 0.686664 2.04682
3.8991 0.719667 1.96635
3.88521 0.75573 1.93841
3.87096 0.796977 1.90354
3.85666 0.844881 1.8608
3.84938 0.874215 1.81413
3.84025 0.914691 1.79269
3.82705 0.962898 1.83805
3.81639 0.996553 1.87762
3.79908 1.04265 1.92996
3.78084 1.0892 1.94421
3.76493 1.13653 1.89505
3.74706 1.18081 1.95445
3.72921 1.22629 1.94488
3.71558 1.26198 1.93556
3.70792 1.28238 1.93
3.69057 1.32593 1.94993
3.66998 1.36987 2.00899
3.65741 1.3992 1.97551
3.64155 1.43138 2.02881
3.62074 1.47357 2.02909
3.59884 1.51513 2.0556
3.57571 1.55499 2.09677
3.5544 1.59082 2.10732
3.53705 1.62001 2.10723
3.51032 1.66052 2.15394
3.48468 1.70338 2.10989
3.45937 1.74372 2.13117
3.43336 1.78603 2.12191
3.41068 1.82391 2.11023
3.38673 1.86183 2.1343
3.37259 1.88621 2.09633
3.35109 1.92065 2.12876
3.32556 1.96364 2.10669
3.30316 1.99978 2.12566
3.28595 2.03098 2.07482
3.26509 2.07302 2.03151
3.24042 2.11392 2.11348
3.2149 2.15669 2.10878
3.1886 2.19678 2.15144
3.16701 2.22902 2.16086
3.1394 2.26992 2.16463
3.11095 2.30941 2.19516
3.08617 2.34223 2.21757
3.05562 2.38008 2.24976
3.02335 2.41701 2.28898
3.00012 2.44378 2.28544
2.9713 2.47622 2.2971
2.94732 2.50515 2.26287
2.91359 2.54084 2.328
2.88883 2.56781 2.3136
2.85759 2.60259 2.30268
2.82758 2.63609 2.30132
2.79908 2.6671 2.31395
2.76482 2.70232 2.34243
2.72773 2.73585 2.40652
2.69167 2.77048 2.37642
2.65668 2.80305 2.39198
2.63377 2.82533 2.3702
2.59749 2.85666 2.42923
2.56368 2.88672 2.41482
2.52731 2.91644 2.45651
2.49112 2.94583 2.45948
2.45293 2.97393 2.50727
2.41275 3.00333 2.50987
2.37612 3.0282 2.5452
2.34235 3.05188 2.52996
2.30088 3.07979 2.54932
2.25864 3.1065 2.57758
2.22399 3.1284 2.57808
2.1932 3.14997 2.5305
2.15432 3.18093 2.46921
2.11694 3.21103 2.46357
2.08866 3.23304 2.48024
2.04895 3.26309 2.49385
2.00699 3.29026 2.56692
1.96633 3.31917 2.52354
1.92462 3.3465 2.56157
1.89391 3.36518 2.59499
1.85134 3.39082 2.59955
1.81617 3.41014 2.63917
1.77164 3.4327 2.67272
1.73499 3.44969 2.70744
1.69009 3.47115 2.69571
1.65157 3.48969 2.69311
1.60731 3.51038 2.70421
1.56252 3.53077 2.71437
1.51605 3.54808 2.78498
1.46996 3.56594 2.77204
1.42933 3.57978 2.81318
1.38841 3.59306 2.82793
1.34152 3.6075 2.8428
1.2937 3.6216 2.85486
1.24551 3.63437 2.88261
1.21189 3.64281 2.89539
1.17334 3.65253 2.89479
1.13226 3.66259 2.90139
1.08395 3.6746 2.89783
1.03837 3.68466 2.9245
0.990317 3.69562 2.91739
0.943975 3.70947 2.85106
0.90222 3.72049 2.88355
0.854126 3.73316 2.88403
0.813794 3.7435 2.89071
0.774885 3.75138 2.9418
0.725411 3.75851 2.99846
0.676248 3.76633 2.98379
0.639521 3.77059 3.02617
0.589839 3.7762 3.029
0.540074 3.78105 3.04448
0.491455 3.78538 3.05291
0.441898 3.7892 3.06463
0.392341 3.79564 3.01232
0.343328 3.80254 3.00168
0.297388 3.80891 3.00376
0.249258 3.81461 3.02375
0.201062 3.82021 3.02591
0.152156 3.82631 3.01751
0.104145 3.8312 3.04013
0.0544853 3.83698 3.02585
0.0168963 3.84076 3.04124
-0.0328661 3.84512 3.05418
-0.0784445 3.84785 3.08176
-0.124596 3.85004 3.09424
-0.173619 3.85229 3.09578
-0.2236 3.85192 3.14883
-0.269521 3.85226 -3.14893
-0.31791 3.85132 3.1611
-0.367647 3.84921 -3.09919
-0.414536 3.8465 -3.08397
-0.464501 3.84524 -3.11642
-0.506394 3.8437 -3.10474
-0.554459 3.84413 -3.15049
-0.596189 3.84393 3.14639
-0.643158 3.84641 -3.19436
-0.690797 3.84847 3.09833
-0.733201 3.8509 3.08433
-0.769831 3.85337 3.07431
-0.810761 3.85376 3.13194
-0.858343 3.85671 3.07973
-0.907391 3.859 3.09503
-0.95679 3.85827 3.15636
-1.00587 3.85799 -3.13591
-1.0537 3.85517 -3.08274
-1.10183 3.85246 -3.08536
-1.14478 3.85163 -3.12224
-1.18688 3.8501 -3.1054
-1.23677 3.8468 -3.07541
-1.28645 3.84381 -3.08157
-1.33538 3.84118 -3.08778
-1.38165 3.83732 -3.05838
-1.41988 3.83507 -3.08292
-1.4653 3.83323 -3.10107
-1.51292 3.83111 -3.09705
-1.56248 3.82636 -3.046
-1.6091 3.8218 -3.04413
-1.65146 3.8182 -3.05692
-1.69472 3.81502 -3.06825
-1.74435 3.81094 -3.05958
-1.7792 3.80816 -3.06202
-1.82912 3.80527 -3.08364
-1.87436 3.80239 -3.07802
-1.92435 3.8021 -3.1358
-1.97429 3.80244 -3.14843
-2.0216 3.80247 3.14107
-2.06883 3.80095 3.17358
-2.10661 3.8003 -3.12426
-2.15232 3.79842 -3.10053
-2.20066 3.79878 -3.14901
-2.23539 3.79885 3.13962
-2.26664 3.79692 3.20336
-2.31656 3.79636 -3.13043
-2.35758 3.79426 -3.0906
-2.38442 3.79341 -3.10973
-2.42306 3.79197 -3.10433
-2.45863 3.79 -3.08618
-2.49422 3.78907 -3.11569
-2.52117 3.7894 -3.15362
-2.56336 3.79078 3.10874
-2.60821 3.79115 3.13336
-2.65064 3.79176 3.12733
-2.69607 3.79402 3.09192
-2.73049 3.795 3.11301
-2.76824 3.79611 3.11221
-2.80049 3.79606 3.14328
-2.83911 3.79528 -3.12156
-2.87775 3.79601 -3.16038
-2.90949 3.79819 3.07305
-2.9369 3.80093 3.04193
-2.96474 3.80338 3.05369
-2.98946 3.80415 3.11051
-3.01208 3.80457 3.12307
-3.04377 3.80396 3.16069
-3.07502 3.80315 -3.11564
-3.12008 3.80118 -3.09774
-3.16347 3.79924 -3.09694
-3.19818 3.797 -3.07714
-3.24373 3.79478 -3.09302
-3.27084 3.79424 -3.12145
-3.30069 3.79291 -3.0971
-3.31723 3.79232 -3.1062
-3.34312 3.79072 -3.07986
-3.35717 3.78992 -3.0845
-3.3761 3.78896 -3.09079
-3.39263 3.78831 -3.10226
-3.40132 3.78786 -3.09031
-3.40645 3.78781 -3.13183
-3.41622 3.78774 -3.13456
-3.43879 3.78713 -3.11454
-3.45324 3.78733 -3.1555
-3.4714 3.78826 3.09051
-3.47986 3.78903 3.05029
-3.49797 3.78952 3.11452
-3.51664 3.79003 3.11446
-3.52369 3.79018 3.12022
-3.54402 3.79085 3.10847
-3.56885 3.79229 3.08376
-3.5917 3.79379 3.07598
-3.60815 3.79487 3.07652
-3.63118 3.79604 3.09059
-3.64986 3.79702 3.08918
-3.67619 3.79718 3.13556
-3.68749 3.79681 3.1744
-3.70444 3.79621 -3.10643
-3.7394 3.79507 -3.10898
-3.77841 3.79388 -3.11117
-3.80026 3.79312 -3.10659
-3.81049 3.7926 -3.09094
-3.81778 3.7921 -3.07333
-3.82802 3.79154 -3.08626
-3.84035 3.79126 -3.11959
-3.85677 3.79099 -3.12513
-3.86497 3.79062 -3.09618
-3.89342 3.78848 -3.06655
-3.92115 3.78672 -3.07809
-3.94962 3.78493 -3.07882
-3.96997 3.78333 -3.0634
-3.99761 3.78167 -3.08156
-4.01626 3.78065 -3.08664
-4.03601 3.77967 -3.09236
-4.04971 3.77951 -3.12924
-4.07289 3.77861 -3.10285
-4.07812 3.7784 -3.10207
-4.08845 3.77814 -3.11618
-4.09586 3.77795 -3.11684
-4.11769 3.77713 -3.10384
-4.13 3.77653 -3.09297
-4.12746 3.77664 -3.09828
-4.14382 3.77624 -3.11713
-4.15304 3.77591 -3.10628
-4.17251 3.77644 -3.16859
-4.18689 3.77727 3.08409
-4.20175 3.77842 3.06405
-4.21154 3.77897 3.08598
-4.22151 3.7793 3.10786
True
0.0669344
