-5.46188 -0.378505 -0.112999
-5.42113 -0.382806 -0.105167
-5.37578 -0.390036 -0.158105
-5.3336 -0.396489 -0.151801
-5.2886 -0.404232 -0.170415
-5.24053 -0.416004 -0.240143
-5.20026 -0.424426 -0.206199
-5.15153 -0.434969 -0.213047
-5.10804 -0.442608 -0.173866
-5.0588 -0.450319 -0.15536
-5.01404 -0.458702 -0.185118
-4.96489 -0.467903 -0.185076
-4.9177 -0.477856 -0.20788
-4.86835 -0.485674 -0.157104
-4.81928 -0.494555 -0.179056
-4.77471 -0.504358 -0.216473
-4.72765 -0.514153 -0.20521
-4.67865 -0.522921 -0.177085
-4.64315 -0.529146 -0.173572
-4.59372 -0.536518 -0.148039
-4.54489 -0.543628 -0.144618
-4.49891 -0.550312 -0.14434
-4.45965 -0.55422 -0.0992266
-4.42027 -0.559254 -0.127113
-4.37338 -0.565257 -0.12733
-4.32394 -0.572626 -0.147951
-4.2833 -0.578382 -0.140702
-4.23838 -0.583629 -0.116288
-4.19075 -0.589657 -0.125882
-4.14375 -0.595618 -0.126172
-4.09721 -0.602574 -0.148356
-4.06017 -0.608913 -0.169481
-4.01746 -0.614689 -0.134467
-3.96979 -0.624409 -0.201102
-3.92173 -0.634545 -0.207868
-3.87726 -0.645704 -0.245883
-3.83287 -0.656571 -0.240051
-3.78448 -0.666631 -0.204991
-3.73656 -0.675055 -0.174019
-3.68775 -0.685838 -0.217397
-3.65 -0.694476 -0.224935
-3.60709 -0.703703 -0.211845
-3.56045 -0.716622 -0.270213
-3.5124 -0.730056 -0.272631
-3.47446 -0.741121 -0.283772
-3.42994 -0.755232 -0.30695
-3.39153 -0.767235 -0.302867
-3.3442 -0.783281 -0.326851
-3.29811 -0.798229 -0.313619
-3.26231 -0.809501 -0.305037
-3.21986 -0.822171 -0.290059
-3.17723 -0.837175 -0.338427
-3.1298 -0.852965 -0.321336
-3.0848 -0.869102 -0.344345
-3.03764 -0.885656 -0.337605
-2.99348 -0.900127 -0.316647
-2.95593 -0.912576 -0.320135
-2.91825 -0.924161 -0.298288
-2.87082 -0.939239 -0.307806
-2.8292 -0.953587 -0.331949
-2.78185 -0.968384 -0.302901
-2.73542 -0.986828 -0.378105
-2.69668 -1.00319 -0.399635
-2.6577 -1.02077 -0.423564
-2.61241 -1.04091 -0.418478
-2.56617 -1.05791 -0.35228
-2.5194 -1.07481 -0.346922
-2.47273 -1.09198 -0.352511
-2.43268 -1.10631 -0.343584
-2.39226 -1.12222 -0.374876
-2.34503 -1.13856 -0.33315
-2.29769 -1.15432 -0.321396
-2.25085 -1.16899 -0.303419
-2.20599 -1.18405 -0.323952
-2.16003 -1.19909 -0.316326
-2.11422 -1.21314 -0.297585
-2.06651 -1.22689 -0.280459
-2.02688 -1.23659 -0.24024
-1.9838 -1.24836 -0.266568
-1.93628 -1.26026 -0.245433
-1.89959 -1.2679 -0.205242
-1.85053 -1.27447 -0.133148
-1.80109 -1.28015 -0.114408
-1.75179 -1.28481 -0.0942261
-1.70186 -1.28673 -0.0383433
-1.65849 -1.28943 -0.0623179
-1.62524 -1.29323 -0.113652
-1.58874 -1.29699 -0.102835
-1.54068 -1.30285 -0.121221
-1.49124 -1.31021 -0.147897
-1.44212 -1.31901 -0.177246
-1.39693 -1.32794 -0.195099
-1.35209 -1.33654 -0.189426
-1.30645 -1.34338 -0.148745
-1.26309 -1.34949 -0.139894
-1.21349 -1.3558 -0.126571
-1.16397 -1.36148 -0.114227
-1.1183 -1.36562 -0.0904827
-1.06859 -1.36991 -0.0861319
-1.01894 -1.3719 -0.0399353
-0.973606 -1.37148 0.0092215
-0.923621 -1.37252 -0.0207885
-0.875014 -1.37415 -0.0336213
-0.827594 -1.37443 -0.00584829
-0.780854 -1.37594 -0.0322394
-0.733688 -1.3785 -0.0543293
-0.683936 -1.3806 -0.0421361
-0.642404 -1.37951 0.0263807
-0.592582 -1.37916 0.00701681
-0.551151 -1.37874 0.00997034
-0.505971 -1.37912 -0.00831612
-0.456025 -1.37999 -0.017381
-0.408724 -1.38192 -0.0408533
-0.362468 -1.38468 -0.0596575
-0.314053 -1.38415 0.0109897
-0.267377 -1.38453 -0.00807856
-0.2218 -1.38592 -0.0304356
-0.182302 -1.38721 -0.03275
-0.13526 -1.38917 -0.0415413
-0.0859057 -1.39155 -0.0481904
-0.0359979 -1.39453 -0.0597761
0.0080061 -1.397 -0.0560403
0.0545958 -1.39882 -0.0391104
0.102541 -1.39811 0.0148215
0.150078 -1.39769 0.00890191
0.197127 -1.39711 0.0123011
0.246038 -1.39606 0.021539
0.292265 -1.39673 -0.014624
0.342226 -1.39577 0.0192249
0.391543 -1.39465 0.0228165
0.440898 -1.39363 0.0206231
0.49053 -1.39248 0.023245
0.539734 -1.39394 -0.0297865
0.584065 -1.39473 -0.0177049
0.627018 -1.39425 0.0111496
0.667521 -1.39404 0.00505211
0.717048 -1.39379 0.00506983
0.763107 -1.39328 0.0111258
0.811708 -1.39288 0.00817073
0.86083 -1.39295 -0.00133282
0.897981 -1.39089 0.0552326
0.947898 -1.38914 0.0351019
0.991094 -1.38523 0.0903879
1.03352 -1.38197 0.0764939
1.0829 -1.38152 0.00927548
1.13252 -1.37853 0.0602082
1.17876 -1.37507 0.0745966
1.22858 -1.37305 0.0404918
1.27436 -1.3722 0.018514
1.32423 -1.37121 0.0199975
1.37412 -1.37007 0.0227629
1.42218 -1.36727 0.0581759
1.47039 -1.36372 0.0735293
1.51506 -1.36378 -0.00132077
1.56362 -1.36278 0.020526
1.60598 -1.36184 0.0221334
1.65313 -1.35907 0.0588314
1.69723 -1.35861 0.0104497
1.74708 -1.35719 0.0283173
1.79298 -1.35694 0.00561257
1.84291 -1.35435 0.0517043
1.88339 -1.35256 0.0442284
1.93184 -1.35197 0.0122019
1.98168 -1.35069 0.0256526
2.03154 -1.34835 0.0468128
2.08139 -1.34464 0.0743885
2.12681 -1.34234 0.050655
2.17437 -1.34068 0.0348341
2.22274 -1.33927 0.0291782
2.27046 -1.33861 0.0137025
2.32041 -1.33721 0.028134
2.36196 -1.33898 -0.0425591
2.41142 -1.33921 -0.00465645
2.45358 -1.34061 -0.0333082
2.50329 -1.34371 -0.0622417
2.55247 -1.34469 -0.019928
2.59964 -1.34548 -0.0166969
2.647 -1.34625 -0.0162899
2.69586 -1.34599 0.00539439
2.74584 -1.34625 -0.00533566
2.79579 -1.34759 -0.026752
2.83642 -1.35015 -0.062828
2.87425 -1.35084 -0.0182545
2.92354 -1.35358 -0.0556326
2.9734 -1.35564 -0.0413239
3.01408 -1.35536 0.00696255
3.06212 -1.35523 0.00274205
3.10918 -1.35598 -0.0159562
3.15649 -1.35585 0.00282955
3.20318 -1.35585 -0.00011153
3.24717 -1.35555 0.00692097
3.2937 -1.35476 0.0169496
3.33934 -1.35511 -0.00775739
3.37596 -1.3567 -0.0434352
3.40589 -1.35754 -0.0278044
3.43848 -1.35905 -0.0463152
3.47224 -1.3596 -0.0163762
3.50352 -1.36021 -0.019654
3.54395 -1.3602 0.000309549
3.563 -1.36016 0.00209867
3.58681 -1.3603 -0.00566882
3.62354 -1.36026 0.000927723
3.65812 -1.36069 -0.0123755
3.70324 -1.36151 -0.0181588
3.75157 -1.36515 -0.0751538
3.79816 -1.37303 -0.167701
3.82416 -1.37625 -0.122876
3.85112 -1.37966 -0.126016
3.86331 -1.38089 -0.100259
3.86469 -1.38103 -0.103106
3.8811 -1.38346 -0.146713
3.89095 -1.38487 -0.142109
3.91728 -1.38786 -0.113157
3.94889 -1.39203 -0.131222
3.95964 -1.39362 -0.146849
3.98387 -1.39697 -0.137257
4.00604 -1.40064 -0.164401
4.02663 -1.40465 -0.192048
4.05576 -1.40907 -0.150729
4.07657 -1.41221 -0.149852
4.09466 -1.41474 -0.138613
4.10388 -1.41639 -0.176968
4.11349 -1.41781 -0.147377
4.13492 -1.42091 -0.14332
4.1499 -1.42357 -0.175916
4.17125 -1.42733 -0.174317
4.18437 -1.42926 -0.146464
4.19489 -1.43076 -0.141103
4.21247 -1.43331 -0.144277
4.23555 -1.43622 -0.125386
4.2427 -1.43712 -0.125104
4.25128 -1.43804 -0.10709
4.25783 -1.439 -0.145204
4.26899 -1.44052 -0.135559
4.28282 -1.44212 -0.114721
4.30407 -1.44444 -0.108669
4.32808 -1.44716 -0.112885
4.34599 -1.44897 -0.100608
4.35833 -1.45008 -0.0899177
4.38869 -1.45255 -0.0813768
4.42946 -1.45549 -0.0719058
4.45992 -1.45719 -0.0557104
4.49524 -1.45948 -0.0646253
4.5286 -1.46164 -0.0648165
4.55299 -1.46261 -0.0398759
4.57661 -1.4634 -0.0331756
4.59376 -1.46469 -0.0750578
4.5982 -1.46525 -0.125372
4.61182 -1.46709 -0.134429
4.62903 -1.46912 -0.117694
4.65549 -1.47337 -0.159216
4.66559 -1.47533 -0.191635
4.69143 -1.47955 -0.161927
4.70385 -1.4822 -0.209992
4.72325 -1.48662 -0.223998
4.74032 -1.49064 -0.231516
4.76579 -1.49704 -0.24591
4.78941 -1.50306 -0.249764
4.81375 -1.50952 -0.259182
4.8382 -1.51441 -0.197672
4.84655 -1.5158 -0.164819
4.86255 -1.51821 -0.149261
4.88374 -1.52105 -0.133123
4.89455 -1.52246 -0.129898
4.89728 -1.52284 -0.138046
4.90333 -1.52375 -0.149724
4.92169 -1.5264 -0.14351
4.93948 -1.52929 -0.160757
4.94148 -1.52967 -0.189175
4.94261 -1.52986 -0.171
4.95018 -1.53099 -0.147159
4.95782 -1.53208 -0.14264
4.96192 -1.53275 -0.161497
4.97078 -1.53433 -0.175984
4.97833 -1.53573 -0.183735
4.98889 -1.53735 -0.152425
5.00447 -1.53995 -0.165204
5.01548 -1.54146 -0.136314
5.0243 -1.54249 -0.115838
5.03905 -1.54415 -0.112051
5.03995 -1.54426 -0.120636
5.04486 -1.54484 -0.119294
5.05701 -1.54636 -0.124345
5.07706 -1.54928 -0.144294
5.08916 -1.55066 -0.114141
5.09956 -1.55151 -0.0808542
5.10289 -1.55196 -0.135928
5.10851 -1.5527 -0.130397
5.1238 -1.5541 -0.0911802
5.12625 -1.55412 -0.00873883
5.13547 -1.55394 0.0198652
5.14282 -1.5538 0.0183422
5.14579 -1.5537 0.0336996
5.15172 -1.55347 0.0390495
5.15737 -1.55323 0.0416285
5.16615 -1.55284 0.0444008
5.16634 -1.55284 0.0409065
5.17992 -1.5521 0.0543446
5.18365 -1.55183 0.0726351
5.19436 -1.55105 0.0723825
5.20265 -1.55039 0.0794226
5.20956 -1.54961 0.112368
True
0.23221
