4.49268 -0.000466124 -3.078
4.47851 -0.00161988 -3.06034
4.45886 -0.00365664 -3.03829
4.44381 -0.00585734 -2.99646
4.41287 -0.0129293 -2.91689
4.38704 -0.0211113 -2.83475
4.34832 -0.0371199 -2.74961
4.31832 -0.052136 -2.67746
4.28809 -0.0696932 -2.61549
4.25566 -0.0923457 -2.53182
4.22565 -0.116656 -2.46076
4.19543 -0.144959 -2.38899
4.15984 -0.179185 -2.37559
4.13667 -0.204759 -2.30695
4.1071 -0.241197 -2.2526
4.08996 -0.263985 -2.21569
4.06116 -0.303997 -2.1947
4.03491 -0.346045 -2.12887
4.01376 -0.381853 -2.10422
4.00506 -0.397873 -2.06824
3.99443 -0.419838 -2.02155
3.97602 -0.456977 -2.03099
3.96337 -0.484274 -2.00499
3.94516 -0.528565 -1.96078
3.93403 -0.554842 -1.9716
3.91865 -0.593337 -1.95077
3.90189 -0.640416 -1.91285
3.88292 -0.686367 -1.96225
3.8649 -0.732937 -1.93996
3.84918 -0.779768 -1.89482
3.83558 -0.820647 -1.89192
3.82711 -0.846541 -1.88677
3.81388 -0.891034 -1.85985
3.80591 -0.925016 -1.80108
3.79996 -0.950523 -1.80004
3.78943 -0.998414 -1.78719
3.77847 -1.04166 -1.81905
3.7667 -1.08887 -1.81508
3.76259 -1.10537 -1.815
3.75213 -1.14129 -1.85427
3.74011 -1.17927 -1.87733
3.73335 -1.20458 -1.83184
3.72608 -1.2345 -1.80901
3.71367 -1.2822 -1.82533
3.70367 -1.3232 -1.81014
3.69316 -1.36865 -1.79804
3.68086 -1.41711 -1.81929
3.67002 -1.46485 -1.79408
3.66033 -1.50275 -1.82125
3.64598 -1.5489 -1.87221
3.63418 -1.58894 -1.85725
3.62197 -1.63549 -1.82743
3.60612 -1.68177 -1.90077
3.59063 -1.72053 -1.95083
3.5757 -1.75626 -1.96665
3.55468 -1.80162 -2.00484
3.53793 -1.83682 -2.01488
3.5166 -1.88113 -2.01944
3.50197 -1.91057 -2.03187
3.48088 -1.95589 -2.0064
3.46076 -2.00001 -1.99862
3.44224 -2.0387 -2.01722
3.42198 -2.07737 -2.05346
3.39912 -2.11591 -2.10607
3.37271 -2.15758 -2.13573
3.345 -2.19913 -2.159
3.32067 -2.23065 -2.22816
3.28819 -2.26843 -2.28082
3.25721 -2.30765 -2.23953
3.23595 -2.33462 -2.23829
3.21461 -2.36455 -2.1902
3.1862 -2.40188 -2.2212
3.15527 -2.44113 -2.23823
3.12656 -2.47192 -2.32138
3.09649 -2.50169 -2.36102
3.06101 -2.53688 -2.36035
3.02602 -2.57246 -2.3479
2.99049 -2.60759 -2.36169
2.95767 -2.64267 -2.32294
2.92808 -2.67648 -2.28983
2.89901 -2.71154 -2.26311
2.86842 -2.7472 -2.27969
2.84848 -2.77076 -2.27317
2.82133 -2.80491 -2.24259
2.80073 -2.83029 -2.25265
2.7693 -2.86794 -2.26639
2.74206 -2.89906 -2.28979
2.71094 -2.93287 -2.31469
2.67817 -2.96652 -2.3431
2.65293 -2.99227 -2.34591
2.61781 -3.02781 -2.35036
2.59118 -3.05428 -2.35936
2.55975 -3.0868 -2.33909
2.52674 -3.11617 -2.41443
2.48917 -3.14781 -2.44166
2.45057 -3.17779 -2.48128
2.42083 -3.20247 -2.4489
2.38428 -3.23313 -2.4436
2.34333 -3.26181 -2.53066
2.30252 -3.2904 -2.53043
2.26225 -3.31778 -2.54443
2.23622 -3.33463 -2.56729
2.19473 -3.36244 -2.55106
2.16174 -3.38269 -2.59094
2.11966 -3.407 -2.61784
2.07936 -3.43153 -2.59475
2.04864 -3.45128 -2.57015
2.02265 -3.46698 -2.59837
1.98562 -3.48925 -2.60001
1.95714 -3.50617 -2.60558
1.91372 -3.53096 -2.6229
1.87747 -3.55168 -2.62227
1.83514 -3.57799 -2.58546
1.79163 -3.60262 -2.62637
1.7475 -3.62608 -2.65317
1.70841 -3.64681 -2.65388
1.66308 -3.66755 -2.71253
1.61892 -3.68764 -2.71468
1.57328 -3.70786 -2.7245
1.52723 -3.72735 -2.74124
1.48909 -3.74293 -2.75366
1.44246 -3.76089 -2.77401
1.40246 -3.77695 -2.75983
1.35921 -3.79379 -2.77027
1.32738 -3.80648 -2.76215
1.28569 -3.8232 -2.76025
1.24336 -3.83838 -2.79729
1.1968 -3.85392 -2.81927
1.14944 -3.86994 -2.81556
1.10421 -3.88504 -2.81926
1.06354 -3.89846 -2.82307
1.03548 -3.90742 -2.83245
0.995339 -3.92048 -2.82699
0.958224 -3.93196 -2.84151
0.911909 -3.94583 -2.85069
0.863226 -3.95718 -2.91259
0.814524 -3.96802 -2.92265
0.765324 -3.97474 -3.00578
0.742419 -3.97753 -3.02054
0.708561 -3.98163 -3.02096
0.672076 -3.98665 -3.0048
0.630369 -3.99043 -3.05125
0.580654 -3.99538 -3.04243
0.536486 -3.99998 -3.03768
0.48698 -4.00618 -3.01706
0.448192 -4.01134 -3.00923
0.429032 -4.01379 -3.01459
0.41703 -4.01465 -3.07021
0.382672 -4.01807 -3.04243
0.337875 -4.02214 -3.05093
0.288147 -4.02694 -3.04545
0.23824 -4.02997 -3.08084
0.192928 -4.03324 -3.06951
0.147362 -4.03525 -3.09764
0.0976548 -4.03666 -3.11317
0.0501386 -4.03609 -3.15363
0.0121847 -4.03393 3.08468
-0.0373249 -4.02694 3.00147
-0.0862728 -4.01908 2.98235
-0.135276 -4.00924 2.94335
-0.171801 -4.00345 2.98445
-0.218864 -3.99728 3.01121
-0.268067 -3.99008 2.99633
-0.307837 -3.98506 3.01599
-0.348053 -3.9801 3.01904
-0.395256 -3.97441 3.02148
-0.44458 -3.96749 3.00216
-0.493768 -3.95851 2.96112
-0.530285 -3.95248 2.97798
-0.577965 -3.94539 2.99391
-0.622063 -3.93771 2.96929
-0.670255 -3.93048 2.99253
-0.713498 -3.9236 2.98391
-0.758038 -3.91719 2.99873
-0.802423 -3.90768 2.93046
-0.815298 -3.90491 2.92988
-0.862932 -3.89432 2.92269
-0.911576 -3.88432 2.93888
-0.958866 -3.87524 2.95188
-1.00478 -3.86612 2.9456
-1.05334 -3.85433 2.90339
-1.10189 -3.84278 2.90799
-1.14905 -3.82989 2.87478
-1.19528 -3.81549 2.83958
-1.24117 -3.79932 2.80296
-1.27654 -3.78689 2.80346
-1.31409 -3.77385 2.80746
-1.35866 -3.75668 2.77392
-1.40574 -3.73987 2.79859
-1.4528 -3.72302 2.79781
-1.49845 -3.70654 2.79508
-1.54507 -3.69094 2.81872
-1.59141 -3.6723 2.75921
-1.63087 -3.65545 2.73788
-1.67709 -3.63702 2.7621
-1.71963 -3.61797 2.72065
-1.75897 -3.60082 2.73049
-1.80374 -3.5789 2.68633
-1.84433 -3.55659 2.63907
-1.88768 -3.53326 2.64782
-1.9319 -3.50994 2.65631
-1.97521 -3.48723 2.65857
-2.01408 -3.4666 2.6537
-2.05779 -3.44331 2.65199
-2.10138 -3.41895 2.63211
-2.14453 -3.39376 2.61313
-2.18178 -3.37098 2.59271
-2.22387 -3.34437 2.57781
-2.26595 -3.3176 2.57504
-2.30651 -3.2911 2.56291
-2.34568 -3.26547 2.56201
-2.38058 -3.24362 2.58226
-2.41742 -3.22086 2.58828
-2.45002 -3.1991 2.55297
-2.48461 -3.17212 2.47902
-2.52114 -3.1468 2.53566
-2.56181 -3.11928 2.54658
-2.60092 -3.08931 2.48781
-2.63959 -3.05996 2.49245
-2.68017 -3.03078 2.51814
-2.71245 -3.00751 2.51699
-2.73472 -2.98875 2.44146
-2.7638 -2.96212 2.40019
-2.79535 -2.93481 2.42812
-2.83239 -2.90243 2.42325
-2.86229 -2.87576 2.41327
-2.89812 -2.84364 2.4106
-2.92815 -2.81372 2.35817
-2.9639 -2.77889 2.36919
-2.99726 -2.74482 2.34554
-3.02819 -2.71466 2.36902
-3.05939 -2.6839 2.3632
-3.0897 -2.65222 2.33397
-3.12177 -2.61895 2.33786
-3.15671 -2.58431 2.36054
-3.18881 -2.55092 2.33645
-3.21858 -2.51726 2.29511
-3.24936 -2.47786 2.23396
-3.28159 -2.43978 2.27314
-3.3034 -2.41403 2.27342
-3.33347 -2.37861 2.27485
-3.36201 -2.34199 2.23273
-3.38563 -2.31201 2.23814
-3.41054 -2.2763 2.17986
-3.43529 -2.24099 2.18225
-3.45079 -2.2182 2.16788
-3.47009 -2.18707 2.12573
-3.49065 -2.15299 2.11363
-3.50626 -2.12528 2.08391
-3.53104 -2.08394 2.11084
-3.55013 -2.05335 2.12854
-3.56788 -2.02495 2.12941
-3.58382 -1.99839 2.11152
-3.60302 -1.96515 2.0944
-3.61964 -1.93624 2.09263
-3.63543 -1.90881 2.09304
-3.64896 -1.88541 2.09533
-3.65649 -1.87178 2.07549
-3.66429 -1.85808 2.08805
-3.67243 -1.84374 2.08705
-3.69453 -1.79936 2.03286
-3.71032 -1.76604 2.01338
-3.72579 -1.73436 2.02504
-3.73778 -1.70992 2.02684
-3.74142 -1.70171 1.98809
-3.75182 -1.67919 2.00332
-3.76533 -1.65453 2.07217
-3.77887 -1.6319 2.1098
-3.78998 -1.61251 2.09121
-3.80005 -1.59458 2.08256
-3.81162 -1.57326 2.068
-3.82341 -1.55354 2.10954
-3.83793 -1.52958 2.11562
-3.84118 -1.52447 2.1375
-3.85143 -1.50908 2.1584
-3.85757 -1.49911 2.12243
-3.85923 -1.49646 2.13195
-3.87431 -1.47331 2.14787
-3.8908 -1.44771 2.14334
-3.914 -1.40919 2.1128
-3.92957 -1.38507 2.14399
-3.93857 -1.37184 2.1684
-3.94173 -1.36711 2.1607
-3.95411 -1.34687 2.11946
-3.96179 -1.33341 2.08929
-3.97733 -1.3067 2.09778
-3.98892 -1.28687 2.09961
-4.00113 -1.26447 2.06974
-4.00993 -1.2478 2.05658
-4.01352 -1.24021 2.01336
-4.02117 -1.22411 2.0143
-4.02786 -1.20949 1.99967
-4.02938 -1.20642 2.03287
-4.03918 -1.18604 2.01897
-4.04648 -1.17065 2.01347
-4.05258 -1.15774 2.01228
-4.05718 -1.14757 1.99522
-4.06312 -1.13469 2.00297
-4.06952 -1.1212 2.01407
-4.07446 -1.11051 2.003
-4.07908 -1.09983 1.97952
-4.08247 -1.09155 1.95906
-4.09031 -1.0721 1.95434
-4.09936 -1.05028 1.9638
-4.10762 -1.02881 1.93805
-4.11571 -1.00526 1.90147
-4.11675 -1.002 1.88185
-4.12163 -0.987499 1.89492
-4.12639 -0.972983 1.88794
-4.13123 -0.958073 1.8844
-4.13723 -0.941002 1.90923
-4.14218 -0.925862 1.88639
-4.14353 -0.92162 1.87864
-4.14776 -0.908532 1.88347
-4.14934 -0.90377 1.89204
-4.15179 -0.89528 1.85184
-4.1561 -0.880625 1.85693
-4.15848 -0.872459 1.85384
-4.15895 -0.87085 1.85746
-4.16251 -0.85709 1.82382
-4.16481 -0.849396 1.86119
-4.166 -0.844963 1.83325
-4.16992 -0.830196 1.83023
-4.1745 -0.813995 1.84621
-4.17837 -0.801847 1.87908
-4.18269 -0.787629 1.86614
-4.18786 -0.767323 1.81984
-4.19333 -0.747031 1.83411
-4.19752 -0.730634 1.82128
-4.19846 -0.72775 1.88404
-4.20256 -0.715334 1.89019
-4.20416 -0.710664 1.89955
-4.2069 -0.703843 1.95308
-4.20857 -0.699489 1.93709
-4.21141 -0.691535 1.91386
-4.21643 -0.67864 1.94223
-4.2195 -0.671122 1.95841
-4.22514 -0.658316 1.98545
-4.23236 -0.641677 1.98012
-4.24727 -0.604928 1.95636
True
0.173544
