-5.47372 -0.27976 0.071506
-5.4607 -0.278436 0.10134
-5.41175 -0.275329 0.0633945
-5.36961 -0.272225 0.0735062
-5.32147 -0.265854 0.131589
-5.27232 -0.260385 0.110826
-5.2236 -0.252233 0.165775
-5.17468 -0.244097 0.16481
-5.1291 -0.23584 0.179211
-5.0812 -0.227249 0.177456
-5.05019 -0.222414 0.154683
-5.00098 -0.213612 0.176997
-4.96452 -0.207597 0.16346
-4.91622 -0.199734 0.161414
-4.86804 -0.191092 0.177465
-4.81921 -0.184747 0.12923
-4.77416 -0.176909 0.172262
-4.7264 -0.170147 0.14065
-4.67818 -0.163048 0.146154
-4.63835 -0.158287 0.118955
-4.59011 -0.150776 0.154496
-4.54601 -0.143345 0.16694
-4.49706 -0.134561 0.177534
-4.45379 -0.125828 0.19914
-4.41767 -0.119644 0.169563
-4.36883 -0.109501 0.204781
-4.32392 -0.0993892 0.221479
-4.27772 -0.0909713 0.180219
-4.23332 -0.0826128 0.186071
-4.18528 -0.0715932 0.225479
-4.13937 -0.0576654 0.294529
-4.09416 -0.0450144 0.272858
-4.06072 -0.0345265 0.303951
-4.02251 -0.0224361 0.306437
-3.97725 -0.00911109 0.286321
-3.93833 0.00274575 0.295699
-3.89165 0.0159287 0.275262
-3.84664 0.0260835 0.221896
-3.80171 0.0355311 0.207241
-3.75274 0.0455886 0.202581
-3.70683 0.0577832 0.259594
-3.66708 0.066485 0.21553
-3.61795 0.0754674 0.180831
-3.57036 0.0856011 0.209789
-3.52176 0.094575 0.182622
-3.47293 0.10382 0.187106
-3.424 0.113345 0.192252
-3.37994 0.121432 0.181533
-3.34087 0.129998 0.215826
-3.29477 0.13994 0.212425
-3.24575 0.149797 0.198431
-3.20144 0.159802 0.22207
-3.15386 0.173441 0.279162
-3.1056 0.186409 0.262497
-3.0624 0.199164 0.287077
-3.01366 0.210126 0.221257
-2.96938 0.218759 0.192541
-2.92055 0.228818 0.203133
-2.87463 0.236597 0.167836
-2.83036 0.243814 0.16161
-2.78107 0.252176 0.168051
-2.73402 0.260815 0.181567
-2.68861 0.267437 0.144814
-2.64476 0.273346 0.133947
-2.59908 0.278811 0.119069
-2.55976 0.282938 0.104588
-2.51088 0.287613 0.0953426
-2.46845 0.292021 0.103512
-2.42179 0.298741 0.14304
-2.37214 0.304633 0.118116
-2.32244 0.309242 0.0924751
-2.27645 0.315737 0.140289
-2.22723 0.319936 0.0851228
-2.19138 0.324385 0.12344
-2.14339 0.330686 0.130549
-2.10407 0.33585 0.130607
-2.05447 0.340625 0.0959667
-2.00713 0.347226 0.138541
-1.95939 0.355535 0.172304
-1.90974 0.361098 0.111583
-1.86317 0.364464 0.0721606
-1.81341 0.367453 0.0599874
-1.76533 0.37026 0.0583295
-1.71554 0.370082 -0.00357546
-1.67184 0.369117 -0.0220956
-1.6231 0.369466 0.0071726
-1.57536 0.370899 0.0300037
-1.52717 0.373346 0.0507336
-1.4798 0.377211 0.081396
-1.4315 0.384245 0.144629
-1.3836 0.391738 0.155175
-1.34923 0.398252 0.187334
-1.30194 0.408492 0.213225
-1.25544 0.419527 0.233028
-1.21038 0.429608 0.220081
-1.16276 0.440615 0.227126
-1.1144 0.452064 0.232485
-1.06674 0.465128 0.267564
-1.02387 0.477447 0.279812
-0.976688 0.491481 0.289089
-0.929481 0.506513 0.308279
-0.89258 0.517389 0.286613
-0.846473 0.53095 0.286058
-0.798787 0.545655 0.299118
-0.755164 0.560808 0.334323
-0.710497 0.575601 0.319806
-0.675357 0.587175 0.318193
-0.628755 0.605267 0.370314
-0.582886 0.624611 0.399088
-0.537732 0.641084 0.349816
-0.491895 0.658148 0.356372
-0.452886 0.673903 0.383854
-0.407771 0.693154 0.403324
-0.369596 0.710485 0.426152
-0.325278 0.729119 0.398022
-0.281057 0.746546 0.375408
-0.233781 0.762725 0.329724
-0.188635 0.77892 0.344428
-0.143722 0.795983 0.363068
-0.0997753 0.813424 0.377797
-0.0547926 0.829855 0.350222
-0.0109993 0.846167 0.356565
0.0249932 0.860393 0.376391
0.0648213 0.875883 0.370934
0.110468 0.896286 0.420322
0.151753 0.912592 0.376156
0.196231 0.935105 0.468561
0.24103 0.956825 0.451447
0.285417 0.979724 0.476284
0.324968 1.00051 0.48387
0.355408 1.01656 0.485224
0.398297 1.04174 0.530841
0.441912 1.06593 0.506389
0.484573 1.09029 0.518917
0.525569 1.11465 0.536056
0.56858 1.13778 0.493491
0.612558 1.16112 0.487927
0.650571 1.17769 0.410982
0.692534 1.1963 0.417451
0.738441 1.2161 0.40711
0.785121 1.23399 0.366118
0.824278 1.24886 0.36281
0.870445 1.26441 0.32489
0.917799 1.28045 0.326738
0.961886 1.29337 0.285005
1.00582 1.30518 0.262482
1.04942 1.31378 0.194736
1.09544 1.32431 0.224936
1.13864 1.33353 0.210344
1.18786 1.34229 0.176188
1.23009 1.35002 0.180911
1.27397 1.35604 0.136367
1.32339 1.36345 0.148968
1.37266 1.37172 0.16627
1.42234 1.37734 0.112516
1.47047 1.38092 0.0743085
1.52039 1.38382 0.0579946
1.56873 1.38614 0.04808
1.61083 1.38769 0.0367055
1.65246 1.38823 0.012935
1.70046 1.38841 0.00371909
1.74056 1.38906 0.0162855
1.78059 1.38874 -0.00808508
1.82363 1.39018 0.0334458
1.87346 1.39209 0.0384585
1.92106 1.39307 0.0206111
1.96968 1.39302 -0.0010419
2.01516 1.39437 0.0296557
2.05748 1.39302 -0.0319398
2.10675 1.39046 -0.0519167
2.147 1.38808 -0.0589438
2.19612 1.38669 -0.0283108
2.24156 1.38452 -0.0477543
2.2816 1.38208 -0.0608791
2.33054 1.37836 -0.0758265
2.37712 1.37744 -0.0198626
2.42347 1.37515 -0.0492874
2.47315 1.37335 -0.0361704
2.52182 1.37016 -0.0654369
2.56855 1.36598 -0.0893346
2.60342 1.3624 -0.1022
2.644 1.35706 -0.130972
2.69307 1.34975 -0.147786
2.73036 1.34187 -0.208418
2.77922 1.33135 -0.211871
2.81512 1.32356 -0.213925
2.85893 1.31409 -0.212827
2.89622 1.30828 -0.154525
2.94186 1.30018 -0.175593
2.97321 1.2951 -0.16083
3.0211 1.28622 -0.18339
3.06415 1.27884 -0.169776
3.09841 1.27348 -0.155151
3.14574 1.26487 -0.179885
3.19197 1.25589 -0.191879
3.2275 1.24965 -0.173889
3.25445 1.24568 -0.146215
3.28274 1.24209 -0.126185
3.32114 1.23756 -0.117513
3.35864 1.23304 -0.119792
3.38231 1.22971 -0.139945
3.41965 1.22416 -0.147486
3.4515 1.21919 -0.154678
3.48478 1.21385 -0.159214
3.52204 1.20712 -0.178809
3.54836 1.20243 -0.176381
3.58896 1.19584 -0.160714
3.62364 1.18963 -0.177329
3.66516 1.18273 -0.164747
3.69345 1.17894 -0.132852
3.72742 1.17565 -0.0967557
3.76332 1.17183 -0.105844
3.77688 1.17008 -0.128929
3.80128 1.16757 -0.102357
3.83266 1.16434 -0.102521
3.84623 1.16226 -0.152248
3.86216 1.15984 -0.150473
3.88907 1.15683 -0.111628
3.90739 1.15463 -0.119286
3.92301 1.1528 -0.116664
3.95047 1.14704 -0.206768
3.97911 1.14014 -0.236507
4.01941 1.12975 -0.252219
4.04686 1.12315 -0.236134
4.07133 1.11755 -0.224692
4.09385 1.11277 -0.209293
4.11984 1.10696 -0.219777
4.14924 1.09948 -0.249188
4.19216 1.08789 -0.263866
4.23644 1.0763 -0.255988
4.27102 1.0664 -0.278744
4.31835 1.05108 -0.313124
4.34175 1.04317 -0.325955
4.37843 1.03109 -0.318149
4.40267 1.02303 -0.32111
4.42955 1.01525 -0.281783
4.43591 1.01369 -0.239743
4.44499 1.01143 -0.243886
4.44958 1.01042 -0.216776
4.4546 1.00936 -0.208114
4.45816 1.0086 -0.211036
4.47932 1.00422 -0.20394
4.508 0.998825 -0.185958
4.51835 0.997113 -0.163981
4.54499 0.993147 -0.147772
4.58872 0.986052 -0.160854
4.62798 0.979397 -0.167925
4.66654 0.973928 -0.140872
4.69544 0.97032 -0.124207
4.7276 0.966744 -0.110742
4.76753 0.96201 -0.118026
4.79327 0.960112 -0.0735738
4.80286 0.959915 -0.0205775
4.81618 0.959783 -0.00988702
4.82681 0.960474 0.0648696
4.83521 0.961071 0.0709494
4.84824 0.962225 0.0883608
4.8748 0.963843 0.0608478
4.89185 0.964899 0.0617956
4.90327 0.96579 0.0779151
4.92268 0.967606 0.0932949
4.93317 0.968147 0.0515281
4.94481 0.968489 0.0293551
4.96925 0.969019 0.0217111
4.98249 0.968733 -0.0216094
4.99273 0.968616 -0.0114294
4.99436 0.968573 -0.0265044
5.00382 0.968606 0.00344663
5.01544 0.969002 0.0340713
5.02995 0.969548 0.0376289
5.05425 0.971206 0.0681361
5.06756 0.972381 0.0880388
5.0704 0.972486 0.0370277
5.08264 0.972657 0.0139934
5.09414 0.972302 -0.0309415
5.10713 0.971433 -0.0667325
5.1252 0.969666 -0.0974406
5.14215 0.968119 -0.0911032
5.14522 0.967828 -0.094463
5.16066 0.967259 -0.0368199
5.1735 0.966755 -0.0392388
5.18495 0.965702 -0.0917201
5.19246 0.965127 -0.0763883
5.20156 0.964775 -0.038665
True
0.258655
