-5.45665 -0.611974 0.279819
-5.41311 -0.599753 0.273658
-5.37491 -0.588172 0.294379
-5.32863 -0.575411 0.269034
-5.2848 -0.562515 0.286143
-5.2378 -0.546375 0.330803
-5.1929 -0.531991 0.310023
-5.14576 -0.515506 0.336417
-5.10531 -0.502983 0.300227
-5.06562 -0.490626 0.301772
-5.01775 -0.476301 0.2908
-4.97034 -0.461824 0.296327
-4.93175 -0.450331 0.28949
-4.8836 -0.437459 0.261233
-4.84139 -0.424379 0.300458
-4.80132 -0.413065 0.275207
-4.75439 -0.399871 0.274085
-4.70594 -0.38762 0.247672
-4.66328 -0.375043 0.286666
-4.61744 -0.365053 0.214577
-4.57542 -0.354351 0.249371
-4.52731 -0.340899 0.272654
-4.48984 -0.330062 0.28154
-4.44257 -0.315772 0.293608
-4.40038 -0.304327 0.264858
-4.35346 -0.291761 0.261702
-4.30726 -0.280519 0.238705
-4.25979 -0.267527 0.267137
-4.21559 -0.257018 0.233415
-4.17191 -0.245134 0.265625
-4.12437 -0.229667 0.314567
-4.07779 -0.213603 0.332111
-4.0324 -0.198391 0.323379
-3.98456 -0.183995 0.292292
-3.93755 -0.167613 0.335309
-3.89264 -0.153627 0.301907
-3.84582 -0.136861 0.343859
-3.80319 -0.122546 0.323942
-3.75878 -0.106327 0.350215
-3.72006 -0.0932718 0.325198
-3.67792 -0.0785917 0.335219
-3.63156 -0.0608744 0.365015
-3.58567 -0.0452758 0.327648
-3.53959 -0.0269084 0.379273
-3.49516 -0.00817624 0.399064
-3.45258 0.0100112 0.403627
-3.40617 0.0283336 0.376056
-3.3605 0.0485554 0.416834
-3.31906 0.0649715 0.377146
-3.27206 0.0818022 0.343855
-3.23202 0.0968432 0.359341
-3.18859 0.113207 0.360328
-3.14359 0.130223 0.361561
-3.09699 0.147202 0.34935
-3.0496 0.162801 0.318053
-3.00442 0.177888 0.322251
-2.9572 0.192388 0.29792
-2.91086 0.206332 0.292284
-2.86284 0.219337 0.264472
-2.81556 0.234483 0.310064
-2.77672 0.246243 0.293996
-2.73566 0.257353 0.26428
-2.688 0.271439 0.287344
-2.63992 0.284982 0.27454
-2.59485 0.297904 0.279208
-2.54895 0.310837 0.274668
-2.51078 0.321236 0.265963
-2.46608 0.335653 0.31201
-2.42212 0.348637 0.287198
-2.39302 0.355448 0.229963
-2.34915 0.365905 0.234
-2.30224 0.377166 0.235569
-2.2744 0.384202 0.247587
-2.22727 0.39968 0.317316
-2.18078 0.416928 0.355248
-2.13445 0.433233 0.338408
-2.09739 0.446027 0.332395
-2.05151 0.46181 0.331351
-2.00527 0.47618 0.301282
-1.96235 0.49182 0.349434
-1.91489 0.506669 0.303203
-1.86824 0.522163 0.32068
-1.82565 0.534545 0.282953
-1.78238 0.54651 0.269772
-1.73858 0.560496 0.309084
-1.69174 0.575873 0.317202
-1.64446 0.591468 0.318566
-1.60009 0.607641 0.349571
-1.55494 0.621549 0.298801
-1.51209 0.63653 0.336381
-1.46498 0.653174 0.339618
-1.42108 0.668863 0.343227
-1.3742 0.685713 0.34501
-1.32965 0.700114 0.312666
-1.28843 0.715 0.346541
-1.24473 0.730436 0.339534
-1.21018 0.743521 0.36211
-1.16982 0.757483 0.333031
-1.13026 0.771416 0.33866
-1.09282 0.782522 0.288357
-1.04617 0.798123 0.322708
-1.00089 0.81413 0.33979
-0.959458 0.828268 0.328867
-0.917435 0.843061 0.338468
-0.873079 0.858509 0.335126
-0.828176 0.876484 0.380767
-0.786287 0.891514 0.344515
-0.74129 0.908173 0.354569
-0.694272 0.924652 0.337107
-0.648637 0.940578 0.335775
-0.601925 0.95479 0.295347
-0.554306 0.967507 0.26097
-0.510691 0.980673 0.293174
-0.462843 0.99443 0.279959
-0.41604 1.00829 0.287984
-0.367984 1.02189 0.275661
-0.320113 1.03517 0.270721
-0.283815 1.04663 0.305823
-0.236743 1.062 0.315629
-0.195998 1.07487 0.305821
-0.160685 1.08493 0.277564
-0.114078 1.09851 0.283545
-0.0688297 1.11169 0.283499
-0.0216325 1.1264 0.301988
0.0190557 1.13833 0.285228
0.0654941 1.1565 0.373059
0.111351 1.17341 0.353301
0.158097 1.19081 0.356251
0.202013 1.20558 0.324425
0.247144 1.22111 0.331451
0.293857 1.23819 0.350551
0.339253 1.25422 0.339368
0.377188 1.26647 0.312394
0.425223 1.27994 0.273353
0.472246 1.29581 0.325587
0.51779 1.30919 0.285638
0.554273 1.32188 0.334779
0.599479 1.33523 0.287177
0.647307 1.34965 0.292915
0.694887 1.36178 0.249497
0.743031 1.37485 0.265113
0.787928 1.38719 0.268245
0.83163 1.39858 0.254922
0.87999 1.41064 0.244346
0.915191 1.41797 0.205571
0.962174 1.42951 0.240793
1.01045 1.44186 0.250491
1.05027 1.45437 0.304362
1.09787 1.46903 0.298814
1.14404 1.48307 0.295156
1.1899 1.49793 0.313298
1.23535 1.51477 0.354942
1.28214 1.53219 0.356344
1.32938 1.54856 0.333507
1.37595 1.56442 0.328204
1.41234 1.57598 0.307643
1.44627 1.58785 0.336591
1.4927 1.60318 0.318981
1.54063 1.61638 0.268735
1.5872 1.6286 0.256456
1.6234 1.63569 0.19363
1.67073 1.64554 0.205142
1.70805 1.65399 0.222715
1.75735 1.66231 0.167181
1.80629 1.66955 0.146854
1.85416 1.67705 0.155325
1.90323 1.68488 0.158249
1.93582 1.69021 0.162122
1.98447 1.70168 0.231454
2.03099 1.71255 0.229726
2.07708 1.72553 0.274364
2.12421 1.73956 0.289454
2.16725 1.75064 0.251992
2.2125 1.76373 0.281456
2.25668 1.77666 0.28485
2.30335 1.79221 0.321499
2.34649 1.80735 0.337584
2.39281 1.82143 0.295022
2.44063 1.83599 0.295647
2.48878 1.84946 0.272838
2.52606 1.86165 0.315901
2.56393 1.87306 0.292725
2.61137 1.88828 0.310421
2.65824 1.90439 0.330997
2.70589 1.91912 0.299816
2.75335 1.93396 0.303135
2.80145 1.94758 0.275927
2.83821 1.95647 0.237234
2.88659 1.96868 0.247242
2.93106 1.98175 0.285886
2.9751 1.99436 0.278867
3.02142 2.00702 0.266777
3.05303 2.01629 0.285175
3.09806 2.02971 0.289704
3.14319 2.04198 0.265458
3.19087 2.05692 0.303642
3.23175 2.06863 0.278968
3.27318 2.08485 0.373112
3.31555 2.10094 0.362942
3.36003 2.11776 0.361505
3.40583 2.13413 0.343402
3.45273 2.14894 0.305772
3.48735 2.15919 0.287855
3.52689 2.17083 0.286416
3.55952 2.18135 0.311627
3.60672 2.19712 0.322635
3.65375 2.21297 0.324974
3.69745 2.22883 0.348209
3.74122 2.24597 0.373238
3.78495 2.26203 0.351858
3.82281 2.27563 0.344936
3.84575 2.28335 0.324771
3.88332 2.29567 0.316659
3.90156 2.30034 0.25075
3.93452 2.3087 0.248352
3.9643 2.31787 0.298696
4.00164 2.32897 0.289084
4.01563 2.33367 0.323762
4.02896 2.33801 0.31499
4.04824 2.34462 0.33033
4.07054 2.35249 0.339247
4.09409 2.36194 0.381369
4.10955 2.36829 0.390054
4.11961 2.37198 0.351852
4.13085 2.37603 0.345861
4.15177 2.38291 0.317445
4.15865 2.38546 0.35606
4.17947 2.39326 0.358021
4.18768 2.3961 0.334087
4.19851 2.39997 0.34245
4.21542 2.40561 0.322391
4.23785 2.41359 0.341627
4.25194 2.4184 0.329145
4.26638 2.42312 0.315758
4.29519 2.43282 0.324869
4.34161 2.4491 0.337276
4.38451 2.46469 0.3486
4.43122 2.48142 0.343802
4.45977 2.49186 0.35074
4.49913 2.50745 0.377143
4.52289 2.51713 0.386789
4.542 2.52543 0.40991
4.56362 2.53477 0.407755
4.57425 2.53958 0.42437
4.58155 2.54278 0.41397
4.59922 2.55095 0.432768
4.61195 2.55731 0.463575
4.6171 2.5598 0.449817
4.63226 2.56735 0.462375
4.64692 2.57628 0.546792
4.6568 2.58238 0.553284
4.66698 2.58883 0.565335
4.67213 2.59188 0.533069
4.67298 2.59233 0.495487
4.67777 2.59489 0.490362
4.70217 2.6084 0.505692
4.71286 2.61409 0.488996
4.72585 2.621 0.488748
4.75028 2.63352 0.47353
4.77076 2.64401 0.473582
4.78024 2.64906 0.489355
4.80755 2.66406 0.502205
4.83897 2.67977 0.463584
4.87858 2.69865 0.444817
4.91189 2.71486 0.452911
4.94151 2.72969 0.46422
4.96668 2.74251 0.470949
4.98643 2.75254 0.469909
4.99885 2.7601 0.547117
5.02116 2.77355 0.542562
5.04254 2.78712 0.565378
5.05328 2.79375 0.553435
5.06255 2.79949 0.554385
5.07858 2.81008 0.584027
5.08611 2.81509 0.586309
5.09657 2.82196 0.581408
5.10329 2.82654 0.597644
5.111 2.83198 0.614654
5.11836 2.83738 0.632923
5.13012 2.84581 0.622202
5.13961 2.85246 0.610912
5.15166 2.86227 0.683483
5.1571 2.86667 0.680454
5.17528 2.88183 0.694821
5.18029 2.88637 0.736257
5.18579 2.89122 0.722441
5.18739 2.89271 0.752707
5.19666 2.90059 0.704407
5.21031 2.91225 0.706768
True
0.0655644
