-5.45023 0.285948 0.00194665
-5.4026 0.28824 0.0480767
-5.36265 0.2906 0.059004
-5.31862 0.292031 0.0324957
-5.27234 0.292759 0.0157209
-5.224 0.294436 0.034688
-5.18118 0.295684 0.0291405
-5.13615 0.296267 0.0129506
-5.09384 0.297134 0.0204869
-5.04393 0.296629 -0.0101315
-5.01134 0.296054 -0.0176441
-4.9615 0.295467 -0.011762
-4.91604 0.293696 -0.0389534
-4.86867 0.28995 -0.078916
-4.82015 0.284883 -0.104048
-4.77052 0.279674 -0.10457
-4.72913 0.277145 -0.0610116
-4.67926 0.273698 -0.0690137
-4.6378 0.272233 -0.0353284
-4.59292 0.270369 -0.0414971
-4.54947 0.271359 0.0227655
-4.50202 0.272995 0.0344792
-4.45284 0.272524 -0.00959001
-4.41468 0.273484 0.0251727
-4.36567 0.273907 0.00861519
-4.32399 0.274132 0.00540704
-4.27532 0.275265 0.0232805
-4.23361 0.277144 0.0450265
-4.18457 0.278967 0.0371406
-4.13812 0.278116 -0.0183105
-4.08814 0.27932 0.0240731
-4.04409 0.281264 0.0441214
-4.00591 0.28342 0.0564069
-3.95994 0.287326 0.084757
-3.91025 0.29291 0.111924
-3.87275 0.296191 0.087262
-3.82449 0.300059 0.0799678
-3.77733 0.303691 0.0768748
-3.72861 0.305837 0.0440191
-3.67876 0.308446 0.0522885
-3.62905 0.313712 0.105527
-3.57914 0.316781 0.0614207
-3.53032 0.323057 0.127855
-3.49113 0.327743 0.119005
-3.44199 0.33489 0.144421
-3.39235 0.340158 0.105741
-3.34532 0.34512 0.105112
-3.29685 0.35033 0.107087
-3.25233 0.353027 0.0605107
-3.20244 0.356136 0.0622172
-3.16343 0.357993 0.0475801
-3.11347 0.359037 0.0208909
-3.06558 0.361115 0.0433596
-3.02251 0.365147 0.0933597
-2.97284 0.367961 0.0565751
-2.93036 0.372 0.0948002
-2.88696 0.373483 0.0341531
-2.84106 0.374844 0.0296395
-2.79127 0.378794 0.0791972
-2.74399 0.380845 0.0433461
-2.70453 0.381956 0.0281424
-2.65455 0.382144 0.0037671
-2.60562 0.381856 -0.005895
-2.56654 0.381261 -0.0152258
-2.5199 0.379814 -0.0310119
-2.46998 0.379368 -0.00892995
-2.42291 0.376773 -0.0550723
-2.37526 0.376507 -0.00559253
-2.32539 0.377457 0.0190416
-2.27815 0.376658 -0.0169097
-2.22823 0.373837 -0.0564514
-2.17834 0.370568 -0.0654278
-2.12926 0.36615 -0.0897789
-2.07985 0.363295 -0.0577109
-2.03069 0.359129 -0.0845491
-1.9843 0.353869 -0.112897
-1.93918 0.345861 -0.175658
-1.88974 0.340816 -0.10168
-1.84709 0.338578 -0.0524201
-1.80425 0.338075 -0.0117556
-1.75459 0.337366 -0.0142749
-1.71373 0.336852 -0.0125826
-1.66532 0.334866 -0.0409897
-1.61573 0.335689 0.0165908
-1.56745 0.33634 0.0134901
-1.52061 0.335449 -0.0190217
-1.47636 0.33507 -0.00856342
-1.42652 0.332764 -0.0462399
-1.37845 0.329856 -0.0604195
-1.32997 0.328846 -0.020827
-1.3059 0.327819 -0.0426369
-1.25612 0.325559 -0.0453844
-1.20728 0.321066 -0.0917284
-1.15986 0.316353 -0.099053
-1.12681 0.313001 -0.101067
-1.07733 0.30582 -0.144132
-1.02878 0.297955 -0.160618
-0.980038 0.290115 -0.159468
-0.94718 0.284472 -0.170104
-0.908296 0.274689 -0.24646
-0.861861 0.263129 -0.244009
-0.817586 0.25159 -0.254947
-0.770229 0.2386 -0.267716
-0.722401 0.226986 -0.23821
-0.679395 0.215918 -0.251884
-0.632782 0.203591 -0.258554
-0.586388 0.192425 -0.236171
-0.54941 0.183911 -0.226313
-0.500923 0.174282 -0.196038
-0.456979 0.164255 -0.224328
-0.408624 0.15214 -0.245489
-0.359779 0.141928 -0.206104
-0.310746 0.132304 -0.193812
-0.262379 0.120674 -0.235964
-0.218652 0.109224 -0.256111
-0.169685 0.0991165 -0.203556
-0.12223 0.0910222 -0.16894
-0.0734529 0.0818651 -0.185575
-0.0337016 0.0753766 -0.161801
0.0134886 0.0673313 -0.168863
0.0600282 0.0572948 -0.212402
0.108424 0.0490733 -0.168274
0.15583 0.0389231 -0.21093
0.200077 0.0299004 -0.201156
0.239972 0.021827 -0.19967
0.288988 0.0120169 -0.197533
0.325911 0.00419554 -0.208742
0.374775 -0.00627076 -0.211005
0.421225 -0.0173831 -0.234819
0.46967 -0.0284692 -0.224963
0.517728 -0.0407047 -0.249303
0.564522 -0.0525007 -0.246938
0.612864 -0.0646522 -0.246265
0.654303 -0.0737623 -0.2164
0.703218 -0.0841193 -0.208656
0.750787 -0.0930775 -0.186137
0.799648 -0.102537 -0.191243
0.844793 -0.111043 -0.186217
0.893102 -0.119025 -0.163758
0.942527 -0.126381 -0.14774
0.989716 -0.133562 -0.151019
1.03754 -0.142249 -0.179702
1.08158 -0.148168 -0.133577
1.13094 -0.154533 -0.128246
1.17663 -0.159428 -0.106737
1.22648 -0.162628 -0.064111
1.27555 -0.16789 -0.106828
1.32288 -0.173555 -0.119096
1.37053 -0.177311 -0.078685
1.42048 -0.179436 -0.0425135
1.47047 -0.178435 0.0200324
1.51982 -0.176593 0.0373084
1.56814 -0.175852 0.0153167
1.61754 -0.173446 0.0486645
1.66492 -0.171819 0.0343356
1.70251 -0.169886 0.0513699
1.74974 -0.165553 0.0914915
1.79872 -0.161498 0.0825955
1.84021 -0.156452 0.121021
1.88964 -0.149896 0.131864
1.93348 -0.143742 0.139473
1.98238 -0.137657 0.123782
2.02638 -0.132333 0.120439
2.06813 -0.127124 0.12413
2.11195 -0.121282 0.132521
2.1611 -0.112224 0.182269
2.2088 -0.104125 0.168186
2.24826 -0.0982004 0.149016
2.29747 -0.0896207 0.172613
2.34532 -0.0824905 0.147919
2.3759 -0.0782701 0.13714
2.42538 -0.073538 0.0953459
2.46527 -0.0691215 0.110283
2.50711 -0.0641196 0.118966
2.55616 -0.0601876 0.0800033
2.60503 -0.0551835 0.102031
2.65445 -0.0496004 0.112493
2.70134 -0.0433256 0.133034
2.74471 -0.0367782 0.149828
2.78367 -0.0326755 0.104929
2.8267 -0.0279755 0.108803
2.87412 -0.0217451 0.13062
2.9117 -0.0156346 0.161213
2.95486 -0.00784102 0.178633
3.00387 0.000527015 0.169119
3.05197 0.00840247 0.162292
3.09666 0.0160001 0.168376
3.13719 0.0235673 0.184587
3.18516 0.0316082 0.166078
3.22907 0.0406273 0.202585
3.27486 0.0498408 0.198562
3.32 0.0580885 0.180713
3.35518 0.0643673 0.176647
3.38791 0.0692983 0.149528
3.41254 0.0732041 0.157241
3.44931 0.0800689 0.184568
3.48694 0.0856699 0.147782
3.51357 0.0903892 0.175391
3.55044 0.0971293 0.180806
3.59224 0.104268 0.169152
3.63686 0.109699 0.121115
3.66924 0.113608 0.120139
3.69755 0.116619 0.105962
3.73586 0.120499 0.100929
3.75394 0.12265 0.118414
3.77028 0.124558 0.116296
3.79796 0.127178 0.0943664
3.82295 0.129304 0.0848518
3.84624 0.130183 0.0377494
3.86159 0.130914 0.0475482
3.87468 0.131512 0.045692
3.88849 0.132453 0.0680028
3.90621 0.134231 0.100014
3.9267 0.135994 0.0858311
3.95556 0.137592 0.0552929
3.98752 0.139567 0.0617423
4.00956 0.14098 0.0639949
4.02271 0.141255 0.0209331
4.05115 0.142426 0.0411447
4.07856 0.144324 0.0691293
4.10715 0.147887 0.123976
4.12897 0.15057 0.122363
4.14621 0.152129 0.0901885
4.15577 0.153393 0.131435
4.16617 0.154847 0.138894
4.1845 0.158022 0.171505
4.2009 0.161013 0.180445
4.22276 0.164509 0.158537
4.24888 0.16817 0.139289
4.27273 0.171439 0.136188
4.2941 0.174447 0.139863
4.31985 0.178608 0.160211
4.32801 0.179951 0.16315
4.35259 0.18326 0.133818
4.3793 0.187128 0.143776
4.39576 0.189465 0.141111
4.40127 0.190084 0.11169
4.41681 0.191886 0.115469
4.43135 0.193599 0.117284
4.45721 0.196156 0.0985637
4.48828 0.198804 0.0850262
4.52684 0.201418 0.0676778
4.5569 0.20289 0.0489387
4.59235 0.204857 0.0554199
4.62092 0.206802 0.0679835
4.64008 0.207965 0.0606269
4.66054 0.20873 0.037376
4.68053 0.209456 0.0363114
4.71712 0.209661 0.0055822
4.74251 0.209927 0.0105055
4.77352 0.210821 0.0288004
4.79205 0.209934 -0.0478027
4.80219 0.208943 -0.0973783
4.81636 0.207917 -0.072325
4.83589 0.206364 -0.079325
4.85327 0.205199 -0.0669624
4.86411 0.204768 -0.0397515
4.87713 0.204528 -0.0184353
4.90157 0.203497 -0.0421469
4.91049 0.202941 -0.0621722
4.92946 0.201399 -0.0811428
4.93728 0.200514 -0.11269
4.95331 0.198839 -0.104126
4.96788 0.197989 -0.058266
4.98386 0.197109 -0.055033
5.00062 0.196562 -0.0326302
5.01918 0.196072 -0.0263712
5.03187 0.195927 -0.0114499
5.04676 0.195796 -0.00876679
5.05725 0.195726 -0.0066751
5.0761 0.196122 0.0209831
5.09544 0.197319 0.0618268
5.10687 0.19813 0.0708355
5.13358 0.20024 0.078818
5.14753 0.20187 0.116358
5.16084 0.203298 0.106868
5.16802 0.204106 0.111946
5.16969 0.204224 0.0707308
5.17847 0.205323 0.124574
5.18945 0.206299 0.0886593
5.1997 0.207516 0.118174
5.21313 0.209384 0.13819
True
0.262703
