-5.4718 0.815403 -0.245379
-5.44477 0.808961 -0.233924
-5.41191 0.80077 -0.244316
-5.37906 0.793987 -0.203654
-5.33568 0.782047 -0.268581
-5.2885 0.770659 -0.236823
-5.24097 0.759483 -0.230941
-5.19201 0.750333 -0.18477
-5.14609 0.740371 -0.213616
-5.10936 0.732452 -0.212378
-5.06051 0.722297 -0.204948
-5.01152 0.712922 -0.18909
-4.9633 0.703739 -0.188177
-4.91512 0.695375 -0.171883
-4.8669 0.686972 -0.172516
-4.82614 0.681223 -0.140152
-4.78052 0.673854 -0.160128
-4.73184 0.666416 -0.15163
-4.68404 0.658141 -0.171419
-4.64542 0.651575 -0.168392
-4.59932 0.642764 -0.188865
-4.55024 0.634543 -0.165954
-4.5029 0.625106 -0.196788
-4.45788 0.615846 -0.202852
-4.41461 0.605778 -0.228576
-4.3684 0.595234 -0.224351
-4.31964 0.584747 -0.211848
-4.27084 0.573909 -0.218533
-4.22206 0.56309 -0.218266
-4.17445 0.552267 -0.223526
-4.12804 0.541576 -0.226394
-4.07923 0.531278 -0.207956
-4.03026 0.522219 -0.182911
-3.98315 0.514677 -0.158765
-3.93506 0.508801 -0.121572
-3.88941 0.502722 -0.132379
-3.83997 0.495414 -0.14677
-3.79743 0.489316 -0.142387
-3.74934 0.482542 -0.139941
-3.71003 0.476939 -0.141549
-3.66121 0.469123 -0.158755
-3.61375 0.461293 -0.163536
-3.56461 0.4522 -0.182933
-3.52068 0.445646 -0.148107
-3.47171 0.435535 -0.203638
-3.42293 0.426881 -0.17557
-3.37397 0.417026 -0.198648
-3.32782 0.406567 -0.222859
-3.27966 0.395454 -0.226769
-3.23399 0.384525 -0.234881
-3.18577 0.373774 -0.219349
-3.14643 0.365796 -0.200094
-3.10023 0.356682 -0.194762
-3.0526 0.345005 -0.240447
-3.00637 0.333918 -0.235344
-2.96169 0.323907 -0.220469
-2.91575 0.311578 -0.262199
-2.86896 0.298198 -0.278477
-2.82158 0.282256 -0.324623
-2.77606 0.266758 -0.328112
-2.73076 0.2512 -0.330851
-2.68314 0.236263 -0.303915
-2.63775 0.22354 -0.273278
-2.59183 0.210869 -0.269284
-2.54387 0.197577 -0.270374
-2.5077 0.187448 -0.273007
-2.46982 0.176051 -0.292218
-2.42209 0.161502 -0.295875
-2.38799 0.150872 -0.302184
-2.34333 0.135227 -0.336986
-2.29525 0.121501 -0.278086
-2.24799 0.108378 -0.270858
-2.20014 0.0967426 -0.238539
-2.15589 0.0852438 -0.254235
-2.11637 0.0742747 -0.270739
-2.06855 0.0610491 -0.269832
-2.03343 0.0519547 -0.253387
-1.98605 0.0407024 -0.233179
-1.93873 0.0281367 -0.259557
-1.89129 0.0160543 -0.249378
-1.84453 0.00231614 -0.285755
-1.79701 -0.0132415 -0.316407
-1.75012 -0.0286493 -0.317475
-1.70249 -0.0438549 -0.309028
-1.66517 -0.0558042 -0.309843
-1.62295 -0.070879 -0.342933
-1.57579 -0.0870528 -0.330414
-1.52815 -0.10116 -0.287897
-1.48352 -0.115187 -0.304513
-1.4372 -0.129318 -0.296085
-1.39859 -0.140811 -0.289299
-1.34947 -0.150019 -0.185343
-1.31085 -0.159671 -0.244875
-1.26277 -0.173273 -0.275673
-1.21936 -0.185103 -0.266099
-1.17123 -0.197701 -0.255971
-1.12313 -0.210271 -0.255625
-1.07571 -0.223838 -0.278689
-1.04343 -0.230311 -0.197844
-0.998143 -0.239452 -0.199195
-0.952581 -0.249043 -0.20748
-0.908957 -0.258565 -0.214887
-0.86394 -0.26752 -0.196373
-0.818403 -0.275663 -0.176952
-0.774992 -0.283308 -0.17432
-0.726408 -0.294926 -0.234729
-0.683118 -0.305368 -0.236669
-0.634451 -0.315951 -0.214126
-0.586055 -0.32617 -0.208102
-0.539383 -0.335911 -0.205767
-0.490728 -0.344131 -0.167356
-0.445997 -0.350407 -0.139389
-0.396925 -0.359558 -0.184376
-0.352 -0.368192 -0.189873
-0.30879 -0.376397 -0.187635
-0.270594 -0.384341 -0.205064
-0.221894 -0.392958 -0.175131
-0.172689 -0.401682 -0.175477
-0.128909 -0.409598 -0.178885
-0.0798514 -0.418279 -0.175129
-0.0338847 -0.427042 -0.18839
0.0097196 -0.436203 -0.207079
0.0559918 -0.444133 -0.169729
0.103848 -0.453571 -0.194719
0.145539 -0.461683 -0.192173
0.194146 -0.471484 -0.198957
0.24304 -0.481507 -0.202203
0.287014 -0.491308 -0.219292
0.333406 -0.50204 -0.227342
0.382281 -0.511353 -0.188281
0.430976 -0.521345 -0.202393
0.479786 -0.531105 -0.19736
0.528032 -0.544048 -0.262103
0.569775 -0.554824 -0.252613
0.607554 -0.564684 -0.255319
0.652689 -0.576531 -0.256687
0.700936 -0.589586 -0.264251
0.748016 -0.600476 -0.227304
0.788397 -0.611903 -0.275781
0.837331 -0.621905 -0.201625
0.883589 -0.632022 -0.215306
0.928053 -0.642465 -0.23068
0.973054 -0.653886 -0.248559
1.02112 -0.667362 -0.273333
1.0623 -0.678459 -0.263235
1.10767 -0.689986 -0.248772
1.15311 -0.702214 -0.262929
1.19079 -0.713205 -0.283761
1.22659 -0.723062 -0.268701
1.27132 -0.735184 -0.264647
1.31741 -0.748344 -0.278122
1.36415 -0.761798 -0.280265
1.40932 -0.775074 -0.285884
1.45197 -0.788973 -0.314995
1.49474 -0.802739 -0.31145
1.53766 -0.814369 -0.264561
1.58064 -0.826951 -0.284833
1.6287 -0.839018 -0.246008
1.67184 -0.850525 -0.260647
1.72012 -0.8627 -0.247002
1.76778 -0.877255 -0.2964
1.81486 -0.892268 -0.308725
1.86195 -0.90876 -0.336832
1.90654 -0.922678 -0.302545
1.95513 -0.933898 -0.226938
2.00335 -0.94706 -0.266491
2.04645 -0.958575 -0.261078
2.09088 -0.969779 -0.247035
2.12717 -0.978835 -0.244515
2.17339 -0.990436 -0.245926
2.22161 -1.0026 -0.247068
2.2704 -1.01185 -0.187416
2.31793 -1.02309 -0.232182
2.3633 -1.03289 -0.212815
2.4101 -1.04378 -0.228492
2.45596 -1.05229 -0.183535
2.49701 -1.06196 -0.231299
2.54501 -1.07458 -0.257164
2.59352 -1.08673 -0.245399
2.64221 -1.09808 -0.229081
2.691 -1.1087 -0.214267
2.73964 -1.11742 -0.177437
2.77687 -1.12236 -0.131735
2.82144 -1.12778 -0.121092
2.87011 -1.13217 -0.0899896
2.91202 -1.13688 -0.111835
2.96177 -1.14156 -0.093795
3.00895 -1.14658 -0.106051
3.05434 -1.15239 -0.127265
3.10357 -1.16003 -0.153934
3.15216 -1.1706 -0.214289
3.19414 -1.1787 -0.190566
3.24143 -1.18857 -0.205661
3.27878 -1.19715 -0.226034
3.32342 -1.20763 -0.230417
3.35961 -1.21524 -0.207299
3.40222 -1.22483 -0.221353
3.44797 -1.23788 -0.27788
3.48727 -1.24824 -0.257907
3.52828 -1.25932 -0.263753
3.56037 -1.26831 -0.273076
3.59321 -1.27791 -0.28461
3.61095 -1.2822 -0.237151
3.6293 -1.28642 -0.226232
3.64652 -1.29126 -0.273879
3.66846 -1.2973 -0.268565
3.69422 -1.30484 -0.284753
3.70779 -1.30893 -0.292615
3.73255 -1.31678 -0.307116
3.76977 -1.32913 -0.320358
3.78529 -1.3341 -0.30986
3.7997 -1.33871 -0.30981
3.83901 -1.34929 -0.262911
3.87238 -1.35834 -0.264937
3.89146 -1.36407 -0.291445
3.91215 -1.37063 -0.307113
3.95102 -1.38179 -0.279423
3.96765 -1.38727 -0.318721
3.99965 -1.39756 -0.311068
4.0379 -1.40886 -0.28726
4.0646 -1.41594 -0.259071
4.09085 -1.42295 -0.261062
4.12285 -1.43097 -0.245568
4.1558 -1.43831 -0.219201
4.18485 -1.44515 -0.231396
4.21128 -1.45112 -0.221846
4.24404 -1.45829 -0.21565
4.27631 -1.4659 -0.231424
4.31648 -1.47681 -0.265364
4.34722 -1.48461 -0.248378
4.36092 -1.48786 -0.232783
4.36676 -1.48899 -0.192413
4.37898 -1.49134 -0.189308
4.41584 -1.49808 -0.181058
4.42981 -1.50054 -0.17398
4.44282 -1.50242 -0.143538
4.44822 -1.5034 -0.180264
4.46295 -1.50617 -0.185607
4.4771 -1.50873 -0.179025
4.49133 -1.51134 -0.181525
4.51582 -1.51685 -0.221187
4.52217 -1.51848 -0.251164
4.53736 -1.52248 -0.257527
4.56059 -1.52723 -0.201747
4.58123 -1.53134 -0.196786
4.5974 -1.53472 -0.205875
4.59424 -1.53395 -0.239294
4.62047 -1.53997 -0.225419
4.64464 -1.54542 -0.221984
4.65996 -1.54868 -0.209924
4.66979 -1.55069 -0.201259
4.68882 -1.55423 -0.183941
4.69483 -1.55526 -0.16876
4.72142 -1.55866 -0.127397
4.74587 -1.56193 -0.132902
4.76502 -1.5649 -0.153655
4.77345 -1.56645 -0.18235
4.78621 -1.56889 -0.1892
4.80056 -1.57191 -0.207194
4.81994 -1.57551 -0.183471
4.82691 -1.57641 -0.129486
4.83903 -1.57798 -0.12883
4.87096 -1.58225 -0.132874
4.89709 -1.58639 -0.156993
4.90782 -1.58827 -0.173918
4.91289 -1.58902 -0.147016
4.91807 -1.58977 -0.142357
4.93891 -1.5932 -0.163162
4.94364 -1.59414 -0.195986
4.95694 -1.597 -0.211815
4.96737 -1.59898 -0.18811
4.97165 -1.59965 -0.155507
4.98378 -1.60114 -0.122211
4.99281 -1.60223 -0.120097
5.00168 -1.60321 -0.109686
5.01774 -1.60501 -0.111796
5.03021 -1.60647 -0.116108
5.0425 -1.60802 -0.125526
5.06184 -1.61115 -0.160457
5.08032 -1.61464 -0.186725
5.09853 -1.61907 -0.238684
5.11514 -1.62373 -0.273457
5.12239 -1.62613 -0.319471
5.1217 -1.62586 -0.362446
5.12782 -1.62858 -0.417624
5.13991 -1.6346 -0.461524
5.14845 -1.63942 -0.514208
5.15687 -1.6443 -0.525468
5.16092 -1.64662 -0.519473
5.16118 -1.64675 -0.460047
5.16076 -1.64657 -0.399556
5.16677 -1.6487 -0.341414
5.17609 -1.651 -0.241421
5.17999 -1.65188 -0.221358
5.185 -1.653 -0.220636
5.20844 -1.65534 -0.0996123
True
0.311843
