4.4942 -0.00160948 -2.87075
4.49622 -0.000978948 -2.83868
4.48313 -0.00646061 -2.74498
4.44358 -0.0267675 -2.66728
4.41794 -0.042097 -2.60263
4.38577 -0.0646965 -2.52928
4.34862 -0.0962171 -2.43792
4.31568 -0.127832 -2.37676
4.28897 -0.154666 -2.35389
4.25824 -0.19391 -2.23513
4.23857 -0.220341 -2.21061
4.22109 -0.248169 -2.13161
4.2129 -0.263656 -2.05739
4.18989 -0.308047 -2.04894
4.17073 -0.343364 -2.06778
4.15002 -0.384173 -2.04047
4.12967 -0.42622 -2.02154
4.11137 -0.465162 -2.01022
4.09128 -0.509747 -1.99405
4.07112 -0.550182 -2.03337
4.05309 -0.596816 -1.93963
4.03497 -0.636917 -1.9952
4.02084 -0.670849 -1.96546
4.00255 -0.716578 -1.95121
3.98437 -0.760246 -1.96529
3.96564 -0.806078 -1.95877
3.949 -0.852267 -1.91654
3.93031 -0.897173 -1.96532
3.91728 -0.930283 -1.94562
3.89937 -0.973897 -1.96056
3.88391 -1.01286 -1.94855
3.86546 -1.05835 -1.95602
3.84923 -1.10187 -1.92775
3.83039 -1.14803 -1.95824
3.81618 -1.18401 -1.947
3.79815 -1.22456 -1.98914
3.77799 -1.27032 -1.98576
3.76357 -1.30417 -1.97368
3.74631 -1.34677 -1.95568
3.72617 -1.39251 -1.98561
3.70484 -1.43696 -2.01812
3.6841 -1.48173 -2.00469
3.66414 -1.52732 -1.98351
3.64566 -1.5654 -2.02252
3.62615 -1.60958 -1.98664
3.60655 -1.65445 -1.98261
3.58744 -1.69434 -2.01762
3.56555 -1.73896 -2.02675
3.54339 -1.78375 -2.03032
3.52017 -1.82747 -2.05907
3.50596 -1.85647 -2.02647
3.48501 -1.89891 -2.02926
3.4638 -1.9439 -2.01134
3.43877 -1.98619 -2.10521
3.41579 -2.02681 -2.08557
3.3911 -2.069 -2.10039
3.36626 -2.11225 -2.09206
3.33885 -2.15377 -2.15441
3.3122 -2.19307 -2.16653
3.28641 -2.23005 -2.17987
3.25591 -2.26959 -2.22772
3.22363 -2.30777 -2.27266
3.19296 -2.34267 -2.29181
3.15873 -2.37844 -2.33426
3.12644 -2.41229 -2.3326
3.0933 -2.44856 -2.31121
3.06596 -2.48134 -2.26582
3.04011 -2.51207 -2.27014
3.00862 -2.55026 -2.26034
2.98519 -2.57748 -2.28145
2.97334 -2.59131 -2.27956
2.94256 -2.62648 -2.28958
2.91484 -2.65907 -2.27582
2.8853 -2.69492 -2.25987
2.85515 -2.73354 -2.23369
2.82328 -2.77206 -2.26201
2.79729 -2.80269 -2.2744
2.76298 -2.8381 -2.34042
2.73675 -2.8649 -2.34552
2.70126 -2.90005 -2.36092
2.66903 -2.929 -2.40978
2.6347 -2.95966 -2.4126
2.60758 -2.98435 -2.40316
2.57662 -3.0108 -2.43445
2.54646 -3.03862 -2.39658
2.51202 -3.0706 -2.39326
2.4784 -3.09937 -2.43377
2.44485 -3.12849 -2.42678
2.4097 -3.15656 -2.46767
2.38112 -3.17792 -2.49973
2.36554 -3.18966 -2.49622
2.3368 -3.20999 -2.52581
2.29956 -3.23812 -2.4947
2.27593 -3.25473 -2.52868
2.23828 -3.28156 -2.5224
2.20447 -3.30343 -2.56745
2.16995 -3.32562 -2.57044
2.1344 -3.34652 -2.61001
2.09251 -3.37367 -2.5665
2.05262 -3.39827 -2.58912
2.00965 -3.4238 -2.60549
1.97001 -3.44878 -2.57919
1.93383 -3.47107 -2.58948
1.89196 -3.49791 -2.57166
1.84772 -3.52094 -2.66159
1.80273 -3.5427 -2.69104
1.75948 -3.56262 -2.71004
1.72922 -3.57617 -2.72044
1.68303 -3.59515 -2.75175
1.64174 -3.61245 -2.74486
1.59596 -3.63002 -2.77511
1.55852 -3.64609 -2.73625
1.51254 -3.66537 -2.74456
1.49549 -3.67334 -2.70422
1.47647 -3.68285 -2.67777
1.44022 -3.70101 -2.67718
1.39507 -3.72251 -2.69724
1.34966 -3.74168 -2.74197
1.30684 -3.76129 -2.71228
1.27352 -3.77408 -2.77508
1.22661 -3.79127 -2.79022
1.17866 -3.80544 -2.85436
1.13057 -3.8191 -2.86476
1.09195 -3.82618 -2.96042
1.05102 -3.83465 -2.93747
1.01692 -3.84319 -2.89621
0.968917 -3.85516 -2.89724
0.920434 -3.86737 -2.89476
0.879243 -3.8805 -2.83319
0.847162 -3.88879 -2.88867
0.801085 -3.89964 -2.91025
0.753624 -3.90924 -2.94211
0.71346 -3.918 -2.92681
0.66446 -3.92776 -2.94499
0.621893 -3.93681 -2.93204
0.587594 -3.94396 -2.9361
0.545681 -3.95361 -2.91527
0.504046 -3.96415 -2.89369
0.456912 -3.97601 -2.89507
0.407661 -3.98462 -2.96855
0.361415 -3.99155 -2.99284
0.325538 -3.99702 -2.99029
0.27621 -4.00268 -3.02745
0.226327 -4.00603 -3.07436
0.176396 -4.00699 -3.12251
0.126398 -4.00702 -3.14095
0.0764472 -4.00764 -3.12909
0.0264488 -4.00791 -3.1363
-0.0158815 -4.00747 -3.15194
-0.0602426 -4.00683 3.12711
-0.110204 -4.00514 3.10791
-0.16013 -4.00256 3.08997
-0.204849 -4.00052 3.09599
-0.248096 -3.99896 3.10538
-0.29643 -3.99525 3.06512
-0.337965 -3.99328 3.09419
-0.387729 -3.98845 3.04472
-0.431982 -3.98534 3.07148
-0.480402 -3.98315 3.09643
-0.522228 -3.97782 3.01487
-0.571164 -3.9705 2.99301
-0.617367 -3.96197 2.95916
-0.666933 -3.95563 3.01429
-0.714063 -3.94974 3.0173
-0.758258 -3.94225 2.9737
-0.804644 -3.93423 2.97038
-0.851901 -3.9263 2.97533
-0.900372 -3.91841 2.98028
-0.94931 -3.91039 2.9792
-0.998219 -3.90221 2.97583
-1.04423 -3.8916 2.91486
-1.09238 -3.87844 2.87491
-1.13524 -3.86844 2.91234
-1.1818 -3.8582 2.92509
-1.23011 -3.84577 2.88969
-1.26835 -3.83522 2.87234
-1.31354 -3.82334 2.88467
-1.35916 -3.80851 2.82726
-1.40212 -3.79478 2.83223
-1.44899 -3.7774 2.78654
-1.49418 -3.76152 2.80354
-1.53123 -3.74907 2.81749
-1.57811 -3.73209 2.79404
-1.62157 -3.71576 2.78225
-1.66782 -3.69876 2.78933
-1.70122 -3.68691 2.80079
-1.74815 -3.66987 2.79328
-1.79218 -3.65369 2.78942
-1.83086 -3.6395 2.78986
-1.86795 -3.62355 2.73552
-1.91442 -3.60521 2.76568
-1.96053 -3.58588 2.74461
-2.00107 -3.57042 2.77736
-2.04571 -3.55132 2.73732
-2.09103 -3.53184 2.73555
-2.1371 -3.51242 2.74262
-2.1813 -3.49091 2.68871
-2.22709 -3.47209 2.75175
-2.27237 -3.45107 2.70692
-2.31808 -3.43082 2.72461
-2.35735 -3.41499 2.75827
-2.40274 -3.39461 2.7197
-2.44777 -3.37287 2.69175
-2.48258 -3.35541 2.67664
-2.52517 -3.334 2.67587
-2.56907 -3.31269 2.68967
-2.61313 -3.28942 2.65563
-2.63904 -3.27636 2.67473
-2.65585 -3.26712 2.63903
-2.66754 -3.26037 2.61825
-2.69131 -3.24538 2.57876
-2.72573 -3.2237 2.5795
-2.75622 -3.20085 2.4984
-2.78955 -3.17788 2.5382
-2.82456 -3.15356 2.53443
-2.86397 -3.12867 2.57837
-2.89274 -3.10809 2.52073
-2.91599 -3.09024 2.48652
-2.94308 -3.07244 2.56041
-2.97198 -3.05368 2.56587
-2.99008 -3.04281 2.6007
-3.00614 -3.0331 2.59755
-3.02271 -3.02293 2.59105
-3.03252 -3.01692 2.59273
-3.04047 -3.01199 2.58643
-3.04725 -3.00778 2.58582
-3.06029 -2.99972 2.5878
-3.06953 -2.99387 2.57745
-3.08807 -2.98112 2.53904
-3.09843 -2.9747 2.5869
-3.11248 -2.96651 2.61374
-3.13252 -2.95506 2.62276
-3.14518 -2.94884 2.68438
-3.15148 -2.94583 2.69566
-3.17668 -2.93263 2.65925
-3.21198 -2.91492 2.67645
-3.23742 -2.90233 2.68217
-3.2632 -2.88858 2.65171
-3.29963 -2.86915 2.65147
-3.31762 -2.8604 2.68929
-3.34818 -2.84595 2.69971
-3.35739 -2.84179 2.71777
-3.36592 -2.83776 2.70018
-3.37305 -2.83421 2.67889
-3.38278 -2.82985 2.72094
-3.39915 -2.8229 2.74025
-3.41827 -2.81406 2.70862
-3.43378 -2.80669 2.69781
-3.44913 -2.79936 2.69602
-3.4642 -2.79188 2.68062
-3.48075 -2.78351 2.67334
-3.50772 -2.76808 2.62198
-3.52842 -2.75601 2.61387
-3.55296 -2.74193 2.62053
-3.57296 -2.73125 2.6513
-3.5784 -2.72821 2.63215
-3.59283 -2.72011 2.62952
-3.61277 -2.70841 2.61107
-3.62918 -2.69736 2.54898
-3.63924 -2.69001 2.51131
-3.66868 -2.66774 2.49393
-3.69164 -2.64923 2.46302
-3.70636 -2.63815 2.4964
-3.73309 -2.61867 2.51181
-3.76065 -2.59857 2.51149
-3.79107 -2.57757 2.53715
-3.82306 -2.55671 2.56391
-3.84938 -2.5397 2.56784
-3.8753 -2.52219 2.54749
-3.89547 -2.50853 2.54629
-3.92734 -2.48739 2.55592
-3.94736 -2.47419 2.55861
-3.96315 -2.46262 2.50904
-3.97337 -2.4552 2.51399
-3.98448 -2.44676 2.49169
-3.99307 -2.43978 2.45923
-4.00326 -2.43093 2.4267
-4.00938 -2.42573 2.4369
-4.01928 -2.41756 2.45203
-4.02473 -2.41331 2.47949
-4.0362 -2.40437 2.47913
-4.04248 -2.39968 2.50061
-4.06086 -2.38633 2.51339
-4.06831 -2.38038 2.4671
-4.07266 -2.37712 2.50005
-4.08429 -2.3686 2.50904
-4.08259 -2.36987 2.49985
-4.08958 -2.36417 2.45767
-4.10209 -2.35382 2.45051
-4.10525 -2.35136 2.47904
-4.12322 -2.33796 2.50095
-4.14429 -2.3229 2.52095
-4.15954 -2.31239 2.53836
-4.17238 -2.30337 2.52893
-4.17803 -2.29968 2.56386
-4.1842 -2.29558 2.55373
-4.19433 -2.28864 2.54105
-4.2 -2.28473 2.53857
-4.20334 -2.28242 2.53684
-4.21459 -2.27475 2.54333
-4.23522 -2.25977 2.51332
-4.24989 -2.24802 2.46641
-4.26303 -2.23523 2.36952
True
0.188621
