-5.46043 1.48523 -0.38207
-5.44693 1.47947 -0.403106
-5.40821 1.4651 -0.35538
-5.37333 1.45054 -0.395419
-5.34089 1.43892 -0.343828
-5.29408 1.42213 -0.34452
-5.25287 1.40686 -0.354758
-5.20799 1.38937 -0.371804
-5.16665 1.37497 -0.335011
-5.12523 1.35866 -0.375184
-5.08059 1.34137 -0.369449
-5.03395 1.32485 -0.340406
-4.99086 1.30904 -0.351783
-4.94513 1.29186 -0.359396
-4.89927 1.27429 -0.365761
-4.85278 1.25652 -0.365053
-4.80734 1.2396 -0.356484
-4.76082 1.22178 -0.365743
-4.71487 1.20448 -0.360247
-4.66931 1.18905 -0.326521
-4.622 1.17319 -0.32352
-4.57643 1.15884 -0.304901
-4.53116 1.14457 -0.305493
-4.48378 1.12873 -0.322574
-4.43731 1.11306 -0.325292
-4.39849 1.0977 -0.376808
-4.35224 1.08164 -0.334167
-4.30539 1.06515 -0.33831
-4.25879 1.0481 -0.35078
-4.21329 1.03097 -0.360189
-4.16664 1.01425 -0.344226
-4.12022 0.996667 -0.361953
-4.07424 0.979488 -0.357549
-4.02788 0.960807 -0.38312
-3.98419 0.940485 -0.435336
-3.94185 0.921464 -0.422216
-3.90198 0.902611 -0.441692
-3.85681 0.88448 -0.381741
-3.8168 0.867528 -0.400711
-3.77354 0.850118 -0.382663
-3.73409 0.833637 -0.395688
-3.68776 0.815859 -0.366396
-3.64765 0.800322 -0.369567
-3.60101 0.786829 -0.281617
-3.55341 0.771537 -0.31084
-3.50755 0.756338 -0.32003
-3.46033 0.74255 -0.284099
-3.41367 0.724782 -0.363836
-3.36629 0.708967 -0.322177
-3.31872 0.693715 -0.310227
-3.27421 0.677555 -0.348326
-3.23691 0.663002 -0.371972
-3.19136 0.642448 -0.423894
-3.14897 0.625857 -0.373033
-3.10252 0.608025 -0.366552
-3.06295 0.591322 -0.39946
-3.02396 0.57581 -0.378664
-2.98421 0.556697 -0.448137
-2.94416 0.537619 -0.444617
-2.89813 0.518852 -0.387075
-2.85685 0.501604 -0.39578
-2.81069 0.483066 -0.381885
-2.76425 0.464581 -0.378827
-2.72796 0.449641 -0.3906
-2.6821 0.430086 -0.403056
-2.64216 0.413369 -0.396362
-2.59887 0.397128 -0.35892
-2.55338 0.380673 -0.347072
-2.50639 0.363825 -0.344257
-2.47233 0.351351 -0.351057
-2.42616 0.335112 -0.338252
-2.38902 0.323445 -0.304392
-2.34878 0.310111 -0.319919
-2.30217 0.294332 -0.326455
-2.25574 0.277571 -0.346415
-2.20833 0.262852 -0.30105
-2.16138 0.246767 -0.330047
-2.12798 0.234862 -0.342351
-2.08127 0.218172 -0.343241
-2.03879 0.20292 -0.344669
-1.99512 0.186846 -0.352661
-1.95003 0.169408 -0.369038
-1.90515 0.152266 -0.364852
-1.86124 0.136427 -0.346219
-1.81556 0.121162 -0.322513
-1.76776 0.10653 -0.296999
-1.72 0.0926998 -0.28188
-1.67201 0.0792512 -0.273269
-1.63062 0.066358 -0.30195
-1.58736 0.051834 -0.323898
-1.54468 0.0362715 -0.349632
-1.5006 0.0217344 -0.318577
-1.45525 0.00509175 -0.351706
-1.41174 -0.0114893 -0.364153
-1.37303 -0.0264632 -0.369093
-1.32555 -0.041885 -0.31403
-1.28059 -0.0580223 -0.344597
-1.23485 -0.0762265 -0.378761
-1.18826 -0.0933683 -0.35256
-1.14333 -0.113336 -0.418256
-1.10369 -0.129624 -0.389843
-1.06219 -0.145757 -0.370726
-1.01597 -0.163596 -0.368402
-0.970511 -0.181444 -0.374097
-0.934645 -0.195965 -0.384697
-0.888632 -0.215507 -0.401615
-0.84282 -0.233152 -0.367651
-0.796589 -0.251309 -0.374239
-0.749583 -0.267592 -0.33347
-0.705627 -0.283687 -0.350998
-0.667244 -0.300614 -0.415349
-0.631088 -0.316 -0.402316
-0.593159 -0.331729 -0.393115
-0.553465 -0.347838 -0.385518
-0.509967 -0.363181 -0.339111
-0.463644 -0.381896 -0.38396
-0.422964 -0.397389 -0.363897
-0.385304 -0.410814 -0.342442
-0.344506 -0.427003 -0.377743
-0.298498 -0.444051 -0.354851
-0.250671 -0.458608 -0.295457
-0.205679 -0.470734 -0.263266
-0.157971 -0.483554 -0.262525
-0.117458 -0.49661 -0.311761
-0.0696854 -0.511364 -0.299531
-0.0228311 -0.526428 -0.311074
0.022816 -0.538793 -0.264535
0.0707697 -0.551531 -0.259643
0.11857 -0.566159 -0.296964
0.163092 -0.577675 -0.253108
0.207366 -0.591729 -0.307366
0.25434 -0.608126 -0.335845
0.297759 -0.623277 -0.335747
0.344486 -0.638126 -0.307684
0.391461 -0.654182 -0.32936
0.436804 -0.669205 -0.319932
0.483893 -0.685759 -0.338039
0.530273 -0.703397 -0.363406
0.575308 -0.719917 -0.351596
0.62325 -0.734106 -0.287745
0.670875 -0.749051 -0.304084
0.71924 -0.761621 -0.254257
0.757459 -0.771842 -0.261337
0.7969 -0.781924 -0.250254
0.842783 -0.795525 -0.28817
0.890347 -0.810485 -0.304726
0.929649 -0.822532 -0.297448
0.977808 -0.835967 -0.272051
1.02135 -0.848642 -0.283283
1.0543 -0.85636 -0.23011
1.09335 -0.864866 -0.21444
1.14172 -0.876055 -0.227333
1.18983 -0.889616 -0.274717
1.23504 -0.903965 -0.30738
1.27938 -0.918989 -0.326633
1.3248 -0.933754 -0.314317
1.36392 -0.946784 -0.321551
1.4084 -0.960772 -0.304645
1.45437 -0.977001 -0.339407
1.48874 -0.989423 -0.346853
1.52851 -1.0038 -0.346977
1.57465 -1.02265 -0.387815
1.61771 -1.04002 -0.383265
1.66397 -1.05889 -0.387325
1.71021 -1.0778 -0.38832
1.74778 -1.09268 -0.377151
1.78519 -1.10697 -0.364882
1.82983 -1.12206 -0.32591
1.87197 -1.13608 -0.321186
1.91866 -1.15257 -0.339514
1.96083 -1.16817 -0.354279
1.99563 -1.18054 -0.34152
2.04025 -1.19591 -0.33177
2.08452 -1.21034 -0.315033
2.13178 -1.22445 -0.29015
2.17458 -1.23795 -0.305524
2.22198 -1.25323 -0.31196
2.26908 -1.27001 -0.34224
2.3124 -1.28421 -0.316717
2.35911 -1.2983 -0.29287
2.40441 -1.31342 -0.322201
2.44809 -1.32805 -0.32326
2.4914 -1.34252 -0.322316
2.53642 -1.35703 -0.311772
2.58375 -1.37286 -0.322757
2.62994 -1.39201 -0.393124
2.66016 -1.40372 -0.369665
2.69058 -1.41596 -0.382357
2.72609 -1.43002 -0.377173
2.75112 -1.43937 -0.357287
2.7932 -1.4537 -0.328411
2.82707 -1.4656 -0.337746
2.87411 -1.48046 -0.30587
2.9061 -1.4903 -0.298647
2.93863 -1.50121 -0.323483
2.9825 -1.51446 -0.293415
3.03019 -1.52945 -0.304431
3.07804 -1.5436 -0.287496
3.12053 -1.55682 -0.301679
3.16811 -1.57127 -0.294933
3.21537 -1.58547 -0.291816
3.26285 -1.60098 -0.31573
3.30278 -1.61627 -0.365725
3.34736 -1.63053 -0.309523
3.38057 -1.64113 -0.308935
3.4236 -1.65425 -0.295992
3.46057 -1.6669 -0.329748
3.50044 -1.68156 -0.35245
3.54485 -1.69885 -0.371099
3.57814 -1.71131 -0.35832
3.61069 -1.72282 -0.339987
3.63932 -1.7321 -0.313243
3.67691 -1.74298 -0.281847
3.70738 -1.75206 -0.289538
3.75185 -1.76644 -0.312773
3.77581 -1.77453 -0.325589
3.80837 -1.78593 -0.336791
3.82676 -1.79266 -0.350868
3.86038 -1.80687 -0.399957
3.87982 -1.81541 -0.413767
3.89267 -1.82141 -0.436646
3.90024 -1.82493 -0.435586
3.9139 -1.83066 -0.396764
3.93382 -1.83855 -0.377184
3.95837 -1.84732 -0.343182
3.96534 -1.84979 -0.340195
3.97711 -1.85368 -0.319561
3.98992 -1.8589 -0.386622
4.00121 -1.86363 -0.397062
4.00504 -1.86538 -0.428873
4.02165 -1.87399 -0.47795
4.03224 -1.87938 -0.471051
4.04444 -1.88559 -0.470868
4.05575 -1.89189 -0.508138
4.08659 -1.90786 -0.477885
4.09727 -1.91389 -0.5137
4.11158 -1.92201 -0.515901
4.13142 -1.9335 -0.525127
4.16429 -1.95103 -0.490135
4.17688 -1.95685 -0.432952
4.19261 -1.96403 -0.427694
4.21048 -1.97263 -0.448579
4.22278 -1.97789 -0.404082
4.2474 -1.98745 -0.370372
4.27524 -1.99768 -0.352291
4.3068 -2.01063 -0.389445
4.34311 -2.02563 -0.391808
4.37154 -2.03806 -0.411929
4.40007 -2.04983 -0.391426
4.42898 -2.06274 -0.419977
4.45871 -2.0759 -0.416803
4.47614 -2.08278 -0.376001
4.49876 -2.09258 -0.408498
4.53292 -2.10819 -0.428655
4.56513 -2.12159 -0.394414
4.58902 -2.13078 -0.367122
4.61456 -2.14029 -0.356449
4.64911 -2.1546 -0.392576
4.686 -2.16981 -0.391243
4.70569 -2.17763 -0.377982
4.7208 -2.18385 -0.390348
4.74901 -2.19406 -0.347233
4.77923 -2.20526 -0.354909
4.79192 -2.20985 -0.347122
4.80414 -2.2136 -0.297538
4.82608 -2.22037 -0.299591
4.83625 -2.22321 -0.272073
4.83981 -2.224 -0.216674
4.84495 -2.22494 -0.181238
4.8587 -2.22669 -0.12648
4.88803 -2.22913 -0.0832283
4.91052 -2.23058 -0.0643876
4.92974 -2.23201 -0.073976
4.94212 -2.23313 -0.0901762
4.968 -2.23606 -0.112882
4.99343 -2.24008 -0.156922
5.00413 -2.24208 -0.184608
5.02661 -2.24576 -0.162175
5.03978 -2.24845 -0.20132
5.05597 -2.25136 -0.178028
5.07141 -2.2537 -0.150472
5.08588 -2.25581 -0.144585
5.09823 -2.25748 -0.134645
5.10303 -2.25794 -0.0945318
5.12824 -2.25941 -0.0583754
5.13482 -2.25951 -0.0160129
5.14807 -2.26012 -0.0452771
5.15324 -2.26035 -0.0463137
5.15808 -2.26086 -0.104098
5.16722 -2.26147 -0.0669917
5.17361 -2.26182 -0.0535629
5.1796 -2.26229 -0.0792969
5.18411 -2.2626 -0.0690424
5.19941 -2.2634 -0.0517904
5.21671 -2.26302 0.0218627
True
0.0677638
