-5.46533 1.13149 -0.310889
-5.43172 1.12153 -0.288199
-5.38699 1.10736 -0.306752
-5.34614 1.09323 -0.333048
-5.30676 1.07893 -0.34823
-5.26023 1.06269 -0.335877
-5.21499 1.04414 -0.389097
-5.17842 1.03041 -0.359089
-5.14169 1.01704 -0.34905
-5.09647 0.999521 -0.369642
-5.0557 0.984412 -0.354936
-5.01084 0.968584 -0.339198
-4.96335 0.952935 -0.318338
-4.91702 0.935093 -0.367553
-4.87102 0.919193 -0.332792
-4.82637 0.905582 -0.295923
-4.78084 0.889744 -0.33475
-4.73331 0.87471 -0.306361
-4.68975 0.858427 -0.35771
-4.64863 0.843158 -0.355584
-4.61081 0.828982 -0.358608
-4.56439 0.810836 -0.372655
-4.52085 0.793813 -0.372682
-4.47501 0.778017 -0.331809
-4.42772 0.761788 -0.33059
-4.38177 0.744887 -0.352501
-4.33476 0.728564 -0.334179
-4.2935 0.712916 -0.362502
-4.24646 0.697145 -0.323479
-4.20012 0.681354 -0.328456
-4.15489 0.667084 -0.305585
-4.10856 0.65066 -0.34065
-4.06144 0.636284 -0.296159
-4.01424 0.620522 -0.322325
-3.97357 0.605745 -0.34847
-3.92724 0.587957 -0.366593
-3.88265 0.570127 -0.380398
-3.83629 0.553279 -0.34858
-3.78989 0.536648 -0.344175
-3.74853 0.522768 -0.32373
-3.71175 0.509782 -0.339455
-3.66696 0.493198 -0.3546
-3.62254 0.472651 -0.433264
-3.57664 0.453813 -0.389401
-3.53075 0.434688 -0.394912
-3.48803 0.417532 -0.381826
-3.4422 0.398766 -0.388687
-3.39862 0.380843 -0.390186
-3.35392 0.361123 -0.415462
-3.30938 0.340672 -0.430453
-3.26513 0.322639 -0.386967
-3.21947 0.302527 -0.414885
-3.17366 0.283781 -0.388468
-3.12955 0.26459 -0.41039
-3.08671 0.246008 -0.409272
-3.04947 0.229717 -0.412305
-3.00336 0.210372 -0.397284
-2.9586 0.190313 -0.421268
-2.91271 0.171135 -0.39586
-2.86591 0.153624 -0.358009
-2.81957 0.135625 -0.370503
-2.78138 0.121376 -0.357116
-2.74075 0.106615 -0.348455
-2.69842 0.0924728 -0.322451
-2.65864 0.0790108 -0.326328
-2.61915 0.0639081 -0.365249
-2.57441 0.0470721 -0.359913
-2.52799 0.0285615 -0.379452
-2.48887 0.0136298 -0.364627
-2.44437 -0.00512921 -0.398972
-2.39816 -0.0219801 -0.34967
-2.35528 -0.0384534 -0.366741
-2.30755 -0.0532384 -0.300439
-2.26283 -0.0685904 -0.330663
-2.21884 -0.0842607 -0.34219
-2.17426 -0.100089 -0.341174
-2.12858 -0.115289 -0.321222
-2.09143 -0.126525 -0.293698
-2.06418 -0.134344 -0.279448
-2.017 -0.149172 -0.304511
-1.97091 -0.163406 -0.299537
-1.92494 -0.177462 -0.296745
-1.87684 -0.191051 -0.275326
-1.83037 -0.203773 -0.267216
-1.78251 -0.214689 -0.22427
-1.73882 -0.225412 -0.240644
-1.70002 -0.237406 -0.299801
-1.66347 -0.247262 -0.263396
-1.61628 -0.260904 -0.281447
-1.56803 -0.27228 -0.23156
-1.51986 -0.285346 -0.264842
-1.48153 -0.293576 -0.211484
-1.43357 -0.306977 -0.272482
-1.38564 -0.321076 -0.286109
-1.33856 -0.334384 -0.27548
-1.29252 -0.347175 -0.270961
-1.25201 -0.359566 -0.296864
-1.21323 -0.372296 -0.317153
-1.166 -0.388315 -0.327048
-1.12054 -0.401616 -0.284628
-1.07317 -0.417604 -0.325492
-1.02663 -0.434386 -0.346071
-0.982199 -0.450782 -0.353529
-0.938781 -0.466767 -0.352757
-0.894821 -0.481933 -0.332202
-0.847893 -0.499179 -0.352176
-0.809605 -0.513095 -0.348621
-0.76633 -0.528451 -0.340978
-0.720608 -0.543913 -0.326103
-0.673749 -0.560943 -0.348598
-0.632943 -0.576824 -0.371138
-0.586065 -0.594212 -0.355192
-0.540835 -0.611869 -0.372198
-0.49423 -0.629968 -0.370416
-0.448174 -0.645444 -0.324164
-0.400751 -0.661287 -0.322428
-0.356955 -0.677774 -0.360035
-0.314989 -0.693379 -0.356008
-0.296789 -0.700332 -0.364923
-0.255147 -0.716954 -0.379779
-0.20867 -0.735217 -0.374423
-0.162144 -0.752376 -0.35332
-0.124691 -0.763904 -0.298594
-0.0906871 -0.772405 -0.244974
-0.0494405 -0.782539 -0.240931
-0.00872036 -0.79058 -0.194959
0.0390822 -0.801453 -0.223648
0.0849109 -0.810316 -0.191043
0.133965 -0.819858 -0.192117
0.181945 -0.833073 -0.268768
0.229461 -0.84641 -0.273639
0.255825 -0.854444 -0.29579
0.302337 -0.869551 -0.314047
0.343506 -0.883294 -0.322182
0.390818 -0.899428 -0.328649
0.431607 -0.913063 -0.322618
0.478353 -0.928946 -0.327524
0.51833 -0.942965 -0.337275
0.565707 -0.956603 -0.280283
0.613494 -0.970093 -0.275141
0.66149 -0.983534 -0.273054
0.708691 -0.997781 -0.293129
0.742623 -1.0066 -0.254295
0.788691 -1.02011 -0.285275
0.836181 -1.03398 -0.284143
0.879751 -1.04625 -0.274561
0.924606 -1.05937 -0.284497
0.962984 -1.07076 -0.288392
1.00942 -1.08376 -0.273054
1.05223 -1.09573 -0.272624
1.09582 -1.10829 -0.280545
1.14113 -1.1225 -0.303997
1.18041 -1.13427 -0.291042
1.21991 -1.14756 -0.324566
1.26485 -1.16315 -0.333896
1.30273 -1.17841 -0.383095
1.34443 -1.19422 -0.362181
1.37157 -1.20553 -0.39497
1.41755 -1.22457 -0.392687
1.46151 -1.24272 -0.39145
1.5083 -1.25908 -0.336301
1.55506 -1.27618 -0.350723
1.60149 -1.29173 -0.323097
1.64584 -1.30596 -0.310518
1.68516 -1.31909 -0.322236
1.73065 -1.33313 -0.299388
1.76338 -1.34225 -0.271734
1.81111 -1.35715 -0.302569
1.84965 -1.36968 -0.314372
1.89624 -1.38387 -0.295674
1.92964 -1.39543 -0.333252
1.96588 -1.40722 -0.314481
2.01223 -1.42443 -0.3555
2.05288 -1.43921 -0.348699
2.09968 -1.45564 -0.337613
2.14348 -1.4709 -0.33533
2.18239 -1.48343 -0.311661
2.23072 -1.49569 -0.248222
2.27667 -1.50786 -0.259065
2.32427 -1.52031 -0.255737
2.36535 -1.53048 -0.242853
2.4132 -1.54433 -0.281706
2.45029 -1.55577 -0.299086
2.49887 -1.56758 -0.238535
2.54613 -1.58052 -0.267265
2.59464 -1.59214 -0.23502
2.626 -1.59967 -0.235616
2.67476 -1.60969 -0.202703
2.71748 -1.61868 -0.207345
2.76627 -1.62935 -0.215473
2.81422 -1.64335 -0.283931
2.85597 -1.65784 -0.334104
2.90283 -1.67529 -0.356464
2.94942 -1.69214 -0.347028
2.99322 -1.70931 -0.373663
3.03933 -1.72635 -0.354046
3.08039 -1.74156 -0.354757
3.12434 -1.75819 -0.361606
3.16976 -1.77811 -0.41329
3.21089 -1.79502 -0.390152
3.24881 -1.811 -0.398853
3.29246 -1.83106 -0.430762
3.3351 -1.85149 -0.446901
3.37208 -1.86767 -0.41238
3.41341 -1.88649 -0.427222
3.45841 -1.90724 -0.432105
3.49968 -1.92725 -0.451473
3.54279 -1.94885 -0.464465
3.57222 -1.96176 -0.413439
3.59125 -1.97013 -0.414296
3.62724 -1.98585 -0.4119
3.66867 -2.0015 -0.361012
3.68113 -2.00671 -0.396547
3.70849 -2.01988 -0.448347
3.73755 -2.03318 -0.429465
3.76639 -2.04515 -0.39338
3.80479 -2.06204 -0.414427
3.84523 -2.08075 -0.433299
3.87358 -2.09575 -0.486561
3.90547 -2.11406 -0.521143
3.9344 -2.13065 -0.520661
3.96963 -2.15024 -0.507557
3.99538 -2.16491 -0.517661
4.00173 -2.16837 -0.500251
4.01459 -2.17488 -0.468491
4.02821 -2.18171 -0.464515
4.0502 -2.19235 -0.450913
4.06528 -2.19941 -0.437545
4.07804 -2.20614 -0.484995
4.11075 -2.22079 -0.421347
4.13208 -2.23013 -0.412416
4.16292 -2.24491 -0.447126
4.19759 -2.26079 -0.429236
4.22902 -2.27451 -0.411747
4.25828 -2.28762 -0.42124
4.294 -2.30395 -0.428879
4.32726 -2.31847 -0.411615
4.37301 -2.33791 -0.401876
4.41316 -2.35482 -0.398556
4.43581 -2.36267 -0.333634
4.46266 -2.37174 -0.325489
4.50133 -2.38467 -0.322794
4.54201 -2.39628 -0.27811
4.57995 -2.40992 -0.345146
4.615 -2.42335 -0.365736
4.64576 -2.43541 -0.373767
4.67911 -2.4485 -0.374056
4.69989 -2.45727 -0.399177
4.71797 -2.46558 -0.430659
4.735 -2.47366 -0.443235
4.75091 -2.481 -0.432205
4.75608 -2.48346 -0.443573
4.77124 -2.49124 -0.474508
4.78608 -2.49975 -0.520426
4.79379 -2.50416 -0.519632
4.79371 -2.50411 -0.584837
4.81366 -2.51791 -0.6054
4.83494 -2.53207 -0.586899
4.85808 -2.5464 -0.554504
4.87366 -2.55599 -0.551838
4.89115 -2.56683 -0.554895
4.90833 -2.57779 -0.567808
4.92379 -2.58793 -0.580639
4.92545 -2.5891 -0.612837
4.92763 -2.59055 -0.589035
4.93444 -2.59471 -0.547966
4.94075 -2.59822 -0.507253
4.95378 -2.60647 -0.564624
4.95553 -2.60756 -0.557826
4.96854 -2.61639 -0.59636
4.9693 -2.61691 -0.593256
4.97977 -2.62336 -0.552467
4.9861 -2.627 -0.520878
4.99521 -2.63192 -0.495691
5.00221 -2.63571 -0.496008
5.00915 -2.6398 -0.532825
5.02316 -2.64759 -0.5074
5.02915 -2.65069 -0.476559
5.04866 -2.66093 -0.483484
5.05524 -2.66404 -0.442777
5.06677 -2.66834 -0.356596
5.08018 -2.67376 -0.384112
5.08471 -2.6755 -0.367078
5.09499 -2.6789 -0.319019
5.10318 -2.68137 -0.293369
5.12265 -2.6867 -0.267207
5.14268 -2.6911 -0.215921
5.15697 -2.69439 -0.226706
5.1643 -2.69546 -0.144033
5.16981 -2.69613 -0.120945
5.17305 -2.69672 -0.180354
5.17654 -2.69743 -0.202652
5.19583 -2.70182 -0.223798
5.207 -2.70424 -0.212702
5.20902 -2.7046 -0.1775
5.22216 -2.70701 -0.181469
5.2245 -2.70761 -0.253948
5.23003 -2.70907 -0.25711
5.24419 -2.71279 -0.257065
True
0.270871
