4.47341 0.0108056 2.75556
4.44908 0.0246096 2.62556
4.40725 0.051963 2.56243
4.37079 0.0774515 2.53153
4.34148 0.10042 2.47689
4.31573 0.126035 2.35892
4.28327 0.163295 2.28742
4.25606 0.195727 2.26884
4.23069 0.225752 2.27241
4.20999 0.250596 2.26551
4.18475 0.283541 2.22449
4.15865 0.319144 2.20339
4.1341 0.353657 2.18897
4.11719 0.38036 2.13536
4.09334 0.41898 2.124
4.06597 0.460061 2.15853
4.0389 0.501816 2.14603
4.01451 0.545389 2.08111
4.00041 0.576197 1.99994
3.98137 0.619558 1.98453
3.96265 0.663278 1.97541
3.94495 0.706386 1.96038
3.9286 0.743931 1.98151
3.91057 0.790229 1.94225
3.8921 0.834337 1.96725
3.87461 0.881107 1.92861
3.86361 0.909264 1.94334
3.85055 0.94389 1.93142
3.83476 0.982539 1.95869
3.82287 1.02013 1.87722
3.80892 1.06811 1.85356
3.79203 1.11506 1.91624
3.77958 1.14765 1.93563
3.76223 1.19448 1.92562
3.74695 1.22934 1.98389
3.73067 1.26502 1.99885
3.71347 1.30308 1.99541
3.69351 1.34822 1.98712
3.67277 1.38955 2.03592
3.65289 1.4291 2.03656
3.63117 1.47273 2.03266
3.61018 1.51685 2.01489
3.59802 1.54233 2.01587
3.57773 1.5823 2.04062
3.55696 1.62332 2.03935
3.53822 1.66181 2.02395
3.52103 1.69662 2.02961
3.49804 1.74088 2.04991
3.47427 1.78487 2.06609
3.45281 1.8259 2.05275
3.42861 1.86914 2.08102
3.4055 1.91006 2.08493
3.38414 1.94734 2.09107
3.35783 1.989 2.13408
3.33495 2.02398 2.15012
3.31046 2.06045 2.16216
3.28511 2.09857 2.15744
3.2587 2.14103 2.1274
3.23364 2.18406 2.09818
3.20898 2.2235 2.12943
3.18696 2.2587 2.12991
3.16419 2.29646 2.11339
3.13908 2.33968 2.09704
3.11263 2.3821 2.1285
3.08669 2.42142 2.15387
3.05788 2.45979 2.21488
3.03166 2.4937 2.22913
2.99938 2.5318 2.27367
2.97253 2.56372 2.26995
2.95002 2.58985 2.28194
2.92122 2.62367 2.27612
2.89192 2.65813 2.27547
2.85838 2.69519 2.30643
2.82428 2.73119 2.32919
2.7971 2.75877 2.34879
2.7673 2.78952 2.34057
2.74588 2.81318 2.30664
2.71081 2.84861 2.35107
2.6867 2.8723 2.36485
2.6517 2.90357 2.41246
2.61722 2.93508 2.4012
2.58342 2.96517 2.41421
2.54451 2.99591 2.47288
2.50895 3.02751 2.41509
2.47319 3.06207 2.37322
2.43887 3.09537 2.37133
2.40846 3.12231 2.41661
2.36912 3.15317 2.47646
2.32956 3.18295 2.49628
2.29045 3.21045 2.52866
2.25806 3.23442 2.50468
2.22942 3.2529 2.56864
2.19217 3.27874 2.53497
2.15414 3.30666 2.50836
2.12969 3.32329 2.54416
2.08873 3.35196 2.53094
2.05197 3.37736 2.53697
2.01049 3.40513 2.55172
1.97973 3.42552 2.55608
1.93752 3.45233 2.57572
1.89716 3.47619 2.60785
1.86744 3.49322 2.62092
1.82307 3.51593 2.66858
1.79237 3.53066 2.69414
1.74814 3.55393 2.65735
1.70335 3.57612 2.68163
1.66056 3.59839 2.66174
1.61582 3.62052 2.68217
1.58208 3.6363 2.70422
1.5403 3.65538 2.71324
1.49524 3.67595 2.71336
1.45691 3.6919 2.74723
1.4105 3.71047 2.7609
1.37519 3.72508 2.74945
1.32989 3.74337 2.75787
1.28545 3.75834 2.81662
1.25099 3.77043 2.80414
1.20423 3.78813 2.77967
1.16279 3.80194 2.82003
1.1203 3.81495 2.84451
1.07195 3.82763 2.88514
1.02476 3.8392 2.90101
0.987776 3.84705 2.93249
0.945128 3.85495 2.95849
0.899085 3.86436 2.94003
0.851375 3.87376 2.9469
0.806693 3.88302 2.93741
0.75924 3.89178 2.95896
0.71711 3.90173 2.9097
0.667976 3.9107 2.96098
0.620221 3.91659 3.01888
0.570961 3.92171 3.03805
0.537035 3.9251 3.0419
0.494328 3.92916 3.04691
0.450016 3.93525 3.00509
0.405171 3.94005 3.03485
0.356956 3.94562 3.02668
0.307207 3.94916 3.07055
0.258478 3.95321 3.05851
0.217049 3.95556 3.0849
0.175682 3.95708 3.1049
0.128416 3.95875 3.10644
0.0784774 3.96068 3.10284
0.0321986 3.96211 3.11078
-0.0143672 3.96595 3.05922
-0.0578838 3.96907 3.07009
-0.10767 3.97359 3.05099
-0.156934 3.97507 3.11169
-0.187131 3.97663 3.08973
-0.233726 3.97896 3.09174
-0.282363 3.98088 3.10219
-0.329575 3.98398 3.07596
-0.376892 3.98585 3.10206
-0.42413 3.98781 3.10009
-0.473627 3.98647 3.16868
-0.523615 3.98629 -3.1379
-0.573536 3.98544 -3.12462
-0.623205 3.98533 -3.13946
-0.668507 3.98421 -3.11689
-0.711272 3.98218 -3.09419
-0.761054 3.97761 -3.04992
-0.810629 3.97279 -3.04468
-0.857235 3.96642 -3.00587
-0.897754 3.96111 -3.01128
-0.936049 3.9563 -3.01661
-0.982505 3.94937 -2.99338
-1.02223 3.94419 -3.01208
-1.07186 3.93807 -3.0189
-1.11732 3.93213 -3.01152
-1.16539 3.92681 -3.03153
-1.21187 3.92202 -3.03876
-1.25947 3.91742 -3.0452
-1.30495 3.91033 -2.98701
-1.35387 3.90312 -2.99538
-1.39657 3.89647 -2.98712
-1.4447 3.8874 -2.95524
-1.48895 3.87985 -2.97265
-1.5353 3.87114 -2.95571
-1.5838 3.86043 -2.92437
-1.63295 3.85349 -3.00135
-1.67562 3.84781 -3.00922
-1.72482 3.84303 -3.04479
-1.76456 3.84056 -3.0793
-1.81444 3.8372 -3.07433
-1.85933 3.83523 -3.09785
-1.90564 3.83336 -3.10111
-1.9516 3.83009 -3.07074
-2.00125 3.82586 -3.05654
-2.04971 3.82173 -3.05658
-2.07933 3.81934 -3.06116
-2.12356 3.81579 -3.06135
-2.16914 3.8116 -3.04994
-2.2066 3.80759 -3.03506
-2.24781 3.80231 -3.0141
-2.29347 3.79603 -3.00486
-2.34228 3.78847 -2.98794
-2.38455 3.78033 -2.9515
-2.42849 3.7717 -2.94758
-2.46673 3.76558 -2.98293
-2.50652 3.75882 -2.97315
-2.5523 3.75107 -2.97395
-2.58353 3.74583 -2.97548
-2.61275 3.74157 -2.99664
-2.64978 3.73527 -2.9732
-2.69714 3.72737 -2.97626
-2.72458 3.72274 -2.97428
-2.76057 3.7171 -2.98628
-2.78836 3.71239 -2.97363
-2.81796 3.70552 -2.9135
-2.85485 3.69736 -2.92397
-2.89937 3.68868 -2.94906
-2.93609 3.68355 -3.00269
-2.97735 3.67843 -3.01825
-3.01553 3.67416 -3.03018
-3.0562 3.66838 -3.00053
-3.09816 3.66372 -3.03097
-3.12725 3.65976 -3.00631
-3.15895 3.65514 -2.99678
-3.17891 3.65235 -3.00251
-3.18354 3.65165 -2.99217
-3.20091 3.64937 -3.01115
-3.21838 3.64716 -3.01564
-3.23465 3.64555 -3.04292
-3.25242 3.64421 -3.06637
-3.28428 3.6436 -3.12245
-3.30419 3.6432 -3.12172
-3.33153 3.6418 -3.09017
-3.36571 3.63883 -3.05506
-3.38864 3.63763 -3.08925
-3.40249 3.63643 -3.05518
-3.41291 3.63561 -3.06292
-3.41877 3.63512 -3.05801
-3.44363 3.6322 -3.02476
-3.47381 3.6277 -2.99368
-3.50061 3.62324 -2.97672
-3.52606 3.61833 -2.9508
-3.54651 3.61525 -2.99216
-3.56589 3.61109 -2.93042
-3.59371 3.60498 -2.92522
-3.61133 3.60068 -2.90255
-3.62236 3.59794 -2.89779
-3.63613 3.59451 -2.8972
-3.65511 3.58998 -2.90725
-3.66485 3.58778 -2.92022
-3.67693 3.58525 -2.93457
-3.69287 3.58185 -2.93159
-3.70794 3.57829 -2.90954
-3.73509 3.57225 -2.92268
-3.74571 3.56976 -2.91125
-3.766 3.56469 -2.89698
-3.78737 3.5594 -2.89862
-3.81096 3.55353 -2.89769
-3.83352 3.54834 -2.91559
-3.86222 3.54323 -2.96537
-3.88404 3.5405 -3.01737
-3.90491 3.53777 -3.01117
-3.92157 3.53518 -2.98762
-3.93745 3.53334 -3.0264
-3.94751 3.53227 -3.03488
-3.97113 3.53026 -3.05704
-3.96802 3.53051 -3.06159
-3.9746 3.52988 -3.04504
-3.97804 3.52951 -3.03486
-3.98717 3.52855 -3.03704
-3.99723 3.52732 -3.01977
-4.02128 3.5232 -2.9719
-4.03039 3.52121 -2.92638
-4.04091 3.51926 -2.95858
-4.05565 3.51671 -2.97027
-4.06363 3.51518 -2.9526
-4.06529 3.51485 -2.94373
-4.07468 3.51293 -2.93994
-4.09776 3.50826 -2.94199
-4.11271 3.50579 -2.97813
-4.1211 3.50432 -2.9671
-4.13008 3.50312 -3.00944
-4.137 3.5023 -3.02313
-4.1442 3.50146 -3.02614
-4.15999 3.50027 -3.06597
-4.16832 3.49982 -3.08801
-4.18471 3.49977 -3.13888
-4.18153 3.49985 -3.11697
-4.18928 3.49964 -3.11356
-4.19513 3.49949 -3.11676
-4.19668 3.49949 -3.14189
-4.20514 3.49941 3.15144
True
0.191587
