-5.47662 -0.567941 0.254317
-5.44332 -0.559667 0.24354
-5.39994 -0.546908 0.286087
-5.3609 -0.535826 0.276539
-5.31306 -0.521528 0.290465
-5.26552 -0.508368 0.270015
-5.21734 -0.495678 0.257549
-5.17625 -0.485395 0.245243
-5.13602 -0.47311 0.296362
-5.09436 -0.460753 0.288355
-5.04708 -0.447012 0.282845
-5.00725 -0.435412 0.283384
-4.95948 -0.420675 0.299224
-4.91291 -0.408043 0.264869
-4.86537 -0.397847 0.21128
-4.8163 -0.388255 0.193054
-4.76918 -0.377146 0.231519
-4.72313 -0.366044 0.236572
-4.67476 -0.354581 0.232706
-4.62675 -0.34065 0.282406
-4.58053 -0.328488 0.257328
-4.53262 -0.31433 0.287298
-4.48731 -0.299325 0.319792
-4.45191 -0.289321 0.275428
-4.41733 -0.278552 0.30189
-4.3696 -0.264023 0.295487
-4.32228 -0.252137 0.246094
-4.27385 -0.240215 0.241403
-4.22475 -0.230858 0.188293
-4.17593 -0.220184 0.21524
-4.12693 -0.210398 0.197104
-4.09534 -0.204716 0.177994
-4.0469 -0.192358 0.249796
-4.00148 -0.180778 0.249617
-3.96014 -0.168219 0.29499
-3.92267 -0.156658 0.299257
-3.87893 -0.145374 0.252451
-3.83445 -0.134053 0.249251
-3.78603 -0.121693 0.249903
-3.7435 -0.108436 0.302201
-3.69538 -0.0950098 0.272097
-3.64731 -0.0820593 0.263147
-3.6101 -0.0711889 0.284177
-3.56217 -0.0575111 0.278019
-3.51508 -0.0419477 0.319222
-3.47613 -0.0307147 0.280759
-3.43214 -0.01878 0.264932
-3.38409 -0.00779297 0.22476
-3.33558 0.00382852 0.235143
-3.296 0.0119702 0.202886
-3.24896 0.0222091 0.214319
-3.19964 0.0302623 0.16185
-3.15543 0.037548 0.16335
-3.10686 0.0467132 0.186487
-3.0659 0.0542598 0.182193
-3.01795 0.0635297 0.190993
-2.96983 0.073708 0.208447
-2.9209 0.0819321 0.16653
-2.8759 0.0910255 0.199358
-2.82969 0.09942 0.179693
-2.78079 0.109128 0.196002
-2.73221 0.118926 0.199025
-2.68317 0.127166 0.166458
-2.63372 0.134527 0.147752
-2.58485 0.14413 0.194069
-2.53946 0.152523 0.182829
-2.49345 0.162049 0.204151
-2.44461 0.172725 0.215217
-2.39978 0.182907 0.223319
-2.35386 0.19195 0.194432
-2.30501 0.201579 0.194625
-2.25683 0.211433 0.201753
-2.22092 0.218499 0.194282
-2.17151 0.22607 0.152052
-2.12312 0.23403 0.163033
-2.07542 0.241838 0.162267
-2.03294 0.247507 0.132639
-1.9852 0.256365 0.183473
-1.93613 0.265446 0.182982
-1.8874 0.273622 0.166246
-1.84192 0.281926 0.180581
-1.79472 0.289207 0.153063
-1.74954 0.29612 0.15183
-1.69998 0.302673 0.131465
-1.65074 0.311155 0.170577
-1.61025 0.316351 0.127653
-1.57873 0.320335 0.125688
-1.53653 0.325708 0.126656
-1.49224 0.332758 0.157864
-1.44288 0.33987 0.143094
-1.39612 0.348449 0.181459
-1.35069 0.357931 0.205728
-1.30427 0.366422 0.180928
-1.25974 0.376062 0.213188
-1.21269 0.386891 0.226228
-1.16658 0.401169 0.30031
-1.12231 0.415436 0.311749
-1.07542 0.432592 0.350718
-1.0288 0.449638 0.350582
-0.984637 0.467111 0.376729
-0.939578 0.483635 0.351511
-0.901207 0.499023 0.381388
-0.856964 0.513332 0.312806
-0.814024 0.528345 0.336335
-0.768517 0.545344 0.357502
-0.720912 0.560402 0.306341
-0.674456 0.575607 0.316318
-0.627555 0.591888 0.334117
-0.580221 0.607756 0.323467
-0.536552 0.619654 0.265992
-0.487838 0.630897 0.226829
-0.445787 0.642293 0.264637
-0.397812 0.654507 0.249308
-0.354105 0.664133 0.216775
-0.305699 0.673696 0.195047
-0.256668 0.683367 0.19474
-0.222327 0.689671 0.181549
-0.173325 0.699319 0.194397
-0.127409 0.708764 0.202884
-0.0801088 0.717829 0.189343
-0.0440521 0.724346 0.178817
-0.00124425 0.731099 0.156463
0.0440517 0.738722 0.166734
0.0933455 0.747094 0.168235
0.136791 0.755651 0.19447
0.173867 0.761616 0.159513
0.221778 0.77164 0.206255
0.260296 0.780019 0.214195
0.305693 0.79126 0.242722
0.353287 0.801608 0.214103
0.401469 0.814965 0.270417
0.449514 0.82847 0.274026
0.497411 0.841801 0.271459
0.541708 0.85543 0.298471
0.586327 0.867837 0.271213
0.634213 0.88168 0.28141
0.680916 0.896946 0.315929
0.726369 0.91147 0.309296
0.774222 0.925703 0.289082
0.820158 0.941228 0.325924
0.866488 0.95999 0.384775
0.906805 0.976014 0.37832
0.953203 0.99301 0.351132
0.986812 1.00339 0.299625
1.0335 1.021 0.360704
1.07824 1.03779 0.359012
1.12172 1.05701 0.416089
1.16793 1.07584 0.387007
1.20625 1.09177 0.393949
1.24363 1.10933 0.439162
1.28898 1.13037 0.434422
1.33415 1.14967 0.403719
1.3766 1.16795 0.406586
1.421 1.18666 0.398897
1.46544 1.20946 0.474089
1.51074 1.23061 0.436698
1.55687 1.24965 0.39147
1.59808 1.26689 0.396336
1.63709 1.28197 0.36879
1.68316 1.30137 0.398493
1.73033 1.31789 0.336892
1.77688 1.33421 0.337332
1.82188 1.35077 0.352571
1.86695 1.36561 0.318076
1.9073 1.3792 0.32477
1.95221 1.39229 0.283719
1.99339 1.40343 0.26409
2.04059 1.41709 0.28174
2.08801 1.43161 0.297087
2.13491 1.44697 0.316625
2.17424 1.4605 0.331224
2.22111 1.47635 0.32607
2.26878 1.49136 0.305103
2.31659 1.50411 0.260611
2.3655 1.51439 0.20718
2.40515 1.52558 0.275083
2.44718 1.53921 0.313476
2.48521 1.54945 0.263278
2.52627 1.56184 0.292917
2.57394 1.57544 0.277849
2.61943 1.58824 0.27431
2.657 1.59893 0.277302
2.7002 1.61093 0.270854
2.73878 1.62362 0.317767
2.77584 1.63547 0.30964
2.82218 1.65024 0.308403
2.86619 1.6666 0.355987
2.91275 1.68473 0.371308
2.95938 1.70195 0.353859
3.00698 1.71692 0.304705
3.05476 1.73163 0.298669
3.09253 1.74512 0.343035
3.13761 1.76317 0.380744
3.17083 1.77824 0.425784
3.21738 1.79481 0.342121
3.26367 1.8137 0.387387
3.30843 1.83158 0.380165
3.34998 1.8472 0.3594
3.39744 1.86292 0.31992
3.43968 1.87518 0.282367
3.4875 1.88964 0.29372
3.52545 1.90179 0.309751
3.56169 1.91176 0.268547
3.60744 1.92201 0.220522
3.65057 1.93283 0.245665
3.6962 1.94401 0.240364
3.72361 1.9505 0.232528
3.75767 1.95775 0.209589
3.79495 1.96461 0.182173
3.81837 1.9686 0.168559
3.86483 1.98016 0.243955
3.90812 1.99202 0.267263
3.94566 2.00616 0.360145
3.9829 2.02067 0.37168
4.01418 2.03248 0.360913
4.03039 2.03866 0.364392
4.06258 2.05047 0.351668
4.09369 2.06374 0.40317
4.13057 2.0789 0.390006
4.17155 2.09735 0.423086
4.21265 2.11527 0.411116
4.25674 2.13348 0.391679
4.27951 2.14376 0.424204
4.30109 2.15282 0.397402
4.33231 2.16532 0.380925
4.36759 2.18013 0.3972
4.40056 2.19411 0.401077
4.40682 2.19674 0.398121
4.42692 2.20416 0.353611
4.44 2.20835 0.310243
4.44714 2.21066 0.312549
4.45723 2.21398 0.318126
4.46177 2.21514 0.248962
4.47779 2.21977 0.281348
4.48077 2.22077 0.324877
4.51144 2.22995 0.290765
4.54149 2.23761 0.249771
4.5874 2.24682 0.197978
4.61406 2.25129 0.166126
4.6307 2.25416 0.170347
4.64484 2.25602 0.130967
4.66045 2.25723 0.0773913
4.6757 2.25738 0.0100066
4.68221 2.25734 -0.00576173
4.70381 2.25779 0.0203734
4.7142 2.25814 0.0339756
4.73492 2.25969 0.0745568
4.77598 2.26505 0.129951
4.81971 2.27057 0.125488
4.84534 2.2745 0.152193
4.8743 2.27925 0.162485
4.89287 2.28238 0.167213
4.90969 2.28536 0.175378
4.91862 2.28669 0.147913
4.9314 2.28872 0.15721
4.93912 2.29016 0.18431
4.96085 2.29503 0.220448
4.97349 2.29842 0.262075
4.98392 2.30022 0.170774
5.00231 2.30336 0.169224
5.02746 2.30704 0.145188
5.03057 2.30748 0.140902
5.03585 2.30846 0.184773
5.04664 2.31056 0.191824
5.06185 2.31357 0.195342
5.07978 2.31748 0.214734
5.09749 2.32226 0.263779
5.10996 2.3259 0.283604
5.12308 2.32991 0.29671
5.12998 2.33236 0.341014
5.12875 2.33189 0.365508
5.13786 2.33524 0.353116
5.14785 2.33888 0.348765
5.16493 2.34423 0.303895
5.17596 2.34738 0.278056
5.19336 2.35194 0.256244
5.20544 2.35521 0.264065
True
0.0682056
