4.4627 -0.0153797 -2.75052
4.41721 -0.0361231 -2.71376
4.3803 -0.0560884 -2.64575
4.3462 -0.0767971 -2.59579
4.30513 -0.102107 -2.58935
4.26962 -0.128712 -2.49858
4.2374 -0.158037 -2.40312
4.20046 -0.191726 -2.4022
4.17155 -0.222238 -2.32931
4.15096 -0.244743 -2.31168
4.12339 -0.279782 -2.23754
4.10333 -0.310533 -2.14876
4.08945 -0.332246 -2.13958
4.07284 -0.359357 -2.12041
4.05117 -0.402235 -2.03886
4.02842 -0.446755 -2.04308
4.0054 -0.491137 -2.04929
3.98216 -0.53226 -2.08526
3.96491 -0.569085 -2.0088
3.94659 -0.606262 -2.0287
3.92872 -0.642675 -2.02705
3.91073 -0.680033 -2.01966
3.88852 -0.724829 -2.03101
3.868 -0.766039 -2.0328
3.85318 -0.800014 -1.98212
3.83453 -0.842496 -1.98454
3.81741 -0.887389 -1.935
3.80101 -0.928736 -1.9484
3.79047 -0.959134 -1.90475
3.78102 -0.98558 -1.91376
3.76227 -1.03154 -1.95827
3.74786 -1.07179 -1.91444
3.73263 -1.1194 -1.88053
3.71884 -1.1568 -1.92406
3.70041 -1.20324 -1.94858
3.68616 -1.24367 -1.90954
3.67229 -1.28178 -1.91993
3.6639 -1.30402 -1.93158
3.64629 -1.35069 -1.93159
3.6259 -1.39634 -1.99083
3.61303 -1.42859 -1.95046
3.59529 -1.46606 -2.01298
3.58402 -1.4897 -2.01575
3.56452 -1.52769 -2.04505
3.54413 -1.5678 -2.04113
3.52688 -1.60316 -2.02447
3.50578 -1.64439 -2.04398
3.48266 -1.68872 -2.05138
3.46275 -1.72771 -2.04311
3.44474 -1.76388 -2.03267
3.4224 -1.80377 -2.08134
3.39828 -1.84578 -2.09193
3.37546 -1.88477 -2.1003
3.34902 -1.9272 -2.12801
3.32047 -1.96814 -2.17989
3.29224 -2.00941 -2.17079
3.26501 -2.0495 -2.16726
3.24772 -2.07432 -2.17928
3.22172 -2.11297 -2.16307
3.19255 -2.15326 -2.19736
3.16883 -2.18328 -2.23966
3.14011 -2.22033 -2.23009
3.10896 -2.25873 -2.25241
3.07802 -2.29367 -2.29552
3.05964 -2.31539 -2.27316
3.03739 -2.34118 -2.28255
3.00285 -2.37722 -2.33491
2.97537 -2.40757 -2.30676
2.9404 -2.44308 -2.34857
2.90804 -2.4812 -2.27447
2.87841 -2.51494 -2.29159
2.84435 -2.55155 -2.32006
2.81874 -2.58095 -2.28735
2.78969 -2.61179 -2.32632
2.75716 -2.64723 -2.31346
2.7233 -2.68399 -2.3152
2.69019 -2.7189 -2.32966
2.66166 -2.74875 -2.33369
2.6293 -2.78219 -2.33972
2.59291 -2.81554 -2.39964
2.56196 -2.84569 -2.36939
2.52504 -2.87931 -2.40283
2.4902 -2.91016 -2.41706
2.45897 -2.93964 -2.3849
2.4282 -2.96565 -2.43987
2.40217 -2.98732 -2.44732
2.36834 -3.01429 -2.46873
2.32808 -3.04379 -2.50912
2.29269 -3.06984 -2.50701
2.25566 -3.09589 -2.52857
2.22373 -3.11972 -2.50039
2.18291 -3.14828 -2.53102
2.14537 -3.17401 -2.5409
2.10714 -3.19762 -2.58843
2.06397 -3.22283 -2.61292
2.026 -3.24537 -2.60584
1.98608 -3.27058 -2.57827
1.946 -3.29383 -2.61609
1.90289 -3.31916 -2.61026
1.86586 -3.33989 -2.63133
1.82969 -3.36143 -2.60449
1.79498 -3.38179 -2.61098
1.76619 -3.39926 -2.59632
1.72578 -3.42468 -2.58001
1.68646 -3.44804 -2.60563
1.64293 -3.47096 -2.65682
1.61466 -3.48693 -2.62747
1.5828 -3.50456 -2.63618
1.53962 -3.52812 -2.64209
1.50193 -3.54564 -2.70648
1.45691 -3.56739 -2.69167
1.41208 -3.58947 -2.68381
1.3664 -3.60956 -2.7273
1.32875 -3.62543 -2.74281
1.2865 -3.64435 -2.72042
1.24053 -3.66372 -2.7428
1.19741 -3.68178 -2.74493
1.15143 -3.70131 -2.74005
1.10566 -3.71792 -2.79343
1.06144 -3.73427 -2.78735
1.01439 -3.75116 -2.79704
0.971488 -3.76648 -2.79852
0.925191 -3.78059 -2.84589
0.88596 -3.79182 -2.86279
0.838907 -3.80517 -2.86505
0.794564 -3.81681 -2.88485
0.745945 -3.82803 -2.91484
0.699957 -3.8394 -2.89929
0.651758 -3.85264 -2.87343
0.604627 -3.86262 -2.93289
0.555796 -3.87176 -2.95658
0.506571 -3.8803 -2.96983
0.459646 -3.88818 -2.97526
0.414404 -3.89307 -3.03397
0.3659 -3.89835 -3.03311
0.324074 -3.90358 -3.01726
0.280714 -3.90813 -3.03693
0.230903 -3.91244 -3.05528
0.185996 -3.91434 -3.09943
0.138117 -3.91553 -3.11664
0.0882461 -3.91767 -3.09864
0.0382589 -3.91875 -3.12005
-0.0105046 -3.91959 -3.1244
-0.0603028 -3.91991 -3.13523
-0.103825 -3.9177 -3.1922
-0.145601 -3.91533 3.08496
-0.195383 -3.91209 3.07665
-0.244953 -3.90863 3.07184
-0.29029 -3.90345 3.02788
-0.339554 -3.8975 3.02125
-0.382084 -3.89206 3.01446
-0.430326 -3.88728 3.04273
-0.47978 -3.87991 2.99382
-0.528939 -3.87649 3.07207
-0.578304 -3.87212 3.05328
-0.627212 -3.86989 3.096
-0.676974 -3.86685 3.08052
-0.719893 -3.8638 3.0708
-0.769634 -3.8588 3.04145
-0.811278 -3.85416 3.0305
-0.86046 -3.84613 2.97988
-0.909723 -3.83908 2.99937
-0.948385 -3.83201 2.96078
-0.987304 -3.82418 2.94289
-1.03118 -3.81703 2.98022
-1.07981 -3.80872 2.97224
-1.12219 -3.80026 2.94456
-1.16843 -3.79218 2.96871
-1.21721 -3.78521 2.99966
-1.26411 -3.7782 2.99319
-1.30079 -3.77248 2.98677
-1.34722 -3.7615 2.90951
-1.39615 -3.75121 2.93429
-1.44075 -3.7416 2.92926
-1.48814 -3.73147 2.93098
-1.53095 -3.72249 2.93482
-1.57044 -3.71699 3.00331
-1.61991 -3.70999 3.00098
-1.66883 -3.70098 2.95955
-1.71768 -3.69194 2.95853
-1.76705 -3.68485 2.99897
-1.81635 -3.67654 2.97464
-1.86572 -3.6687 2.98417
-1.91499 -3.6618 3.00242
-1.96075 -3.6549 2.99181
-2.00973 -3.64655 2.97276
-2.04863 -3.63736 2.90967
-2.09545 -3.62328 2.84944
-2.13137 -3.61397 2.88809
-2.17618 -3.60335 2.90872
-2.21697 -3.59485 2.9363
-2.26175 -3.58738 2.97634
-2.29537 -3.58145 2.96695
-2.32779 -3.57648 2.98954
-2.37694 -3.56732 2.95725
-2.42612 -3.55834 2.96096
-2.46706 -3.54939 2.92652
-2.50311 -3.54275 2.95937
-2.54532 -3.53651 2.99475
-2.58227 -3.53277 3.04064
-2.62353 -3.52792 3.02465
-2.65935 -3.52306 3.00667
-2.68372 -3.51966 3.00302
-2.7175 -3.51389 2.97254
-2.74361 -3.50862 2.94225
-2.76759 -3.50436 2.9657
-2.77778 -3.50269 2.97983
-2.79814 -3.49918 2.97058
-2.82951 -3.49409 2.98072
-2.86022 -3.49034 3.02025
-2.89879 -3.48674 3.04847
-2.92589 -3.48427 3.05056
-2.9465 -3.48212 3.03789
-2.96772 -3.47887 2.98943
-3.00841 -3.47281 2.99385
-3.05207 -3.46715 3.01268
-3.07095 -3.46478 3.01666
-3.09253 -3.46166 2.99812
-3.1088 -3.45953 3.01103
-3.1424 -3.4535 2.96424
-3.18028 -3.44751 2.98453
-3.21368 -3.44207 2.9802
-3.22985 -3.43877 2.94031
-3.24483 -3.43544 2.92291
-3.24776 -3.43468 2.88987
-3.2607 -3.43211 2.94537
-3.27612 -3.4286 2.91766
-3.29688 -3.42407 2.92683
-3.31868 -3.41904 2.91477
-3.35206 -3.41196 2.93243
-3.36545 -3.4097 2.9746
-3.38519 -3.40558 2.9357
-3.40644 -3.40116 2.93675
-3.41671 -3.39852 2.88951
-3.42161 -3.39727 2.89194
-3.42816 -3.39598 2.94769
-3.44857 -3.39221 2.95899
-3.46903 -3.38868 2.97051
-3.49157 -3.38413 2.94259
-3.51298 -3.38039 2.96868
-3.53391 -3.37629 2.94788
-3.54372 -3.37413 2.92496
-3.55667 -3.37144 2.93718
-3.5647 -3.3697 2.92834
-3.59255 -3.36429 2.94953
-3.60747 -3.36139 2.94969
-3.62813 -3.3564 2.90483
-3.64814 -3.3504 2.85035
-3.67325 -3.34267 2.84282
-3.70288 -3.33307 2.82814
-3.73532 -3.32234 2.82229
-3.76464 -3.31348 2.84809
-3.78407 -3.30695 2.81744
-3.79742 -3.30263 2.8286
-3.8068 -3.29998 2.86634
-3.82762 -3.29343 2.83655
-3.84107 -3.28906 2.82741
-3.85757 -3.2836 2.82258
-3.86611 -3.28107 2.85262
-3.87578 -3.2787 2.90127
-3.893 -3.2743 2.89165
-3.90177 -3.27182 2.86621
-3.91056 -3.26931 2.86305
-3.92245 -3.26552 2.83326
-3.9346 -3.26195 2.85588
-3.93632 -3.26143 2.84806
-3.94959 -3.25743 2.84824
-3.96114 -3.2538 2.83734
-3.97263 -3.25024 2.84169
-3.99434 -3.24353 2.84174
-4.01039 -3.23839 2.83143
-4.01133 -3.23806 2.80644
-4.03364 -3.23167 2.86251
-4.05402 -3.22673 2.90399
-4.06061 -3.22513 2.90243
-4.07195 -3.22223 2.89162
-4.0908 -3.21718 2.87951
-4.09875 -3.21538 2.91971
-4.10726 -3.21367 2.94331
-4.11537 -3.21221 2.9633
-4.11781 -3.21179 2.97202
-4.1212 -3.2113 2.99623
-4.13923 -3.20933 3.03326
-4.15048 -3.20832 3.05192
-4.16694 -3.20655 3.03412
-4.17722 -3.20585 3.07406
-4.19343 -3.20511 3.09561
-4.2107 -3.20434 3.09739
True
0.0658513
