-5.45603 -0.473265 -0.27737
-5.40824 -0.486402 -0.268272
-5.36047 -0.498517 -0.248361
-5.31933 -0.508857 -0.246222
-5.27093 -0.521319 -0.252016
-5.22599 -0.533681 -0.268439
-5.20138 -0.540727 -0.278796
-5.15334 -0.553021 -0.250524
-5.11387 -0.564779 -0.289549
-5.06908 -0.577737 -0.281612
-5.02101 -0.590122 -0.252187
-4.97351 -0.604702 -0.297816
-4.92542 -0.617893 -0.267671
-4.8798 -0.632887 -0.317611
-4.83253 -0.648879 -0.326209
-4.80377 -0.657795 -0.300658
-4.76561 -0.670438 -0.319908
-4.72812 -0.68159 -0.289081
-4.68453 -0.693008 -0.25622
-4.63653 -0.70622 -0.268601
-4.58926 -0.718208 -0.248384
-4.54561 -0.7299 -0.261718
-4.49788 -0.742485 -0.257758
-4.45055 -0.756719 -0.292161
-4.40707 -0.768161 -0.257293
-4.36039 -0.778954 -0.227255
-4.31286 -0.791681 -0.261602
-4.26392 -0.800744 -0.183122
-4.22111 -0.810777 -0.230214
-4.17456 -0.822337 -0.243419
-4.13801 -0.829526 -0.194179
-4.0958 -0.838388 -0.20694
-4.06375 -0.845906 -0.230424
-4.015 -0.856952 -0.222822
-3.97014 -0.866387 -0.207301
-3.92641 -0.877693 -0.253003
-3.88453 -0.886788 -0.213844
-3.83564 -0.895987 -0.185987
-3.78716 -0.906041 -0.204477
-3.7473 -0.912634 -0.163917
-3.69844 -0.923048 -0.209982
-3.65394 -0.932276 -0.204487
-3.60629 -0.940537 -0.171652
-3.55769 -0.94988 -0.189932
-3.51139 -0.956134 -0.134271
-3.46274 -0.966026 -0.200609
-3.41393 -0.976515 -0.211651
-3.37467 -0.985106 -0.215412
-3.33469 -0.995016 -0.242993
-3.28794 -1.00581 -0.226871
-3.24479 -1.01518 -0.213868
-3.20277 -1.02297 -0.183292
-3.15335 -1.03057 -0.15255
-3.10465 -1.04002 -0.191766
-3.06699 -1.04777 -0.202952
-3.01814 -1.05835 -0.213201
-2.96973 -1.06688 -0.174426
-2.92035 -1.07457 -0.15452
-2.87119 -1.08188 -0.147632
-2.82245 -1.08842 -0.133392
-2.77556 -1.0971 -0.18308
-2.7291 -1.10625 -0.194427
-2.68271 -1.11679 -0.223363
-2.63722 -1.12723 -0.225583
-2.59251 -1.13489 -0.169763
-2.54357 -1.14382 -0.180428
-2.49595 -1.15223 -0.174829
-2.45346 -1.16028 -0.187126
-2.40663 -1.16687 -0.139871
-2.35713 -1.17353 -0.133803
-2.31027 -1.18253 -0.189753
-2.26282 -1.19102 -0.176935
-2.21496 -1.2004 -0.193679
-2.1857 -1.20465 -0.144095
-2.15026 -1.20963 -0.139485
-2.11144 -1.21508 -0.139634
-2.06823 -1.22219 -0.163066
-2.01953 -1.2334 -0.226299
-1.97076 -1.24438 -0.22135
-1.92394 -1.25429 -0.208711
-1.88517 -1.26114 -0.174761
-1.83555 -1.26712 -0.120012
-1.78571 -1.27013 -0.0602626
-1.7489 -1.27396 -0.103632
-1.69923 -1.27633 -0.047583
-1.65934 -1.27972 -0.0849869
-1.6094 -1.28228 -0.0510691
-1.56845 -1.28427 -0.0486496
-1.51933 -1.2864 -0.0434328
-1.46981 -1.28596 0.00891983
-1.42853 -1.28621 -0.00598408
-1.38277 -1.28646 -0.0054735
-1.33453 -1.28581 0.0134082
-1.28645 -1.28755 -0.0361646
-1.23686 -1.29062 -0.0616727
-1.18707 -1.2928 -0.043735
-1.13931 -1.2971 -0.0898975
-1.08945 -1.30049 -0.067843
-1.04343 -1.30585 -0.115918
-1.00592 -1.31075 -0.129938
-0.962943 -1.31614 -0.124872
-0.935419 -1.31905 -0.105119
-0.899051 -1.32207 -0.0830221
-0.84933 -1.32569 -0.0725764
-0.799561 -1.33049 -0.096262
-0.756934 -1.33526 -0.11138
-0.711144 -1.33969 -0.0963392
-0.661292 -1.34353 -0.0768671
-0.611504 -1.34811 -0.0917373
-0.565131 -1.35282 -0.101264
-0.522582 -1.35895 -0.143069
-0.473205 -1.36432 -0.108343
-0.423362 -1.36826 -0.0789621
-0.383414 -1.3722 -0.0983808
-0.346157 -1.37507 -0.0767937
-0.304219 -1.37968 -0.109381
-0.270172 -1.38233 -0.0777758
-0.221379 -1.38735 -0.102415
-0.172656 -1.39218 -0.0988397
-0.124635 -1.39829 -0.126566
-0.0810378 -1.4038 -0.125736
-0.0344311 -1.40792 -0.0882214
0.0122458 -1.41289 -0.106003
0.0619599 -1.41699 -0.0823102
0.111735 -1.42157 -0.0918474
0.159925 -1.4275 -0.122466
0.199844 -1.43103 -0.0881845
0.246169 -1.43488 -0.0829108
0.291571 -1.44139 -0.142282
0.340273 -1.45067 -0.188396
0.385765 -1.46001 -0.202391
0.429546 -1.47007 -0.225862
0.478551 -1.47996 -0.199105
0.524889 -1.49249 -0.264149
0.570222 -1.50482 -0.265663
0.615517 -1.51736 -0.270118
0.660286 -1.53055 -0.286321
0.703831 -1.54305 -0.279716
0.745002 -1.55441 -0.269169
0.791047 -1.568 -0.28689
0.833403 -1.57854 -0.243956
0.874483 -1.59096 -0.29373
0.922202 -1.60589 -0.303118
0.969803 -1.62109 -0.309069
1.01495 -1.63517 -0.302249
1.06094 -1.65036 -0.319042
1.10763 -1.66526 -0.309056
1.15121 -1.68204 -0.367386
1.18395 -1.69335 -0.33279
1.21992 -1.70586 -0.334604
1.26237 -1.71939 -0.308503
1.3071 -1.73433 -0.322465
1.35269 -1.74959 -0.323065
1.39887 -1.76498 -0.321678
1.43742 -1.77712 -0.305064
1.4796 -1.79396 -0.379803
1.52755 -1.80808 -0.286402
1.56947 -1.82248 -0.330779
1.61029 -1.83685 -0.33851
1.65411 -1.85404 -0.373764
1.69617 -1.86862 -0.333818
1.74205 -1.88507 -0.34417
1.78703 -1.89956 -0.311687
1.83349 -1.91382 -0.297787
1.88005 -1.92625 -0.261027
1.92764 -1.94155 -0.311006
1.97512 -1.95423 -0.260923
2.02369 -1.96563 -0.230547
2.06015 -1.97431 -0.233686
2.0974 -1.98367 -0.246239
2.13523 -1.99137 -0.200695
2.18325 -2.00155 -0.208935
2.23158 -2.01235 -0.219927
2.27964 -2.02468 -0.251171
2.3221 -2.03526 -0.244059
2.36497 -2.04763 -0.280926
2.41236 -2.06348 -0.322835
2.46058 -2.07645 -0.26272
2.50885 -2.08946 -0.26322
2.55253 -2.10232 -0.286426
2.59579 -2.11311 -0.244378
2.63994 -2.12544 -0.272273
2.6857 -2.13844 -0.27689
2.73357 -2.1508 -0.252717
2.78192 -2.16357 -0.258123
2.82496 -2.17575 -0.275753
2.87226 -2.19061 -0.304469
2.91883 -2.20558 -0.311124
2.95062 -2.21461 -0.276548
2.99457 -2.22724 -0.279845
3.03703 -2.24015 -0.295257
3.07781 -2.25388 -0.324617
3.10519 -2.26258 -0.307726
3.15185 -2.27743 -0.308246
3.19966 -2.29042 -0.265207
3.24474 -2.30053 -0.220612
3.2928 -2.31243 -0.242744
3.33987 -2.32528 -0.26656
3.38604 -2.33876 -0.284018
3.43414 -2.35237 -0.275795
3.47509 -2.36387 -0.273599
3.52099 -2.3764 -0.266568
3.56751 -2.38863 -0.257122
3.61243 -2.39943 -0.235842
3.64719 -2.40744 -0.226503
3.67045 -2.41314 -0.240603
3.6981 -2.42001 -0.243303
3.73378 -2.42735 -0.203019
3.76795 -2.43572 -0.240147
3.80443 -2.44492 -0.247064
3.83568 -2.45275 -0.245424
3.86057 -2.45901 -0.246505
3.89189 -2.46614 -0.223932
3.9151 -2.47268 -0.274584
3.94882 -2.48251 -0.283665
3.97371 -2.49049 -0.310069
3.9825 -2.49352 -0.332294
4.00216 -2.50096 -0.361885
4.02258 -2.50819 -0.340032
4.04362 -2.51647 -0.374954
4.06146 -2.52298 -0.349854
4.08305 -2.53176 -0.386244
4.09595 -2.5377 -0.431955
4.10703 -2.54238 -0.399714
4.109 -2.54314 -0.365163
4.13568 -2.55266 -0.342788
4.15423 -2.55928 -0.342704
4.16818 -2.56431 -0.346614
4.19417 -2.57563 -0.410399
4.20803 -2.5819 -0.425222
4.22047 -2.5885 -0.487576
4.24906 -2.60273 -0.461914
4.28361 -2.61768 -0.408481
4.30463 -2.62626 -0.387345
4.32729 -2.63472 -0.357343
4.33305 -2.63661 -0.317392
4.34723 -2.64142 -0.326511
4.34555 -2.64084 -0.332571
4.35987 -2.64595 -0.343387
4.37427 -2.65066 -0.315929
4.37897 -2.65246 -0.365268
4.38548 -2.65511 -0.386252
4.41706 -2.66787 -0.384038
4.42719 -2.67118 -0.31576
4.44243 -2.67548 -0.275384
4.46384 -2.68155 -0.276097
4.47113 -2.6838 -0.299705
4.48567 -2.68927 -0.35931
4.51421 -2.69955 -0.345986
4.53276 -2.70697 -0.380318
4.57684 -2.72255 -0.3399
4.60805 -2.73344 -0.335637
4.65213 -2.74601 -0.277726
4.67947 -2.75386 -0.2797
4.71295 -2.76224 -0.245296
4.74806 -2.76893 -0.188281
4.77582 -2.77342 -0.160326
4.81007 -2.77943 -0.173733
4.83552 -2.78511 -0.21935
4.85655 -2.79063 -0.2567
4.88679 -2.79773 -0.230639
4.90282 -2.80183 -0.250464
4.92847 -2.80817 -0.242429
4.955 -2.81555 -0.271356
4.97514 -2.82142 -0.283419
4.98831 -2.82513 -0.274369
4.99746 -2.82791 -0.295155
5.00982 -2.83179 -0.304063
5.01595 -2.83368 -0.299341
5.02925 -2.83768 -0.291899
5.04696 -2.84265 -0.27406
5.06097 -2.84682 -0.289203
5.08395 -2.85321 -0.271036
5.10691 -2.85869 -0.234354
5.1205 -2.86146 -0.200783
5.14458 -2.86618 -0.193688
5.15999 -2.86935 -0.203212
5.16701 -2.87082 -0.205892
5.17868 -2.87314 -0.196468
5.19819 -2.87692 -0.191103
5.21012 -2.87952 -0.21465
5.22624 -2.88268 -0.193581
5.23924 -2.88538 -0.205198
True
0.0682016
