4.47948 0.00583133 2.86476
4.45114 0.0156052 2.8094
4.40988 0.0361587 2.67945
4.36727 0.0622549 2.59207
4.34363 0.0777287 2.56199
4.32168 0.093994 2.50394
4.28804 0.121239 2.46092
4.25816 0.145069 2.4683
4.22812 0.174077 2.37365
4.19515 0.207797 2.345
4.16187 0.245047 2.29988
4.13802 0.277477 2.20495
4.11103 0.31477 2.19735
4.08592 0.357853 2.09852
4.06008 0.399785 2.12305
4.0414 0.434884 2.05988
4.02152 0.476463 2.01679
3.99863 0.520911 2.04631
3.98011 0.563427 1.98164
3.95871 0.608592 2.01328
3.93721 0.653514 2.01723
3.92835 0.672542 2.00628
3.90995 0.708726 2.0412
3.89061 0.752033 1.99095
3.87218 0.797062 1.95913
3.85609 0.836943 1.95445
3.84759 0.861939 1.89832
3.83256 0.908307 1.88439
3.82351 0.933591 1.91451
3.80825 0.977722 1.90355
3.79446 1.02481 1.85581
3.77972 1.06214 1.94675
3.76742 1.0945 1.93399
3.74911 1.14047 1.94992
3.74287 1.15686 1.93465
3.73381 1.18255 1.90975
3.71781 1.22851 1.90592
3.70155 1.27554 1.90353
3.68557 1.32292 1.89614
3.66823 1.3666 1.9488
3.64942 1.41266 1.95851
3.63541 1.44731 1.95481
3.61676 1.49369 1.9531
3.59902 1.53781 1.95325
3.58188 1.58009 1.95596
3.56366 1.62142 1.98589
3.54679 1.65597 2.02506
3.528 1.69689 2.00132
3.50839 1.74193 1.98141
3.48879 1.78793 1.9736
3.46998 1.83115 1.9812
3.45082 1.87547 1.97894
3.43446 1.90828 2.03325
3.41374 1.95101 2.02228
3.39277 1.99615 2.00575
3.37012 2.04007 2.0469
3.3475 2.08423 2.04425
3.32464 2.12848 2.04753
3.30171 2.17264 2.04972
3.27684 2.21599 2.09173
3.25146 2.25772 2.11718
3.22872 2.29542 2.11353
3.20259 2.33749 2.12661
3.18264 2.36878 2.13841
3.16653 2.39069 2.20501
3.14314 2.42307 2.19623
3.11805 2.4565 2.21458
3.09372 2.49002 2.19885
3.06674 2.52726 2.19775
3.04256 2.55736 2.24732
3.02618 2.57992 2.19892
2.99861 2.61208 2.27969
2.97529 2.63942 2.27689
2.94312 2.67704 2.27823
2.91677 2.70359 2.35239
2.88291 2.73807 2.34715
2.84778 2.77347 2.35238
2.81797 2.80334 2.35531
2.78365 2.83325 2.42457
2.75534 2.85979 2.38843
2.71918 2.89423 2.3806
2.69425 2.91876 2.36426
2.65842 2.95201 2.39358
2.62119 2.98528 2.41236
2.58995 3.01284 2.41853
2.55512 3.04286 2.43031
2.51902 3.07196 2.46316
2.48126 3.10344 2.44661
2.44271 3.13526 2.45157
2.40898 3.16143 2.48179
2.38378 3.18182 2.46141
2.35471 3.20435 2.48217
2.32076 3.22859 2.52159
2.28166 3.25723 2.50935
2.25771 3.27421 2.52471
2.22162 3.29824 2.5543
2.18938 3.31782 2.59584
2.15068 3.34164 2.58985
2.10838 3.3662 2.61547
2.07378 3.38376 2.67199
2.03567 3.40448 2.64358
1.99064 3.42522 2.70995
1.94712 3.44715 2.67489
1.90295 3.47049 2.65549
1.86269 3.4903 2.68424
1.82477 3.50916 2.6801
1.78433 3.53144 2.638
1.74742 3.55232 2.62682
1.70628 3.57629 2.61407
1.66229 3.59893 2.66618
1.61687 3.61944 2.71745
1.57123 3.63986 2.72087
1.53112 3.65755 2.72634
1.48607 3.67923 2.693
1.44386 3.70004 2.68359
1.39829 3.72053 2.71906
1.35781 3.73541 2.78922
1.31577 3.75175 2.77087
1.26873 3.76867 2.79632
1.22154 3.78403 2.82703
1.17366 3.79814 2.85492
1.13822 3.8089 2.84676
1.08965 3.82063 2.90464
1.04098 3.83208 2.91067
0.99173 3.84067 2.96886
0.95342 3.84867 2.93576
0.912681 3.86024 2.86476
0.863994 3.87158 2.91281
0.817329 3.88055 2.95161
0.768029 3.8865 3.02163
0.718616 3.89363 2.99825
0.668927 3.89909 3.03211
0.621463 3.90237 3.07269
0.571769 3.90788 3.03102
0.52605 3.91298 3.03054
0.490231 3.91698 3.03052
0.442763 3.92308 3.01376
0.398959 3.92811 3.02731
0.363162 3.93239 3.02235
0.320234 3.93815 3.00828
0.27237 3.94443 3.01106
0.22752 3.9505 3.00715
0.180298 3.95679 3.00916
0.134489 3.96289 3.00929
0.0856311 3.97016 2.99374
0.0401901 3.97675 2.99764
-0.00916577 3.98323 3.01106
-0.058762 3.98957 3.01456
-0.108694 3.99217 3.08952
-0.157279 3.99695 3.04344
-0.207119 3.99864 3.10778
-0.257071 3.99662 3.18206
-0.302228 3.99306 -3.06292
-0.323305 3.99149 -3.06728
-0.372875 3.98509 -3.01327
-0.422228 3.97731 -2.98517
-0.47151 3.96994 -2.99319
-0.51687 3.96518 -3.03714
-0.563437 3.95735 -2.97482
-0.608314 3.94976 -2.9742
-0.649625 3.94139 -2.94152
-0.692582 3.93372 -2.96494
-0.741859 3.92558 -2.97797
-0.784509 3.91716 -2.94675
-0.825157 3.90919 -2.94795
-0.864217 3.90071 -2.92772
-0.91206 3.89008 -2.92293
-0.95842 3.87848 -2.89642
-1.006 3.8651 -2.86748
-1.05046 3.85312 -2.87833
-1.09092 3.84235 -2.8814
-1.13384 3.83011 -2.86394
-1.17021 3.82009 -2.87281
-1.21419 3.80563 -2.82396
-1.26057 3.78918 -2.8007
-1.30713 3.77306 -2.80827
-1.34512 3.76034 -2.81842
-1.39005 3.7434 -2.78106
-1.43201 3.7282 -2.79412
-1.47948 3.71255 -2.82312
-1.52676 3.69846 -2.85189
-1.55648 3.6878 -2.7972
-1.59739 3.67368 -2.80931
-1.64138 3.65916 -2.82273
-1.68046 3.64707 -2.84151
-1.71626 3.63368 -2.78368
-1.76259 3.61767 -2.80893
-1.80684 3.60152 -2.79158
-1.85033 3.58742 -2.82806
-1.89211 3.5734 -2.81786
-1.93104 3.56041 -2.81954
-1.97307 3.54356 -2.76041
-2.01483 3.52545 -2.73224
-2.06121 3.50679 -2.75918
-2.10565 3.48848 -2.75071
-2.1493 3.46894 -2.72081
-2.19464 3.44792 -2.70738
-2.23947 3.42615 -2.68965
-2.27765 3.40669 -2.67003
-2.31853 3.38674 -2.68765
-2.36228 3.3632 -2.648
-2.39871 3.34299 -2.63515
-2.43021 3.32608 -2.64889
-2.46299 3.30818 -2.64165
-2.50655 3.28457 -2.6449
-2.54911 3.26137 -2.64257
-2.59098 3.23976 -2.6651
-2.63112 3.22119 -2.70828
-2.67061 3.20173 -2.68392
-2.71337 3.18046 -2.67996
-2.75618 3.1585 -2.66749
-2.79281 3.13989 -2.67155
-2.82798 3.12012 -2.62951
-2.86307 3.10037 -2.6289
-2.89104 3.08453 -2.62638
-2.93353 3.06372 -2.6862
-2.97144 3.04459 -2.67433
-3.00345 3.02829 -2.67063
-3.02681 3.01561 -2.64421
-3.04486 3.00668 -2.6817
-3.06405 2.99673 -2.66338
-3.08667 2.98384 -2.6239
-3.10123 2.97607 -2.65145
-3.11831 2.96659 -2.63441
-3.13029 2.96022 -2.65324
-3.14413 2.95281 -2.65008
-3.16829 2.9398 -2.64756
-3.18871 2.92875 -2.6456
-3.20044 2.92214 -2.62852
-3.21889 2.91204 -2.64067
-3.24003 2.89963 -2.61085
-3.26198 2.88564 -2.57416
-3.27731 2.87564 -2.56351
-3.28648 2.86993 -2.58502
-3.30349 2.8593 -2.58294
-3.31382 2.85291 -2.58728
-3.3253 2.84562 -2.57594
-3.34086 2.83499 -2.54212
-3.34873 2.82958 -2.53933
-3.35851 2.82266 -2.52566
-3.37683 2.80932 -2.51233
-3.38909 2.79987 -2.48527
-3.3956 2.79417 -2.42224
-3.40557 2.78531 -2.41488
-3.41936 2.77419 -2.46309
-3.43531 2.76218 -2.49628
-3.4574 2.74515 -2.48477
-3.47041 2.73501 -2.47955
-3.48452 2.72375 -2.46785
-3.498 2.71275 -2.45734
-3.52125 2.69614 -2.52134
-3.55877 2.672 -2.56973
-3.58783 2.65439 -2.59696
-3.61478 2.63768 -2.58653
-3.62513 2.63106 -2.57213
-3.64202 2.62014 -2.56797
-3.66569 2.60298 -2.51433
-3.69743 2.57968 -2.5084
-3.72779 2.55838 -2.52968
-3.75051 2.54229 -2.52554
-3.76905 2.52988 -2.55168
-3.80588 2.50433 -2.53501
-3.83971 2.48097 -2.53717
-3.85813 2.4685 -2.54671
-3.88571 2.44832 -2.50996
-3.90395 2.4345 -2.49322
-3.91861 2.42285 -2.47012
-3.94103 2.40526 -2.47615
-3.96465 2.38528 -2.43956
-3.98418 2.36805 -2.41866
-3.99826 2.35629 -2.4457
-4.00615 2.34982 -2.4546
-4.01221 2.34479 -2.44991
-4.02324 2.33487 -2.40875
-4.03044 2.32903 -2.4602
-4.04 2.32078 -2.42967
-4.05211 2.30964 -2.3979
-4.06799 2.29373 -2.35528
-4.08519 2.27662 -2.35873
-4.09524 2.26744 -2.40158
-4.09888 2.26439 -2.44367
-4.10398 2.26039 -2.47639
-4.10805 2.25752 -2.52726
-4.11271 2.2542 -2.52296
-4.11741 2.25099 -2.54281
-4.12689 2.24492 -2.57164
-4.12867 2.24379 -2.57904
-4.13574 2.23877 -2.52348
-4.13875 2.23667 -2.53178
-4.13844 2.23689 -2.51758
-4.1438 2.23294 -2.50679
-4.14641 2.23099 -2.50075
-4.14815 2.22955 -2.44986
-4.15831 2.22013 -2.39389
-4.16989 2.20935 -2.39159
-4.17818 2.20081 -2.34147
-4.1791 2.19984 -2.32938
-4.18125 2.19734 -2.28073
-4.18887 2.18782 -2.24642
-4.18981 2.18666 -2.2499
-4.19292 2.18303 -2.27938
-4.20526 2.16905 -2.29353
-4.21596 2.15695 -2.29502
-4.22035 2.1524 -2.33839
-4.22373 2.14891 -2.34113
True
0.188194
