-5.46434 0.394924 0.0122075
-5.42313 0.393238 -0.040891
-5.37436 0.393873 0.0130304
-5.32775 0.393192 -0.0146162
-5.2875 0.391444 -0.0434217
-5.23762 0.388832 -0.0523081
-5.18886 0.386479 -0.0482242
-5.13896 0.383467 -0.060293
-5.09089 0.381489 -0.0411132
-5.04094 0.379642 -0.0369543
-4.99106 0.376589 -0.0611317
-4.94847 0.375476 -0.0261262
-4.90146 0.373766 -0.0363798
-4.85351 0.372813 -0.0198673
-4.81073 0.372565 -0.00577849
-4.77189 0.37177 -0.0204875
-4.72327 0.372455 0.0140899
-4.67566 0.373889 0.0301225
-4.63094 0.374997 0.0247554
-4.58447 0.37596 0.0207309
-4.54172 0.3767 0.0173059
-4.49269 0.377324 0.0127147
-4.4447 0.379217 0.0394405
-4.4021 0.380301 0.0254261
-4.35652 0.381617 0.0288749
-4.31281 0.382589 0.0222214
-4.26326 0.383974 0.0279608
-4.2245 0.384869 0.0230727
-4.18389 0.388332 0.0850709
-4.136 0.390636 0.0480613
-4.09287 0.392754 0.049073
-4.04309 0.393873 0.0224864
-4.00658 0.393997 0.00338808
-3.95663 0.393675 -0.00645026
-3.90669 0.393794 0.00237692
-3.85885 0.392557 -0.0258498
-3.80906 0.390987 -0.0315239
-3.75978 0.389021 -0.0398584
-3.71499 0.388527 -0.0110462
-3.66694 0.386843 -0.0350165
-3.61702 0.385912 -0.0186511
-3.58344 0.384658 -0.0373231
-3.54008 0.382236 -0.0558041
-3.49496 0.380538 -0.0376277
-3.44711 0.379237 -0.0271793
-3.39779 0.377271 -0.0398314
-3.35268 0.375858 -0.0313216
-3.30629 0.374007 -0.0398733
-3.26338 0.371318 -0.0625776
-3.21755 0.371252 -0.00143762
-3.18071 0.369702 -0.0420526
-3.1371 0.366341 -0.076929
-3.08716 0.363912 -0.048595
-3.03741 0.359628 -0.0859006
-2.98808 0.356521 -0.0628873
-2.94021 0.353468 -0.0636918
-2.89732 0.351644 -0.0425123
-2.85168 0.348751 -0.0633003
-2.80486 0.345986 -0.0589761
-2.75493 0.344003 -0.039709
-2.72074 0.343497 -0.0147894
-2.67122 0.343485 -0.000240407
-2.62382 0.342748 -0.0155558
-2.57627 0.343207 0.00966916
-2.52735 0.342269 -0.0191837
-2.47913 0.341307 -0.0199379
-2.43745 0.340091 -0.0291873
-2.38801 0.342907 0.0568959
-2.33894 0.345162 0.0459357
-2.29223 0.348229 0.0655457
-2.24388 0.350508 0.047103
-2.20043 0.35563 0.117346
-2.15061 0.357764 0.042808
-2.108 0.3612 0.0804725
-2.05887 0.363061 0.0378472
-2.00913 0.365241 0.0438078
-1.95974 0.366888 0.0333341
-1.91031 0.368133 0.025186
-1.86075 0.368249 0.00233948
-1.81121 0.369395 0.0231213
-1.76159 0.369469 0.00149688
-1.72 0.370502 0.0248348
-1.68338 0.371165 0.0180959
-1.63452 0.373288 0.0434382
-1.59261 0.372755 -0.0127269
-1.54276 0.373036 0.00563653
-1.49341 0.373412 0.00762213
-1.4471 0.374441 0.0222092
-1.4002 0.375485 0.0222606
-1.35483 0.377465 0.0436073
-1.30882 0.379333 0.0405757
-1.259 0.382411 0.0617061
-1.21171 0.386501 0.0862812
-1.16513 0.389239 0.0587041
-1.11995 0.390958 0.0380457
-1.07669 0.392037 0.0249171
-1.03865 0.391386 -0.0171041
-0.988664 0.391447 0.00122217
-0.939253 0.391811 0.00736984
-0.892397 0.391224 -0.0125257
-0.845614 0.39106 -0.00350606
-0.804531 0.390301 -0.0184678
-0.754861 0.389063 -0.0249337
-0.7091 0.388825 -0.00519834
-0.660396 0.387259 -0.0321287
-0.620518 0.385963 -0.0324973
-0.580386 0.387285 0.0329391
-0.537944 0.387927 0.0151124
-0.495309 0.387701 -0.00528839
-0.453271 0.389506 0.0428986
-0.407184 0.391473 0.042656
-0.360039 0.392502 0.0218249
-0.31698 0.392605 0.00238199
-0.273581 0.392748 0.00330152
-0.223695 0.39603 0.0656923
-0.18565 0.397198 0.0306911
-0.135886 0.397384 0.00374897
-0.0883761 0.39734 -0.000927815
-0.0424758 0.397593 0.00550709
0.00549704 0.400086 0.0519164
0.0551259 0.405353 0.105737
0.10207 0.409097 0.0795858
0.151769 0.41361 0.0905574
0.198238 0.418041 0.0950579
0.247785 0.423375 0.107254
0.297658 0.426329 0.0591623
0.337036 0.427975 0.0417759
0.369746 0.430701 0.0831432
0.411319 0.433897 0.0767327
0.460767 0.439462 0.112062
0.505855 0.443183 0.08234
0.555368 0.449942 0.135674
0.604637 0.457675 0.155674
0.64995 0.464511 0.149739
0.699282 0.470671 0.124231
0.748505 0.476202 0.11189
0.798143 0.478413 0.0445202
0.847256 0.47957 0.0235397
0.88956 0.47982 0.0059152
0.925371 0.479991 0.00478418
0.97064 0.480695 0.0155524
1.02057 0.483167 0.0494614
1.06917 0.485199 0.0417955
1.10685 0.485693 0.0130935
1.15541 0.485913 0.00453561
1.20209 0.486926 0.0217004
1.24948 0.487411 0.0102273
1.29866 0.48804 0.0127904
1.34829 0.489313 0.0256424
1.39821 0.488524 -0.015802
1.44459 0.486918 -0.0346161
1.49292 0.484096 -0.0583063
1.54282 0.482531 -0.0313754
1.59149 0.482728 0.00406447
1.64138 0.482546 -0.00366466
1.69131 0.483691 0.0229495
1.72969 0.483883 0.00499689
1.77818 0.484738 0.0176323
1.82261 0.485998 0.0283403
1.86459 0.487923 0.0458332
1.91428 0.490411 0.0500244
1.96265 0.494012 0.0742926
1.99613 0.494809 0.0238217
2.04552 0.496976 0.0438473
2.09534 0.498856 0.0377204
2.14081 0.499006 0.00329518
2.19064 0.499625 0.0124293
2.2405 0.500255 0.0126182
2.28631 0.50265 0.0522573
2.33204 0.505206 0.0558148
2.37435 0.507582 0.0561206
2.42393 0.510175 0.0522295
2.47375 0.511129 0.0191636
2.52336 0.511077 -0.0010504
2.57334 0.511759 0.0136312
2.62178 0.513901 0.0441905
2.67163 0.516079 0.0436693
2.72157 0.517354 0.0255141
2.76188 0.518973 0.0401581
2.81156 0.520838 0.0375214
2.8611 0.524751 0.0788218
2.91108 0.526224 0.0294745
2.9609 0.527576 0.0271134
3.00403 0.527871 0.00685707
3.03992 0.52793 0.00163411
3.08873 0.529192 0.0258443
3.13206 0.530627 0.0331057
3.17176 0.527952 -0.0672562
3.21633 0.52642 -0.0343622
3.26256 0.525377 -0.0225707
3.30576 0.525247 -0.00300848
3.34999 0.525373 0.00285376
3.39982 0.525864 0.00984818
3.44303 0.523939 -0.0445097
3.49299 0.522564 -0.0275171
3.53592 0.522839 0.00640378
3.58367 0.524212 0.0287455
3.62947 0.527775 0.0776502
3.66548 0.530758 0.0826364
3.70286 0.53322 0.0657659
3.74339 0.534014 0.0195928
3.77088 0.53461 0.0216647
3.79238 0.535706 0.050952
3.8056 0.53649 0.0592205
3.82092 0.537464 0.0634938
3.83826 0.538608 0.0659123
3.86047 0.54007 0.0656912
3.86876 0.540366 0.0357365
3.8819 0.541436 0.0812936
3.89771 0.542294 0.0541585
3.92238 0.544329 0.0823185
3.94692 0.545505 0.0478863
3.95423 0.54531 -0.0267017
3.96838 0.544419 -0.06284
4.0045 0.541186 -0.0892505
4.03481 0.538616 -0.0845982
4.05748 0.536909 -0.0751668
4.0818 0.535801 -0.0455306
4.09053 0.535482 -0.0364968
4.10093 0.534631 -0.0816356
4.11807 0.534037 -0.0346195
4.14059 0.534919 0.0391529
4.15722 0.535565 0.0387884
4.16415 0.535721 0.022597
4.16609 0.535889 0.0861039
4.18805 0.538647 0.12493
4.20636 0.541125 0.134502
4.22672 0.543323 0.107584
4.25096 0.545828 0.102926
4.26604 0.547656 0.120687
4.28547 0.549292 0.0840123
4.32219 0.55107 0.0483803
4.34847 0.553144 0.0787204
4.37557 0.555112 0.0725079
4.41633 0.557096 0.0486577
4.45121 0.557585 0.0140068
4.47854 0.557421 -0.00598287
4.51712 0.556452 -0.0251167
4.56001 0.554207 -0.052294
4.57433 0.553618 -0.0411576
4.59072 0.553087 -0.0323368
4.61683 0.553648 0.021478
4.63001 0.553694 0.00344638
4.6435 0.553983 0.0214303
4.64923 0.553973 -0.00174417
4.66156 0.554367 0.03194
4.67252 0.55439 0.0021225
4.68088 0.554303 -0.0104427
4.68369 0.554249 -0.0191181
4.70305 0.553503 -0.0385184
4.7274 0.552171 -0.0546352
4.73679 0.552049 -0.0129984
4.74519 0.551502 -0.0650727
4.76403 0.550298 -0.0638082
4.78372 0.549679 -0.0314269
4.81404 0.549718 0.00128908
4.82504 0.549534 -0.0167238
4.84808 0.548864 -0.0290762
4.87043 0.547451 -0.0631179
4.89798 0.54606 -0.0504597
4.9296 0.545061 -0.0315885
4.95231 0.544513 -0.0241182
4.98266 0.545597 0.0356944
4.98243 0.545584 0.0587744
5.00083 0.547176 0.0863691
5.01108 0.548578 0.135942
5.01864 0.549565 0.129779
5.03556 0.552172 0.152859
5.05238 0.555191 0.177654
5.06507 0.557928 0.212283
5.07284 0.559713 0.225838
5.08736 0.56313 0.231202
5.09525 0.56483 0.21215
5.10413 0.566603 0.197146
5.1159 0.568384 0.150076
5.12791 0.570182 0.14869
5.13897 0.571887 0.152867
5.15367 0.574225 0.157765
5.16306 0.575765 0.162548
5.17668 0.57795 0.15903
5.19783 0.58097 0.141835
5.1968 0.580859 0.106794
5.20187 0.581334 0.0933982
True
0.0655266
