-5.47989 -0.790454 0.36644
-5.44056 -0.775564 0.361881
-5.39345 -0.758876 0.340436
-5.34764 -0.739319 0.403453
-5.30059 -0.722506 0.343238
-5.25675 -0.704858 0.382659
-5.20984 -0.688574 0.33412
-5.16392 -0.673415 0.318864
-5.11901 -0.660817 0.273497
-5.07051 -0.648742 0.244024
-5.02981 -0.638251 0.25228
-4.98449 -0.62586 0.266868
-4.93724 -0.612019 0.284952
-4.89071 -0.596231 0.327094
-4.84623 -0.581944 0.310822
-4.79871 -0.568 0.285433
-4.75382 -0.556263 0.255737
-4.7089 -0.540742 0.332698
-4.66738 -0.52784 0.301259
-4.61952 -0.5135 0.291097
-4.57224 -0.498006 0.316726
-4.53473 -0.485539 0.320834
-4.4926 -0.472525 0.299598
-4.45083 -0.459337 0.305813
-4.40654 -0.443895 0.335516
-4.35851 -0.431708 0.248481
-4.31573 -0.419676 0.274204
-4.26853 -0.403862 0.323232
-4.22361 -0.388485 0.329829
-4.18245 -0.376902 0.274339
-4.13902 -0.365881 0.248519
-4.09333 -0.355258 0.228447
-4.05069 -0.346429 0.204186
-4.00312 -0.335043 0.234908
-3.9614 -0.322977 0.281542
-3.91842 -0.308845 0.3177
-3.8732 -0.293089 0.335245
-3.82766 -0.279139 0.297221
-3.78273 -0.265172 0.30145
-3.73423 -0.253045 0.244977
-3.68863 -0.240857 0.261208
-3.63975 -0.23036 0.211526
-3.59994 -0.22179 0.212041
-3.56076 -0.211363 0.260125
-3.51317 -0.199245 0.249295
-3.46513 -0.188489 0.220291
-3.41611 -0.180128 0.168934
-3.36684 -0.171996 0.16358
-3.31782 -0.162278 0.195671
-3.2723 -0.15377 0.184798
-3.23027 -0.144295 0.22171
-3.1845 -0.134514 0.210561
-3.13565 -0.123882 0.214301
-3.08869 -0.113733 0.212863
-3.04206 -0.102572 0.234914
-2.99568 -0.0906843 0.250931
-2.9581 -0.0804443 0.265992
-2.91024 -0.0660917 0.29136
-2.86153 -0.0549811 0.224258
-2.81892 -0.0446669 0.237499
-2.77061 -0.0342054 0.213266
-2.72506 -0.0227452 0.246448
-2.67629 -0.0118211 0.220354
-2.64842 -0.00424862 0.2653
-2.60268 0.00629641 0.226613
-2.55644 0.0184321 0.256639
-2.51592 0.0302495 0.283814
-2.47576 0.04326 0.313282
-2.42764 0.0558317 0.255515
-2.38652 0.0652879 0.226071
-2.34299 0.0748646 0.216534
-2.29466 0.0828779 0.164314
-2.2459 0.0921617 0.188149
-2.19687 0.101899 0.196023
-2.15853 0.110313 0.21604
-2.11898 0.120659 0.255886
-2.07549 0.131147 0.236634
-2.0275 0.140352 0.189504
-1.98217 0.1483 0.173596
-1.94143 0.15665 0.202139
-1.89412 0.167558 0.226626
-1.8459 0.179345 0.239738
-1.80778 0.186653 0.18938
-1.75866 0.195228 0.172851
-1.70967 0.201878 0.134921
-1.66139 0.209395 0.154442
-1.61393 0.21576 0.133302
-1.56463 0.222527 0.136413
-1.52254 0.229999 0.175699
-1.47635 0.238693 0.186052
-1.43746 0.246084 0.187794
-1.38842 0.255649 0.192638
-1.34008 0.264925 0.189597
-1.29525 0.275064 0.222383
-1.25226 0.284388 0.213612
-1.20388 0.296575 0.246741
-1.15823 0.311452 0.315048
-1.11588 0.324221 0.29285
-1.07053 0.338494 0.304917
-1.02262 0.351633 0.267661
-0.977467 0.366711 0.32229
-0.935817 0.380954 0.329511
-0.895712 0.393841 0.310908
-0.85336 0.4066 0.292604
-0.807525 0.420902 0.302454
-0.763995 0.437137 0.356991
-0.717841 0.45192 0.309971
-0.671417 0.466571 0.305693
-0.625591 0.478885 0.262516
-0.58132 0.492171 0.291558
-0.544351 0.50422 0.31506
-0.501226 0.515268 0.25079
-0.453046 0.527268 0.244101
-0.406646 0.538413 0.23573
-0.360236 0.548532 0.21468
-0.314884 0.558873 0.224173
-0.268588 0.569555 0.226778
-0.232819 0.57867 0.24952
-0.18834 0.588676 0.221275
-0.139684 0.600033 0.229303
-0.0912417 0.610787 0.218456
-0.0592756 0.619231 0.258255
-0.0269398 0.626336 0.216294
0.0164289 0.636346 0.226823
0.0627487 0.644997 0.184649
0.111025 0.657579 0.254957
0.157165 0.669036 0.243382
0.201076 0.677709 0.194993
0.249801 0.686035 0.169248
0.296939 0.695709 0.20241
0.345391 0.704928 0.188033
0.386202 0.713978 0.218233
0.434594 0.725925 0.242026
0.483151 0.737626 0.236465
0.531289 0.751127 0.273456
0.57936 0.764344 0.268309
0.623976 0.779675 0.330981
0.671161 0.795672 0.326864
0.716042 0.812105 0.350979
0.759128 0.827392 0.340954
0.798168 0.841289 0.341969
0.842412 0.857564 0.352494
0.884042 0.871684 0.326995
0.931065 0.885626 0.28824
0.976905 0.901405 0.331528
1.02339 0.916847 0.320729
1.07045 0.933737 0.344579
1.11698 0.950474 0.345288
1.16349 0.968766 0.374683
1.20088 0.98445 0.39718
1.24526 1.00738 0.476951
1.27716 1.02339 0.465062
1.31106 1.03951 0.444043
1.35477 1.06195 0.47407
1.40019 1.08265 0.427771
1.44093 1.09991 0.400657
1.48249 1.1181 0.412543
1.52033 1.13634 0.449361
1.56423 1.15667 0.433514
1.60028 1.17066 0.370184
1.64199 1.18695 0.372462
1.68703 1.20428 0.367279
1.73296 1.22387 0.403114
1.77897 1.24336 0.400648
1.82541 1.2609 0.361291
1.87233 1.27805 0.350299
1.9183 1.29533 0.359671
1.96234 1.31112 0.344251
2.01019 1.32529 0.287768
2.05835 1.33728 0.244089
2.09524 1.34779 0.277429
2.13659 1.35921 0.269516
2.17962 1.37013 0.248624
2.22589 1.38218 0.254688
2.27445 1.39405 0.239797
2.31881 1.4038 0.216313
2.36591 1.4148 0.229522
2.40594 1.42506 0.250719
2.44958 1.43653 0.257169
2.49708 1.45214 0.317355
2.54395 1.46706 0.308209
2.58626 1.4806 0.309744
2.62243 1.49151 0.29312
2.66416 1.50698 0.354831
2.70251 1.51985 0.323814
2.74097 1.53433 0.360236
2.78411 1.55124 0.373409
2.81697 1.56383 0.366113
2.86264 1.58222 0.382679
2.90944 1.59965 0.356614
2.9552 1.6168 0.358637
3.00202 1.63244 0.322226
3.04262 1.64582 0.318403
3.08952 1.66138 0.320268
3.12417 1.67513 0.377742
3.1653 1.69114 0.37145
3.20872 1.70724 0.354926
3.23877 1.71756 0.330863
3.28041 1.73115 0.315477
3.32165 1.74645 0.355294
3.35467 1.75772 0.328928
3.38483 1.76726 0.306267
3.41849 1.77729 0.289542
3.45519 1.78754 0.272313
3.50256 1.79994 0.256114
3.54892 1.81248 0.264092
3.5876 1.82075 0.21067
3.63031 1.8295 0.202015
3.66905 1.83783 0.212015
3.70915 1.84797 0.247687
3.74515 1.85736 0.25496
3.7684 1.86371 0.266654
3.77881 1.86653 0.26442
3.79454 1.87092 0.272224
3.83006 1.88133 0.285066
3.8579 1.88953 0.286507
3.8889 1.89793 0.264532
3.91731 1.90603 0.277734
3.92814 1.90952 0.312088
3.94336 1.91409 0.291797
3.95201 1.91708 0.332318
3.98426 1.92946 0.366512
4.00432 1.93623 0.325453
4.03258 1.94455 0.286574
4.07824 1.95528 0.230802
4.11341 1.96356 0.231264
4.14407 1.97033 0.217336
4.18002 1.9773 0.191431
4.21893 1.9856 0.210195
4.24957 1.99309 0.239716
4.28159 2.0017 0.26274
4.31575 2.00987 0.234494
4.35268 2.01986 0.264413
4.38436 2.02909 0.283366
4.41365 2.0375 0.279682
4.44847 2.04877 0.313133
4.46367 2.0534 0.29546
4.47787 2.05778 0.299265
4.49621 2.06375 0.314367
4.51239 2.06976 0.355597
4.52718 2.07595 0.396794
4.53531 2.07946 0.407308
4.54935 2.08652 0.466164
4.56725 2.0946 0.423982
4.59021 2.10427 0.398631
4.61759 2.11507 0.375732
4.64827 2.12736 0.380855
4.67382 2.13803 0.395412
4.68603 2.14255 0.355403
4.69604 2.14563 0.298029
4.72096 2.15151 0.231915
4.73748 2.15592 0.260786
4.75094 2.15921 0.239378
4.77132 2.16487 0.271052
4.80756 2.17488 0.26944
4.83161 2.17874 0.15894
4.84926 2.18041 0.0945886
4.86608 2.18103 0.0365925
4.88008 2.18168 0.0464625
4.89585 2.18337 0.106729
4.92092 2.18597 0.10344
4.94466 2.18755 0.0666083
4.95217 2.18801 0.0602063
4.99145 2.19117 0.0803829
5.01103 2.19276 0.081272
5.03275 2.19435 0.0730645
5.04668 2.19577 0.101505
5.06189 2.19779 0.131958
5.07342 2.19937 0.135577
5.08812 2.20141 0.138276
5.11341 2.2062 0.187121
5.13371 2.21 0.184982
5.14353 2.21209 0.210349
5.15217 2.21419 0.238228
5.15853 2.21585 0.254918
5.17691 2.22115 0.280713
5.18235 2.22307 0.339695
5.18278 2.22325 0.396096
5.20154 2.23 0.345497
5.21395 2.23427 0.331282
5.22444 2.23729 0.280383
5.23626 2.24111 0.312887
5.25224 2.24587 0.289204
5.25519 2.24684 0.31579
5.25691 2.24744 0.337176
5.2697 2.25171 0.32219
True
0.278256
