4.48196 0.00347714 2.95114
4.44078 0.0134079 2.90497
4.4059 0.0257935 2.80036
4.3673 0.0419013 2.74628
4.34015 0.0551816 2.6867
4.31161 0.0694505 2.67792
4.26933 0.0952402 2.59395
4.22729 0.121914 2.57617
4.20217 0.142097 2.46475
4.16876 0.171989 2.4117
4.13483 0.20509 2.36858
4.10893 0.233212 2.31517
4.10655 0.235792 2.3145
4.09052 0.253624 2.30303
4.08493 0.260374 2.26245
4.0807 0.26563 2.24917
4.06939 0.281931 2.1772
4.05482 0.303055 2.17457
4.03539 0.333673 2.13633
4.01437 0.371873 2.07385
3.9944 0.409008 2.06407
3.99337 0.410932 2.06402
3.98409 0.428201 2.06403
3.97099 0.454233 2.03703
3.95293 0.492626 2.01036
3.93823 0.528177 1.963
3.9254 0.566781 1.89169
3.91036 0.610113 1.90471
3.8948 0.657266 1.88959
3.88046 0.704843 1.8635
3.86585 0.747654 1.89968
3.85069 0.791904 1.90082
3.83422 0.839111 1.90661
3.81883 0.885834 1.88892
3.81025 0.914065 1.86593
3.79496 0.961636 1.88185
3.78183 0.999447 1.90482
3.77003 1.03281 1.91078
3.75525 1.07824 1.88534
3.74398 1.1122 1.89141
3.73602 1.13767 1.87367
3.72106 1.18465 1.87907
3.70625 1.23143 1.87729
3.69521 1.27057 1.84565
3.68477 1.30501 1.86538
3.67018 1.35264 1.86809
3.65703 1.39272 1.88774
3.6394 1.43908 1.93422
3.62356 1.48487 1.90383
3.60474 1.52934 1.97101
3.59207 1.55685 2.00241
3.56889 1.60113 2.05309
3.55024 1.63371 2.09069
3.53436 1.66023 2.11041
3.50972 1.70203 2.10344
3.48335 1.7436 2.136
3.46208 1.77644 2.14553
3.44254 1.80954 2.10407
3.41593 1.85179 2.13296
3.39308 1.8903 2.10621
3.36792 1.9302 2.13358
3.3399 1.97068 2.1761
3.31359 2.01126 2.14613
3.28814 2.04929 2.16052
3.2651 2.08445 2.15081
3.23739 2.12591 2.16002
3.21107 2.16646 2.14649
3.18471 2.20625 2.15588
3.15731 2.24555 2.17962
3.13075 2.28516 2.16144
3.10461 2.32321 2.1728
3.07968 2.35632 2.21609
3.05729 2.38297 2.26971
3.0264 2.42206 2.23939
2.99954 2.45415 2.26792
2.97528 2.48565 2.22698
2.94829 2.52064 2.22795
2.92419 2.55188 2.22772
2.89363 2.59145 2.22848
2.86181 2.62879 2.27652
2.84533 2.65012 2.22868
2.81582 2.68529 2.26892
2.79163 2.71449 2.26261
2.76251 2.74799 2.28645
2.73809 2.77602 2.28745
2.7118 2.80399 2.3253
2.68184 2.83483 2.34164
2.64765 2.87129 2.32402
2.62218 2.89957 2.3041
2.5875 2.93558 2.33742
2.55466 2.96791 2.36385
2.51844 3.00126 2.39738
2.4808 3.03417 2.42324
2.44336 3.06731 2.41699
2.40657 3.09886 2.43272
2.38495 3.1168 2.4492
2.35711 3.14132 2.41937
2.32377 3.16657 2.49335
2.28413 3.19689 2.48876
2.2571 3.21651 2.51363
2.21675 3.24348 2.55229
2.18103 3.26857 2.5295
2.14606 3.29237 2.54377
2.1053 3.32094 2.53032
2.07869 3.34026 2.51375
2.04304 3.36446 2.54518
2.00209 3.39283 2.53576
1.96434 3.41711 2.56983
1.92128 3.44251 2.60863
1.88279 3.46444 2.62385
1.85017 3.48374 2.60728
1.80575 3.50672 2.66424
1.7616 3.52998 2.65664
1.72615 3.5481 2.66908
1.6813 3.57019 2.68393
1.63577 3.59079 2.7168
1.59051 3.6086 2.7665
1.5446 3.62684 2.76359
1.50042 3.64374 2.77618
1.45811 3.65853 2.80526
1.41139 3.67501 2.80241
1.36403 3.69073 2.82123
1.32969 3.70305 2.79717
1.28184 3.7175 2.84821
1.23937 3.73162 2.82078
1.20246 3.74422 2.81252
1.1548 3.75884 2.84399
1.1203 3.76943 2.84381
1.07384 3.78331 2.85116
1.03115 3.79702 2.83081
0.98541 3.80964 2.87255
0.952621 3.81879 2.86928
0.913333 3.82802 2.91092
0.873663 3.8388 2.87615
0.82912 3.84942 2.90773
0.79446 3.85675 2.93298
0.747531 3.86767 2.913
0.713822 3.876 2.89934
0.680085 3.88341 2.9253
0.631322 3.89447 2.91872
0.592708 3.90195 2.95008
0.546399 3.90831 3.00506
0.501983 3.91433 3.00696
0.453356 3.91981 3.02945
0.406273 3.9229 3.07595
0.356938 3.92719 3.05482
0.307536 3.93038 3.07724
0.263983 3.93136 3.11909
0.223697 3.93383 3.08023
0.181527 3.93864 3.02812
0.137486 3.94039 3.10181
0.0875794 3.9415 3.11942
0.0413288 3.94143 3.1431
-0.00860552 3.94123 -3.13764
-0.0487954 3.94054 -3.12454
-0.0969848 3.94059 -3.14247
-0.141232 3.9388 3.18203
-0.19104 3.935 -3.06543
-0.236754 3.93048 -3.0432
-0.26008 3.92762 -3.0194
-0.295999 3.92424 -3.04772
-0.338158 3.92084 -3.06108
-0.379824 3.91624 -3.03187
-0.422986 3.91166 -3.03571
-0.459305 3.90684 -3.00974
-0.500835 3.90148 -3.01312
-0.550183 3.89438 -2.99877
-0.593766 3.88896 -3.01784
-0.641714 3.88323 -3.02272
-0.691004 3.87521 -2.98035
-0.718655 3.87139 -3.00412
-0.763745 3.86551 -3.012
-0.813576 3.86293 -3.08976
-0.851156 3.86156 -3.10526
-0.890415 3.85947 -3.0884
-0.939935 3.85268 -3.00538
-0.984943 3.84633 -3.00139
-1.03267 3.83733 -2.95517
-1.0719 3.82993 -2.95514
-1.10497 3.82315 -2.93955
-1.153 3.81123 -2.89818
-1.19982 3.8 -2.9062
-1.24773 3.78744 -2.88521
-1.29314 3.7759 -2.89279
-1.33288 3.76658 -2.91121
-1.37287 3.75621 -2.88784
-1.41697 3.74365 -2.86411
-1.46387 3.72903 -2.83943
-1.50255 3.71728 -2.84669
-1.55001 3.70469 -2.88239
-1.59785 3.69016 -2.84661
-1.63956 3.67659 -2.82702
-1.68632 3.65892 -2.78041
-1.73343 3.64219 -2.80028
-1.76554 3.62893 -2.75008
-1.81232 3.61175 -2.7895
-1.85619 3.59471 -2.77115
-1.89337 3.57814 -2.72228
-1.93003 3.56229 -2.73361
-1.97467 3.5401 -2.68035
-2.01929 3.51893 -2.69859
-2.06143 3.49932 -2.7059
-2.09246 3.48323 -2.66336
-2.13469 3.45941 -2.62792
-2.1764 3.43808 -2.66896
-2.21414 3.41805 -2.65369
-2.25459 3.39603 -2.64293
-2.29541 3.37171 -2.6045
-2.33812 3.34576 -2.5955
-2.3798 3.31848 -2.56214
-2.42045 3.29107 -2.54823
-2.46317 3.26539 -2.60031
-2.50296 3.23967 -2.56782
-2.54408 3.21289 -2.56431
-2.58194 3.1911 -2.61938
-2.62166 3.16408 -2.54424
-2.66191 3.13443 -2.50665
-2.69563 3.11097 -2.53369
-2.7257 3.08719 -2.4726
-2.76249 3.05886 -2.48546
-2.79704 3.031 -2.4629
-2.82679 3.00794 -2.48229
-2.86509 2.97652 -2.45456
-2.90083 2.94712 -2.45312
-2.93876 2.9158 -2.45143
-2.97611 2.88605 -2.46895
-3.01206 2.856 -2.44533
-3.04777 2.8274 -2.46642
-3.08028 2.80062 -2.45248
-3.11228 2.77361 -2.44064
-3.14642 2.74645 -2.46953
-3.16414 2.73217 -2.46284
-3.19374 2.70718 -2.44061
-3.20819 2.6948 -2.43317
-3.21821 2.68614 -2.42905
-3.23473 2.67007 -2.37015
-3.24826 2.65711 -2.37721
-3.26072 2.64515 -2.37681
-3.28317 2.62397 -2.38549
-3.31614 2.59111 -2.35767
-3.34665 2.56142 -2.36982
-3.36439 2.54404 -2.3667
-3.38003 2.52909 -2.37846
-3.40022 2.50935 -2.36745
-3.40711 2.50289 -2.38882
-3.42901 2.48205 -2.38118
-3.4554 2.45846 -2.41203
-3.48604 2.42929 -2.38064
-3.50669 2.41063 -2.40693
-3.5274 2.39226 -2.41585
-3.54961 2.37131 -2.38541
-3.56823 2.35365 -2.38265
-3.59051 2.33083 -2.34437
-3.61469 2.30701 -2.36367
-3.64987 2.27251 -2.36581
-3.6725 2.24933 -2.34433
-3.7044 2.21673 -2.34549
-3.72695 2.19387 -2.34925
-3.75669 2.16271 -2.33275
-3.77876 2.13898 -2.32006
-3.80343 2.1126 -2.32276
-3.82222 2.09286 -2.3315
-3.84157 2.07322 -2.34904
-3.86441 2.04892 -2.325
-3.89507 2.01571 -2.31643
-3.92041 1.98789 -2.30953
-3.95149 1.95404 -2.31345
-3.97388 1.92956 -2.31162
-3.99311 1.90608 -2.25712
-4.00823 1.88675 -2.23451
-4.01104 1.88295 -2.20772
-4.01786 1.87378 -2.21042
-4.02175 1.8686 -2.21391
-4.02802 1.85966 -2.18287
-4.031 1.85567 -2.21162
-4.0324 1.85368 -2.18533
-4.03677 1.84722 -2.16524
-4.04764 1.83126 -2.16896
-4.05018 1.82778 -2.20011
-4.05183 1.82574 -2.24988
-4.05977 1.81576 -2.24313
-4.06797 1.80532 -2.23677
-4.07541 1.79562 -2.22533
-4.08512 1.78289 -2.22217
-4.09286 1.77306 -2.23756
-4.10363 1.75993 -2.2579
-4.11306 1.74834 -2.25375
-4.1186 1.7408 -2.20438
-4.12258 1.73501 -2.1734
-4.12575 1.73027 -2.15929
-4.13207 1.72028 -2.13538
-4.14074 1.70793 -2.1829
-4.14755 1.6978 -2.16304
-4.15618 1.68477 -2.15523
-4.17048 1.66279 -2.14783
-4.17796 1.65131 -2.14832
-4.18407 1.64165 -2.13409
-4.18746 1.63566 -2.08571
-4.19186 1.62797 -2.09102
-4.19541 1.62215 -2.11803
-4.19921 1.61579 -2.10947
-4.20771 1.60193 -2.12109
-4.21231 1.59409 -2.10162
-4.22411 1.57212 -2.06372
-4.22742 1.56597 -2.06351
-4.23631 1.54967 -2.07042
-4.24686 1.53203 -2.10976
-4.25776 1.51569 -2.15893
-4.2601 1.5121 -2.1492
-4.26464 1.50542 -2.16754
-4.27065 1.49698 -2.18913
True
0.183917
