-5.48689 1.24198 -0.131533
-5.44924 1.23722 -0.125798
-5.41158 1.23284 -0.115643
-5.36976 1.2286 -0.101181
-5.32845 1.225 -0.0867389
-5.28576 1.22266 -0.0549028
-5.24174 1.21598 -0.150448
-5.19891 1.2121 -0.0904533
-5.15012 1.20705 -0.103145
-5.11653 1.204 -0.0904397
-5.06894 1.19951 -0.0941726
-5.02234 1.19308 -0.137161
-4.9729 1.18609 -0.140391
-4.92365 1.17889 -0.145198
-4.87471 1.1696 -0.187574
-4.83154 1.16192 -0.176015
-4.79473 1.155 -0.185939
-4.74764 1.14607 -0.187323
-4.69879 1.13584 -0.206453
-4.65818 1.12658 -0.22406
-4.61187 1.11692 -0.205718
-4.57626 1.11101 -0.164611
-4.53571 1.10435 -0.162778
-4.48633 1.098 -0.127886
-4.43675 1.09257 -0.108985
-4.38984 1.08653 -0.128068
-4.34055 1.08178 -0.096136
-4.29135 1.07575 -0.121825
-4.24163 1.07092 -0.0969495
-4.19786 1.06542 -0.124878
-4.14841 1.06041 -0.101077
-4.09916 1.0524 -0.161127
-4.05197 1.04666 -0.121222
-4.00529 1.04234 -0.0921725
-3.96171 1.03998 -0.0541268
-3.91202 1.03706 -0.0586685
-3.87422 1.03454 -0.0665393
-3.82545 1.03029 -0.086893
-3.77616 1.02434 -0.120309
-3.72648 1.01872 -0.112564
-3.67943 1.01129 -0.156676
-3.63083 1.00271 -0.174581
-3.58184 0.998495 -0.0859256
-3.53286 0.99174 -0.137062
-3.48363 0.98549 -0.126255
-3.43952 0.979463 -0.135793
-3.3899 0.974094 -0.107789
-3.34033 0.968969 -0.103031
-3.29345 0.963346 -0.119364
-3.24413 0.955971 -0.148427
-3.19549 0.947641 -0.169619
-3.14705 0.937926 -0.197923
-3.10489 0.928737 -0.214629
-3.05693 0.920396 -0.172168
-3.0099 0.915052 -0.113151
-2.96176 0.907678 -0.151994
-2.91279 0.900923 -0.137065
-2.86714 0.895825 -0.111231
-2.81995 0.891411 -0.0932593
-2.7707 0.886641 -0.0965623
-2.72103 0.88096 -0.113856
-2.67278 0.874718 -0.128655
-2.6282 0.868577 -0.136903
-2.58364 0.863318 -0.117477
-2.53434 0.856079 -0.145796
-2.49535 0.850943 -0.130951
-2.44968 0.845588 -0.116748
-2.4034 0.840782 -0.103472
-2.364 0.838264 -0.0638249
-2.31896 0.834303 -0.0876926
-2.27475 0.829959 -0.0979763
-2.22517 0.825284 -0.0940177
-2.1813 0.821038 -0.0964695
-2.13216 0.817073 -0.0805155
-2.0883 0.813807 -0.0743102
-2.0393 0.808703 -0.103804
-1.99576 0.80405 -0.106463
-1.94719 0.799085 -0.10187
-1.89775 0.794048 -0.10152
-1.84817 0.788686 -0.107743
-1.79825 0.785956 -0.0546343
-1.74838 0.782323 -0.0727339
-1.70584 0.778134 -0.0981479
-1.6561 0.773181 -0.0992514
-1.6088 0.769917 -0.0688774
-1.56461 0.766623 -0.0744236
-1.52599 0.764408 -0.0572874
-1.49277 0.760575 -0.114835
-1.44915 0.756681 -0.089045
-1.4005 0.751392 -0.108303
-1.35411 0.747175 -0.0906532
-1.30867 0.742419 -0.10427
-1.2603 0.737961 -0.0919168
-1.21041 0.734635 -0.0665661
-1.16639 0.732883 -0.0397873
-1.11953 0.7303 -0.0550541
-1.07778 0.728249 -0.0490986
-1.03109 0.726906 -0.0287367
-0.981086 0.726688 -0.0043754
-0.935792 0.721935 -0.104536
-0.886055 0.716817 -0.102554
-0.836663 0.709686 -0.143374
-0.796681 0.703375 -0.156571
-0.748068 0.699065 -0.0884304
-0.701518 0.69552 -0.0759965
-0.652394 0.690176 -0.108358
-0.603041 0.685645 -0.0915617
-0.555789 0.678816 -0.143527
-0.506705 0.671162 -0.154684
-0.457284 0.664778 -0.128476
-0.407715 0.659878 -0.0985279
-0.361816 0.655548 -0.0940594
-0.312344 0.650432 -0.103052
-0.263914 0.643925 -0.133548
-0.217118 0.637312 -0.140392
-0.173287 0.630801 -0.147476
-0.130756 0.624029 -0.157889
-0.0820174 0.6176 -0.131154
-0.0379335 0.612097 -0.12418
0.00225422 0.604983 -0.175214
0.0497348 0.59621 -0.182708
0.0963309 0.588742 -0.158911
0.142771 0.5837 -0.108155
0.179233 0.581293 -0.0659066
0.227855 0.57813 -0.0649664
0.273488 0.576408 -0.037708
0.322525 0.574667 -0.0354928
0.370216 0.572579 -0.0437632
0.420124 0.569589 -0.0598341
0.468318 0.564546 -0.10426
0.517261 0.559789 -0.0968942
0.558171 0.555082 -0.11455
0.607807 0.549702 -0.107959
0.649147 0.544173 -0.13297
0.694806 0.538459 -0.124486
0.729277 0.534043 -0.127433
0.778447 0.525039 -0.181108
0.827381 0.518133 -0.140196
0.873223 0.509848 -0.178811
0.921322 0.497931 -0.24287
0.963166 0.487505 -0.244186
1.0066 0.476828 -0.241067
1.05452 0.462631 -0.287989
1.09877 0.449903 -0.280088
1.13693 0.441082 -0.22716
1.17831 0.432916 -0.194821
1.2221 0.421408 -0.257028
1.27108 0.411893 -0.191846
1.31993 0.401389 -0.211812
1.36914 0.393922 -0.150597
1.41602 0.384757 -0.193083
1.46195 0.377243 -0.162156
1.51123 0.369195 -0.16189
1.55974 0.362436 -0.138426
1.60947 0.357888 -0.0911927
1.65545 0.355054 -0.0615502
1.7053 0.35118 -0.0775673
1.75496 0.347883 -0.0663007
1.80082 0.344393 -0.0759359
1.84892 0.33975 -0.0962532
1.89837 0.33545 -0.0867258
1.94681 0.331604 -0.0792166
1.99614 0.325902 -0.115098
2.04585 0.320574 -0.106773
2.09442 0.316451 -0.0846758
2.14416 0.311428 -0.100647
2.18885 0.309337 -0.0467464
2.23866 0.30571 -0.0726956
2.28419 0.301747 -0.0868101
2.32822 0.298609 -0.0711548
2.36081 0.295957 -0.0812254
2.41067 0.293593 -0.0473619
2.46062 0.291381 -0.0442529
2.49724 0.288606 -0.0756552
2.54491 0.287931 -0.0141458
2.58524 0.286352 -0.0391479
2.63393 0.285167 -0.0243273
2.66891 0.284244 -0.0263731
2.7015 0.283558 -0.0210662
2.74096 0.282547 -0.0256016
2.78935 0.279207 -0.0689193
2.83804 0.274781 -0.0906466
2.88777 0.270349 -0.0888774
2.93702 0.265001 -0.108174
2.98619 0.259238 -0.116691
3.0355 0.253572 -0.114392
3.08293 0.246699 -0.143891
3.13237 0.239792 -0.138839
3.17987 0.231717 -0.16837
3.22896 0.222222 -0.191055
3.27331 0.213409 -0.196188
3.32159 0.203854 -0.195351
3.3659 0.195068 -0.195759
3.39333 0.189542 -0.198803
3.44216 0.179885 -0.195244
3.48669 0.170162 -0.214992
3.5269 0.161155 -0.220346
3.57434 0.152245 -0.185676
3.62192 0.141577 -0.220523
3.64754 0.136518 -0.194939
3.67694 0.131949 -0.154177
3.71623 0.127375 -0.115911
3.75641 0.122876 -0.111522
3.80128 0.117374 -0.121993
3.8296 0.114803 -0.0905267
3.85789 0.111414 -0.119272
3.88984 0.109881 -0.0479494
3.89946 0.109219 -0.0686069
3.92229 0.106733 -0.10849
3.94515 0.103135 -0.156092
3.95483 0.101187 -0.198625
3.97866 0.0968398 -0.180409
4.00017 0.0938097 -0.139954
4.01693 0.0918541 -0.116149
4.04762 0.0872557 -0.148752
4.08099 0.082385 -0.144918
4.09587 0.0802483 -0.142691
4.12342 0.0755489 -0.168913
4.14696 0.071001 -0.190822
4.17196 0.0667489 -0.16853
4.18325 0.0648274 -0.168513
4.21606 0.0581146 -0.201832
4.24962 0.0511116 -0.205678
4.27485 0.0459544 -0.201698
4.31276 0.0392551 -0.174902
4.35534 0.032206 -0.164032
4.40034 0.0243096 -0.173717
4.4373 0.0178203 -0.173803
4.45584 0.0141182 -0.197087
4.46814 0.0113744 -0.219533
4.4909 0.00645618 -0.21283
4.5176 -0.000132447 -0.241888
4.53657 -0.00508207 -0.255228
4.55756 -0.01031 -0.244083
4.5727 -0.0143446 -0.260472
4.59473 -0.0194577 -0.228102
4.62298 -0.0258157 -0.221367
4.65505 -0.0324075 -0.202703
4.68023 -0.0367705 -0.171597
4.70394 -0.0400985 -0.139454
4.71462 -0.0415301 -0.133222
4.73681 -0.0449371 -0.15232
4.75637 -0.0471676 -0.113552
4.7808 -0.050545 -0.13739
4.7965 -0.0530235 -0.156566
4.80587 -0.0544894 -0.155166
4.80788 -0.0548526 -0.178895
4.81986 -0.0574137 -0.210644
4.83785 -0.0611815 -0.20642
4.86487 -0.0672475 -0.220852
4.8753 -0.0697483 -0.23529
4.88959 -0.0726451 -0.200048
4.8918 -0.0731598 -0.228323
4.9099 -0.0774783 -0.234286
4.94402 -0.0853969 -0.228006
4.96147 -0.0896341 -0.238209
4.98395 -0.0950485 -0.236348
4.98922 -0.0963419 -0.240937
4.99986 -0.099239 -0.265898
5.00821 -0.101342 -0.246522
5.02185 -0.104578 -0.233054
5.03707 -0.107781 -0.207372
5.04617 -0.109656 -0.203294
5.05528 -0.111901 -0.241618
5.05867 -0.112601 -0.203599
5.07014 -0.115411 -0.240168
5.06941 -0.115232 -0.241372
5.0757 -0.116905 -0.260072
5.07585 -0.116938 -0.217887
5.07927 -0.117639 -0.202402
5.08196 -0.118231 -0.216058
5.08583 -0.118986 -0.192903
5.09591 -0.121026 -0.199543
5.1076 -0.123362 -0.197242
5.1264 -0.127511 -0.217225
5.13517 -0.129151 -0.185057
5.14637 -0.131439 -0.201414
5.15054 -0.132159 -0.170936
5.15922 -0.133302 -0.13092
5.16147 -0.133517 -0.0953512
5.1659 -0.133584 -0.0151085
5.17672 -0.133186 0.0367207
5.17645 -0.133188 0.00544867
5.17902 -0.133118 0.0270346
5.1917 -0.133118 4.97326e-06
5.19872 -0.133057 0.0086837
5.20126 -0.133046 0.00429735
True
0.0644749
