-5.46663 -0.592975 -0.204991
-5.43134 -0.600367 -0.206484
-5.38639 -0.609901 -0.209022
-5.34023 -0.620798 -0.231835
-5.2965 -0.631384 -0.237484
-5.25967 -0.639832 -0.225498
-5.21103 -0.647596 -0.15826
-5.16247 -0.656522 -0.18181
-5.1175 -0.663099 -0.145212
-5.07398 -0.666689 -0.0822918
-5.02737 -0.671474 -0.10231
-4.97869 -0.678448 -0.142285
-4.92977 -0.686778 -0.168686
-4.88097 -0.697655 -0.219285
-4.85157 -0.704307 -0.222554
-4.80636 -0.713707 -0.204994
-4.76178 -0.72309 -0.20745
-4.71565 -0.731415 -0.178525
-4.66729 -0.741542 -0.206461
-4.61812 -0.750479 -0.179795
-4.56957 -0.75925 -0.178712
-4.5278 -0.767455 -0.193953
-4.47878 -0.777167 -0.195605
-4.42929 -0.783836 -0.133943
-4.38066 -0.790732 -0.140856
-4.34067 -0.797116 -0.158333
-4.2914 -0.804513 -0.149002
-4.24344 -0.812527 -0.165565
-4.19651 -0.819399 -0.145386
-4.14876 -0.828093 -0.180112
-4.10184 -0.834394 -0.133504
-4.05377 -0.839208 -0.0998233
-4.00756 -0.841522 -0.0500266
-3.95848 -0.842755 -0.0251157
-3.90899 -0.846145 -0.0683918
-3.86213 -0.849954 -0.0811162
-3.81366 -0.854312 -0.0896757
-3.76458 -0.859876 -0.112865
-3.71515 -0.867293 -0.148958
-3.66606 -0.875283 -0.161339
-3.61792 -0.884587 -0.190914
-3.56901 -0.891194 -0.134266
-3.52439 -0.898781 -0.16842
-3.47517 -0.907052 -0.166492
-3.42649 -0.917562 -0.212672
-3.37862 -0.926609 -0.186763
-3.33 -0.934946 -0.169815
-3.28172 -0.943998 -0.18534
-3.2321 -0.950195 -0.124247
-3.18827 -0.956689 -0.147108
-3.1391 -0.965472 -0.176767
-3.09129 -0.975214 -0.200964
-3.04688 -0.984112 -0.197763
-2.99826 -0.994556 -0.211579
-2.95644 -1.00393 -0.220585
-2.90833 -1.014 -0.206278
-2.86347 -1.02181 -0.172258
-2.81418 -1.03012 -0.167019
-2.76777 -1.03972 -0.204133
-2.7195 -1.0513 -0.235382
-2.67114 -1.06398 -0.256356
-2.62252 -1.07465 -0.216237
-2.57342 -1.08404 -0.188903
-2.52637 -1.09473 -0.223341
-2.47804 -1.1071 -0.250552
-2.43421 -1.12026 -0.291679
-2.38603 -1.13288 -0.256298
-2.33822 -1.14303 -0.209103
-2.28958 -1.15199 -0.18227
-2.24101 -1.16282 -0.219345
-2.19543 -1.17173 -0.193037
-2.14634 -1.18121 -0.19075
-2.09669 -1.18705 -0.117173
-2.04826 -1.19294 -0.120944
-2.01201 -1.19913 -0.169007
-1.96825 -1.20494 -0.132026
-1.92426 -1.21097 -0.136204
-1.87674 -1.21843 -0.155876
-1.82818 -1.22648 -0.164221
-1.79341 -1.23247 -0.17049
-1.74398 -1.24002 -0.151688
-1.69456 -1.24429 -0.0860291
-1.64548 -1.25004 -0.11667
-1.59777 -1.25582 -0.120682
-1.54812 -1.26144 -0.112622
-1.50022 -1.26933 -0.163254
-1.45616 -1.2749 -0.12574
-1.42507 -1.27885 -0.126453
-1.37702 -1.2858 -0.143656
-1.33019 -1.29138 -0.118557
-1.28448 -1.2984 -0.15229
-1.23726 -1.3067 -0.174069
-1.20083 -1.31292 -0.169253
-1.16772 -1.31953 -0.196925
-1.13637 -1.32561 -0.191402
-1.08736 -1.33513 -0.19198
-1.04121 -1.34416 -0.193172
-1.00691 -1.34917 -0.145071
-0.961929 -1.35563 -0.142548
-0.916538 -1.36327 -0.166801
-0.878687 -1.36856 -0.139042
-0.830423 -1.37798 -0.1927
-0.781365 -1.38685 -0.178845
-0.737745 -1.39601 -0.207072
-0.689456 -1.40499 -0.183773
-0.651342 -1.41186 -0.178366
-0.601804 -1.41864 -0.136084
-0.557305 -1.4239 -0.117517
-0.525422 -1.42563 -0.0543964
-0.481273 -1.42782 -0.0495205
-0.43135 -1.43053 -0.0542388
-0.391726 -1.43367 -0.0789509
-0.342111 -1.43758 -0.0786581
-0.292525 -1.44365 -0.121823
-0.249728 -1.44941 -0.133905
-0.216785 -1.45354 -0.124476
-0.16716 -1.45957 -0.120959
-0.122284 -1.46402 -0.0987738
-0.0764818 -1.46964 -0.122101
-0.0303802 -1.47614 -0.140131
0.00536648 -1.48195 -0.161276
0.0420097 -1.48947 -0.202362
0.0905573 -1.49935 -0.200816
0.139651 -1.50875 -0.189125
0.18264 -1.51684 -0.186065
0.229882 -1.5258 -0.187362
0.279206 -1.53399 -0.164537
0.323138 -1.54172 -0.174235
0.371677 -1.55204 -0.209425
0.418278 -1.56099 -0.189841
0.466955 -1.57236 -0.229375
0.513763 -1.58103 -0.183218
0.560236 -1.59235 -0.238769
0.607733 -1.60035 -0.166927
0.65577 -1.61075 -0.213192
0.702093 -1.62057 -0.208857
0.745451 -1.62875 -0.186509
0.7932 -1.63882 -0.207994
0.842476 -1.64729 -0.170205
0.892199 -1.65255 -0.105237
0.941342 -1.66174 -0.184909
0.990417 -1.66984 -0.163644
1.03391 -1.67845 -0.195379
1.08105 -1.68811 -0.202176
1.1215 -1.69548 -0.180174
1.17004 -1.70372 -0.168253
1.21739 -1.71436 -0.220976
1.25912 -1.72234 -0.188999
1.30713 -1.73179 -0.19441
1.35569 -1.73988 -0.165005
1.40342 -1.75012 -0.211221
1.45152 -1.76089 -0.220317
1.50034 -1.77169 -0.217794
1.54894 -1.78317 -0.231995
1.59733 -1.79337 -0.207609
1.6419 -1.80269 -0.206263
1.66948 -1.80927 -0.233998
1.71825 -1.82004 -0.217467
1.7662 -1.82934 -0.191448
1.81287 -1.83896 -0.203285
1.86202 -1.84774 -0.176875
1.91061 -1.85723 -0.192745
1.9452 -1.86513 -0.224785
1.9887 -1.87772 -0.28162
2.03327 -1.88903 -0.248562
2.07444 -1.89783 -0.210475
2.11693 -1.90596 -0.189082
2.16562 -1.91546 -0.192631
2.21429 -1.92683 -0.22956
2.25971 -1.93738 -0.228323
2.30183 -1.94591 -0.19978
2.34542 -1.95628 -0.23349
2.39364 -1.96853 -0.248852
2.44152 -1.98187 -0.271691
2.48943 -1.99252 -0.218666
2.53666 -2.00381 -0.23473
2.58053 -2.01393 -0.226605
2.62225 -2.02202 -0.191637
2.67158 -2.02967 -0.153723
2.71548 -2.03889 -0.207098
2.76267 -2.04957 -0.222688
2.81132 -2.06094 -0.22958
2.84917 -2.0691 -0.212221
2.89007 -2.07931 -0.24466
2.93208 -2.09235 -0.301031
2.97928 -2.10585 -0.278549
3.026 -2.12111 -0.315609
3.06384 -2.13208 -0.282206
3.10995 -2.14817 -0.335862
3.15718 -2.16351 -0.313995
3.20506 -2.17771 -0.288249
3.24874 -2.19138 -0.303257
3.29444 -2.20334 -0.256128
3.33604 -2.21224 -0.210641
3.38446 -2.22134 -0.185789
3.43394 -2.22849 -0.14353
3.4654 -2.23172 -0.102204
3.50795 -2.2355 -0.0886364
3.53058 -2.23804 -0.111696
3.57414 -2.24417 -0.139829
3.62236 -2.25012 -0.122861
3.65404 -2.25481 -0.147018
3.6973 -2.26107 -0.143543
3.74035 -2.26687 -0.134044
3.77943 -2.27332 -0.163621
3.82168 -2.28146 -0.190307
3.85814 -2.28863 -0.19398
3.89599 -2.29732 -0.22576
3.93138 -2.3049 -0.211061
3.97009 -2.31472 -0.248306
4.01256 -2.32649 -0.270514
4.03282 -2.33089 -0.213931
4.07151 -2.33903 -0.207354
4.10685 -2.34434 -0.148974
4.14964 -2.35062 -0.145704
4.17831 -2.35512 -0.155897
4.19623 -2.35747 -0.130279
4.21598 -2.36017 -0.135771
4.24552 -2.36553 -0.17954
4.26945 -2.3704 -0.200622
4.28503 -2.37331 -0.184678
4.30908 -2.37759 -0.17612
4.34559 -2.38512 -0.203449
4.3796 -2.39182 -0.194498
4.42287 -2.4024 -0.239863
4.46933 -2.41318 -0.227958
4.48957 -2.4179 -0.228908
4.51548 -2.42403 -0.232529
4.55187 -2.43337 -0.251245
4.59326 -2.44542 -0.283162
4.62667 -2.45538 -0.289937
4.65427 -2.46296 -0.26789
4.6856 -2.47079 -0.244795
4.70452 -2.47543 -0.240887
4.72543 -2.48017 -0.222517
4.74847 -2.48549 -0.227081
4.77536 -2.49224 -0.246062
4.78955 -2.49575 -0.24217
4.79868 -2.49777 -0.218505
4.81966 -2.50353 -0.267576
4.83487 -2.50761 -0.262177
4.85588 -2.51279 -0.241796
4.87832 -2.51744 -0.204359
4.89901 -2.5218 -0.207539
4.92784 -2.52855 -0.230022
4.95686 -2.53572 -0.242233
4.98747 -2.54335 -0.244426
5.00458 -2.54799 -0.264655
5.01607 -2.55104 -0.259383
5.03338 -2.55568 -0.261953
5.04363 -2.5586 -0.277538
5.05743 -2.56253 -0.277698
5.0641 -2.56412 -0.233689
5.07967 -2.56794 -0.240611
5.0841 -2.56913 -0.261183
5.09346 -2.57164 -0.262369
5.10096 -2.57339 -0.228903
5.1172 -2.57768 -0.258413
5.1263 -2.58023 -0.273246
5.14059 -2.58494 -0.318587
5.15314 -2.58926 -0.331433
5.16093 -2.59179 -0.313517
5.17168 -2.59526 -0.312199
5.16862 -2.59426 -0.313682
5.17386 -2.59615 -0.345851
5.18029 -2.59883 -0.394549
5.19295 -2.60455 -0.424582
5.20878 -2.61246 -0.463338
True
0.0677481
