-5.46953 0.229576 -0.235437
-5.42173 0.218376 -0.230165
-5.38597 0.210951 -0.204716
-5.3378 0.200191 -0.219761
-5.28937 0.18881 -0.230829
-5.24162 0.178352 -0.215588
-5.19964 0.170916 -0.175329
-5.15412 0.164143 -0.147694
-5.10491 0.156388 -0.15633
-5.06565 0.150272 -0.154528
-5.01644 0.145458 -0.0975119
-4.97536 0.141909 -0.0861764
-4.93036 0.138581 -0.0738269
-4.88091 0.133517 -0.102042
-4.83216 0.125841 -0.156182
-4.78528 0.120774 -0.107658
-4.73621 0.114903 -0.119088
-4.68787 0.110019 -0.100678
-4.63871 0.104207 -0.117686
-4.58935 0.100215 -0.0807075
-4.5524 0.0945054 -0.153296
-4.50499 0.0872721 -0.151394
-4.45576 0.080629 -0.134146
-4.41089 0.0722744 -0.184087
-4.36548 0.0630398 -0.200631
-4.31635 0.0554949 -0.152369
-4.27169 0.0468133 -0.19201
-4.23056 0.0353191 -0.272472
-4.1827 0.0236738 -0.238698
-4.13394 0.0130278 -0.214943
-4.09664 0.00581141 -0.19114
-4.04785 -0.00272658 -0.173236
-4.01259 -0.00834517 -0.158032
-3.96587 -0.0175653 -0.194844
-3.91804 -0.0240627 -0.13501
-3.86871 -0.0301919 -0.123605
-3.82428 -0.0359871 -0.129715
-3.78127 -0.0430624 -0.163039
-3.73254 -0.0542067 -0.224833
-3.68615 -0.0640221 -0.20851
-3.64007 -0.0728958 -0.19023
-3.59114 -0.0803669 -0.151515
-3.55017 -0.0879727 -0.183563
-3.50223 -0.0970289 -0.186715
-3.45354 -0.107746 -0.216653
-3.40617 -0.11633 -0.179249
-3.35765 -0.126835 -0.213213
-3.30866 -0.136865 -0.201967
-3.26294 -0.146021 -0.197633
-3.21585 -0.154587 -0.17995
-3.16679 -0.164063 -0.190797
-3.11821 -0.173402 -0.189921
-3.07988 -0.180989 -0.1954
-3.03367 -0.190581 -0.204666
-2.98502 -0.201375 -0.21836
-2.94098 -0.211078 -0.216858
-2.89409 -0.221527 -0.219255
-2.85028 -0.230853 -0.209727
-2.80113 -0.240011 -0.184228
-2.75606 -0.247971 -0.174795
-2.70854 -0.256251 -0.172525
-2.66042 -0.267289 -0.225478
-2.61174 -0.277899 -0.214606
-2.56349 -0.287813 -0.202658
-2.52422 -0.295687 -0.197833
-2.48223 -0.305685 -0.233781
-2.43956 -0.313509 -0.18137
-2.39276 -0.32297 -0.19946
-2.34347 -0.331276 -0.166931
-2.2942 -0.338973 -0.154976
-2.25036 -0.34558 -0.149589
-2.2071 -0.353602 -0.183347
-2.16205 -0.363221 -0.210354
-2.12093 -0.372516 -0.222287
-2.07794 -0.379621 -0.163834
-2.02842 -0.386492 -0.13784
-1.97899 -0.393773 -0.14625
-1.93144 -0.400633 -0.14331
-1.89268 -0.405811 -0.132764
-1.86463 -0.409566 -0.133103
-1.81695 -0.417003 -0.154743
-1.76996 -0.424287 -0.153768
-1.72075 -0.432901 -0.173308
-1.67346 -0.439966 -0.148285
-1.62668 -0.447991 -0.169911
-1.57893 -0.456375 -0.173785
-1.52993 -0.466308 -0.199997
-1.48219 -0.475604 -0.192321
-1.43302 -0.484212 -0.173309
-1.3884 -0.490188 -0.133149
-1.34125 -0.496876 -0.14092
-1.29156 -0.50153 -0.0933611
-1.24254 -0.508079 -0.132847
-1.19365 -0.516309 -0.166768
-1.14923 -0.523417 -0.158648
-1.10242 -0.531323 -0.167318
-1.0546 -0.53964 -0.172196
-1.00896 -0.547322 -0.166757
-0.959735 -0.556097 -0.176428
-0.912228 -0.564234 -0.169624
-0.862694 -0.57098 -0.135356
-0.813361 -0.578571 -0.152672
-0.766822 -0.585273 -0.143033
-0.720709 -0.592229 -0.149722
-0.684494 -0.599492 -0.197927
-0.636079 -0.609944 -0.212618
-0.587469 -0.621132 -0.226222
-0.547868 -0.629597 -0.210572
-0.498627 -0.638138 -0.17175
-0.449979 -0.646407 -0.168376
-0.400986 -0.653967 -0.153087
-0.356128 -0.661096 -0.157613
-0.306853 -0.668469 -0.148523
-0.258471 -0.678458 -0.203611
-0.209309 -0.686849 -0.169045
-0.164674 -0.695342 -0.188028
-0.121993 -0.704545 -0.212371
-0.0729477 -0.713481 -0.180223
-0.024392 -0.722011 -0.173899
0.0222143 -0.730978 -0.190079
0.0674182 -0.741076 -0.219782
0.116294 -0.751611 -0.212294
0.163767 -0.759245 -0.159442
0.196825 -0.764843 -0.167749
0.243529 -0.772859 -0.169978
0.292587 -0.781528 -0.174912
0.340295 -0.791712 -0.210307
0.388138 -0.799209 -0.155428
0.427878 -0.805353 -0.153399
0.476866 -0.814685 -0.188237
0.525072 -0.823916 -0.189198
0.572257 -0.832238 -0.174583
0.6194 -0.838991 -0.14227
0.663851 -0.847915 -0.198114
0.703645 -0.853856 -0.148213
0.751063 -0.860428 -0.137719
0.79883 -0.869772 -0.193178
0.847396 -0.879825 -0.2041
0.878479 -0.885957 -0.194782
0.921226 -0.893748 -0.180294
0.965804 -0.90501 -0.247451
1.00995 -0.916467 -0.253902
1.0554 -0.925588 -0.198079
1.10267 -0.933336 -0.16246
1.15054 -0.941491 -0.168727
1.19348 -0.949114 -0.175694
1.24018 -0.958213 -0.192454
1.28374 -0.967595 -0.212109
1.32629 -0.976876 -0.214782
1.37243 -0.986957 -0.215126
1.40853 -0.994854 -0.215343
1.45713 -1.00545 -0.214675
1.50165 -1.01407 -0.191212
1.54266 -1.02113 -0.170474
1.58841 -1.02854 -0.160567
1.6279 -1.03743 -0.221375
1.67624 -1.0465 -0.185609
1.7239 -1.05522 -0.180947
1.77183 -1.0665 -0.231087
1.81976 -1.08065 -0.28698
1.86343 -1.09169 -0.247747
1.91057 -1.10173 -0.209753
1.95925 -1.11268 -0.221393
2.00404 -1.12307 -0.227859
2.05175 -1.13469 -0.238832
2.10091 -1.14376 -0.182488
2.14936 -1.1548 -0.224024
2.19238 -1.16535 -0.240513
2.23847 -1.17628 -0.232984
2.28233 -1.18655 -0.229947
2.32084 -1.1967 -0.257663
2.36896 -1.20981 -0.265909
2.41661 -1.22495 -0.307655
2.45941 -1.23727 -0.280327
2.50692 -1.25054 -0.27238
2.54538 -1.26073 -0.258978
2.59091 -1.27412 -0.286091
2.63152 -1.28387 -0.235489
2.67915 -1.29764 -0.281444
2.71936 -1.30964 -0.290113
2.76619 -1.32334 -0.28464
2.80944 -1.33619 -0.288807
2.85632 -1.34954 -0.277351
2.90035 -1.36066 -0.247373
2.9486 -1.37317 -0.253823
2.99571 -1.38487 -0.24332
3.03994 -1.39526 -0.230844
3.08225 -1.40773 -0.286481
3.12991 -1.41852 -0.222734
3.16108 -1.42522 -0.211423
3.20659 -1.43455 -0.202439
3.24261 -1.4421 -0.206532
3.28591 -1.45377 -0.263247
3.32778 -1.46657 -0.296565
3.36699 -1.47863 -0.298538
3.40838 -1.49041 -0.277291
3.43946 -1.49825 -0.24709
3.48261 -1.50974 -0.260271
3.52335 -1.51919 -0.227763
3.54855 -1.5241 -0.192481
3.57412 -1.52903 -0.190696
3.61056 -1.53534 -0.171408
3.63275 -1.53933 -0.177971
3.65764 -1.54361 -0.170164
3.67804 -1.54784 -0.20426
3.70505 -1.55304 -0.190473
3.72265 -1.55643 -0.189767
3.73973 -1.55994 -0.202748
3.74384 -1.56056 -0.151453
3.7628 -1.56412 -0.18544
3.7887 -1.57026 -0.232723
3.81424 -1.57618 -0.22767
3.83348 -1.58138 -0.264346
3.85622 -1.5881 -0.287078
3.88327 -1.59641 -0.298032
3.90903 -1.60383 -0.28051
3.9223 -1.60806 -0.308944
3.95056 -1.61803 -0.339206
3.97361 -1.62588 -0.328251
3.99261 -1.63241 -0.330692
4.03064 -1.64383 -0.291689
4.05918 -1.65211 -0.282458
4.07617 -1.65746 -0.305029
4.09564 -1.66563 -0.39728
4.10911 -1.67157 -0.415354
4.1189 -1.67667 -0.480453
4.13667 -1.6862 -0.492162
4.15294 -1.69414 -0.454212
4.1707 -1.70301 -0.462914
4.18896 -1.71072 -0.399799
4.22179 -1.72382 -0.379497
4.2584 -1.73781 -0.365087
4.28197 -1.7462 -0.342075
4.30335 -1.75424 -0.359534
4.32819 -1.76289 -0.335306
4.34598 -1.76867 -0.314221
4.36127 -1.77321 -0.28862
4.38735 -1.77952 -0.23722
4.42311 -1.7858 -0.173854
4.4483 -1.79063 -0.189377
4.45382 -1.79174 -0.197993
4.48947 -1.80082 -0.249537
4.52804 -1.80995 -0.232505
4.56625 -1.8196 -0.247435
4.59714 -1.82819 -0.270905
4.61814 -1.83398 -0.269299
4.63646 -1.83918 -0.276396
4.65206 -1.84397 -0.297927
4.66963 -1.84965 -0.312643
4.68417 -1.85401 -0.291135
4.69624 -1.85794 -0.315649
4.702 -1.8599 -0.326777
4.72225 -1.86691 -0.33329
4.74109 -1.87323 -0.323671
4.75944 -1.87957 -0.332587
4.7852 -1.88816 -0.322074
4.81332 -1.8969 -0.30126
4.83174 -1.90255 -0.297862
4.85234 -1.90856 -0.283453
4.86141 -1.91126 -0.290106
4.87999 -1.91684 -0.291653
4.88463 -1.91809 -0.262578
4.8985 -1.92146 -0.238153
4.92017 -1.92724 -0.260818
4.93766 -1.93269 -0.30217
4.95036 -1.93645 -0.287757
4.96222 -1.94014 -0.301759
4.97006 -1.94245 -0.285782
4.99176 -1.9496 -0.318677
5.00516 -1.95413 -0.3259
5.02216 -1.96027 -0.34636
5.03142 -1.96364 -0.348934
5.03244 -1.96401 -0.348837
5.03898 -1.96609 -0.307519
5.05263 -1.97067 -0.323695
5.06882 -1.97685 -0.364917
5.09174 -1.98405 -0.304387
5.10336 -1.98867 -0.378021
5.11307 -1.9924 -0.367504
5.12396 -1.99658 -0.366119
5.13444 -2.00048 -0.356838
5.15448 -2.00777 -0.348832
5.16653 -2.01242 -0.367782
5.17658 -2.01643 -0.379669
5.1751 -2.01578 -0.411302
5.18124 -2.0184 -0.403041
5.19668 -2.02525 -0.417875
5.20369 -2.02859 -0.444508
5.20327 -2.02838 -0.466928
5.21165 -2.03244 -0.450559
5.21434 -2.03376 -0.456417
5.2221 -2.03741 -0.440383
5.22964 -2.04118 -0.463456
5.2387 -2.04574 -0.466066
True
0.273702
