4.48463 -0.0006488 -3.0994
4.46993 -0.00101942 -3.11639
4.44349 -0.00114741 -3.13675
4.42049 -0.00179155 -3.11359
4.39833 -0.00254773 -3.10748
4.38121 -0.00299821 -3.11529
4.36326 -0.00393083 -3.08968
4.34305 -0.00641536 -3.01931
4.3225 -0.00999031 -2.96929
4.29759 -0.017441 -2.85097
4.27177 -0.0276103 -2.76641
4.25422 -0.0367214 -2.66291
4.23944 -0.0458284 -2.58921
4.20542 -0.0716812 -2.49179
4.18436 -0.0882121 -2.47605
4.15039 -0.118419 -2.41475
4.11651 -0.155109 -2.3164
4.08771 -0.188989 -2.27539
4.06124 -0.221051 -2.26091
4.03293 -0.261817 -2.17776
4.00796 -0.299966 -2.15046
4.00101 -0.311727 -2.10433
3.98207 -0.346643 -2.06778
3.97462 -0.360482 -2.0647
3.95638 -0.396644 -2.03785
3.94157 -0.427653 -2.01648
3.9265 -0.465869 -1.94643
3.9169 -0.495869 -1.8806
3.90835 -0.525087 -1.85535
3.89485 -0.565225 -1.89532
3.87928 -0.61214 -1.89109
3.86615 -0.659684 -1.84024
3.85376 -0.701186 -1.86106
3.84183 -0.739291 -1.8741
3.82991 -0.787797 -1.81184
3.81684 -0.833256 -1.85081
3.80223 -0.879826 -1.87465
3.7888 -0.927902 -1.84323
3.77729 -0.965389 -1.86868
3.76522 -1.00759 -1.84941
3.75591 -1.04251 -1.83138
3.74365 -1.08568 -1.84739
3.731 -1.1267 -1.87012
3.71573 -1.17102 -1.90257
3.70229 -1.21396 -1.87418
3.68808 -1.25153 -1.93234
3.68552 -1.25842 -1.92598
3.67728 -1.28314 -1.89257
3.66489 -1.31468 -1.94513
3.6478 -1.35919 -1.9374
3.63397 -1.40508 -1.86352
3.61737 -1.45182 -1.91204
3.60296 -1.48983 -1.93335
3.58733 -1.52473 -1.99178
3.57495 -1.55449 -1.96493
3.55568 -1.60013 -1.97031
3.53977 -1.63864 -1.9627
3.51858 -1.68378 -2.00967
3.49963 -1.72408 -2.01029
3.48567 -1.75081 -2.05224
3.46718 -1.78769 -2.0355
3.45092 -1.81889 -2.05125
3.42773 -1.857 -2.11739
3.41562 -1.87716 -2.11173
3.39275 -1.915 -2.11444
3.36941 -1.95298 -2.1217
3.34896 -1.98367 -2.15857
3.3239 -2.02458 -2.12037
3.29915 -2.06802 -2.08886
3.28455 -2.09312 -2.09748
3.26068 -2.13376 -2.10192
3.23635 -2.17031 -2.15803
3.21377 -2.20724 -2.11962
3.20224 -2.22612 -2.11893
3.18814 -2.24852 -2.13281
3.17086 -2.27503 -2.1484
3.14133 -2.31537 -2.20273
3.11583 -2.35231 -2.17501
3.08933 -2.39227 -2.15618
3.06159 -2.43284 -2.17069
3.03491 -2.47093 -2.18187
3.00687 -2.50943 -2.20016
2.98157 -2.54612 -2.17445
2.96556 -2.56868 -2.18817
2.93749 -2.60809 -2.18969
2.91381 -2.63616 -2.27151
2.88579 -2.6694 -2.27118
2.85453 -2.70622 -2.27466
2.82288 -2.74134 -2.30429
2.80036 -2.76746 -2.2824
2.7673 -2.80474 -2.29626
2.73345 -2.83944 -2.3437
2.71164 -2.86106 -2.36066
2.67691 -2.89387 -2.38465
2.64435 -2.92305 -2.41084
2.60637 -2.95334 -2.46846
2.57538 -2.9805 -2.4217
2.53841 -3.01415 -2.40328
2.50842 -3.04244 -2.38548
2.48192 -3.06463 -2.44429
2.44495 -3.09319 -2.48386
2.40709 -3.12093 -2.50929
2.36817 -3.15016 -2.49743
2.34848 -3.16301 -2.56343
2.31751 -3.18279 -2.57318
2.28291 -3.20513 -2.56831
2.24425 -3.23007 -2.56857
2.20178 -3.25646 -2.58568
2.16079 -3.28475 -2.53738
2.12194 -3.31173 -2.53465
2.09116 -3.33225 -2.55381
2.06202 -3.35412 -2.49764
2.02085 -3.38242 -2.5393
1.98509 -3.40614 -2.55591
1.94275 -3.43273 -2.58085
1.9021 -3.45854 -2.57588
1.8609 -3.48687 -2.53928
1.82598 -3.50869 -2.58304
1.7843 -3.53413 -2.59354
1.74151 -3.55997 -2.59842
1.6975 -3.5837 -2.64699
1.65394 -3.6081 -2.63098
1.61404 -3.62971 -2.64519
1.58741 -3.6418 -2.71556
1.54959 -3.65985 -2.69621
1.50965 -3.67932 -2.68804
1.46543 -3.70155 -2.67573
1.42144 -3.72432 -2.66402
1.38032 -3.74327 -2.70974
1.35023 -3.75359 -2.81125
1.32687 -3.76281 -2.76556
1.2872 -3.77594 -2.82202
1.26078 -3.78454 -2.827
1.22251 -3.79623 -2.84505
1.17467 -3.81073 -2.8474
1.13986 -3.82137 -2.84469
1.09258 -3.83739 -2.81507
1.05284 -3.84826 -2.87453
1.00522 -3.86071 -2.88579
0.961572 -3.87314 -2.86415
0.941016 -3.87899 -2.86459
0.907693 -3.88764 -2.88757
0.87839 -3.8946 -2.90851
0.831873 -3.90548 -2.91174
0.80751 -3.91013 -2.95294
0.775692 -3.91596 -2.96047
0.737673 -3.92349 -2.94599
0.691368 -3.93263 -2.94667
0.6511 -3.94113 -2.93373
0.605508 -3.94911 -2.96821
0.556356 -3.95822 -2.95834
0.507323 -3.96504 -3.00338
0.45803 -3.97339 -2.97383
0.411641 -3.97911 -3.01884
0.364693 -3.98399 -3.03804
0.316882 -3.98889 -3.03961
0.283091 -3.99079 -3.08543
0.237096 -3.99344 -3.084
0.188737 -3.99614 -3.08578
0.157049 -3.99837 -3.07119
0.117834 -3.99985 -3.10394
0.0678607 -4.0013 -3.11261
0.0224216 -4.00223 -3.12121
-0.0274719 -4.00138 -3.1586
-0.0571376 -4.00047 3.11118
-0.0864592 -3.9993 3.10143
-0.136165 -3.99618 3.07893
-0.182781 -3.99171 3.04602
-0.222751 -3.9873 3.0317
-0.264859 -3.98137 3.00176
-0.30662 -3.97823 3.06642
-0.356411 -3.9739 3.05487
-0.406217 -3.97068 3.07714
-0.453332 -3.9666 3.05511
-0.502961 -3.96062 3.02169
-0.551262 -3.95375 3.00033
-0.591661 -3.94992 3.04697
-0.64126 -3.94405 3.02391
-0.677571 -3.93982 3.02564
-0.726633 -3.93069 2.95745
-0.775527 -3.92461 3.01797
-0.824177 -3.91554 2.95737
-0.865492 -3.90746 2.94844
-0.909604 -3.89733 2.91574
-0.931277 -3.89071 2.84532
-0.976381 -3.87842 2.87542
-1.02021 -3.8668 2.88241
-1.05815 -3.85674 2.88265
-1.10524 -3.84334 2.86421
-1.15077 -3.8284 2.82467
-1.19451 -3.8122 2.78681
-1.21923 -3.80196 2.74909
-1.2523 -3.78813 2.74539
-1.29821 -3.76878 2.74263
-1.34042 -3.75251 2.77369
-1.382 -3.73627 2.76922
-1.42826 -3.7174 2.75439
-1.46691 -3.70159 2.75328
-1.50976 -3.68366 2.74525
-1.5562 -3.66543 2.7675
-1.59809 -3.64643 2.7159
-1.63673 -3.62745 2.68489
-1.68275 -3.60791 2.74011
-1.72869 -3.58819 2.73618
-1.77207 -3.57004 2.74529
-1.8161 -3.55164 2.74566
-1.86155 -3.53089 2.71341
-1.90156 -3.51177 2.6957
-1.94554 -3.49247 2.7281
-1.98907 -3.47217 2.70525
-2.03415 -3.45221 2.72469
-2.07908 -3.43029 2.68768
-2.11771 -3.41078 2.67404
-2.15961 -3.38716 2.62818
-2.19595 -3.3679 2.65416
-2.23025 -3.34909 2.64004
-2.27238 -3.32521 2.62603
-2.31533 -3.30047 2.61896
-2.35825 -3.27514 2.60849
-2.39292 -3.25162 2.54539
-2.43453 -3.22395 2.55481
-2.47461 -3.19704 2.55025
-2.51374 -3.16922 2.52361
-2.54519 -3.14363 2.45846
-2.57895 -3.11396 2.42069
-2.61368 -3.08602 2.4641
-2.65074 -3.05684 2.47457
-2.68085 -3.03444 2.50198
-2.72094 -3.0053 2.51304
-2.75639 -2.97724 2.47201
-2.79219 -2.94919 2.47703
-2.83019 -2.91785 2.45203
-2.86273 -2.89174 2.46531
-2.90145 -2.86019 2.4579
-2.93509 -2.8319 2.44246
-2.97209 -2.79937 2.42031
-3.00765 -2.76887 2.43263
-3.03401 -2.7461 2.42918
-3.07233 -2.714 2.44424
-3.10853 -2.68331 2.43844
-3.13802 -2.65604 2.3952
-3.1685 -2.62715 2.38305
-3.20266 -2.59456 2.37979
-3.23986 -2.56119 2.41036
-3.27417 -2.5249 2.32806
-3.30151 -2.49459 2.30491
-3.33398 -2.45659 2.27771
-3.3635 -2.42153 2.27067
-3.39425 -2.3821 2.23311
-3.41961 -2.34711 2.19812
-3.44873 -2.30653 2.19309
-3.47524 -2.26766 2.16943
-3.50278 -2.22707 2.16701
-3.52797 -2.1877 2.13989
-3.55335 -2.14895 2.15075
-3.57285 -2.12026 2.16767
-3.599 -2.08095 2.15778
-3.61941 -2.0511 2.17055
-3.63643 -2.02485 2.14617
-3.66479 -1.98444 2.18252
-3.69148 -1.94642 2.18295
-3.71746 -1.90741 2.15835
-3.74325 -1.86849 2.15602
-3.74621 -1.86353 2.10843
-3.75484 -1.84862 2.09551
-3.76771 -1.82829 2.13541
-3.78006 -1.80793 2.11603
-3.78806 -1.79535 2.13692
-3.7932 -1.78718 2.13268
-3.79843 -1.778 2.08854
-3.80242 -1.77051 2.05975
-3.81108 -1.75522 2.08631
-3.8287 -1.72281 2.06883
-3.84864 -1.68349 2.04014
-3.86835 -1.64743 2.07087
-3.88652 -1.61479 2.07889
-3.90014 -1.58723 2.0298
-3.91115 -1.5624 1.98807
-3.92084 -1.54001 1.97927
-3.93198 -1.5164 2.01166
-3.94494 -1.48912 2.0144
-3.95572 -1.4646 1.98482
-3.96713 -1.43469 1.93518
-3.97503 -1.41438 1.94174
-3.98527 -1.38864 1.94939
-3.9909 -1.3743 1.94502
-3.99359 -1.36723 1.93426
-3.99843 -1.35395 1.92037
-4.00484 -1.33884 1.97222
-4.0088 -1.32852 1.93727
-4.01449 -1.315 1.96924
-4.02129 -1.29719 1.93535
-4.02783 -1.27927 1.92069
-4.03832 -1.25451 1.97158
-4.04551 -1.23555 1.93348
-4.04995 -1.22333 1.91872
-4.05612 -1.20772 1.94766
-4.06254 -1.19064 1.9301
-4.06512 -1.18376 1.9291
-4.07133 -1.16735 1.93254
-4.07697 -1.15171 1.9174
-4.0803 -1.14177 1.89389
-4.08723 -1.12126 1.89649
-4.09115 -1.10916 1.88431
-4.09615 -1.09502 1.91065
-4.0993 -1.08669 1.93242
-4.1033 -1.07527 1.90716
-4.1106 -1.0531 1.88916
-4.12202 -1.02136 1.91618
-4.13128 -0.997012 1.93403
-4.13502 -0.986137 1.90202
-4.13817 -0.976247 1.87922
-4.1449 -0.957063 1.90834
-4.15126 -0.939496 1.91803
-4.15919 -0.918064 1.92532
-4.16757 -0.894695 1.9152
-4.17736 -0.86598 1.89913
-4.18706 -0.838375 1.90869
-4.2002 -0.801621 1.91427
-4.20773 -0.77902 1.89254
-4.21772 -0.751486 1.91887
-4.22633 -0.728386 1.92753
-4.23692 -0.699842 1.92598
-4.24162 -0.686841 1.91789
-4.24651 -0.672002 1.88889
-4.25215 -0.652653 1.85454
-4.2573 -0.631047 1.80464
-4.26188 -0.607907 1.76632
-4.26791 -0.577211 1.76456
-4.26967 -0.566938 1.74101
-4.27211 -0.554001 1.75676
-4.27665 -0.530904 1.76524
-4.27885 -0.521789 1.80688
True
0.174701
