4.47606 0.0121868 2.67077
4.44047 0.0326076 2.62069
4.41172 0.0503329 2.58902
4.37949 0.0741754 2.50474
4.34993 0.0954508 2.51775
4.31055 0.124881 2.49976
4.2734 0.157748 2.41734
4.24376 0.187306 2.35755
4.20993 0.224005 2.31551
4.1866 0.250977 2.28395
4.15763 0.287702 2.2386
4.12984 0.327189 2.18415
4.11079 0.355662 2.16029
4.09037 0.388441 2.12791
4.06599 0.42833 2.11941
4.04152 0.471467 2.0868
4.02053 0.516844 2.00415
4.00619 0.546698 2.01863
3.98707 0.586728 2.01628
3.96936 0.629936 1.95987
3.95199 0.671845 1.96375
3.93553 0.710253 1.97561
3.91847 0.753082 1.94995
3.90396 0.790956 1.93649
3.88616 0.83677 1.94148
3.86857 0.883532 1.9305
3.85175 0.930165 1.9171
3.83722 0.967672 1.94023
3.81957 1.00879 1.97637
3.80112 1.05267 1.96877
3.78431 1.09829 1.92382
3.76889 1.14542 1.88698
3.75597 1.18482 1.88762
3.7406 1.2292 1.90432
3.73395 1.24637 1.9404
3.72129 1.28143 1.91729
3.70494 1.32108 1.96186
3.68642 1.3669 1.95483
3.67166 1.40492 1.94108
3.65476 1.45188 1.91627
3.63956 1.49469 1.91194
3.62574 1.52811 1.96294
3.60969 1.56678 1.96426
3.60127 1.58704 1.9646
3.58788 1.62034 1.95308
3.56931 1.66676 1.95137
3.55255 1.70552 1.97895
3.53601 1.74455 1.97164
3.51553 1.78823 2.00933
3.49729 1.82758 2.00476
3.47706 1.8722 1.99648
3.45429 1.91656 2.04511
3.43101 1.96077 2.05535
3.40595 2.00403 2.09584
3.38127 2.04276 2.13818
3.35391 2.0846 2.14996
3.32475 2.12522 2.19336
3.29657 2.16649 2.16986
3.2696 2.20837 2.14309
3.25018 2.23564 2.18946
3.22453 2.27396 2.16062
3.20479 2.3017 2.18945
3.1878 2.32597 2.18135
3.16173 2.35888 2.24091
3.13372 2.39573 2.22058
3.10593 2.43083 2.24058
3.07361 2.46897 2.27361
3.05317 2.49145 2.30902
3.01956 2.52837 2.30933
2.99571 2.55604 2.28206
2.96843 2.58716 2.29055
2.93553 2.6242 2.29702
2.90094 2.66031 2.3347
2.87035 2.69166 2.34396
2.83559 2.72623 2.35884
2.80533 2.75568 2.36985
2.77101 2.78786 2.38838
2.73517 2.81963 2.41626
2.70711 2.84499 2.40675
2.67992 2.86839 2.43102
2.6423 2.90131 2.42273
2.61086 2.92777 2.44186
2.5719 2.95891 2.4673
2.55079 2.97588 2.46457
2.51407 3.00424 2.4841
2.47341 3.03324 2.52196
2.43241 3.06035 2.55731
2.3978 3.08443 2.5338
2.35867 3.11138 2.53844
2.32906 3.13313 2.50814
2.29166 3.15874 2.54115
2.26434 3.17626 2.57138
2.24816 3.18711 2.55054
2.20684 3.21515 2.54543
2.16629 3.24282 2.54289
2.12392 3.26936 2.58194
2.09072 3.29196 2.54399
2.05683 3.31374 2.57017
2.02777 3.33364 2.54126
1.99797 3.35404 2.54127
1.95649 3.38196 2.54915
1.91974 3.40551 2.57176
1.88033 3.42928 2.5989
1.83823 3.45625 2.57183
1.79537 3.48191 2.60211
1.75687 3.50635 2.57602
1.7184 3.52939 2.60189
1.67497 3.55417 2.62318
1.64391 3.57169 2.62789
1.6008 3.59607 2.62699
1.55573 3.61735 2.70038
1.51085 3.63937 2.68547
1.4715 3.6587 2.68498
1.42643 3.67546 2.78569
1.38025 3.69415 2.757
1.33318 3.7109 2.79971
1.29428 3.72502 2.79327
1.25058 3.73887 2.83478
1.20277 3.75349 2.84466
1.15498 3.76685 2.86913
1.10619 3.7772 2.93244
1.07417 3.78474 2.91052
1.04006 3.79447 2.86372
0.994839 3.80418 2.92995
0.94975 3.81662 2.87238
0.914549 3.82427 2.9278
0.866215 3.83617 2.90005
0.817521 3.84632 2.93624
0.772432 3.85495 2.9525
0.723432 3.86488 2.9415
0.683329 3.87402 2.91761
0.638472 3.88363 2.93048
0.590096 3.89346 2.94114
0.54129 3.90362 2.93643
0.491926 3.91145 2.98413
0.442609 3.91836 3.00251
0.392882 3.92311 3.04634
0.347812 3.9276 3.04234
0.298362 3.93401 3.01262
0.252446 3.93922 3.02866
0.206779 3.94495 3.01665
0.160799 3.9507 3.01722
0.11147 3.95662 3.02223
0.061822 3.96218 3.02998
0.0129888 3.96851 3.01267
-0.0367756 3.973 3.05162
-0.0858474 3.97886 3.02285
-0.131735 3.98428 3.02405
-0.176999 3.98968 3.02286
-0.226711 3.99307 3.07352
-0.270905 3.99663 3.06106
-0.318824 4.00022 3.06682
-0.36831 4.0023 3.09971
-0.411175 4.00492 3.08041
-0.445627 4.00594 3.11195
-0.494713 4.00567 3.1472
-0.54358 4.00608 -3.15006
-0.59162 4.00464 3.17164
-0.639546 4.0041 -3.13039
-0.688527 4.00167 -3.09202
-0.738157 3.99696 -3.04687
-0.775876 3.9932 -3.04233
-0.824984 3.98949 -3.06622
-0.873819 3.98657 -3.08182
-0.923743 3.9845 -3.10014
-0.973699 3.98247 -3.10096
-1.02282 3.98181 -3.12828
-1.07256 3.98031 -3.11137
-1.1223 3.97733 -3.08181
-1.17224 3.97485 -3.09198
-1.21854 3.97156 -3.07055
-1.25922 3.96827 -3.06103
-1.30535 3.96468 -3.06391
-1.34515 3.96199 -3.07417
-1.39377 3.9573 -3.04541
-1.44072 3.95262 -3.04212
-1.48312 3.94907 -3.05822
-1.51508 3.94643 -3.05891
-1.56155 3.94356 -3.07997
-1.60959 3.9413 -3.09459
-1.65827 3.93915 -3.09756
-1.70074 3.93808 -3.11629
-1.74204 3.93732 -3.12319
-1.78614 3.93489 -3.08646
-1.83598 3.93096 -3.06302
-1.88088 3.92598 -3.03105
-1.92564 3.92277 -3.07006
-1.97362 3.91867 -3.0564
-2.0186 3.91637 -3.09038
-2.06551 3.91552 -3.1236
-2.10404 3.91653 -3.16774
-2.15084 3.91843 3.10103
-2.19408 3.92048 3.09412
-2.24169 3.92346 3.07921
-2.28199 3.92504 3.10229
-2.3224 3.92656 3.1042
-2.366 3.92666 3.13919
-2.41167 3.92731 3.12736
-2.45788 3.92852 3.11541
-2.50594 3.92688 3.17575
-2.53799 3.92696 -3.14415
-2.56655 3.92681 3.14672
-2.59941 3.92667 -3.13717
-2.64647 3.92492 -3.10449
-2.69389 3.92179 -3.07576
-2.74181 3.9183 -3.06869
-2.79121 3.91556 -3.08627
-2.83869 3.91276 -3.08274
-2.86672 3.91091 -3.07572
-2.90027 3.9087 -3.07586
-2.92586 3.90733 -3.08798
-2.96009 3.90646 -3.11615
-2.98972 3.90539 -3.10563
-3.01854 3.90509 -3.13093
-3.04423 3.90587 -3.17207
-3.07111 3.90625 3.12759
-3.09893 3.9056 3.16471
-3.12206 3.90374 -3.06142
-3.1481 3.9016 -3.05935
-3.16948 3.89998 -3.06605
-3.18618 3.89854 -3.05562
-3.21107 3.8961 -3.04377
-3.24294 3.89305 -3.0463
-3.26013 3.89171 -3.06347
-3.28262 3.88978 -3.05626
-3.30662 3.88833 -3.08123
-3.31504 3.88744 -3.03646
-3.32694 3.88652 -3.06382
-3.34225 3.88508 -3.04791
-3.36452 3.88371 -3.08037
-3.38937 3.88197 -3.07155
-3.41013 3.88028 -3.06057
-3.42484 3.8791 -3.06109
-3.44563 3.87789 -3.08366
-3.46089 3.87732 -3.104
-3.50411 3.87767 -3.14972
-3.54471 3.87728 3.1512
-3.59138 3.87715 -3.1388
-3.61516 3.87796 -3.17564
-3.62776 3.87829 3.11511
-3.65771 3.87856 3.13258
-3.67805 3.87822 3.15852
-3.69651 3.87769 -3.11289
-3.7304 3.8761 -3.09485
-3.76577 3.87452 -3.09694
-3.79877 3.87229 -3.07412
-3.82263 3.87075 -3.07713
-3.83697 3.86989 -3.08193
-3.85473 3.86798 -3.03398
-3.86192 3.86723 -3.03763
-3.87913 3.86532 -3.03113
-3.8913 3.86397 -3.03091
-3.90308 3.86274 -3.03752
-3.90915 3.86238 -3.08388
-3.91098 3.86227 -3.0772
-3.9265 3.86115 -3.06957
-3.93466 3.86025 -3.03229
-3.94999 3.85859 -3.03349
-3.97154 3.85659 -3.04895
-3.98751 3.85538 -3.06651
-3.99536 3.85497 -3.08874
-3.99881 3.85485 -3.10842
-4.01468 3.8538 -3.07501
-4.03214 3.85309 -3.10093
-4.04303 3.85286 -3.12059
-4.0582 3.85216 -3.09579
-4.07302 3.85088 -3.0556
-4.08483 3.85021 -3.08438
-4.09683 3.84939 -3.07367
-4.10901 3.84866 -3.08125
-4.12872 3.84795 -3.10572
-4.14159 3.84763 -3.11713
-4.14328 3.84759 -3.11729
-4.15325 3.84731 -3.11347
-4.15118 3.84747 -3.0638
-4.17366 3.84598 -3.07522
-4.19128 3.84601 -3.14359
-4.20675 3.84606 3.13862
-4.21403 3.84641 3.09292
True
0.193863
