4.47258 0.016089 2.611
4.43544 0.0396223 2.57681
4.39624 0.0674139 2.52485
4.35544 0.0948604 2.54939
4.31724 0.127121 2.44027
4.27878 0.159069 2.44841
4.24142 0.191839 2.42157
4.21188 0.217245 2.4313
4.17522 0.251169 2.39497
4.14128 0.283777 2.37613
4.10855 0.318359 2.3287
4.09203 0.339699 2.22955
4.06171 0.379207 2.22551
4.03315 0.419292 2.18977
4.00511 0.458662 2.18967
3.97909 0.501334 2.11845
3.96101 0.532666 2.09403
3.94142 0.56918 2.06328
3.92571 0.601383 2.02471
3.90407 0.643852 2.04209
3.88625 0.684136 1.98719
3.86889 0.723729 1.98405
3.85185 0.760613 2.00349
3.83466 0.796352 2.01914
3.81318 0.841188 2.01753
3.79595 0.877701 2.01174
3.7749 0.923051 2.00548
3.75144 0.967163 2.05958
3.73514 1.0012 2.01728
3.71702 1.04085 1.99949
3.70014 1.08161 1.9635
3.68933 1.11016 1.93267
3.67299 1.15655 1.90951
3.6592 1.19401 1.92354
3.64018 1.24001 1.96279
3.62687 1.26965 1.99293
3.60826 1.3097 2.00564
3.59132 1.34545 2.01347
3.57447 1.38117 2.01159
3.55684 1.41664 2.03204
3.54015 1.45074 2.02605
3.52366 1.48074 2.07312
3.4995 1.52421 2.07812
3.4751 1.56389 2.12215
3.45111 1.60648 2.08378
3.42988 1.64083 2.12425
3.41327 1.67014 2.08652
3.39024 1.71145 2.07927
3.36648 1.75467 2.07356
3.3422 1.79649 2.09678
3.3258 1.82503 2.09232
3.3027 1.86599 2.08441
3.2827 1.90369 2.05845
3.25846 1.94661 2.08498
3.23891 1.98303 2.06332
3.21689 2.02579 2.04648
3.19449 2.07016 2.03829
3.17079 2.11216 2.08441
3.15208 2.14403 2.10175
3.12688 2.18631 2.10821
3.11203 2.21083 2.11562
3.08655 2.25274 2.11704
3.05998 2.29489 2.13323
3.0355 2.33316 2.13987
3.01413 2.3642 2.17366
2.98366 2.40338 2.23171
2.95295 2.44274 2.23337
2.9301 2.47116 2.24824
2.90551 2.50422 2.21026
2.87825 2.54208 2.19475
2.84855 2.5794 2.24308
2.81767 2.61859 2.23817
2.79177 2.64898 2.27643
2.75673 2.68465 2.34734
2.7231 2.72096 2.31789
2.68935 2.75773 2.31349
2.65845 2.78844 2.35923
2.62298 2.8236 2.36053
2.58795 2.85655 2.3868
2.55567 2.88906 2.35251
2.51885 2.92222 2.40845
2.48128 2.95482 2.42694
2.44522 2.98634 2.42344
2.40652 3.018 2.45575
2.37747 3.04133 2.46502
2.3374 3.07118 2.50141
2.29496 3.0976 2.58472
2.25954 3.12179 2.54248
2.21967 3.15038 2.51947
2.18349 3.17955 2.46303
2.14344 3.20816 2.52135
2.1064 3.2359 2.49881
2.06914 3.26529 2.47358
2.03403 3.2936 2.46306
1.99806 3.32108 2.48931
1.96257 3.34748 2.50195
1.93026 3.36883 2.55762
1.89627 3.38957 2.59393
1.86448 3.40756 2.62643
1.83664 3.42473 2.58909
1.79591 3.44971 2.59128
1.7525 3.47082 2.68903
1.70709 3.49176 2.70955
1.66163 3.51242 2.71507
1.61601 3.53289 2.71968
1.57094 3.55454 2.69385
1.52714 3.57361 2.73094
1.48163 3.59002 2.7955
1.43936 3.60412 2.81968
1.3947 3.61645 2.8723
1.3498 3.62833 2.8829
1.30154 3.63818 2.94029
1.26055 3.64775 2.91211
1.21208 3.65986 2.89686
1.16342 3.67135 2.90973
1.12301 3.67938 2.94533
1.08174 3.68663 2.96761
1.03665 3.69635 2.92931
0.993958 3.70609 2.91732
0.949614 3.71677 2.90523
0.900996 3.72826 2.90958
0.854651 3.73854 2.92326
0.813859 3.74733 2.92931
0.76513 3.75807 2.92474
0.720276 3.76781 2.92775
0.674021 3.77695 2.94638
0.631663 3.78515 2.95048
0.58954 3.79266 2.96521
0.540674 3.80296 2.93379
0.491039 3.80857 3.02907
0.442174 3.81265 3.05822
0.392885 3.81784 3.03674
0.347547 3.82067 3.07919
0.303971 3.82473 3.04866
0.268003 3.82859 3.0347
0.223639 3.83112 3.08471
0.178885 3.83552 3.04364
0.133288 3.84001 3.04344
0.0835783 3.84527 3.03615
0.035727 3.85206 3.00056
-0.0134261 3.86032 2.97517
-0.0616856 3.86584 3.02773
-0.108179 3.8708 3.03533
-0.153564 3.87323 3.08797
-0.203196 3.87653 3.07528
-0.234456 3.87792 3.09713
-0.273855 3.87974 3.09542
-0.305865 3.8802 3.12729
-0.345584 3.88114 3.11783
-0.391302 3.88159 3.13187
-0.439485 3.88405 3.09049
-0.488048 3.88814 3.05752
-0.537924 3.89123 3.07988
-0.586674 3.8928 3.10928
-0.633939 3.89577 3.07894
-0.681917 3.89756 3.10431
-0.730959 3.899 3.11207
-0.772719 3.89916 3.13781
-0.820381 3.89963 3.13189
-0.870222 3.90145 3.10496
-0.920039 3.90398 3.09098
-0.969726 3.90543 3.11231
-1.01253 3.90579 3.13327
-1.05743 3.90556 3.14665
-1.10743 3.90543 -3.1389
-1.15695 3.90741 -3.18169
-1.20692 3.90907 3.10838
-1.25156 3.91242 3.06683
-1.29338 3.91498 3.08039
-1.34281 3.91994 3.0415
-1.39256 3.9249 3.04223
-1.44244 3.9283 3.07349
-1.48019 3.931 3.07029
-1.52815 3.9351 3.05633
-1.57778 3.94056 3.03204
-1.6273 3.94391 3.07394
-1.67721 3.9467 3.08576
-1.72704 3.95079 3.05985
-1.77193 3.956 3.02605
-1.81975 3.95936 3.07126
-1.84914 3.9625 3.0353
-1.88672 3.96592 3.05084
-1.93541 3.97054 3.04697
-1.98519 3.97421 3.06812
-2.03293 3.97705 3.08206
-2.06792 3.97896 3.08703
-2.10108 3.98119 3.07441
-2.15101 3.98385 3.08837
-2.19739 3.98536 3.10919
-2.24638 3.98881 3.07112
-2.29518 3.99243 3.06762
-2.34396 3.99609 3.06682
-2.37715 4.00064 3.00505
-2.42484 4.00596 3.03059
-2.4681 4.01243 2.99325
-2.50208 4.01872 2.9583
-2.53567 4.02574 2.93568
-2.57777 4.03541 2.91593
-2.62483 4.04596 2.92089
-2.63988 4.04916 2.93267
-2.67026 4.05578 2.92688
-2.69102 4.06124 2.88426
-2.71168 4.06571 2.92869
-2.72112 4.06763 2.94058
-2.74016 4.07202 2.91531
-2.74828 4.07333 2.98191
-2.76772 4.07574 3.01803
-2.78548 4.07879 2.97177
-2.82469 4.08381 3.01423
-2.86159 4.08765 3.03773
-2.89659 4.09178 3.02429
-2.91003 4.0933 3.02901
-2.92675 4.09437 3.0774
-2.94392 4.09499 3.10548
-2.96942 4.09422 3.17191
-3.00594 4.09176 -3.07423
-3.05509 4.08752 -3.05564
-3.10302 4.0819 -3.02487
-3.1346 4.07844 -3.03258
-3.16352 4.0771 -3.09509
-3.19464 4.07699 -3.13803
-3.22567 4.07725 -3.14997
-3.24113 4.07783 3.10411
-3.25366 4.07788 3.13715
-3.27401 4.07878 3.09763
-3.31057 4.08033 3.09931
-3.34018 4.08214 3.08035
-3.36267 4.08329 3.09047
-3.3882 4.08387 3.1189
-3.40613 4.08398 3.13556
-3.42155 4.0843 3.1211
-3.44676 4.08488 3.11843
-3.4658 4.08471 3.15053
-3.47698 4.08465 -3.13662
-3.48501 4.08509 -3.19617
-3.49477 4.08614 3.03426
-3.50813 4.08807 2.99865
-3.5324 4.09225 2.9711
-3.55564 4.09585 2.98756
-3.57248 4.09898 2.95815
-3.58423 4.10094 2.97623
-3.59821 4.10349 2.96096
-3.60461 4.10431 3.01388
-3.61994 4.10613 3.02355
-3.62769 4.10704 3.02509
-3.63464 4.10795 3.01149
-3.6415 4.10865 3.04005
-3.66496 4.11085 3.04805
-3.68696 4.11332 3.02968
-3.70509 4.11596 2.99707
-3.71672 4.11768 2.99469
-3.72505 4.11866 3.02422
-3.7365 4.11992 3.03231
-3.76006 4.12192 3.05667
-3.76787 4.12229 3.09539
-3.77731 4.12267 3.10088
-3.78433 4.12285 3.11563
-3.79293 4.12312 3.11023
-3.8105 4.1236 3.11413
-3.82413 4.12419 3.09857
-3.83882 4.12462 3.11241
-3.85603 4.12557 3.08653
-3.8668 4.12609 3.09336
-3.87503 4.12645 3.0983
-3.89853 4.12685 3.1244
-3.91213 4.12706 3.12612
-3.92999 4.12761 3.11105
-3.94602 4.12827 3.10023
-3.97399 4.12885 3.12071
-4.00368 4.12939 3.12346
-4.02197 4.12983 3.11768
-4.04441 4.13121 3.07992
-4.05835 4.13233 3.06183
-4.07273 4.13396 3.02884
-4.08172 4.13464 3.06612
-4.10618 4.13605 3.08371
-4.11155 4.1363 3.09605
-4.11507 4.13657 3.0661
-4.12474 4.13764 3.03058
-4.13786 4.13916 3.0266
-4.13742 4.1391 3.01068
-4.14945 4.14084 2.99796
-4.1566 4.1424 2.92655
-4.1792 4.14814 2.89301
-4.19301 4.15331 2.78345
-4.19316 4.15336 2.80946
-4.19907 4.15537 2.81412
-4.20327 4.15662 2.85143
True
0.0647313
