-5.46649 -0.292458 -0.205558
-5.41744 -0.301166 -0.175719
-5.37462 -0.310196 -0.20783
-5.32599 -0.321796 -0.234153
-5.2777 -0.332365 -0.215466
-5.22871 -0.342173 -0.197579
-5.18003 -0.352276 -0.204651
-5.13706 -0.361067 -0.201782
-5.09104 -0.369286 -0.176753
-5.05104 -0.377573 -0.20427
-5.00592 -0.386715 -0.199905
-4.96502 -0.393795 -0.171389
-4.91979 -0.401451 -0.167696
-4.8728 -0.41206 -0.222058
-4.82495 -0.421422 -0.193219
-4.78016 -0.429296 -0.174002
-4.74407 -0.43534 -0.165942
-4.69455 -0.441378 -0.121319
-4.64636 -0.448449 -0.145686
-4.59657 -0.452924 -0.0896443
-4.54792 -0.457993 -0.103828
-4.50571 -0.46419 -0.145746
-4.45691 -0.471389 -0.146482
-4.41688 -0.478394 -0.173207
-4.36921 -0.488494 -0.208807
-4.3275 -0.49885 -0.243362
-4.2892 -0.51036 -0.29192
-4.24607 -0.522744 -0.279607
-4.19805 -0.536314 -0.275425
-4.16123 -0.548493 -0.319432
-4.1184 -0.562739 -0.321104
-4.07142 -0.578044 -0.314949
-4.02416 -0.592625 -0.299286
-3.97754 -0.607673 -0.312178
-3.93919 -0.620998 -0.334416
-3.89745 -0.635106 -0.325951
-3.85269 -0.649774 -0.316696
-3.81013 -0.666412 -0.372604
-3.76501 -0.681843 -0.329591
-3.7198 -0.696759 -0.318633
-3.68005 -0.709681 -0.3143
-3.63167 -0.722125 -0.251763
-3.58353 -0.735598 -0.272882
-3.54159 -0.745789 -0.238418
-3.50011 -0.755341 -0.226319
-3.45586 -0.764835 -0.211336
-3.40767 -0.776665 -0.240735
-3.36037 -0.78765 -0.228209
-3.31437 -0.798477 -0.23116
-3.27515 -0.806168 -0.193653
-3.22863 -0.815641 -0.200853
-3.18239 -0.825349 -0.206966
-3.13338 -0.833872 -0.172182
-3.08874 -0.843325 -0.208679
-3.03989 -0.853294 -0.201298
-2.99295 -0.862482 -0.193308
-2.94444 -0.874592 -0.244645
-2.8959 -0.88622 -0.235115
-2.8486 -0.897048 -0.225045
-2.80011 -0.906883 -0.200104
-2.75114 -0.916777 -0.199342
-2.70226 -0.92672 -0.200669
-2.65331 -0.936361 -0.194482
-2.60692 -0.946236 -0.209755
-2.5611 -0.956379 -0.217849
-2.52167 -0.963208 -0.171496
-2.47684 -0.971452 -0.181855
-2.42805 -0.979653 -0.166525
-2.38926 -0.98795 -0.210726
-2.34033 -0.99746 -0.191968
-2.30711 -1.00368 -0.185086
-2.25833 -1.01443 -0.216855
-2.21012 -1.0243 -0.202029
-2.16092 -1.03232 -0.161544
-2.11184 -1.04152 -0.185239
-2.06254 -1.04961 -0.16279
-2.01809 -1.05788 -0.183913
-1.96862 -1.06463 -0.135605
-1.91978 -1.07137 -0.137028
-1.8707 -1.07737 -0.121783
-1.82155 -1.08647 -0.183064
-1.77419 -1.09483 -0.174671
-1.72516 -1.10455 -0.195777
-1.67711 -1.11358 -0.185695
-1.63168 -1.12127 -0.167621
-1.58223 -1.12828 -0.140897
-1.53884 -1.13493 -0.152097
-1.49219 -1.1433 -0.177524
-1.44411 -1.15471 -0.233027
-1.39844 -1.16422 -0.205306
-1.34979 -1.17405 -0.19928
-1.3066 -1.18273 -0.198392
-1.25866 -1.19451 -0.240836
-1.21816 -1.20438 -0.239093
-1.17234 -1.21587 -0.245803
-1.14744 -1.22311 -0.282839
-1.10031 -1.23555 -0.258044
-1.06331 -1.24462 -0.240481
-1.02168 -1.25327 -0.204824
-0.979799 -1.26207 -0.207024
-0.933879 -1.26931 -0.156463
-0.887685 -1.27641 -0.152396
-0.838399 -1.28445 -0.161761
-0.789373 -1.29352 -0.183051
-0.743885 -1.30144 -0.172231
-0.696362 -1.30928 -0.163628
-0.653915 -1.3153 -0.140873
-0.604454 -1.3222 -0.138603
-0.55487 -1.32848 -0.125886
-0.512337 -1.3339 -0.126885
-0.465435 -1.34244 -0.179978
-0.431445 -1.35032 -0.227878
-0.382967 -1.3619 -0.234386
-0.339967 -1.37266 -0.24529
-0.296415 -1.38033 -0.174433
-0.247685 -1.38828 -0.161543
-0.198368 -1.39645 -0.164313
-0.150214 -1.4049 -0.173602
-0.106607 -1.41257 -0.174138
-0.0579411 -1.42316 -0.214252
-0.00861636 -1.43131 -0.163875
0.0390894 -1.4383 -0.145314
0.0874762 -1.44402 -0.117808
0.137082 -1.44974 -0.114832
0.181562 -1.45469 -0.110815
0.224604 -1.46067 -0.138071
0.273976 -1.46857 -0.158534
0.307404 -1.47464 -0.179721
0.355344 -1.48175 -0.147275
0.404575 -1.4885 -0.136265
0.452788 -1.49414 -0.116388
0.501939 -1.50314 -0.181059
0.550246 -1.51232 -0.187832
0.595169 -1.52202 -0.212773
0.639418 -1.53001 -0.178647
0.675845 -1.53737 -0.19914
0.724109 -1.54899 -0.236329
0.772265 -1.56157 -0.255552
0.812135 -1.57068 -0.224631
0.860806 -1.58206 -0.229762
0.907904 -1.59182 -0.204176
0.956205 -1.60351 -0.237467
1.00431 -1.61426 -0.219922
1.04548 -1.62393 -0.230807
1.08373 -1.63323 -0.238502
1.12911 -1.64535 -0.260994
1.16593 -1.65269 -0.1967
1.21438 -1.66497 -0.248253
1.2571 -1.67494 -0.229072
1.30515 -1.68487 -0.203921
1.35328 -1.69644 -0.235798
1.40086 -1.71039 -0.285324
1.44534 -1.72312 -0.278683
1.49174 -1.7373 -0.29665
1.53938 -1.75242 -0.307259
1.58242 -1.76737 -0.334325
1.62895 -1.7829 -0.322174
1.67297 -1.79882 -0.34694
1.72028 -1.81499 -0.329334
1.75428 -1.82482 -0.281429
1.80197 -1.837 -0.250115
1.84495 -1.84813 -0.253427
1.89214 -1.85977 -0.241724
1.92688 -1.86853 -0.247069
1.97538 -1.88068 -0.245486
2.02349 -1.89429 -0.275748
2.07163 -1.90774 -0.272476
2.11684 -1.91944 -0.253156
2.16533 -1.93142 -0.242245
2.21439 -1.94093 -0.19138
2.26314 -1.95098 -0.203337
2.30835 -1.95928 -0.181679
2.35772 -1.96699 -0.154822
2.40605 -1.97417 -0.147596
2.45286 -1.98112 -0.147305
2.49974 -1.98795 -0.1446
2.54505 -1.99636 -0.183543
2.58727 -2.00335 -0.164063
2.63679 -2.00933 -0.120352
2.68548 -2.01507 -0.117189
2.73456 -2.024 -0.180025
2.77899 -2.03394 -0.220034
2.81608 -2.04269 -0.231704
2.8489 -2.05111 -0.251099
2.89373 -2.06107 -0.218703
2.94251 -2.06927 -0.166519
2.98965 -2.08056 -0.23502
3.03104 -2.09072 -0.240785
3.07942 -2.10316 -0.251604
3.12652 -2.11891 -0.322828
3.17125 -2.13299 -0.304986
3.21859 -2.14551 -0.258517
3.26714 -2.15731 -0.238386
3.31527 -2.16882 -0.23474
3.35352 -2.17816 -0.239611
3.38763 -2.18663 -0.243271
3.43591 -2.19734 -0.218248
3.48437 -2.20801 -0.216732
3.53318 -2.21885 -0.218492
3.58038 -2.22954 -0.222871
3.62468 -2.23969 -0.225143
3.67156 -2.25027 -0.221943
3.71601 -2.25903 -0.194691
3.75448 -2.26746 -0.21568
3.79837 -2.27699 -0.213873
3.83733 -2.28525 -0.208893
3.85705 -2.2893 -0.202221
3.87504 -2.29336 -0.222151
3.89619 -2.29876 -0.249902
3.92855 -2.3063 -0.22902
3.94456 -2.31002 -0.228195
3.96013 -2.31315 -0.198167
3.98053 -2.31755 -0.212504
4.02095 -2.32693 -0.228019
4.04918 -2.3339 -0.242196
4.07159 -2.33958 -0.248297
4.11012 -2.34856 -0.228944
4.14399 -2.3572 -0.249632
4.18003 -2.36662 -0.255636
4.21127 -2.37463 -0.251117
4.24219 -2.38263 -0.253246
4.27867 -2.3907 -0.217786
4.30332 -2.39615 -0.217489
4.33242 -2.4011 -0.168296
4.3554 -2.4051 -0.172304
4.39215 -2.40991 -0.130246
4.42034 -2.41357 -0.129062
4.43884 -2.41639 -0.151115
4.46999 -2.42274 -0.201278
4.51227 -2.43148 -0.203935
4.54549 -2.43762 -0.182747
4.57886 -2.44339 -0.170988
4.61981 -2.45055 -0.17311
4.66066 -2.4571 -0.159104
4.70515 -2.4635 -0.142933
4.7441 -2.46837 -0.124208
4.77299 -2.47177 -0.117196
4.80932 -2.4753 -0.0968183
4.84583 -2.47925 -0.107788
4.87539 -2.48179 -0.0858927
4.90686 -2.48582 -0.127282
4.94198 -2.48983 -0.113591
4.96903 -2.49377 -0.144822
4.99813 -2.49817 -0.149879
5.01537 -2.50092 -0.158453
5.02228 -2.50216 -0.177116
5.03641 -2.50501 -0.199215
5.04487 -2.50681 -0.209561
5.06453 -2.51123 -0.221251
5.07291 -2.51324 -0.235473
5.086 -2.51703 -0.281789
5.09958 -2.52127 -0.302391
5.10655 -2.52332 -0.28672
5.11248 -2.52504 -0.28168
5.12097 -2.52741 -0.272398
5.13303 -2.53063 -0.260993
5.14742 -2.53425 -0.246314
5.1531 -2.53579 -0.264628
5.16212 -2.5385 -0.291544
5.16646 -2.53969 -0.26793
5.18069 -2.54274 -0.211032
5.17473 -2.54124 -0.24662
5.18266 -2.54289 -0.205046
5.18542 -2.54339 -0.179468
5.19031 -2.5439 -0.105559
5.20544 -2.5452 -0.0852947
5.21696 -2.54675 -0.13402
True
0.0684983
