4.47135 -0.0107573 -2.78243
4.43679 -0.0272899 -2.69539
4.40026 -0.0444978 -2.70137
4.37715 -0.0562072 -2.67255
4.33549 -0.0794364 -2.63298
4.29439 -0.107906 -2.53579
4.25824 -0.134628 -2.50498
4.21989 -0.165183 -2.46886
4.18706 -0.192344 -2.45042
4.15169 -0.22147 -2.45277
4.11557 -0.256023 -2.37834
4.08163 -0.292461 -2.32064
4.056 -0.32264 -2.27484
4.03273 -0.351722 -2.24574
4.01108 -0.378191 -2.25642
3.98241 -0.415367 -2.22759
3.96954 -0.433074 -2.19947
3.96027 -0.445785 -2.20098
3.9375 -0.478718 -2.17576
3.92197 -0.500634 -2.18733
3.9121 -0.515187 -2.16673
3.88919 -0.549726 -2.15643
3.86929 -0.580518 -2.1445
3.84538 -0.622142 -2.09223
3.83901 -0.634447 -2.04851
3.81723 -0.679449 -2.02161
3.79846 -0.723197 -1.97603
3.78064 -0.769661 -1.937
3.76316 -0.81574 -1.93327
3.74751 -0.858968 -1.91822
3.73078 -0.906086 -1.91197
3.71434 -0.952902 -1.90857
3.70089 -0.999012 -1.85467
3.68583 -1.04501 -1.88704
3.66801 -1.09173 -1.93518
3.65244 -1.13571 -1.9112
3.64107 -1.16902 -1.89951
3.62479 -1.21571 -1.90631
3.60771 -1.25911 -1.94582
3.59102 -1.30553 -1.91601
3.5748 -1.34836 -1.93263
3.56156 -1.38663 -1.90383
3.54778 -1.4282 -1.8911
3.53324 -1.47394 -1.8785
3.5162 -1.51997 -1.92541
3.5054 -1.54677 -1.95392
3.49472 -1.57457 -1.93751
3.48387 -1.60518 -1.91133
3.46962 -1.64333 -1.92835
3.45376 -1.67992 -1.97973
3.43381 -1.72576 -1.98135
3.41215 -1.77025 -2.02385
3.38855 -1.81433 -2.06238
3.36554 -1.85661 -2.06923
3.34432 -1.89614 -2.06337
3.32357 -1.933 -2.08345
3.30098 -1.97173 -2.09897
3.28559 -1.9961 -2.13387
3.26628 -2.02723 -2.12594
3.24149 -2.07065 -2.0898
3.21886 -2.11517 -2.04098
3.20126 -2.14362 -2.12488
3.18721 -2.16686 -2.11449
3.16227 -2.20739 -2.12239
3.1386 -2.24408 -2.1437
3.1175 -2.27365 -2.19073
3.09342 -2.3071 -2.1947
3.06258 -2.34624 -2.23811
3.04057 -2.37306 -2.25787
3.01283 -2.40538 -2.28011
2.98708 -2.4345 -2.29481
2.95831 -2.46798 -2.28079
2.93445 -2.49448 -2.30372
2.90236 -2.53051 -2.29848
2.86948 -2.5675 -2.2973
2.83659 -2.60489 -2.29245
2.80519 -2.64379 -2.24987
2.77489 -2.67828 -2.29167
2.75181 -2.703 -2.32184
2.72202 -2.73619 -2.30217
2.69415 -2.76682 -2.30921
2.66816 -2.79305 -2.35131
2.64669 -2.81612 -2.32045
2.61611 -2.84645 -2.36038
2.58402 -2.87736 -2.37491
2.54649 -2.90983 -2.42833
2.50967 -2.94288 -2.41007
2.47242 -2.97565 -2.42017
2.4405 -3.00108 -2.4688
2.41828 -3.01851 -2.47638
2.38216 -3.04457 -2.51669
2.36168 -3.05927 -2.51897
2.32073 -3.08794 -2.53078
2.29151 -3.109 -2.51711
2.25094 -3.13792 -2.5222
2.2133 -3.16412 -2.53363
2.18469 -3.184 -2.53425
2.14501 -3.21077 -2.54814
2.10607 -3.23454 -2.59353
2.07081 -3.25752 -2.56395
2.02955 -3.28178 -2.6101
1.99038 -3.30696 -2.57032
1.94722 -3.3318 -2.61934
1.90706 -3.35527 -2.61261
1.86336 -3.37943 -2.63664
1.8193 -3.40297 -2.65087
1.78912 -3.41818 -2.67484
1.74482 -3.44135 -2.65965
1.70189 -3.46172 -2.69855
1.66298 -3.48135 -2.67427
1.61832 -3.50311 -2.68832
1.57301 -3.52424 -2.70516
1.54617 -3.53805 -2.66645
1.50479 -3.55761 -2.6999
1.45862 -3.57681 -2.74767
1.42329 -3.59137 -2.75049
1.37735 -3.60981 -2.76001
1.33053 -3.62731 -2.78384
1.28311 -3.64315 -2.81923
1.24231 -3.65639 -2.82787
1.19457 -3.67116 -2.84158
1.17316 -3.67815 -2.82583
1.13489 -3.69122 -2.81245
1.09509 -3.70373 -2.83715
1.04943 -3.71776 -2.84343
1.01101 -3.72891 -2.8591
0.973293 -3.73991 -2.85794
0.924762 -3.7515 -2.90705
0.876169 -3.76328 -2.90381
0.831157 -3.77234 -2.94292
0.789632 -3.77951 -2.97066
0.746446 -3.78539 -3.00633
0.696921 -3.79202 -3.00838
0.647246 -3.79768 -3.0283
0.598483 -3.80254 -3.04208
0.550751 -3.80959 -2.99498
0.501447 -3.81791 -2.97454
0.458467 -3.82445 -2.99053
0.41344 -3.83155 -2.98511
0.36391 -3.83839 -3.00441
0.317748 -3.84411 -3.01825
0.274906 -3.8483 -3.04423
0.227544 -3.85471 -3.00705
0.182811 -3.85945 -3.03603
0.13847 -3.864 -3.03928
0.0963545 -3.86736 -3.06195
0.0557378 -3.86929 -3.09415
0.0106853 -3.87242 -3.07236
-0.0345634 -3.87503 -3.08392
-0.0651768 -3.87643 -3.09597
-0.106866 -3.87833 -3.09581
-0.15651 -3.87936 -3.12091
-0.203075 -3.87937 -3.14151
-0.250432 -3.88062 -3.11515
-0.283833 -3.88035 -3.14964
-0.333592 -3.87866 3.10768
-0.366093 -3.87582 3.05446
-0.405788 -3.87233 3.05389
-0.449351 -3.86683 3.01595
-0.49892 -3.86029 3.01037
-0.536248 -3.85557 3.01594
-0.580662 -3.84858 2.98539
-0.627934 -3.83904 2.94251
-0.671772 -3.82883 2.91286
-0.719946 -3.81696 2.89998
-0.759834 -3.80537 2.85866
-0.806145 -3.79135 2.84774
-0.853284 -3.7781 2.86754
-0.898593 -3.76464 2.85285
-0.943366 -3.75056 2.83683
-0.983861 -3.73929 2.87028
-1.02278 -3.72991 2.90513
-1.07067 -3.71709 2.87985
-1.1139 -3.70408 2.84929
-1.15046 -3.69299 2.84715
-1.19706 -3.67955 2.86084
-1.24413 -3.667 2.88091
-1.28927 -3.65485 2.8787
-1.33732 -3.64104 2.86171
-1.38568 -3.62882 2.89404
-1.42118 -3.61836 2.85513
-1.46872 -3.60303 2.82965
-1.51528 -3.58511 2.77435
-1.56309 -3.57071 2.84891
-1.60982 -3.55592 2.83519
-1.65437 -3.54182 2.83495
-1.69468 -3.52847 2.82179
-1.7411 -3.51373 2.83404
-1.78829 -3.49758 2.81187
-1.83352 -3.48231 2.81606
-1.87446 -3.46742 2.79284
-1.9159 -3.45144 2.77348
-1.95696 -3.43508 2.76253
-2.00135 -3.41707 2.75616
-2.0477 -3.39849 2.76022
-2.08864 -3.38 2.71737
-2.13285 -3.36442 2.80288
-2.15873 -3.35411 2.76247
-2.20345 -3.3345 2.72824
-2.24557 -3.31559 2.71958
-2.28246 -3.30134 2.77315
-2.32878 -3.28473 2.79718
-2.3707 -3.2699 2.80157
-2.4179 -3.25417 2.82001
-2.45764 -3.23845 2.76476
-2.49332 -3.22385 2.75313
-2.53605 -3.20682 2.76252
-2.58075 -3.1883 2.74883
-2.62154 -3.17522 2.83112
-2.66561 -3.16178 2.84557
-2.70375 -3.14912 2.8213
-2.73594 -3.1396 2.85396
-2.78211 -3.12534 2.84204
-2.82867 -3.11105 2.84375
-2.87272 -3.09743 2.84163
-2.91445 -3.08094 2.76532
-2.94559 -3.06862 2.76501
-2.97465 -3.05774 2.78323
-3.01079 -3.04338 2.76326
-3.04816 -3.02864 2.76598
-3.08165 -3.01393 2.72787
-3.1076 -3.00296 2.74165
-3.14528 -2.98605 2.71961
-3.17799 -2.97243 2.74705
-3.20125 -2.96363 2.77991
-3.23473 -2.95165 2.79791
-3.25827 -2.94278 2.78142
-3.28543 -2.93194 2.7617
-3.31849 -2.91759 2.7322
-3.36085 -2.90036 2.75518
-3.39293 -2.88656 2.73557
-3.43498 -2.86608 2.68839
-3.46943 -2.8497 2.69748
-3.51438 -2.83103 2.74807
-3.54988 -2.81723 2.77076
-3.57017 -2.80928 2.76825
-3.58031 -2.80553 2.78684
-3.59807 -2.79864 2.77167
-3.60246 -2.79689 2.76183
-3.61505 -2.79171 2.75149
-3.62182 -2.78885 2.7419
-3.64258 -2.78027 2.74961
-3.66516 -2.77008 2.7177
-3.69215 -2.75772 2.71228
-3.72762 -2.74144 2.71137
-3.74538 -2.73264 2.68112
-3.76325 -2.72267 2.63281
-3.78909 -2.70691 2.59394
-3.81603 -2.69035 2.59035
-3.84293 -2.67452 2.60989
-3.85853 -2.66621 2.65185
-3.88015 -2.65417 2.6335
-3.88921 -2.64916 2.63685
-3.91024 -2.63764 2.6403
-3.92615 -2.62869 2.62933
-3.94737 -2.61717 2.6439
-3.96526 -2.60885 2.70665
-3.97721 -2.60252 2.65422
-4.00105 -2.59044 2.67251
-4.01502 -2.58332 2.67053
-4.02689 -2.57678 2.63816
-4.03636 -2.57176 2.65418
-4.05569 -2.5622 2.68201
-4.05777 -2.56112 2.66443
-4.06833 -2.55583 2.67743
-4.07703 -2.55098 2.63247
-4.09457 -2.54073 2.61262
-4.09596 -2.5399 2.60889
-4.10249 -2.53623 2.62953
-4.10598 -2.53443 2.66474
-4.10907 -2.53288 2.67639
-4.119 -2.52763 2.65553
-4.13068 -2.52192 2.68646
-4.14005 -2.5178 2.72771
-4.14293 -2.51658 2.74149
-4.14527 -2.51567 2.76955
-4.16258 -2.50971 2.80986
-4.17177 -2.50676 2.8316
-4.18244 -2.50366 2.85845
-4.1844 -2.50314 2.88415
-4.20067 -2.4996 2.9272
-4.20511 -2.49863 2.92676
-4.21386 -2.49701 2.95873
-4.21505 -2.4968 2.96108
-4.22338 -2.49506 2.93656
-4.22762 -2.49388 2.86906
-4.2301 -2.49308 2.8288
-4.23148 -2.49257 2.79199
-4.23884 -2.48942 2.73639
-4.24285 -2.48784 2.76679
True
0.0661736
