-5.48617 0.171766 0.0695541
-5.45249 0.172968 0.0356797
-5.41972 0.175274 0.0702416
-5.36978 0.177791 0.0503668
-5.32712 0.180523 0.0639479
-5.27731 0.182966 0.0490138
-5.23053 0.184474 0.0322126
-5.18871 0.182551 -0.0459447
-5.14007 0.179002 -0.0728474
-5.09109 0.173063 -0.120648
-5.04658 0.168611 -0.099695
-4.99732 0.161394 -0.145479
-4.94981 0.155061 -0.132494
-4.90313 0.150755 -0.0920178
-4.8583 0.148506 -0.0501202
-4.8111 0.146672 -0.0388311
-4.76144 0.144601 -0.0416714
-4.71648 0.145434 0.0185122
-4.67323 0.146477 0.0241186
-4.62358 0.148869 0.0481334
-4.57456 0.153063 0.0853452
-4.53429 0.156474 0.0845105
-4.49859 0.161136 0.129866
-4.44928 0.164338 0.0648283
-4.40588 0.165265 0.0213577
-4.3644 0.166276 0.0243699
-4.31715 0.168711 0.0515008
-4.26848 0.169465 0.0154821
-4.21924 0.171577 0.0428576
-4.16951 0.173187 0.0323625
-4.12132 0.174897 0.0354727
-4.07171 0.172872 -0.0407994
-4.02204 0.170426 -0.0492114
-3.97211 0.16891 -0.030344
-3.93224 0.168526 -0.00963262
-3.88245 0.165367 -0.0633671
-3.83357 0.163667 -0.0347574
-3.78464 0.163026 -0.0131093
-3.74091 0.161583 -0.0329738
-3.69093 0.161483 -0.00201559
-3.64375 0.160354 -0.0239256
-3.59425 0.162766 0.0486998
-3.54521 0.163155 0.00792662
-3.49557 0.163702 0.0110175
-3.44629 0.164875 0.023791
-3.39663 0.164337 -0.0108267
-3.34911 0.165272 0.0196873
-3.29935 0.166613 0.0269273
-3.2643 0.16979 0.0904211
-3.21798 0.173637 0.0828373
-3.1688 0.17425 0.0124766
-3.1242 0.175437 0.0265971
-3.07435 0.174551 -0.0177634
-3.02441 0.174421 -0.00261847
-2.98636 0.17444 0.000517922
-2.93971 0.175174 0.0157169
-2.89029 0.177242 0.0418246
-2.84723 0.180122 0.06678
-2.79798 0.184608 0.0908512
-2.74925 0.187804 0.0654805
-2.70048 0.191065 0.0667746
-2.65852 0.193635 0.0611557
-2.60876 0.1974 0.0755296
-2.55966 0.202001 0.093428
-2.51001 0.207039 0.101127
-2.46495 0.210444 0.0754413
-2.42981 0.211973 0.0434545
-2.38726 0.217257 0.123553
-2.33749 0.221737 0.0897682
-2.28954 0.227257 0.114637
-2.24583 0.23139 0.094255
-2.19655 0.235801 0.0892668
-2.15915 0.238394 0.069226
-2.11474 0.240258 0.041955
-2.06494 0.243905 0.0731025
-2.01525 0.247686 0.0759416
-1.96582 0.251841 0.0838675
-1.91623 0.255193 0.0674821
-1.86915 0.260251 0.107031
-1.82465 0.264532 0.0958973
-1.77501 0.270139 0.112482
-1.72559 0.275795 0.113956
-1.67853 0.280107 0.0913777
-1.63197 0.284423 0.0924116
-1.58527 0.287971 0.0758455
-1.53578 0.291293 0.0670242
-1.49113 0.295681 0.0979484
-1.44222 0.301269 0.113775
-1.39527 0.306836 0.118011
-1.35143 0.311343 0.102444
-1.30256 0.315807 0.0910859
-1.26334 0.319445 0.0924929
-1.22602 0.320501 0.0282838
-1.18123 0.323064 0.0571723
-1.13671 0.32406 0.022361
-1.09624 0.327687 0.0893885
-1.04675 0.334461 0.136046
-1.00576 0.34126 0.164324
-0.957972 0.348785 0.156206
-0.911379 0.357901 0.193218
-0.863218 0.364994 0.146215
-0.813862 0.371653 0.134119
-0.767012 0.378097 0.136675
-0.720983 0.383251 0.111518
-0.682507 0.388114 0.125705
-0.633558 0.390443 0.0475497
-0.589802 0.39509 0.105811
-0.540232 0.399634 0.0914041
-0.490791 0.400653 0.0206081
-0.443764 0.401399 0.0158719
-0.394972 0.400845 -0.0113635
-0.349905 0.40025 -0.0131836
-0.300348 0.39965 -0.0121088
-0.250863 0.400172 0.0105443
-0.206798 0.400245 0.0016543
-0.159431 0.401241 0.0210261
-0.109534 0.404305 0.0613288
-0.0598321 0.407373 0.0616519
-0.0186216 0.408634 0.0305908
0.0304811 0.40959 0.0194716
0.0803411 0.412095 0.0501995
0.13033 0.411582 -0.0102767
0.180281 0.410587 -0.0199085
0.229788 0.410878 0.00587036
0.268729 0.412594 0.0440465
0.31294 0.415034 0.0551209
0.361123 0.418716 0.0762888
0.409085 0.424077 0.111294
0.456394 0.427909 0.0808241
0.505925 0.432624 0.094921
0.549379 0.437331 0.107902
0.597779 0.444345 0.1439
0.642995 0.451802 0.163451
0.692084 0.461263 0.190396
0.741213 0.467347 0.123225
0.79027 0.473134 0.117424
0.839488 0.481781 0.173911
0.884286 0.490282 0.187529
0.93285 0.50101 0.217406
0.968914 0.505958 0.136342
1.01403 0.512998 0.154807
1.05813 0.51812 0.115615
1.10351 0.522178 0.0891902
1.15057 0.528644 0.136549
1.19521 0.536191 0.167456
1.23564 0.541223 0.123862
1.27707 0.546442 0.125298
1.32287 0.552532 0.132181
1.37252 0.557655 0.102822
1.41173 0.561916 0.108252
1.45532 0.56728 0.122433
1.50402 0.573557 0.128186
1.55187 0.582453 0.183829
1.60005 0.589899 0.15333
1.64883 0.596055 0.125526
1.69867 0.599695 0.0729139
1.74403 0.604166 0.0982458
1.79339 0.609271 0.103054
1.83211 0.615858 0.168505
1.87481 0.619693 0.0895606
1.91971 0.627129 0.164123
1.96809 0.634607 0.153375
2.00767 0.640655 0.151612
2.05648 0.648379 0.156958
2.1059 0.655946 0.151942
2.1508 0.663087 0.157703
2.2002 0.670064 0.140319
2.24979 0.676347 0.126013
2.29229 0.683286 0.161869
2.34039 0.690322 0.145241
2.38527 0.697618 0.161152
2.43452 0.703146 0.111774
2.48018 0.708155 0.109278
2.52363 0.715096 0.158392
2.56177 0.72363 0.220128
2.59837 0.731096 0.201225
2.64488 0.739008 0.168504
2.6903 0.745969 0.152098
2.73335 0.752883 0.159218
2.776 0.761548 0.200441
2.8246 0.772943 0.230305
2.87244 0.782125 0.189622
2.91208 0.788272 0.153844
2.95861 0.795954 0.163628
3.00507 0.805121 0.194791
3.0496 0.812882 0.172585
3.0993 0.817817 0.0989661
3.14877 0.823057 0.105515
3.19861 0.826845 0.0758688
3.24772 0.834562 0.155862
3.29281 0.841748 0.158008
3.33809 0.848277 0.143213
3.38734 0.856291 0.161302
3.43378 0.867758 0.242108
3.48 0.877161 0.200695
3.51561 0.882303 0.143395
3.56331 0.886976 0.0976734
3.60774 0.889241 0.0509135
3.62455 0.891543 0.136141
3.64451 0.894047 0.124816
3.67488 0.89782 0.123604
3.68257 0.898604 0.101603
3.69983 0.900406 0.104002
3.72289 0.901315 0.0393882
3.7646 0.900687 -0.0150585
3.77709 0.900601 -0.00685028
3.80785 0.899934 -0.0216829
3.83538 0.901085 0.0417797
3.85421 0.902523 0.0761786
3.87492 0.903314 0.038214
3.89602 0.903417 0.00486374
3.92467 0.903601 0.00640831
3.95226 0.902686 -0.033121
3.98298 0.901354 -0.0433207
4.00514 0.900272 -0.0488017
4.04276 0.898494 -0.0472362
4.08903 0.897157 -0.0288859
4.12797 0.896752 -0.0104001
4.16977 0.896529 -0.00533094
4.20221 0.896587 0.00177124
4.22058 0.896411 -0.00954429
4.24091 0.895378 -0.050801
4.25524 0.894353 -0.0714221
4.2735 0.892839 -0.0826916
4.29371 0.892499 -0.0168344
4.316 0.892125 -0.0167841
4.32833 0.892448 0.0261927
4.33809 0.892923 0.0486161
4.36127 0.895018 0.0901534
4.38584 0.897029 0.0816596
4.40095 0.898346 0.0869869
4.4245 0.902133 0.159426
4.44543 0.905388 0.154273
4.47532 0.908694 0.110151
4.50455 0.911436 0.093534
4.53265 0.914801 0.119204
4.54693 0.917005 0.153118
4.56228 0.919755 0.177258
4.5804 0.923992 0.229691
4.60448 0.929731 0.233967
4.6157 0.932075 0.206014
4.63671 0.935644 0.16829
4.66418 0.939614 0.143493
4.6842 0.942345 0.135544
4.697 0.943657 0.102145
4.70965 0.94457 0.072104
4.7246 0.945806 0.0825057
4.73535 0.946645 0.0778749
4.74902 0.947753 0.0808685
4.77545 0.949838 0.0787348
4.78832 0.950618 0.06049
4.81289 0.951668 0.042702
4.84738 0.952673 0.0291253
4.85922 0.952739 0.00560602
4.87452 0.953244 0.0329774
4.89108 0.953454 0.0127024
4.91753 0.953943 0.0184796
4.93751 0.954129 0.00929199
4.9597 0.955626 0.0673853
4.96984 0.956142 0.0508813
4.98756 0.956792 0.0366208
4.99454 0.956931 0.0199923
5.00963 0.956379 -0.036544
5.01734 0.956051 -0.0425834
5.02954 0.95522 -0.0679273
5.03853 0.954208 -0.112125
5.05021 0.952849 -0.115832
5.06413 0.951233 -0.11562
5.07839 0.950148 -0.0759462
5.0896 0.949948 -0.0177675
5.09881 0.950152 0.0220673
5.10874 0.950117 -0.0035055
5.11581 0.950217 0.0141401
5.12146 0.950546 0.0581615
5.13597 0.950358 -0.0129574
5.14912 0.950241 -0.00883712
5.16352 0.949467 -0.0537182
5.17286 0.949201 -0.0284916
5.17936 0.949106 -0.0146835
5.19103 0.949571 0.039895
5.20348 0.950399 0.0663783
True
0.0653709
