-5.48984 -1.93722 0.273132
-5.4498 -1.92646 0.262358
-5.40792 -1.91618 0.240836
-5.36295 -1.90523 0.238804
-5.31674 -1.89332 0.252119
-5.27731 -1.88271 0.262942
-5.23051 -1.86621 0.339048
-5.18332 -1.84993 0.332112
-5.13642 -1.83295 0.347401
-5.089 -1.81745 0.31584
-5.04241 -1.80187 0.322774
-4.99551 -1.78587 0.328811
-4.94787 -1.77097 0.303012
-4.90398 -1.75774 0.292818
-4.85669 -1.74466 0.269974
-4.8096 -1.73287 0.245271
-4.76597 -1.72259 0.23129
-4.71957 -1.71001 0.264882
-4.67213 -1.69451 0.315653
-4.62543 -1.67954 0.31036
-4.58627 -1.6664 0.323587
-4.54009 -1.65086 0.324611
-4.50348 -1.63608 0.383817
-4.46102 -1.61953 0.371664
-4.41506 -1.59991 0.403391
-4.37268 -1.58282 0.383373
-4.32569 -1.56653 0.333702
-4.27887 -1.54965 0.345959
-4.23133 -1.5342 0.314283
-4.18487 -1.52021 0.292416
-4.1437 -1.50893 0.267551
-4.10669 -1.49983 0.241109
-4.06333 -1.48872 0.250815
-4.02293 -1.48055 0.199451
-3.97439 -1.46855 0.242383
-3.92739 -1.4597 0.186116
-3.89322 -1.45457 0.149029
-3.84407 -1.44858 0.121257
-3.79746 -1.44255 0.128635
-3.74761 -1.43896 0.0718958
-3.69823 -1.43671 0.0455114
-3.66013 -1.43577 0.0247246
-3.61087 -1.43402 0.0354357
-3.56461 -1.43164 0.0515365
-3.52822 -1.43033 0.0358093
-3.47899 -1.43051 -0.00359314
-3.42903 -1.42848 0.0406509
-3.37943 -1.42664 0.0369935
-3.32947 -1.42571 0.0185856
-3.28384 -1.42626 -0.0118844
-3.26285 -1.42646 -0.00949159
-3.22598 -1.42767 -0.032956
-3.18047 -1.42616 0.0332481
-3.13065 -1.42496 0.0240101
-3.08072 -1.42466 0.00607908
-3.03353 -1.4235 0.0244925
-2.98399 -1.42611 -0.0526814
-2.93625 -1.42788 -0.0369717
-2.88768 -1.42984 -0.040393
-2.8461 -1.43442 -0.109707
-2.80844 -1.43858 -0.109913
-2.77056 -1.43934 -0.0199988
-2.7368 -1.44024 -0.0266042
-2.6877 -1.44155 -0.0267538
-2.63778 -1.44282 -0.0255005
-2.58779 -1.44223 0.0118551
-2.55079 -1.44098 0.0338787
-2.50209 -1.43865 0.0476626
-2.45279 -1.43727 0.027961
-2.403 -1.43771 -0.00866991
-2.35728 -1.43678 0.0202116
-2.31474 -1.43323 0.0832048
-2.26578 -1.43182 0.0289089
-2.22835 -1.42862 0.0852215
-2.18159 -1.42606 0.0546016
-2.13613 -1.42272 0.0733402
-2.09342 -1.42187 0.0199605
-2.04361 -1.4207 0.0235943
-1.99362 -1.42179 -0.0219355
-1.9492 -1.42176 0.000676552
-1.90769 -1.42214 -0.00909324
-1.8579 -1.42445 -0.0463721
-1.80829 -1.4259 -0.0291601
-1.77761 -1.42614 -0.00774039
-1.73183 -1.4258 0.00741569
-1.68227 -1.42284 0.0595419
-1.6323 -1.4212 0.0327438
-1.60043 -1.42061 0.0186156
-1.55313 -1.41945 0.0246325
-1.50342 -1.41469 0.0952973
-1.45347 -1.41294 0.0350511
-1.40536 -1.40992 0.0627977
-1.35601 -1.40391 0.121201
-1.307 -1.39869 0.105976
-1.2576 -1.39247 0.12537
-1.21377 -1.38563 0.15483
-1.16685 -1.37664 0.189297
-1.12183 -1.36627 0.226413
-1.07573 -1.35555 0.228348
-1.02954 -1.3426 0.273436
-0.985372 -1.32765 0.326306
-0.938519 -1.31438 0.276111
-0.899201 -1.30107 0.326306
-0.85461 -1.28512 0.34349
-0.816041 -1.27394 0.282265
-0.768017 -1.26026 0.27751
-0.72218 -1.24616 0.298401
-0.675581 -1.2299 0.335638
-0.629137 -1.21262 0.35631
-0.587687 -1.19591 0.383201
-0.539988 -1.18101 0.302652
-0.494581 -1.16485 0.341927
-0.455217 -1.15033 0.353339
-0.413266 -1.13535 0.343033
-0.375473 -1.12139 0.353751
-0.341424 -1.10899 0.349413
-0.305107 -1.09342 0.404953
-0.259589 -1.07381 0.406821
-0.213632 -1.05429 0.401611
-0.167969 -1.03392 0.419588
-0.122242 -1.01372 0.415954
-0.0817238 -0.998722 0.354607
-0.0412471 -0.9815 0.402279
0.00523319 -0.963386 0.371598
0.0469613 -0.946273 0.389202
0.0907453 -0.930568 0.34439
0.137441 -0.912862 0.362438
0.166555 -0.901487 0.372449
0.208665 -0.885674 0.359226
0.254668 -0.869332 0.341332
0.300832 -0.85341 0.332131
0.346882 -0.837372 0.33514
0.392867 -0.82329 0.297159
0.441063 -0.809988 0.269287
0.488316 -0.795436 0.298747
0.535949 -0.780392 0.305925
0.581204 -0.765992 0.308071
0.625309 -0.752755 0.291568
0.670926 -0.739084 0.291165
0.719019 -0.726215 0.261464
0.762677 -0.716459 0.219854
0.810552 -0.705574 0.223568
0.849046 -0.697033 0.218325
0.888347 -0.686709 0.256904
0.936762 -0.676334 0.21109
0.976345 -0.668161 0.203625
1.01808 -0.660186 0.1888
1.05675 -0.651837 0.212635
1.0971 -0.64142 0.252632
1.14292 -0.627687 0.291241
1.17997 -0.616627 0.290025
1.22117 -0.603899 0.299635
1.26802 -0.590567 0.277302
1.31336 -0.578401 0.262124
1.36102 -0.5639 0.295371
1.38967 -0.554577 0.314549
1.43627 -0.538896 0.324591
1.48294 -0.521083 0.364641
1.52962 -0.504522 0.340934
1.57354 -0.486277 0.393733
1.61587 -0.46817 0.404214
1.6587 -0.450547 0.390286
1.69746 -0.434576 0.390865
1.74446 -0.417656 0.345583
1.78975 -0.398505 0.400039
1.83392 -0.380232 0.392283
1.87866 -0.362649 0.374422
1.92264 -0.344583 0.389782
1.96601 -0.326742 0.39026
2.00086 -0.311051 0.423079
2.04664 -0.291327 0.406763
2.0922 -0.270743 0.424377
2.13645 -0.252613 0.388839
2.17841 -0.233521 0.427034
2.22417 -0.21492 0.386069
2.26959 -0.196407 0.387034
2.3112 -0.179734 0.381174
2.35663 -0.161776 0.376414
2.40172 -0.1444 0.367834
2.44525 -0.128175 0.356768
2.49147 -0.109248 0.388649
2.5368 -0.0907845 0.386823
2.57712 -0.0739394 0.395717
2.62244 -0.0530143 0.432597
2.66741 -0.0333575 0.412071
2.71228 -0.0138994 0.409189
2.75467 0.00641138 0.446807
2.80007 0.0273514 0.432174
2.84161 0.0459963 0.421822
2.88855 0.0630553 0.348602
2.9322 0.0771753 0.312842
2.97491 0.0914653 0.322876
3.01918 0.107307 0.343676
3.06179 0.124292 0.379272
3.10466 0.140458 0.360609
3.13888 0.151309 0.307092
3.18624 0.166018 0.301135
3.23436 0.179583 0.274763
3.27938 0.194503 0.320006
3.32158 0.208897 0.328748
3.36396 0.225443 0.372236
3.40125 0.240694 0.388196
3.44088 0.25674 0.384675
3.48246 0.274008 0.393696
3.52317 0.289171 0.356474
3.56613 0.305993 0.373262
3.60118 0.319244 0.361425
3.63567 0.332441 0.365438
3.67631 0.348351 0.373138
3.71246 0.362006 0.361163
3.75412 0.377292 0.351687
3.78286 0.387702 0.347568
3.82214 0.402871 0.368465
3.85794 0.416781 0.370641
3.89794 0.432315 0.370378
3.93286 0.445135 0.351906
3.95974 0.455675 0.373636
4.00194 0.473744 0.404558
4.04405 0.491154 0.392065
4.08372 0.506245 0.363509
4.12921 0.523517 0.362853
4.16155 0.537337 0.403895
4.17651 0.544221 0.431283
4.19465 0.552141 0.411578
4.21847 0.562903 0.424446
4.2488 0.577105 0.43791
4.27781 0.590418 0.430154
4.30601 0.602805 0.413905
4.34397 0.619298 0.409946
4.36676 0.630995 0.474131
4.40809 0.650721 0.445253
4.44694 0.669733 0.455172
4.48077 0.687136 0.475056
4.51452 0.704986 0.486575
4.5421 0.72036 0.508412
4.56202 0.732103 0.53268
4.57884 0.742187 0.540035
4.60284 0.756942 0.551373
4.62621 0.771353 0.552477
4.64894 0.784436 0.522218
4.69084 0.810649 0.559084
4.72409 0.831255 0.554772
4.75421 0.849997 0.556636
4.77502 0.862215 0.530867
4.81462 0.887086 0.560864
4.81992 0.890321 0.547254
4.83017 0.896569 0.547711
4.84463 0.904214 0.486413
4.87176 0.916479 0.424558
4.89607 0.927776 0.435051
4.92155 0.939817 0.441434
4.93643 0.946593 0.427238
4.96811 0.960772 0.420861
4.99367 0.972759 0.438445
5.0095 0.981034 0.481651
5.01391 0.983434 0.498628
5.02979 0.992071 0.498117
5.0439 0.999915 0.507324
5.05589 1.00628 0.48834
5.06202 1.00929 0.456662
5.0867 1.02365 0.527068
5.10095 1.0321 0.535072
5.10711 1.03593 0.55635
5.1123 1.03906 0.541971
5.12149 1.04478 0.556756
5.12927 1.04988 0.580194
5.14382 1.06039 0.625773
5.15704 1.06967 0.611951
5.16093 1.07217 0.571887
5.16654 1.07604 0.60343
5.18125 1.08615 0.602207
5.1878 1.09119 0.655632
5.19901 1.09966 0.647203
5.20744 1.1057 0.62154
5.21399 1.11033 0.614926
5.22351 1.11687 0.602537
5.23203 1.1233 0.645818
5.23046 1.12211 0.648302
5.23751 1.12796 0.692914
5.25168 1.14014 0.709792
5.2606 1.14768 0.701696
5.27149 1.15666 0.689747
True
0.257248
