4.47967 -0.00633874 -2.8394
4.44605 -0.0176877 -2.81597
4.43355 -0.0221707 -2.79748
4.4282 -0.0242921 -2.76402
4.41894 -0.0286992 -2.69716
4.39015 -0.0472385 -2.5695
4.34838 -0.074671 -2.56053
4.31064 -0.10456 -2.47172
4.27247 -0.133696 -2.48965
4.25143 -0.151345 -2.44354
4.22579 -0.175234 -2.39147
4.21367 -0.187178 -2.36362
4.17827 -0.221729 -2.36831
4.1453 -0.257146 -2.32046
4.11707 -0.289735 -2.28469
4.0968 -0.316108 -2.22604
4.07091 -0.355833 -2.14846
4.04433 -0.396503 -2.14965
4.02596 -0.429349 -2.08062
4.00698 -0.465484 -2.05439
3.9947 -0.489891 -2.03708
3.98545 -0.507231 -2.06067
3.96272 -0.551742 -2.04304
3.94466 -0.5926 -1.98686
3.92693 -0.633598 -1.97909
3.91568 -0.663205 -1.934
3.89905 -0.709061 -1.9186
3.88596 -0.744444 -1.92524
3.873 -0.780656 -1.91451
3.85769 -0.828242 -1.88205
3.84502 -0.871015 -1.85878
3.83402 -0.905024 -1.88343
3.82711 -0.928769 -1.85414
3.81485 -0.972562 -1.84383
3.80456 -1.00837 -1.85053
3.79171 -1.05503 -1.83956
3.77996 -1.09838 -1.83549
3.76819 -1.14685 -1.80904
3.75975 -1.17541 -1.85802
3.74906 -1.21169 -1.8573
3.73471 -1.2595 -1.86234
3.71958 -1.30266 -1.90815
3.70662 -1.33607 -1.94061
3.69064 -1.37947 -1.92362
3.676 -1.42175 -1.90434
3.65998 -1.46362 -1.93622
3.64395 -1.51029 -1.90162
3.62802 -1.55502 -1.91291
3.61439 -1.59295 -1.91583
3.59798 -1.63475 -1.94485
3.58104 -1.68163 -1.91757
3.56541 -1.72461 -1.91947
3.54942 -1.77198 -1.89648
3.53715 -1.80591 -1.91755
3.52421 -1.844 -1.89835
3.50577 -1.89029 -1.94988
3.49117 -1.92606 -1.95846
3.46916 -1.97088 -2.02725
3.44792 -2.01463 -2.02267
3.42668 -2.05258 -2.08107
3.40431 -2.09167 -2.09062
3.37947 -2.12901 -2.15784
3.35674 -2.16363 -2.1517
3.33456 -2.19634 -2.16662
3.30775 -2.23565 -2.16943
3.27894 -2.27652 -2.18485
3.25102 -2.31758 -2.16789
3.22785 -2.35446 -2.13166
3.20719 -2.38791 -2.12415
3.18453 -2.4219 -2.1589
3.16078 -2.45585 -2.18105
3.13464 -2.49673 -2.13977
3.10842 -2.53926 -2.12316
3.08204 -2.58133 -2.13094
3.05452 -2.62296 -2.15497
3.02889 -2.65561 -2.23631
2.99783 -2.69429 -2.24723
2.96983 -2.72498 -2.31048
2.94015 -2.75796 -2.3036
2.91408 -2.7857 -2.32525
2.88396 -2.81793 -2.32221
2.84856 -2.85323 -2.35775
2.81496 -2.88586 -2.37076
2.77831 -2.91851 -2.41394
2.74206 -2.95221 -2.39255
2.70264 -2.98202 -2.49407
2.67017 -3.00757 -2.47488
2.63029 -3.03772 -2.49442
2.59868 -3.06168 -2.49295
2.57325 -3.0795 -2.53028
2.53589 -3.10464 -2.54929
2.49746 -3.13405 -2.48843
2.45804 -3.1608 -2.54533
2.41818 -3.19098 -2.49353
2.3801 -3.21618 -2.55709
2.34233 -3.24111 -2.55812
2.31064 -3.26098 -2.58144
2.269 -3.28866 -2.55493
2.22647 -3.31495 -2.58805
2.18778 -3.34013 -2.56459
2.15332 -3.36366 -2.54248
2.113 -3.39094 -2.54675
2.0731 -3.4174 -2.55612
2.0391 -3.43753 -2.60684
1.99678 -3.46228 -2.61251
1.96997 -3.4775 -2.62538
1.93058 -3.5005 -2.61287
1.89796 -3.51878 -2.63098
1.8535 -3.54091 -2.67973
1.81953 -3.55638 -2.71424
1.77693 -3.57722 -2.68666
1.73363 -3.60045 -2.64913
1.69095 -3.62391 -2.63889
1.65237 -3.64275 -2.68747
1.60844 -3.66423 -2.6867
1.5711 -3.68131 -2.71266
1.54063 -3.69494 -2.72095
1.5024 -3.71154 -2.73196
1.4591 -3.729 -2.75833
1.41244 -3.7467 -2.77898
1.3666 -3.76193 -2.82086
1.32119 -3.77669 -2.82737
1.28104 -3.78944 -2.83401
1.2482 -3.79958 -2.84202
1.20097 -3.81598 -2.80755
1.15576 -3.83199 -2.80119
1.10832 -3.84404 -2.89279
1.06146 -3.85686 -2.8746
1.01535 -3.87037 -2.85655
0.974007 -3.88182 -2.8714
0.927785 -3.8933 -2.89827
0.889116 -3.90339 -2.88638
0.840621 -3.91455 -2.91526
0.793198 -3.92349 -2.95529
0.75712 -3.92979 -2.96887
0.712032 -3.93742 -2.97382
0.663954 -3.94748 -2.93545
0.618358 -3.95501 -2.97778
0.578564 -3.96084 -2.99614
0.55049 -3.96382 -3.03583
0.501565 -3.96855 -3.04517
0.460302 -3.97133 -3.07433
0.410666 -3.97582 -3.05142
0.365569 -3.97953 -3.05965
0.318493 -3.98354 -3.05645
0.270524 -3.98821 -3.04456
0.230223 -3.99023 -3.09157
0.192346 -3.99357 -3.05357
0.142612 -3.9987 -3.03879
0.0926836 -4.00068 -3.10204
0.0516228 -4.00356 -3.07152
0.00399793 -4.00524 -3.10646
-0.0369852 -4.00543 -3.13676
-0.0860077 -4.00446 -3.16137
-0.128122 -4.00536 3.16277
-0.163457 -4.00666 -3.10469
-0.212983 -4.00793 -3.11596
-0.262943 -4.00693 -3.16167
-0.312202 -4.00469 3.09612
-0.359071 -4.00486 3.1454
-0.40878 -4.00267 -3.18574
-0.452101 -4.00006 3.08139
-0.50157 -3.99649 3.06964
-0.551509 -3.99432 3.09811
-0.60006 -3.99018 3.05649
-0.636571 -3.9869 3.05203
-0.681735 -3.98097 3.01111
-0.719235 -3.97675 3.02939
-0.768838 -3.97051 3.01644
-0.81697 -3.9626 2.9787
-0.866672 -3.95716 3.03259
-0.911976 -3.95033 2.99201
-0.959441 -3.9441 3.01108
-1.00167 -3.93736 2.98334
-1.03428 -3.93275 3.00134
-1.08349 -3.92464 2.97817
-1.13202 -3.91579 2.96127
-1.17654 -3.90857 2.98082
-1.22328 -3.89972 2.95435
-1.27097 -3.89085 2.95784
-1.31217 -3.88102 2.90728
-1.3494 -3.87211 2.90668
-1.39776 -3.85992 2.89461
-1.44177 -3.8496 2.91133
-1.49079 -3.83976 2.94356
-1.53628 -3.82764 2.88119
-1.58358 -3.81241 2.83012
-1.63067 -3.79633 2.81247
-1.67018 -3.78106 2.77283
-1.70618 -3.76794 2.79202
-1.74918 -3.74887 2.72424
-1.7957 -3.73055 2.76636
-1.84147 -3.71044 2.72763
-1.88741 -3.69074 2.73646
-1.92368 -3.6746 2.72295
-1.9675 -3.65479 2.717
-2.0105 -3.63582 2.72607
-2.05288 -3.61486 2.68235
-2.09867 -3.59494 2.73116
-2.14358 -3.5745 2.71457
-2.18935 -3.5544 2.72775
-2.2333 -3.5341 2.7089
-2.27784 -3.51515 2.73936
-2.3225 -3.49288 2.67902
-2.36349 -3.47197 2.6699
-2.40551 -3.44967 2.65362
-2.44099 -3.43292 2.70051
-2.48201 -3.41457 2.72111
-2.50569 -3.40322 2.69456
-2.54894 -3.38243 2.69356
-2.58737 -3.36247 2.6625
-2.62448 -3.34599 2.72355
-2.66156 -3.33044 2.74469
-2.70685 -3.31125 2.74081
-2.74249 -3.29608 2.73912
-2.77979 -3.27994 2.73317
-2.80649 -3.26538 2.64248
-2.83096 -3.25249 2.65666
-2.87459 -3.23063 2.67707
-2.90031 -3.2172 2.66039
-2.92225 -3.20578 2.66164
-2.95615 -3.1879 2.65632
-2.99214 -3.16868 2.65106
-3.02536 -3.15134 2.66043
-3.05675 -3.13596 2.68605
-3.08587 -3.12311 2.72615
-3.11627 -3.1093 2.71499
-3.15212 -3.09289 2.71254
-3.18544 -3.07586 2.66898
-3.22184 -3.05756 2.67572
-3.24753 -3.04435 2.66674
-3.27775 -3.02864 2.66221
-3.30535 -3.01522 2.68907
-3.34151 -2.99823 2.70238
-3.38148 -2.97932 2.69967
-3.41575 -2.96434 2.72941
-3.44398 -2.95059 2.68837
-3.47198 -2.93712 2.69302
-3.50204 -2.9212 2.65467
-3.53117 -2.90619 2.6659
-3.56495 -2.88893 2.66926
-3.58746 -2.87816 2.69516
-3.5977 -2.87319 2.6901
-3.61646 -2.86406 2.68856
-3.64499 -2.85019 2.68897
-3.67259 -2.83617 2.67149
-3.69478 -2.82456 2.65961
-3.71784 -2.81111 2.61359
-3.74149 -2.79678 2.59702
-3.76727 -2.78117 2.59719
-3.78687 -2.76791 2.54672
-3.81031 -2.75164 2.53475
-3.83332 -2.7356 2.53256
-3.85562 -2.72007 2.53353
-3.86917 -2.71105 2.55403
-3.88752 -2.69894 2.55837
-3.90165 -2.68991 2.57302
-3.92914 -2.67138 2.54838
-3.93433 -2.6677 2.52476
-3.94207 -2.66202 2.50902
-3.94576 -2.65943 2.52804
-3.95572 -2.65271 2.54839
-3.96079 -2.64981 2.62177
-3.9723 -2.64369 2.65298
-3.99046 -2.63343 2.62737
-4.00694 -2.62461 2.65008
-4.01825 -2.61825 2.62926
-4.03082 -2.61001 2.56167
-4.05061 -2.59636 2.53783
-4.07603 -2.5782 2.52099
-4.09112 -2.56758 2.52901
-4.0989 -2.56215 2.53154
-4.10456 -2.55799 2.50831
-4.11055 -2.55319 2.4655
-4.12239 -2.54284 2.4234
-4.12238 -2.54285 2.42053
-4.12424 -2.54133 2.45619
-4.13992 -2.52956 2.49782
-4.1517 -2.52073 2.49848
-4.17218 -2.50612 2.52185
-4.18386 -2.49772 2.5179
-4.1866 -2.49605 2.59521
-4.18809 -2.49511 2.576
-4.19278 -2.49239 2.61658
-4.19988 -2.48834 2.62355
-4.2017 -2.48735 2.64118
-4.20569 -2.48524 2.65568
-4.2106 -2.48247 2.62798
-4.22056 -2.4764 2.59407
-4.22717 -2.47231 2.58737
True
0.189717
