4.47185 -0.0151299 -2.64849
4.43861 -0.0319974 -2.67192
4.41362 -0.0468824 -2.60446
4.37713 -0.0755535 -2.47562
4.34168 -0.104352 -2.45931
4.32557 -0.119573 -2.3845
4.29679 -0.14725 -2.37585
4.26207 -0.181825 -2.35816
4.22911 -0.219422 -2.29059
4.19865 -0.25885 -2.22868
4.17665 -0.289252 -2.19704
4.16484 -0.307483 -2.14574
4.14117 -0.348711 -2.09191
4.11779 -0.392905 -2.05747
4.09823 -0.428243 -2.07631
4.07608 -0.473045 -2.03005
4.05385 -0.517835 -2.03135
4.03547 -0.562179 -1.96371
4.01785 -0.605841 -1.95438
4.00099 -0.652592 -1.91706
3.98594 -0.693299 -1.92483
3.96856 -0.740177 -1.92588
3.95194 -0.787135 -1.91099
3.93335 -0.833454 -1.95232
3.91694 -0.879771 -1.9114
3.90205 -0.9275 -1.87312
3.88589 -0.974755 -1.90033
3.86775 -1.02135 -1.9421
3.85025 -1.06818 -1.92848
3.83471 -1.10985 -1.92766
3.82008 -1.14878 -1.93026
3.80587 -1.1862 -1.9337
3.78857 -1.23241 -1.92915
3.78107 -1.25433 -1.90031
3.76722 -1.29654 -1.8879
3.74997 -1.3427 -1.92843
3.73579 -1.38198 -1.91713
3.71944 -1.41996 -1.97733
3.7023 -1.46392 -1.94265
3.68363 -1.50583 -1.98992
3.66603 -1.54839 -1.96277
3.64821 -1.59509 -1.93541
3.63183 -1.6386 -1.93068
3.61203 -1.68445 -1.97849
3.59209 -1.7303 -1.98118
3.57256 -1.77313 -1.99856
3.55111 -1.81445 -2.04952
3.53258 -1.85057 -2.04488
3.50892 -1.89403 -2.06932
3.48754 -1.93056 -2.10041
3.46348 -1.97158 -2.10124
3.43516 -2.01278 -2.1729
3.41131 -2.04877 -2.15603
3.38513 -2.09086 -2.1274
3.36226 -2.13028 -2.09643
3.33885 -2.16766 -2.13032
3.31228 -2.20985 -2.13281
3.29293 -2.23905 -2.15607
3.26406 -2.27967 -2.18871
3.23535 -2.32046 -2.18397
3.2047 -2.3598 -2.23274
3.17207 -2.3976 -2.28295
3.14154 -2.43489 -2.25669
3.11193 -2.46701 -2.31566
3.07814 -2.50379 -2.31389
3.05493 -2.52966 -2.30206
3.02122 -2.56587 -2.32028
2.98801 -2.60324 -2.29751
2.9556 -2.64054 -2.28609
2.92523 -2.67715 -2.26336
2.89321 -2.71423 -2.28313
2.86087 -2.75178 -2.28176
2.83742 -2.77682 -2.32332
2.81202 -2.80285 -2.34403
2.77578 -2.83728 -2.38168
2.73843 -2.86948 -2.4301
2.70175 -2.90336 -2.39592
2.66994 -2.9312 -2.42278
2.64079 -2.9556 -2.44459
2.60945 -2.98214 -2.43896
2.57088 -3.01361 -2.45714
2.53615 -3.04006 -2.49066
2.49756 -3.07186 -2.45242
2.46131 -3.10089 -2.46644
2.42182 -3.13156 -2.48126
2.38539 -3.15848 -2.50514
2.34875 -3.18727 -2.47562
2.31062 -3.21792 -2.46449
2.27111 -3.24839 -2.48477
2.23958 -3.27154 -2.50812
2.20109 -3.29863 -2.52831
2.16097 -3.3257 -2.54791
2.12623 -3.34999 -2.5314
2.0883 -3.37653 -2.53115
2.04566 -3.40233 -2.59753
2.00773 -3.42547 -2.59376
1.96942 -3.44897 -2.59135
1.92974 -3.47383 -2.58195
1.89368 -3.49514 -2.60788
1.85538 -3.52032 -2.55997
1.81834 -3.54377 -2.57718
1.77484 -3.56842 -2.62609
1.73934 -3.58842 -2.6284
1.70254 -3.60676 -2.67929
1.66073 -3.62856 -2.66107
1.62048 -3.64961 -2.65968
1.57838 -3.67054 -2.68015
1.5387 -3.69029 -2.67976
1.49392 -3.71253 -2.68076
1.44898 -3.73361 -2.70285
1.4035 -3.75393 -2.72145
1.35808 -3.77219 -2.75941
1.31596 -3.78916 -2.75856
1.26994 -3.8071 -2.76982
1.22327 -3.82503 -2.77476
1.18557 -3.83886 -2.79014
1.14178 -3.85468 -2.79477
1.09594 -3.87366 -2.74907
1.04903 -3.89096 -2.78828
1.00319 -3.90873 -2.77181
0.9573 -3.92769 -2.74976
0.92182 -3.94149 -2.77069
0.875702 -3.96065 -2.74784
0.836117 -3.97437 -2.80791
0.792285 -3.98989 -2.80139
0.747622 -4.00476 -2.82017
0.704369 -4.02002 -2.8025
0.656654 -4.03377 -2.86095
0.613526 -4.04493 -2.88829
0.567126 -4.05499 -2.92809
0.525482 -4.06175 -2.98063
0.476103 -4.06961 -2.98386
0.429266 -4.07506 -3.02582
0.382255 -4.0813 -3.00962
0.337073 -4.08628 -3.0318
0.290596 -4.08863 -3.09096
0.246414 -4.09157 -3.07514
0.196481 -4.09303 -3.11239
0.146735 -4.09589 -3.08422
0.103688 -4.09879 -3.07425
0.0540924 -4.10411 -3.03476
0.0135859 -4.10774 -3.05218
-0.0362284 -4.11204 -3.05545
-0.0858618 -4.11768 -3.02849
-0.123866 -4.12223 -3.0226
-0.169976 -4.12596 -3.06079
-0.208368 -4.12973 -3.04365
-0.253673 -4.13461 -3.03425
-0.294072 -4.13769 -3.0657
-0.333235 -4.14062 -3.06671
-0.369768 -4.14136 -3.12147
-0.416526 -4.14163 -3.13572
-0.46562 -4.14028 -3.16914
-0.507052 -4.14086 3.15568
-0.55701 -4.14087 -3.14139
-0.592727 -4.13984 -3.17061
-0.642472 -4.13809 3.10651
-0.688735 -4.13617 3.10018
-0.729508 -4.13464 3.10388
-0.776274 -4.13267 3.09961
-0.817782 -4.13249 3.13725
-0.866246 -4.12935 3.07683
-0.91221 -4.12995 3.15475
-0.948192 -4.13107 -3.11046
-0.990114 -4.13196 -3.12049
-1.04003 -4.13124 -3.15597
-1.08984 -4.12979 3.1125
-1.12036 -4.12877 3.10832
-1.16451 -4.12905 3.14794
-1.21273 -4.13034 -3.11494
-1.25158 -4.13131 -3.11668
-1.30013 -4.12982 -3.17227
-1.34424 -4.12952 3.13488
-1.39273 -4.13061 3.164
-1.42804 -4.12899 -3.18733
-1.47319 -4.1279 3.11746
-1.52241 -4.1246 3.07455
-1.57217 -4.1223 3.09548
-1.62015 -4.11937 3.08055
-1.66109 -4.11568 3.05165
-1.71022 -4.11214 3.06965
-1.75711 -4.10835 3.0611
-1.78993 -4.10605 3.07139
-1.82894 -4.10264 3.05444
-1.87601 -4.09784 3.0401
-1.92262 -4.09248 3.02699
-1.97083 -4.08508 2.98939
-2.02036 -4.07832 3.00591
-2.06965 -4.07182 3.01049
-2.10724 -4.06848 3.05286
-2.15668 -4.06368 3.04492
-2.20666 -4.06244 3.1168
-2.25182 -4.06263 3.14569
-2.28887 -4.06161 -3.16913
-2.33023 -4.06133 3.13492
-2.35697 -4.06136 3.14271
-2.38405 -4.06192 -3.12121
-2.42586 -4.06245 -3.12888
-2.47244 -4.06229 -3.14494
-2.51949 -4.06261 3.14843
-2.56221 -4.06339 -3.12351
-2.59826 -4.06451 -3.11052
-2.64782 -4.06589 -3.11367
-2.67664 -4.06693 -3.10538
-2.71741 -4.07013 -3.06329
-2.74675 -4.07215 -3.07301
-2.77215 -4.07382 -3.07588
-2.79207 -4.07444 -3.11043
-2.82101 -4.07436 -3.14441
-2.83356 -4.07476 3.17354
-2.85402 -4.07629 -3.06708
-2.86085 -4.07668 -3.08484
-2.87261 -4.07728 -3.09013
-2.87966 -4.07776 -3.07352
-2.89239 -4.07907 -3.03932
-2.91085 -4.08044 -3.06736
-2.92886 -4.08271 -3.01642
-2.95729 -4.0864 -3.01249
-2.98402 -4.08895 -3.04636
-2.99692 -4.09032 -3.03607
-3.00227 -4.09091 -3.03104
-3.01719 -4.09258 -3.03063
-3.0416 -4.09648 -2.983
-3.05291 -4.09869 -2.94867
-3.07953 -4.10368 -2.95613
-3.11048 -4.10944 -2.95766
-3.13761 -4.11281 -3.01799
-3.1646 -4.11578 -3.03197
-3.1964 -4.11899 -3.04094
-3.23573 -4.1227 -3.04768
-3.25548 -4.12509 -3.02123
-3.25813 -4.12549 -2.98991
-3.27054 -4.1273 -2.99704
-3.2781 -4.12854 -2.97842
-3.28505 -4.12952 -3.0022
-3.31297 -4.1317 -3.06352
-3.34723 -4.13391 -3.0772
-3.38605 -4.13662 -3.07201
-3.41783 -4.14041 -3.02278
-3.44974 -4.14492 -3.00114
-3.47679 -4.14957 -2.97126
-3.5111 -4.15683 -2.93329
-3.54661 -4.16433 -2.93339
-3.58306 -4.17143 -2.94907
-3.60956 -4.17698 -2.93538
-3.62379 -4.1798 -2.94607
-3.6356 -4.18174 -2.97811
-3.65479 -4.18434 -3.00704
-3.66544 -4.18584 -3.00217
-3.67353 -4.18698 -3.00135
-3.68712 -4.18954 -2.95519
-3.69389 -4.19091 -2.94188
-3.6997 -4.19205 -2.94817
-3.70147 -4.19231 -2.99642
-3.714 -4.19354 -3.04359
-3.72077 -4.19409 -3.05982
-3.74478 -4.19615 -3.05621
-3.77515 -4.20083 -2.98882
-3.80015 -4.20508 -2.97286
-3.80345 -4.20561 -2.98241
-3.8181 -4.20693 -3.05193
-3.83428 -4.2088 -3.02678
-3.84656 -4.21046 -3.007
-3.87277 -4.21263 -3.05888
-3.89173 -4.21404 -3.06763
-3.90512 -4.21457 -3.10168
-3.91197 -4.21506 -3.07062
-3.92411 -4.2157 -3.08867
-3.94517 -4.21654 -3.10167
-3.95311 -4.21704 -3.07952
-3.96153 -4.21766 -3.06764
-3.9673 -4.21799 -3.08442
-3.98345 -4.21942 -3.05356
-3.99629 -4.22106 -3.0141
-4.00303 -4.2218 -3.03189
-4.01963 -4.22337 -3.04776
-4.03107 -4.22414 -3.07386
-4.03714 -4.22442 -3.09588
-4.04147 -4.22436 -3.15411
-4.05478 -4.22386 3.10344
-4.05992 -4.22364 3.09941
-4.0868 -4.221 3.0437
-4.10172 -4.21959 3.0476
-4.11916 -4.21794 3.04721
-4.12256 -4.21768 3.06493
-4.12174 -4.21771 3.10234
-4.13276 -4.21744 3.11656
-4.13759 -4.2174 3.13361
-4.14415 -4.21749 3.15475
-4.15762 -4.21764 -3.13021
-4.18048 -4.21877 -3.0923
-4.19104 -4.21923 -3.09736
-4.19961 -4.21975 -3.08146
-4.21259 -4.21998 -3.12417
True
0.174659
