4.48503 0.000284919 3.12257
4.46891 0.000259179 3.14319
4.44976 0.000660546 -3.16255
4.42972 0.000808359 3.13422
4.40949 0.000501042 3.15678
4.38838 9.719e-05 -3.12246
4.37159 -0.000595254 -3.10039
4.34568 -0.00269532 -3.06073
4.32877 -0.00407539 -3.06016
4.31844 -0.00430602 -3.11927
4.3051 -0.00403494 -3.16191
4.28918 -0.00283995 3.06667
4.27518 -0.00140338 3.03934
4.26014 0.000629762 3.00722
4.23998 0.00303944 3.0226
4.22993 0.00364738 3.08121
4.21419 0.00414737 3.10984
4.20465 0.00426086 3.12969
4.19279 0.00477807 3.09802
4.16917 0.00643272 3.07165
4.15164 0.00803112 3.05069
4.1388 0.00943244 3.03284
4.12545 0.0109768 3.02641
4.11622 0.0114452 3.09093
4.11107 0.0116295 3.10578
4.10265 0.0115079 3.15604
4.08792 0.0111282 -3.11583
4.08464 0.0112039 -3.16471
4.06343 0.011622 3.12189
4.05534 0.0108319 3.23896
4.05028 0.0101312 -3.00397
4.027 0.00669691 -2.99515
4.01713 0.00596267 -3.06731
4.00508 0.00657693 -3.19252
3.98266 0.00968913 3.00365
3.95731 0.0153494 2.92193
3.94194 0.0199526 2.85053
3.94005 0.0206307 2.79778
3.93169 0.0245254 2.70549
3.91438 0.0351181 2.59239
3.89199 0.052305 2.48688
3.86505 0.0777615 2.38454
3.84164 0.103738 2.3043
3.83905 0.107464 2.17815
3.81637 0.145482 2.10872
3.79841 0.177657 2.07992
3.79142 0.194885 1.9561
3.77788 0.231839 1.92205
3.76334 0.279593 1.8664
3.75327 0.320068 1.8146
3.74468 0.359875 1.78333
3.73762 0.392976 1.78097
3.72863 0.442013 1.75205
3.72357 0.483162 1.69326
3.71721 0.532719 1.69839
3.71565 0.56218 1.62356
3.71397 0.58097 1.66025
3.7112 0.619978 1.64153
3.70689 0.669024 1.65859
3.70073 0.718374 1.6949
3.69631 0.745676 1.73119
3.69068 0.781682 1.72601
3.68204 0.825976 1.76351
3.67556 0.866788 1.72824
3.66949 0.899415 1.75467
3.66192 0.939192 1.75875
3.65111 0.987911 1.78923
3.64195 1.02889 1.79068
3.63604 1.06101 1.75277
3.63039 1.09103 1.75681
3.62336 1.12322 1.78588
3.61808 1.15274 1.74784
3.61297 1.18058 1.75224
3.60485 1.22232 1.76289
3.5945 1.27011 1.78409
3.58425 1.31412 1.79952
3.57277 1.35464 1.84707
3.56164 1.39831 1.82021
3.54844 1.44626 1.83944
3.54046 1.47841 1.81418
3.53152 1.52444 1.76267
3.52203 1.5655 1.79792
3.51004 1.61377 1.81424
3.4966 1.66136 1.846
3.48265 1.70464 1.88257
3.46703 1.74892 1.91009
3.45507 1.78361 1.90255
3.43499 1.82813 1.99462
3.4174 1.8656 2.00965
3.40035 1.90116 2.01789
3.37804 1.94588 2.03354
3.35775 1.98134 2.09061
3.33559 2.01432 2.16234
3.31347 2.0447 2.20023
3.28643 2.08427 2.17021
3.25758 2.1229 2.21233
3.23043 2.1578 2.23177
3.20257 2.19397 2.2273
3.17857 2.22628 2.20964
3.14871 2.26635 2.2113
3.12296 2.2971 2.26775
3.09311 2.33348 2.25789
3.06415 2.37345 2.19794
3.0338 2.41316 2.22336
3.00626 2.44883 2.22822
2.97605 2.48812 2.22632
2.95156 2.51939 2.23506
2.92367 2.55508 2.23423
2.8925 2.59316 2.25677
2.86063 2.63144 2.26512
2.83169 2.66347 2.30547
2.80448 2.69071 2.35566
2.76757 2.72438 2.40205
2.74477 2.74739 2.35141
2.71007 2.78083 2.37467
2.67358 2.81073 2.45521
2.63476 2.84156 2.4705
2.59558 2.87259 2.47168
2.56322 2.89868 2.46316
2.52638 2.92814 2.46705
2.4921 2.95811 2.42326
2.45276 2.98897 2.47631
2.41345 3.01834 2.49984
2.38646 3.03803 2.51142
2.35009 3.06423 2.51735
2.31544 3.08891 2.5226
2.28283 3.11313 2.50275
2.25377 3.13573 2.48077
2.21937 3.16007 2.52577
2.1811 3.18536 2.55752
2.14485 3.20812 2.58102
2.11009 3.23052 2.56923
2.0711 3.25615 2.55999
2.02953 3.28394 2.55236
1.98651 3.30851 2.62253
1.94621 3.33228 2.60874
1.90719 3.35424 2.62889
1.86424 3.37981 2.60471
1.82746 3.40288 2.58142
1.79182 3.42244 2.63962
1.74985 3.44712 2.60995
1.71951 3.46309 2.65719
1.67445 3.48473 2.69383
1.64271 3.50141 2.65769
1.59858 3.52466 2.65672
1.55379 3.54679 2.68264
1.52825 3.55856 2.70992
1.49152 3.57605 2.69714
1.44796 3.59338 2.76308
1.41031 3.60661 2.80361
1.36385 3.62075 2.84604
1.31955 3.63304 2.87111
1.28431 3.64299 2.86621
1.25188 3.65351 2.82796
1.21903 3.66402 2.83207
1.18632 3.67454 2.8303
1.15662 3.68564 2.78399
1.11665 3.69827 2.83564
1.09894 3.70459 2.79863
1.07329 3.71455 2.77112
1.0389 3.72797 2.76947
0.991473 3.74361 2.82311
0.949945 3.75478 2.87889
0.927536 3.76017 2.90558
0.89024 3.76905 2.90778
0.844157 3.77742 2.9619
0.796829 3.78273 3.02985
0.749993 3.78699 3.05101
0.705494 3.78992 3.0757
0.668152 3.79374 3.03966
0.623703 3.79801 3.04601
0.585734 3.79929 3.10784
0.535794 3.80145 3.09833
0.486768 3.80359 3.09794
0.445414 3.80552 3.09506
0.397589 3.80488 3.15493
0.353834 3.80626 -3.17315
0.309842 3.80956 3.06665
0.268817 3.8107 3.11393
0.220837 3.81158 3.12324
0.175268 3.81079 3.15884
0.126548 3.80823 -3.08911
0.0831131 3.80758 -3.12646
0.0391162 3.80628 -3.1122
-0.0107248 3.80599 -3.13581
-0.0606236 3.80794 -3.18062
-0.0812201 3.80764 3.15614
-0.105551 3.80732 -3.1284
-0.148355 3.80679 -3.12925
-0.196401 3.80476 -3.09936
-0.243237 3.80462 -3.13848
-0.29279 3.80417 -3.13259
-0.342589 3.80398 -3.13773
-0.381474 3.80342 -3.1272
-0.431247 3.79975 -3.06793
-0.47469 3.79527 -3.03888
-0.511059 3.78995 -2.99644
-0.55698 3.78216 -2.97353
-0.605578 3.77267 -2.94873
-0.652379 3.76357 -2.9495
-0.699244 3.7539 -2.93813
-0.738744 3.74462 -2.91077
-0.765662 3.73822 -2.90818
-0.796173 3.72952 -2.86407
-0.811314 3.72573 -2.8958
-0.84321 3.71715 -2.87893
-0.872898 3.7111 -2.9407
-0.903213 3.70231 -2.8593
-0.950687 3.6889 -2.8663
-0.995982 3.67542 -2.85238
-1.04205 3.66185 -2.85505
-1.06968 3.65392 -2.86198
-1.11748 3.64056 -2.86917
-1.16233 3.62772 -2.86268
-1.21019 3.61323 -2.8477
-1.2584 3.6 -2.8737
-1.30532 3.58541 -2.84002
-1.35218 3.56823 -2.79021
-1.39979 3.55298 -2.83177
-1.44295 3.53862 -2.82019
-1.48992 3.52199 -2.8014
-1.53545 3.50502 -2.7847
-1.58119 3.48484 -2.72617
-1.62773 3.46727 -2.78064
-1.67256 3.44634 -2.70484
-1.71851 3.42662 -2.73611
-1.75639 3.41192 -2.77144
-1.7876 3.3999 -2.77405
-1.83248 3.37996 -2.72345
-1.87428 3.35972 -2.69058
-1.91826 3.33594 -2.64604
-1.96146 3.31142 -2.62541
-2.00049 3.29061 -2.65162
-2.03875 3.26803 -2.60837
-2.07748 3.2468 -2.64019
-2.11455 3.22447 -2.59941
-2.15677 3.20006 -2.61746
-2.1999 3.1755 -2.62393
-2.2331 3.15431 -2.57359
-2.27228 3.12768 -2.5446
-2.31271 3.0992 -2.52781
-2.34362 3.07697 -2.51823
-2.38276 3.04767 -2.49893
-2.42156 3.01903 -2.50579
-2.46039 2.98784 -2.46485
-2.49685 2.95531 -2.4131
-2.5336 2.92415 -2.43827
-2.57031 2.89266 -2.43268
-2.60683 2.86021 -2.41515
-2.64168 2.82874 -2.40714
-2.67828 2.79475 -2.393
-2.70967 2.76274 -2.34646
-2.74454 2.72705 -2.34467
-2.77724 2.69205 -2.32213
-2.80261 2.66434 -2.3122
-2.8376 2.62954 -2.35901
-2.87224 2.59349 -2.33609
-2.9076 2.55896 -2.36808
-2.93768 2.5267 -2.32129
-2.96841 2.49401 -2.3253
-3.00129 2.45734 -2.30178
-3.03165 2.42222 -2.28371
-3.06332 2.38354 -2.25674
-3.08678 2.3556 -2.26938
-3.11597 2.31656 -2.21278
-3.14826 2.27945 -2.28687
-3.1754 2.24584 -2.25015
-3.20684 2.20698 -2.25098
-3.23417 2.1684 -2.18711
-3.26102 2.13441 -2.23929
-3.28911 2.09528 -2.19361
-3.31446 2.06092 -2.20628
-3.34066 2.02307 -2.17636
-3.36216 1.9908 -2.15843
-3.3878 1.94979 -2.12967
-3.41509 1.9089 -2.1592
-3.43696 1.87584 -2.15516
-3.45893 1.84228 -2.15053
-3.48373 1.80192 -2.12177
-3.50817 1.76494 -2.1549
-3.53311 1.72501 -2.12891
-3.55455 1.68874 -2.10473
-3.57889 1.64722 -2.10098
-3.59554 1.62126 -2.14111
-3.60735 1.59925 -2.06352
-3.62403 1.56624 -2.0386
-3.63248 1.54936 -2.03482
-3.64293 1.52785 -2.02318
-3.66254 1.4858 -2.00707
-3.67947 1.45058 -2.0189
-3.69286 1.42199 -2.00896
-3.70823 1.39111 -2.03259
-3.7213 1.36477 -2.03143
-3.73326 1.34062 -2.0306
-3.74934 1.31003 -2.05483
-3.76772 1.27265 -2.02764
-3.78606 1.23231 -1.9974
-3.80772 1.19102 -2.05406
-3.81314 1.18115 -2.07307
-3.82061 1.16775 -2.07917
-3.82682 1.15688 -2.08981
-3.83243 1.14636 -2.06108
-3.83546 1.14072 -2.06261
-3.84695 1.1216 -2.11197
-3.86546 1.09042 -2.10668
-3.87171 1.08023 -2.12076
-3.88211 1.06351 -2.12726
-3.89192 1.04864 -2.15374
-3.9067 1.02499 -2.12933
-3.9233 0.997638 -2.11646
-3.93416 0.98062 -2.1389
-3.94194 0.966795 -2.08297
-3.94826 0.954374 -2.0418
-3.95514 0.941761 -2.07022
-3.96013 0.932718 -2.07483
-3.97283 0.90808 -2.04662
-3.98305 0.886222 -2.00842
-3.99498 0.86029 -2.00176
-4.01319 0.82077 -2.00252
-4.0281 0.789211 -2.01241
-4.03841 0.766839 -2.0023
-4.04942 0.742208 -1.99138
-4.05497 0.727033 -1.92112
-4.06039 0.705098 -1.81311
-4.06537 0.679299 -1.76134
-4.07035 0.632877 -1.67773
-4.07203 0.611675 -1.65009
-4.07394 0.582881 -1.63691
-4.07709 0.55135 -1.67052
-4.07906 0.533596 -1.68133
-4.08091 0.515566 -1.67297
-4.08315 0.499372 -1.70804
-4.08423 0.493134 -1.74207
-4.08603 0.482149 -1.73316
-4.08738 0.473217 -1.72136
-4.09018 0.457589 -1.74774
-4.09288 0.445555 -1.79185
-4.09743 0.427233 -1.81403
-4.09886 0.422135 -1.8447
-4.10352 0.408993 -1.91163
-4.10749 0.399409 -1.96364
-4.1112 0.391532 -2.01015
-4.11959 0.374967 -2.03989
-4.12281 0.369297 -2.08667
-4.13201 0.35432 -2.12168
-4.142 0.339749 -2.17206
-4.15014 0.328924 -2.21559
-4.15838 0.318173 -2.22477
-4.16261 0.313036 -2.2586
-4.17057 0.30395 -2.29061
-4.1721 0.302152 -2.27538
-4.17699 0.296641 -2.29684
-4.18602 0.286951 -2.32084
-4.18984 0.282937 -2.33167
-4.19389 0.2788 -2.34488
-4.20087 0.271753 -2.35191
-4.20713 0.264868 -2.30854
-4.21569 0.254807 -2.27579
-4.23157 0.237162 -2.30359
-4.24268 0.22429 -2.28281
-4.24639 0.219767 -2.25763
True
0.0666069
