4.48259 0.00792329 2.71443
4.44397 0.0258876 2.7062
4.41004 0.0449887 2.62889
4.37971 0.064357 2.5733
4.33648 0.0894477 2.61572
4.31135 0.105784 2.56517
4.28064 0.127817 2.51916
4.24284 0.158029 2.46743
4.20561 0.191042 2.41615
4.17216 0.223676 2.36852
4.15068 0.245748 2.34264
4.11785 0.283464 2.28697
4.08788 0.323469 2.21377
4.0601 0.361893 2.19684
4.03353 0.402964 2.14498
4.01246 0.438774 2.10256
3.98885 0.482369 2.06725
3.96942 0.518539 2.0637
3.95095 0.554543 2.0447
3.9294 0.598153 2.02981
3.91024 0.640413 1.99647
3.8937 0.678256 1.98293
3.87584 0.724954 1.936
3.86047 0.765562 1.93271
3.84921 0.791289 1.98325
3.83466 0.835854 1.8863
3.81824 0.882971 1.90611
3.80265 0.927715 1.90613
3.78449 0.974202 1.94321
3.76853 1.01637 1.9327
3.7534 1.06385 1.87936
3.74514 1.09087 1.86732
3.73491 1.12212 1.88705
3.72769 1.14177 1.92304
3.72127 1.16047 1.90131
3.71208 1.18555 1.92199
3.7003 1.22027 1.8981
3.68815 1.26189 1.85469
3.67504 1.30843 1.84549
3.66092 1.35336 1.87528
3.64832 1.39356 1.87442
3.63479 1.43516 1.88543
3.62066 1.48204 1.86348
3.60318 1.52888 1.92792
3.58459 1.5753 1.95175
3.56931 1.61273 1.95838
3.55122 1.65925 1.94157
3.53466 1.69491 2.00563
3.51497 1.73474 2.02999
3.49515 1.7697 2.08635
3.4727 1.80816 2.0993
3.45556 1.83613 2.12055
3.43019 1.87812 2.11428
3.4048 1.9198 2.11784
3.37932 1.9628 2.10577
3.35488 2.00112 2.13855
3.32848 2.04233 2.14057
3.30879 2.07476 2.11642
3.28263 2.11718 2.12332
3.25753 2.15474 2.16002
3.23154 2.19154 2.18566
3.20692 2.22376 2.22328
3.18455 2.25249 2.23235
3.15377 2.29184 2.23455
3.12332 2.3314 2.22691
3.09318 2.37111 2.22011
3.06654 2.40631 2.21849
3.03923 2.44278 2.21362
3.01683 2.47151 2.23304
2.98615 2.51098 2.23151
2.95566 2.54788 2.26143
2.9254 2.58609 2.24056
2.89547 2.62486 2.22809
2.86918 2.65926 2.22338
2.84027 2.69956 2.19319
2.81241 2.73914 2.18411
2.7832 2.77969 2.195
2.75307 2.81654 2.25625
2.72041 2.85311 2.29983
2.68581 2.88916 2.33558
2.64964 2.92341 2.38348
2.61704 2.95484 2.37445
2.58927 2.98296 2.34997
2.55514 3.01471 2.39227
2.52364 3.04371 2.39752
2.49327 3.07027 2.42291
2.46154 3.09853 2.41416
2.42461 3.13034 2.43052
2.3876 3.16397 2.40393
2.35022 3.19713 2.41612
2.31377 3.22828 2.4343
2.27425 3.25845 2.48951
2.24163 3.28267 2.50308
2.20153 3.30961 2.55006
2.17162 3.32922 2.56113
2.13235 3.3535 2.58778
2.09581 3.37545 2.60076
2.05478 3.39846 2.63044
2.01245 3.42407 2.59749
1.97075 3.44758 2.62815
1.9277 3.47068 2.64929
1.8908 3.49016 2.6558
1.84657 3.51347 2.65651
1.80378 3.53691 2.64039
1.76136 3.55948 2.65263
1.71713 3.58222 2.66668
1.67622 3.605 2.63372
1.63133 3.62682 2.68912
1.58536 3.64642 2.73846
1.54984 3.6604 2.76674
1.51022 3.67573 2.77233
1.4676 3.6932 2.75259
1.42198 3.71341 2.72454
1.37563 3.73185 2.76301
1.33376 3.7487 2.75899
1.2881 3.76626 2.77442
1.25957 3.77672 2.79025
1.22911 3.78787 2.79059
1.18507 3.80741 2.72405
1.14598 3.8231 2.75985
1.10827 3.83929 2.736
1.06396 3.85709 2.75972
1.01684 3.87356 2.80523
0.979792 3.88687 2.79685
0.94752 3.89782 2.81436
0.899921 3.91279 2.83685
0.852291 3.92709 2.84994
0.804967 3.94246 2.8276
0.761928 3.95456 2.86742
0.714247 3.96946 2.83871
0.681945 3.98 2.82635
0.639185 3.99314 2.84347
0.611061 4.00033 2.89133
0.569524 4.00971 2.91932
0.520688 4.0204 2.92626
0.474657 4.02971 2.94205
0.43125 4.03645 2.98745
0.398612 4.03994 3.03516
0.352235 4.04363 3.06222
0.307934 4.04647 3.07757
0.258185 4.04996 3.07148
0.211505 4.05239 3.08959
0.16933 4.05505 3.07862
0.12034 4.05961 3.04868
0.0791648 4.06445 3.02463
0.0319297 4.06912 3.04314
-0.0171279 4.072 3.0829
-0.0667966 4.07532 3.07479
-0.114048 4.07797 3.08565
-0.158943 4.08065 3.08195
-0.205516 4.08366 3.07714
-0.253952 4.08682 3.07625
-0.303581 4.08968 3.08407
-0.343799 4.09174 3.09049
-0.393597 4.09381 3.09996
-0.443477 4.09577 3.10242
-0.492232 4.09795 3.09699
-0.537652 4.09825 3.13498
-0.587456 4.09932 3.12007
-0.634041 4.09743 3.18208
-0.666769 4.09547 -3.08159
-0.703095 4.09368 -3.09258
-0.75295 4.09027 -3.07321
-0.794172 4.08761 -3.07724
-0.844002 4.08359 -3.06109
-0.883727 4.081 -3.07635
-0.933411 4.07544 -3.03015
-0.982462 4.06799 -2.99101
-1.0321 4.06203 -3.02201
-1.08111 4.05443 -2.98778
-1.12716 4.0473 -2.98784
-1.17561 4.03824 -2.95694
-1.22474 4.02898 -2.95515
-1.26763 4.02077 -2.95248
-1.31608 4.00954 -2.91378
-1.36435 3.99982 -2.943
-1.4046 3.98813 -2.85896
-1.44809 3.97618 -2.87326
-1.49615 3.96364 -2.88655
-1.54418 3.95264 -2.91628
-1.59232 3.9403 -2.89081
-1.64133 3.93041 -2.94243
-1.68096 3.92255 -2.94569
-1.72834 3.91234 -2.92939
-1.77749 3.90329 -2.95945
-1.82685 3.89574 -2.98993
-1.8659 3.88861 -2.96082
-1.91486 3.8798 -2.96368
-1.96384 3.8707 -2.95779
-2.00119 3.86452 -2.97763
-2.04822 3.85582 -2.95875
-2.09532 3.84776 -2.97207
-2.13808 3.84136 -2.99297
-2.18683 3.83623 -3.03676
-2.23554 3.8298 -3.01039
-2.28497 3.82371 -3.01903
-2.33136 3.81831 -3.02566
-2.37951 3.81002 -2.9712
-2.41971 3.8026 -2.95892
-2.46269 3.79412 -2.94674
-2.50564 3.7856 -2.94596
-2.54054 3.77843 -2.93896
-2.58339 3.76944 -2.93474
-2.61475 3.76197 -2.90758
-2.65298 3.75173 -2.87987
-2.68556 3.74373 -2.90099
-2.72457 3.73383 -2.89298
-2.75153 3.72634 -2.87071
-2.79636 3.71273 -2.84675
-2.84281 3.69975 -2.86929
-2.89062 3.6876 -2.89252
-2.93559 3.67465 -2.86128
-2.96737 3.66509 -2.84952
-2.99993 3.65616 -2.87383
-3.04042 3.64583 -2.89189
-3.07586 3.6349 -2.8423
-3.10865 3.62506 -2.8502
-3.13203 3.61744 -2.82635
-3.16735 3.60601 -2.82852
-3.20187 3.59421 -2.81219
-3.22346 3.58623 -2.78774
-3.23848 3.58104 -2.80868
-3.2695 3.56971 -2.79152
-3.28596 3.56392 -2.80305
-3.29735 3.55991 -2.80307
-3.30502 3.55694 -2.77314
-3.32035 3.55126 -2.78654
-3.32975 3.54806 -2.81324
-3.3362 3.54606 -2.84056
-3.34257 3.54428 -2.86925
-3.35244 3.5416 -2.87715
-3.36003 3.53975 -2.90244
-3.37043 3.5371 -2.89184
-3.38732 3.53364 -2.9397
-3.40826 3.52844 -2.89789
-3.43567 3.52184 -2.90557
-3.4651 3.5143 -2.89074
-3.49626 3.50651 -2.89662
-3.5052 3.50417 -2.88479
-3.52734 3.49881 -2.90405
-3.54211 3.49552 -2.92254
-3.58543 3.48431 -2.8884
-3.60559 3.47901 -2.88471
-3.63194 3.47193 -2.87908
-3.67166 3.4607 -2.86597
-3.69571 3.45412 -2.87473
-3.70662 3.4511 -2.87096
-3.7203 3.44753 -2.88659
-3.73279 3.44395 -2.8622
-3.73929 3.44205 -2.85695
-3.75709 3.43666 -2.84785
-3.76741 3.43352 -2.84634
-3.78748 3.42738 -2.84448
-3.79772 3.42419 -2.83973
-3.80945 3.42099 -2.87507
-3.81802 3.4185 -2.85993
-3.83692 3.41346 -2.88076
-3.84402 3.41179 -2.91071
-3.84776 3.41096 -2.92315
-3.85936 3.4084 -2.92433
-3.87559 3.40509 -2.94039
-3.89911 3.39997 -2.9271
-3.90923 3.39719 -2.8735
-3.92195 3.39331 -2.84549
-3.93969 3.38783 -2.84217
-3.95575 3.38248 -2.82022
-3.97428 3.37667 -2.83757
-3.98498 3.37359 -2.8617
-3.99439 3.37072 -2.84528
-4.00417 3.36851 -2.91928
-4.01168 3.36704 -2.94796
-4.02392 3.36418 -2.91214
-4.04378 3.35893 -2.88311
-4.05625 3.35545 -2.86985
-4.0542 3.35615 -2.81383
-4.07257 3.34967 -2.80256
-4.08798 3.34396 -2.7869
-4.09387 3.34165 -2.76741
-4.10381 3.33767 -2.7604
-4.11498 3.33301 -2.74646
-4.12101 3.33027 -2.7146
-4.12787 3.32686 -2.68158
-4.13627 3.32278 -2.68874
-4.14649 3.31799 -2.70296
-4.14889 3.31678 -2.67534
-4.15137 3.31555 -2.68107
-4.16555 3.30756 -2.62872
-4.1699 3.30485 -2.58395
-4.17747 3.30043 -2.61393
-4.18928 3.29311 -2.58673
-4.20904 3.28005 -2.55719
True
0.186767
