-5.45109 0.965705 -0.198546
-5.41331 0.959946 -0.151254
-5.36726 0.953238 -0.144655
-5.31888 0.945807 -0.152423
-5.26995 0.940454 -0.108964
-5.22248 0.935849 -0.0967114
-5.1727 0.931779 -0.0815703
-5.12292 0.927131 -0.0931157
-5.07745 0.921752 -0.11773
-5.03311 0.917024 -0.106235
-4.98555 0.911466 -0.116322
-4.93767 0.90565 -0.120893
-4.89112 0.900361 -0.113142
-4.84159 0.894022 -0.127267
-4.79276 0.883707 -0.208179
-4.74958 0.874078 -0.219468
-4.70134 0.861503 -0.254995
-4.65513 0.85112 -0.221003
-4.60718 0.837705 -0.272817
-4.55912 0.824681 -0.264618
-4.51151 0.809416 -0.310239
-4.46416 0.796235 -0.271513
-4.41777 0.782428 -0.289301
-4.3697 0.768765 -0.276896
-4.32422 0.756045 -0.272706
-4.27629 0.741876 -0.287448
-4.22861 0.726851 -0.305278
-4.18716 0.711514 -0.354389
-4.15143 0.701433 -0.27502
-4.10317 0.688379 -0.26415
-4.0636 0.677934 -0.258087
-4.02253 0.667591 -0.246724
-3.98027 0.656712 -0.251954
-3.93142 0.646295 -0.210102
-3.8823 0.637156 -0.183936
-3.83462 0.62904 -0.168613
-3.81986 0.626381 -0.178165
-3.78121 0.620511 -0.150757
-3.73338 0.614065 -0.133955
-3.69465 0.607255 -0.174051
-3.65144 0.600323 -0.15906
-3.60532 0.594194 -0.132119
-3.56259 0.589603 -0.107026
-3.52713 0.58733 -0.064014
-3.49086 0.585295 -0.0560587
-3.44777 0.583168 -0.0493208
-3.39829 0.580003 -0.0638756
-3.34854 0.575159 -0.097057
-3.29872 0.57197 -0.0639286
-3.24906 0.568963 -0.0604583
-3.1993 0.564108 -0.0972806
-3.14966 0.558959 -0.103357
-3.10008 0.552506 -0.129427
-3.06431 0.549887 -0.0730745
-3.02747 0.545516 -0.118103
-2.98135 0.540044 -0.118091
-2.93178 0.534261 -0.116139
-2.88353 0.52846 -0.119661
-2.84047 0.52319 -0.121765
-2.79331 0.517073 -0.129001
-2.74409 0.511028 -0.12219
-2.69501 0.501885 -0.184178
-2.64587 0.493906 -0.160966
-2.59745 0.484755 -0.186805
-2.54776 0.480403 -0.0873617
-2.49956 0.475546 -0.100421
-2.44979 0.471673 -0.0776723
-2.4001 0.46678 -0.0981544
-2.3511 0.460918 -0.119058
-2.31271 0.456715 -0.10904
-2.27426 0.45395 -0.0717779
-2.23225 0.451061 -0.0686755
-2.18288 0.447858 -0.0647939
-2.13376 0.446266 -0.0323943
-2.0889 0.444592 -0.0372965
-2.0539 0.441907 -0.0765691
-2.00411 0.439574 -0.0468198
-1.96166 0.437063 -0.0590675
-1.91871 0.435545 -0.0353384
-1.87592 0.434216 -0.0310497
-1.82609 0.430194 -0.0805336
-1.77668 0.425255 -0.0996344
-1.72841 0.419386 -0.120985
-1.68191 0.414576 -0.103093
-1.6331 0.411949 -0.0537602
-1.58464 0.408686 -0.0672299
-1.53559 0.404217 -0.0908646
-1.48795 0.397158 -0.147107
-1.4387 0.388889 -0.166347
-1.39026 0.378381 -0.213625
-1.34899 0.370848 -0.180488
-1.30736 0.362441 -0.199315
-1.26168 0.352438 -0.215575
-1.21361 0.33999 -0.253381
-1.17158 0.330578 -0.2203
-1.12761 0.320213 -0.231487
-1.08809 0.309929 -0.25459
-1.03989 0.298955 -0.223872
-0.993114 0.285541 -0.279253
-0.95507 0.274591 -0.280251
-0.908126 0.26254 -0.25128
-0.862722 0.248082 -0.308279
-0.818465 0.235283 -0.281523
-0.772997 0.223252 -0.258686
-0.726795 0.20996 -0.280121
-0.684486 0.196582 -0.306241
-0.638629 0.181593 -0.315924
-0.592526 0.167902 -0.288671
-0.545589 0.154086 -0.286262
-0.500509 0.142228 -0.257229
-0.462453 0.131631 -0.271572
-0.415806 0.119563 -0.253165
-0.370598 0.106479 -0.281722
-0.322576 0.0941344 -0.251605
-0.277842 0.0802756 -0.300426
-0.231725 0.0661186 -0.29785
-0.183672 0.0523037 -0.279944
-0.139381 0.0384462 -0.303226
-0.091893 0.0244654 -0.286316
-0.0442555 0.0108136 -0.279097
-0.00356804 -0.000174348 -0.263766
0.0217873 -0.00792886 -0.2968
0.0685314 -0.0207134 -0.266971
0.111298 -0.0335935 -0.292532
0.150268 -0.047137 -0.334476
0.197599 -0.0621306 -0.306782
0.245321 -0.0759439 -0.281757
0.292816 -0.0911581 -0.310002
0.338914 -0.105602 -0.303649
0.377994 -0.118078 -0.308998
0.425556 -0.133356 -0.310815
0.472326 -0.15102 -0.361122
0.516126 -0.167055 -0.350935
0.55878 -0.18038 -0.302791
0.604913 -0.192821 -0.26342
0.653834 -0.203117 -0.207419
0.701878 -0.21303 -0.203477
0.750007 -0.224366 -0.231337
0.797871 -0.238704 -0.29105
0.845165 -0.253323 -0.299774
0.886976 -0.265121 -0.275027
0.933119 -0.279379 -0.299708
0.980756 -0.293999 -0.297775
1.01858 -0.306285 -0.314072
1.05968 -0.318271 -0.283742
1.10507 -0.331828 -0.290254
1.15317 -0.344775 -0.262944
1.20149 -0.356928 -0.246373
1.24992 -0.369056 -0.245408
1.29615 -0.379868 -0.229734
1.3425 -0.390751 -0.230615
1.38726 -0.402276 -0.252022
1.42735 -0.412281 -0.244539
1.46947 -0.424096 -0.273507
1.51691 -0.437469 -0.274747
1.55757 -0.448477 -0.264391
1.59971 -0.459025 -0.245296
1.6477 -0.470874 -0.242069
1.69242 -0.481305 -0.229123
1.7355 -0.492595 -0.256342
1.78001 -0.50234 -0.215523
1.82691 -0.511302 -0.188824
1.87209 -0.519952 -0.189161
1.91724 -0.529577 -0.21003
1.96355 -0.539668 -0.214529
2.00623 -0.548769 -0.210115
2.05525 -0.55826 -0.191263
2.104 -0.5692 -0.220716
2.14614 -0.579708 -0.244375
2.18258 -0.586975 -0.196869
2.22561 -0.596299 -0.2134
2.26626 -0.603349 -0.171709
2.30297 -0.609253 -0.159484
2.34594 -0.615738 -0.149755
2.39333 -0.625203 -0.197143
2.44166 -0.636729 -0.234105
2.48802 -0.646667 -0.211169
2.53684 -0.657031 -0.209208
2.58251 -0.666051 -0.194988
2.62575 -0.675323 -0.211221
2.66514 -0.684132 -0.219997
2.71286 -0.695945 -0.242682
2.74899 -0.706184 -0.276154
2.79113 -0.717715 -0.26709
2.83803 -0.731732 -0.290417
2.88098 -0.742076 -0.236365
2.92237 -0.751566 -0.225349
2.9644 -0.759851 -0.194667
3.00774 -0.77034 -0.237414
3.05605 -0.779906 -0.195483
3.10329 -0.789237 -0.195007
3.13967 -0.795776 -0.177879
3.17315 -0.801584 -0.171741
3.21986 -0.809013 -0.157749
3.26258 -0.815406 -0.148517
3.30847 -0.823498 -0.174547
3.35743 -0.831982 -0.171574
3.39498 -0.838343 -0.167825
3.44176 -0.845123 -0.143923
3.4856 -0.852456 -0.165753
3.52995 -0.859443 -0.156241
3.55894 -0.864632 -0.177087
3.59204 -0.870555 -0.177128
3.62914 -0.876661 -0.163095
3.65406 -0.880214 -0.141594
3.69903 -0.885496 -0.116945
3.7433 -0.891863 -0.142841
3.78681 -0.896723 -0.11125
3.82176 -0.898546 -0.0520857
3.87116 -0.902762 -0.0851485
3.91415 -0.906437 -0.0852799
3.93614 -0.908376 -0.0879415
3.96897 -0.91119 -0.0854791
4.00669 -0.914806 -0.0955946
4.03839 -0.917845 -0.0955697
4.08497 -0.920247 -0.0515222
4.11933 -0.921959 -0.0497994
4.15812 -0.924401 -0.0628561
4.19163 -0.92673 -0.0693999
4.21298 -0.927458 -0.0340581
4.22979 -0.928446 -0.0587462
4.24484 -0.929388 -0.0624696
4.28054 -0.932101 -0.0758594
4.30502 -0.933789 -0.0688356
4.32614 -0.935285 -0.0707308
4.34258 -0.936486 -0.0729139
4.35525 -0.937412 -0.0729199
4.36962 -0.938165 -0.0524157
4.39413 -0.939962 -0.0731409
4.41904 -0.94178 -0.0728856
4.42044 -0.941807 -0.019149
4.42772 -0.942089 -0.0387686
4.44121 -0.943461 -0.101293
4.45004 -0.944464 -0.113184
4.48035 -0.947644 -0.104528
4.5133 -0.950996 -0.101373
4.54144 -0.953972 -0.105376
4.57154 -0.957195 -0.106671
4.59255 -0.959978 -0.1317
4.60972 -0.962434 -0.142109
4.63045 -0.965737 -0.158004
4.65494 -0.96988 -0.167526
4.67379 -0.973074 -0.1679
4.70472 -0.978791 -0.182751
4.74516 -0.985519 -0.164882
4.76366 -0.988222 -0.145076
4.77955 -0.990132 -0.119648
4.79152 -0.991379 -0.103763
4.81341 -0.993468 -0.0951253
4.82531 -0.994798 -0.111368
4.84164 -0.996586 -0.109013
4.86243 -0.998962 -0.113792
4.8687 -0.999741 -0.123639
4.87806 -1.0012 -0.154885
4.88822 -1.00267 -0.143565
4.90163 -1.00365 -0.0730698
4.91004 -1.00431 -0.0783069
4.92059 -1.00468 -0.0347976
4.93435 -1.0049 -0.0157295
4.94825 -1.00502 -0.00895749
4.96282 -1.00517 -0.0102403
4.98577 -1.00436 0.0351213
5.00042 -1.00371 0.0447545
5.01034 -1.00319 0.0519037
5.01784 -1.00254 0.0868042
5.02123 -1.00227 0.0806482
5.03271 -1.00082 0.125416
5.04241 -0.999451 0.140029
5.06235 -0.996134 0.164853
5.06445 -0.995814 0.150602
5.0718 -0.994533 0.172731
5.08775 -0.991395 0.194257
5.10606 -0.988789 0.141365
5.11831 -0.987455 0.108484
5.12057 -0.987216 0.105666
5.137 -0.985661 0.0943003
5.15916 -0.983726 0.0870808
5.18182 -0.981712 0.0886963
5.19447 -0.980287 0.112138
5.20998 -0.977916 0.151631
True
0.264474
