-5.49068 -0.462977 -0.234851
-5.46927 -0.467121 -0.191247
-5.45093 -0.470387 -0.176189
-5.40267 -0.482782 -0.25138
-5.35512 -0.495381 -0.259023
-5.30644 -0.506812 -0.230658
-5.25833 -0.518128 -0.230991
-5.21144 -0.531187 -0.271643
-5.17656 -0.54054 -0.261957
-5.12929 -0.553524 -0.268059
-5.08655 -0.565315 -0.269181
-5.04027 -0.577363 -0.254667
-4.994 -0.589198 -0.250449
-4.9461 -0.60209 -0.262911
-4.91299 -0.612982 -0.317762
-4.86536 -0.626711 -0.280673
-4.8316 -0.635446 -0.253123
-4.78308 -0.646963 -0.233109
-4.74936 -0.654106 -0.20869
-4.70109 -0.664307 -0.208277
-4.65265 -0.671979 -0.157098
-4.60518 -0.679107 -0.149019
-4.55748 -0.685729 -0.137958
-4.5101 -0.689142 -0.0718965
-4.46097 -0.694484 -0.108321
-4.41163 -0.698615 -0.0835319
-4.36163 -0.698787 -0.00343669
-4.31212 -0.700817 -0.0409695
-4.26423 -0.70238 -0.032626
-4.21769 -0.704989 -0.0560048
-4.17363 -0.707757 -0.062737
-4.12517 -0.712589 -0.0993838
-4.07533 -0.716524 -0.0787957
-4.03416 -0.720792 -0.103302
-3.99168 -0.72379 -0.0704441
-3.9435 -0.730715 -0.142752
-3.89509 -0.737201 -0.133195
-3.85082 -0.743533 -0.142081
-3.80119 -0.74933 -0.116278
-3.75404 -0.756917 -0.15951
-3.70855 -0.760602 -0.0808334
-3.65877 -0.76454 -0.0789493
-3.60917 -0.769092 -0.0915255
-3.56212 -0.772989 -0.082624
-3.51266 -0.776679 -0.0744749
-3.46468 -0.780089 -0.0709602
-3.41472 -0.780775 -0.0137275
-3.36518 -0.782908 -0.0430255
-3.32344 -0.783709 -0.019204
-3.2755 -0.783424 0.00595034
-3.23502 -0.783159 0.00655995
-3.19817 -0.783477 -0.00863445
-3.15349 -0.785521 -0.0457145
-3.10352 -0.786928 -0.0281647
-3.07607 -0.788823 -0.0689025
-3.02828 -0.791971 -0.0657787
-2.98281 -0.796162 -0.0918967
-2.93341 -0.803256 -0.142643
-2.89693 -0.809641 -0.173273
-2.85772 -0.814941 -0.134355
-2.81104 -0.821353 -0.136524
-2.76138 -0.827117 -0.115546
-2.72193 -0.831104 -0.100723
-2.67292 -0.838778 -0.155302
-2.63081 -0.843686 -0.11604
-2.59368 -0.848258 -0.122517
-2.54663 -0.850918 -0.0564867
-2.49997 -0.855853 -0.105359
-2.45421 -0.860457 -0.100276
-2.4095 -0.864181 -0.0830891
-2.36019 -0.868482 -0.0870117
-2.31029 -0.870641 -0.0432377
-2.26053 -0.873188 -0.0511303
-2.21158 -0.875038 -0.0377898
-2.18201 -0.875792 -0.025499
-2.13551 -0.876835 -0.0224109
-2.09171 -0.876837 -4.1917e-05
-2.04311 -0.876233 0.0124215
-1.99316 -0.87609 0.00285969
-1.94949 -0.876507 -0.00955205
-1.90347 -0.877913 -0.0305287
-1.85352 -0.877554 0.00718038
-1.8071 -0.876986 0.012229
-1.75714 -0.876863 0.00247633
-1.70979 -0.876383 0.0101239
-1.66563 -0.875095 0.0291546
-1.61797 -0.875513 -0.00877262
-1.57356 -0.875335 0.00402734
-1.53319 -0.878618 -0.0811644
-1.49519 -0.880418 -0.0473328
-1.45686 -0.881956 -0.0400974
-1.41275 -0.884378 -0.0548487
-1.36284 -0.887444 -0.0613644
-1.31442 -0.888864 -0.0293101
-1.26739 -0.890975 -0.0448524
-1.21767 -0.896263 -0.105971
-1.16791 -0.901102 -0.0969395
-1.12871 -0.905111 -0.101915
-1.07946 -0.911525 -0.129516
-1.02992 -0.917454 -0.119113
-0.987737 -0.92369 -0.146769
-0.942923 -0.929495 -0.128796
-0.893203 -0.934716 -0.104631
-0.845329 -0.93923 -0.0940155
-0.795791 -0.945789 -0.131646
-0.750598 -0.94899 -0.0707114
-0.700797 -0.953202 -0.0843595
-0.656594 -0.955785 -0.0583809
-0.613242 -0.959307 -0.0810711
-0.567337 -0.963284 -0.0864037
-0.518098 -0.964878 -0.032359
-0.480331 -0.966245 -0.0361981
-0.432346 -0.969484 -0.0673864
-0.389614 -0.971779 -0.0536656
-0.340044 -0.975582 -0.0765561
-0.290668 -0.982553 -0.140266
-0.240921 -0.987304 -0.0952156
-0.194206 -0.992438 -0.109461
-0.148786 -0.996126 -0.0810193
-0.104308 -1.003 -0.153339
-0.0551796 -1.00905 -0.12243
-0.00769527 -1.017 -0.165972
0.0334057 -1.02118 -0.101467
0.082945 -1.02782 -0.133174
0.12781 -1.03253 -0.104618
0.164872 -1.03854 -0.160669
0.211346 -1.04623 -0.163994
0.26071 -1.05221 -0.120593
0.303806 -1.05691 -0.108649
0.349826 -1.06456 -0.164624
0.392585 -1.07184 -0.168737
0.442089 -1.07829 -0.129476
0.483854 -1.08308 -0.114349
0.533505 -1.08749 -0.0885127
0.572518 -1.09208 -0.117186
0.62171 -1.09512 -0.0617689
0.671575 -1.09879 -0.073421
0.712807 -1.10109 -0.0557742
0.752703 -1.10391 -0.070399
0.792577 -1.10721 -0.08263
0.840299 -1.11099 -0.0791103
0.885108 -1.11606 -0.11265
0.929565 -1.12323 -0.159897
0.976351 -1.13098 -0.164099
1.0178 -1.1398 -0.209751
1.06351 -1.15095 -0.239116
1.11011 -1.16235 -0.240098
1.15864 -1.17432 -0.241767
1.20701 -1.18658 -0.248188
1.25543 -1.19842 -0.239736
1.2929 -1.20831 -0.258224
1.33948 -1.2205 -0.255902
1.3861 -1.23587 -0.318532
1.43207 -1.25053 -0.308593
1.47298 -1.26431 -0.325047
1.51243 -1.27829 -0.340386
1.55943 -1.29484 -0.338618
1.60528 -1.3104 -0.32715
1.64274 -1.32361 -0.339053
1.68954 -1.33919 -0.321363
1.73732 -1.3539 -0.298693
1.78418 -1.36984 -0.327887
1.83113 -1.38705 -0.351345
1.87746 -1.40547 -0.378495
1.91396 -1.42005 -0.379959
1.95907 -1.44149 -0.443765
2.00184 -1.46413 -0.486747
2.04571 -1.48604 -0.463236
2.09002 -1.50919 -0.481403
2.12585 -1.52652 -0.450419
2.17133 -1.54676 -0.418698
2.21631 -1.56737 -0.429839
2.25257 -1.58279 -0.401874
2.29823 -1.60236 -0.404968
2.34412 -1.62215 -0.407292
2.38529 -1.63925 -0.39356
2.42749 -1.65657 -0.389512
2.46753 -1.67164 -0.360031
2.50448 -1.68533 -0.354765
2.54816 -1.70282 -0.3808
2.59448 -1.72044 -0.363508
2.64045 -1.73978 -0.398168
2.6853 -1.75773 -0.380679
2.72906 -1.77413 -0.358644
2.77443 -1.79163 -0.368081
2.82061 -1.81014 -0.38124
2.85969 -1.82709 -0.409192
2.90607 -1.84538 -0.375608
2.95182 -1.86536 -0.411801
2.99743 -1.88584 -0.422159
3.0439 -1.9043 -0.37811
3.08344 -1.92491 -0.480373
3.12778 -1.94788 -0.478121
3.16924 -1.97219 -0.530252
3.21097 -1.99446 -0.490119
3.25272 -2.01621 -0.480379
3.29296 -2.03691 -0.475041
3.33562 -2.05947 -0.486382
3.37385 -2.07956 -0.483862
3.41329 -2.10022 -0.482503
3.45684 -2.12367 -0.494083
3.49272 -2.14373 -0.509758
3.53319 -2.16588 -0.500767
3.56503 -2.18429 -0.524272
3.60724 -2.20592 -0.473486
3.64257 -2.22458 -0.485911
3.67831 -2.24235 -0.461398
3.72019 -2.26391 -0.475489
3.75155 -2.27918 -0.453092
3.77974 -2.29405 -0.485407
3.81174 -2.31076 -0.481324
3.83755 -2.32478 -0.497497
3.86722 -2.33983 -0.469429
3.87394 -2.34343 -0.491823
3.8954 -2.35458 -0.479331
3.91781 -2.36469 -0.423569
3.93275 -2.37108 -0.40456
3.94186 -2.37504 -0.409827
3.95499 -2.38062 -0.401777
3.97916 -2.3923 -0.449996
3.99977 -2.40187 -0.434732
4.01121 -2.40655 -0.388801
4.03074 -2.41371 -0.351267
4.05691 -2.4227 -0.330925
4.0797 -2.43049 -0.329248
4.08349 -2.43174 -0.31905
4.09716 -2.43615 -0.312462
4.12081 -2.44372 -0.309732
4.14226 -2.45072 -0.315286
4.16294 -2.45812 -0.343797
4.17875 -2.46343 -0.323775
4.19585 -2.4695 -0.340927
4.22672 -2.48016 -0.332499
4.24454 -2.48644 -0.339198
4.27538 -2.49938 -0.397125
4.30695 -2.51205 -0.381655
4.33497 -2.52174 -0.333058
4.3568 -2.52933 -0.334485
4.38479 -2.53898 -0.332026
4.42198 -2.55009 -0.290316
4.43213 -2.55294 -0.27322
4.44109 -2.55558 -0.287027
4.45067 -2.55862 -0.306953
4.47348 -2.5663 -0.324948
4.50674 -2.57661 -0.300564
4.54569 -2.58824 -0.290242
4.58596 -2.60002 -0.28449
4.61963 -2.61071 -0.307518
4.65133 -2.62246 -0.354913
4.67545 -2.63206 -0.378881
4.6942 -2.63994 -0.397433
4.70303 -2.64388 -0.419907
4.71384 -2.64897 -0.440563
4.72446 -2.65445 -0.476237
4.73883 -2.66148 -0.454709
4.74999 -2.66697 -0.457129
4.76009 -2.67175 -0.442055
4.76878 -2.67597 -0.452148
4.77673 -2.67979 -0.448708
4.78329 -2.68273 -0.42022
4.79596 -2.68843 -0.423059
4.80876 -2.69452 -0.443916
4.83211 -2.7053 -0.432503
4.84451 -2.71065 -0.407391
4.85776 -2.71598 -0.382423
4.87121 -2.72114 -0.366432
4.88239 -2.72555 -0.375532
4.89588 -2.73037 -0.343552
4.90344 -2.73304 -0.338648
4.91109 -2.73594 -0.362605
4.93022 -2.74382 -0.390836
4.94796 -2.7524 -0.450508
4.96337 -2.75993 -0.454467
4.97671 -2.76685 -0.478694
4.98537 -2.77113 -0.459033
4.99076 -2.77392 -0.476913
5.00349 -2.78084 -0.497802
5.01618 -2.78813 -0.521733
5.0314 -2.79706 -0.530721
5.03816 -2.80065 -0.48805
5.03696 -2.8 -0.498366
5.0438 -2.80373 -0.499356
5.05729 -2.8107 -0.477336
5.07501 -2.8191 -0.442236
5.0931 -2.82702 -0.412649
5.11329 -2.83585 -0.412526
5.1207 -2.83897 -0.39765
5.13511 -2.84432 -0.355862
5.14344 -2.84764 -0.379326
5.1469 -2.84903 -0.381212
5.14747 -2.84925 -0.375591
5.14673 -2.84892 -0.419328
5.14772 -2.84941 -0.453503
5.15271 -2.85181 -0.449095
5.1565 -2.85391 -0.505863
5.16675 -2.85972 -0.515606
5.17682 -2.86525 -0.502547
5.18927 -2.87243 -0.522713
5.18754 -2.87149 -0.498114
5.19283 -2.87445 -0.510639
5.20865 -2.88393 -0.539896
5.21715 -2.88895 -0.533237
5.22742 -2.89515 -0.54355
5.22888 -2.89608 -0.566987
5.23047 -2.89708 -0.559413
True
0.243784
