-5.45139 -0.933472 0.236516
-5.40529 -0.923318 0.216761
-5.35837 -0.914925 0.177
-5.31429 -0.905811 0.203903
-5.2697 -0.896344 0.20922
-5.22566 -0.886976 0.2096
-5.17684 -0.876901 0.203504
-5.13473 -0.866371 0.245015
-5.08721 -0.85569 0.221099
-5.04259 -0.844383 0.248182
-4.99466 -0.832859 0.235961
-4.94682 -0.820084 0.260935
-4.90204 -0.806694 0.290582
-4.85475 -0.794542 0.251519
-4.80695 -0.780558 0.28463
-4.75928 -0.765672 0.302693
-4.71325 -0.751988 0.288916
-4.6656 -0.737785 0.289711
-4.61792 -0.723031 0.300099
-4.58077 -0.713164 0.259588
-4.53225 -0.703623 0.194174
-4.49291 -0.695601 0.201148
-4.45601 -0.687953 0.204352
-4.41548 -0.67795 0.241965
-4.37166 -0.667984 0.223633
-4.32577 -0.656191 0.251562
-4.28129 -0.64571 0.231368
-4.2332 -0.632946 0.25945
-4.1926 -0.621342 0.27841
-4.14461 -0.607318 0.284297
-4.09753 -0.592582 0.303332
-4.04971 -0.578122 0.293665
-4.0022 -0.564243 0.284231
-3.95781 -0.550734 0.295422
-3.91138 -0.537332 0.280975
-3.86328 -0.526065 0.230123
-3.81497 -0.51354 0.253645
-3.77083 -0.499347 0.311109
-3.73486 -0.486447 0.344398
-3.69168 -0.467093 0.421317
-3.66068 -0.452023 0.452539
-3.62085 -0.433082 0.443911
-3.59186 -0.420331 0.414359
-3.54662 -0.399134 0.438122
-3.50409 -0.376967 0.480473
-3.46174 -0.355992 0.459896
-3.4352 -0.345336 0.38187
-3.396 -0.327483 0.427353
-3.3499 -0.30814 0.39723
-3.30759 -0.289932 0.406383
-3.26175 -0.270134 0.407754
-3.21465 -0.253754 0.334678
-3.1685 -0.235301 0.380332
-3.12123 -0.219111 0.330003
-3.07455 -0.201481 0.361121
-3.02776 -0.183883 0.359759
-2.98122 -0.166009 0.366647
-2.93591 -0.146614 0.404483
-2.89055 -0.130224 0.346698
-2.84549 -0.112528 0.374245
-2.79913 -0.0943343 0.373951
-2.76952 -0.0824903 0.380556
-2.72366 -0.0629643 0.40252
-2.67944 -0.0421205 0.44044
-2.6355 -0.0234192 0.402415
-2.59478 -0.00687088 0.38602
-2.54946 0.0137608 0.427209
-2.50959 0.0294978 0.375928
-2.46322 0.047712 0.374241
-2.41829 0.0645982 0.359563
-2.3707 0.0798624 0.310347
-2.32384 0.0971603 0.353615
-2.28081 0.113615 0.365283
-2.23453 0.130982 0.358961
-2.18808 0.148844 0.367095
-2.1418 0.165699 0.34927
-2.10556 0.177933 0.325634
-2.06274 0.190773 0.291315
-2.01455 0.203538 0.258953
-1.96852 0.213009 0.202929
-1.92038 0.224075 0.225896
-1.87463 0.235091 0.236321
-1.82642 0.246606 0.23444
-1.78165 0.255993 0.206708
-1.73295 0.264537 0.173647
-1.68582 0.271627 0.149351
-1.64239 0.280499 0.201476
-1.59574 0.287581 0.150674
-1.54725 0.297827 0.208243
-1.50182 0.310275 0.267405
-1.46187 0.32226 0.291453
-1.41855 0.337608 0.340517
-1.37146 0.35434 0.341387
-1.32891 0.370716 0.367412
-1.28803 0.387329 0.386035
-1.24269 0.40711 0.411373
-1.19725 0.42783 0.427842
-1.15652 0.443781 0.373234
-1.11218 0.463003 0.409008
-1.06629 0.482362 0.39925
-1.03368 0.497455 0.433449
-0.98858 0.518052 0.428425
-0.948327 0.53438 0.385337
-0.916107 0.550125 0.454562
-0.869986 0.569376 0.395415
-0.82357 0.586439 0.352265
-0.778003 0.603349 0.35536
-0.730877 0.619895 0.337656
-0.691423 0.632528 0.309868
-0.644449 0.648217 0.322357
-0.599533 0.6633 0.323952
-0.552185 0.67912 0.322469
-0.508456 0.691613 0.278276
-0.474848 0.700496 0.258407
-0.427334 0.71567 0.30913
-0.37998 0.731146 0.315867
-0.334713 0.749106 0.377713
-0.295777 0.762827 0.338801
-0.249121 0.780806 0.367815
-0.203442 0.79925 0.383763
-0.157296 0.817649 0.379389
-0.113972 0.835894 0.398591
-0.0682127 0.855673 0.407983
-0.0232784 0.876417 0.432497
0.0179922 0.895072 0.424547
0.0633059 0.913829 0.392464
0.109043 0.930774 0.354797
0.146553 0.9442 0.343734
0.194076 0.959739 0.316024
0.236921 0.974832 0.338694
0.279235 0.98899 0.32287
0.32466 1.00595 0.357394
0.367352 1.02324 0.384707
0.40976 1.04034 0.3833
0.446837 1.05403 0.353673
0.48493 1.06893 0.372917
0.531695 1.08653 0.35992
0.578142 1.10416 0.362746
0.620742 1.12071 0.370528
0.658194 1.13662 0.401784
0.702222 1.1547 0.389734
0.741702 1.16946 0.357656
0.788119 1.18795 0.379117
0.831333 1.20762 0.4272
0.877254 1.2274 0.406675
0.921663 1.24474 0.372271
0.948039 1.25492 0.368388
0.995624 1.26951 0.297511
1.04092 1.28213 0.2717
1.08957 1.29359 0.231333
1.12919 1.30174 0.202797
1.17239 1.31219 0.237466
1.21885 1.32183 0.204537
1.26764 1.33273 0.219829
1.31683 1.34146 0.175668
1.36375 1.35087 0.197965
1.40869 1.36008 0.202052
1.4578 1.36824 0.164645
1.50715 1.37625 0.160823
1.53758 1.37971 0.113467
1.58415 1.38322 0.0751672
1.63384 1.38869 0.109513
1.68313 1.3945 0.117464
1.73306 1.39724 0.0547077
1.77684 1.40044 0.0729781
1.82658 1.40202 0.0318016
1.87187 1.40661 0.101073
1.92148 1.41278 0.123597
1.96191 1.41611 0.0822019
2.0115 1.41785 0.0351039
2.06128 1.42241 0.0913641
2.10988 1.42916 0.138024
2.15287 1.43426 0.118003
2.20192 1.44002 0.11704
2.24506 1.44541 0.124168
2.29461 1.45102 0.112771
2.34422 1.45719 0.123706
2.39334 1.46338 0.125457
2.44304 1.46818 0.0963281
2.49232 1.476 0.157238
2.54191 1.48142 0.108877
2.58398 1.4846 0.0754977
2.6287 1.48754 0.0656857
2.67845 1.49111 0.0715288
2.72835 1.49419 0.0617014
2.77787 1.49893 0.0954006
2.81957 1.50166 0.0654923
2.86782 1.50471 0.0631028
2.9148 1.50851 0.0805594
2.96117 1.51152 0.0648144
3.01062 1.5166 0.102524
3.05391 1.52039 0.0872294
3.10327 1.52725 0.138102
3.15246 1.53609 0.177816
3.19615 1.54563 0.214984
3.2369 1.55429 0.209453
3.28498 1.56797 0.277154
3.32032 1.57662 0.24004
3.36732 1.588 0.237466
3.41017 1.59943 0.26087
3.42502 1.6029 0.229504
3.46734 1.61181 0.207453
3.51641 1.62078 0.180716
3.55356 1.62713 0.169359
3.60313 1.63338 0.125522
3.64811 1.6371 0.0824597
3.68955 1.63902 0.0463066
3.7271 1.6396 0.015509
3.77108 1.6406 0.022717
3.81572 1.64199 0.0309958
3.85754 1.64516 0.0757611
3.87476 1.64684 0.0973227
3.90398 1.64994 0.105708
3.92198 1.65221 0.125087
3.95703 1.65797 0.16287
3.98503 1.66333 0.189356
4.01625 1.66982 0.204975
4.03854 1.67402 0.18598
4.06367 1.67869 0.183845
4.08554 1.68235 0.165702
4.09954 1.68458 0.158343
4.10555 1.68543 0.139546
4.12707 1.68842 0.138184
4.13973 1.69007 0.129353
4.16628 1.69427 0.156877
4.21258 1.69972 0.117275
4.24593 1.7035 0.112772
4.28505 1.70737 0.0985781
4.30184 1.70886 0.0885266
4.35093 1.71392 0.102728
4.39861 1.72077 0.142675
4.43745 1.72611 0.136828
4.47623 1.7331 0.178206
4.50849 1.73852 0.166549
4.54513 1.7443 0.156491
4.57449 1.74914 0.163395
4.59037 1.75193 0.173867
4.60616 1.755 0.191632
4.63705 1.75963 0.148895
4.63775 1.75972 0.133805
4.64936 1.76101 0.110532
4.66551 1.763 0.122458
4.68674 1.76563 0.123133
4.71193 1.76992 0.168798
4.73475 1.77401 0.177479
4.75068 1.77682 0.174146
4.77449 1.78106 0.176314
4.79484 1.78506 0.194398
4.82295 1.7898 0.166812
4.83782 1.79201 0.14786
4.86353 1.79606 0.155999
4.87843 1.79878 0.180803
4.90027 1.802 0.146348
4.93182 1.8053 0.104254
4.94602 1.80659 0.0905671
4.96318 1.80817 0.0917993
4.97185 1.8088 0.0721798
4.97643 1.80908 0.062815
4.99037 1.81004 0.0685538
5.00339 1.81131 0.0967961
5.00693 1.81177 0.131611
5.0119 1.81248 0.141849
5.01582 1.81309 0.152204
5.03706 1.81686 0.175865
5.04524 1.81877 0.229338
5.06088 1.82242 0.229629
5.06489 1.82349 0.26061
5.06864 1.82452 0.266468
5.0741 1.8261 0.281718
5.08323 1.82899 0.306878
5.08684 1.83018 0.317605
5.08992 1.83077 0.191005
5.08848 1.83063 0.100372
5.09968 1.83158 0.0847897
5.09959 1.83157 0.081274
5.1067 1.83191 0.0473991
5.11747 1.83235 0.0407354
5.12401 1.83275 0.0609885
5.1307 1.8331 0.0522241
5.13258 1.83323 0.0672432
5.14897 1.83563 0.145664
5.15074 1.83591 0.159341
5.15552 1.83681 0.186001
5.16306 1.83819 0.1806
5.17624 1.84043 0.168145
5.18691 1.8422 0.164814
5.20372 1.84448 0.13455
5.20791 1.84498 0.118513
5.21593 1.84619 0.150475
5.23325 1.84991 0.211726
True
0.247278
