4.48244 -0.00814904 -2.70707
4.47323 -0.0129365 -2.66212
4.45464 -0.0252304 -2.5574
4.42655 -0.0457808 -2.50995
4.38902 -0.0786187 -2.42284
4.35206 -0.112162 -2.40462
4.31616 -0.146953 -2.37184
4.29106 -0.173709 -2.32429
4.26742 -0.201542 -2.27491
4.23849 -0.235076 -2.28264
4.20717 -0.273268 -2.25755
4.18014 -0.307305 -2.24205
4.15061 -0.347632 -2.20281
4.13146 -0.375624 -2.17074
4.11423 -0.403122 -2.13051
4.08891 -0.446153 -2.10275
4.06562 -0.487234 -2.08654
4.04653 -0.520233 -2.09511
4.02508 -0.560709 -2.05824
4.01175 -0.585048 -2.07167
3.99146 -0.624091 -2.05008
3.96924 -0.668874 -2.03148
3.95236 -0.702559 -2.03525
3.92904 -0.746512 -2.0587
3.90597 -0.79023 -2.05621
3.88374 -0.835012 -2.0317
3.86813 -0.8672 -2.02223
3.85736 -0.890215 -2.00851
3.8398 -0.935546 -1.94031
3.83056 -0.958927 -1.94718
3.81077 -1.00441 -1.98115
3.79287 -1.05031 -1.94268
3.77838 -1.0806 -2.01691
3.75893 -1.12411 -1.99126
3.73862 -1.16979 -1.98923
3.71798 -1.21533 -1.99629
3.69849 -1.26056 -1.97773
3.68114 -1.30206 -1.96671
3.66486 -1.34355 -1.94477
3.65258 -1.37736 -1.91905
3.64791 -1.38867 -1.96228
3.6338 -1.42266 -1.96421
3.61782 -1.46068 -1.96885
3.59657 -1.50594 -2.00982
3.57605 -1.55056 -2.00169
3.5559 -1.59632 -1.98563
3.53615 -1.64076 -1.98913
3.51446 -1.68581 -2.01929
3.49632 -1.72965 -1.96315
3.47749 -1.77206 -1.98871
3.45962 -1.81782 -1.94308
3.44566 -1.85313 -1.9473
3.42563 -1.89891 -1.98334
3.41388 -1.92694 -1.96784
3.39487 -1.9646 -2.03815
3.37574 -2.0061 -2.00267
3.35404 -2.04903 -2.03887
3.33441 -2.09201 -1.99922
3.32271 -2.11597 -2.02511
3.30223 -2.15404 -2.0642
3.27787 -2.19765 -2.08025
3.25336 -2.23946 -2.101
3.22457 -2.28033 -2.18457
3.20345 -2.30835 -2.21668
3.1865 -2.33119 -2.2093
3.16761 -2.35729 -2.19719
3.14036 -2.39146 -2.24393
3.12509 -2.41058 -2.24471
3.0919 -2.44797 -2.29689
3.07503 -2.46621 -2.31705
3.05296 -2.49205 -2.27769
3.03452 -2.51439 -2.26083
3.00246 -2.55233 -2.27243
2.97958 -2.57928 -2.27471
2.9476 -2.61383 -2.31765
2.91926 -2.64389 -2.32677
2.8856 -2.68082 -2.3097
2.85467 -2.71427 -2.31725
2.81977 -2.75006 -2.34348
2.78779 -2.78603 -2.29766
2.75477 -2.82356 -2.29238
2.72218 -2.85995 -2.30094
2.69768 -2.88775 -2.29353
2.67321 -2.91731 -2.26219
2.65173 -2.94061 -2.31542
2.61827 -2.97777 -2.30392
2.59006 -3.00754 -2.3293
2.55549 -3.04225 -2.35421
2.52307 -3.07422 -2.36305
2.48565 -3.10729 -2.41784
2.44798 -3.13995 -2.42735
2.40979 -3.17222 -2.44007
2.37156 -3.20442 -2.4416
2.3419 -3.22986 -2.4327
2.30393 -3.26207 -2.43806
2.26579 -3.29366 -2.44988
2.23611 -3.31403 -2.53999
2.19861 -3.34024 -2.53157
2.16156 -3.36669 -2.52164
2.11957 -3.39325 -2.57754
2.0798 -3.41848 -2.57626
2.03907 -3.44488 -2.56659
2.00189 -3.4671 -2.60285
1.9704 -3.48768 -2.56269
1.92902 -3.51159 -2.61761
1.88898 -3.53441 -2.62361
1.84555 -3.55843 -2.63643
1.80167 -3.58241 -2.64136
1.7588 -3.6073 -2.61564
1.71448 -3.63038 -2.66144
1.67282 -3.65321 -2.64034
1.6293 -3.67454 -2.68575
1.58676 -3.69489 -2.69556
1.54281 -3.71559 -2.70135
1.49752 -3.7367 -2.70541
1.45606 -3.75484 -2.72926
1.41423 -3.77174 -2.75762
1.36796 -3.79003 -2.7652
1.32208 -3.80923 -2.74522
1.2754 -3.8259 -2.7986
1.22849 -3.84084 -2.83313
1.19165 -3.85344 -2.81206
1.14803 -3.86909 -2.79723
1.10182 -3.88812 -2.75088
1.05604 -3.90822 -2.72786
1.00993 -3.92756 -2.74455
0.966299 -3.9418 -2.82614
0.922106 -3.95703 -2.80971
0.877254 -3.97229 -2.81363
0.843717 -3.98137 -2.87721
0.794948 -3.99235 -2.92009
0.746092 -4.00254 -2.93604
0.704205 -4.01082 -2.94635
0.655222 -4.01984 -2.95949
0.606311 -4.02989 -2.93884
0.56137 -4.03854 -2.95146
0.513644 -4.04692 -2.96786
0.464611 -4.05659 -2.94684
0.419835 -4.06445 -2.9679
0.37393 -4.07274 -2.96287
0.327346 -4.07733 -3.04338
0.277878 -4.08455 -2.99663
0.228593 -4.09084 -3.01477
0.182431 -4.0967 -3.01515
0.134173 -4.103 -3.01185
0.0875301 -4.10947 -3.00369
0.0380102 -4.1161 -3.0086
-0.00665555 -4.12037 -3.04633
-0.056397 -4.12537 -3.04143
-0.0996794 -4.12903 -3.05717
-0.149438 -4.13215 -3.07893
-0.191493 -4.13455 -3.08459
-0.236157 -4.13747 -3.07633
-0.285399 -4.14286 -3.03246
-0.334725 -4.14552 -3.08771
-0.384552 -4.14762 -3.09963
-0.434077 -4.14813 -3.13129
-0.477385 -4.1483 -3.13762
-0.51864 -4.14963 -3.10925
-0.568637 -4.14997 -3.13494
-0.610655 -4.14897 -3.16534
-0.657816 -4.14814 3.12405
-0.695481 -4.14767 3.12903
-0.745278 -4.14684 3.125
-0.794809 -4.14547 3.11389
-0.843611 -4.14587 3.14979
-0.879992 -4.14555 -3.15031
-0.922079 -4.14394 3.10338
-0.971599 -4.14172 3.09678
-1.01876 -4.14087 3.12359
-1.06787 -4.14008 3.12548
-1.10788 -4.13972 3.13255
-1.15536 -4.13628 3.06932
-1.20526 -4.13304 3.07663
-1.25496 -4.1285 3.05063
-1.30417 -4.1267 3.10498
-1.34676 -4.12639 3.1343
-1.39485 -4.12411 3.09419
-1.44469 -4.12028 3.06503
-1.49396 -4.11607 3.05631
-1.54017 -4.11206 3.05494
-1.57527 -4.10849 3.04039
-1.61685 -4.10366 3.02581
-1.6661 -4.10015 3.07049
-1.71591 -4.09605 3.05952
-1.76275 -4.09141 3.04288
-1.80756 -4.08331 2.96271
-1.85687 -4.07515 2.97759
-1.90045 -4.06873 2.99535
-1.9473 -4.06187 2.99605
-1.98657 -4.05567 2.98507
-2.02688 -4.04994 3.00035
-2.06825 -4.04302 2.9759
-2.11061 -4.03513 2.95745
-2.15646 -4.02519 2.92809
-2.20368 -4.01639 2.95733
-2.23887 -4.01144 3.00183
-2.27456 -4.00605 2.99168
-2.32076 -3.99791 2.96732
-2.36077 -3.9904 2.95603
-2.3921 -3.9844 2.95228
-2.43022 -3.97649 2.93702
-2.4759 -3.9681 2.96005
-2.5201 -3.96043 2.96974
-2.56065 -3.95474 3.00223
-2.57874 -3.95239 3.01243
-2.61616 -3.94565 2.96316
-2.64011 -3.94039 2.92566
-2.67522 -3.93285 2.93003
-2.68555 -3.93096 2.96011
-2.70246 -3.92868 3.00762
-2.72604 -3.92556 3.01002
-2.75202 -3.92222 3.01376
-2.76297 -3.92111 3.04046
-2.8022 -3.91881 3.0832
-2.82888 -3.91844 3.12782
-2.85145 -3.91579 3.0245
-2.87095 -3.91344 3.02187
-2.90177 -3.90857 2.98469
-2.93927 -3.90191 2.96577
-2.97408 -3.89454 2.93302
-3.01597 -3.88434 2.90275
-3.05174 -3.8751 2.88874
-3.08372 -3.86543 2.8482
-3.10757 -3.85833 2.8521
-3.13921 -3.85006 2.8859
-3.16762 -3.84287 2.89359
-3.20649 -3.83387 2.91417
-3.22018 -3.83128 2.95455
-3.23424 -3.82932 3.00338
-3.24295 -3.82814 3.0058
-3.25908 -3.82626 3.02575
-3.27398 -3.82401 2.99177
-3.30691 -3.81989 3.01715
-3.33217 -3.81614 2.99409
-3.36356 -3.81359 3.06069
-3.38326 -3.81268 3.09553
-3.3987 -3.81265 3.13918
-3.41176 -3.81283 3.15601
-3.43737 -3.81349 -3.11581
-3.46226 -3.81427 -3.11048
-3.48461 -3.81505 -3.10663
-3.49752 -3.81531 -3.12126
-3.50758 -3.81543 -3.12962
-3.51365 -3.81529 -3.16467
-3.53736 -3.81439 3.10349
-3.54647 -3.81367 3.06233
-3.56468 -3.81173 3.03546
-3.57753 -3.81031 3.03142
-3.58372 -3.80958 3.02414
-3.59918 -3.80752 3.00963
-3.62074 -3.80537 3.04194
-3.63147 -3.80377 2.99351
-3.64821 -3.80098 2.97652
-3.66677 -3.79779 2.97132
-3.68104 -3.79561 2.99049
-3.7086 -3.79218 3.01778
-3.72969 -3.7891 2.99632
-3.75815 -3.78354 2.94885
-3.77596 -3.77947 2.9168
-3.79586 -3.77557 2.94809
-3.81469 -3.77198 2.95321
-3.82669 -3.76975 2.9574
-3.84912 -3.76541 2.95067
-3.86622 -3.76124 2.90245
-3.87782 -3.75832 2.89493
-3.88865 -3.7555 2.88655
-3.89948 -3.75291 2.90735
-3.90929 -3.75055 2.90471
-3.92632 -3.74686 2.92845
-3.93269 -3.745 2.85827
-3.94862 -3.73926 2.79531
-3.97212 -3.73031 2.7777
-3.99093 -3.72259 2.75204
-3.99548 -3.72056 2.72209
-4.00537 -3.71625 2.73121
-4.02142 -3.70951 2.74381
-4.03622 -3.70403 2.78719
-4.05163 -3.69748 2.73917
-4.05507 -3.69607 2.75445
-4.06746 -3.69086 2.74359
-4.07319 -3.68817 2.70244
-4.0884 -3.68165 2.73625
-4.09754 -3.67779 2.74208
-4.10205 -3.67583 2.73326
-4.1137 -3.67103 2.75078
-4.11642 -3.66995 2.76304
-4.12452 -3.66706 2.79846
-4.14787 -3.65946 2.82722
-4.15552 -3.65708 2.83934
-4.16536 -3.65477 2.91113
-4.17988 -3.6523 2.97304
-4.18936 -3.65095 3.00063
-4.19801 -3.6499 3.02049
-4.20728 -3.64811 2.95074
True
0.191344
