4.48807 0.00515315 2.73393
4.45581 0.0214748 2.6732
4.41792 0.0467672 2.55301
4.39323 0.0660754 2.47778
4.36391 0.0912982 2.43128
4.32662 0.123876 2.42353
4.3031 0.145553 2.39692
4.27318 0.177631 2.32131
4.24654 0.206847 2.31018
4.21553 0.240989 2.30817
4.18496 0.279294 2.24427
4.15655 0.312733 2.27515
4.126 0.352023 2.23177
4.10566 0.378158 2.23205
4.07567 0.418123 2.21462
4.0484 0.459811 2.14995
4.02686 0.500036 2.06256
4.00279 0.543856 2.07307
3.98165 0.587391 2.02279
3.95984 0.632384 2.02214
3.94216 0.673067 1.98083
3.92269 0.718178 1.97829
3.90695 0.7577 1.94963
3.88938 0.798771 1.97502
3.87236 0.841793 1.94754
3.85459 0.88428 1.96693
3.83668 0.930588 1.93981
3.81956 0.973515 1.95044
3.80806 1.00062 1.97186
3.78995 1.04721 1.94164
3.77313 1.09424 1.91425
3.75456 1.14066 1.95125
3.73604 1.18551 1.9624
3.71685 1.22901 1.98635
3.69919 1.27178 1.96231
3.68032 1.31475 1.98468
3.6616 1.35929 1.96852
3.64385 1.4055 1.9376
3.63658 1.42304 1.96392
3.61766 1.46927 1.95919
3.60123 1.5064 1.98728
3.58092 1.55151 1.99392
3.55769 1.59579 2.05401
3.53512 1.63956 2.04691
3.52153 1.6678 2.01936
3.49853 1.71099 2.06006
3.48092 1.74297 2.07406
3.46085 1.77977 2.07025
3.43898 1.82016 2.06694
3.41962 1.85492 2.07899
3.39855 1.89226 2.08444
3.37391 1.93576 2.08621
3.35947 1.96068 2.09613
3.3364 1.99868 2.11638
3.31789 2.02718 2.14671
3.29629 2.05807 2.18116
3.26794 2.09792 2.18909
3.24022 2.13953 2.15839
3.21282 2.17881 2.18006
3.18842 2.21345 2.18446
3.15994 2.25197 2.20748
3.13046 2.29225 2.20249
3.10858 2.32164 2.21081
3.08226 2.35898 2.18464
3.05755 2.39078 2.23149
3.02937 2.43032 2.18998
3.00807 2.45988 2.19524
2.98416 2.49202 2.21034
2.95398 2.53187 2.2189
2.93378 2.55895 2.21174
2.90776 2.59307 2.22249
2.877 2.63249 2.23335
2.85216 2.66706 2.19395
2.82466 2.70752 2.16763
2.80304 2.73826 2.18382
2.77464 2.77833 2.18735
2.74782 2.81972 2.14584
2.72509 2.85244 2.17785
2.70381 2.88181 2.19792
2.67653 2.91579 2.24716
2.64675 2.95448 2.22683
2.61806 2.98822 2.27542
2.59325 3.0153 2.31251
2.56052 3.04982 2.32959
2.52627 3.08564 2.33379
2.49086 3.11916 2.38355
2.46044 3.14719 2.39715
2.42588 3.17665 2.43568
2.40061 3.1962 2.48294
2.3704 3.21915 2.4921
2.33301 3.24726 2.49693
2.2933 3.27764 2.4885
2.25198 3.30495 2.55758
2.21011 3.33105 2.58418
2.16747 3.35697 2.59537
2.12469 3.38286 2.59734
2.08171 3.40705 2.62901
2.039 3.43305 2.59472
1.99821 3.45652 2.61951
1.95821 3.4791 2.62766
1.92139 3.49949 2.63587
1.88446 3.51641 2.71197
1.83881 3.53597 2.73674
1.79954 3.55457 2.69935
1.75661 3.57361 2.72418
1.71399 3.59318 2.71098
1.67715 3.60929 2.72944
1.63511 3.62863 2.71048
1.59059 3.65014 2.69147
1.55144 3.66745 2.72532
1.5098 3.68637 2.7151
1.46995 3.70291 2.7482
1.42596 3.72072 2.75688
1.39658 3.73176 2.78211
1.34987 3.74926 2.78306
1.30405 3.766 2.79129
1.26248 3.7795 2.82769
1.22358 3.7923 2.82378
1.17653 3.80909 2.79875
1.12942 3.82583 2.80018
1.08753 3.83943 2.82772
1.04063 3.85335 2.85297
0.992887 3.8682 2.84004
0.946984 3.87787 2.93398
0.898248 3.88886 2.91976
0.849867 3.90015 2.91247
0.801349 3.91175 2.90678
0.758294 3.92015 2.94901
0.71099 3.92857 2.96539
0.667509 3.93524 2.98941
0.618438 3.94232 2.99826
0.578762 3.94888 2.97773
0.531829 3.95624 2.98606
0.495569 3.96275 2.96405
0.453596 3.9714 2.93826
0.404565 3.98052 2.95769
0.358248 3.99125 2.91388
0.309219 3.99991 2.96684
0.26466 4.00563 3.01389
0.222967 4.00987 3.0403
0.183809 4.0157 2.9937
0.134951 4.02434 2.96664
0.0946304 4.0309 2.98024
0.0545367 4.03711 2.98805
0.0120607 4.04284 3.00737
-0.0316294 4.04775 3.02986
-0.0790616 4.0526 3.03958
-0.12873 4.05749 3.04346
-0.170276 4.062 3.03338
-0.219624 4.06647 3.05131
-0.258934 4.06869 3.08525
-0.307101 4.07071 3.0997
-0.348648 4.07237 3.10155
-0.398602 4.07374 3.11418
-0.44479 4.07458 3.12337
-0.48287 4.0743 3.14904
-0.52558 4.07355 -3.12396
-0.575551 4.07473 -3.1653
-0.621317 4.07546 3.12575
-0.671298 4.07653 3.12015
-0.721072 4.07635 3.14513
-0.763839 4.07586 -3.1301
-0.80618 4.07346 -3.08488
-0.855301 4.07035 -3.07843
-0.902273 4.06845 -3.10114
-0.951018 4.06418 -3.0542
-1.00021 4.06298 -3.1173
-1.05004 4.05948 -3.07138
-1.09987 4.05559 -3.06368
-1.14922 4.05175 -3.06401
-1.19501 4.04738 -3.04633
-1.24195 4.04294 -3.04723
-1.28321 4.0375 -3.0106
-1.33175 4.03259 -3.04083
-1.38131 4.02689 -3.02707
-1.43101 4.02138 -3.03121
-1.47556 4.01531 -3.00607
-1.51819 4.00945 -3.00513
-1.56701 4.00253 -3.00071
-1.61653 3.99567 -3.00389
-1.6636 3.98923 -3.00565
-1.70438 3.98384 -3.01029
-1.74594 3.97708 -2.98015
-1.78717 3.96947 -2.95908
-1.83635 3.96127 -2.97649
-1.87947 3.95618 -3.02397
-1.92908 3.94999 -3.01754
-1.97382 3.94541 -3.03953
-2.02035 3.94163 -3.06058
-2.06161 3.93649 -3.01766
-2.10883 3.93 -3.00495
-2.15043 3.92484 -3.01816
-2.19518 3.91952 -3.02325
-2.23816 3.91392 -3.01209
-2.28551 3.90808 -3.01898
-2.32707 3.90149 -2.98428
-2.37321 3.89561 -3.01488
-2.42016 3.88986 -3.01976
-2.45482 3.88603 -3.03146
-2.49566 3.88118 -3.02345
-2.53383 3.87696 -3.03131
-2.55241 3.87506 -3.03975
-2.58024 3.87241 -3.04663
-2.60497 3.86954 -3.0263
-2.62949 3.86654 -3.01955
-2.64997 3.86355 -2.99668
-2.68219 3.85896 -3.0003
-2.70849 3.85573 -3.01915
-2.72933 3.85336 -3.0285
-2.74699 3.85078 -2.99657
-2.77362 3.84743 -3.01622
-2.77978 3.84686 -3.05004
-2.79526 3.84569 -3.06618
-2.80883 3.84476 -3.07325
-2.82555 3.84381 -3.08475
-2.84894 3.84248 -3.08454
-2.86378 3.84134 -3.06494
-2.90407 3.83796 -3.05795
-2.94879 3.83317 -3.03495
-2.98813 3.83008 -3.06323
-3.02241 3.82775 -3.07378
-3.02836 3.82731 -3.06798
-3.04198 3.82675 -3.1005
-3.04701 3.82659 -3.10933
-3.07045 3.82594 -3.11363
-3.10088 3.82446 -3.09299
-3.12808 3.82251 -3.07019
-3.14972 3.82099 -3.07154
-3.16631 3.82014 -3.09013
-3.19045 3.8188 -3.08636
-3.21097 3.81779 -3.09239
-3.22416 3.81691 -3.075
-3.24698 3.81485 -3.05144
-3.27312 3.81236 -3.04654
-3.29949 3.80994 -3.05017
-3.3191 3.8074 -3.01298
-3.34305 3.8039 -2.99647
-3.3609 3.80117 -2.98989
-3.37401 3.79841 -2.93342
-3.39562 3.79408 -2.94407
-3.40752 3.79161 -2.93661
-3.42187 3.78796 -2.89237
-3.43068 3.78575 -2.89604
-3.44334 3.78195 -2.85008
-3.46311 3.77624 -2.86059
-3.47965 3.77131 -2.85178
-3.49078 3.76797 -2.85037
-3.49315 3.76716 -2.81058
-3.50208 3.76387 -2.78852
-3.50596 3.76245 -2.79199
-3.51232 3.75992 -2.76247
-3.5183 3.75759 -2.76977
-3.54504 3.74698 -2.76402
-3.55058 3.74467 -2.74549
-3.5557 3.74243 -2.7292
-3.57005 3.73638 -2.74257
-3.58099 3.7321 -2.76883
-3.60103 3.72583 -2.83873
-3.63125 3.71785 -2.88343
-3.65543 3.71095 -2.86344
-3.67556 3.70545 -2.87476
-3.69191 3.70093 -2.87198
-3.70321 3.69811 -2.89735
-3.72603 3.6925 -2.90038
-3.74678 3.68724 -2.89332
-3.75944 3.68423 -2.90789
-3.77282 3.68112 -2.91355
-3.78073 3.67933 -2.91847
-3.78819 3.67746 -2.89703
-3.80636 3.67386 -2.94601
-3.82543 3.67075 -2.97958
-3.83554 3.66943 -3.01216
-3.8498 3.66772 -3.02186
-3.86245 3.66619 -3.02182
-3.86656 3.66571 -3.02429
-3.87805 3.66457 -3.04251
-3.88915 3.6637 -3.06371
-3.90973 3.6621 -3.06408
-3.93592 3.65823 -2.99475
-3.97287 3.65246 -2.98662
-3.98598 3.65029 -2.97806
-4.00042 3.64823 -2.99957
-4.0139 3.64656 -3.01817
-4.02731 3.64433 -2.97699
-4.05046 3.64095 -2.99677
-4.06986 3.6378 -2.98042
-4.08092 3.63596 -2.97688
-4.08704 3.63513 -3.00707
-4.08837 3.63498 -3.02611
-4.09578 3.63395 -3.00368
-4.102 3.63323 -3.02604
-4.10696 3.63276 -3.0487
-4.11843 3.63193 -3.06879
-4.13567 3.63059 -3.0644
-4.14163 3.63018 -3.07254
-4.1506 3.62944 -3.05929
-4.1586 3.62847 -3.02039
-4.16742 3.62689 -2.96395
-4.17136 3.62609 -2.94285
-4.18454 3.62278 -2.89548
-4.19348 3.62049 -2.89109
-4.19915 3.61908 -2.89763
-4.22092 3.61393 -2.90939
-4.21752 3.61471 -2.91581
-4.22377 3.61344 -2.94046
True
0.191845
