4.47716 0.00988469 2.73308
4.45266 0.0216725 2.69318
4.40779 0.0436667 2.68589
4.38897 0.0521971 2.71593
4.36325 0.0641645 2.7061
4.32865 0.0825384 2.6534
4.29447 0.106815 2.524
4.2564 0.136533 2.47882
4.22221 0.167183 2.41076
4.19133 0.200775 2.31416
4.15963 0.239388 2.25809
4.13932 0.265703 2.2282
4.1152 0.298512 2.2047
4.08721 0.339938 2.16507
4.05832 0.379407 2.20258
4.02973 0.420146 2.18275
4.01003 0.453017 2.11068
3.98272 0.494899 2.14862
3.96187 0.527544 2.13935
3.94517 0.555879 2.10331
3.92362 0.589427 2.14175
3.90601 0.619833 2.09569
3.88207 0.663621 2.07107
3.86048 0.7086 2.01845
3.84211 0.750116 1.98734
3.82385 0.792875 1.97438
3.80637 0.839434 1.93001
3.79056 0.883282 1.91673
3.77679 0.92469 1.89191
3.76247 0.972587 1.86131
3.74869 1.02065 1.84996
3.73713 1.05953 1.85976
3.7244 1.10048 1.87238
3.71222 1.14005 1.86933
3.69753 1.18509 1.88595
3.68728 1.21509 1.90016
3.67 1.26033 1.93562
3.65341 1.30018 1.9654
3.63365 1.34604 1.97761
3.61747 1.38558 1.95927
3.59742 1.43138 1.98339
3.58226 1.4715 1.93194
3.56719 1.51008 1.94323
3.54755 1.55579 1.97658
3.52925 1.5952 2.00554
3.51254 1.63102 2.00735
3.49644 1.66462 2.0176
3.47113 1.70774 2.10162
3.45037 1.74189 2.11695
3.42673 1.78198 2.10361
3.40265 1.82579 2.07334
3.38039 1.86204 2.12147
3.35315 1.90396 2.14709
3.33014 1.94041 2.13388
3.30936 1.97082 2.17031
3.27946 2.01077 2.21327
3.24915 2.05054 2.22206
3.22533 2.08527 2.17197
3.20223 2.1189 2.17255
3.17571 2.15502 2.20419
3.14427 2.1939 2.25071
3.11405 2.23373 2.22003
3.0871 2.26774 2.24083
3.05904 2.29875 2.30619
3.02851 2.33395 2.28524
2.99837 2.37092 2.25475
2.9713 2.40236 2.28161
2.94006 2.44056 2.25646
2.90892 2.47739 2.2727
2.87852 2.51253 2.28399
2.84654 2.54906 2.28972
2.81911 2.57967 2.30162
2.79262 2.60681 2.34394
2.76645 2.63473 2.3238
2.73138 2.67026 2.34984
2.6986 2.70139 2.38203
2.67096 2.72836 2.36835
2.63861 2.76279 2.32504
2.60949 2.79233 2.34901
2.57556 2.82478 2.37854
2.54063 2.85397 2.44539
2.50295 2.88634 2.43184
2.46457 2.91839 2.4459
2.42498 2.94892 2.48464
2.38787 2.98054 2.43587
2.34925 3.01229 2.45354
2.31574 3.03851 2.47761
2.28723 3.06069 2.48043
2.24992 3.08745 2.51946
2.20883 3.11593 2.53553
2.16989 3.14534 2.49473
2.12994 3.17535 2.49731
2.08956 3.20477 2.5119
2.04881 3.23193 2.55387
2.00774 3.26045 2.53447
1.97417 3.28217 2.56743
1.93608 3.30794 2.5466
1.89288 3.33309 2.61448
1.87731 3.34264 2.59144
1.8359 3.36833 2.58635
1.7923 3.39229 2.63898
1.75413 3.41388 2.62696
1.73017 3.42634 2.66194
1.68849 3.44951 2.6343
1.64933 3.46995 2.6605
1.60582 3.49225 2.66806
1.56047 3.51305 2.71143
1.51446 3.53257 2.74042
1.47276 3.54962 2.75351
1.42744 3.56519 2.81064
1.3801 3.58127 2.81413
1.33597 3.59672 2.80489
1.2918 3.61074 2.83418
1.24405 3.62555 2.84088
1.19928 3.64007 2.82793
1.15121 3.6538 2.86343
1.10399 3.66609 2.88682
1.06301 3.67486 2.93087
1.02142 3.6845 2.91383
0.973201 3.69637 2.90015
0.943109 3.70383 2.89858
0.904141 3.71241 2.92501
0.855517 3.72405 2.90658
0.806778 3.73389 2.94242
0.76044 3.74064 2.99696
0.716228 3.74689 3.00122
0.666762 3.7541 2.99682
0.619223 3.76004 3.01719
0.579991 3.76495 3.01706
0.531752 3.76872 3.06357
0.489719 3.77054 3.09842
0.439949 3.77186 3.11498
0.39778 3.77484 3.07125
0.350129 3.77826 3.0698
0.30026 3.78175 3.07176
0.256912 3.78226 3.12995
0.209515 3.78436 3.09715
0.160509 3.78479 3.13297
0.113706 3.78437 3.1505
0.0687525 3.78489 -3.15322
0.0216728 3.78836 3.068
-0.0280297 3.78954 3.11787
-0.0711799 3.79104 3.10701
-0.11691 3.79405 3.0757
-0.162774 3.79733 3.07029
-0.207497 3.80135 3.05192
-0.249866 3.8049 3.05811
-0.291184 3.80785 3.07028
-0.340373 3.80876 3.1231
-0.390274 3.81027 3.11133
-0.436219 3.81025 3.14189
-0.484772 3.80906 -3.11694
-0.527909 3.80895 -3.13917
-0.569476 3.80765 -3.11029
-0.617494 3.80326 -3.05037
-0.66559 3.80001 -3.07408
-0.708204 3.79775 -3.08869
-0.757031 3.798 -3.14666
-0.799536 3.79822 3.13631
-0.845021 3.79862 3.13275
-0.893307 3.79811 3.15219
-0.939252 3.7973 -3.12381
-0.986227 3.79591 -3.11219
-1.03395 3.79581 -3.13936
-1.08204 3.79608 -3.14728
-1.12726 3.79741 3.11221
-1.16123 3.79785 3.12857
-1.19548 3.79838 3.12625
-1.23728 3.79902 3.12626
-1.28666 3.80065 3.10851
-1.3293 3.80332 3.07909
-1.37919 3.80631 3.08178
-1.42537 3.80556 3.15792
-1.4632 3.80602 -3.15381
-1.50368 3.80541 3.1567
-1.54344 3.80546 -3.14302
-1.58854 3.80633 3.12244
-1.6287 3.80592 3.15185
-1.67115 3.80443 -3.10654
-1.71417 3.80243 -3.09521
-1.76323 3.80191 -3.13103
-1.81073 3.79908 -3.08194
-1.85937 3.79579 -3.07415
-1.9092 3.7933 -3.09156
-1.95367 3.7902 -3.07216
-2.0033 3.78714 -3.07995
-2.05093 3.78563 -3.10997
-2.09133 3.78255 -3.06548
-2.12786 3.77937 -3.05479
-2.17781 3.77731 -3.10026
-2.22778 3.77595 -3.11442
-2.27733 3.77176 -3.05717
-2.32701 3.76893 -3.08484
-2.37657 3.76404 -3.04311
-2.42102 3.75941 -3.03789
-2.45659 3.75552 -3.03276
-2.48625 3.75292 -3.05392
-2.51864 3.74969 -3.04218
-2.53864 3.74719 -3.01757
-2.58638 3.74222 -3.03787
-2.60578 3.74004 -3.02946
-2.64401 3.73634 -3.04517
-2.6869 3.73087 -3.01481
-2.70873 3.72743 -2.98535
-2.74768 3.71972 -2.9462
-2.77145 3.71522 -2.95417
-2.80838 3.70622 -2.90263
-2.84986 3.69632 -2.90734
-2.88296 3.68817 -2.90022
-2.9055 3.68321 -2.92479
-2.93305 3.67776 -2.94626
-2.97229 3.6704 -2.95618
-3.00035 3.66626 -2.99502
-3.03817 3.6618 -3.02432
-3.04932 3.6611 -3.07855
-3.05958 3.6603 -3.06428
-3.0788 3.65822 -3.03347
-3.102 3.65605 -3.04861
-3.10434 3.65581 -3.03951
-3.11457 3.6549 -3.05225
-3.11899 3.65434 -3.01632
-3.14171 3.65126 -3.00687
-3.16552 3.64896 -3.04513
-3.21427 3.64603 -3.08161
-3.25207 3.64332 -3.07006
-3.29099 3.64002 -3.05708
-3.32596 3.63585 -3.0229
-3.37105 3.63089 -3.03202
-3.40974 3.62724 -3.0476
-3.4544 3.62327 -3.05283
-3.48966 3.61975 -3.04204
-3.52227 3.61575 -3.01969
-3.54723 3.61262 -3.01687
-3.57667 3.60845 -3.00073
-3.5941 3.60556 -2.97727
-3.60389 3.60443 -3.02632
-3.62634 3.60183 -3.02664
-3.66529 3.5972 -3.02319
-3.69171 3.59381 -3.01381
-3.70935 3.59124 -2.99692
-3.71859 3.58998 -3.00685
-3.72992 3.58887 -3.04334
-3.74169 3.58788 -3.05779
-3.76838 3.58696 -3.10716
-3.78771 3.5862 -3.10262
-3.81094 3.58522 -3.09918
-3.83187 3.58473 -3.11847
-3.8684 3.58304 -3.09522
-3.88376 3.58255 -3.10964
-3.90715 3.58142 -3.09359
-3.9253 3.58016 -3.07183
-3.93245 3.57993 -3.10945
-3.93663 3.58009 -3.18041
-3.95377 3.58037 3.125
-3.98743 3.58093 3.12514
-4.01068 3.58085 3.14503
-4.0376 3.58138 -3.16141
-4.06456 3.58135 3.14275
-4.07496 3.58129 -3.13575
-4.08409 3.58126 -3.13883
-4.10219 3.58136 -3.14692
-4.11185 3.58105 3.17332
-4.12586 3.58031 -3.08825
-4.12783 3.58022 -3.1005
-4.13433 3.57972 -3.06429
-4.14608 3.57893 -3.07447
-4.15532 3.57862 -3.10816
-4.16154 3.57861 -3.14032
-4.16888 3.57899 -3.19329
-4.18044 3.58037 3.02346
-4.18211 3.58065 2.9728
-4.19075 3.58238 2.94459
-4.20593 3.58586 2.91558
-4.21359 3.58743 2.94065
True
0.0675827
