-5.45032 0.00649912 -0.111922
-5.41128 0.00231276 -0.106843
-5.36208 -0.0017809 -0.0830056
-5.31644 -0.00546444 -0.0805339
-5.27029 -0.00970997 -0.0917361
-5.22452 -0.0144199 -0.102539
-5.17813 -0.0176407 -0.0693147
-5.12965 -0.0214643 -0.0787111
-5.0826 -0.025218 -0.0796151
-5.03318 -0.0280705 -0.0576509
-4.99172 -0.0304758 -0.0579499
-4.94501 -0.0332304 -0.0589046
-4.90066 -0.037036 -0.0856038
-4.85556 -0.0402211 -0.0705047
-4.80612 -0.0427782 -0.0516711
-4.75775 -0.0451579 -0.0491611
-4.7079 -0.0454704 -0.00626902
-4.6592 -0.0467673 -0.0266262
-4.61853 -0.0486295 -0.0457522
-4.57471 -0.0501503 -0.0346951
-4.52635 -0.0532837 -0.0646919
-4.48692 -0.0570449 -0.095118
-4.43746 -0.0631633 -0.12306
-4.40034 -0.0682525 -0.136279
-4.35329 -0.0723158 -0.0861396
-4.30481 -0.0766973 -0.0901305
-4.26311 -0.0795578 -0.0684873
-4.21331 -0.0811796 -0.0325534
-4.16346 -0.0846951 -0.0704118
-4.11552 -0.0847775 -0.00171851
-4.08598 -0.0846226 0.00524349
-4.04941 -0.0847241 -0.00277546
-4.01451 -0.0845334 0.00546673
-3.96466 -0.0810459 0.069845
-3.91502 -0.0753323 0.114587
-3.86852 -0.071454 0.0832138
-3.82097 -0.0660694 0.112769
-3.77131 -0.0615056 0.0916445
-3.73083 -0.057293 0.103699
-3.68619 -0.0534324 0.0862627
-3.63642 -0.0496096 0.0766551
-3.58645 -0.0481333 0.0295347
-3.54611 -0.0453576 0.0686968
-3.50259 -0.04458 0.0178665
-3.4549 -0.0407134 0.0809045
-3.40512 -0.0361925 0.0905573
-3.35542 -0.0323699 0.0767705
-3.30728 -0.0261851 0.127776
-3.2588 -0.0191192 0.144732
-3.21537 -0.013664 0.124941
-3.17851 -0.00895896 0.126981
-3.13463 -0.00159656 0.166218
-3.09463 0.00500626 0.163582
-3.05891 0.0122372 0.199754
-3.01493 0.018453 0.140409
-2.96515 0.0221545 0.0742163
-2.91599 0.0253586 0.0650851
-2.8694 0.029813 0.0953144
-2.8199 0.0361809 0.127951
-2.77338 0.042641 0.137982
-2.72397 0.0482486 0.113015
-2.67418 0.0518807 0.0728098
-2.6248 0.0597413 0.157871
-2.57507 0.0649161 0.103684
-2.52631 0.072413 0.152552
-2.48052 0.0776553 0.114001
-2.43118 0.0845245 0.138325
-2.38179 0.0919285 0.14879
-2.33267 0.10115 0.185568
-2.28808 0.108506 0.163521
-2.2432 0.116856 0.183947
-2.20007 0.124817 0.182548
-2.15115 0.134946 0.204164
-2.10433 0.144385 0.198897
-2.05861 0.152768 0.181365
-2.00932 0.159237 0.130481
-1.96173 0.164928 0.119039
-1.91288 0.170457 0.11268
-1.86409 0.175916 0.111428
-1.82361 0.180556 0.114148
-1.77848 0.184578 0.0888845
-1.7335 0.186224 0.0365771
-1.68411 0.189143 0.0590266
-1.63774 0.192899 0.0808405
-1.59573 0.196764 0.0917505
-1.54705 0.200233 0.0711299
-1.50554 0.204509 0.102656
-1.45866 0.207767 0.0693712
-1.41369 0.210978 0.0712922
-1.36376 0.212384 0.0281402
-1.31387 0.213758 0.0275464
-1.2744 0.21336 -0.0100828
-1.25065 0.2132 -0.00675951
-1.20103 0.211272 -0.0388428
-1.15663 0.208023 -0.0730416
-1.11138 0.204528 -0.0770634
-1.06198 0.198189 -0.12763
-1.01695 0.192039 -0.135736
-0.967602 0.184042 -0.160647
-0.926483 0.176379 -0.184267
-0.877706 0.169091 -0.148316
-0.828221 0.162011 -0.142105
-0.77903 0.153754 -0.166305
-0.733372 0.145654 -0.175586
-0.695207 0.140545 -0.133062
-0.646804 0.134943 -0.115233
-0.600613 0.129101 -0.125805
-0.558502 0.122645 -0.15212
-0.511422 0.115576 -0.149029
-0.462273 0.106442 -0.183743
-0.426802 0.0982854 -0.226036
-0.378721 0.088833 -0.194118
-0.33067 0.0777639 -0.22641
-0.283639 0.0657366 -0.250364
-0.238796 0.0532967 -0.270608
-0.190697 0.0406368 -0.257368
-0.142316 0.0281015 -0.253521
-0.109383 0.0195165 -0.255001
-0.0698847 0.00997832 -0.23695
-0.021215 -0.00119394 -0.225643
0.0272418 -0.0135158 -0.249008
0.0721411 -0.0238628 -0.226494
0.120803 -0.0349771 -0.224548
0.169228 -0.0472111 -0.24746
0.212904 -0.0581182 -0.244723
0.256051 -0.0711715 -0.293778
0.300706 -0.0827573 -0.253853
0.346899 -0.0957421 -0.274028
0.391684 -0.107877 -0.264605
0.439958 -0.120273 -0.251347
0.48845 -0.131429 -0.226138
0.537004 -0.142891 -0.231807
0.585604 -0.153195 -0.208932
0.633997 -0.165644 -0.251796
0.682423 -0.177141 -0.233096
0.721388 -0.186712 -0.240863
0.770228 -0.197244 -0.212393
0.817867 -0.206957 -0.201115
0.854603 -0.214629 -0.205898
0.902354 -0.2245 -0.203843
0.949471 -0.234173 -0.20248
0.994742 -0.243423 -0.201548
1.04359 -0.254 -0.213219
1.08966 -0.264486 -0.223812
1.13832 -0.275766 -0.227824
1.1867 -0.287804 -0.243822
1.23519 -0.298866 -0.224309
1.28257 -0.310098 -0.232769
1.32416 -0.31814 -0.191035
1.37298 -0.328682 -0.212632
1.41701 -0.337928 -0.20698
1.45442 -0.345044 -0.188018
1.50292 -0.354098 -0.184523
1.54696 -0.364071 -0.222727
1.59478 -0.377125 -0.266495
1.6405 -0.388334 -0.240371
1.68476 -0.399747 -0.252426
1.72741 -0.410177 -0.239854
1.77245 -0.418811 -0.189353
1.82075 -0.431013 -0.247458
1.86608 -0.441499 -0.227325
1.91482 -0.450869 -0.189944
1.96201 -0.46013 -0.193764
2.00815 -0.471488 -0.241375
2.05319 -0.483539 -0.261456
2.09758 -0.496681 -0.287859
2.14376 -0.508962 -0.259885
2.18407 -0.520736 -0.284166
2.22457 -0.534892 -0.336293
2.27185 -0.549506 -0.299771
2.31003 -0.561465 -0.303566
2.35684 -0.576258 -0.306059
2.40224 -0.588746 -0.268456
2.44633 -0.599864 -0.247008
2.49405 -0.613774 -0.283613
2.53606 -0.625938 -0.281887
2.58349 -0.638809 -0.264986
2.62173 -0.64859 -0.250383
2.65862 -0.655886 -0.195295
2.70706 -0.665769 -0.201255
2.75564 -0.677508 -0.237063
2.80293 -0.689693 -0.252179
2.84967 -0.701219 -0.241789
2.8979 -0.714282 -0.264488
2.94574 -0.724991 -0.220231
2.98877 -0.737709 -0.287382
3.02937 -0.747757 -0.242596
3.05817 -0.755554 -0.264404
3.09948 -0.76748 -0.281081
3.14251 -0.77908 -0.26333
3.17962 -0.789213 -0.266536
3.22632 -0.804272 -0.3119
3.26185 -0.815184 -0.297997
3.3033 -0.827147 -0.280997
3.35116 -0.841242 -0.286395
3.39002 -0.852642 -0.28532
3.43578 -0.865137 -0.266583
3.48153 -0.87654 -0.244285
3.5206 -0.885831 -0.233429
3.56849 -0.898228 -0.253319
3.60718 -0.90881 -0.266986
3.65185 -0.922002 -0.287158
3.69392 -0.935307 -0.306284
3.73707 -0.949728 -0.322541
3.78017 -0.960192 -0.238207
3.81173 -0.969946 -0.299762
3.84323 -0.98109 -0.339976
3.87238 -0.990789 -0.321228
3.89892 -0.99967 -0.322941
3.93801 -1.01282 -0.324425
3.98077 -1.02699 -0.320126
4.02334 -1.04023 -0.301502
4.06383 -1.05141 -0.269285
4.09603 -1.05936 -0.242171
4.11908 -1.06653 -0.301635
4.14775 -1.07736 -0.361258
4.18167 -1.09108 -0.384149
4.21209 -1.10207 -0.346692
4.23848 -1.11142 -0.340713
4.27548 -1.12514 -0.354891
4.30354 -1.13561 -0.357343
4.34476 -1.15009 -0.337792
4.38636 -1.16469 -0.337638
4.39539 -1.16775 -0.326245
4.40901 -1.17236 -0.326269
4.42893 -1.17966 -0.351438
4.46556 -1.19343 -0.359512
4.49325 -1.20422 -0.371539
4.51722 -1.21239 -0.328717
4.54421 -1.22059 -0.294785
4.56649 -1.22638 -0.254218
4.58271 -1.23031 -0.23764
4.59955 -1.23458 -0.24838
4.61098 -1.23779 -0.273542
4.62147 -1.24097 -0.294271
4.63567 -1.24548 -0.307849
4.64615 -1.2491 -0.332476
4.66125 -1.25387 -0.306086
4.67288 -1.25669 -0.237988
4.68649 -1.25999 -0.237564
4.6986 -1.26262 -0.21434
4.71502 -1.2655 -0.17343
4.72882 -1.26758 -0.149762
4.7509 -1.27086 -0.147547
4.77022 -1.27348 -0.134599
4.80528 -1.27966 -0.174334
4.8186 -1.28123 -0.11801
4.84828 -1.28389 -0.0891148
4.88058 -1.28843 -0.139767
4.90097 -1.2912 -0.134888
4.92485 -1.2936 -0.100155
4.94332 -1.29458 -0.0529038
4.96173 -1.2953 -0.0395419
4.97514 -1.29553 -0.0168025
4.99069 -1.29603 -0.0319931
5.00137 -1.29658 -0.0519663
5.00388 -1.29669 -0.0417012
5.01586 -1.29706 -0.0314739
5.02712 -1.29724 -0.0159857
5.02937 -1.29731 -0.0279973
5.03799 -1.29779 -0.0560514
5.04682 -1.29847 -0.0771096
5.05243 -1.29901 -0.095634
5.06987 -1.30126 -0.12805
5.07519 -1.3019 -0.119877
5.08327 -1.30289 -0.122627
5.09904 -1.30447 -0.0994697
5.11073 -1.30595 -0.125853
5.12187 -1.30764 -0.15114
5.13483 -1.30999 -0.17919
5.15494 -1.31563 -0.273476
5.15961 -1.31706 -0.296966
5.16221 -1.31782 -0.285484
5.16849 -1.31987 -0.314018
5.17453 -1.32201 -0.340565
5.18743 -1.32699 -0.368564
5.19805 -1.33134 -0.388795
5.2123 -1.33629 -0.334591
True
0.259602
