4.48011 -0.00870796 -2.72893
4.45134 -0.0224999 -2.69461
4.43071 -0.0327912 -2.67875
4.40639 -0.0478125 -2.58835
4.36685 -0.0750943 -2.53765
4.33011 -0.104265 -2.47045
4.29575 -0.137445 -2.37373
4.26808 -0.162785 -2.40019
4.23703 -0.193438 -2.36259
4.21187 -0.220483 -2.3201
4.17837 -0.256601 -2.31856
4.15109 -0.289683 -2.2603
4.13062 -0.317007 -2.21393
4.10306 -0.358503 -2.15697
4.07751 -0.400444 -2.11796
4.05558 -0.440963 -2.06694
4.03752 -0.476982 -2.03555
4.01915 -0.519214 -1.98105
4.00512 -0.551568 -1.97989
3.98834 -0.587539 -2.0073
3.97047 -0.63414 -1.93696
3.9528 -0.68 -1.93869
3.93597 -0.726877 -1.91551
3.91861 -0.772067 -1.93754
3.90353 -0.819036 -1.8814
3.88912 -0.863162 -1.88645
3.87307 -0.910388 -1.89844
3.85734 -0.953884 -1.91776
3.84553 -0.987476 -1.90895
3.83397 -1.02271 -1.88772
3.81759 -1.06988 -1.90503
3.80156 -1.11677 -1.90031
3.78474 -1.15863 -1.95272
3.77148 -1.19227 -1.94619
3.75629 -1.22593 -1.99493
3.73774 -1.26785 -1.98743
3.72253 -1.30475 -1.9617
3.70464 -1.34899 -1.95515
3.68366 -1.39427 -2.0045
3.67098 -1.42638 -1.94713
3.65429 -1.46813 -1.9511
3.63461 -1.51376 -1.97787
3.61428 -1.55943 -1.98973
3.59817 -1.59562 -1.98962
3.57874 -1.64168 -1.96988
3.56303 -1.68094 -1.9514
3.54649 -1.71856 -1.98512
3.52566 -1.76018 -2.03483
3.50435 -1.80538 -2.01145
3.48341 -1.84395 -2.06796
3.46285 -1.88303 -2.05517
3.44092 -1.92794 -2.0251
3.41849 -1.97243 -2.03771
3.39699 -2.01508 -2.03777
3.37874 -2.04964 -2.05661
3.3644 -2.07512 -2.08354
3.34099 -2.11798 -2.07062
3.3179 -2.15398 -2.14126
3.28981 -2.19533 -2.16744
3.26793 -2.22725 -2.17165
3.24573 -2.2593 -2.1765
3.22662 -2.2882 -2.15508
3.20496 -2.32002 -2.16849
3.1791 -2.35329 -2.23149
3.14751 -2.39036 -2.27649
3.11363 -2.42713 -2.3155
3.08091 -2.46293 -2.31125
3.05075 -2.49309 -2.35611
3.01702 -2.52798 -2.33937
2.98401 -2.56553 -2.29183
2.95025 -2.60155 -2.3239
2.92384 -2.6296 -2.32607
2.88954 -2.66357 -2.3609
2.85483 -2.69956 -2.33812
2.82413 -2.73144 -2.33743
2.79232 -2.76597 -2.3152
2.75852 -2.80183 -2.32674
2.73455 -2.82807 -2.31096
2.70269 -2.86112 -2.33783
2.67514 -2.88857 -2.35802
2.63818 -2.92198 -2.40657
2.60103 -2.95502 -2.41469
2.56265 -2.98703 -2.44637
2.52766 -3.01648 -2.44202
2.49087 -3.05034 -2.39764
2.45454 -3.08369 -2.39889
2.42188 -3.11386 -2.39577
2.39583 -3.13987 -2.35695
2.36089 -3.17382 -2.37069
2.32696 -3.20855 -2.34448
2.29151 -3.24318 -2.36787
2.25272 -3.27472 -2.45906
2.21631 -3.30774 -2.40494
2.18472 -3.33606 -2.41063
2.15266 -3.36472 -2.41228
2.11843 -3.39275 -2.45522
2.07919 -3.4237 -2.47392
2.04882 -3.44388 -2.55506
2.00755 -3.47194 -2.54438
1.9686 -3.49671 -2.5751
1.92961 -3.52217 -2.56313
1.88589 -3.54445 -2.67035
1.84158 -3.566 -2.68903
1.79746 -3.58766 -2.68522
1.75468 -3.60925 -2.67411
1.73448 -3.6188 -2.69999
1.69018 -3.63815 -2.72991
1.64463 -3.65876 -2.7166
1.60041 -3.67862 -2.71946
1.55556 -3.69747 -2.74365
1.51567 -3.71331 -2.76369
1.4727 -3.73036 -2.76393
1.44081 -3.74083 -2.82421
1.39834 -3.75368 -2.84782
1.35083 -3.76925 -2.82481
1.30384 -3.78359 -2.84556
1.2567 -3.79566 -2.89078
1.20902 -3.80856 -2.87754
1.17255 -3.81805 -2.887
1.13323 -3.82558 -2.95235
1.08449 -3.83656 -2.91988
1.03655 -3.8479 -2.9094
0.992718 -3.85869 -2.90013
0.944066 -3.86972 -2.91874
0.90106 -3.87997 -2.90752
0.860368 -3.88931 -2.91608
0.81417 -3.90148 -2.88405
0.766115 -3.91452 -2.87658
0.725566 -3.92486 -2.89201
0.678538 -3.93587 -2.9115
0.630164 -3.94821 -2.89178
0.595169 -3.95523 -2.94384
0.551703 -3.96306 -2.96338
0.502885 -3.96887 -3.02302
0.454532 -3.9751 -3.01337
0.4113 -3.9799 -3.03111
0.361824 -3.98674 -3.0042
0.315559 -3.9929 -3.00935
0.268548 -3.99897 -3.01305
0.218937 -4.00518 -3.01716
0.184101 -4.0082 -3.05513
0.134523 -4.01362 -3.03273
0.084811 -4.01778 -3.05803
0.0490896 -4.01969 -3.08815
0.00474427 -4.02369 -3.05163
-0.040226 -4.02582 -3.09431
-0.0885316 -4.02793 -3.098
-0.13411 -4.02778 -3.14485
-0.179084 -4.02775 3.14089
-0.216541 -4.02696 3.12059
-0.264341 -4.02496 3.0998
-0.298531 -4.0231 3.08734
-0.348472 -4.02072 3.09391
-0.396407 -4.01855 3.09635
-0.435808 -4.01696 3.10112
-0.477604 -4.01681 3.13802
-0.517357 -4.01615 3.12506
-0.567223 -4.01372 3.09301
-0.610461 -4.01207 3.10324
-0.65427 -4.01078 3.11214
-0.702559 -4.00898 3.10452
-0.744861 -4.00615 3.07468
-0.790174 -4.0023 3.05688
-0.832586 -3.99788 3.03782
-0.882161 -3.99345 3.05231
-0.926247 -3.99038 3.07225
-0.973734 -3.98972 3.12766
-1.01544 -3.9876 3.09066
-1.05829 -3.98312 3.0375
-1.10733 -3.98113 3.10109
-1.15292 -3.97983 3.11302
-1.20105 -3.97947 3.13409
-1.2508 -3.97941 3.14034
-1.29859 -3.97836 3.11979
-1.34446 -3.97638 3.09828
-1.39312 -3.97295 3.07122
-1.43735 -3.96741 3.01697
-1.48683 -3.96106 3.01414
-1.53157 -3.95409 2.98688
-1.57917 -3.94656 2.9847
-1.62479 -3.93871 2.97123
-1.67062 -3.93182 2.99232
-1.71971 -3.92351 2.97402
-1.76554 -3.91839 3.03022
-1.81122 -3.91405 3.04689
-1.85582 -3.90917 3.03275
-1.90533 -3.90326 3.02268
-1.9513 -3.89737 3.01424
-1.99859 -3.89266 3.04223
-2.0452 -3.88826 3.04748
-2.08727 -3.88446 3.05158
-2.13035 -3.87979 3.03349
-2.17942 -3.8774 3.09303
-2.21985 -3.87529 3.08947
-2.26562 -3.87331 3.09835
-2.30714 -3.87205 3.11127
-2.34666 -3.87028 3.09678
-2.39117 -3.86857 3.10323
-2.43558 -3.86756 3.1188
-2.47978 -3.86744 3.13887
-2.51609 -3.86747 3.1425
-2.56553 -3.86941 -3.10239
-2.61429 -3.87031 -3.12324
-2.66047 -3.87237 -3.097
-2.70886 -3.87286 -3.13142
-2.74186 -3.87278 -3.14394
-2.77527 -3.87114 3.09267
-2.80649 -3.86905 3.07447
-2.83956 -3.86678 3.07324
-2.87992 -3.86511 3.10023
-2.90768 -3.86393 3.09901
-2.94224 -3.86333 3.12432
-2.97939 -3.86178 3.09975
-3.02134 -3.85941 3.08517
-3.05478 -3.85803 3.10032
-3.09037 -3.85589 3.0816
-3.11732 -3.85477 3.10008
-3.1525 -3.85195 3.06172
-3.17908 -3.84789 2.99011
-3.20542 -3.84461 3.01741
-3.24113 -3.84096 3.03982
-3.27426 -3.8399 3.10973
-3.29579 -3.83956 3.12584
-3.32571 -3.83959 3.14231
-3.35027 -3.839 -3.16559
-3.37957 -3.83814 3.11248
-3.41589 -3.83595 3.08135
-3.42851 -3.83515 3.0784
-3.45135 -3.83322 3.05736
-3.47745 -3.83242 3.11072
-3.49555 -3.83339 3.19526
-3.51329 -3.83389 -3.11352
-3.53694 -3.8341 -3.13249
-3.55245 -3.83347 -3.1823
-3.57923 -3.8322 3.09404
-3.59001 -3.83115 3.04465
-3.60225 -3.8302 3.06454
-3.6213 -3.82857 3.05601
-3.64173 -3.82647 3.03916
-3.66098 -3.82441 3.03494
-3.6693 -3.82352 3.03516
-3.6837 -3.82187 3.02717
-3.69122 -3.82108 3.03715
-3.7008 -3.81979 3.0082
-3.713 -3.81811 3.00435
-3.72648 -3.81631 3.00887
-3.74526 -3.81432 3.03627
-3.75906 -3.81312 3.05433
-3.76871 -3.81244 3.07217
-3.80166 -3.80973 3.05937
-3.8216 -3.80725 3.01788
-3.85208 -3.80238 2.98322
-3.86984 -3.79937 2.97391
-3.89118 -3.79605 2.98718
-3.90349 -3.79405 2.98001
-3.91295 -3.79227 2.95559
-3.92808 -3.78924 2.94441
-3.93386 -3.78815 2.95363
-3.94879 -3.78478 2.91968
-3.95851 -3.78257 2.91882
-3.97388 -3.77864 2.89107
-3.98315 -3.77607 2.87111
-4.0011 -3.77141 2.88759
-4.01381 -3.76723 2.82401
-4.02798 -3.76293 2.84671
-4.03927 -3.76001 2.88853
-4.05297 -3.75756 2.96437
-4.06419 -3.75615 3.01672
-4.07777 -3.7544 3.01393
-4.09866 -3.75082 2.9717
-4.11179 -3.74815 2.94094
-4.1125 -3.748 2.9286
-4.12494 -3.74544 2.93898
-4.13729 -3.74282 2.93211
-4.15037 -3.73992 2.92364
-4.17039 -3.73547 2.92301
-4.18214 -3.73295 2.93045
-4.18996 -3.73155 2.96379
-4.20113 -3.72986 2.99118
-4.20816 -3.72865 2.9719
-4.21528 -3.72734 2.95927
-4.223 -3.7258 2.94459
True
0.187939
