-5.45805 1.39174 -0.02262
-5.40869 1.38967 -0.0419076
-5.36758 1.3879 -0.0430684
-5.32931 1.38604 -0.0485229
-5.27937 1.38422 -0.0362889
-5.2416 1.38199 -0.0589476
-5.19306 1.37936 -0.0543254
-5.14803 1.37769 -0.0368556
-5.10386 1.37764 -0.00126015
-5.0545 1.37743 -0.00432216
-5.00877 1.37704 -0.0083342
-4.9681 1.37832 0.0312433
-4.91814 1.37978 0.0293
-4.87327 1.38171 0.0430846
-4.82364 1.38269 0.0196761
-4.77371 1.38309 0.00789217
-4.73488 1.38266 -0.0109392
-4.68539 1.38228 -0.00771317
-4.63551 1.38176 -0.010491
-4.58948 1.38039 -0.0296109
-4.54469 1.38011 -0.00622674
-4.49946 1.37832 -0.0395093
-4.45316 1.37798 -0.00753785
-4.41101 1.37672 -0.0297659
-4.36292 1.37482 -0.0395245
-4.31306 1.37218 -0.0529855
-4.2641 1.36688 -0.107819
-4.21998 1.36365 -0.0728938
-4.17184 1.36054 -0.0645405
-4.12187 1.35929 -0.0249679
-4.0721 1.35867 -0.0125802
-4.02423 1.35668 -0.0414174
-3.97946 1.3566 -0.00194818
-3.9296 1.35425 -0.0469393
-3.88307 1.35293 -0.02837
-3.83575 1.3524 -0.0113453
-3.7969 1.35163 -0.0197316
-3.74692 1.35136 -0.00534344
-3.69727 1.35068 -0.0137387
-3.6475 1.34906 -0.032586
-3.60133 1.34653 -0.0546196
-3.55368 1.34472 -0.0380739
-3.50688 1.34202 -0.0577053
-3.45744 1.3385 -0.0709553
-3.40861 1.33487 -0.0741532
-3.36274 1.33277 -0.0457564
-3.31969 1.33073 -0.0474547
-3.27473 1.32789 -0.063179
-3.22587 1.32329 -0.0937268
-3.17978 1.31969 -0.0780608
-3.13011 1.31594 -0.0752985
-3.08367 1.31326 -0.0576568
-3.03771 1.31156 -0.0370567
-2.98798 1.30813 -0.0688122
-2.94653 1.30695 -0.0284931
-2.91459 1.30537 -0.0493817
-2.8703 1.30286 -0.0566892
-2.8207 1.30024 -0.0527355
-2.77222 1.29539 -0.0996846
-2.72345 1.29047 -0.100568
-2.67436 1.28384 -0.134104
-2.62601 1.27414 -0.198162
-2.59 1.26746 -0.183147
-2.54178 1.26103 -0.132686
-2.49855 1.25656 -0.103125
-2.46647 1.25448 -0.0646419
-2.41754 1.25008 -0.0896107
-2.36758 1.24929 -0.015785
-2.32303 1.2496 0.00678433
-2.27332 1.24765 -0.0392207
-2.22358 1.2427 -0.099191
-2.17391 1.23824 -0.0894233
-2.124 1.2358 -0.0488393
-2.08263 1.23268 -0.0754465
-2.0331 1.22958 -0.0624976
-1.98397 1.22486 -0.0955948
-1.94098 1.22104 -0.088812
-1.9058 1.21853 -0.0710011
-1.85588 1.21584 -0.0540074
-1.81278 1.21339 -0.0566913
-1.76772 1.20868 -0.104201
-1.72186 1.20429 -0.0953957
-1.67208 1.2006 -0.0739663
-1.6372 1.1978 -0.0800277
-1.58999 1.19373 -0.0860038
-1.55639 1.1926 -0.0336958
-1.50997 1.19067 -0.0415832
-1.46846 1.18692 -0.0900663
-1.43494 1.18376 -0.0939949
-1.38507 1.18051 -0.0650165
-1.33683 1.17788 -0.0545137
-1.28938 1.17682 -0.0222624
-1.24515 1.17752 0.015808
-1.19832 1.17815 0.0133281
-1.14935 1.17946 0.0268595
-1.10278 1.18187 0.0515699
-1.05441 1.18372 0.0382363
-1.0053 1.18451 0.0162111
-0.955423 1.18741 0.0580175
-0.906712 1.19217 0.0973582
-0.859506 1.19756 0.113699
-0.812293 1.20291 0.112897
-0.770752 1.20941 0.155127
-0.721166 1.21566 0.125402
-0.671595 1.22186 0.124532
-0.627433 1.22702 0.116314
-0.577772 1.2323 0.105882
-0.528088 1.23762 0.106646
-0.481261 1.24147 0.0820404
-0.437292 1.2468 0.120649
-0.388616 1.25281 0.122725
-0.339183 1.25943 0.133288
-0.297085 1.26634 0.16261
-0.255806 1.27265 0.151645
-0.206589 1.28013 0.150925
-0.162656 1.28559 0.123583
-0.113368 1.29166 0.122444
-0.0642315 1.3002 0.172122
-0.0207154 1.30718 0.158978
0.0285801 1.3131 0.119563
0.0727081 1.31739 0.0969755
0.121159 1.32046 0.0633718
0.170917 1.32529 0.0967029
0.217301 1.33089 0.120213
0.250079 1.33524 0.131871
0.299795 1.34031 0.101539
0.339538 1.34464 0.108576
0.38712 1.3495 0.101763
0.43334 1.35504 0.119305
0.482329 1.35921 0.0848917
0.531478 1.36398 0.0966865
0.579333 1.36874 0.0991632
0.617522 1.3727 0.1033
0.664046 1.37734 0.0994354
0.708568 1.38084 0.0784424
0.75444 1.3865 0.122756
0.80353 1.38943 0.059683
0.843947 1.39144 0.0498212
0.89367 1.39477 0.0668782
0.940502 1.39783 0.0651219
0.990283 1.40244 0.0922866
1.03958 1.40508 0.0536471
1.0842 1.41017 0.11347
1.1288 1.41166 0.033516
1.17852 1.41255 0.0179279
1.22843 1.41395 0.0278813
1.27699 1.41545 0.0309095
1.31943 1.4158 0.0082691
1.36888 1.41478 -0.020579
1.4159 1.41197 -0.0596975
1.46564 1.40886 -0.0624596
1.51554 1.40592 -0.0587732
1.56533 1.40138 -0.0910698
1.61479 1.39592 -0.109851
1.65188 1.39186 -0.109144
1.69629 1.38584 -0.134668
1.74594 1.38039 -0.109368
1.79541 1.37458 -0.116884
1.84032 1.36712 -0.164635
1.88194 1.3604 -0.160032
1.92754 1.35249 -0.171857
1.97176 1.34409 -0.187672
2.02094 1.33611 -0.160848
2.05724 1.32792 -0.221726
2.10647 1.31919 -0.175626
2.15263 1.3101 -0.194412
2.19736 1.30208 -0.177451
2.24611 1.29114 -0.220666
2.29513 1.28133 -0.197624
2.34279 1.26964 -0.240397
2.39123 1.25857 -0.224649
2.42882 1.25158 -0.183905
2.47778 1.24246 -0.184221
2.52648 1.23299 -0.192105
2.5684 1.22525 -0.182681
2.61751 1.21819 -0.142652
2.66661 1.20893 -0.186409
2.70248 1.20131 -0.209461
2.74979 1.1914 -0.206367
2.79846 1.18041 -0.222111
2.84722 1.16944 -0.221317
2.89265 1.1602 -0.200678
2.93818 1.15046 -0.2108
2.98151 1.14137 -0.206751
3.02957 1.13204 -0.191614
3.07692 1.12342 -0.180067
3.12508 1.11218 -0.229461
3.17145 1.10263 -0.203085
3.21587 1.09342 -0.204333
3.26414 1.08368 -0.199085
3.3105 1.07413 -0.203231
3.35322 1.06475 -0.216046
3.39405 1.05799 -0.164052
3.43563 1.05105 -0.165524
3.47904 1.04254 -0.193474
3.52605 1.03323 -0.195605
3.57395 1.02633 -0.143119
3.61799 1.01994 -0.14403
3.6653 1.01345 -0.136325
3.70207 1.00961 -0.10413
3.74883 1.00539 -0.0899325
3.78998 1.00021 -0.125263
3.81934 0.996775 -0.116397
3.82907 0.995243 -0.15609
3.85136 0.992107 -0.139781
3.85992 0.990795 -0.151986
3.8842 0.988451 -0.0962642
3.91271 0.986163 -0.0800851
3.9366 0.984529 -0.0683007
3.97248 0.983332 -0.0333287
4.01914 0.984007 0.0144562
4.06023 0.983919 -0.00214486
4.10518 0.982981 -0.020868
4.14056 0.981615 -0.0385754
4.1777 0.980588 -0.0276534
4.21159 0.979652 -0.0276241
4.2496 0.978337 -0.0345687
4.28125 0.97717 -0.0368627
4.32348 0.975521 -0.0390348
4.35014 0.974867 -0.0245342
4.36744 0.973982 -0.0510355
4.39734 0.972728 -0.0419229
4.42107 0.972669 -0.0025171
4.43357 0.972238 -0.0344626
4.44826 0.971874 -0.0247591
4.46363 0.971562 -0.0202828
4.47353 0.971356 -0.0208183
4.49262 0.970351 -0.0526133
4.50705 0.96906 -0.0891671
4.51404 0.968135 -0.131641
4.5298 0.965838 -0.144708
4.54319 0.96371 -0.157589
4.56853 0.959433 -0.1672
4.58708 0.956339 -0.165331
4.60667 0.953263 -0.155754
4.63052 0.948846 -0.18311
4.65543 0.943218 -0.22216
4.66431 0.941217 -0.221629
4.6788 0.938597 -0.178905
4.68562 0.937361 -0.179372
4.69077 0.936215 -0.218731
4.70014 0.933854 -0.246946
4.70632 0.932452 -0.222875
4.72793 0.928212 -0.193815
4.75455 0.923946 -0.158892
4.77582 0.920228 -0.173045
4.79158 0.916885 -0.208993
4.79559 0.916131 -0.185766
4.80918 0.91326 -0.208255
4.82336 0.910298 -0.205904
4.83503 0.907923 -0.200923
4.85234 0.904781 -0.179433
4.87552 0.900205 -0.194945
4.88971 0.89746 -0.191064
4.89825 0.895584 -0.216314
4.91535 0.891977 -0.207925
4.93054 0.888202 -0.243528
4.93801 0.886211 -0.260482
4.95211 0.882637 -0.248271
4.97205 0.876943 -0.278178
4.97951 0.874735 -0.287749
4.98732 0.872448 -0.284894
5.00144 0.867774 -0.319533
5.01481 0.863013 -0.342175
5.01921 0.861532 -0.324475
5.02691 0.859425 -0.267314
5.03748 0.857071 -0.219116
5.04689 0.855394 -0.176229
5.04676 0.855416 -0.158819
5.05891 0.853308 -0.171838
5.07685 0.849824 -0.191738
5.10067 0.843808 -0.247405
5.11209 0.840243 -0.30254
5.11829 0.838233 -0.313734
5.13076 0.834244 -0.30951
5.13971 0.831495 -0.298116
5.15263 0.827705 -0.285165
5.16481 0.824328 -0.270646
5.17884 0.820509 -0.265741
5.18588 0.818756 -0.243948
5.19832 0.815644 -0.245107
5.20648 0.813766 -0.226266
5.21999 0.810831 -0.21397
True
0.24749
