-5.47441 -1.52821 -0.143815
-5.44463 -1.53627 -0.264229
-5.40483 -1.54715 -0.266686
-5.35772 -1.56358 -0.335613
-5.31554 -1.57906 -0.351797
-5.279 -1.59272 -0.357757
-5.2487 -1.60442 -0.36832
-5.20738 -1.6248 -0.45826
-5.1626 -1.64677 -0.456146
-5.11798 -1.66913 -0.464636
-5.08699 -1.68573 -0.491626
-5.04825 -1.70617 -0.485563
-5.00468 -1.73047 -0.508695
-4.9611 -1.75407 -0.496244
-4.91745 -1.77843 -0.509104
-4.87867 -1.79823 -0.472214
-4.8455 -1.81617 -0.495567
-4.80548 -1.83876 -0.513865
-4.76325 -1.86548 -0.564229
-4.73309 -1.88431 -0.558004
-4.69262 -1.90931 -0.553479
-4.6533 -1.93313 -0.544649
-4.61208 -1.95998 -0.577312
-4.56906 -1.98488 -0.524784
-4.5296 -2.009 -0.548551
-4.49041 -2.03173 -0.525496
-4.45067 -2.05424 -0.515561
-4.40738 -2.07925 -0.523813
-4.37392 -2.09676 -0.482172
-4.33057 -2.1213 -0.515043
-4.28908 -2.1439 -0.49874
-4.25885 -2.16088 -0.511776
-4.21588 -2.18262 -0.468476
-4.18277 -2.19898 -0.45884
-4.13738 -2.21762 -0.389679
-4.09187 -2.23762 -0.414026
-4.0469 -2.25076 -0.284349
-3.9989 -2.26468 -0.2823
-3.95301 -2.27652 -0.252531
-3.90528 -2.28767 -0.229377
-3.85623 -2.29737 -0.195362
-3.80792 -2.30797 -0.215926
-3.76761 -2.31374 -0.142075
-3.72283 -2.31953 -0.128672
-3.67603 -2.32575 -0.132056
-3.62674 -2.33177 -0.121602
-3.58564 -2.33641 -0.112442
-3.53644 -2.33978 -0.0683623
-3.48858 -2.34281 -0.0632552
-3.43866 -2.34455 -0.0347236
-3.39087 -2.34721 -0.0557739
-3.34187 -2.35343 -0.126275
-3.29518 -2.35785 -0.0942954
-3.24867 -2.36189 -0.0866494
-3.20041 -2.36655 -0.0962464
-3.15089 -2.37342 -0.13787
-3.1011 -2.37789 -0.0894601
-3.0595 -2.38233 -0.106493
-3.02869 -2.38649 -0.13405
-2.98724 -2.39094 -0.107055
-2.93826 -2.39557 -0.0940771
-2.8993 -2.40007 -0.115184
-2.85131 -2.40428 -0.0874725
-2.8028 -2.40926 -0.102227
-2.75316 -2.41398 -0.0948089
-2.70512 -2.41858 -0.0955778
-2.66568 -2.42063 -0.0519394
-2.62557 -2.42414 -0.0872308
-2.58463 -2.42446 -0.00783414
-2.54005 -2.42774 -0.0733077
-2.49267 -2.43121 -0.073184
-2.44658 -2.43511 -0.0843844
-2.40066 -2.43796 -0.0619308
-2.35213 -2.43896 -0.0207227
-2.30634 -2.44257 -0.0785409
-2.25643 -2.44309 -0.0105176
-2.20728 -2.44273 0.00737409
-2.15729 -2.44384 -0.0222528
-2.10811 -2.44547 -0.0330243
-2.06058 -2.44523 0.00497689
-2.01077 -2.44503 0.00393393
-1.96077 -2.4453 -0.00540792
-1.91088 -2.44406 0.0249943
-1.86441 -2.44258 0.0317215
-1.81913 -2.44224 0.00754135
-1.77194 -2.44252 -0.00586392
-1.72489 -2.44306 -0.0114434
-1.67521 -2.44256 0.00991105
-1.62605 -2.44388 -0.0267235
-1.58347 -2.44348 0.00924105
-1.53408 -2.44722 -0.0755343
-1.5031 -2.45027 -0.0979936
-1.45541 -2.45567 -0.112863
-1.40873 -2.46118 -0.117359
-1.36887 -2.46685 -0.141292
-1.3246 -2.47587 -0.201151
-1.27989 -2.48561 -0.214399
-1.24198 -2.49531 -0.250473
-1.20355 -2.50552 -0.259667
-1.1763 -2.51177 -0.225712
-1.13456 -2.52056 -0.20741
-1.0929 -2.52802 -0.177244
-1.05388 -2.53482 -0.172408
-1.01517 -2.541 -0.15834
-0.978487 -2.54651 -0.149315
-0.947796 -2.55106 -0.147023
-0.912643 -2.55737 -0.177762
-0.870808 -2.56422 -0.162276
-0.825995 -2.57185 -0.168535
-0.791339 -2.57831 -0.184397
-0.756731 -2.58474 -0.183529
-0.722359 -2.59106 -0.181909
-0.694117 -2.59576 -0.164802
-0.656415 -2.60139 -0.14828
-0.62696 -2.60519 -0.128229
-0.587971 -2.61189 -0.17018
-0.563036 -2.61711 -0.206654
-0.54164 -2.62122 -0.189517
-0.532091 -2.62294 -0.178507
-0.519175 -2.62537 -0.186276
-0.50802 -2.62758 -0.195117
-0.481469 -2.63378 -0.229319
-0.456814 -2.63986 -0.241719
-0.425225 -2.64762 -0.240927
-0.393471 -2.6553 -0.237344
-0.36178 -2.66306 -0.240211
-0.339102 -2.66912 -0.261184
-0.310482 -2.67674 -0.260054
-0.267116 -2.68818 -0.258007
-0.223644 -2.69939 -0.252272
-0.191696 -2.7071 -0.236766
-0.160366 -2.71406 -0.218751
-0.130431 -2.72083 -0.222563
-0.10574 -2.72657 -0.228275
-0.0739572 -2.73338 -0.210926
-0.0534586 -2.73746 -0.196505
-0.0327085 -2.74191 -0.211619
-0.0244612 -2.74369 -0.212458
-0.0126223 -2.74595 -0.188007
0.000257996 -2.74839 -0.187138
0.0110734 -2.75061 -0.202901
0.0173109 -2.75203 -0.22407
0.0328921 -2.75597 -0.247634
0.048038 -2.75961 -0.235773
0.0595706 -2.76199 -0.203477
0.0704718 -2.764 -0.182451
0.0860042 -2.76693 -0.186436
0.0939305 -2.76848 -0.193207
0.111448 -2.77259 -0.230176
0.124297 -2.77614 -0.269754
0.134239 -2.77876 -0.257318
0.147791 -2.78263 -0.278553
0.160872 -2.78576 -0.234676
0.172402 -2.78829 -0.216141
0.179732 -2.78968 -0.187389
0.185393 -2.79039 -0.124951
0.198126 -2.79195 -0.122104
0.210889 -2.79349 -0.119772
0.225083 -2.79504 -0.108691
0.234286 -2.79604 -0.108097
0.243603 -2.79698 -0.100863
0.252728 -2.79844 -0.158715
0.261081 -2.80038 -0.227853
0.270481 -2.80306 -0.278316
0.29751 -2.81092 -0.282841
0.31686 -2.81633 -0.27275
0.326422 -2.81853 -0.225885
0.333293 -2.82002 -0.214056
0.349145 -2.82321 -0.198365
0.356789 -2.82485 -0.211679
0.371955 -2.82734 -0.16238
0.377442 -2.82855 -0.216967
0.386461 -2.8308 -0.244509
0.407696 -2.83746 -0.30392
0.40612 -2.83705 -0.250455
0.41646 -2.83939 -0.22263
0.426413 -2.84205 -0.260468
0.433464 -2.84372 -0.233643
0.443767 -2.84507 -0.129576
0.458876 -2.84612 -0.0698824
0.470191 -2.84654 -0.0364234
0.47661 -2.84629 0.0391972
0.481493 -2.84585 0.0889875
0.494162 -2.84311 0.213013
0.515408 -2.83727 0.26826
0.523625 -2.83444 0.331105
0.528348 -2.8326 0.372681
0.52917 -2.83234 0.30294
0.532248 -2.83178 0.180069
0.534728 -2.83158 0.0801629
0.541906 -2.83192 -0.0474102
0.543071 -2.83203 -0.0915211
0.539685 -2.83136 -0.196254
0.55844 -2.83467 -0.174911
0.570282 -2.83805 -0.278052
0.576356 -2.84023 -0.344379
0.57146 -2.83833 -0.370817
0.588916 -2.84618 -0.422752
0.601061 -2.8529 -0.505264
0.600712 -2.8527 -0.512584
0.603888 -2.85472 -0.565742
0.604791 -2.85535 -0.614231
0.612937 -2.86211 -0.692484
0.61189 -2.86115 -0.739846
0.615194 -2.8646 -0.806554
0.616539 -2.86618 -0.864371
0.618475 -2.86851 -0.877107
0.623034 -2.87459 -0.927456
0.627784 -2.88128 -0.95342
0.629709 -2.88431 -1.00548
0.634235 -2.89159 -1.01462
0.640371 -2.90147 -1.01488
0.649845 -2.92019 -1.10225
0.653902 -2.92935 -1.15407
0.660167 -2.9471 -1.23146
0.666649 -2.96726 -1.25972
0.668683 -2.97375 -1.26698
0.67188 -2.98879 -1.36142
0.675094 -3.00648 -1.39106
0.677768 -3.02209 -1.40108
0.682188 -3.04575 -1.38611
0.684155 -3.06253 -1.45413
0.683446 -3.05478 -1.47951
0.685112 -3.07206 -1.47467
0.685727 -3.08274 -1.51321
0.685586 -3.10904 -1.57617
0.686582 -3.1287 -1.52016
0.687088 -3.15231 -1.54938
0.687148 -3.17309 -1.5679
0.687316 -3.17981 -1.54579
0.687687 -3.18602 -1.51117
0.688 -3.19228 -1.52078
0.688031 -3.1966 -1.56369
0.68791 -3.20332 -1.5888
0.687435 -3.21293 -1.62019
0.687495 -3.21172 -1.62049
0.687352 -3.22184 -1.58493
0.687258 -3.24593 -1.57472
0.687101 -3.25834 -1.58342
0.687085 -3.2586 -1.63225
0.686645 -3.27216 -1.60324
0.686317 -3.28474 -1.59682
0.68622 -3.28987 -1.58971
0.685215 -3.30418 -1.64098
0.682676 -3.33868 -1.64424
0.679933 -3.36529 -1.67351
0.679137 -3.37466 -1.65553
0.67863 -3.38003 -1.66503
0.678847 -3.37624 -1.6282
0.679086 -3.37149 -1.62099
0.678217 -3.38773 -1.62424
0.678157 -3.39491 -1.57915
0.678102 -3.39657 -1.60398
0.677884 -3.39992 -1.63595
0.677646 -3.40375 -1.63289
0.676951 -3.4117 -1.65796
0.676975 -3.41153 -1.70629
0.675407 -3.42106 -1.73384
0.673561 -3.43041 -1.76569
0.672136 -3.43809 -1.75433
0.670606 -3.447 -1.74068
0.669351 -3.46076 -1.66178
0.668842 -3.47026 -1.62432
0.668638 -3.47381 -1.6282
0.668188 -3.48842 -1.60158
0.668183 -3.4898 -1.57438
0.668084 -3.48787 -1.51946
0.668536 -3.49645 -1.51815
0.668986 -3.50294 -1.50162
0.669173 -3.51269 -1.55165
0.669258 -3.51629 -1.54728
0.669551 -3.52807 -1.5459
0.671325 -3.54465 -1.46423
0.673309 -3.55997 -1.44198
0.672894 -3.55372 -1.50449
0.67284 -3.553 -1.4947
0.672924 -3.5538 -1.46558
0.67368 -3.56228 -1.48193
0.673432 -3.55994 -1.4654
0.674342 -3.56881 -1.46847
0.676252 -3.5813 -1.41905
0.675715 -3.5793 -1.30762
0.678496 -3.58615 -1.18493
0.679217 -3.58756 -1.09787
0.675333 -3.58138 -1.00936
0.679411 -3.58694 -0.938008
0.681454 -3.58986 -0.959665
0.687841 -3.59745 -0.871218
0.677955 -3.5851 -0.895575
0.670947 -3.57445 -0.98902
0.674887 -3.58079 -1.01509
0.680937 -3.59204 -1.07713
0.68584 -3.60271 -1.1403
0.683942 -3.59732 -1.23276
0.684489 -3.5989 -1.23862
0.682138 -3.59416 -1.11043
0.685367 -3.59948 -1.02511
0.685697 -3.59994 -0.955353
0.700846 -3.61647 -0.828713
0.699997 -3.61568 -0.745276
0.706641 -3.62078 -0.654333
0.710321 -3.62306 -0.554985
0.702052 -3.61928 -0.429027
0.70289 -3.61956 -0.328491
0.700377 -3.61906 -0.198621
0.698963 -3.61885 -0.149246
0.690486 -3.61861 -0.02781
0.685762 -3.6187 0.019665
0.690569 -3.61798 0.149618
0.694188 -3.61695 0.276186
0.690571 -3.6185 0.403538
0.691669 -3.61785 0.53344
0.686617 -3.62169 0.650633
0.687913 -3.62055 0.723368
0.697646 -3.61001 0.825124
0.702276 -3.60408 0.90795
0.714656 -3.58427 1.01218
0.714656 -3.58427 1.01218
0.714656 -3.58427 1.01218
0.714656 -3.58427 1.01218
0.714656 -3.58427 1.01218
0.714656 -3.58427 1.01218
0.714656 -3.58427 1.01218
0.714656 -3.58427 1.01218
0.714656 -3.58427 1.01218
0.714656 -3.58427 1.01218
0.714656 -3.58427 1.01218
0.714656 -3.58427 1.01218
0.714656 -3.58427 1.01218
0.714656 -3.58427 1.01218
0.714656 -3.58427 1.01218
0.714656 -3.58427 1.01218
0.714656 -3.58427 1.01218
0.714656 -3.58427 1.01218
0.714656 -3.58427 1.01218
0.714656 -3.58427 1.01218
0.714656 -3.58427 1.01218
0.714656 -3.58427 1.01218
0.714656 -3.58427 1.01218
0.714656 -3.58427 1.01218
0.714656 -3.58427 1.01218
0.714656 -3.58427 1.01218
0.714656 -3.58427 1.01218
0.714656 -3.58427 1.01218
0.714656 -3.58427 1.01218
0.714656 -3.58427 1.01218
0.714656 -3.58427 1.01218
0.714656 -3.58427 1.01218
0.714656 -3.58427 1.01218
0.714656 -3.58427 1.01218
0.714656 -3.58427 1.01218
0.714656 -3.58427 1.01218
0.714656 -3.58427 1.01218
0.714656 -3.58427 1.01218
0.714656 -3.58427 1.01218
0.714656 -3.58427 1.01218
0.714656 -3.58427 1.01218
0.714656 -3.58427 1.01218
0.714656 -3.58427 1.01218
0.714656 -3.58427 1.01218
0.714656 -3.58427 1.01218
0.714656 -3.58427 1.01218
0.714656 -3.58427 1.01218
0.714656 -3.58427 1.01218
0.714656 -3.58427 1.01218
0.714656 -3.58427 1.01218
0.714656 -3.58427 1.01218
0.714656 -3.58427 1.01218
0.714656 -3.58427 1.01218
0.714656 -3.58427 1.01218
0.714656 -3.58427 1.01218
0.714656 -3.58427 1.01218
0.714656 -3.58427 1.01218
0.714656 -3.58427 1.01218
0.714656 -3.58427 1.01218
0.714656 -3.58427 1.01218
0.714656 -3.58427 1.01218
0.714656 -3.58427 1.01218
0.714656 -3.58427 1.01218
0.714656 -3.58427 1.01218
0.714656 -3.58427 1.01218
0.714656 -3.58427 1.01218
0.714656 -3.58427 1.01218
0.714656 -3.58427 1.01218
0.714656 -3.58427 1.01218
0.714656 -3.58427 1.01218
0.714656 -3.58427 1.01218
0.714656 -3.58427 1.01218
0.714656 -3.58427 1.01218
0.714656 -3.58427 1.01218
0.714656 -3.58427 1.01218
0.714656 -3.58427 1.01218
0.714656 -3.58427 1.01218
0.714656 -3.58427 1.01218
0.714656 -3.58427 1.01218
0.714656 -3.58427 1.01218
0.714656 -3.58427 1.01218
0.714656 -3.58427 1.01218
0.714656 -3.58427 1.01218
0.714656 -3.58427 1.01218
0.714656 -3.58427 1.01218
0.714656 -3.58427 1.01218
0.714656 -3.58427 1.01218
0.714656 -3.58427 1.01218
0.714656 -3.58427 1.01218
0.714656 -3.58427 1.01218
0.714656 -3.58427 1.01218
0.714656 -3.58427 1.01218
0.714656 -3.58427 1.01218
0.714656 -3.58427 1.01218
0.714656 -3.58427 1.01218
0.714656 -3.58427 1.01218
0.714656 -3.58427 1.01218
0.714656 -3.58427 1.01218
0.714656 -3.58427 1.01218
0.714656 -3.58427 1.01218
0.714656 -3.58427 1.01218
0.714656 -3.58427 1.01218
0.714656 -3.58427 1.01218
0.714656 -3.58427 1.01218
0.714656 -3.58427 1.01218
0.714656 -3.58427 1.01218
0.714656 -3.58427 1.01218
0.714656 -3.58427 1.01218
0.714656 -3.58427 1.01218
0.714656 -3.58427 1.01218
0.714656 -3.58427 1.01218
0.714656 -3.58427 1.01218
0.714656 -3.58427 1.01218
0.714656 -3.58427 1.01218
0.714656 -3.58427 1.01218
0.714656 -3.58427 1.01218
0.714656 -3.58427 1.01218
0.714656 -3.58427 1.01218
0.714656 -3.58427 1.01218
0.714656 -3.58427 1.01218
0.714656 -3.58427 1.01218
0.714656 -3.58427 1.01218
0.714656 -3.58427 1.01218
0.714656 -3.58427 1.01218
0.714656 -3.58427 1.01218
0.714656 -3.58427 1.01218
0.714656 -3.58427 1.01218
0.714656 -3.58427 1.01218
0.714656 -3.58427 1.01218
0.714656 -3.58427 1.01218
0.714656 -3.58427 1.01218
0.714656 -3.58427 1.01218
0.714656 -3.58427 1.01218
0.714656 -3.58427 1.01218
0.714656 -3.58427 1.01218
0.714656 -3.58427 1.01218
0.714656 -3.58427 1.01218
0.714656 -3.58427 1.01218
0.714656 -3.58427 1.01218
0.714656 -3.58427 1.01218
0.714656 -3.58427 1.01218
0.714656 -3.58427 1.01218
0.714656 -3.58427 1.01218
0.714656 -3.58427 1.01218
0.714656 -3.58427 1.01218
0.714656 -3.58427 1.01218
0.714656 -3.58427 1.01218
0.714656 -3.58427 1.01218
0.714656 -3.58427 1.01218
0.714656 -3.58427 1.01218
0.714656 -3.58427 1.01218
0.714656 -3.58427 1.01218
0.714656 -3.58427 1.01219
0.714656 -3.58427 1.01219
0.714656 -3.58427 1.01219
0.714656 -3.58427 1.01219
0.714656 -3.58427 1.01219
0.714656 -3.58427 1.01219
0.714656 -3.58427 1.0122
0.714656 -3.58427 1.0122
0.714656 -3.58427 1.0122
0.714656 -3.58427 1.0122
0.714656 -3.58427 1.0122
0.714656 -3.58427 1.01221
0.714656 -3.58427 1.01221
0.714656 -3.58427 1.01221
0.714656 -3.58427 1.01221
0.714656 -3.58427 1.01221
0.714656 -3.58427 1.01221
0.714656 -3.58427 1.01222
0.714656 -3.58427 1.01222
0.714656 -3.58427 1.01222
0.714656 -3.58427 1.01222
0.714656 -3.58427 1.01222
0.714656 -3.58427 1.01222
0.714656 -3.58427 1.01223
0.714656 -3.58427 1.01223
0.714656 -3.58427 1.01223
0.714656 -3.58427 1.01223
0.714656 -3.58427 1.01223
0.714656 -3.58427 1.01224
0.714656 -3.58427 1.01224
0.714656 -3.58427 1.01224
0.714656 -3.58427 1.01224
0.714656 -3.58427 1.01224
0.714656 -3.58427 1.01224
0.714656 -3.58427 1.01225
0.714656 -3.58427 1.01225
0.714656 -3.58427 1.01225
0.714656 -3.58427 1.01225
0.714656 -3.58427 1.01225
0.714656 -3.58427 1.01226
0.714656 -3.58427 1.01226
0.714656 -3.58427 1.01226
0.714656 -3.58427 1.01226
0.714656 -3.58427 1.01226
0.714656 -3.58427 1.01227
0.714656 -3.58427 1.01227
0.714656 -3.58427 1.01227
0.714656 -3.58427 1.01227
0.714656 -3.58427 1.01227
0.714656 -3.58427 1.01227
0.714656 -3.58427 1.01227
0.714656 -3.58427 1.01227
0.714656 -3.58427 1.01227
0.714656 -3.58427 1.01227
0.714656 -3.58427 1.01227
0.714656 -3.58427 1.01227
0.714656 -3.58427 1.01227
0.714656 -3.58427 1.01227
0.714656 -3.58427 1.01227
0.714656 -3.58427 1.01227
0.714656 -3.58427 1.01227
0.714656 -3.58427 1.01227
0.714656 -3.58427 1.01227
0.714656 -3.58427 1.01227
0.714656 -3.58427 1.01227
0.714656 -3.58427 1.01227
0.714656 -3.58427 1.01227
0.714656 -3.58427 1.01227
0.714656 -3.58427 1.01227
0.714656 -3.58427 1.01227
0.714656 -3.58427 1.01227
0.714656 -3.58427 1.01227
0.714656 -3.58427 1.01227
0.714656 -3.58427 1.01227
0.714656 -3.58427 1.01227
0.714656 -3.58427 1.01227
0.714656 -3.58427 1.01227
0.714656 -3.58427 1.01227
0.714656 -3.58427 1.01227
0.714656 -3.58427 1.01227
0.714656 -3.58427 1.01227
0.714656 -3.58427 1.01227
0.714656 -3.58427 1.01227
0.714656 -3.58427 1.01227
0.714656 -3.58427 1.01227
0.714656 -3.58427 1.01227
0.714656 -3.58427 1.01227
0.714656 -3.58427 1.01227
0.714656 -3.58427 1.01227
0.714656 -3.58427 1.01227
0.714656 -3.58427 1.01227
0.714656 -3.58427 1.01227
0.714656 -3.58427 1.01227
0.714656 -3.58427 1.01227
0.714656 -3.58427 1.01227
0.714656 -3.58427 1.01227
0.714656 -3.58427 1.01227
0.714656 -3.58427 1.01227
0.714656 -3.58427 1.01227
0.714656 -3.58427 1.01227
0.714656 -3.58427 1.01227
0.714656 -3.58427 1.01227
0.714656 -3.58427 1.01227
0.714656 -3.58427 1.01227
0.714656 -3.58427 1.01227
0.714656 -3.58427 1.01227
0.714656 -3.58427 1.01227
0.714656 -3.58427 1.01227
0.714656 -3.58427 1.01227
0.714656 -3.58427 1.01227
0.714656 -3.58427 1.01227
0.714656 -3.58427 1.01227
0.714656 -3.58427 1.01227
0.714656 -3.58427 1.01227
0.714656 -3.58427 1.01227
0.714656 -3.58427 1.01227
0.714656 -3.58427 1.01227
0.714656 -3.58427 1.01227
0.714656 -3.58427 1.01227
0.714656 -3.58427 1.01227
0.714656 -3.58427 1.01227
0.714656 -3.58427 1.01227
0.714656 -3.58427 1.01227
0.714656 -3.58427 1.01227
0.714656 -3.58427 1.01227
0.714656 -3.58427 1.01227
0.714656 -3.58427 1.01227
0.714656 -3.58427 1.01227
0.714656 -3.58427 1.01227
0.714656 -3.58427 1.01227
0.714656 -3.58427 1.01227
0.714656 -3.58427 1.01227
0.714656 -3.58427 1.01227
0.714656 -3.58427 1.01227
0.714656 -3.58427 1.01227
0.714656 -3.58427 1.01227
0.714656 -3.58427 1.01227
0.714656 -3.58427 1.01227
0.714656 -3.58427 1.01227
0.714656 -3.58427 1.01227
0.714656 -3.58427 1.01227
0.714656 -3.58427 1.01227
0.714656 -3.58427 1.01227
0.714656 -3.58427 1.01227
0.714656 -3.58427 1.01227
0.714656 -3.58427 1.01227
0.714656 -3.58427 1.01227
0.714656 -3.58427 1.01227
0.714656 -3.58427 1.01227
0.714656 -3.58427 1.01227
0.714656 -3.58427 1.01227
0.714656 -3.58427 1.01227
0.714656 -3.58427 1.01227
0.714656 -3.58427 1.01227
0.714656 -3.58427 1.01227
0.714656 -3.58427 1.01227
0.714656 -3.58427 1.01227
0.714656 -3.58427 1.01227
0.714656 -3.58427 1.01227
0.714656 -3.58427 1.01227
0.714656 -3.58427 1.01227
0.714656 -3.58427 1.01227
0.714656 -3.58427 1.01227
0.714656 -3.58427 1.01227
0.714656 -3.58427 1.01227
0.714656 -3.58427 1.01227
0.714656 -3.58427 1.01227
0.714656 -3.58427 1.01227
0.714656 -3.58427 1.01227
0.714656 -3.58427 1.01227
0.714656 -3.58427 1.01227
0.714656 -3.58427 1.01227
0.714656 -3.58427 1.01227
0.714656 -3.58427 1.01228
0.714656 -3.58427 1.01228
0.714656 -3.58427 1.01228
0.714656 -3.58427 1.01229
0.714656 -3.58427 1.01229
0.714656 -3.58427 1.01229
0.714656 -3.58427 1.0123
0.714656 -3.58427 1.0123
0.714656 -3.58427 1.0123
0.714656 -3.58427 1.01231
0.714656 -3.58427 1.01231
0.714656 -3.58427 1.01232
0.714656 -3.58427 1.01232
0.714656 -3.58427 1.01232
0.714656 -3.58427 1.01233
0.714656 -3.58427 1.01233
0.714656 -3.58427 1.01233
0.714656 -3.58427 1.01234
0.714656 -3.58427 1.01234
0.714656 -3.58427 1.01235
0.714656 -3.58427 1.01235
0.714656 -3.58427 1.01235
0.714656 -3.58427 1.01236
0.714656 -3.58427 1.01236
0.714656 -3.58427 1.01236
0.714656 -3.58427 1.01237
0.714656 -3.58427 1.01237
0.714656 -3.58427 1.01237
0.714656 -3.58427 1.01238
0.714656 -3.58427 1.01238
0.714656 -3.58427 1.01239
0.714656 -3.58427 1.01239
0.714656 -3.58427 1.01239
0.714656 -3.58427 1.0124
0.714656 -3.58427 1.0124
0.714656 -3.58427 1.0124
0.714656 -3.58427 1.01241
0.714656 -3.58427 1.01241
0.714656 -3.58427 1.01242
0.714656 -3.58427 1.01242
0.714656 -3.58427 1.01242
0.714656 -3.58427 1.01243
0.714656 -3.58427 1.01243
0.714656 -3.58427 1.01243
0.714656 -3.58427 1.01244
0.714656 -3.58427 1.01244
0.714656 -3.58427 1.01245
0.714656 -3.58427 1.01245
0.714656 -3.58427 1.01245
0.714656 -3.58427 1.01245
0.714656 -3.58427 1.01246
0.714656 -3.58427 1.01246
0.714656 -3.58427 1.01246
0.714656 -3.58427 1.01246
0.714656 -3.58427 1.01246
0.714656 -3.58427 1.01246
0.714656 -3.58427 1.01246
0.714656 -3.58427 1.01246
0.714656 -3.58427 1.01246
0.714656 -3.58427 1.01246
0.714656 -3.58427 1.01246
0.714656 -3.58427 1.01246
0.714656 -3.58427 1.01246
0.714656 -3.58427 1.01246
0.714656 -3.58427 1.01246
0.714656 -3.58427 1.01246
0.714656 -3.58427 1.01246
0.714656 -3.58427 1.01246
0.714656 -3.58427 1.01246
0.714656 -3.58427 1.01246
0.714656 -3.58427 1.01246
0.714656 -3.58427 1.01246
0.714656 -3.58427 1.01246
0.714656 -3.58427 1.01246
0.714656 -3.58427 1.01246
0.714656 -3.58427 1.01246
0.714656 -3.58427 1.01246
0.714656 -3.58427 1.01246
0.714656 -3.58427 1.01246
0.714656 -3.58427 1.01246
0.714656 -3.58427 1.01246
0.714656 -3.58427 1.01246
0.714656 -3.58427 1.01246
0.714656 -3.58427 1.01246
0.714656 -3.58427 1.01246
0.714656 -3.58427 1.01246
0.714656 -3.58427 1.01246
0.714656 -3.58427 1.01246
0.714656 -3.58427 1.01246
0.714656 -3.58427 1.01246
0.714656 -3.58427 1.01246
0.714656 -3.58427 1.01246
0.714656 -3.58427 1.01246
0.714656 -3.58427 1.01246
0.714656 -3.58427 1.01246
0.714656 -3.58427 1.01246
0.714656 -3.58427 1.01246
0.714656 -3.58427 1.01246
0.714656 -3.58427 1.01246
0.714656 -3.58427 1.01246
0.714656 -3.58427 1.01246
0.714656 -3.58427 1.01246
0.714656 -3.58427 1.01246
0.714656 -3.58427 1.01246
0.714656 -3.58427 1.01246
0.714656 -3.58427 1.01246
0.714656 -3.58427 1.01246
0.714656 -3.58427 1.01246
0.714656 -3.58427 1.01246
0.714656 -3.58427 1.01246
0.714656 -3.58427 1.01246
0.714656 -3.58427 1.01246
0.714656 -3.58427 1.01246
0.714656 -3.58427 1.01246
0.714656 -3.58427 1.01246
0.714656 -3.58427 1.01246
0.714656 -3.58427 1.01246
0.714656 -3.58427 1.01246
0.714656 -3.58427 1.01246
0.714656 -3.58427 1.01246
0.714656 -3.58427 1.01246
0.714656 -3.58427 1.01246
0.714656 -3.58427 1.01247
0.714656 -3.58427 1.01247
0.714656 -3.58427 1.01247
0.714656 -3.58427 1.01247
0.714656 -3.58427 1.01247
0.714656 -3.58427 1.01248
0.714656 -3.58427 1.01248
0.714656 -3.58427 1.01248
0.714656 -3.58427 1.01248
0.714656 -3.58427 1.01249
0.714656 -3.58427 1.01249
0.714656 -3.58427 1.0125
0.714656 -3.58427 1.0125
0.714656 -3.58427 1.01251
0.714656 -3.58427 1.01251
0.714656 -3.58427 1.01252
0.714656 -3.58427 1.01253
0.714656 -3.58427 1.01253
0.714656 -3.58427 1.01254
0.714656 -3.58427 1.01255
0.714656 -3.58427 1.01255
0.714656 -3.58427 1.01256
0.714656 -3.58427 1.01257
0.714656 -3.58427 1.01258
0.714656 -3.58427 1.01259
0.714656 -3.58427 1.0126
0.714656 -3.58427 1.01261
0.714656 -3.58427 1.01262
0.714656 -3.58427 1.01263
0.714656 -3.58427 1.01264
0.714656 -3.58427 1.01265
0.714656 -3.58427 1.01266
0.714656 -3.58427 1.01267
0.714656 -3.58427 1.01268
0.714656 -3.58427 1.01269
0.714656 -3.58427 1.0127
0.714656 -3.58427 1.01271
0.714656 -3.58427 1.01273
0.714656 -3.58427 1.01274
0.714656 -3.58427 1.01275
0.714656 -3.58427 1.01276
0.714656 -3.58427 1.01277
0.714656 -3.58427 1.01279
0.714656 -3.58427 1.0128
0.714656 -3.58427 1.01281
0.714656 -3.58427 1.01282
0.714656 -3.58427 1.01283
0.714656 -3.58427 1.01285
0.714656 -3.58427 1.01286
0.714656 -3.58427 1.01287
0.714656 -3.58427 1.01288
0.714656 -3.58427 1.01289
0.714656 -3.58427 1.0129
0.714656 -3.58427 1.01291
0.714656 -3.58427 1.01292
0.714656 -3.58427 1.01293
0.714656 -3.58427 1.01294
0.714656 -3.58427 1.01295
0.714656 -3.58427 1.01296
0.714656 -3.58427 1.01297
0.714656 -3.58427 1.01298
0.714656 -3.58427 1.01298
0.714656 -3.58427 1.01299
0.714656 -3.58427 1.013
0.714656 -3.58427 1.013
0.714656 -3.58427 1.01301
0.714656 -3.58427 1.01302
0.714656 -3.58427 1.01302
0.714656 -3.58427 1.01303
0.714656 -3.58427 1.01303
0.714656 -3.58427 1.01304
0.714656 -3.58427 1.01304
0.714656 -3.58427 1.01304
0.714656 -3.58427 1.01305
0.714656 -3.58427 1.01305
0.714656 -3.58427 1.01305
0.714656 -3.58427 1.01305
0.714656 -3.58427 1.01306
0.714656 -3.58427 1.01306
0.714656 -3.58427 1.01306
0.714656 -3.58427 1.01306
0.714656 -3.58427 1.01307
0.714656 -3.58427 1.01307
0.714656 -3.58427 1.01307
0.714656 -3.58427 1.01307
0.714656 -3.58427 1.01307
0.714656 -3.58427 1.01308
0.714656 -3.58427 1.01308
0.714656 -3.58427 1.01308
0.714656 -3.58427 1.01308
0.714656 -3.58427 1.01308
0.714656 -3.58427 1.01308
0.714656 -3.58427 1.01308
0.714656 -3.58427 1.01308
0.714656 -3.58427 1.01308
0.714656 -3.58427 1.01308
0.714656 -3.58427 1.01308
0.714656 -3.58427 1.01308
0.714656 -3.58427 1.01308
0.714656 -3.58427 1.01308
0.714656 -3.58427 1.01308
0.714656 -3.58427 1.01308
0.714656 -3.58427 1.01308
0.714656 -3.58427 1.01308
0.714656 -3.58427 1.01308
0.714656 -3.58427 1.01308
0.714656 -3.58427 1.01308
0.714656 -3.58427 1.01308
0.714656 -3.58427 1.01308
0.714656 -3.58427 1.01308
0.714656 -3.58427 1.01308
0.714656 -3.58427 1.01308
0.714656 -3.58427 1.01308
0.714656 -3.58427 1.01308
0.714656 -3.58427 1.01308
0.714656 -3.58427 1.01308
0.714656 -3.58427 1.01308
0.714656 -3.58427 1.01308
0.714656 -3.58427 1.01308
0.714656 -3.58427 1.01308
0.714656 -3.58427 1.01308
0.714656 -3.58427 1.01308
0.714656 -3.58427 1.01308
0.714656 -3.58427 1.01308
0.714656 -3.58427 1.01308
0.714656 -3.58427 1.01308
0.714656 -3.58427 1.01308
0.714656 -3.58427 1.01308
0.714656 -3.58427 1.01308
0.714656 -3.58427 1.01308
0.714656 -3.58427 1.01308
0.714656 -3.58427 1.01308
0.714656 -3.58427 1.01308
0.714656 -3.58427 1.01308
0.714656 -3.58427 1.01308
0.714656 -3.58427 1.01308
0.714656 -3.58427 1.01308
0.714656 -3.58427 1.01308
0.714656 -3.58427 1.01308
0.714656 -3.58427 1.01308
0.714656 -3.58427 1.01308
0.714656 -3.58427 1.01308
0.714656 -3.58427 1.01308
0.714656 -3.58427 1.01308
0.714656 -3.58427 1.01308
0.714656 -3.58427 1.01308
0.714656 -3.58427 1.01308
0.714656 -3.58427 1.01308
0.714656 -3.58427 1.01308
0.714656 -3.58427 1.01308
0.714656 -3.58427 1.01308
0.714656 -3.58427 1.01308
0.714656 -3.58427 1.01308
0.714656 -3.58427 1.01308
0.714656 -3.58427 1.01308
0.714656 -3.58427 1.01308
0.714656 -3.58427 1.01308
0.714656 -3.58427 1.01308
0.714656 -3.58427 1.01308
0.714656 -3.58427 1.01308
0.714656 -3.58427 1.01308
0.714656 -3.58427 1.01308
0.714656 -3.58427 1.01308
0.714656 -3.58427 1.01308
0.714656 -3.58427 1.01308
0.714656 -3.58427 1.01308
0.714656 -3.58427 1.01308
0.714656 -3.58427 1.01308
0.714656 -3.58427 1.01308
0.714656 -3.58427 1.01308
0.714656 -3.58427 1.01308
0.714656 -3.58427 1.01308
0.714656 -3.58427 1.01308
0.714656 -3.58427 1.01308
0.714656 -3.58427 1.01308
0.714656 -3.58427 1.01308
0.714656 -3.58427 1.01308
0.714656 -3.58427 1.01308
0.714656 -3.58427 1.01308
0.714656 -3.58427 1.01309
0.714656 -3.58427 1.01309
0.714656 -3.58427 1.01309
0.714656 -3.58427 1.01309
0.714656 -3.58427 1.0131
0.714656 -3.58427 1.0131
0.714656 -3.58427 1.0131
0.714656 -3.58427 1.0131
0.714656 -3.58427 1.01311
0.714656 -3.58427 1.01311
0.714656 -3.58427 1.01311
0.714656 -3.58427 1.01311
0.714656 -3.58427 1.01312
0.714656 -3.58427 1.01312
0.714656 -3.58427 1.01313
0.714656 -3.58427 1.01313
0.714656 -3.58427 1.01313
0.714656 -3.58427 1.01314
0.714656 -3.58427 1.01314
0.714656 -3.58427 1.01315
0.714656 -3.58427 1.01316
0.714656 -3.58427 1.01316
0.714656 -3.58427 1.01317
0.714656 -3.58427 1.01318
0.714656 -3.58427 1.01318
0.714656 -3.58427 1.01319
0.714656 -3.58427 1.0132
0.714656 -3.58427 1.0132
0.714656 -3.58427 1.01321
0.714656 -3.58427 1.01322
0.714656 -3.58427 1.01323
0.714656 -3.58427 1.01323
0.714656 -3.58427 1.01324
0.714656 -3.58427 1.01325
0.714656 -3.58427 1.01325
0.714656 -3.58427 1.01326
0.714656 -3.58427 1.01327
0.714656 -3.58427 1.01327
0.714656 -3.58427 1.01328
0.714656 -3.58427 1.01329
0.714656 -3.58427 1.01329
0.714656 -3.58427 1.0133
0.714656 -3.58427 1.01331
0.714656 -3.58427 1.01331
0.714656 -3.58427 1.01332
0.714656 -3.58427 1.01333
0.714656 -3.58427 1.01333
0.714656 -3.58427 1.01334
0.714656 -3.58427 1.01334
0.714656 -3.58427 1.01335
0.714656 -3.58427 1.01335
0.714656 -3.58427 1.01336
0.714656 -3.58427 1.01336
0.714656 -3.58427 1.01337
0.714656 -3.58427 1.01337
0.714656 -3.58427 1.01338
0.714656 -3.58427 1.01338
0.714656 -3.58427 1.01339
False
0.0372799
