-5.45676 -1.61951 0.152166
-5.42481 -1.61323 0.194072
-5.38213 -1.60497 0.191209
-5.33625 -1.5974 0.163373
-5.29191 -1.5907 0.150045
-5.25107 -1.58525 0.132629
-5.20931 -1.57849 0.160649
-5.16119 -1.57006 0.173426
-5.11156 -1.56403 0.120784
-5.06216 -1.55648 0.151782
-5.01728 -1.55324 0.0720843
-4.97517 -1.54861 0.10939
-4.9261 -1.54038 0.166183
-4.88049 -1.53403 0.138423
-4.83992 -1.5285 0.135443
-4.79562 -1.522 0.145686
-4.74736 -1.51548 0.134279
-4.7037 -1.50887 0.150143
-4.65804 -1.50182 0.153333
-4.61067 -1.49344 0.174935
-4.5617 -1.48571 0.156672
-4.5122 -1.47923 0.130201
-4.46408 -1.47643 0.0581417
-4.41428 -1.47193 0.0899696
-4.38454 -1.46928 0.0888601
-4.33571 -1.462 0.148043
-4.29482 -1.45836 0.0888541
-4.2482 -1.45465 0.0792897
-4.20754 -1.45022 0.108559
-4.16225 -1.44155 0.189311
-4.11665 -1.43248 0.196284
-4.08838 -1.42726 0.18262
-4.05297 -1.42023 0.195808
-4.01067 -1.412 0.192318
-3.97319 -1.40482 0.189333
-3.92948 -1.39526 0.21527
-3.89315 -1.38796 0.198265
-3.85293 -1.37968 0.203004
-3.80877 -1.36883 0.240973
-3.76252 -1.35723 0.245692
-3.72674 -1.34699 0.278793
-3.68501 -1.33361 0.310146
-3.6377 -1.31792 0.32023
-3.59272 -1.29895 0.399092
-3.55037 -1.28261 0.368261
-3.5049 -1.26451 0.378956
-3.46822 -1.24858 0.409655
-3.43886 -1.2332 0.48244
-3.40132 -1.21132 0.527716
-3.35863 -1.18593 0.536526
-3.31742 -1.15884 0.581637
-3.27567 -1.13136 0.582007
-3.23369 -1.10492 0.56219
-3.19094 -1.07909 0.543425
-3.15095 -1.0525 0.586787
-3.10928 -1.02486 0.585688
-3.07408 -1.00035 0.608177
-3.05118 -0.984855 0.594902
-3.01252 -0.956458 0.63361
-2.97555 -0.930572 0.610814
-2.9366 -0.901204 0.646102
-2.90187 -0.876731 0.613864
-2.86402 -0.847952 0.650004
-2.82496 -0.816738 0.674233
-2.79182 -0.787082 0.729969
-2.75594 -0.754862 0.73174
-2.71947 -0.720827 0.750784
-2.68826 -0.695658 0.678758
-2.65561 -0.66873 0.689653
-2.62845 -0.648032 0.651154
-2.59137 -0.621024 0.629461
-2.55353 -0.594193 0.616858
-2.51427 -0.568867 0.572942
-2.47352 -0.540033 0.615731
-2.43226 -0.511857 0.599146
-2.39072 -0.484946 0.574861
-2.35316 -0.462426 0.540137
-2.31296 -0.437794 0.549703
-2.27182 -0.41214 0.55761
-2.2353 -0.389212 0.560622
-2.19832 -0.368146 0.51782
-2.16923 -0.351903 0.509215
-2.13192 -0.332233 0.48515
-2.08988 -0.310955 0.468556
-2.04999 -0.292973 0.423478
-2.00453 -0.272871 0.416399
-1.96231 -0.256778 0.364192
-1.91746 -0.239584 0.366022
-1.8752 -0.225614 0.319266
-1.83098 -0.213664 0.263972
-1.78804 -0.202061 0.263885
-1.74627 -0.192035 0.23558
-1.70122 -0.183019 0.197534
-1.65261 -0.171359 0.235393
-1.60371 -0.162154 0.186081
-1.55517 -0.154332 0.15977
-1.51054 -0.14944 0.109171
-1.46381 -0.146776 0.0569487
-1.4231 -0.144043 0.0670458
-1.37351 -0.139171 0.0979172
-1.33088 -0.137836 0.031319
-1.28721 -0.1353 0.0580069
-1.23947 -0.133294 0.0419876
-1.19324 -0.131881 0.0305529
-1.14554 -0.128934 0.0617054
-1.09584 -0.129492 -0.0112126
-1.04609 -0.131758 -0.0455143
-0.997575 -0.132244 -0.0100239
-0.949217 -0.132591 -0.00716561
-0.911508 -0.13373 -0.0302151
-0.86513 -0.136295 -0.0552467
-0.824875 -0.135952 0.0085099
-0.788765 -0.136701 -0.0207363
-0.741907 -0.139075 -0.0506059
-0.695347 -0.138125 0.0203947
-0.645661 -0.139149 -0.0206049
-0.601833 -0.139216 -0.00153246
-0.560075 -0.140689 -0.0352594
-0.51111 -0.141416 -0.0148385
-0.466898 -0.140707 0.0160174
-0.42068 -0.138112 0.0560969
-0.374091 -0.135696 0.0518011
-0.325462 -0.133146 0.0524022
-0.275768 -0.132655 0.0098876
-0.225789 -0.134113 -0.0291723
-0.177964 -0.137141 -0.0632256
-0.128024 -0.139188 -0.0409756
-0.0788092 -0.141674 -0.0504586
-0.0298137 -0.142164 -0.0100027
0.0176889 -0.143485 -0.0278024
0.0674829 -0.14742 -0.0788589
0.109259 -0.15131 -0.0928538
0.155765 -0.153263 -0.0419739
0.200127 -0.155995 -0.0614989
0.243718 -0.158197 -0.0504704
0.287642 -0.160361 -0.0492256
0.333333 -0.162232 -0.0409457
0.379812 -0.1635 -0.0272733
0.429791 -0.162176 0.0265026
0.479623 -0.163039 -0.0173162
0.528485 -0.163117 -0.00161018
0.56762 -0.162536 0.0148377
0.60703 -0.16155 0.0250317
0.655095 -0.157053 0.0932775
0.691125 -0.155183 0.0518674
0.734975 -0.15231 0.0654312
0.775859 -0.150807 0.0367332
0.820571 -0.151015 -0.00464115
0.862908 -0.152534 -0.0358632
0.910639 -0.154324 -0.0374835
0.960144 -0.154021 0.00610892
1.0027 -0.155908 -0.0443054
1.05212 -0.161657 -0.115801
1.10179 -0.167366 -0.114445
1.14834 -0.172819 -0.116621
1.19822 -0.175824 -0.0601587
1.24527 -0.178779 -0.0627242
1.29077 -0.18263 -0.0844439
1.33219 -0.186905 -0.102843
1.3707 -0.192269 -0.138401
1.41723 -0.198353 -0.130018
1.46382 -0.204243 -0.125769
1.50736 -0.210491 -0.142532
1.55707 -0.214647 -0.0834077
1.60115 -0.220045 -0.121864
1.64608 -0.225975 -0.131198
1.69524 -0.232981 -0.141571
1.73552 -0.238422 -0.134274
1.78482 -0.246575 -0.163872
1.83351 -0.254086 -0.153052
1.87847 -0.259958 -0.129866
1.92528 -0.268169 -0.173669
1.96964 -0.276215 -0.179402
2.01012 -0.282811 -0.161543
2.0491 -0.289329 -0.165673
2.09441 -0.295606 -0.137654
2.14395 -0.302349 -0.135287
2.19014 -0.309461 -0.152761
2.23946 -0.317647 -0.164493
2.2883 -0.325146 -0.152341
2.3375 -0.333972 -0.177533
2.37939 -0.342123 -0.192129
2.42708 -0.351636 -0.196914
2.47497 -0.362702 -0.22706
2.52319 -0.37172 -0.184922
2.57065 -0.381394 -0.201078
2.61655 -0.390221 -0.189962
2.66472 -0.397937 -0.158853
2.71117 -0.404181 -0.133608
2.75555 -0.410622 -0.144132
2.80515 -0.415874 -0.105494
2.855 -0.419721 -0.0770295
2.90467 -0.422279 -0.0514397
2.95458 -0.424243 -0.0393307
2.9966 -0.425358 -0.0265434
3.04628 -0.425556 -0.00397531
3.09577 -0.425774 -0.00441253
3.14575 -0.427032 -0.0251533
3.19098 -0.429416 -0.0526645
3.24074 -0.43429 -0.0976343
3.28033 -0.437981 -0.0929715
3.32346 -0.441289 -0.0765515
3.37324 -0.444251 -0.0594317
3.41838 -0.445743 -0.033051
3.46828 -0.446368 -0.0125072
3.5079 -0.448003 -0.0412379
3.54287 -0.448345 -0.00978762
3.57461 -0.45051 -0.0681165
3.62422 -0.44897 0.0310343
3.65278 -0.447207 0.0616314
3.68299 -0.446386 0.0271771
3.71167 -0.444928 0.0507927
3.74478 -0.442064 0.0862967
3.7938 -0.439025 0.0619058
3.83131 -0.435549 0.0924053
3.85508 -0.433915 0.0686233
3.86948 -0.433725 0.0132197
3.89555 -0.432462 0.0484254
3.93398 -0.431424 0.026996
3.9778 -0.430767 0.0149772
4.01726 -0.43015 0.01564
4.04818 -0.429947 0.00657326
4.06985 -0.430098 -0.00698008
4.09257 -0.431555 -0.0640467
4.09869 -0.431842 -0.0467745
4.11352 -0.432215 -0.0251278
4.13658 -0.432652 -0.0189671
4.15969 -0.432853 -0.00869409
4.19301 -0.433297 -0.013317
4.20379 -0.434094 -0.0737476
4.22843 -0.437181 -0.124671
4.2532 -0.439781 -0.104557
4.28173 -0.441357 -0.0551991
4.29587 -0.44247 -0.0785711
4.30131 -0.442972 -0.0919363
4.32946 -0.445609 -0.0934111
4.3454 -0.447992 -0.148425
4.35418 -0.449161 -0.132263
4.38441 -0.45305 -0.127935
4.4176 -0.456828 -0.113375
4.46089 -0.461699 -0.112049
4.49336 -0.465837 -0.126759
4.52034 -0.469686 -0.141665
4.56459 -0.477655 -0.178213
4.59342 -0.482219 -0.157001
4.63539 -0.489951 -0.182168
4.66677 -0.494678 -0.149507
4.70114 -0.50214 -0.213814
4.72606 -0.506644 -0.178754
4.74271 -0.509917 -0.194139
4.77245 -0.515053 -0.171023
4.81743 -0.521886 -0.150768
4.84794 -0.523885 -0.0654028
4.86135 -0.524799 -0.0680522
4.87192 -0.525848 -0.0989115
4.88192 -0.52669 -0.0840387
4.88522 -0.526853 -0.0491957
4.89907 -0.527774 -0.06641
4.92159 -0.529171 -0.0619383
4.92761 -0.529568 -0.065997
4.93666 -0.530169 -0.0662906
4.94525 -0.530461 -0.0339674
4.95163 -0.530804 -0.0536782
4.95916 -0.53124 -0.0578914
4.97519 -0.532144 -0.0562743
4.99856 -0.532717 -0.024538
5.01738 -0.532876 -0.00841119
5.04537 -0.533851 -0.0348516
5.06684 -0.535116 -0.0588229
5.08695 -0.536915 -0.0892404
5.09837 -0.537608 -0.0606208
5.11422 -0.538349 -0.0466937
5.12817 -0.538746 -0.0284435
5.13833 -0.53873 0.00152886
5.15266 -0.538278 0.0315811
5.15938 -0.538046 0.0344125
5.16649 -0.53781 0.0332624
5.17629 -0.53748 0.0336313
5.18442 -0.537016 0.0569268
5.19061 -0.536631 0.0621843
5.20634 -0.53566 0.0616567
True
0.0682714
