-5.48616 0.872435 -0.180391
-5.43705 0.863227 -0.185338
-5.40544 0.85607 -0.222662
-5.36418 0.848159 -0.189454
-5.32081 0.840223 -0.180951
-5.27393 0.833819 -0.135766
-5.22505 0.827251 -0.133596
-5.17705 0.818486 -0.180617
-5.12953 0.809052 -0.195951
-5.08466 0.802622 -0.142351
-5.03717 0.794804 -0.163136
-4.98929 0.784318 -0.215636
-4.94559 0.778314 -0.136529
-4.89609 0.772941 -0.108125
-4.84706 0.766318 -0.134245
-4.79733 0.761455 -0.0974922
-4.7476 0.756579 -0.0977404
-4.71024 0.751363 -0.138726
-4.66112 0.74205 -0.187388
-4.61179 0.73561 -0.129803
-4.56845 0.730225 -0.123626
-4.53156 0.724261 -0.160239
-4.48197 0.719579 -0.0941357
-4.43535 0.714321 -0.112326
-4.39059 0.709326 -0.11113
-4.34176 0.702684 -0.135199
-4.29685 0.695122 -0.166816
-4.24932 0.688174 -0.145148
-4.20603 0.680951 -0.16533
-4.15766 0.671567 -0.191617
-4.11365 0.662077 -0.212371
-4.06467 0.652383 -0.195388
-4.01648 0.643833 -0.175612
-3.97659 0.635441 -0.207362
-3.92747 0.627157 -0.167075
-3.88037 0.61861 -0.179519
-3.83055 0.614437 -0.0835646
-3.78765 0.609473 -0.115181
-3.73852 0.602366 -0.143685
-3.68958 0.594272 -0.163871
-3.65018 0.589394 -0.123195
-3.60149 0.582891 -0.132779
-3.55516 0.575278 -0.162881
-3.50569 0.568092 -0.144226
-3.45583 0.564523 -0.0714646
-3.40975 0.560985 -0.076634
-3.36395 0.556926 -0.0883927
-3.32332 0.553832 -0.0759924
-3.27352 0.549746 -0.0818706
-3.2239 0.544623 -0.102874
-3.17792 0.541483 -0.0682012
-3.1281 0.539231 -0.0451679
-3.07865 0.538024 -0.024394
-3.03102 0.535714 -0.0484705
-2.98533 0.531042 -0.101888
-2.93548 0.528302 -0.0549154
-2.88931 0.525468 -0.061312
-2.84677 0.523002 -0.0578982
-2.80295 0.520156 -0.0648646
-2.75349 0.518059 -0.0423784
-2.70658 0.51454 -0.0748609
-2.66741 0.509688 -0.123248
-2.61986 0.503893 -0.121267
-2.5829 0.499566 -0.11652
-2.54043 0.495534 -0.0946599
-2.49141 0.490665 -0.0990146
-2.44612 0.48532 -0.117477
-2.39645 0.479616 -0.114345
-2.34856 0.473237 -0.132407
-2.29934 0.465948 -0.147031
-2.25026 0.457273 -0.174916
-2.2075 0.448708 -0.197747
-2.16533 0.441355 -0.172579
-2.12088 0.432817 -0.189783
-2.0791 0.426354 -0.153497
-2.04478 0.421084 -0.152339
-1.99734 0.414148 -0.145167
-1.94824 0.404681 -0.190503
-1.89906 0.395676 -0.181092
-1.86197 0.389046 -0.176898
-1.81569 0.381857 -0.154109
-1.77215 0.375953 -0.134772
-1.72836 0.371549 -0.100221
-1.68631 0.366057 -0.129873
-1.63731 0.360601 -0.110898
-1.5883 0.355111 -0.111546
-1.53903 0.34781 -0.147101
-1.48989 0.339105 -0.175351
-1.44069 0.330233 -0.178378
-1.39724 0.321682 -0.194349
-1.35416 0.314823 -0.157884
-1.30499 0.306159 -0.174423
-1.27134 0.299911 -0.183542
-1.22276 0.29248 -0.151796
-1.17499 0.282322 -0.209546
-1.13 0.274685 -0.168133
-1.08194 0.264312 -0.212597
-1.03244 0.257497 -0.136797
-0.994836 0.253169 -0.114592
-0.948924 0.24507 -0.174621
-0.900647 0.236819 -0.169262
-0.853533 0.228856 -0.167435
-0.804597 0.220625 -0.166641
-0.75691 0.213603 -0.146199
-0.716362 0.206205 -0.180473
-0.667688 0.198791 -0.15115
-0.627343 0.190768 -0.196304
-0.578798 0.184093 -0.136642
-0.530112 0.177939 -0.125746
-0.480584 0.173553 -0.088315
-0.431863 0.16757 -0.12219
-0.388656 0.162559 -0.115471
-0.33978 0.158012 -0.0927484
-0.294316 0.152715 -0.115991
-0.24604 0.147717 -0.10317
-0.196847 0.141019 -0.135313
-0.158938 0.135504 -0.14447
-0.116434 0.129873 -0.131723
-0.0667427 0.124804 -0.101655
-0.0218339 0.121531 -0.0727605
0.0181935 0.11833 -0.0797816
0.067914 0.114988 -0.0671177
0.115276 0.110691 -0.0904831
0.161249 0.10752 -0.0688733
0.211176 0.105888 -0.0326779
0.256806 0.104797 -0.0239024
0.306758 0.103507 -0.0258209
0.351892 0.100074 -0.0759073
0.383787 0.0963234 -0.117059
0.42672 0.0904403 -0.13618
0.476407 0.0848728 -0.111588
0.525893 0.0797425 -0.103303
0.575795 0.0768344 -0.0582109
0.624403 0.0720511 -0.0980898
0.670213 0.0654921 -0.14221
0.716929 0.0585425 -0.14768
0.766572 0.0535313 -0.100605
0.816152 0.0472838 -0.125349
0.865023 0.0368803 -0.209745
0.913527 0.0253827 -0.232748
0.962422 0.0161426 -0.186775
0.998888 0.00933851 -0.184468
1.04764 -0.0016661 -0.221987
1.09637 -0.0128293 -0.225198
1.144 -0.0239469 -0.229317
1.19267 -0.0339436 -0.202601
1.23765 -0.0464269 -0.270693
1.28503 -0.0568827 -0.217226
1.32921 -0.0662275 -0.208438
1.37605 -0.077336 -0.232838
1.41318 -0.0847693 -0.197568
1.46137 -0.0929108 -0.167386
1.50941 -0.102291 -0.192802
1.55856 -0.111143 -0.178215
1.6081 -0.117247 -0.122603
1.6458 -0.121877 -0.122163
1.68942 -0.127248 -0.12254
1.72737 -0.133052 -0.151744
1.77594 -0.139337 -0.128695
1.82514 -0.147827 -0.170885
1.86776 -0.156067 -0.190985
1.91623 -0.168142 -0.244141
1.9645 -0.180939 -0.259159
2.01145 -0.192572 -0.242853
2.05808 -0.203589 -0.232024
2.10509 -0.214534 -0.228769
2.14412 -0.222663 -0.205336
2.18924 -0.231727 -0.19824
2.23849 -0.239529 -0.15711
2.27751 -0.245407 -0.149499
2.32575 -0.250217 -0.0993884
2.36902 -0.253517 -0.0761181
2.41804 -0.257474 -0.0805609
2.46199 -0.261284 -0.086465
2.50017 -0.263488 -0.0576595
2.54476 -0.266633 -0.0704115
2.59379 -0.271158 -0.092029
2.63759 -0.276631 -0.124313
2.6868 -0.285474 -0.177816
2.73475 -0.292907 -0.153771
2.78377 -0.302717 -0.197541
2.82824 -0.312688 -0.220532
2.87591 -0.32238 -0.200576
2.90875 -0.330291 -0.236454
2.94557 -0.337692 -0.198344
2.99258 -0.346284 -0.180768
3.03589 -0.354625 -0.190261
3.08044 -0.363579 -0.198358
3.1229 -0.372167 -0.199527
3.16937 -0.380615 -0.17984
3.20074 -0.386518 -0.186039
3.2405 -0.392497 -0.149267
3.27603 -0.39832 -0.162416
3.32392 -0.404628 -0.130973
3.37071 -0.412044 -0.157173
3.4176 -0.418403 -0.134793
3.46582 -0.423965 -0.114843
3.50754 -0.428956 -0.119078
3.54842 -0.432116 -0.0771239
3.58713 -0.436223 -0.10571
3.63126 -0.439821 -0.0813615
3.65221 -0.441848 -0.0964575
3.67374 -0.444392 -0.117607
3.70081 -0.446022 -0.0601667
3.72534 -0.448887 -0.116265
3.7639 -0.451677 -0.0722155
3.79991 -0.455418 -0.103516
3.81697 -0.457423 -0.116967
3.83808 -0.458806 -0.0654558
3.87717 -0.4622 -0.0866004
3.91349 -0.465533 -0.0915356
3.95108 -0.469885 -0.115235
3.9759 -0.471918 -0.0817169
4.00166 -0.475404 -0.134512
4.02714 -0.479196 -0.147757
4.06138 -0.485689 -0.187391
4.09191 -0.492016 -0.204381
4.13591 -0.499869 -0.176624
4.17779 -0.50735 -0.176751
4.20633 -0.512801 -0.188741
4.23573 -0.51734 -0.153152
4.26526 -0.52172 -0.147271
4.30178 -0.528035 -0.17118
4.33036 -0.5322 -0.144733
4.35653 -0.536306 -0.15566
4.37603 -0.539401 -0.157365
4.3956 -0.542032 -0.133645
4.4013 -0.5428 -0.133816
4.40783 -0.543462 -0.101182
4.42095 -0.544779 -0.0999762
4.43268 -0.546149 -0.116349
4.46344 -0.548633 -0.0805651
4.49258 -0.551872 -0.110721
4.5231 -0.556427 -0.148156
4.54219 -0.559204 -0.144456
4.56244 -0.562441 -0.158519
4.59941 -0.569187 -0.180477
4.62131 -0.572653 -0.156936
4.65669 -0.578351 -0.159689
4.68297 -0.58278 -0.166973
4.714 -0.588234 -0.173969
4.74647 -0.593061 -0.147593
4.77786 -0.598002 -0.156124
4.79964 -0.601644 -0.165712
4.82599 -0.60622 -0.171961
4.84084 -0.608832 -0.174022
4.86616 -0.612299 -0.136111
4.87573 -0.613282 -0.102335
4.87711 -0.613339 -0.0416344
4.89061 -0.613682 -0.0253645
4.90944 -0.614337 -0.0347606
4.91475 -0.614443 -0.0200187
4.92148 -0.61452 -0.0114832
4.92685 -0.614462 0.0107644
4.94309 -0.614317 0.00895478
4.95142 -0.613733 0.0700048
4.96111 -0.613071 0.068216
4.97697 -0.612134 0.0590445
4.98488 -0.611744 0.0493144
5.01185 -0.609956 0.0661674
5.02503 -0.609324 0.0479348
5.03359 -0.609317 0.000771079
5.03452 -0.609328 -0.0119698
5.04529 -0.609929 -0.0557397
5.06365 -0.610755 -0.0449791
5.07204 -0.611164 -0.0486408
5.08243 -0.612121 -0.0918263
5.09274 -0.613209 -0.105156
5.10578 -0.614935 -0.131581
5.11789 -0.616615 -0.137794
5.14256 -0.620249 -0.146272
5.15343 -0.621843 -0.145612
5.16155 -0.622898 -0.129234
5.16092 -0.622813 -0.135304
5.1653 -0.623271 -0.104254
5.16707 -0.623463 -0.107665
5.17236 -0.62394 -0.0900566
5.17891 -0.624609 -0.101835
5.18318 -0.624966 -0.0834809
5.18742 -0.625236 -0.0635046
5.19834 -0.625921 -0.062621
5.20429 -0.625746 0.0294077
5.20002 -0.62579 0.0103509
5.20245 -0.625742 0.0196619
5.20433 -0.625688 0.0289619
5.20944 -0.625534 0.0301669
True
0.258657
