-5.46367 1.14474 -0.293175
-5.4325 1.13474 -0.310369
-5.38559 1.11815 -0.339893
-5.34549 1.10271 -0.367642
-5.30635 1.08733 -0.374364
-5.26112 1.07176 -0.331577
-5.21365 1.05663 -0.308548
-5.16752 1.04188 -0.309449
-5.12742 1.02948 -0.299878
-5.08502 1.01635 -0.30035
-5.04011 1.003 -0.288909
-4.99947 0.99182 -0.268415
-4.95225 0.979128 -0.262593
-4.90408 0.966819 -0.250139
-4.85603 0.953389 -0.272563
-4.8104 0.94169 -0.251005
-4.76239 0.929681 -0.245074
-4.71657 0.918842 -0.23232
-4.66789 0.907797 -0.22308
-4.62091 0.8977 -0.211741
-4.57306 0.886141 -0.236989
-4.52692 0.874136 -0.254525
-4.47912 0.863827 -0.212452
-4.4316 0.851182 -0.260067
-4.39555 0.841862 -0.252989
-4.35023 0.831388 -0.227103
-4.30423 0.820804 -0.22618
-4.25718 0.810391 -0.217819
-4.21744 0.800829 -0.23608
-4.17053 0.788301 -0.260959
-4.12499 0.777454 -0.233831
-4.08211 0.763816 -0.30796
-4.03566 0.749949 -0.290131
-3.99243 0.736934 -0.292419
-3.94541 0.721971 -0.308112
-3.90172 0.707034 -0.329374
-3.85444 0.692158 -0.304862
-3.80841 0.678623 -0.285979
-3.7616 0.666869 -0.246022
-3.71461 0.655796 -0.23142
-3.67044 0.64547 -0.229668
-3.62351 0.633045 -0.258767
-3.57668 0.619184 -0.287791
-3.53327 0.607937 -0.253522
-3.49993 0.599002 -0.261877
-3.45771 0.587491 -0.266142
-3.40966 0.574766 -0.258904
-3.36987 0.564384 -0.25524
-3.32447 0.553803 -0.228927
-3.28532 0.545927 -0.198544
-3.23816 0.536063 -0.20621
-3.18956 0.527129 -0.181802
-3.14041 0.518888 -0.166102
-3.09434 0.510487 -0.1804
-3.05036 0.503538 -0.156699
-3.00162 0.492976 -0.213381
-2.95508 0.484012 -0.190312
-2.90735 0.474816 -0.190331
-2.86547 0.46705 -0.183344
-2.82128 0.459241 -0.174905
-2.77242 0.449158 -0.203499
-2.72799 0.439717 -0.209361
-2.67916 0.431337 -0.169969
-2.63077 0.420338 -0.223539
-2.59466 0.41201 -0.226594
-2.54705 0.400779 -0.231715
-2.50494 0.390074 -0.248891
-2.4565 0.379252 -0.219823
-2.42297 0.3712 -0.235676
-2.37514 0.360245 -0.225139
-2.32838 0.349612 -0.22358
-2.2808 0.338543 -0.228614
-2.23706 0.329311 -0.207967
-2.18954 0.321346 -0.166092
-2.14187 0.31111 -0.211495
-2.09693 0.301592 -0.208756
-2.05149 0.293175 -0.183153
-2.00397 0.282994 -0.211041
-1.9557 0.271368 -0.236356
-1.90911 0.261873 -0.201054
-1.86871 0.251492 -0.251478
-1.82684 0.24174 -0.228873
-1.77892 0.231801 -0.204497
-1.74096 0.221489 -0.265216
-1.70418 0.211692 -0.260352
-1.66244 0.202684 -0.212558
-1.61531 0.194792 -0.1659
-1.56775 0.187399 -0.154228
-1.519 0.176345 -0.222994
-1.47323 0.163807 -0.267367
-1.42722 0.152758 -0.235662
-1.37947 0.13812 -0.297444
-1.33333 0.121447 -0.346778
-1.29167 0.105879 -0.357628
-1.24534 0.0898702 -0.332658
-1.1999 0.072634 -0.362562
-1.15523 0.0555353 -0.365606
-1.11415 0.039887 -0.363933
-1.07495 0.0251034 -0.360679
-1.02759 0.0092358 -0.323244
-0.981071 -0.00394457 -0.276113
-0.950802 -0.0117241 -0.251567
-0.90244 -0.0243447 -0.255268
-0.855251 -0.0372611 -0.26717
-0.816161 -0.0482018 -0.272905
-0.767439 -0.0594347 -0.226592
-0.71834 -0.0683475 -0.17957
-0.669341 -0.0764341 -0.163561
-0.623574 -0.0835381 -0.153994
-0.577551 -0.0904234 -0.148505
-0.529819 -0.0973401 -0.143907
-0.480193 -0.103134 -0.116232
-0.431728 -0.11332 -0.207144
-0.392212 -0.118195 -0.122743
-0.343071 -0.124223 -0.122067
-0.295963 -0.130147 -0.125097
-0.246911 -0.137945 -0.157643
-0.197623 -0.145586 -0.153809
-0.150197 -0.153792 -0.171335
-0.104249 -0.16395 -0.217572
-0.0555131 -0.17465 -0.216121
-0.00650515 -0.184513 -0.198603
0.0319983 -0.193929 -0.239844
0.0787189 -0.205166 -0.236028
0.12267 -0.215803 -0.237466
0.171143 -0.227284 -0.23256
0.215124 -0.237437 -0.226877
0.255805 -0.247143 -0.234213
0.304539 -0.25828 -0.224674
0.353805 -0.266557 -0.166436
0.403205 -0.274203 -0.15357
0.44807 -0.281581 -0.162987
0.497415 -0.289424 -0.157631
0.546676 -0.297688 -0.166208
0.595339 -0.305271 -0.154582
0.637127 -0.314309 -0.212987
0.6748 -0.32357 -0.241052
0.723239 -0.334085 -0.213764
0.771376 -0.347216 -0.266312
0.817884 -0.360855 -0.285262
0.863674 -0.376119 -0.321751
0.906852 -0.392263 -0.357798
0.952782 -0.408394 -0.337754
0.998071 -0.421517 -0.282042
1.04437 -0.434328 -0.269973
1.08764 -0.44562 -0.255231
1.13572 -0.459333 -0.277828
1.18417 -0.47168 -0.249552
1.23229 -0.485098 -0.271948
1.27737 -0.497708 -0.272752
1.32064 -0.50925 -0.260638
1.36813 -0.52454 -0.311519
1.41352 -0.537163 -0.27126
1.45269 -0.549399 -0.302785
1.48957 -0.56057 -0.29405
1.53599 -0.57503 -0.30198
1.57831 -0.587245 -0.281018
1.62458 -0.601009 -0.289153
1.67297 -0.613551 -0.253594
1.7192 -0.626315 -0.269391
1.76383 -0.638117 -0.258521
1.81146 -0.650967 -0.263532
1.85945 -0.663814 -0.261572
1.90443 -0.675409 -0.25224
1.95224 -0.68901 -0.277144
1.98576 -0.696264 -0.213177
2.03211 -0.705296 -0.192448
2.08094 -0.71357 -0.167844
2.12007 -0.719771 -0.157149
2.1543 -0.727592 -0.224646
2.20229 -0.737821 -0.209993
2.2482 -0.747529 -0.20839
2.2958 -0.759266 -0.24177
2.34324 -0.772367 -0.269431
2.39093 -0.78607 -0.279802
2.43931 -0.798062 -0.242964
2.48759 -0.810316 -0.248582
2.53578 -0.823634 -0.269622
2.58234 -0.837291 -0.285335
2.62968 -0.849456 -0.251512
2.67483 -0.861542 -0.261554
2.71586 -0.870808 -0.222125
2.76444 -0.88203 -0.226997
2.81341 -0.891527 -0.191556
2.85923 -0.901713 -0.21878
2.90449 -0.915154 -0.288669
2.9455 -0.928689 -0.318789
2.99161 -0.943611 -0.312947
3.03867 -0.95864 -0.309132
3.08188 -0.972887 -0.318481
3.12539 -0.987306 -0.320051
3.16497 -1.00074 -0.327095
3.21136 -1.01492 -0.296627
3.25375 -1.02813 -0.30226
3.29671 -1.04202 -0.312646
3.34205 -1.05775 -0.334038
3.38683 -1.07565 -0.380135
3.42152 -1.08847 -0.353982
3.45754 -1.10037 -0.319251
3.49388 -1.11285 -0.330634
3.5347 -1.1254 -0.298403
3.56767 -1.1361 -0.313749
3.59529 -1.14432 -0.289104
3.61631 -1.15054 -0.287845
3.6431 -1.15843 -0.286502
3.66562 -1.16436 -0.257269
3.6959 -1.17145 -0.230153
3.70803 -1.17445 -0.242429
3.72176 -1.17844 -0.282926
3.73052 -1.18095 -0.279097
3.74569 -1.1853 -0.279132
3.75568 -1.18806 -0.269457
3.78635 -1.19884 -0.338012
3.80967 -1.20747 -0.354329
3.82641 -1.21423 -0.3839
3.83671 -1.21856 -0.397766
3.8637 -1.22847 -0.352049
3.88579 -1.23553 -0.309095
3.90291 -1.24057 -0.286366
3.92852 -1.24739 -0.260211
3.95355 -1.25372 -0.247958
3.97963 -1.25935 -0.212403
3.99901 -1.26345 -0.208757
4.01956 -1.26849 -0.240323
4.04006 -1.27337 -0.233754
4.06044 -1.27766 -0.207578
4.09361 -1.28339 -0.171138
4.12779 -1.28871 -0.154223
4.1545 -1.29388 -0.191244
4.18257 -1.2997 -0.204363
4.20379 -1.30504 -0.246778
4.21515 -1.30781 -0.239063
4.22451 -1.30959 -0.18767
4.2444 -1.31423 -0.229413
4.26138 -1.31894 -0.270263
4.27042 -1.32113 -0.238197
4.2917 -1.32626 -0.236391
4.30408 -1.32905 -0.221845
4.32986 -1.33445 -0.206352
4.37071 -1.34326 -0.212421
4.39741 -1.34999 -0.247124
4.43025 -1.35875 -0.260536
4.44244 -1.36157 -0.227023
4.45943 -1.36486 -0.191436
4.46695 -1.3662 -0.176529
4.47856 -1.36857 -0.201246
4.49483 -1.37267 -0.246798
4.51127 -1.37692 -0.253481
4.50959 -1.3765 -0.247581
4.51562 -1.37785 -0.220847
4.52826 -1.38061 -0.214598
4.52895 -1.38076 -0.218842
4.5378 -1.38255 -0.199418
4.54927 -1.385 -0.210571
4.55738 -1.38674 -0.211305
4.57964 -1.39224 -0.242164
4.59835 -1.39688 -0.243249
4.62519 -1.4044 -0.27307
4.64387 -1.40901 -0.241875
4.67086 -1.41526 -0.2274
4.69097 -1.4195 -0.208101
4.72782 -1.42581 -0.16954
4.77169 -1.4343 -0.191192
4.81136 -1.44212 -0.194604
4.82933 -1.44568 -0.195496
4.8677 -1.45275 -0.182218
4.89337 -1.45726 -0.174092
4.91856 -1.46213 -0.190953
4.94691 -1.4676 -0.190451
4.96702 -1.47096 -0.1658
4.98861 -1.47422 -0.149567
4.99543 -1.47531 -0.158795
5.00199 -1.4764 -0.16476
5.01972 -1.47916 -0.154292
5.03223 -1.48128 -0.167707
5.04055 -1.48316 -0.222602
5.05849 -1.48743 -0.233601
5.07245 -1.49128 -0.269081
5.07465 -1.49192 -0.281431
5.09859 -1.49898 -0.287019
5.10815 -1.50187 -0.293284
5.11357 -1.50345 -0.283809
5.11848 -1.50475 -0.259903
5.12649 -1.50682 -0.252663
5.13722 -1.50963 -0.256186
5.14783 -1.5131 -0.315973
5.15332 -1.51499 -0.33158
5.16255 -1.51859 -0.371413
5.17089 -1.52158 -0.3443
5.18799 -1.52681 -0.297205
5.19625 -1.52936 -0.29896
5.20901 -1.53321 -0.292667
True
0.0648947
