-5.46061 -0.0690612 0.253056
-5.41324 -0.0591454 0.206378
-5.36924 -0.0503936 0.196342
-5.32038 -0.0407093 0.195655
-5.27624 -0.0304147 0.229118
-5.23151 -0.0181333 0.267998
-5.18704 -0.00621567 0.261802
-5.14313 0.00574164 0.265867
-5.10039 0.0164814 0.24621
-5.05363 0.0271328 0.22396
-5.01462 0.0372775 0.254421
-4.96821 0.050956 0.286604
-4.91985 0.0635638 0.255043
-4.8726 0.0798699 0.332295
-4.82659 0.0952901 0.323391
-4.7795 0.109826 0.299425
-4.73681 0.122512 0.288876
-4.69268 0.139118 0.359872
-4.64554 0.155664 0.337546
-4.61328 0.167535 0.352642
-4.56721 0.184027 0.34374
-4.52083 0.199508 0.322169
-4.47322 0.214623 0.307395
-4.42549 0.229509 0.30231
-4.38656 0.24144 0.297397
-4.34042 0.254403 0.273888
-4.29484 0.265086 0.230239
-4.24866 0.276744 0.247278
-4.20168 0.290637 0.287556
-4.15768 0.304955 0.31458
-4.11082 0.319975 0.310196
-4.06389 0.335702 0.323329
-4.0196 0.350004 0.31237
-3.97308 0.36511 0.313941
-3.92514 0.379303 0.287854
-3.87989 0.39169 0.267188
-3.83163 0.404723 0.263798
-3.78705 0.418225 0.294055
-3.75174 0.428435 0.281457
-3.70352 0.441361 0.261909
-3.6568 0.452888 0.241915
-3.60933 0.467919 0.306625
-3.5682 0.48257 0.342216
-3.52774 0.495524 0.309845
-3.48058 0.510374 0.305082
-3.43549 0.523233 0.277819
-3.38776 0.538132 0.302567
-3.34165 0.551871 0.28958
-3.29677 0.566764 0.32041
-3.24911 0.581258 0.295228
-3.20777 0.595015 0.321231
-3.16312 0.608706 0.297508
-3.12422 0.620725 0.299663
-3.08058 0.634362 0.302875
-3.04027 0.645562 0.271025
-2.99852 0.658057 0.290814
-2.95075 0.671394 0.27225
-2.90508 0.683668 0.262577
-2.86591 0.693446 0.244592
-2.82054 0.706453 0.279188
-2.77402 0.720947 0.302062
-2.72707 0.736673 0.323177
-2.68165 0.751867 0.322856
-2.64332 0.764293 0.31345
-2.60631 0.776056 0.307746
-2.57631 0.78507 0.291946
-2.53603 0.797176 0.291916
-2.49335 0.810376 0.29993
-2.44694 0.824516 0.295746
-2.4009 0.837827 0.281474
-2.35304 0.852284 0.293344
-2.30952 0.866243 0.310409
-2.26514 0.880258 0.305848
-2.21755 0.89516 0.303466
-2.16965 0.909413 0.289187
-2.12234 0.923693 0.293208
-2.08677 0.932055 0.230844
-2.04201 0.939186 0.157998
-1.99323 0.949469 0.207781
-1.94769 0.95831 0.191742
-1.89871 0.965849 0.152713
-1.8515 0.975148 0.19449
-1.80264 0.984532 0.189764
-1.75592 0.993758 0.19495
-1.70699 1.00402 0.206755
-1.66029 1.01373 0.204885
-1.61398 1.02194 0.175509
-1.57694 1.02941 0.199156
-1.52815 1.04034 0.220357
-1.48703 1.04823 0.189516
-1.44213 1.05552 0.160992
-1.39291 1.06271 0.14503
-1.35633 1.06821 0.149139
-1.31146 1.0764 0.18053
-1.26776 1.0824 0.13649
-1.21872 1.09077 0.169094
-1.16939 1.09671 0.119754
-1.12157 1.10388 0.148941
-1.0722 1.1118 0.15907
-1.02357 1.11963 0.159588
-0.974335 1.12659 0.140455
-0.928682 1.13451 0.171835
-0.883532 1.14388 0.204552
-0.836782 1.15541 0.241887
-0.792299 1.16608 0.235344
-0.758165 1.17395 0.226691
-0.709273 1.18439 0.210345
-0.662338 1.19578 0.237933
-0.617635 1.20689 0.243597
-0.575338 1.21741 0.243876
-0.529564 1.22765 0.219968
-0.48242 1.23759 0.207868
-0.437358 1.24684 0.202581
-0.388792 1.25509 0.168204
-0.346381 1.26417 0.210846
-0.297407 1.27309 0.180121
-0.248997 1.28251 0.192341
-0.205852 1.29154 0.206224
-0.158856 1.30007 0.179515
-0.11439 1.30756 0.166837
-0.0841396 1.3129 0.174893
-0.0352775 1.32161 0.176389
0.00888248 1.3307 0.202989
0.0536876 1.34062 0.217992
0.101351 1.35082 0.210705
0.150368 1.36026 0.190203
0.196927 1.37039 0.214409
0.232879 1.38062 0.276981
0.278667 1.39346 0.273501
0.326208 1.40681 0.273791
0.368288 1.41866 0.274531
0.41065 1.42977 0.256518
0.457924 1.44188 0.250696
0.505171 1.45535 0.277708
0.552004 1.47153 0.332659
0.599956 1.48531 0.279757
0.645971 1.49821 0.27335
0.69042 1.51043 0.268367
0.738092 1.5247 0.290858
0.784911 1.54003 0.316437
0.83294 1.55359 0.275125
0.869685 1.56473 0.294298
0.906218 1.57634 0.307865
0.945487 1.58833 0.296138
0.993467 1.60212 0.279956
1.0401 1.61931 0.353186
1.08375 1.63494 0.343769
1.12928 1.65161 0.350948
1.17377 1.66809 0.354861
1.2089 1.68162 0.367615
1.25192 1.69629 0.328638
1.29509 1.71066 0.321319
1.33752 1.72429 0.310893
1.37788 1.73673 0.298812
1.4227 1.75171 0.322643
1.45916 1.76528 0.356289
1.50672 1.78071 0.313765
1.55531 1.79248 0.23764
1.60394 1.80413 0.235023
1.65237 1.81589 0.238348
1.69463 1.82586 0.231714
1.74369 1.8354 0.191953
1.78671 1.84313 0.17775
1.83544 1.85255 0.190965
1.88416 1.86377 0.226384
1.93022 1.87409 0.220404
1.96089 1.88069 0.212103
2.00277 1.89233 0.271134
2.0508 1.90622 0.281543
2.09503 1.92117 0.325738
2.13837 1.93556 0.320566
2.18617 1.95022 0.29773
2.22649 1.96457 0.341746
2.27203 1.97831 0.293146
2.31841 1.99108 0.268671
2.36571 2.00556 0.296994
2.40757 2.01709 0.268861
2.44419 2.02929 0.321665
2.49178 2.04454 0.310098
2.53284 2.05837 0.324768
2.56876 2.07098 0.337541
2.60628 2.0841 0.33653
2.65058 2.10135 0.371312
2.69742 2.11882 0.357059
2.74503 2.13276 0.284723
2.78803 2.1435 0.244789
2.83602 2.1567 0.26853
2.88102 2.17204 0.328369
2.92028 2.18423 0.301089
2.96781 2.19972 0.315128
3.01416 2.21598 0.337294
3.05654 2.23196 0.360637
3.09574 2.24631 0.350962
3.13855 2.26247 0.360958
3.18392 2.28325 0.429476
3.22634 2.3012 0.40026
3.2699 2.31826 0.373259
3.31384 2.33593 0.382332
3.36011 2.35477 0.386732
3.4053 2.37603 0.439764
3.4494 2.39422 0.391194
3.49411 2.41378 0.412429
3.51903 2.42586 0.451237
3.54165 2.43658 0.442624
3.56465 2.4478 0.453761
3.60098 2.46579 0.459806
3.63303 2.48107 0.444896
3.67085 2.49847 0.431122
3.69339 2.50981 0.466221
3.723 2.52349 0.432824
3.75583 2.53849 0.428689
3.7736 2.54674 0.434486
3.79923 2.55736 0.392982
3.81199 2.56305 0.419266
3.82318 2.56834 0.441763
3.83323 2.57353 0.476779
3.83988 2.57689 0.467527
3.85248 2.58299 0.450752
3.88937 2.59863 0.401095
3.91349 2.60766 0.357982
3.93363 2.61523 0.359779
3.95446 2.62198 0.313081
3.96998 2.62701 0.313819
3.99599 2.63621 0.340003
4.00871 2.64103 0.362012
4.01807 2.64397 0.303701
4.04694 2.65114 0.243489
4.06524 2.65608 0.263897
4.11251 2.66726 0.232333
4.15472 2.67804 0.249933
4.19317 2.69075 0.319247
4.23021 2.70398 0.343072
4.27589 2.71951 0.327704
4.31665 2.73145 0.284881
4.35423 2.74365 0.314016
4.38591 2.75369 0.306989
4.41257 2.76249 0.318783
4.44738 2.77348 0.305751
4.47231 2.78077 0.284698
4.49733 2.78713 0.248923
4.52296 2.79372 0.251453
4.53477 2.79695 0.267461
4.5492 2.80161 0.311957
4.58386 2.81238 0.301399
4.59856 2.81743 0.330457
4.62341 2.82669 0.356885
4.6477 2.83486 0.324563
4.67733 2.84436 0.310208
4.69702 2.85017 0.286689
4.72953 2.85882 0.260034
4.75481 2.86685 0.307646
4.77482 2.87297 0.296869
4.78333 2.87534 0.271452
4.80681 2.88195 0.274622
4.83942 2.89036 0.252245
4.86741 2.89824 0.274685
4.89348 2.9051 0.257237
4.8989 2.90645 0.244359
4.90329 2.90766 0.267944
4.92484 2.91335 0.257919
4.9421 2.9181 0.268601
4.95412 2.92119 0.25207
4.97533 2.92702 0.268065
4.99256 2.93184 0.27279
5.00786 2.9364 0.289585
5.03131 2.94242 0.25151
5.04189 2.94506 0.244467
5.0569 2.94828 0.211036
5.07106 2.95089 0.182537
5.07994 2.95183 0.105118
5.09635 2.95419 0.143025
5.1108 2.95672 0.173077
5.12379 2.95933 0.198152
5.13371 2.96179 0.243963
5.14969 2.96631 0.275099
5.16011 2.96939 0.287644
5.17273 2.97315 0.289674
5.18291 2.97629 0.298939
5.18815 2.97793 0.304494
5.19296 2.97927 0.270961
5.2042 2.98228 0.261735
5.20618 2.98275 0.231472
5.22073 2.98662 0.260309
True
0.0678565
