-5.46897 0.17804 -0.0992136
-5.4194 0.171607 -0.129046
-5.37488 0.167542 -0.0910758
-5.32893 0.163083 -0.0967371
-5.28102 0.157875 -0.108265
-5.23767 0.153895 -0.0915476
-5.18784 0.149722 -0.0835615
-5.13979 0.146418 -0.0686442
-5.09389 0.141652 -0.103468
-5.05273 0.138017 -0.0881
-5.00625 0.133565 -0.0954806
-4.95918 0.128491 -0.107372
-4.90986 0.120895 -0.152811
-4.86359 0.114024 -0.147435
-4.81415 0.107446 -0.132269
-4.76589 0.0981684 -0.189949
-4.71638 0.0912648 -0.138527
-4.66807 0.0857138 -0.114406
-4.62203 0.0796725 -0.130473
-4.57306 0.073627 -0.122832
-4.53202 0.0695719 -0.0984849
-4.48277 0.0658019 -0.0763969
-4.4366 0.0630995 -0.0584652
-4.38738 0.0620561 -0.0211964
-4.34 0.0622481 0.00405213
-4.29157 0.0635597 0.0270771
-4.25638 0.0638096 0.00710178
-4.2064 0.0627356 -0.0214838
-4.16198 0.0629254 0.00427281
-4.11264 0.0638916 0.0195801
-4.06265 0.0647899 0.0179672
-4.01817 0.0657837 0.0223383
-3.98331 0.0651067 -0.0194193
-3.93365 0.0636076 -0.030179
-3.88393 0.0640402 0.00869956
-3.83867 0.0633544 -0.0151521
-3.79202 0.061743 -0.034523
-3.74807 0.0601097 -0.037149
-3.70406 0.058499 -0.0365836
-3.65543 0.0576584 -0.0172836
-3.61169 0.058278 0.0141644
-3.56993 0.0610663 0.0666716
-3.52162 0.0629342 0.0386514
-3.4717 0.0655082 0.0515125
-3.42178 0.0683818 0.0575061
-3.37203 0.0723875 0.0803353
-3.32372 0.0775975 0.107427
-3.27449 0.0842266 0.13385
-3.2384 0.0899951 0.158498
-3.19409 0.0971327 0.159723
-3.14554 0.103477 0.129934
-3.10667 0.109643 0.157327
-3.05715 0.116466 0.136909
-3.0179 0.121178 0.119504
-2.96891 0.127024 0.11876
-2.92107 0.132004 0.103721
-2.87321 0.137443 0.113163
-2.82508 0.142921 0.113322
-2.77563 0.147505 0.092452
-2.72599 0.153314 0.116474
-2.68124 0.158054 0.105527
-2.63492 0.164031 0.128331
-2.59066 0.170141 0.137201
-2.54132 0.177062 0.139329
-2.49605 0.182102 0.110884
-2.44824 0.189389 0.151269
-2.40548 0.19561 0.144467
-2.35651 0.2042 0.173656
-2.31981 0.210547 0.171228
-2.28344 0.218168 0.206548
-2.23435 0.225836 0.15496
-2.18644 0.231745 0.122707
-2.13986 0.237376 0.120301
-2.09641 0.242767 0.123469
-2.0522 0.249009 0.140246
-2.00282 0.256433 0.149239
-1.95596 0.260865 0.0942779
-1.90636 0.264755 0.0782698
-1.85651 0.268116 0.0673354
-1.81272 0.270608 0.0568315
-1.77571 0.272507 0.0512666
-1.72622 0.274841 0.0471421
-1.67782 0.276656 0.0374803
-1.64387 0.276898 0.00712091
-1.60137 0.277441 0.0127759
-1.56518 0.278143 0.019403
-1.5154 0.278047 -0.00194332
-1.4655 0.278871 0.016512
-1.42208 0.277141 -0.0398286
-1.37996 0.274784 -0.0559032
-1.33921 0.271826 -0.0724543
-1.29603 0.26833 -0.0807811
-1.24732 0.258963 -0.189976
-1.21609 0.251978 -0.220085
-1.16751 0.240844 -0.225295
-1.12899 0.230372 -0.265388
-1.08228 0.215817 -0.302092
-1.03789 0.204101 -0.258069
-1.00418 0.195396 -0.252712
-0.956316 0.184833 -0.217207
-0.908387 0.172534 -0.251184
-0.860266 0.160498 -0.24509
-0.822199 0.148976 -0.293906
-0.773684 0.137138 -0.239326
-0.726879 0.124338 -0.26695
-0.679358 0.112153 -0.251001
-0.633185 0.0997135 -0.263165
-0.584001 0.0907797 -0.179681
-0.535108 0.080397 -0.209248
-0.486791 0.0676539 -0.257871
-0.448239 0.058933 -0.222466
-0.407014 0.0486212 -0.245102
-0.363813 0.0396737 -0.204229
-0.315186 0.0280971 -0.233715
-0.266901 0.0157078 -0.251173
-0.221787 0.00604366 -0.211023
-0.174875 -0.0068258 -0.267747
-0.135619 -0.0178693 -0.27423
-0.0946845 -0.0306971 -0.303682
-0.0462927 -0.0424586 -0.238425
0.00102228 -0.0585685 -0.32817
0.0482525 -0.073766 -0.311312
0.0919064 -0.0868693 -0.291608
0.125037 -0.09793 -0.32222
0.16167 -0.109385 -0.303053
0.197051 -0.119778 -0.285702
0.233314 -0.129252 -0.255563
0.278325 -0.142203 -0.280166
0.325897 -0.154547 -0.253883
0.374433 -0.165436 -0.220692
0.422741 -0.176843 -0.23187
0.471667 -0.186763 -0.200054
0.520561 -0.194688 -0.160688
0.55545 -0.199681 -0.14215
0.599248 -0.209761 -0.22621
0.646682 -0.224461 -0.300521
0.693852 -0.235304 -0.225928
0.74001 -0.247397 -0.256231
0.788173 -0.259053 -0.237447
0.833344 -0.272528 -0.289908
0.881897 -0.284071 -0.233408
0.929828 -0.293288 -0.189989
0.974232 -0.300748 -0.166442
1.02359 -0.308223 -0.150304
1.07253 -0.317986 -0.196909
1.12177 -0.325705 -0.155478
1.1658 -0.33214 -0.145131
1.20824 -0.337283 -0.120605
1.25747 -0.342852 -0.112635
1.30024 -0.348984 -0.142405
1.3436 -0.356673 -0.175505
1.3853 -0.366603 -0.233761
1.43421 -0.376976 -0.209009
1.4804 -0.385891 -0.190658
1.52718 -0.394713 -0.186384
1.57477 -0.402649 -0.165234
1.61731 -0.411096 -0.196029
1.66558 -0.421467 -0.211633
1.70598 -0.430521 -0.220482
1.7548 -0.439483 -0.18154
1.80404 -0.44793 -0.169898
1.85142 -0.456748 -0.183999
1.89366 -0.462822 -0.142816
1.93735 -0.468922 -0.138718
1.98639 -0.475023 -0.123794
2.03241 -0.48138 -0.137246
2.08191 -0.488273 -0.138357
2.12427 -0.493484 -0.122394
2.17394 -0.498387 -0.0983906
2.21934 -0.502753 -0.0958984
2.26892 -0.507137 -0.0881811
2.3134 -0.511097 -0.0887936
2.35502 -0.514349 -0.0779716
2.40473 -0.519127 -0.0958318
2.44851 -0.524196 -0.115256
2.49776 -0.528809 -0.0933918
2.54665 -0.533385 -0.0933269
2.59606 -0.540579 -0.144597
2.64517 -0.54831 -0.156127
2.6918 -0.555035 -0.143227
2.73528 -0.560508 -0.125233
2.78027 -0.56831 -0.171713
2.82966 -0.573638 -0.107462
2.87821 -0.578224 -0.0941909
2.92782 -0.583365 -0.103241
2.96225 -0.587617 -0.122895
3.0118 -0.593784 -0.123816
3.05158 -0.59897 -0.129632
3.09672 -0.606128 -0.157246
3.1423 -0.613742 -0.16553
3.18868 -0.620397 -0.142523
3.23531 -0.628097 -0.163654
3.27129 -0.634598 -0.178721
3.31119 -0.641346 -0.167575
3.3577 -0.649585 -0.175317
3.39651 -0.657306 -0.196408
3.43866 -0.664566 -0.170552
3.4807 -0.673601 -0.211699
3.51461 -0.679644 -0.176358
3.55386 -0.685168 -0.139804
3.58645 -0.689777 -0.140493
3.63008 -0.696386 -0.150333
3.66451 -0.701311 -0.142072
3.70575 -0.707809 -0.156308
3.74426 -0.713918 -0.157334
3.77672 -0.719136 -0.159338
3.82342 -0.727739 -0.182204
3.87078 -0.738516 -0.223738
3.91677 -0.747949 -0.202289
3.96261 -0.755294 -0.158879
4.00914 -0.760919 -0.120307
4.05521 -0.767135 -0.13412
4.07703 -0.770903 -0.171023
4.1094 -0.780208 -0.279909
4.14637 -0.789806 -0.253983
4.17987 -0.798382 -0.250625
4.22396 -0.808185 -0.218801
4.26913 -0.81721 -0.197188
4.31298 -0.825102 -0.178069
4.35347 -0.831918 -0.166774
4.37796 -0.836798 -0.196709
4.40771 -0.842111 -0.176724
4.42641 -0.845804 -0.194942
4.44516 -0.849006 -0.169215
4.46225 -0.852386 -0.195195
4.47194 -0.85408 -0.173104
4.48093 -0.855591 -0.166473
4.4981 -0.859374 -0.216872
4.50263 -0.860497 -0.242866
4.51604 -0.864289 -0.275512
4.51891 -0.864991 -0.24019
4.53922 -0.869574 -0.221941
4.55129 -0.872367 -0.22735
4.57117 -0.877808 -0.267199
4.58973 -0.883483 -0.296784
4.59807 -0.885899 -0.281811
4.61622 -0.89022 -0.233734
4.64267 -0.895977 -0.214337
4.66387 -0.900366 -0.204145
4.68266 -0.904801 -0.231749
4.69336 -0.907579 -0.253969
4.70645 -0.911105 -0.263153
4.72885 -0.917206 -0.265968
4.75096 -0.923741 -0.287289
4.77017 -0.928804 -0.257741
4.78121 -0.931625 -0.250217
4.80651 -0.937782 -0.238685
4.8327 -0.943553 -0.216957
4.84574 -0.94571 -0.163843
4.86058 -0.947751 -0.136663
4.86462 -0.948092 -0.0843147
4.88026 -0.949192 -0.070213
4.90861 -0.952416 -0.113207
4.93391 -0.955861 -0.135377
4.94109 -0.956625 -0.105941
4.96203 -0.95894 -0.110142
4.96493 -0.959338 -0.135826
4.96706 -0.9597 -0.168899
4.98329 -0.962375 -0.163368
5.0094 -0.966861 -0.170124
5.02282 -0.968849 -0.147084
5.03761 -0.970651 -0.121228
5.0489 -0.971484 -0.0736291
5.05734 -0.971791 -0.0364362
5.06009 -0.971747 0.0161632
5.06426 -0.971306 0.10535
5.08594 -0.969393 0.0879893
5.09456 -0.969228 0.0191697
5.09635 -0.96927 -0.0231768
5.10308 -0.969552 -0.0418954
5.11874 -0.970604 -0.0670626
5.12744 -0.971123 -0.0595613
5.1334 -0.971659 -0.0898193
5.14224 -0.972549 -0.100312
5.14283 -0.972607 -0.0978982
5.14136 -0.972468 -0.0939715
5.14814 -0.972931 -0.0681368
5.14806 -0.972927 -0.0507374
5.15589 -0.973088 -0.0205211
5.16107 -0.973153 -0.0126059
5.16898 -0.973136 0.00210759
5.17815 -0.973264 -0.013878
5.18781 -0.973081 0.0189388
5.19224 -0.972933 0.0333837
5.18861 -0.973218 0.0785107
5.20462 -0.971665 0.0967021
True
0.250658
