-5.48578 -0.469462 -0.00672358
-5.43716 -0.473806 -0.0891146
-5.38772 -0.478016 -0.0849465
-5.34179 -0.481443 -0.0744582
-5.30115 -0.484907 -0.0850476
-5.254 -0.487183 -0.0482244
-5.20411 -0.489609 -0.0486039
-5.17112 -0.4918 -0.0663058
-5.1221 -0.495528 -0.0759163
-5.08264 -0.497914 -0.0603716
-5.03271 -0.50017 -0.0451547
-4.9841 -0.504421 -0.0872324
-4.93645 -0.507919 -0.073279
-4.88672 -0.512879 -0.0994215
-4.83764 -0.517973 -0.103414
-4.78898 -0.524618 -0.135704
-4.74647 -0.530803 -0.144513
-4.7014 -0.536303 -0.12141
-4.66618 -0.538779 -0.0702008
-4.61899 -0.541798 -0.0638786
-4.57393 -0.542408 -0.013545
-4.52444 -0.544554 -0.0433425
-4.47449 -0.545496 -0.0188462
-4.42843 -0.546183 -0.0149113
-4.38168 -0.547712 -0.0326997
-4.33227 -0.551933 -0.0852121
-4.28382 -0.554639 -0.0558018
-4.2344 -0.55675 -0.0426954
-4.19617 -0.55846 -0.0446901
-4.15622 -0.559528 -0.0267198
-4.10639 -0.562061 -0.0507947
-4.05662 -0.565319 -0.0653638
-4.01877 -0.569288 -0.10449
-3.96998 -0.572578 -0.0673348
-3.92125 -0.574725 -0.0440131
-3.87201 -0.575725 -0.0203049
-3.82576 -0.580033 -0.0928762
-3.77605 -0.580563 -0.0106663
-3.72608 -0.58224 -0.0335359
-3.67909 -0.581811 0.00912923
-3.62915 -0.582084 -0.005474
-3.57946 -0.582635 -0.0110809
-3.52977 -0.582731 -0.00194672
-3.49264 -0.584162 -0.0385088
-3.44276 -0.583233 0.0186207
-3.39298 -0.582198 0.0207938
-3.3544 -0.58081 0.0359622
-3.30786 -0.580777 0.00069483
-3.25882 -0.581098 -0.00653863
-3.20885 -0.580418 0.0136125
-3.16274 -0.581137 -0.0156034
-3.11475 -0.579644 0.0311112
-3.06581 -0.578716 0.0189485
-3.01869 -0.578726 -0.000200829
-2.96946 -0.5778 0.0188089
-2.92444 -0.57895 -0.0255391
-2.87449 -0.580908 -0.0391762
-2.82459 -0.583956 -0.0610012
-2.78424 -0.586833 -0.0711774
-2.74026 -0.591432 -0.104219
-2.69041 -0.594289 -0.0572284
-2.64209 -0.59859 -0.0887959
-2.59234 -0.602971 -0.0878279
-2.54825 -0.606045 -0.0696253
-2.5117 -0.608043 -0.0545893
-2.46219 -0.610261 -0.0447683
-2.41351 -0.609804 0.00937852
-2.36863 -0.610769 -0.0214905
-2.32091 -0.611522 -0.0157812
-2.2714 -0.613277 -0.0354385
-2.22619 -0.61568 -0.0531048
-2.18014 -0.620794 -0.110583
-2.13162 -0.626061 -0.108125
-2.08528 -0.629946 -0.083649
-2.03699 -0.634021 -0.0841911
-1.98727 -0.636931 -0.0584471
-1.94028 -0.642079 -0.109133
-1.90007 -0.645743 -0.0908695
-1.85758 -0.65158 -0.136514
-1.80791 -0.657037 -0.109437
-1.75839 -0.663908 -0.13785
-1.71989 -0.669642 -0.147869
-1.6704 -0.676222 -0.132181
-1.63601 -0.681818 -0.161315
-1.58853 -0.688122 -0.131993
-1.54399 -0.694236 -0.136422
-1.5 -0.700405 -0.139344
-1.45144 -0.705152 -0.0974186
-1.41048 -0.709705 -0.11071
-1.36265 -0.715284 -0.116111
-1.32066 -0.720931 -0.133708
-1.27117 -0.726766 -0.117354
-1.22473 -0.731614 -0.104013
-1.17727 -0.737008 -0.11318
-1.12819 -0.744417 -0.149837
-1.08252 -0.749114 -0.102472
-1.03986 -0.751096 -0.046434
-0.996735 -0.753439 -0.0542524
-0.952164 -0.756537 -0.069409
-0.907173 -0.758975 -0.0541356
-0.860415 -0.763378 -0.0938855
-0.81046 -0.765506 -0.0425673
-0.761299 -0.768108 -0.052893
-0.71268 -0.769804 -0.0348583
-0.691473 -0.770614 -0.0381811
-0.655398 -0.770304 0.00859473
-0.6056 -0.771158 -0.0171499
-0.560658 -0.770402 0.0168191
-0.510679 -0.771012 -0.0122055
-0.467935 -0.771434 -0.00986371
-0.420386 -0.772459 -0.0215688
-0.382809 -0.772368 0.00243403
-0.336702 -0.770563 0.0391323
-0.294294 -0.7702 0.00855502
-0.244343 -0.771477 -0.0255565
-0.194594 -0.773985 -0.050381
-0.145787 -0.7765 -0.0514762
-0.10332 -0.780253 -0.0881576
-0.0542997 -0.783267 -0.061403
-0.00773417 -0.787535 -0.0913937
0.0396596 -0.793881 -0.133101
0.0719994 -0.797509 -0.111737
0.121352 -0.80301 -0.110995
0.168835 -0.807923 -0.103109
0.214902 -0.810715 -0.0605233
0.259329 -0.814671 -0.0888213
0.306332 -0.818259 -0.0761912
0.355153 -0.825273 -0.142681
0.401346 -0.831947 -0.14349
0.449515 -0.838066 -0.126363
0.498291 -0.844128 -0.123637
0.547385 -0.849636 -0.111739
0.595637 -0.857073 -0.152921
0.644952 -0.864944 -0.158276
0.690219 -0.871225 -0.13788
0.738606 -0.878531 -0.14984
0.785528 -0.886739 -0.173187
0.827373 -0.893978 -0.171309
0.874454 -0.901418 -0.15673
0.923547 -0.910323 -0.179424
0.969191 -0.919311 -0.19444
1.01844 -0.927099 -0.156836
1.05843 -0.933668 -0.162816
1.10814 -0.938423 -0.095363
1.1579 -0.943215 -0.0960081
1.20516 -0.948811 -0.117861
1.25438 -0.956195 -0.148906
1.30322 -0.961643 -0.111091
1.35004 -0.967124 -0.116542
1.3961 -0.974647 -0.161867
1.44566 -0.980081 -0.109232
1.49226 -0.985587 -0.117605
1.53449 -0.989011 -0.0809192
1.57064 -0.993344 -0.119261
1.61963 -0.999518 -0.125358
1.66535 -1.007 -0.162302
1.71012 -1.01464 -0.168849
1.75811 -1.02117 -0.135238
1.80576 -1.02758 -0.133867
1.84782 -1.03178 -0.0993993
1.8828 -1.03497 -0.0909688
1.92461 -1.04014 -0.123126
1.97152 -1.04295 -0.0597847
2.01596 -1.04447 -0.0341639
2.06391 -1.0464 -0.0403212
2.10982 -1.04837 -0.0428553
2.15981 -1.04905 -0.0136601
2.20935 -1.05071 -0.0334577
2.25257 -1.05062 0.00216714
2.2903 -1.05083 -0.00558591
2.33168 -1.05024 0.0141373
2.37845 -1.05058 -0.0071522
2.42467 -1.05452 -0.0850933
2.47365 -1.05793 -0.0694694
2.52345 -1.06233 -0.0881031
2.57329 -1.06613 -0.076178
2.62245 -1.07006 -0.0796166
2.67133 -1.07333 -0.0668882
2.72046 -1.07631 -0.0605532
2.76687 -1.07734 -0.0222874
2.80679 -1.07867 -0.0333213
2.85631 -1.08034 -0.0337082
2.88964 -1.08207 -0.0516811
2.93388 -1.08346 -0.0315365
2.98372 -1.0846 -0.0228422
3.02789 -1.08548 -0.019774
3.07681 -1.0885 -0.0616461
3.12285 -1.09183 -0.0724027
3.17196 -1.0955 -0.0746107
3.22185 -1.09802 -0.0503447
3.27046 -1.09906 -0.0213562
3.32032 -1.1014 -0.0468699
3.35552 -1.10169 -0.00846578
3.39911 -1.10351 -0.0417372
3.44732 -1.10392 -0.00844286
3.49447 -1.1047 -0.0165149
3.5385 -1.10609 -0.0316014
3.58486 -1.10628 -0.00407693
3.61938 -1.10559 0.020067
3.64706 -1.10526 0.0117911
3.69475 -1.10285 0.0504663
3.73988 -1.10169 0.0257019
3.76243 -1.10034 0.0597275
3.77199 -1.09922 0.117373
3.78578 -1.09838 0.0608345
3.79824 -1.09738 0.0801026
3.81822 -1.09558 0.089823
3.8405 -1.09376 0.0814757
3.8629 -1.0916 0.0959956
3.8952 -1.08819 0.105274
3.93348 -1.08263 0.144176
3.98177 -1.07533 0.150063
4.02957 -1.06689 0.174778
4.06739 -1.05977 0.185928
4.1086 -1.05242 0.176652
4.13427 -1.04798 0.171311
4.15245 -1.04503 0.160645
4.16683 -1.04332 0.118082
4.19969 -1.03964 0.111577
4.22618 -1.03743 0.0833374
4.26462 -1.03446 0.0772313
4.31011 -1.03345 0.0221353
4.3493 -1.0319 0.0394128
4.39436 -1.03139 0.0113775
4.44133 -1.02966 0.0369125
4.48346 -1.02698 0.0635511
4.52349 -1.02576 0.0303791
4.54509 -1.02581 -0.00229455
4.58346 -1.02679 -0.0255185
4.61627 -1.02814 -0.0410861
4.65668 -1.02914 -0.0249038
4.69976 -1.03155 -0.0557738
4.73011 -1.03331 -0.0578896
4.77157 -1.03524 -0.0466152
4.81041 -1.03659 -0.0348235
4.84615 -1.03793 -0.0373261
4.87893 -1.04033 -0.0730264
4.91404 -1.04319 -0.081391
4.93023 -1.04433 -0.0702504
4.95132 -1.04672 -0.113062
4.9628 -1.0479 -0.101683
4.98355 -1.04991 -0.0969254
5.00429 -1.05175 -0.088375
5.03456 -1.05524 -0.114902
5.04856 -1.05667 -0.101135
5.07393 -1.05927 -0.102263
5.08298 -1.06004 -0.0844569
5.09915 -1.06096 -0.0572038
5.1113 -1.0613 -0.0280815
5.12405 -1.0614 -0.00770564
5.12137 -1.06156 0.0576311
5.13111 -1.06071 0.0869447
5.13188 -1.06062 0.105875
5.14325 -1.05919 0.125637
5.1472 -1.05888 0.0783748
5.14582 -1.05897 0.0658404
5.15179 -1.05856 0.0678404
5.16166 -1.05814 0.0431442
5.16415 -1.05809 0.0177131
5.17301 -1.05851 -0.0471806
5.18655 -1.05954 -0.0758377
5.20656 -1.06115 -0.0802195
5.2119 -1.06176 -0.113947
True
0.0679385
