-5.47662 -0.540526 0.123661
-5.42871 -0.536956 0.0743578
-5.3848 -0.528987 0.179526
-5.33604 -0.521022 0.161935
-5.28671 -0.512843 0.164316
-5.24733 -0.505237 0.190783
-5.19957 -0.498606 0.137955
-5.15609 -0.49303 0.127551
-5.10729 -0.48565 0.15008
-5.05826 -0.477488 0.164985
-5.00897 -0.471384 0.1232
-4.96009 -0.464275 0.144415
-4.91098 -0.455765 0.171604
-4.8616 -0.448429 0.147448
-4.81238 -0.440143 0.166809
-4.76358 -0.430547 0.194163
-4.71888 -0.421871 0.191703
-4.67077 -0.413281 0.176686
-4.62384 -0.404787 0.179061
-4.57592 -0.399025 0.119649
-4.53466 -0.39352 0.13264
-4.49079 -0.390133 0.0770767
-4.44973 -0.385461 0.113279
-4.40012 -0.379345 0.122658
-4.3565 -0.374673 0.106713
-4.30956 -0.368643 0.12776
-4.26985 -0.364216 0.111021
-4.22374 -0.35572 0.182204
-4.17486 -0.350265 0.111159
-4.12612 -0.344531 0.11708
-4.08336 -0.340381 0.0967596
-4.0383 -0.336146 0.0937241
-3.98902 -0.332556 0.072714
-3.94855 -0.329917 0.0651125
-3.89864 -0.327842 0.0415481
-3.85008 -0.324079 0.0773427
-3.81368 -0.319472 0.125898
-3.76492 -0.309405 0.203567
-3.71569 -0.300657 0.175886
-3.671 -0.291499 0.202141
-3.62238 -0.280425 0.223925
-3.57586 -0.271093 0.197963
-3.52708 -0.260437 0.2151
-3.4793 -0.251419 0.186542
-3.43011 -0.242505 0.179275
-3.3833 -0.23412 0.177215
-3.33839 -0.228616 0.121937
-3.29894 -0.224836 0.095557
-3.25294 -0.218691 0.132772
-3.20324 -0.213463 0.104822
-3.1612 -0.209527 0.0933664
-3.11773 -0.207135 0.0549468
-3.06862 -0.204447 0.0546959
-3.01894 -0.201498 0.0592747
-2.97218 -0.196159 0.113717
-2.92257 -0.19308 0.0619599
-2.87292 -0.187183 0.118242
-2.83191 -0.181814 0.130162
-2.78296 -0.178195 0.0737904
-2.73606 -0.172316 0.124697
-2.68669 -0.168457 0.0780167
-2.63817 -0.16403 0.0909787
-2.59037 -0.161284 0.0573833
-2.5464 -0.159522 0.0400673
-2.49783 -0.155355 0.0855916
-2.44799 -0.15157 0.0757922
-2.40216 -0.147757 0.0830088
-2.35939 -0.144871 0.0673662
-2.3203 -0.142006 0.0731673
-2.27042 -0.138517 0.0698285
-2.22108 -0.131605 0.139165
-2.17185 -0.126241 0.108543
-2.12228 -0.119775 0.129701
-2.07901 -0.116916 0.0659734
-2.02941 -0.112851 0.0817752
-1.98014 -0.107303 0.112127
-1.93054 -0.101015 0.126112
-1.88207 -0.0967057 0.0886747
-1.83496 -0.0908132 0.124441
-1.78923 -0.0860679 0.10339
-1.73946 -0.0819456 0.0826425
-1.69756 -0.0782463 0.0880662
-1.66297 -0.0749812 0.0940973
-1.62252 -0.0705214 0.109814
-1.57906 -0.0660256 0.103091
-1.5296 -0.0617161 0.0869087
-1.48469 -0.0579987 0.0825777
-1.43817 -0.0546384 0.0721171
-1.39876 -0.0523507 0.0579864
-1.351 -0.0508726 0.0309373
-1.3092 -0.0496674 0.0288256
-1.26007 -0.0495728 0.001926
-1.21186 -0.0480854 0.0308421
-1.16827 -0.0465813 0.0344843
-1.11956 -0.0465874 -0.000124853
-1.08509 -0.046609 -0.000625142
-1.03563 -0.0465753 0.00067988
-0.985755 -0.0465431 0.000647131
-0.93616 -0.0452374 0.0263194
-0.895376 -0.0446957 0.0132822
-0.852796 -0.0438168 0.0206383
-0.811651 -0.0466449 -0.0686285
-0.762451 -0.0460578 0.0119333
-0.712494 -0.0440078 0.0410126
-0.662518 -0.0434432 0.0112958
-0.613309 -0.0412845 0.0438397
-0.565162 -0.0374188 0.0801174
-0.515451 -0.0334928 0.0788151
-0.470042 -0.0296615 0.0841736
-0.428347 -0.0262165 0.0824344
-0.380401 -0.022885 0.0693738
-0.342635 -0.0205567 0.0615726
-0.29282 -0.0174703 0.061879
-0.244707 -0.0130304 0.0920189
-0.199511 -0.00933619 0.0815556
-0.156778 -0.00531757 0.0937651
-0.110341 0.00073872 0.129687
-0.0616124 0.0087185 0.16232
-0.0130823 0.0157092 0.143066
0.0278486 0.0210765 0.130386
0.0763808 0.0277966 0.137591
0.125441 0.0365487 0.176538
0.174213 0.0464427 0.200145
0.223042 0.0571746 0.216348
0.251431 0.0627795 0.194922
0.29787 0.0722813 0.201825
0.34692 0.0819287 0.194204
0.395074 0.0922059 0.210272
0.443673 0.099465 0.14827
0.492282 0.108342 0.180638
0.541855 0.114737 0.128282
0.588705 0.121922 0.152178
0.633756 0.127431 0.121692
0.683515 0.132187 0.0952747
0.722639 0.135551 0.0857855
0.767812 0.141155 0.123419
0.81752 0.145717 0.0915174
0.859263 0.149269 0.0849009
0.909013 0.153846 0.0917291
0.957768 0.157361 0.0719792
1.0012 0.158711 0.0310848
1.04645 0.160006 0.0285976
1.09486 0.160127 0.00249411
1.14377 0.15961 -0.0105555
1.1883 0.15843 -0.0264922
1.23768 0.158294 -0.00276079
1.28159 0.158104 -0.00434041
1.33144 0.159407 0.0261298
1.38142 0.160092 0.0137125
1.42509 0.158546 -0.0353867
1.4746 0.157686 -0.0173599
1.52452 0.157878 0.00383373
1.55969 0.159064 0.0337023
1.60762 0.158017 -0.0218256
1.65402 0.157998 -0.000405172
1.70066 0.15664 -0.0291079
1.74571 0.155696 -0.0209708
1.78898 0.153874 -0.0420777
1.83665 0.152487 -0.0290786
1.88606 0.151115 -0.0277705
1.93082 0.14942 -0.0378387
1.98057 0.146514 -0.0583475
2.016 0.142802 -0.104387
2.06529 0.138618 -0.0846888
2.10153 0.134896 -0.102333
2.14624 0.130731 -0.0928993
2.19332 0.126226 -0.0953855
2.24101 0.123969 -0.0472964
2.28936 0.121104 -0.0591712
2.3393 0.119472 -0.0326669
2.38917 0.119534 0.00124179
2.43907 0.12059 0.0211405
2.48451 0.120944 0.00780587
2.5334 0.122083 0.0232814
2.58322 0.124563 0.0497411
2.63315 0.126855 0.0458745
2.67201 0.127785 0.0239374
2.71878 0.128181 0.00845803
2.76852 0.128465 0.00570968
2.81722 0.130449 0.0407212
2.86659 0.13505 0.0929021
2.89743 0.137305 0.073003
2.9466 0.141227 0.0795994
2.9939 0.143323 0.0442764
3.04352 0.145363 0.0410994
3.08763 0.148268 0.065759
3.12851 0.151247 0.0727412
3.17369 0.155452 0.0928069
3.20366 0.157785 0.0776926
3.25347 0.160207 0.0485872
3.30319 0.162509 0.046252
3.34946 0.163911 0.0302974
3.39152 0.164933 0.0242863
3.43547 0.165752 0.018647
3.48027 0.165184 -0.0126835
3.50746 0.16419 -0.0365396
3.54385 0.163565 -0.0171751
3.58906 0.162376 -0.0263099
3.63084 0.162367 -0.00021184
3.66454 0.163024 0.0194951
3.699 0.163465 0.0128092
3.72778 0.165431 0.0682134
3.74979 0.166318 0.0402745
3.77007 0.169017 0.132347
3.79858 0.173672 0.16183
3.82587 0.177146 0.126587
3.84552 0.179234 0.105857
3.87675 0.182995 0.119868
3.90811 0.186562 0.113268
3.93677 0.189749 0.110761
3.97672 0.193908 0.10373
4.01586 0.197169 0.0831308
4.05876 0.201777 0.106998
4.08832 0.205576 0.127762
4.11009 0.208289 0.124013
4.14852 0.212871 0.118682
4.18905 0.217956 0.124796
4.2078 0.220494 0.134573
4.22182 0.22236 0.13228
4.24958 0.225282 0.104886
4.26419 0.227205 0.130869
4.29766 0.23223 0.14902
4.33913 0.239204 0.166605
4.377 0.245847 0.173658
4.41763 0.252404 0.160025
4.4534 0.257116 0.130962
4.49189 0.260805 0.0955469
4.532 0.264132 0.0827657
4.56516 0.266967 0.0852757
4.58986 0.269405 0.0983752
4.63208 0.275351 0.139906
4.66737 0.280068 0.132881
4.69195 0.283817 0.151364
4.72223 0.287918 0.1346
4.75181 0.291981 0.136524
4.78047 0.294662 0.09327
4.79465 0.295182 0.0366724
4.81468 0.295786 0.0301517
4.82888 0.296355 0.0400426
4.84808 0.296448 0.00481484
4.85236 0.296433 -0.00354739
4.86759 0.29628 -0.00999127
4.88926 0.296173 -0.00495437
4.90265 0.296297 0.0092597
4.92608 0.297906 0.068563
4.95032 0.299972 0.0850265
4.9643 0.300704 0.0523221
4.98218 0.301684 0.0547265
5.00257 0.3022 0.0253033
5.005 0.302328 0.0528107
5.00614 0.302381 0.046474
5.01948 0.302969 0.0440624
5.03639 0.303699 0.0431318
5.05826 0.305002 0.0594703
5.0703 0.305318 0.02627
5.07998 0.305608 0.0299942
5.08504 0.305674 0.0130001
5.093 0.305677 0.000307514
5.09791 0.305629 -0.00975666
5.11626 0.305784 0.00844043
5.11915 0.305854 0.0242558
5.12063 0.305851 -0.00160426
5.12505 0.305732 -0.0270928
5.12905 0.305674 -0.0142872
5.14319 0.306915 0.0875266
5.16162 0.308991 0.112207
5.16592 0.309675 0.157607
5.16846 0.309993 0.124427
5.17443 0.310801 0.134562
5.18088 0.311603 0.123826
5.18883 0.312724 0.140097
5.2005 0.314409 0.143315
True
0.0700718
