-5.46372 0.933261 0.0805746
-5.41393 0.93684 0.0717622
-5.37127 0.9392 0.055267
-5.32285 0.945046 0.120164
-5.28658 0.951194 0.167899
-5.24024 0.959607 0.179594
-5.19784 0.966185 0.153912
-5.1484 0.973651 0.149885
-5.1117 0.97878 0.138838
-5.0718 0.98448 0.141902
-5.03046 0.990771 0.151029
-4.98073 0.995958 0.103923
-4.93102 1.00126 0.10623
-4.88157 1.00861 0.147498
-4.84079 1.01365 0.123146
-4.79102 1.01824 0.091848
-4.74327 1.02419 0.123972
-4.70458 1.02876 0.117686
-4.66501 1.03422 0.137026
-4.62493 1.03954 0.132112
-4.57508 1.04273 0.063752
-4.52678 1.04635 0.0748751
-4.47687 1.04765 0.0261116
-4.42717 1.04834 0.0137338
-4.37814 1.04792 -0.00851254
-4.32814 1.04741 -0.0101207
-4.27929 1.04436 -0.0624799
-4.23078 1.04422 -0.00273759
-4.18462 1.04385 -0.00812306
-4.14589 1.04313 -0.0186279
-4.09703 1.04181 -0.0269924
-4.06551 1.04123 -0.0183698
-4.01565 1.03938 -0.0371128
-3.96881 1.03856 -0.017418
-3.91883 1.03734 -0.024502
-3.87098 1.03646 -0.0183191
-3.82101 1.03473 -0.0345157
-3.77207 1.03228 -0.0501259
-3.72211 1.03065 -0.0326027
-3.67215 1.03024 -0.00821931
-3.62229 1.02955 -0.0138511
-3.5788 1.02722 -0.0533921
-3.53586 1.02306 -0.0967761
-3.4913 1.01892 -0.0926042
-3.4437 1.01486 -0.0849301
-3.40302 1.01253 -0.0574287
-3.35333 1.01004 -0.0500479
-3.32143 1.00973 -0.00954114
-3.27768 1.01078 0.0239262
-3.22881 1.01053 -0.00506414
-3.18346 1.00927 -0.0277218
-3.13806 1.00823 -0.0230938
-3.08836 1.00817 -0.00119141
-3.03898 1.00488 -0.0664453
-2.98904 1.00251 -0.0475164
-2.94281 1.00051 -0.0431993
-2.90024 0.997725 -0.0652566
-2.85576 0.993573 -0.0930792
-2.8078 0.98795 -0.116714
-2.76816 0.981961 -0.149959
-2.71856 0.975722 -0.125114
-2.66921 0.969006 -0.13526
-2.62528 0.965122 -0.0881881
-2.57704 0.9612 -0.0811259
-2.52737 0.958954 -0.045182
-2.48122 0.954746 -0.0909232
-2.43342 0.95016 -0.0956715
-2.3835 0.948479 -0.0336498
-2.34335 0.945624 -0.0709827
-2.29339 0.945315 -0.00619882
-2.24571 0.946564 0.0261908
-2.19981 0.947058 0.0107651
-2.15005 0.944387 -0.0536364
-2.1034 0.943762 -0.0133904
-2.06163 0.943304 -0.0109626
-2.01183 0.944849 0.031004
-1.96184 0.94607 0.0244256
-1.91652 0.946795 0.0160101
-1.86654 0.947962 0.0233281
-1.82271 0.949046 0.0247333
-1.77813 0.94983 0.0175856
-1.73816 0.950922 0.0273221
-1.69407 0.952016 0.0247942
-1.64408 0.950956 -0.0211947
-1.59555 0.949821 -0.0233747
-1.55174 0.949688 -0.00304696
-1.51168 0.951811 0.0529593
-1.4685 0.955279 0.0801275
-1.4198 0.958274 0.061435
-1.37269 0.962376 0.0868475
-1.32322 0.964515 0.0432148
-1.29178 0.967675 0.100169
-1.25524 0.970866 0.0871245
-1.20962 0.974271 0.0744941
-1.15967 0.976149 0.0375702
-1.12292 0.978996 0.077335
-1.07461 0.981847 0.0589475
-1.02635 0.982869 0.0211706
-0.977093 0.985585 0.0550888
-0.931018 0.987935 0.0509562
-0.896465 0.988826 0.0257656
-0.853319 0.990045 0.028256
-0.805634 0.992033 0.04167
-0.755735 0.993857 0.0365294
-0.712663 0.99639 0.0587301
-0.667639 0.99981 0.0758169
-0.622262 1.00118 0.0302899
-0.578863 1.00285 0.0383636
-0.529175 1.004 0.0231836
-0.479827 1.00377 -0.00463372
-0.432163 1.00177 -0.0419119
-0.383112 0.999828 -0.039659
-0.333216 0.997462 -0.0473879
-0.289382 0.993986 -0.0791478
-0.240316 0.992185 -0.0366881
-0.19582 0.991268 -0.0205969
-0.148966 0.989586 -0.0358734
-0.102661 0.988608 -0.021138
-0.0527711 0.988878 0.00541223
-0.00976922 0.990541 0.0386558
0.0387064 0.992705 0.0446188
0.0884696 0.996908 0.0842614
0.138236 1.00089 0.0798181
0.187379 1.00503 0.0841452
0.237043 1.01076 0.114695
0.28659 1.01683 0.121922
0.336278 1.02217 0.107072
0.381771 1.02782 0.123669
0.426367 1.03208 0.0951824
0.474678 1.03445 0.0489512
0.515671 1.03661 0.0526921
0.564015 1.0384 0.0371203
0.612914 1.03999 0.0324722
0.655272 1.04155 0.0368037
0.696818 1.04347 0.0460478
0.746789 1.04427 0.0160026
0.795719 1.04835 0.0833764
0.844538 1.05424 0.120057
0.894343 1.05864 0.0880865
0.943846 1.06389 0.105559
0.985634 1.07008 0.147025
1.03168 1.07909 0.19341
1.0809 1.08756 0.170348
1.12333 1.09644 0.206276
1.15164 1.10271 0.217809
1.20003 1.11525 0.253695
1.24737 1.12625 0.228334
1.28883 1.13646 0.241366
1.33375 1.14854 0.262739
1.37893 1.16304 0.310417
1.42655 1.17822 0.308669
1.46363 1.1885 0.27055
1.5102 1.20345 0.310556
1.55319 1.21725 0.310663
1.59327 1.22912 0.28787
1.63954 1.24222 0.275996
1.68692 1.25818 0.324844
1.73315 1.27152 0.280953
1.77763 1.28603 0.315303
1.82024 1.29937 0.303443
1.86435 1.31489 0.338284
1.90935 1.32996 0.323241
1.95661 1.34626 0.332
1.99787 1.36156 0.355138
2.04014 1.37698 0.34978
2.08791 1.39116 0.288665
2.13333 1.40621 0.319915
2.18055 1.42264 0.334766
2.22687 1.43959 0.350924
2.27407 1.45317 0.280158
2.3199 1.47159 0.382142
2.35602 1.48514 0.358758
2.40179 1.50132 0.339786
2.4439 1.5183 0.383257
2.49144 1.53333 0.306266
2.5382 1.54972 0.337173
2.58416 1.56582 0.336871
2.6269 1.5827 0.376209
2.66651 1.59739 0.355189
2.71065 1.61468 0.373345
2.75262 1.63012 0.352415
2.79598 1.64703 0.371937
2.83885 1.66361 0.368905
2.87804 1.67871 0.367867
2.92479 1.69419 0.319703
2.96244 1.70695 0.326801
3.00876 1.72239 0.321659
3.05563 1.73619 0.286442
3.10036 1.75006 0.30061
3.13748 1.76126 0.293204
3.18111 1.77468 0.298383
3.22215 1.7864 0.278179
3.2626 1.79842 0.288868
3.30877 1.81016 0.249009
3.35575 1.82443 0.294867
3.40318 1.83674 0.253898
3.44316 1.84519 0.208257
3.47989 1.85368 0.227134
3.51064 1.86134 0.244241
3.54981 1.87175 0.259741
3.57849 1.87889 0.24406
3.61452 1.88897 0.272652
3.65423 1.90055 0.283883
3.69287 1.90951 0.22767
3.73331 1.91974 0.247934
3.77572 1.93153 0.271111
3.80623 1.93873 0.231802
3.84096 1.94834 0.270002
3.85932 1.95398 0.297619
3.87874 1.96073 0.334788
3.91142 1.9714 0.315658
3.93999 1.98007 0.294305
3.96716 1.98845 0.299419
4.00026 1.99925 0.315435
4.01104 2.00294 0.329351
4.0431 2.01404 0.333248
4.08503 2.02714 0.302976
4.10804 2.03448 0.308661
4.12395 2.03928 0.292931
4.15505 2.04843 0.286232
4.16761 2.0518 0.2618
4.198 2.06043 0.276725
4.23162 2.07035 0.287029
4.25376 2.07723 0.301142
4.27215 2.08185 0.246103
4.29221 2.08734 0.266997
4.30389 2.09021 0.241699
4.32871 2.09608 0.232038
4.35182 2.10155 0.23253
4.36628 2.10477 0.219095
4.3872 2.10946 0.220454
4.40132 2.11221 0.192408
4.42279 2.11729 0.232386
4.44243 2.12182 0.226726
4.46043 2.12596 0.226169
4.48364 2.13212 0.259135
4.5051 2.13735 0.23932
4.52417 2.14125 0.201404
4.54229 2.14506 0.207095
4.55729 2.14831 0.213858
4.56686 2.15071 0.244932
4.579 2.15389 0.25669
4.59064 2.15616 0.192516
4.59243 2.1565 0.187273
4.60858 2.1588 0.141371
4.63522 2.1636 0.17852
4.6577 2.16752 0.172326
4.67503 2.17145 0.223244
4.69529 2.17621 0.230584
4.72475 2.18323 0.233868
4.7565 2.19122 0.246703
4.77198 2.19487 0.231508
4.79141 2.19895 0.206955
4.81716 2.20481 0.223842
4.84184 2.21062 0.23114
4.86431 2.21572 0.22316
4.8858 2.22136 0.25644
4.90321 2.22574 0.246666
4.91193 2.22815 0.27028
4.9271 2.2319 0.241805
4.93317 2.23339 0.241951
4.94642 2.23637 0.220939
4.96234 2.23996 0.221573
4.98405 2.24475 0.217322
5.00146 2.24862 0.218618
5.02606 2.25451 0.235109
5.03488 2.25678 0.251264
5.04068 2.25808 0.222107
5.06231 2.26298 0.222438
5.07953 2.26632 0.191683
5.08997 2.26883 0.235661
5.10002 2.27118 0.23032
5.10435 2.27223 0.237744
5.12176 2.27662 0.246839
5.13815 2.28243 0.340636
5.14881 2.28577 0.304041
5.15279 2.28702 0.304452
5.15816 2.28858 0.282546
5.17321 2.2933 0.303766
5.17383 2.29346 0.247863
5.18576 2.29674 0.268196
5.19498 2.2994 0.280817
5.19652 2.29982 0.269951
5.21115 2.3037 0.259284
5.22713 2.30838 0.284546
True
0.256403
