-5.49023 0.314934 -0.0868149
-5.4412 0.311298 -0.0740264
-5.39187 0.304463 -0.137683
-5.34931 0.298502 -0.139153
-5.30723 0.294138 -0.103335
-5.26371 0.288819 -0.121614
-5.21503 0.283107 -0.116799
-5.17255 0.277798 -0.12433
-5.12314 0.272485 -0.107106
-5.07589 0.265843 -0.139693
-5.02854 0.257019 -0.184224
-4.98005 0.245721 -0.228927
-4.94003 0.236011 -0.237993
-4.89847 0.227299 -0.206649
-4.85781 0.219435 -0.19107
-4.81801 0.213897 -0.138265
-4.77111 0.208595 -0.112574
-4.72301 0.202473 -0.126575
-4.67367 0.196879 -0.112881
-4.62483 0.192145 -0.0966319
-4.57555 0.186643 -0.111199
-4.52664 0.180384 -0.127273
-4.4771 0.175121 -0.105852
-4.42771 0.167553 -0.152029
-4.37861 0.160621 -0.140267
-4.33294 0.154691 -0.129102
-4.28328 0.148832 -0.117463
-4.23348 0.145691 -0.0629752
-4.18442 0.141964 -0.0758192
-4.14195 0.141829 -0.00319684
-4.09227 0.143482 0.03326
-4.04254 0.143439 -0.000858963
-3.99405 0.143971 0.0109731
-3.94782 0.1454 0.0308851
-3.8984 0.145488 0.00178675
-3.85144 0.144529 -0.020412
-3.80701 0.144081 -0.0100941
-3.76823 0.142763 -0.0339565
-3.72544 0.139924 -0.0662424
-3.68352 0.138709 -0.0289896
-3.63355 0.137575 -0.0226773
-3.58372 0.136283 -0.0259404
-3.54684 0.135315 -0.026231
-3.49687 0.136757 0.0288358
-3.44943 0.138633 0.0395383
-3.39998 0.143672 0.101545
-3.35225 0.148262 0.0958787
-3.30349 0.151813 0.0726946
-3.25423 0.156091 0.0866295
-3.20868 0.161987 0.128723
-3.16092 0.168371 0.132875
-3.11917 0.17416 0.137789
-3.06965 0.180915 0.135578
-3.02759 0.18797 0.166167
-2.98056 0.194653 0.141149
-2.93113 0.202173 0.150978
-2.88179 0.210264 0.162552
-2.83205 0.215314 0.101172
-2.78348 0.222938 0.155694
-2.74456 0.228726 0.147668
-2.69701 0.235954 0.150842
-2.65187 0.241798 0.128754
-2.60743 0.24483 0.0681015
-2.56707 0.24767 0.0702751
-2.52503 0.250254 0.0613772
-2.47605 0.252619 0.0482463
-2.4261 0.252251 -0.00735553
-2.37625 0.252129 -0.00245156
-2.32627 0.251616 -0.0102665
-2.28143 0.250321 -0.0288772
-2.23288 0.249713 -0.0125253
-2.183 0.248304 -0.0282279
-2.13393 0.244117 -0.0851212
-2.08458 0.237199 -0.13928
-2.03508 0.23105 -0.123602
-1.98658 0.227369 -0.0757479
-1.95286 0.224484 -0.0853334
-1.90627 0.22068 -0.0814677
-1.8567 0.21464 -0.121248
-1.80949 0.207325 -0.153721
-1.76019 0.201555 -0.116535
-1.71404 0.195596 -0.128396
-1.67573 0.192354 -0.084416
-1.62599 0.187281 -0.101645
-1.57677 0.184597 -0.0544762
-1.52778 0.18219 -0.0490969
-1.48153 0.180909 -0.0276824
-1.43339 0.179597 -0.0272564
-1.38348 0.178562 -0.0207282
-1.3335 0.178324 -0.00476833
-1.28437 0.175324 -0.0609708
-1.24206 0.171511 -0.0898904
-1.19417 0.166875 -0.0964968
-1.14646 0.161736 -0.107316
-1.09868 0.155477 -0.13024
-1.05229 0.151221 -0.0914848
-1.00273 0.145293 -0.119062
-0.95386 0.138241 -0.143309
-0.906219 0.132651 -0.116795
-0.859886 0.126348 -0.135203
-0.822941 0.122287 -0.109481
-0.779458 0.116633 -0.129303
-0.732233 0.108545 -0.169619
-0.682704 0.102878 -0.113935
-0.638562 0.0968552 -0.135597
-0.589835 0.090065 -0.138457
-0.540269 0.0842312 -0.117161
-0.492303 0.0765368 -0.159057
-0.443833 0.0676707 -0.180921
-0.394574 0.0598604 -0.157245
-0.347909 0.0515555 -0.176125
-0.304178 0.0471671 -0.100015
-0.254531 0.0415487 -0.112688
-0.205238 0.0334427 -0.162987
-0.157894 0.0252031 -0.172308
-0.112675 0.0165933 -0.188153
-0.0641582 0.00546705 -0.225428
-0.0156867 -0.00411049 -0.195078
0.0335722 -0.0124592 -0.16789
0.0721718 -0.0162293 -0.0973634
0.120884 -0.0249306 -0.176764
0.168854 -0.033149 -0.169674
0.215282 -0.0395564 -0.13714
0.264706 -0.0448037 -0.105774
0.307915 -0.0496113 -0.110809
0.354132 -0.053602 -0.086132
0.402461 -0.0585905 -0.102856
0.448076 -0.0652469 -0.144904
0.497421 -0.0732763 -0.161307
0.543195 -0.0818244 -0.184617
0.592403 -0.088971 -0.144226
0.6367 -0.0981844 -0.205064
0.681662 -0.105702 -0.165668
0.730618 -0.113274 -0.153461
0.779449 -0.123722 -0.210765
0.828386 -0.133976 -0.206562
0.875825 -0.1432 -0.192031
0.91882 -0.152479 -0.212563
0.967515 -0.159493 -0.143053
1.0168 -0.165144 -0.114154
1.06119 -0.171849 -0.149929
1.10158 -0.178071 -0.152836
1.13902 -0.184848 -0.179064
1.18406 -0.191991 -0.157293
1.23294 -0.200611 -0.174546
1.28203 -0.209661 -0.182329
1.3229 -0.215261 -0.136158
1.36663 -0.221659 -0.145309
1.41572 -0.227214 -0.112653
1.44783 -0.229496 -0.0709812
1.49267 -0.23266 -0.0704339
1.54133 -0.235435 -0.0569726
1.59018 -0.235265 0.00348069
1.63738 -0.236626 -0.028812
1.67653 -0.238261 -0.0417361
1.72619 -0.238931 -0.0135054
1.77609 -0.241675 -0.0549292
1.82594 -0.245302 -0.0726226
1.87572 -0.249079 -0.075742
1.9253 -0.25154 -0.049595
1.97473 -0.254676 -0.0633484
2.01971 -0.260214 -0.122513
2.06856 -0.267299 -0.144032
2.11507 -0.274706 -0.157915
2.16184 -0.281897 -0.152577
2.20632 -0.288766 -0.153199
2.25269 -0.296496 -0.165176
2.30217 -0.303626 -0.143114
2.34822 -0.310614 -0.15061
2.39738 -0.319741 -0.183574
2.43411 -0.325843 -0.164651
2.48376 -0.33125 -0.108461
2.53228 -0.33679 -0.113694
2.58202 -0.34164 -0.0971975
2.62857 -0.343213 -0.0337652
2.67852 -0.344422 -0.0242088
2.72127 -0.345358 -0.0218992
2.76818 -0.345828 -0.0100118
2.81816 -0.346534 -0.0141174
2.86799 -0.347424 -0.0178622
2.8856 -0.347647 -0.0126517
2.93399 -0.348148 -0.0103584
2.97893 -0.348217 -0.00152663
3.02731 -0.346439 0.0367298
3.07705 -0.343566 0.0576882
3.12555 -0.341068 0.0514668
3.17434 -0.340433 0.013009
3.21892 -0.342797 -0.0529751
3.26888 -0.344523 -0.0345332
3.31734 -0.346546 -0.0417325
3.36635 -0.348234 -0.0344347
3.41085 -0.350383 -0.0482406
3.45564 -0.352117 -0.0386971
3.50403 -0.354414 -0.0474315
3.5531 -0.35667 -0.0459524
3.59567 -0.359463 -0.0655113
3.62617 -0.360828 -0.0447061
3.65372 -0.362365 -0.0557356
3.70121 -0.364378 -0.042379
3.73544 -0.366359 -0.0578087
3.77598 -0.366989 -0.0155232
3.81217 -0.36834 -0.0373253
3.84041 -0.370097 -0.0621319
3.86021 -0.370901 -0.0405491
3.88698 -0.372074 -0.043799
3.91682 -0.373345 -0.0425632
3.95013 -0.375086 -0.0522504
3.98596 -0.376275 -0.0331507
4.01035 -0.377282 -0.0412858
4.03 -0.377233 0.00251165
4.04605 -0.37667 0.0350403
4.0659 -0.374924 0.0877157
4.08033 -0.373281 0.113436
4.10679 -0.37019 0.116259
4.15174 -0.365927 0.0945663
4.19365 -0.362609 0.0790001
4.22168 -0.361008 0.0570608
4.25972 -0.361035 -0.000696197
4.28634 -0.361649 -0.0230603
4.30415 -0.362796 -0.0643255
4.32741 -0.364002 -0.051792
4.3361 -0.364284 -0.0325455
4.34633 -0.364537 -0.0246954
4.35979 -0.365054 -0.0383597
4.37354 -0.365163 -0.00792896
4.37757 -0.365038 0.0309551
4.37628 -0.365045 0.00555644
4.38509 -0.365026 0.00218009
4.39383 -0.365407 -0.0435878
4.39947 -0.365684 -0.048967
4.41401 -0.366456 -0.0530945
4.43133 -0.367921 -0.0843555
4.43668 -0.368533 -0.113847
4.43941 -0.368837 -0.111051
4.45856 -0.370532 -0.0882647
4.48239 -0.37247 -0.0811464
4.50486 -0.373438 -0.043051
4.52146 -0.37378 -0.0206022
4.54655 -0.374628 -0.0338133
4.57137 -0.375352 -0.0291499
4.58527 -0.376277 -0.0664281
4.59241 -0.376446 -0.0236997
4.60724 -0.377745 -0.0873286
4.62004 -0.37969 -0.150775
4.62286 -0.380258 -0.199187
4.64128 -0.384781 -0.240794
4.66181 -0.389549 -0.228209
4.67725 -0.393874 -0.273057
4.70136 -0.400531 -0.269403
4.72682 -0.408047 -0.287038
4.74229 -0.412352 -0.271376
4.75246 -0.414717 -0.228647
4.76618 -0.417867 -0.225622
4.78402 -0.421993 -0.227258
4.79436 -0.424882 -0.272403
4.81089 -0.429442 -0.269262
4.81762 -0.431347 -0.275852
4.8278 -0.43431 -0.283195
4.84355 -0.438405 -0.254298
4.86201 -0.442689 -0.228068
4.87979 -0.446866 -0.230791
4.89375 -0.44992 -0.215414
4.9159 -0.455061 -0.228022
4.95063 -0.463226 -0.230856
4.97809 -0.470312 -0.252571
4.99226 -0.473723 -0.236211
5.012 -0.478156 -0.220956
5.02005 -0.480155 -0.243539
5.03639 -0.484656 -0.268741
5.04577 -0.487426 -0.287116
5.05659 -0.490535 -0.27976
5.08464 -0.498651 -0.281717
5.09635 -0.502012 -0.279424
5.10334 -0.503846 -0.256259
5.10435 -0.504111 -0.259818
5.11432 -0.506847 -0.267743
5.12821 -0.510189 -0.236046
5.13048 -0.510575 -0.168675
5.13138 -0.510686 -0.123154
5.13132 -0.51068 -0.10491
5.14502 -0.512192 -0.109833
5.15617 -0.512986 -0.0711663
5.1667 -0.51382 -0.0790092
5.17107 -0.513851 -0.007296
5.1819 -0.513812 0.00364999
5.19385 -0.513284 0.0441934
5.20908 -0.513257 0.00175406
True
0.0650661
