-5.45241 0.0104916 -0.0334291
-5.40446 0.0085596 -0.0402646
-5.35459 0.0076695 -0.0178475
-5.30459 0.00814403 0.00949117
-5.25523 0.00749617 -0.0131237
-5.20621 0.00270322 -0.0974651
-5.15675 -0.00383983 -0.131513
-5.11478 -0.0123927 -0.201041
-5.06576 -0.0212256 -0.178287
-5.01694 -0.0318219 -0.213712
-4.97133 -0.0419223 -0.217978
-4.92528 -0.0528638 -0.233247
-4.87832 -0.061137 -0.174387
-4.82931 -0.0709731 -0.198081
-4.77999 -0.0790975 -0.16325
-4.73505 -0.0882195 -0.200269
-4.69622 -0.0942575 -0.154269
-4.64888 -0.101402 -0.149766
-4.6033 -0.108394 -0.15222
-4.56103 -0.114865 -0.151907
-4.51894 -0.119797 -0.11666
-4.47462 -0.126932 -0.159624
-4.42839 -0.13391 -0.149796
-4.37904 -0.141573 -0.154058
-4.33 -0.149781 -0.165823
-4.2811 -0.158684 -0.1801
-4.24192 -0.166078 -0.18653
-4.20525 -0.173437 -0.19806
-4.16053 -0.183681 -0.225163
-4.11423 -0.191292 -0.162922
-4.06512 -0.200641 -0.188135
-4.01794 -0.207261 -0.139424
-3.96881 -0.212495 -0.106114
-3.92419 -0.21894 -0.14346
-3.89286 -0.223468 -0.143495
-3.84882 -0.227106 -0.082431
-3.79932 -0.23036 -0.0656407
-3.75821 -0.231528 -0.0283997
-3.73009 -0.23162 -0.00327498
-3.69813 -0.231283 0.0105557
-3.64956 -0.231558 -0.00566366
-3.60682 -0.230055 0.0351517
-3.55686 -0.231705 -0.0330097
-3.52194 -0.229964 0.0498072
-3.47204 -0.226762 0.0640788
-3.42463 -0.22444 0.0489456
-3.37479 -0.220383 0.0812293
-3.32524 -0.213733 0.133399
-3.27819 -0.20901 0.100042
-3.22838 -0.204971 0.0809113
-3.18609 -0.201222 0.0884274
-3.14023 -0.197384 0.0834934
-3.09355 -0.19385 0.0755706
-3.04946 -0.190933 0.0660571
-3.00843 -0.188152 0.0676608
-2.96694 -0.18587 0.0549555
-2.9202 -0.182985 0.0616519
-2.87023 -0.18123 0.0351117
-2.82066 -0.178326 0.0585075
-2.78176 -0.174692 0.0931588
-2.73262 -0.167637 0.142569
-2.68678 -0.162315 0.115616
-2.63922 -0.158199 0.0862995
-2.58934 -0.154929 0.0654778
-2.53952 -0.152256 0.0535933
-2.50217 -0.149659 0.0694225
-2.45361 -0.147707 0.0401838
-2.40616 -0.144213 0.0735077
-2.35642 -0.140926 0.0659705
-2.3065 -0.138151 0.0555308
-2.25654 -0.138324 -0.00345946
-2.22265 -0.140318 -0.0587644
-2.18138 -0.139545 0.0187381
-2.13146 -0.138835 0.014217
-2.08155 -0.138629 0.00412131
-2.0372 -0.136753 0.0422698
-1.98817 -0.135756 0.0203482
-1.9407 -0.135727 0.000608122
-1.90126 -0.134787 0.0238381
-1.85866 -0.134041 0.0175081
-1.80931 -0.133012 0.0208331
-1.76236 -0.132704 0.00655976
-1.72211 -0.13275 -0.00114066
-1.68116 -0.1325 0.00610935
-1.63211 -0.131509 0.0202034
-1.58279 -0.130137 0.0278194
-1.53282 -0.131607 -0.0294099
-1.48319 -0.137611 -0.120382
-1.4336 -0.143519 -0.118581
-1.38586 -0.149035 -0.115056
-1.33688 -0.156421 -0.149649
-1.29203 -0.163005 -0.145744
-1.24895 -0.170449 -0.171097
-1.20019 -0.178064 -0.154946
-1.151 -0.187007 -0.179848
-1.10407 -0.196476 -0.199086
-1.05889 -0.205778 -0.203049
-1.01532 -0.214718 -0.202356
-0.966379 -0.224917 -0.20546
-0.929052 -0.232978 -0.212705
-0.880843 -0.245242 -0.249112
-0.832342 -0.257343 -0.244509
-0.7876 -0.268011 -0.234051
-0.740226 -0.280023 -0.248336
-0.694044 -0.291035 -0.234072
-0.647102 -0.302237 -0.234256
-0.599328 -0.311403 -0.189559
-0.559603 -0.321327 -0.244812
-0.511601 -0.331964 -0.218054
-0.463201 -0.344148 -0.246612
-0.424682 -0.353034 -0.226729
-0.380957 -0.36421 -0.250238
-0.337403 -0.37292 -0.197383
-0.292143 -0.380893 -0.174369
-0.244175 -0.392285 -0.233172
-0.198151 -0.402171 -0.211589
-0.149652 -0.412848 -0.216688
-0.100623 -0.421815 -0.180898
-0.0521279 -0.432039 -0.207785
-0.00352876 -0.442754 -0.217008
0.0446241 -0.453906 -0.227574
0.0924103 -0.465779 -0.243533
0.134049 -0.475732 -0.234636
0.179205 -0.48499 -0.202224
0.225778 -0.492477 -0.159377
0.274473 -0.502235 -0.197776
0.319031 -0.510409 -0.18143
0.3637 -0.518123 -0.171003
0.412847 -0.527302 -0.18464
0.460806 -0.535857 -0.176531
0.509795 -0.545248 -0.189399
0.551979 -0.554953 -0.226126
0.59978 -0.564707 -0.201294
0.638345 -0.573635 -0.227486
0.687711 -0.580267 -0.133545
0.733448 -0.586748 -0.140765
0.782949 -0.593775 -0.141021
0.82289 -0.599329 -0.138159
0.872596 -0.60473 -0.108233
0.921423 -0.609883 -0.105143
0.960174 -0.6138 -0.100758
1.00425 -0.619918 -0.137915
1.05366 -0.624044 -0.0833129
1.10286 -0.631467 -0.149752
1.14993 -0.637262 -0.12247
1.18934 -0.643954 -0.168227
1.22498 -0.6509 -0.192474
1.2588 -0.657416 -0.190317
1.30763 -0.66648 -0.183543
1.35265 -0.676011 -0.208656
1.39226 -0.684853 -0.219574
1.42323 -0.69084 -0.190958
1.46925 -0.699076 -0.177112
1.51822 -0.708808 -0.196203
1.56556 -0.72066 -0.245268
1.61337 -0.732804 -0.248753
1.66191 -0.743792 -0.222624
1.7067 -0.75385 -0.22091
1.75288 -0.761861 -0.171773
1.80058 -0.769828 -0.165498
1.84226 -0.778934 -0.21506
1.89082 -0.788993 -0.204282
1.93949 -0.799873 -0.219915
1.98609 -0.811735 -0.249246
2.02775 -0.821341 -0.226627
2.07574 -0.833682 -0.251728
2.12399 -0.846297 -0.255727
2.16466 -0.85548 -0.222058
2.21033 -0.866017 -0.226761
2.25009 -0.875423 -0.232279
2.29709 -0.885118 -0.203406
2.34384 -0.892121 -0.148723
2.38239 -0.897945 -0.14993
2.42841 -0.904625 -0.144147
2.4763 -0.911746 -0.147611
2.52212 -0.917583 -0.126718
2.55527 -0.923895 -0.188098
2.60353 -0.933684 -0.200142
2.64985 -0.943316 -0.205011
2.69883 -0.953065 -0.196489
2.74735 -0.961415 -0.170405
2.79353 -0.969077 -0.164435
2.84067 -0.975634 -0.138201
2.88969 -0.984975 -0.188315
2.93782 -0.994299 -0.191353
2.98488 -1.00018 -0.124364
3.02773 -1.00645 -0.145293
3.07358 -1.0133 -0.148217
3.12228 -1.02132 -0.163233
3.16621 -1.02827 -0.156939
3.21114 -1.03728 -0.197894
3.25838 -1.04624 -0.187507
3.30434 -1.05458 -0.179529
3.35346 -1.06336 -0.176719
3.40076 -1.07088 -0.157691
3.43658 -1.0762 -0.147556
3.48434 -1.08476 -0.177286
3.52026 -1.09081 -0.167036
3.55967 -1.09836 -0.189215
3.58807 -1.10495 -0.227792
3.61774 -1.11329 -0.274044
3.6387 -1.11952 -0.288868
3.66404 -1.1279 -0.319566
3.69607 -1.13912 -0.336774
3.72552 -1.14802 -0.293605
3.76137 -1.15749 -0.258216
3.78488 -1.16258 -0.213455
3.79922 -1.16555 -0.203897
3.82933 -1.17342 -0.25579
3.85228 -1.17904 -0.239947
3.88983 -1.18778 -0.228751
3.9252 -1.19664 -0.245556
3.95164 -1.20269 -0.224669
3.97536 -1.20775 -0.210214
4.00299 -1.21301 -0.188193
4.03783 -1.21929 -0.178361
4.07902 -1.22593 -0.159793
4.11091 -1.23112 -0.161292
4.14552 -1.23681 -0.163048
4.17193 -1.24101 -0.15759
4.18492 -1.24358 -0.19518
4.20098 -1.2465 -0.179792
4.20495 -1.24739 -0.221842
4.22146 -1.25128 -0.231359
4.24011 -1.25529 -0.211826
4.26887 -1.26134 -0.207422
4.30136 -1.26828 -0.210508
4.3302 -1.27385 -0.190542
4.35179 -1.27829 -0.203021
4.38148 -1.28419 -0.195907
4.40476 -1.28891 -0.200151
4.42857 -1.29274 -0.159443
4.44695 -1.29508 -0.127081
4.4612 -1.29686 -0.123756
4.47929 -1.29935 -0.136877
4.49303 -1.30082 -0.106906
4.50886 -1.30238 -0.0980003
4.52091 -1.30364 -0.104542
4.52909 -1.30447 -0.100999
4.53277 -1.30486 -0.103947
4.55268 -1.30702 -0.108158
4.57696 -1.31054 -0.143994
4.59416 -1.31299 -0.141718
4.61393 -1.31616 -0.158762
4.6278 -1.31841 -0.161232
4.65012 -1.32202 -0.160121
4.67012 -1.32504 -0.149845
4.68524 -1.32664 -0.10522
4.69413 -1.32736 -0.081313
4.71258 -1.32857 -0.0654629
4.72461 -1.32951 -0.078156
4.73459 -1.33107 -0.154852
4.74988 -1.33377 -0.174544
4.76111 -1.33525 -0.131379
4.77629 -1.33672 -0.0966129
4.78732 -1.33744 -0.0647865
4.79524 -1.33805 -0.0771515
4.81735 -1.33985 -0.0811895
4.83094 -1.3407 -0.0623429
4.8422 -1.34129 -0.0527211
4.85767 -1.34234 -0.0675126
4.86866 -1.3432 -0.0779692
4.88152 -1.34416 -0.0751052
4.89299 -1.34498 -0.0710645
4.90288 -1.3453 -0.0322743
4.90947 -1.34538 -0.0125105
4.91777 -1.34571 -0.039712
4.92188 -1.34595 -0.057367
4.93372 -1.34688 -0.0782239
4.95091 -1.34787 -0.058061
4.97312 -1.34912 -0.0560847
4.99927 -1.35157 -0.0932948
5.02443 -1.35486 -0.130225
5.04456 -1.35718 -0.114407
5.05541 -1.35859 -0.12958
5.07821 -1.3615 -0.126732
5.09898 -1.36425 -0.131835
5.11321 -1.36557 -0.0923244
5.11676 -1.36581 -0.0668009
5.1337 -1.36722 -0.0835668
5.14708 -1.36795 -0.054426
5.1526 -1.3685 -0.0987886
5.16113 -1.36951 -0.118324
5.16795 -1.37047 -0.138567
5.17829 -1.37202 -0.149757
5.18614 -1.37342 -0.176162
5.18994 -1.37421 -0.204652
5.19842 -1.37622 -0.232783
5.20891 -1.37931 -0.286128
True
0.0648347
