-5.45418 1.2839 -0.107137
-5.4089 1.27943 -0.0983441
-5.36181 1.27506 -0.0925429
-5.32012 1.27085 -0.10059
-5.27061 1.26595 -0.0987635
-5.2268 1.26152 -0.100702
-5.1804 1.25617 -0.114862
-5.13648 1.25194 -0.0960568
-5.09158 1.24749 -0.0986437
-5.04607 1.24259 -0.107218
-4.99615 1.23986 -0.0546942
-4.94628 1.23692 -0.0589975
-4.9097 1.23482 -0.0571468
-4.85986 1.23212 -0.0541065
-4.81106 1.22597 -0.125362
-4.76155 1.21905 -0.13901
-4.7169 1.21337 -0.126542
-4.66724 1.20765 -0.114604
-4.63682 1.20494 -0.0887883
-4.59735 1.20105 -0.098398
-4.5476 1.19781 -0.0648302
-4.50807 1.196 -0.0457908
-4.46147 1.1946 -0.030106
-4.41215 1.19695 0.0476806
-4.36407 1.19704 0.00188184
-4.3143 1.19738 0.00679929
-4.26547 1.19652 -0.017608
-4.21999 1.19651 -0.000324393
-4.17015 1.19286 -0.0729954
-4.1239 1.19121 -0.0356793
-4.09026 1.18806 -0.0934936
-4.04858 1.18564 -0.058046
-4.00151 1.18301 -0.0557175
-3.96018 1.17905 -0.0955444
-3.91249 1.17509 -0.0829061
-3.86275 1.17012 -0.099576
-3.81629 1.16469 -0.116213
-3.76646 1.16127 -0.0685758
-3.71664 1.15752 -0.0750665
-3.67032 1.15426 -0.0704435
-3.62576 1.15038 -0.0867899
-3.57616 1.148 -0.0478989
-3.52621 1.14575 -0.0450126
-3.48176 1.14513 -0.0139847
-3.43188 1.14469 -0.00887567
-3.38944 1.14077 -0.0919901
-3.34012 1.13328 -0.150779
-3.29138 1.12584 -0.151462
-3.2422 1.11705 -0.176791
-3.1962 1.1093 -0.166907
-3.1482 1.09917 -0.207958
-3.09934 1.08962 -0.193056
-3.0508 1.08013 -0.193126
-3.00225 1.07037 -0.19841
-2.95736 1.06121 -0.201246
-2.90892 1.04888 -0.249321
-2.86062 1.03764 -0.228555
-2.81206 1.0273 -0.209859
-2.76296 1.01808 -0.185636
-2.71511 1.00939 -0.179706
-2.67118 1.00049 -0.199774
-2.62284 0.992824 -0.157278
-2.57356 0.986127 -0.135083
-2.52688 0.980083 -0.128761
-2.48259 0.972744 -0.164212
-2.4403 0.966325 -0.150624
-2.39103 0.957849 -0.170366
-2.34307 0.95128 -0.136112
-2.29371 0.943344 -0.159439
-2.24403 0.937833 -0.110458
-2.20172 0.929775 -0.188236
-2.16107 0.922271 -0.182509
-2.113 0.914087 -0.168646
-2.06437 0.905782 -0.169153
-2.02016 0.898427 -0.164854
-1.9706 0.891913 -0.130685
-1.92221 0.883594 -0.170253
-1.87822 0.87582 -0.174943
-1.82869 0.869297 -0.130928
-1.78396 0.863741 -0.123579
-1.73466 0.858381 -0.108303
-1.69498 0.85372 -0.116896
-1.64548 0.847891 -0.117234
-1.60016 0.841844 -0.132635
-1.55159 0.832085 -0.198315
-1.50629 0.82226 -0.213531
-1.45743 0.813268 -0.182013
-1.41391 0.805534 -0.1759
-1.3653 0.795035 -0.2127
-1.31681 0.78549 -0.194369
-1.26846 0.774524 -0.223046
-1.2203 0.761391 -0.266209
-1.17747 0.749997 -0.259986
-1.13948 0.740101 -0.254814
-1.10083 0.728072 -0.301702
-1.05643 0.712563 -0.336135
-1.00938 0.696823 -0.322799
-0.96394 0.681805 -0.319196
-0.917742 0.665488 -0.339509
-0.883795 0.652284 -0.370965
-0.849349 0.637607 -0.402797
-0.805433 0.618959 -0.401551
-0.758681 0.601241 -0.362263
-0.715782 0.581944 -0.422684
-0.669787 0.563039 -0.38999
-0.624128 0.54358 -0.402866
-0.581325 0.52236 -0.460246
-0.535691 0.502054 -0.418665
-0.493152 0.483153 -0.418129
-0.450927 0.464999 -0.406038
-0.410922 0.44454 -0.47274
-0.372558 0.425269 -0.46549
-0.328945 0.405626 -0.423184
-0.285952 0.385776 -0.432552
-0.246647 0.367858 -0.427715
-0.20567 0.348565 -0.44004
-0.169879 0.331342 -0.448508
-0.125783 0.312544 -0.402958
-0.0843994 0.295054 -0.399875
-0.0422149 0.276675 -0.410879
0.00350789 0.256485 -0.415831
0.0479421 0.234253 -0.4639
0.0943216 0.215595 -0.382484
0.141041 0.197825 -0.363471
0.18328 0.1812 -0.37497
0.227676 0.160869 -0.429437
0.271559 0.140666 -0.431459
0.312234 0.121834 -0.433599
0.355555 0.102558 -0.41865
0.399935 0.0814542 -0.443879
0.441962 0.060734 -0.458048
0.478069 0.0421968 -0.474304
0.507453 0.0281738 -0.445265
0.547409 0.00994708 -0.427974
0.587549 -0.00924562 -0.446009
0.632004 -0.0285234 -0.409175
0.678405 -0.0471067 -0.38093
0.72006 -0.0640981 -0.387304
0.764914 -0.0792462 -0.325695
0.80933 -0.0943492 -0.327773
0.85423 -0.106077 -0.255487
0.900892 -0.120733 -0.304339
0.946571 -0.133016 -0.262679
0.980729 -0.141252 -0.236584
1.02625 -0.151422 -0.219827
1.07342 -0.160686 -0.193922
1.1129 -0.167942 -0.181737
1.16208 -0.176806 -0.178332
1.20625 -0.184431 -0.170935
1.2544 -0.191813 -0.152142
1.30395 -0.197639 -0.117022
1.352 -0.20208 -0.092172
1.40061 -0.206033 -0.0811372
1.4462 -0.211661 -0.122837
1.48969 -0.216478 -0.110314
1.53693 -0.220256 -0.0797893
1.5864 -0.225827 -0.112151
1.63588 -0.230733 -0.0988167
1.67371 -0.235223 -0.118161
1.72329 -0.241675 -0.129404
1.7717 -0.246359 -0.0964554
1.7973 -0.248215 -0.072372
1.84192 -0.25076 -0.0569746
1.88785 -0.252442 -0.0366114
1.9351 -0.253621 -0.0249507
1.98273 -0.251555 0.0433578
2.03259 -0.249592 0.0393568
2.08192 -0.245511 0.0825322
2.11476 -0.242619 0.0878344
2.1612 -0.241173 0.0311378
2.207 -0.241104 0.00150867
2.2562 -0.240292 0.0165022
2.29795 -0.239721 0.013661
2.34792 -0.238711 0.020214
2.38934 -0.237656 0.0254656
2.43537 -0.23678 0.0190223
2.46843 -0.235001 0.053773
2.51818 -0.231157 0.0771098
2.55854 -0.227781 0.083469
2.60589 -0.223012 0.10036
2.65524 -0.218542 0.0903364
2.69999 -0.215917 0.0585903
2.74427 -0.212347 0.0804506
2.78907 -0.210655 0.0377584
2.8305 -0.211228 -0.0138357
2.87264 -0.211754 -0.0124819
2.91896 -0.211935 -0.0039029
2.96864 -0.209956 0.0398088
3.01221 -0.208471 0.0340631
3.05912 -0.208144 0.00697493
3.10244 -0.207777 0.00846518
3.14884 -0.207819 -0.000895478
3.19339 -0.206856 0.0216159
3.2415 -0.204794 0.0428366
3.28333 -0.202419 0.0566989
3.32442 -0.200158 0.0549789
3.3652 -0.198044 0.0518044
3.40494 -0.195625 0.0607692
3.44002 -0.194584 0.0296816
3.48106 -0.192857 0.0420443
3.52606 -0.189636 0.0714546
3.55959 -0.187084 0.0759666
3.59654 -0.184248 0.0766037
3.63861 -0.18082 0.0813093
3.67277 -0.176879 0.114863
3.70871 -0.173339 0.0981702
3.7407 -0.169222 0.127999
3.76772 -0.16545 0.138726
3.80261 -0.160089 0.152447
3.83639 -0.155078 0.147274
3.8832 -0.148778 0.133788
3.92275 -0.144343 0.111654
3.95549 -0.14136 0.0908885
3.98972 -0.138285 0.0895747
4.0321 -0.132432 0.137252
4.05471 -0.130023 0.106111
4.08547 -0.125438 0.147946
4.12535 -0.119599 0.145383
4.16968 -0.113412 0.138696
4.19859 -0.108798 0.15827
4.22754 -0.103857 0.168987
4.27088 -0.0951791 0.197638
4.29768 -0.0895084 0.208566
4.33826 -0.0808629 0.209909
4.38267 -0.071881 0.199559
4.42061 -0.0648487 0.183253
4.4639 -0.0563585 0.193663
4.49197 -0.0515839 0.168477
4.51754 -0.0470403 0.175848
4.53223 -0.044311 0.183778
4.55712 -0.0393842 0.195363
4.57752 -0.035184 0.203083
4.60246 -0.0293652 0.229191
4.63332 -0.0232588 0.195356
4.66111 -0.0176127 0.200433
4.68271 -0.0132901 0.19758
4.71022 -0.00757677 0.204756
4.73833 -0.00247084 0.179671
4.76148 0.0010981 0.152977
4.77508 0.00286563 0.129201
4.78369 0.00371042 0.0977675
4.7972 0.005008 0.0957642
4.80851 0.00597705 0.0854818
4.82017 0.00699208 0.0868486
4.84345 0.00812698 0.0487149
4.8674 0.0093016 0.0490074
4.88755 0.0100397 0.0366
4.90224 0.0106347 0.0404888
4.91866 0.0102668 -0.0224055
4.94046 0.00851857 -0.0800281
4.94683 0.00790405 -0.0961844
4.9542 0.0068867 -0.137071
4.96953 0.00457898 -0.149422
4.98894 0.00139575 -0.162589
5.00737 -0.00215485 -0.190329
5.01072 -0.00276289 -0.179312
5.01385 -0.00342558 -0.208882
5.02964 -0.00669946 -0.20436
5.04759 -0.0104798 -0.207597
5.0509 -0.0112475 -0.227749
5.06804 -0.0153582 -0.235439
5.06856 -0.0155023 -0.272422
5.07356 -0.0171055 -0.3102
5.07887 -0.0187846 -0.306261
5.08969 -0.0221538 -0.301772
5.10351 -0.0271251 -0.345365
5.12021 -0.0331257 -0.34486
5.11924 -0.0327842 -0.336089
5.13362 -0.0376866 -0.328546
5.13707 -0.038955 -0.351842
5.15322 -0.0452606 -0.372345
5.15988 -0.0477164 -0.35291
5.15823 -0.0470565 -0.379981
5.16844 -0.0507549 -0.347528
5.18201 -0.0562282 -0.383501
5.20324 -0.0647909 -0.38335
True
0.271041
