-5.47553 0.687906 0.148755
-5.45226 0.692105 0.178514
-5.40348 0.701453 0.189333
-5.36786 0.70651 0.141031
-5.32744 0.71191 0.132797
-5.28144 0.717061 0.111513
-5.23601 0.722896 0.127745
-5.1963 0.728326 0.135896
-5.14756 0.734163 0.119197
-5.09849 0.739563 0.10961
-5.0536 0.744851 0.117274
-5.00447 0.748782 0.0798381
-4.95523 0.752576 0.0768997
-4.90547 0.755686 0.062401
-4.87072 0.757089 0.0403622
-4.82132 0.761261 0.0842718
-4.78624 0.764503 0.0921254
-4.7441 0.767877 0.0798997
-4.69465 0.771099 0.0650822
-4.64816 0.775067 0.0851355
-4.59897 0.779374 0.0873291
-4.54956 0.781373 0.0404511
-4.50096 0.783526 0.0442612
-4.45119 0.783658 0.00265609
-4.4073 0.784705 0.0238583
-4.35894 0.787062 0.0486846
-4.30908 0.790701 0.0728674
-4.26075 0.794799 0.0845849
-4.21234 0.799726 0.101442
-4.1628 0.806477 0.13542
-4.11302 0.810672 0.0840776
-4.06434 0.816724 0.123694
-4.01511 0.823895 0.144638
-3.97622 0.829972 0.154999
-3.93324 0.834532 0.105713
-3.88383 0.840588 0.121935
-3.83612 0.845313 0.0987437
-3.78651 0.851026 0.114637
-3.73703 0.857219 0.124518
-3.6873 0.859881 0.0534833
-3.64074 0.86307 0.068394
-3.59451 0.866755 0.0795312
-3.55122 0.870074 0.0765106
-3.50441 0.873773 0.0788742
-3.466 0.875025 0.0325807
-3.41694 0.875748 0.0147267
-3.36816 0.875162 -0.0120079
-3.31955 0.874719 -0.0091032
-3.27453 0.876171 0.0322306
-3.22644 0.877264 0.0227239
-3.18164 0.879858 0.0578367
-3.13608 0.881113 0.0275412
-3.08703 0.882657 0.0314768
-3.04744 0.885758 0.0781646
-3.01099 0.889782 0.109929
-2.97336 0.892198 0.0641285
-2.92453 0.897746 0.113132
-2.87886 0.901984 0.0925283
-2.83137 0.905096 0.0654223
-2.78744 0.907761 0.0606186
-2.73902 0.910807 0.0628161
-2.69032 0.912009 0.0246805
-2.64662 0.914756 0.0627555
-2.59838 0.919202 0.0919214
-2.56111 0.923617 0.117896
-2.51185 0.927972 0.0881868
-2.46375 0.932156 0.0867535
-2.41456 0.93573 0.0725516
-2.37112 0.937432 0.0391608
-2.34088 0.940121 0.08868
-2.29261 0.945287 0.106608
-2.24312 0.950945 0.113847
-2.19632 0.956285 0.113612
-2.15402 0.958353 0.0488348
-2.10488 0.964783 0.130121
-2.05639 0.971519 0.138037
-2.01169 0.975132 0.0806562
-1.97152 0.977747 0.0650115
-1.92988 0.980654 0.0696884
-1.88858 0.984894 0.102299
-1.84741 0.989205 0.104322
-1.79922 0.994218 0.103671
-1.75647 0.999288 0.118056
-1.70907 1.00562 0.132822
-1.66055 1.01307 0.152387
-1.61133 1.02149 0.169274
-1.56262 1.02883 0.149641
-1.51438 1.03592 0.145914
-1.47132 1.04245 0.150595
-1.4222 1.04934 0.139256
-1.37366 1.05642 0.144938
-1.32476 1.06284 0.130422
-1.28685 1.06564 0.0737724
-1.24922 1.06674 0.0292285
-1.21042 1.06903 0.0589457
-1.16099 1.07198 0.0595935
-1.11267 1.07248 0.0104503
-1.0735 1.07352 0.0264408
-1.03568 1.0732 -0.00843243
-0.989383 1.07448 0.027658
-0.954306 1.07241 -0.0588089
-0.908457 1.07164 -0.016919
-0.859235 1.07216 0.010583
-0.819573 1.07222 0.00156175
-0.769592 1.07361 0.0276801
-0.731596 1.07411 0.0131961
-0.683554 1.07482 0.0147699
-0.644383 1.076 0.0300941
-0.609061 1.07646 0.0131889
-0.565767 1.07586 -0.0138728
-0.520462 1.075 -0.0190565
-0.476454 1.07406 -0.0212364
-0.43732 1.07298 -0.0277806
-0.391116 1.07037 -0.0562346
-0.341418 1.07078 0.00810171
-0.293861 1.07001 -0.0161869
-0.244132 1.06781 -0.0441907
-0.201813 1.06708 -0.0171743
-0.151964 1.06761 0.0106588
-0.104421 1.0682 0.012435
-0.0545775 1.0698 0.031992
-0.00462118 1.07176 0.0393054
0.0331068 1.07325 0.0392961
0.0729076 1.07377 0.0131389
0.119936 1.07425 0.0101402
0.160868 1.07342 -0.0201741
0.208586 1.07083 -0.0541869
0.254742 1.06869 -0.0464232
0.287828 1.06897 0.00848956
0.336952 1.07067 0.0346945
0.386173 1.07419 0.0713965
0.435522 1.07718 0.0603701
0.485054 1.07875 0.0316471
0.519902 1.07875 8.56072e-06
0.560478 1.07855 -0.00471105
0.605682 1.0782 -0.00794775
0.655363 1.07684 -0.0273397
0.69916 1.07651 -0.00739987
0.74871 1.07532 -0.0240552
0.79459 1.07455 -0.0168877
0.844469 1.07801 0.0694127
0.890431 1.08225 0.0919885
0.933476 1.08744 0.119845
0.973947 1.09093 0.0862106
1.01771 1.09404 0.0708308
1.06764 1.09618 0.0427448
1.10587 1.09727 0.028616
1.153 1.10021 0.0622918
1.19691 1.10361 0.0771943
1.24235 1.10773 0.0905837
1.28848 1.11376 0.129945
1.33427 1.11999 0.135132
1.38315 1.12878 0.177956
1.43056 1.13631 0.157511
1.47648 1.14658 0.220095
1.51516 1.15458 0.204003
1.56222 1.16612 0.240347
1.61088 1.17762 0.232039
1.6505 1.18823 0.261661
1.69852 1.19854 0.211497
1.74608 1.21056 0.247539
1.7871 1.22178 0.267015
1.83559 1.23276 0.222828
1.87462 1.24403 0.280906
1.9226 1.25729 0.269606
1.97103 1.26943 0.245655
2.01223 1.28006 0.252469
2.06014 1.29375 0.27841
2.09962 1.30583 0.296981
2.14588 1.32413 0.376688
2.19241 1.34052 0.338665
2.23772 1.35856 0.378927
2.27978 1.37455 0.363191
2.31811 1.39123 0.410556
2.36507 1.40818 0.346425
2.41136 1.4268 0.382332
2.44749 1.43899 0.32545
2.49526 1.45372 0.299069
2.53597 1.46762 0.328981
2.58099 1.48536 0.37543
2.62364 1.50088 0.348917
2.66764 1.5173 0.357265
2.71507 1.53269 0.313754
2.75445 1.54663 0.340158
2.8021 1.56159 0.304294
2.84656 1.57507 0.294295
2.89108 1.58779 0.278324
2.93742 1.60004 0.258415
2.97746 1.61283 0.309229
3.02562 1.62615 0.269762
3.06452 1.63793 0.294126
3.10834 1.65226 0.316184
3.15484 1.669 0.345502
3.19729 1.68591 0.379111
3.2427 1.70331 0.3658
3.2821 1.71952 0.390365
3.32691 1.73743 0.380267
3.37089 1.75563 0.392315
3.41532 1.77553 0.421087
3.45675 1.79412 0.421775
3.49859 1.81342 0.432212
3.53603 1.8314 0.447639
3.58126 1.85177 0.42334
3.62019 1.87071 0.452827
3.65816 1.88739 0.413818
3.69754 1.90631 0.447899
3.7412 1.92724 0.446897
3.77537 1.94561 0.493328
3.81094 1.96622 0.525227
3.8383 1.98257 0.538444
3.85657 1.99235 0.491785
3.86749 1.9984 0.50591
3.89184 2.01002 0.445244
3.9255 2.02732 0.474753
3.95445 2.04293 0.494582
3.97958 2.05681 0.504569
4.01662 2.07555 0.468327
4.04228 2.08987 0.50901
4.07449 2.10675 0.482819
4.10247 2.12195 0.497427
4.1254 2.13502 0.518349
4.15868 2.1538 0.513588
4.18831 2.17038 0.510411
4.21054 2.18112 0.449934
4.24607 2.19815 0.446899
4.28666 2.21726 0.440139
4.3288 2.23665 0.431222
4.36469 2.25236 0.412442
4.39637 2.26629 0.414303
4.41975 2.27641 0.408581
4.44804 2.28813 0.392588
4.48201 2.30341 0.422725
4.51044 2.3168 0.440275
4.528 2.3251 0.441707
4.56948 2.34395 0.426501
4.59847 2.35689 0.419648
4.62907 2.37294 0.483151
4.65925 2.39017 0.518892
4.69796 2.41332 0.538859
4.73657 2.43554 0.522258
4.76083 2.44804 0.475704
4.78481 2.46223 0.534222
4.80537 2.47403 0.521225
4.81582 2.48048 0.552614
4.82929 2.48937 0.58364
4.85606 2.50696 0.581315
4.86574 2.51336 0.583984
4.88272 2.52431 0.572815
4.89603 2.53321 0.589157
4.91026 2.54345 0.623948
4.9234 2.5526 0.608771
4.93499 2.56051 0.598484
4.93913 2.56354 0.631429
4.94814 2.57016 0.634108
4.95448 2.57451 0.601574
4.9727 2.58648 0.580853
4.99088 2.59778 0.556062
5.0103 2.60897 0.523035
5.01578 2.61264 0.589021
5.01059 2.60887 0.628141
5.01875 2.61474 0.624278
5.02479 2.61937 0.65332
5.04016 2.63128 0.65925
5.05317 2.64133 0.657755
5.05364 2.64166 0.62661
5.06489 2.64939 0.601714
5.06404 2.64888 0.542793
5.0714 2.65278 0.487366
5.07764 2.65607 0.484893
5.08073 2.65774 0.495587
5.08272 2.6588 0.49239
5.09052 2.66295 0.48882
5.10249 2.66908 0.472995
5.10521 2.67059 0.507923
5.12191 2.68064 0.541878
5.13408 2.68831 0.561714
5.1395 2.6916 0.545838
5.15544 2.70182 0.570406
5.1643 2.70735 0.557455
5.17124 2.71178 0.568413
5.17839 2.7159 0.522865
5.18405 2.71907 0.510715
5.20372 2.72949 0.487044
5.20549 2.73042 0.484892
5.22046 2.73857 0.498616
True
0.271317
