4.48134 -0.000189043 3.15172
4.46484 -0.000378373 -3.13012
4.44433 -0.000729315 -3.12448
4.42232 -0.00166133 -3.09928
4.40351 -0.00193854 -3.12685
4.38566 -0.00238768 -3.11644
4.37359 -0.00272503 -3.11364
4.36098 -0.00283737 -3.13269
4.34756 -0.00257818 -3.16091
4.33658 -0.00228757 3.11513
4.31852 -0.00148139 3.09698
4.30698 -0.000748306 3.07818
4.29174 0.000777311 3.04179
4.27918 0.00257905 2.99913
4.25213 0.00701908 2.97891
4.24084 0.00885734 2.98026
4.22883 0.0111216 2.95524
4.21206 0.0144366 2.94644
4.20244 0.0162137 2.95879
4.19852 0.0169578 2.95405
4.18248 0.020775 2.90798
4.163 0.0261905 2.87046
4.14357 0.0331419 2.79806
4.12427 0.0412379 2.74424
4.12008 0.0429639 2.75137
4.11663 0.0443369 2.76316
4.10087 0.0497297 2.81175
4.08981 0.052614 2.88658
4.0817 0.0538214 2.9937
4.0578 0.0557467 3.06121
4.02735 0.0580347 3.06659
3.99663 0.0634077 2.96845
3.98419 0.0671084 2.85243
3.96848 0.0722472 2.82548
3.96501 0.073264 2.85675
3.96147 0.0743848 2.83494
3.95511 0.0762758 2.85276
3.94489 0.0785692 2.92079
3.93302 0.0803786 2.99036
3.91614 0.0829797 2.98869
3.88881 0.0859211 3.03436
3.86125 0.0866669 3.11455
3.85733 0.0862832 3.23925
3.84884 0.0854027 -3.0382
3.84458 0.0845773 -2.95048
3.84017 0.0836915 -2.94327
3.83015 0.0814312 -2.91977
3.82611 0.0806284 -2.94549
3.82198 0.0800112 -2.99298
3.81893 0.0795234 -2.98343
3.81278 0.0786333 -2.9978
3.80868 0.0777744 -2.93486
3.80083 0.0757377 -2.8879
3.79999 0.0755021 -2.86817
3.80771 0.0772927 -2.91372
3.80157 0.0759753 -2.9303
3.80381 0.0766201 -2.86159
3.8072 0.0777657 -2.81591
3.80794 0.0781279 -2.68606
3.78601 0.0648605 -2.59752
3.78237 0.062429 -2.55271
3.78002 0.0604038 -2.42928
3.77831 0.0585492 -2.31761
3.77076 0.0492756 -2.25402
3.76709 0.0437475 -2.15645
3.76769 0.0446793 -2.14091
3.76511 0.0404912 -2.12234
3.76557 0.04118 -2.15276
3.76124 0.0337222 -2.09664
3.76065 0.0326634 -2.07876
3.76017 0.0317907 -2.07516
3.75463 0.0190144 -1.97945
3.74996 0.006082 -1.91775
3.74626 -0.00469731 -1.90168
3.74671 -0.00266984 -1.78926
3.74498 -0.0149454 -1.71062
3.74211 -0.0387283 -1.69063
3.74004 -0.053757 -1.70768
3.73934 -0.0672304 -1.62277
3.7398 -0.073273 -1.49454
3.74116 -0.0969352 -1.51377
3.74486 -0.13453 -1.47268
3.74931 -0.161129 -1.40474
3.7553 -0.191509 -1.37631
3.76004 -0.218606 -1.3976
3.76689 -0.26411 -1.42126
3.77238 -0.31175 -1.4561
3.77524 -0.357133 -1.50787
3.7796 -0.403366 -1.47687
3.78244 -0.433857 -1.47783
3.78499 -0.467565 -1.4954
3.78738 -0.503503 -1.50417
3.78829 -0.553491 -1.55268
3.79066 -0.601256 -1.52112
3.79134 -0.650464 -1.55698
3.79259 -0.700421 -1.54581
3.79382 -0.749868 -1.54589
3.79333 -0.797897 -1.58116
3.78918 -0.847668 -1.65398
3.78517 -0.886059 -1.67478
3.78027 -0.927471 -1.68865
3.7735 -0.965595 -1.74641
3.76569 -1.00952 -1.74673
3.75694 -1.05872 -1.74685
3.74885 -1.09721 -1.77804
3.73826 -1.14077 -1.80928
3.72532 -1.18906 -1.83264
3.71312 -1.23754 -1.8173
3.70115 -1.28346 -1.82581
3.68636 -1.3299 -1.87913
3.67572 -1.36732 -1.84762
3.66285 -1.4142 -1.83885
3.65119 -1.45702 -1.83657
3.63621 -1.49802 -1.92122
3.62163 -1.54472 -1.87342
3.60482 -1.59181 -1.9137
3.59499 -1.61614 -1.95454
3.58463 -1.64092 -1.96697
3.57098 -1.67534 -1.9482
3.55799 -1.70676 -1.96277
3.5497 -1.72401 -2.01907
3.53107 -1.76075 -2.03998
3.51125 -1.79696 -2.07171
3.48694 -1.84052 -2.0797
3.46417 -1.87701 -2.12877
3.44008 -1.91522 -2.13328
3.41407 -1.95773 -2.11996
3.39364 -1.99038 -2.12992
3.36896 -2.02644 -2.17087
3.34082 -2.06535 -2.19708
3.31958 -2.09853 -2.14004
3.29901 -2.13132 -2.13114
3.27289 -2.17392 -2.1209
3.25296 -2.20374 -2.16002
3.22904 -2.23692 -2.19531
3.20248 -2.2738 -2.19488
3.17717 -2.30798 -2.20836
3.14814 -2.34532 -2.23153
3.1192 -2.38149 -2.24569
3.08931 -2.41853 -2.24972
3.05741 -2.45674 -2.26646
3.02688 -2.49242 -2.27849
3.00154 -2.51929 -2.32704
2.97121 -2.55048 -2.34213
2.93622 -2.58579 -2.35162
2.90259 -2.62167 -2.32396
2.86896 -2.65464 -2.36607
2.84463 -2.67912 -2.35292
2.80987 -2.71234 -2.37895
2.77516 -2.74479 -2.38983
2.74707 -2.77005 -2.40901
2.71272 -2.80547 -2.34093
2.67997 -2.84032 -2.32523
2.65039 -2.8728 -2.30956
2.61738 -2.90773 -2.3279
2.58512 -2.94179 -2.32899
2.56533 -2.96228 -2.33872
2.52839 -2.99586 -2.40378
2.49086 -3.02776 -2.43716
2.4732 -3.04233 -2.45195
2.4458 -3.06444 -2.46252
2.42743 -3.07923 -2.46384
2.39929 -3.102 -2.4613
2.3593 -3.13083 -2.51704
2.32079 -3.16181 -2.46395
2.28705 -3.19107 -2.42725
2.24935 -3.22337 -2.43314
2.22043 -3.24624 -2.47267
2.18088 -3.27424 -2.52556
2.15053 -3.29377 -2.56971
2.10749 -3.3192 -2.60782
2.08413 -3.3322 -2.63388
2.06092 -3.34564 -2.61681
2.03312 -3.35985 -2.66908
1.99539 -3.37861 -2.68019
1.95324 -3.3993 -2.68515
1.91257 -3.41986 -2.67358
1.87795 -3.43394 -2.75556
1.83099 -3.45077 -2.79728
1.78429 -3.46863 -2.77642
1.73787 -3.48669 -2.77061
1.69181 -3.50611 -2.74251
1.65417 -3.52279 -2.72448
1.63328 -3.53142 -2.74966
1.5933 -3.54879 -2.73177
1.54741 -3.56795 -2.74608
1.50116 -3.58684 -2.75373
1.45568 -3.60606 -2.7419
1.41057 -3.62627 -2.72043
1.37784 -3.63824 -2.79089
1.34126 -3.6524 -2.77223
1.29393 -3.6684 -2.81567
1.24695 -3.68239 -2.85216
1.22302 -3.68971 -2.84458
1.18175 -3.70132 -2.86736
1.13438 -3.71386 -2.88294
1.08624 -3.72719 -2.87125
1.05289 -3.73504 -2.91066
1.0069 -3.74613 -2.90491
0.962109 -3.7568 -2.90774
0.91393 -3.76974 -2.87919
0.870188 -3.77986 -2.91423
0.834217 -3.78881 -2.89787
0.789273 -3.80061 -2.88468
0.741773 -3.8123 -2.90042
0.692904 -3.82286 -2.92875
0.648316 -3.83202 -2.93883
0.603505 -3.84348 -2.89127
0.573889 -3.85041 -2.91171
0.53238 -3.86176 -2.87472
0.488642 -3.87706 -2.80504
0.442754 -3.89186 -2.82955
0.413118 -3.89916 -2.90029
0.375716 -3.90695 -2.93622
0.325996 -3.91203 -3.03972
0.282103 -3.91616 -3.04785
0.232366 -3.92128 -3.03895
0.192724 -3.92382 -3.07772
0.142724 -3.92373 -3.14328
0.0927862 -3.92125 3.09189
0.0500672 -3.91855 3.07848
0.00992379 -3.91716 3.10702
-0.0321254 -3.91604 3.11489
-0.0700647 -3.9124 3.04596
-0.114787 -3.9071 3.02361
-0.161856 -3.90149 3.02308
-0.200899 -3.8976 3.04217
-0.240907 -3.89661 3.11697
-0.285365 -3.89458 3.09592
-0.334777 -3.89269 3.10337
-0.384738 -3.89087 3.10522
-0.42969 -3.88685 3.05239
-0.477378 -3.8805 3.00922
-0.51693 -3.8749 3.00073
-0.562897 -3.86468 2.92292
-0.604634 -3.85603 2.93713
-0.652396 -3.84368 2.8886
-0.700835 -3.83128 2.89105
-0.749012 -3.81792 2.87102
-0.79674 -3.80328 2.84395
-0.839422 -3.78838 2.80581
-0.863776 -3.78131 2.85893
-0.904737 -3.76844 2.83716
-0.952998 -3.75542 2.87819
-0.998442 -3.74349 2.88473
-1.04613 -3.73047 2.87515
-1.08145 -3.72114 2.88346
-1.12805 -3.70842 2.87491
-1.16189 -3.69855 2.8578
-1.21024 -3.68584 2.88473
-1.25712 -3.6739 2.89203
-1.30477 -3.66024 2.8626
-1.35073 -3.64547 2.8306
-1.38338 -3.63486 2.82742
-1.4209 -3.62168 2.80367
-1.46193 -3.60637 2.7845
-1.50893 -3.58934 2.79388
-1.54399 -3.57473 2.74681
-1.57738 -3.56224 2.78376
-1.62373 -3.54383 2.76352
-1.66306 -3.5283 2.76549
-1.70903 -3.50865 2.73764
-1.74988 -3.49266 2.76833
-1.79406 -3.47397 2.74149
-1.82546 -3.45924 2.70312
-1.86987 -3.43627 2.66421
-1.91395 -3.41266 2.64983
-1.94158 -3.39785 2.64959
-1.98548 -3.37393 2.64268
-2.02395 -3.35061 2.59656
-2.05286 -3.33232 2.57753
-2.08531 -3.31058 2.55136
-2.12712 -3.28316 2.56115
-2.16392 -3.25882 2.55725
-2.20017 -3.23631 2.58582
-2.24132 -3.20807 2.54017
-2.28093 -3.18113 2.54435
-2.3135 -3.16018 2.56987
-2.35283 -3.13411 2.55634
-2.39275 -3.1041 2.4969
-2.42183 -3.07997 2.44895
-2.45997 -3.04833 2.44915
-2.49323 -3.02068 2.44805
-2.52741 -2.99161 2.43687
-2.56485 -2.95882 2.42221
-2.60076 -2.92411 2.37325
-2.63533 -2.88905 2.34904
-2.66723 -2.85886 2.38375
-2.70209 -2.82306 2.343
-2.73736 -2.78823 2.3624
-2.77079 -2.75413 2.34624
-2.80511 -2.71777 2.32725
-2.8309 -2.68994 2.3183
-2.86237 -2.65522 2.3071
-2.89331 -2.61948 2.28435
-2.92487 -2.58112 2.25922
-2.95562 -2.54326 2.25291
-2.98307 -2.50878 2.24326
-3.00928 -2.47648 2.25239
-3.0374 -2.43931 2.21845
-3.06415 -2.4019 2.19163
-3.09226 -2.36353 2.20309
-3.11648 -2.3307 2.20647
-3.14415 -2.29222 2.1942
-3.17414 -2.25227 2.21476
-3.2029 -2.21138 2.18371
-3.22428 -2.18005 2.16972
-3.24852 -2.1429 2.14881
-3.27539 -2.10152 2.14669
-3.30088 -2.0585 2.10571
-3.32257 -2.02181 2.10475
-3.34681 -1.97949 2.09102
-3.36852 -1.94381 2.11731
-3.38929 -1.90605 2.07371
-3.41174 -1.86514 2.07263
-3.43191 -1.82749 2.0627
-3.45537 -1.78378 2.0634
-3.47806 -1.74041 2.05285
-3.49621 -1.70649 2.06208
-3.51887 -1.66681 2.08965
-3.52823 -1.65237 2.14554
-3.54341 -1.62688 2.10801
-3.55394 -1.61101 2.15659
-3.56823 -1.58853 2.13705
-3.57676 -1.57453 2.11804
-3.58641 -1.56005 2.15889
-3.60667 -1.52816 2.13659
-3.63125 -1.48919 2.13355
-3.64581 -1.46679 2.14736
-3.66756 -1.43345 2.14872
-3.68064 -1.41428 2.16943
-3.70179 -1.38082 2.13451
-3.72136 -1.34679 2.09275
-3.7422 -1.30749 2.05827
-3.76138 -1.26575 2.00165
-3.77857 -1.22335 1.95598
-3.78872 -1.19643 1.93149
-3.8059 -1.15139 1.93507
-3.81973 -1.11874 1.97162
-3.83587 -1.08721 2.04389
-3.8477 -1.06376 2.03807
-3.85891 -1.04217 2.04938
-3.86847 -1.02276 2.02864
-3.87457 -1.00998 2.01604
-3.88173 -0.995617 2.03318
-3.88697 -0.985463 2.04747
-3.89053 -0.978176 2.02477
-3.90055 -0.955788 1.99183
-3.9033 -0.949981 2.01206
-3.90663 -0.943475 2.04485
-3.91214 -0.933648 2.08131
-3.92128 -0.918517 2.1141
-3.93232 -0.900498 2.12073
-3.94627 -0.878326 2.13242
-3.95442 -0.866008 2.15516
-3.96946 -0.844986 2.19172
-3.97666 -0.835432 2.2168
-4.0019 -0.802441 2.22393
-4.01427 -0.786731 2.23763
-4.02811 -0.769359 2.24345
-4.04176 -0.753086 2.2687
-4.05613 -0.736502 2.2849
-4.07736 -0.71285 2.30227
-4.08994 -0.699035 2.30948
-4.1044 -0.682209 2.28074
-4.12061 -0.661356 2.23149
-4.1328 -0.644237 2.18981
-4.14185 -0.630454 2.15188
-4.15202 -0.614206 2.12981
-4.15472 -0.610029 2.14427
-4.16114 -0.599625 2.12424
-4.17368 -0.578904 2.11501
-4.18399 -0.560573 2.08305
-4.18927 -0.551178 2.08305
-4.19914 -0.534524 2.10582
-4.20707 -0.520479 2.08434
-4.21427 -0.508009 2.09469
-4.22011 -0.49815 2.10564
-4.22332 -0.491419 2.01503
-4.2288 -0.477943 1.95752
-4.23911 -0.452945 1.96176
-4.24292 -0.443697 1.96183
-4.24986 -0.427146 1.96791
-4.25357 -0.418141 1.96103
-4.26092 -0.402372 2.00724
-4.26746 -0.388151 2.00172
-4.27346 -0.375021 1.99973
-4.27759 -0.365785 1.99054
-4.28229 -0.354343 1.9612
-4.28325 -0.351905 1.94311
-4.28577 -0.345413 1.94221
-4.29285 -0.329507 1.98955
-4.29528 -0.323997 1.98597
-4.29606 -0.321961 1.93626
-4.30003 -0.312302 1.96098
-4.30444 -0.29996 1.91381
-4.30745 -0.290517 1.87923
-4.30974 -0.282813 1.85905
-4.31102 -0.278727 1.87501
-4.31316 -0.272476 1.90098
-4.31778 -0.258846 1.89725
-4.31967 -0.252965 1.88208
-4.32084 -0.249002 1.85889
-4.32423 -0.236509 1.83564
-4.32818 -0.223305 1.86137
-4.32816 -0.223385 1.85668
-4.32952 -0.219033 1.87382
True
0.0649825
