-5.45984 0.720662 -0.315723
-5.41507 0.704263 -0.351113
-5.37521 0.68995 -0.344797
-5.33301 0.676149 -0.316063
-5.29272 0.663152 -0.312006
-5.25665 0.65333 -0.265857
-5.21278 0.639902 -0.29706
-5.16843 0.626879 -0.285608
-5.12116 0.613165 -0.28239
-5.07394 0.599017 -0.291083
-5.03708 0.588965 -0.26624
-4.99852 0.578101 -0.274647
-4.95404 0.564309 -0.300661
-4.9168 0.55024 -0.361164
-4.87081 0.532693 -0.364495
-4.83017 0.517922 -0.348677
-4.78987 0.504025 -0.332045
-4.74627 0.488019 -0.35181
-4.70227 0.474157 -0.305224
-4.65653 0.458177 -0.336113
-4.61552 0.444232 -0.327791
-4.56903 0.427347 -0.348336
-4.53932 0.416322 -0.355382
-4.49596 0.403219 -0.293421
-4.44947 0.38794 -0.317528
-4.4049 0.372668 -0.330165
-4.35822 0.355761 -0.3475
-4.31829 0.339852 -0.379101
-4.27246 0.319855 -0.411456
-4.23142 0.302477 -0.400569
-4.18545 0.283809 -0.385749
-4.14097 0.267784 -0.345794
-4.09757 0.251821 -0.352457
-4.05493 0.236678 -0.341237
-4.00936 0.220684 -0.337551
-3.96746 0.203981 -0.379276
-3.9243 0.186258 -0.389632
-3.87782 0.168331 -0.368179
-3.83219 0.15069 -0.368856
-3.78509 0.134057 -0.339474
-3.73921 0.117163 -0.352858
-3.69333 0.097294 -0.408675
-3.64682 0.0790238 -0.374322
-3.6028 0.0622293 -0.3644
-3.56156 0.0445906 -0.404241
-3.52817 0.0301623 -0.407879
-3.48362 0.00858065 -0.451095
-3.44042 -0.0135072 -0.472629
-3.41056 -0.0283051 -0.460088
-3.36604 -0.0503948 -0.460584
-3.32315 -0.0715596 -0.458418
-3.27825 -0.0934201 -0.453129
-3.23291 -0.113124 -0.40995
-3.19214 -0.128736 -0.365685
-3.14916 -0.144065 -0.34255
-3.10332 -0.161413 -0.3618
-3.05581 -0.177001 -0.317057
-3.00906 -0.194123 -0.351099
-2.96613 -0.209407 -0.341991
-2.91919 -0.223845 -0.298413
-2.87586 -0.237805 -0.311634
-2.82977 -0.254132 -0.340481
-2.78508 -0.270258 -0.346296
-2.75244 -0.282903 -0.369652
-2.71015 -0.296764 -0.316689
-2.66892 -0.312893 -0.372922
-2.6235 -0.329218 -0.345012
-2.5781 -0.344166 -0.318112
-2.53487 -0.358973 -0.329982
-2.49441 -0.370563 -0.278974
-2.44746 -0.383043 -0.259806
-2.40032 -0.396263 -0.273422
-2.35199 -0.40807 -0.239606
-2.31281 -0.417756 -0.242359
-2.26456 -0.429841 -0.245426
-2.21708 -0.444771 -0.304653
-2.16924 -0.457959 -0.268994
-2.12579 -0.473165 -0.336608
-2.08115 -0.489306 -0.346996
-2.03684 -0.507301 -0.385721
-1.99445 -0.526568 -0.426617
-1.95012 -0.546895 -0.429976
-1.90561 -0.569468 -0.469345
-1.86472 -0.588198 -0.429506
-1.82115 -0.607286 -0.412891
-1.77553 -0.625928 -0.387915
-1.73288 -0.643703 -0.394899
-1.69161 -0.662769 -0.432788
-1.64525 -0.681463 -0.383266
-1.59952 -0.700593 -0.396192
-1.55592 -0.721428 -0.445853
-1.51345 -0.740633 -0.424669
-1.46837 -0.75999 -0.405609
-1.42291 -0.778281 -0.382467
-1.37961 -0.796326 -0.394863
-1.33481 -0.814028 -0.376341
-1.28923 -0.833009 -0.394574
-1.24709 -0.850074 -0.384811
-1.20595 -0.866934 -0.388916
-1.16369 -0.884519 -0.3943
-1.12077 -0.899359 -0.332867
-1.07475 -0.917516 -0.37583
-1.02805 -0.935335 -0.364538
-0.983462 -0.950368 -0.325167
-0.936411 -0.967274 -0.34494
-0.892004 -0.984231 -0.364769
-0.846044 -1.00049 -0.339969
-0.804409 -1.01585 -0.353574
-0.758402 -1.03208 -0.339005
-0.711412 -1.04651 -0.298074
-0.672215 -1.05978 -0.326429
-0.62704 -1.07362 -0.297195
-0.586202 -1.08766 -0.331272
-0.538949 -1.10204 -0.29535
-0.496988 -1.11346 -0.2657
-0.451129 -1.12603 -0.267574
-0.413066 -1.13558 -0.245698
-0.371728 -1.14761 -0.283284
-0.329001 -1.1604 -0.290899
-0.283364 -1.17497 -0.308928
-0.237921 -1.1898 -0.315568
-0.190747 -1.20503 -0.31211
-0.146353 -1.22031 -0.331498
-0.106013 -1.23263 -0.296511
-0.0579468 -1.2458 -0.267393
-0.0111051 -1.25891 -0.272858
0.0320314 -1.27146 -0.283096
0.0711546 -1.28194 -0.261751
0.118794 -1.29711 -0.308396
0.160912 -1.31135 -0.326061
0.204183 -1.32601 -0.326651
0.247273 -1.33745 -0.259528
0.285384 -1.34649 -0.232701
0.331234 -1.35751 -0.235895
0.379354 -1.37061 -0.265813
0.426911 -1.38527 -0.29903
0.46523 -1.39661 -0.287817
0.509567 -1.41218 -0.33774
0.553664 -1.42725 -0.32913
0.597872 -1.4431 -0.34435
0.644921 -1.45914 -0.328571
0.681303 -1.47339 -0.37325
0.727417 -1.49123 -0.369219
0.76175 -1.50389 -0.353223
0.803864 -1.51991 -0.363502
0.843191 -1.53264 -0.313076
0.888061 -1.54853 -0.340388
0.934678 -1.5665 -0.367886
0.980992 -1.58517 -0.383118
1.02033 -1.59944 -0.348135
1.05968 -1.61008 -0.263921
1.10795 -1.62284 -0.258402
1.15345 -1.63547 -0.270816
1.20021 -1.64833 -0.268489
1.2459 -1.65854 -0.219699
1.2941 -1.67054 -0.244066
1.32841 -1.6803 -0.277161
1.37466 -1.69657 -0.338272
1.42009 -1.71275 -0.342129
1.463 -1.7291 -0.364016
1.50835 -1.74638 -0.364213
1.55492 -1.76359 -0.353791
1.597 -1.77987 -0.369152
1.64197 -1.79869 -0.396327
1.68899 -1.81542 -0.341841
1.73312 -1.83256 -0.370564
1.78038 -1.84877 -0.330453
1.82594 -1.86676 -0.376088
1.87121 -1.88346 -0.353369
1.9176 -1.89924 -0.327923
1.96328 -1.91634 -0.358243
2.01062 -1.93231 -0.325354
2.04972 -1.94612 -0.33945
2.09021 -1.95986 -0.32706
2.13368 -1.97554 -0.346289
2.17959 -1.99294 -0.362202
2.22158 -2.00827 -0.350201
2.2549 -2.01991 -0.335788
2.29858 -2.03654 -0.363826
2.34516 -2.05368 -0.352568
2.3824 -2.06819 -0.371534
2.42933 -2.08476 -0.339489
2.47687 -2.09984 -0.307144
2.51337 -2.11234 -0.329964
2.56044 -2.12874 -0.335176
2.60738 -2.14416 -0.317567
2.65549 -2.1577 -0.274243
2.69695 -2.16932 -0.273257
2.74558 -2.18092 -0.23416
2.79427 -2.19087 -0.201702
2.83959 -2.20134 -0.227009
2.87963 -2.21171 -0.253234
2.92332 -2.22464 -0.287892
2.97127 -2.23783 -0.268314
3.01886 -2.25316 -0.311823
3.06352 -2.26736 -0.307784
3.11008 -2.28296 -0.323345
3.14874 -2.29572 -0.318761
3.1857 -2.30824 -0.326574
3.22854 -2.32192 -0.308968
3.27018 -2.33557 -0.31683
3.31561 -2.35008 -0.30915
3.35788 -2.36407 -0.319632
3.39577 -2.37745 -0.339555
3.43646 -2.39324 -0.369959
3.48169 -2.41193 -0.391892
3.52103 -2.4277 -0.38126
3.56006 -2.44453 -0.407168
3.59665 -2.46059 -0.413618
3.63917 -2.48137 -0.454571
3.67738 -2.50027 -0.459481
3.71647 -2.517 -0.40431
3.7466 -2.52992 -0.405144
3.77758 -2.54357 -0.414961
3.82342 -2.56076 -0.358731
3.8634 -2.57537 -0.350351
3.90579 -2.59084 -0.349892
3.94721 -2.60496 -0.328673
3.97601 -2.61413 -0.308007
4.02099 -2.62926 -0.324588
4.05255 -2.64076 -0.349385
4.0892 -2.65366 -0.33848
4.12408 -2.66619 -0.344865
4.14265 -2.67317 -0.359701
4.1502 -2.67577 -0.330904
4.15735 -2.67833 -0.343867
4.16458 -2.68077 -0.325449
4.18683 -2.68837 -0.3293
4.2056 -2.69477 -0.328434
4.2087 -2.69576 -0.310141
4.23251 -2.70266 -0.28221
4.2541 -2.70933 -0.299558
4.28719 -2.71964 -0.302046
4.32069 -2.73092 -0.324804
4.35473 -2.74091 -0.285388
4.39141 -2.75267 -0.310339
4.4136 -2.76039 -0.334514
4.43712 -2.76845 -0.330211
4.45755 -2.77587 -0.348585
4.47146 -2.78097 -0.351123
4.49447 -2.78844 -0.314175
4.51189 -2.79443 -0.330808
4.54013 -2.80331 -0.304752
4.5838 -2.81671 -0.297737
4.62102 -2.82875 -0.312703
4.64703 -2.83735 -0.319401
4.66306 -2.84279 -0.327404
4.67752 -2.84818 -0.356632
4.69276 -2.8536 -0.341815
4.72483 -2.8634 -0.296687
4.75327 -2.87239 -0.306051
4.77386 -2.87864 -0.294761
4.79523 -2.88623 -0.341075
4.81727 -2.89364 -0.324599
4.83767 -2.90094 -0.34337
4.85903 -2.90875 -0.350417
4.87207 -2.91294 -0.311308
4.88607 -2.91758 -0.319934
4.9026 -2.9236 -0.349451
4.91356 -2.92738 -0.331889
4.93185 -2.93335 -0.315301
4.95002 -2.93939 -0.321243
4.96915 -2.94584 -0.325322
4.9923 -2.95334 -0.313165
4.99957 -2.95569 -0.31199
5.01071 -2.95858 -0.254037
5.0211 -2.96067 -0.198401
5.03689 -2.96349 -0.176945
5.04182 -2.96451 -0.203799
5.05612 -2.96779 -0.225142
5.0626 -2.96917 -0.210764
5.07959 -2.9726 -0.198824
5.08048 -2.97283 -0.261221
5.09264 -2.97653 -0.295338
5.11949 -2.98548 -0.32182
5.12724 -2.98849 -0.369437
5.13775 -2.99259 -0.37272
5.15553 -2.99972 -0.380955
5.16249 -3.00272 -0.406935
5.1843 -3.01256 -0.424153
5.18678 -3.01376 -0.448892
5.19024 -3.0155 -0.466561
5.20445 -3.0217 -0.411483
5.2094 -3.02374 -0.389799
5.21096 -3.0244 -0.400994
5.22152 -3.02876 -0.392067
5.23524 -3.03453 -0.398133
True
0.0684379
