-5.47763 -0.143276 -0.0324269
-5.43334 -0.143769 -0.011114
-5.38446 -0.146506 -0.0559463
-5.34052 -0.14974 -0.0734584
-5.29358 -0.154483 -0.100716
-5.24408 -0.158429 -0.0795408
-5.19956 -0.162125 -0.0828316
-5.1532 -0.165848 -0.0801344
-5.1035 -0.171254 -0.108339
-5.05359 -0.174157 -0.0581065
-5.0038 -0.17639 -0.0448231
-4.95554 -0.177561 -0.0242552
-4.91027 -0.179433 -0.0413268
-4.86379 -0.181693 -0.0485899
-4.81618 -0.184058 -0.0496217
-4.77558 -0.185354 -0.0319056
-4.72903 -0.185836 -0.0103682
-4.67907 -0.186082 -0.00492259
-4.6402 -0.185502 0.0149338
-4.59114 -0.186406 -0.01844
-4.54289 -0.187244 -0.0173574
-4.49364 -0.186288 0.019413
-4.44478 -0.184818 0.0300752
-4.39481 -0.185159 -0.00683068
-4.34483 -0.185169 -0.000201286
-4.29623 -0.185011 0.00325823
-4.25072 -0.185581 -0.0125335
-4.20075 -0.18714 -0.0311764
-4.15097 -0.187599 -0.00922002
-4.10259 -0.185887 0.0353774
-4.05269 -0.182832 0.061132
-4.01414 -0.178345 0.11587
-3.96505 -0.175467 0.0585693
-3.92032 -0.170234 0.116465
-3.88486 -0.165519 0.132167
-3.84085 -0.158913 0.149027
-3.79112 -0.153773 0.102968
-3.74208 -0.148706 0.102964
-3.69229 -0.144706 0.080165
-3.64576 -0.137676 0.149961
-3.59921 -0.129949 0.164508
-3.55366 -0.121406 0.185369
-3.5176 -0.112944 0.230505
-3.46904 -0.104048 0.181206
-3.42339 -0.0934522 0.228041
-3.38608 -0.0854387 0.21156
-3.33737 -0.0746243 0.218492
-3.28864 -0.0638176 0.218247
-3.24726 -0.0548317 0.213807
-3.19866 -0.0430706 0.237467
-3.15124 -0.0300138 0.268645
-3.10351 -0.0164127 0.277594
-3.05705 -0.00468751 0.247209
-3.00811 0.00555899 0.206403
-2.95951 0.0171199 0.233528
-2.92203 0.0241654 0.185807
-2.87794 0.0329034 0.195672
-2.83718 0.0426041 0.233638
-2.79134 0.0538471 0.24053
-2.74527 0.0631531 0.199321
-2.69947 0.0736216 0.224712
-2.65065 0.0840122 0.209698
-2.60471 0.0940466 0.215037
-2.55576 0.104191 0.204344
-2.51061 0.112777 0.187934
-2.4695 0.121413 0.207075
-2.42708 0.130389 0.208492
-2.37943 0.140654 0.212175
-2.33481 0.147932 0.161679
-2.28572 0.157455 0.191636
-2.23887 0.164767 0.154823
-2.18985 0.173856 0.183341
-2.14514 0.183227 0.206617
-2.09831 0.194852 0.2433
-2.0593 0.204345 0.238668
-2.01107 0.217309 0.262619
-1.96262 0.229511 0.246705
-1.9136 0.238915 0.189553
-1.86473 0.248246 0.188661
-1.81578 0.258222 0.201028
-1.76643 0.263608 0.108709
-1.7167 0.268379 0.0956659
-1.67048 0.272296 0.0845201
-1.62174 0.276572 0.0875049
-1.57746 0.280125 0.0800832
-1.52777 0.281747 0.0326346
-1.47852 0.282713 0.019607
-1.43706 0.283426 0.0172056
-1.39808 0.282568 -0.0220065
-1.36213 0.281041 -0.0424635
-1.31731 0.27932 -0.0383668
-1.27781 0.277654 -0.04216
-1.2279 0.274674 -0.0596353
-1.18187 0.271419 -0.0705978
-1.132 0.268094 -0.0665785
-1.08319 0.264238 -0.0788267
-1.03912 0.261201 -0.0687992
-0.991509 0.257898 -0.0692878
-0.941944 0.254193 -0.0746045
-0.902783 0.251584 -0.0665316
-0.856972 0.246226 -0.116429
-0.808029 0.23855 -0.155568
-0.774589 0.233011 -0.16415
-0.729825 0.226233 -0.150255
-0.691748 0.21909 -0.185452
-0.650108 0.209071 -0.236121
-0.60986 0.2011 -0.195518
-0.560957 0.19149 -0.194039
-0.516341 0.180609 -0.239206
-0.468503 0.168585 -0.246247
-0.42701 0.157739 -0.255679
-0.378539 0.145617 -0.245062
-0.329466 0.136038 -0.192782
-0.281115 0.12412 -0.241659
-0.23823 0.114194 -0.227456
-0.193852 0.103897 -0.227986
-0.144642 0.0964018 -0.151156
-0.111387 0.0896455 -0.200438
-0.0628166 0.0817357 -0.161434
-0.0148883 0.0735027 -0.170117
0.0283045 0.0638039 -0.220884
0.076866 0.0537404 -0.204339
0.125135 0.0407468 -0.26296
0.162718 0.0307573 -0.259792
0.207959 0.0191864 -0.250392
0.253148 0.00652904 -0.273097
0.299615 -0.00707796 -0.284869
0.347776 -0.0175757 -0.214618
0.396503 -0.0287311 -0.225059
0.442762 -0.0396434 -0.231655
0.484618 -0.0487713 -0.214722
0.533717 -0.0582177 -0.19007
0.580956 -0.0707204 -0.258738
0.628476 -0.0825748 -0.244472
0.676816 -0.0953419 -0.258216
0.721995 -0.10716 -0.255856
0.757808 -0.117606 -0.283801
0.805707 -0.131122 -0.27503
0.853502 -0.14578 -0.297574
0.893396 -0.157065 -0.275682
0.931963 -0.167743 -0.270093
0.976023 -0.18037 -0.279112
1.02266 -0.193533 -0.275111
1.06764 -0.208043 -0.312047
1.10574 -0.219201 -0.284846
1.1541 -0.230689 -0.233231
1.20231 -0.241094 -0.212552
1.24815 -0.250178 -0.195639
1.29732 -0.258741 -0.172458
1.34361 -0.266905 -0.174532
1.39277 -0.273456 -0.132508
1.43681 -0.279124 -0.127982
1.47519 -0.28219 -0.0797018
1.5249 -0.285841 -0.0733293
1.5644 -0.286955 -0.0281961
1.61354 -0.290478 -0.0715561
1.66071 -0.293522 -0.0644417
1.70483 -0.295194 -0.0378762
1.75445 -0.29588 -0.0138231
1.80435 -0.29471 0.0234381
1.84942 -0.293245 0.0324964
1.89704 -0.290523 0.0570845
1.94676 -0.285775 0.0952208
1.996 -0.283087 0.0545329
2.04504 -0.278539 0.0924755
2.09482 -0.274974 0.0714973
2.14471 -0.271784 0.0638571
2.19443 -0.268877 0.0583992
2.2352 -0.265835 0.0744666
2.28384 -0.26219 0.0747972
2.32662 -0.259897 0.0535584
2.37206 -0.25641 0.0765934
2.42168 -0.253494 0.0586751
2.47019 -0.249455 0.0830883
2.52009 -0.246179 0.0655547
2.56421 -0.241508 0.105464
2.60292 -0.237716 0.0976495
2.65104 -0.232429 0.109443
2.69993 -0.226769 0.115243
2.74225 -0.220938 0.13692
2.7918 -0.214271 0.133746
2.83876 -0.210121 0.0881611
2.88484 -0.206121 0.0865655
2.93444 -0.203668 0.0494218
2.98357 -0.200314 0.0681813
3.01417 -0.199488 0.0269571
3.06364 -0.200271 -0.0158164
3.10733 -0.201661 -0.0318015
3.14356 -0.201354 0.00846392
3.191 -0.200716 0.0134384
3.23558 -0.201353 -0.0142873
3.27962 -0.202153 -0.0181507
3.32678 -0.203125 -0.0206056
3.36092 -0.203386 -0.00766261
3.40601 -0.204983 -0.0354068
3.45175 -0.208488 -0.0764532
3.50152 -0.21125 -0.0554476
3.54814 -0.212803 -0.0333013
3.58768 -0.213886 -0.0273883
3.63049 -0.219761 -0.136374
3.65809 -0.223615 -0.138724
3.70192 -0.228625 -0.113831
3.73823 -0.232472 -0.105534
3.77023 -0.234432 -0.061182
3.81245 -0.234297 0.00319713
3.85537 -0.233922 0.00875228
3.88108 -0.233655 0.0103876
3.91357 -0.233482 0.00532682
3.9503 -0.234448 -0.0263011
3.97573 -0.236066 -0.0635715
4.01962 -0.239864 -0.0862947
4.05917 -0.243678 -0.0961535
4.10446 -0.247763 -0.0899531
4.14564 -0.251305 -0.0858044
4.1909 -0.256353 -0.111068
4.23844 -0.259496 -0.066013
4.27026 -0.260468 -0.0305535
4.28459 -0.260911 -0.0308743
4.30834 -0.261353 -0.0186252
4.3354 -0.261649 -0.0109174
4.35213 -0.262498 -0.0507119
4.36916 -0.262688 -0.0111618
4.3912 -0.263615 -0.0420397
4.41488 -0.265534 -0.0808837
4.45374 -0.269211 -0.09434
4.46595 -0.270518 -0.106581
4.50173 -0.27392 -0.0947992
4.53781 -0.276805 -0.0798064
4.56509 -0.27815 -0.0492566
4.57871 -0.278263 -0.00825653
4.60196 -0.278564 -0.0129466
4.6196 -0.278951 -0.0219603
4.64102 -0.279887 -0.0436403
4.65462 -0.280436 -0.0404104
4.66012 -0.280683 -0.0448644
4.66589 -0.280764 -0.0140158
4.67258 -0.280843 -0.0117443
4.69226 -0.281657 -0.0413375
4.70724 -0.282325 -0.0445794
4.72145 -0.283536 -0.0850145
4.72948 -0.284412 -0.108688
4.7492 -0.286616 -0.11124
4.76247 -0.287871 -0.0943067
4.78238 -0.289799 -0.0965597
4.80552 -0.291775 -0.0851836
4.83465 -0.294456 -0.0917933
4.85482 -0.296613 -0.106522
4.86633 -0.297943 -0.115021
4.88732 -0.300677 -0.129526
4.91078 -0.301897 -0.0519334
4.93273 -0.302743 -0.0385433
4.95416 -0.303105 -0.0168549
4.97572 -0.302302 0.037208
5.00443 -0.299159 0.10906
5.02569 -0.296543 0.122418
5.05026 -0.2924 0.167036
5.06136 -0.291088 0.117601
5.07631 -0.289027 0.13708
5.09302 -0.285893 0.185346
5.10744 -0.282902 0.204606
5.11403 -0.280984 0.283142
5.12181 -0.27855 0.303334
5.1366 -0.273867 0.30662
5.14403 -0.271132 0.352423
5.14673 -0.270148 0.349992
5.15797 -0.266736 0.294719
5.16714 -0.264183 0.271376
5.17015 -0.263413 0.250676
5.17508 -0.262103 0.25978
5.1795 -0.26084 0.278501
5.20626 -0.252664 0.29646
5.22451 -0.247453 0.278123
True
0.264355
