4.47025 0.00498991 2.97541
4.44966 0.00930177 2.93513
4.41305 0.0199847 2.85768
4.36744 0.0370276 2.78399
4.32411 0.0594314 2.66443
4.2903 0.0788434 2.62034
4.25023 0.104734 2.56803
4.21128 0.13322 2.51007
4.17548 0.163229 2.44392
4.15238 0.182077 2.4574
4.12396 0.208562 2.39135
4.08868 0.242274 2.37889
4.08039 0.24993 2.39604
4.05817 0.274116 2.3139
4.03323 0.300984 2.31905
4.02288 0.314453 2.22566
3.99713 0.348618 2.21668
3.97798 0.377005 2.16436
3.95946 0.407155 2.12158
3.93597 0.449098 2.08123
3.91568 0.48945 2.03679
3.89731 0.532666 1.97278
3.8786 0.57451 1.99114
3.86018 0.620991 1.94809
3.84576 0.656548 1.95626
3.83378 0.690603 1.90896
3.81812 0.734861 1.9109
3.80698 0.766748 1.9068
3.79285 0.807473 1.90472
3.77664 0.851532 1.92351
3.75955 0.896087 1.937
3.74089 0.941796 1.9583
3.72305 0.985587 1.95767
3.70794 1.03325 1.87791
3.69778 1.06245 1.90548
3.6866 1.09359 1.91548
3.67413 1.1406 1.83014
3.65889 1.18821 1.88051
3.64602 1.22541 1.90394
3.6319 1.27336 1.85719
3.62342 1.30999 1.79831
3.61322 1.34673 1.84164
3.60698 1.36939 1.83959
3.59064 1.41614 1.90701
3.57375 1.46297 1.91696
3.55571 1.50611 1.96683
3.54107 1.54388 1.94045
3.52389 1.58428 1.97298
3.5046 1.62944 1.97447
3.48883 1.66541 1.98389
3.46889 1.70512 2.03624
3.44829 1.74958 2.00476
3.43395 1.78315 1.97439
3.41181 1.82751 2.03372
3.38803 1.87149 2.06644
3.36732 1.91131 2.05048
3.34729 1.95028 2.04554
3.32977 1.98333 2.05807
3.30701 2.02455 2.07541
3.28581 2.06027 2.10644
3.26628 2.09169 2.12684
3.25264 2.11178 2.16731
3.24172 2.12756 2.17635
3.21118 2.16537 2.25012
3.18025 2.20324 2.25579
3.14718 2.23867 2.32168
3.1147 2.27667 2.27793
3.08279 2.30965 2.33984
3.04944 2.3448 2.32988
3.01387 2.3797 2.36573
2.97958 2.41355 2.36254
2.95256 2.44042 2.35896
2.92843 2.46501 2.34695
2.90811 2.48539 2.3547
2.87677 2.51636 2.36215
2.85558 2.53866 2.33062
2.82277 2.5758 2.29449
2.78778 2.61138 2.34778
2.75927 2.63908 2.37043
2.74474 2.65317 2.37192
2.71863 2.67916 2.35833
2.69066 2.70415 2.41258
2.66425 2.72991 2.36851
2.62575 2.76182 2.4495
2.58686 2.79306 2.46497
2.54956 2.82211 2.4799
2.51459 2.84841 2.49668
2.47466 2.87818 2.50086
2.4365 2.90868 2.46741
2.40022 2.93816 2.45923
2.36068 2.96773 2.49956
2.32204 2.99603 2.50943
2.28865 3.02189 2.48251
2.25041 3.05411 2.44133
2.21464 3.0819 2.48114
2.17631 3.11127 2.48787
2.14614 3.13176 2.54489
2.11199 3.15451 2.55407
2.07631 3.17893 2.54137
2.04584 3.19909 2.557
2.00306 3.22471 2.60204
1.97412 3.24462 2.53898
1.9355 3.26807 2.59588
1.89264 3.29382 2.60066
1.85069 3.32014 2.58109
1.81501 3.34094 2.61395
1.77491 3.36414 2.61698
1.73705 3.38467 2.64469
1.69742 3.40712 2.62623
1.65466 3.43218 2.61141
1.61563 3.45458 2.62063
1.57064 3.47637 2.69066
1.52731 3.49971 2.64746
1.4876 3.5193 2.68331
1.44849 3.53753 2.7055
1.41832 3.54985 2.75382
1.38532 3.5624 2.77819
1.33883 3.58079 2.76478
1.29477 3.59632 2.80287
1.24653 3.60946 2.87571
1.19889 3.62431 2.83937
1.15058 3.63714 2.88204
1.10278 3.65104 2.85848
1.05748 3.66499 2.84295
1.02758 3.67301 2.87941
0.991136 3.6824 2.88937
0.942651 3.69408 2.90534
0.894734 3.70772 2.86423
0.84604 3.71872 2.91935
0.79849 3.72894 2.92999
0.759731 3.7365 2.94887
0.724337 3.74251 2.97339
0.694678 3.74705 2.98971
0.645821 3.7545 2.99033
0.598219 3.76091 3.0077
0.552237 3.76737 3.00208
0.502698 3.77412 3.00602
0.453084 3.78029 3.01795
0.410798 3.78347 3.06641
0.372509 3.78496 3.10292
0.327026 3.78703 3.09596
0.277048 3.78784 3.12549
0.235485 3.78768 3.14535
0.189391 3.79064 -3.20563
0.140335 3.7926 3.10155
0.0949569 3.79508 3.08706
0.0465224 3.80005 3.03929
0.00153564 3.80156 3.10813
-0.0409052 3.80378 3.08921
-0.0752063 3.80566 3.08691
-0.121792 3.80685 3.1161
-0.169553 3.80865 3.10385
-0.209821 3.81166 3.06699
-0.251621 3.81265 3.11799
-0.289125 3.81248 3.14611
-0.33673 3.81037 -3.0973
-0.380616 3.80614 -3.04554
-0.427217 3.80083 -3.02821
-0.473654 3.79688 -3.05673
-0.517922 3.79145 -3.0194
-0.553995 3.78711 -3.02189
-0.603516 3.78126 -3.02408
-0.653257 3.77631 -3.04237
-0.694066 3.76984 -2.98432
-0.743413 3.76188 -2.98171
-0.788243 3.75302 -2.94634
-0.836132 3.74449 -2.96536
-0.884579 3.73299 -2.90851
-0.930313 3.72104 -2.88612
-0.977462 3.70883 -2.88814
-1.02516 3.69577 -2.87434
-1.06987 3.68267 -2.85653
-1.11534 3.67153 -2.90146
-1.16169 3.65886 -2.87466
-1.20756 3.64436 -2.83555
-1.25434 3.6282 -2.80895
-1.29658 3.61263 -2.78841
-1.33054 3.59924 -2.766
-1.37423 3.58361 -2.79808
-1.41755 3.56797 -2.79505
-1.46174 3.55122 -2.77925
-1.49856 3.53616 -2.75327
-1.54467 3.51783 -2.76325
-1.58242 3.50201 -2.74478
-1.62048 3.48593 -2.74183
-1.6654 3.46524 -2.71001
-1.7109 3.44459 -2.71547
-1.75586 3.42273 -2.68913
-1.80107 3.40139 -2.70057
-1.83951 3.38122 -2.65828
-1.88083 3.35842 -2.63753
-1.92445 3.33406 -2.63212
-1.96759 3.30935 -2.62152
-2.00985 3.28487 -2.61652
-2.05326 3.26031 -2.6268
-2.07817 3.24675 -2.64289
-2.11982 3.22176 -2.60122
-2.15799 3.19732 -2.57208
-2.19815 3.17048 -2.55248
-2.23573 3.14606 -2.56526
-2.27481 3.11985 -2.55083
-2.31559 3.0921 -2.54409
-2.3394 3.07361 -2.48141
-2.37509 3.04579 -2.47947
-2.41119 3.01311 -2.40588
-2.43815 2.99119 -2.45894
-2.47322 2.96101 -2.431
-2.50634 2.93426 -2.46205
-2.54615 2.90512 -2.50991
-2.58489 2.87506 -2.48172
-2.61259 2.85412 -2.49415
-2.64891 2.82579 -2.47915
-2.67854 2.80082 -2.44137
-2.71768 2.76981 -2.47157
-2.75096 2.74282 -2.46023
-2.77938 2.71854 -2.43454
-2.81586 2.68495 -2.39747
-2.8496 2.65334 -2.38873
-2.88587 2.61894 -2.38268
-2.92014 2.5841 -2.34796
-2.94844 2.55433 -2.33079
-2.98308 2.51846 -2.33884
-3.01412 2.48701 -2.34948
-3.04805 2.45269 -2.35052
-3.08041 2.42089 -2.36482
-3.1146 2.38589 -2.34459
-3.13148 2.36691 -2.29767
-3.15818 2.33806 -2.31759
-3.19078 2.30319 -2.32257
-3.21485 2.27693 -2.31266
-3.24734 2.2432 -2.33747
-3.27759 2.20887 -2.29301
-3.30321 2.17979 -2.29307
-3.32903 2.15178 -2.31555
-3.35877 2.11851 -2.30028
-3.37187 2.10357 -2.29081
-3.38891 2.08534 -2.32224
-3.41053 2.06218 -2.3219
-3.43033 2.04137 -2.33119
-3.45387 2.01611 -2.3211
-3.47555 1.99065 -2.27601
-3.4929 1.97092 -2.29229
-3.50594 1.95737 -2.337
-3.52512 1.93866 -2.36859
-3.54135 1.9235 -2.39026
-3.56279 1.90221 -2.35972
-3.58634 1.88054 -2.39776
-3.61712 1.85385 -2.42716
-3.64065 1.83332 -2.42415
-3.66751 1.81006 -2.42807
-3.69137 1.78796 -2.39424
-3.71743 1.76302 -2.37826
-3.75018 1.73412 -2.41861
-3.77516 1.70663 -2.30846
-3.80401 1.67451 -2.3026
-3.83255 1.64214 -2.29334
-3.84596 1.6268 -2.28899
-3.85235 1.61971 -2.30512
-3.87259 1.59798 -2.32052
-3.89391 1.57705 -2.36559
-3.91751 1.55497 -2.38927
-3.93074 1.54165 -2.35293
-3.94507 1.52634 -2.32317
-3.96115 1.50853 -2.3052
-3.97504 1.49337 -2.31256
-3.99243 1.47336 -2.28612
-4.01109 1.45285 -2.30892
-4.02847 1.4326 -2.28027
-4.0546 1.40113 -2.26373
-4.0695 1.38296 -2.25754
-4.08157 1.36763 -2.23795
-4.09495 1.3491 -2.19628
-4.09902 1.34318 -2.17239
-4.10593 1.33384 -2.20788
-4.11215 1.32516 -2.19252
-4.11971 1.31443 -2.18497
-4.12149 1.3116 -2.13043
-4.12788 1.3006 -2.09719
-4.13706 1.28516 -2.10724
-4.14422 1.27371 -2.12962
-4.16039 1.24841 -2.13954
-4.17205 1.23008 -2.13732
-4.18979 1.20056 -2.11196
-4.19956 1.18361 -2.09382
-4.20918 1.16742 -2.10684
-4.21907 1.15122 -2.11876
-4.23038 1.13415 -2.15598
-4.23473 1.12733 -2.13824
-4.24263 1.11534 -2.15355
-4.25004 1.10428 -2.16126
-4.25581 1.0956 -2.15738
-4.25999 1.08961 -2.17912
-4.27016 1.07516 -2.18448
-4.27491 1.06817 -2.1673
-4.28021 1.06067 -2.18646
-4.28703 1.05145 -2.20727
-4.28594 1.05284 -2.23876
-4.2902 1.04681 -2.18647
-4.29452 1.04037 -2.16192
True
0.0683029
