-5.47032 -1.32288 0.168026
-5.42548 -1.31651 0.141225
-5.38217 -1.30999 0.149306
-5.33389 -1.3042 0.119452
-5.28466 -1.2955 0.174918
-5.23508 -1.28913 0.127724
-5.18589 -1.28423 0.0992844
-5.14141 -1.27926 0.111306
-5.09623 -1.27413 0.113071
-5.05477 -1.26752 0.157993
-5.00584 -1.25841 0.184246
-4.95856 -1.24868 0.202905
-4.91219 -1.23941 0.197319
-4.86335 -1.22973 0.19569
-4.81684 -1.21953 0.215911
-4.76892 -1.20555 0.283678
-4.7217 -1.19436 0.232707
-4.67476 -1.18345 0.228339
-4.63337 -1.17427 0.218321
-4.58476 -1.16442 0.199979
-4.53666 -1.15447 0.203905
-4.49355 -1.1483 0.142211
-4.44763 -1.14132 0.15077
-4.4125 -1.13689 0.125699
-4.36268 -1.13326 0.072569
-4.31332 -1.12794 0.107403
-4.26367 -1.12213 0.116548
-4.21802 -1.11854 0.0784415
-4.174 -1.11749 0.0239009
-4.13792 -1.11747 0.000553336
-4.09397 -1.11956 -0.0474689
-4.06205 -1.12171 -0.0674821
-4.01297 -1.1238 -0.0424224
-3.96529 -1.12665 -0.0597881
-3.92854 -1.13042 -0.102186
-3.87946 -1.13963 -0.185469
-3.83541 -1.14802 -0.188172
-3.78794 -1.15914 -0.230238
-3.74229 -1.16987 -0.230841
-3.69422 -1.18222 -0.251444
-3.65188 -1.19397 -0.27073
-3.60761 -1.20451 -0.233613
-3.55863 -1.21453 -0.201925
-3.52129 -1.22343 -0.233968
-3.47696 -1.23507 -0.256772
-3.43029 -1.24637 -0.237439
-3.38659 -1.25701 -0.238927
-3.33939 -1.2685 -0.238706
-3.29051 -1.27899 -0.211348
-3.24544 -1.28773 -0.191673
-3.19599 -1.29467 -0.139462
-3.15102 -1.29954 -0.107741
-3.10639 -1.30485 -0.118526
-3.06198 -1.31007 -0.116941
-3.01219 -1.31456 -0.090048
-2.96409 -1.32044 -0.121682
-2.91787 -1.32594 -0.118404
-2.87054 -1.33081 -0.102388
-2.8359 -1.33254 -0.0500545
-2.78595 -1.333 -0.00914276
-2.73643 -1.33074 0.0455237
-2.69844 -1.32968 0.0280982
-2.66355 -1.32795 0.0492828
-2.61359 -1.32866 -0.0141599
-2.56409 -1.33011 -0.0293428
-2.5144 -1.33531 -0.104269
-2.46464 -1.34013 -0.096384
-2.41572 -1.34675 -0.134647
-2.37037 -1.35296 -0.136046
-2.3223 -1.36012 -0.147875
-2.27502 -1.36502 -0.103166
-2.24645 -1.3686 -0.124815
-2.2028 -1.37455 -0.135532
-2.15454 -1.38349 -0.183057
-2.10571 -1.38825 -0.0972424
-2.05585 -1.39196 -0.0742883
-2.00663 -1.39854 -0.132861
-1.96772 -1.40284 -0.110084
-1.91827 -1.40844 -0.112668
-1.87124 -1.41391 -0.11592
-1.82185 -1.42011 -0.124901
-1.77206 -1.42469 -0.0915923
-1.72238 -1.42996 -0.105651
-1.67335 -1.43496 -0.101772
-1.63254 -1.43976 -0.116923
-1.58576 -1.44351 -0.0800662
-1.54749 -1.44539 -0.0490472
-1.50168 -1.44796 -0.0561388
-1.45239 -1.44876 -0.0161518
-1.40397 -1.44669 0.0426965
-1.35514 -1.44512 0.0320715
-1.30872 -1.44222 0.0624529
-1.26314 -1.43823 0.0874153
-1.21366 -1.43133 0.138471
-1.16674 -1.42697 0.092598
-1.11708 -1.42133 0.113123
-1.07396 -1.4157 0.129907
-1.02848 -1.4112 0.0987056
-0.980208 -1.40611 0.10493
-0.930575 -1.40006 0.121224
-0.881725 -1.39395 0.124593
-0.838597 -1.38656 0.169597
-0.801671 -1.37916 0.197835
-0.754046 -1.37221 0.144995
-0.704734 -1.36543 0.136493
-0.656926 -1.35784 0.157545
-0.607905 -1.35342 0.0899519
-0.558223 -1.34792 0.110121
-0.511251 -1.34275 0.109781
-0.465666 -1.33489 0.170575
-0.420487 -1.32715 0.169704
-0.371337 -1.31819 0.180332
-0.331658 -1.31151 0.166774
-0.282191 -1.30432 0.144335
-0.236908 -1.29625 0.176457
-0.190335 -1.28822 0.170681
-0.150845 -1.28082 0.185185
-0.102264 -1.27234 0.172925
-0.0570777 -1.26549 0.150394
-0.0153115 -1.25693 0.202214
0.0292555 -1.24809 0.195645
0.0752972 -1.23985 0.177233
0.124058 -1.23032 0.192967
0.172807 -1.21937 0.220941
0.213884 -1.21012 0.221511
0.260669 -1.19891 0.235232
0.296607 -1.18947 0.256883
0.325223 -1.18384 0.194238
0.373437 -1.17338 0.213499
0.422053 -1.1617 0.235773
0.470482 -1.15005 0.236207
0.517918 -1.13761 0.256458
0.56465 -1.12811 0.200522
0.602814 -1.11836 0.25001
0.649018 -1.10481 0.285405
0.696412 -1.09098 0.283804
0.741304 -1.07952 0.250013
0.783203 -1.06806 0.266988
0.822965 -1.05951 0.211902
0.871413 -1.0472 0.248709
0.919626 -1.03534 0.241275
0.967779 -1.0223 0.26436
1.01137 -1.01016 0.271577
1.05606 -0.998569 0.253882
1.10389 -0.984362 0.288737
1.15119 -0.970559 0.283932
1.18964 -0.958485 0.304273
1.23628 -0.944055 0.300039
1.2847 -0.93164 0.251015
1.32675 -0.92129 0.241311
1.36975 -0.911624 0.221125
1.41697 -0.900992 0.221451
1.46202 -0.889569 0.248384
1.50432 -0.880769 0.205078
1.55308 -0.870506 0.207466
1.59573 -0.862039 0.19594
1.64394 -0.849483 0.254792
1.68672 -0.839326 0.233115
1.73483 -0.827244 0.246068
1.78316 -0.81653 0.218121
1.82772 -0.804305 0.267767
1.87262 -0.794093 0.223646
1.91774 -0.781921 0.263496
1.95932 -0.773083 0.209438
1.99934 -0.765443 0.188659
2.04548 -0.756192 0.197839
2.07767 -0.750307 0.180843
2.11698 -0.742331 0.200208
2.16466 -0.732768 0.197902
2.21288 -0.722867 0.202522
2.25192 -0.715631 0.183288
2.29274 -0.706825 0.212463
2.33419 -0.696463 0.244993
2.37713 -0.685768 0.244091
2.4219 -0.675111 0.233712
2.47055 -0.663588 0.232563
2.51909 -0.653139 0.212018
2.56514 -0.641747 0.242507
2.61394 -0.630962 0.217517
2.65306 -0.622844 0.204606
2.69733 -0.613873 0.199923
2.74249 -0.604344 0.207955
2.79064 -0.592713 0.237008
2.83674 -0.581227 0.244193
2.88045 -0.570002 0.251395
2.9234 -0.560255 0.223141
2.9676 -0.547243 0.2863
3.0153 -0.533123 0.287796
3.05966 -0.516921 0.350176
3.10426 -0.502042 0.322022
3.14881 -0.4872 0.321598
3.19533 -0.473335 0.289686
3.23407 -0.462197 0.279906
3.278 -0.449925 0.272394
3.31992 -0.438097 0.275029
3.35324 -0.429719 0.246355
3.39403 -0.420281 0.22738
3.43355 -0.411937 0.20808
3.46447 -0.405199 0.214544
3.50827 -0.397634 0.171028
3.55407 -0.389241 0.181225
3.58234 -0.384731 0.158229
3.62346 -0.377729 0.168658
3.65424 -0.372037 0.182847
3.67999 -0.366569 0.209313
3.7221 -0.358775 0.183015
3.75738 -0.351588 0.200935
3.78185 -0.346751 0.195146
3.81573 -0.340146 0.192536
3.85446 -0.333548 0.168749
3.89214 -0.328143 0.142463
3.92027 -0.323426 0.16615
3.94263 -0.319006 0.195161
3.96411 -0.314432 0.2098
3.99576 -0.307179 0.225262
4.02121 -0.30051 0.256333
4.04521 -0.294542 0.243712
4.05388 -0.292397 0.242395
4.06594 -0.288846 0.286428
4.06983 -0.287759 0.272569
4.08361 -0.284818 0.210261
4.09958 -0.281883 0.181664
4.11689 -0.279143 0.157014
4.13627 -0.276259 0.147759
4.16323 -0.272452 0.14028
4.19729 -0.26517 0.210628
4.22116 -0.26012 0.208501
4.24113 -0.254788 0.260986
4.25912 -0.249521 0.284722
4.27283 -0.244438 0.355086
4.30179 -0.233654 0.356484
4.30329 -0.233172 0.310226
4.30588 -0.232285 0.329626
4.31832 -0.228072 0.326597
4.3344 -0.222592 0.32843
4.35041 -0.217714 0.295911
4.37316 -0.211584 0.263105
4.39878 -0.204729 0.261477
4.42936 -0.196445 0.264528
4.45005 -0.190565 0.276873
4.46047 -0.187609 0.276643
4.47688 -0.183281 0.257689
4.5043 -0.176549 0.240805
4.51147 -0.17501 0.211307
4.54409 -0.168766 0.18918
4.57932 -0.162046 0.188471
4.60089 -0.157606 0.202997
4.62158 -0.15289 0.224084
4.64962 -0.14717 0.201234
4.67875 -0.142006 0.175462
4.71199 -0.135896 0.181794
4.73556 -0.131456 0.186138
4.77044 -0.124898 0.185888
4.81267 -0.116672 0.192366
4.86081 -0.109655 0.144732
4.89808 -0.103464 0.164602
4.92479 -0.0994052 0.150843
4.94978 -0.0960438 0.133688
4.96047 -0.0951781 0.0808129
4.98074 -0.0935467 0.0803282
4.98922 -0.0924888 0.124089
4.99161 -0.0920541 0.179949
5.00236 -0.0895205 0.231525
5.00738 -0.0878987 0.312069
5.01465 -0.0854196 0.32892
5.03264 -0.0796118 0.312187
5.03897 -0.0777255 0.289734
5.05552 -0.0731018 0.272473
5.06204 -0.0713251 0.265874
5.07215 -0.0682542 0.294809
5.07969 -0.0659856 0.292361
5.08177 -0.0653126 0.31284
5.08926 -0.0627395 0.331097
5.09098 -0.0621198 0.345951
5.10855 -0.0553308 0.368661
5.1179 -0.050977 0.435683
5.1396 -0.0403247 0.456368
5.14256 -0.0386313 0.520221
5.14904 -0.0347234 0.542376
5.15654 -0.0305245 0.510381
5.16252 -0.0276444 0.44891
5.17334 -0.0229225 0.411644
5.18337 -0.0191415 0.360314
5.19129 -0.0161186 0.364772
5.19103 -0.0162156 0.367867
5.19698 -0.0140198 0.353877
5.1991 -0.0133132 0.320891
5.21005 -0.00979053 0.31124
True
0.255282
