-5.47731 0.232756 -0.180074
-5.42813 0.223769 -0.180735
-5.3791 0.216324 -0.150667
-5.33054 0.205508 -0.219166
-5.28205 0.194781 -0.217717
-5.23646 0.183047 -0.251958
-5.19051 0.173093 -0.213287
-5.14433 0.163454 -0.205777
-5.09545 0.154387 -0.183424
-5.04617 0.146216 -0.164317
-4.9967 0.140184 -0.121313
-4.95104 0.133471 -0.145987
-4.90692 0.128034 -0.122638
-4.86548 0.122636 -0.12951
-4.81598 0.115672 -0.139782
-4.7667 0.107715 -0.160077
-4.71769 0.097792 -0.199782
-4.66864 0.089139 -0.174615
-4.62054 0.0761674 -0.263407
-4.5834 0.0663808 -0.257652
-4.53901 0.0555472 -0.239373
-4.49023 0.0450384 -0.212196
-4.44664 0.0363121 -0.197567
-4.39909 0.0264634 -0.204228
-4.35074 0.0167998 -0.197265
-4.30753 0.00946804 -0.168061
-4.25858 0.00212867 -0.148849
-4.21569 -0.0050967 -0.16687
-4.17447 -0.0116939 -0.158723
-4.13865 -0.0179952 -0.174142
-4.0927 -0.0266341 -0.185807
-4.04445 -0.0368055 -0.207802
-4.00689 -0.0459282 -0.238249
-3.95904 -0.0581881 -0.25079
-3.90987 -0.0672723 -0.182698
-3.86287 -0.0748072 -0.158964
-3.8226 -0.0820439 -0.177835
-3.77453 -0.0928164 -0.220445
-3.72676 -0.104704 -0.243894
-3.67792 -0.115119 -0.210099
-3.62884 -0.124669 -0.192197
-3.58882 -0.131757 -0.175284
-3.5421 -0.140737 -0.189895
-3.49955 -0.151 -0.23669
-3.45333 -0.162827 -0.250469
-3.40468 -0.174343 -0.232435
-3.35599 -0.184794 -0.21145
-3.30737 -0.196431 -0.23493
-3.26036 -0.207594 -0.233136
-3.21264 -0.219623 -0.246933
-3.16468 -0.232445 -0.261242
-3.11886 -0.243442 -0.235526
-3.07352 -0.25321 -0.212221
-3.02464 -0.263003 -0.197734
-2.97779 -0.270882 -0.166618
-2.94008 -0.278382 -0.196308
-2.89067 -0.285613 -0.145334
-2.84575 -0.292321 -0.148228
-2.80437 -0.29943 -0.170101
-2.76552 -0.304703 -0.134933
-2.73327 -0.310021 -0.163428
-2.68657 -0.316339 -0.134466
-2.6415 -0.322671 -0.139554
-2.59475 -0.333533 -0.22832
-2.54635 -0.34519 -0.236368
-2.5003 -0.35489 -0.207573
-2.45225 -0.364949 -0.206392
-2.40981 -0.374787 -0.227793
-2.36362 -0.386385 -0.24598
-2.32385 -0.396323 -0.244885
-2.27738 -0.409097 -0.268246
-2.23512 -0.421241 -0.279817
-2.18791 -0.435651 -0.296261
-2.14145 -0.449452 -0.28878
-2.09643 -0.464141 -0.315356
-2.04805 -0.476766 -0.255263
-2.00014 -0.491058 -0.289913
-1.95894 -0.502528 -0.271476
-1.9105 -0.514243 -0.237311
-1.86623 -0.527905 -0.299371
-1.82393 -0.541612 -0.313295
-1.78173 -0.557314 -0.356256
-1.73733 -0.572947 -0.338578
-1.69089 -0.589314 -0.338796
-1.64533 -0.60614 -0.353788
-1.60011 -0.622595 -0.348969
-1.55342 -0.639045 -0.338771
-1.50727 -0.654275 -0.31877
-1.46252 -0.669549 -0.328905
-1.41733 -0.684111 -0.311729
-1.37141 -0.699464 -0.322675
-1.32526 -0.71423 -0.309676
-1.28049 -0.727853 -0.295328
-1.23362 -0.745011 -0.350926
-1.19528 -0.758091 -0.328827
-1.15363 -0.772275 -0.328239
-1.10618 -0.787082 -0.302444
-1.05814 -0.800926 -0.280561
-1.02496 -0.811632 -0.312173
-0.97687 -0.825231 -0.275576
-0.933312 -0.836693 -0.257302
-0.885299 -0.850634 -0.28259
-0.843618 -0.862739 -0.282649
-0.795669 -0.876903 -0.287226
-0.748181 -0.892362 -0.314715
-0.712939 -0.903762 -0.312869
-0.678256 -0.915155 -0.317366
-0.633447 -0.929524 -0.310319
-0.597126 -0.940824 -0.301639
-0.550136 -0.953222 -0.25795
-0.50299 -0.963137 -0.207298
-0.46868 -0.969925 -0.195306
-0.419954 -0.981091 -0.225273
-0.374567 -0.989678 -0.18699
-0.326783 -1.00259 -0.263939
-0.27917 -1.01679 -0.289746
-0.232416 -1.0292 -0.25958
-0.186891 -1.04075 -0.248364
-0.138276 -1.05195 -0.226445
-0.0939475 -1.06323 -0.249128
-0.0627963 -1.07015 -0.218768
-0.0152817 -1.08115 -0.227499
0.0337705 -1.09069 -0.192009
0.0760775 -1.09997 -0.215888
0.124226 -1.1133 -0.270243
0.16538 -1.12418 -0.258321
0.209536 -1.13548 -0.250635
0.257633 -1.1467 -0.229026
0.306017 -1.15821 -0.233679
0.351018 -1.16621 -0.17595
0.40038 -1.17417 -0.159857
0.448513 -1.18231 -0.167459
0.496917 -1.1904 -0.165685
0.542628 -1.19948 -0.195944
0.586256 -1.209 -0.214989
0.634968 -1.2177 -0.176783
0.683255 -1.22565 -0.163161
0.731305 -1.23552 -0.2025
0.779484 -1.24416 -0.177416
0.826218 -1.25368 -0.20105
0.865368 -1.26078 -0.179421
0.914343 -1.2707 -0.19982
0.957872 -1.27937 -0.196595
0.998884 -1.29029 -0.260155
1.04515 -1.3025 -0.258065
1.08975 -1.31498 -0.272764
1.1364 -1.32742 -0.260675
1.17063 -1.33678 -0.266818
1.21866 -1.34956 -0.260208
1.26642 -1.36244 -0.263263
1.30692 -1.37457 -0.291109
1.35484 -1.38868 -0.2864
1.398 -1.40349 -0.330591
1.43375 -1.41668 -0.353224
1.48032 -1.43488 -0.37269
1.52591 -1.4488 -0.296326
1.57367 -1.46356 -0.299757
1.62108 -1.47943 -0.322908
1.66895 -1.49371 -0.290005
1.71423 -1.50667 -0.278649
1.75649 -1.5183 -0.268507
1.80469 -1.53155 -0.268409
1.84896 -1.54319 -0.257058
1.8969 -1.55425 -0.226691
1.94296 -1.56342 -0.196592
1.98935 -1.57263 -0.196067
2.03505 -1.58281 -0.2191
2.07115 -1.58947 -0.18233
2.11708 -1.59729 -0.168681
2.1629 -1.60611 -0.190274
2.2117 -1.61625 -0.20484
2.26079 -1.62448 -0.166048
2.30216 -1.63279 -0.19833
2.33296 -1.6382 -0.173887
2.37847 -1.64684 -0.187522
2.41904 -1.65145 -0.113228
2.4619 -1.65588 -0.102901
2.49897 -1.65793 -0.0552864
2.54755 -1.66028 -0.0482553
2.58337 -1.66274 -0.068594
2.62562 -1.66647 -0.0880553
2.67257 -1.67238 -0.12523
2.72211 -1.67818 -0.116612
2.76074 -1.68228 -0.1057
2.80599 -1.68922 -0.152098
2.83705 -1.69502 -0.184751
2.88186 -1.70247 -0.16483
2.91073 -1.70685 -0.150293
2.96015 -1.7144 -0.151651
3.00533 -1.71849 -0.0902557
3.05043 -1.72204 -0.0786737
3.0931 -1.726 -0.0925809
3.13693 -1.73063 -0.105176
3.18368 -1.73385 -0.0688286
3.2283 -1.73624 -0.0535249
3.27764 -1.73742 -0.023874
3.32071 -1.7399 -0.0575404
3.36712 -1.73992 -0.0002902
3.39775 -1.73969 0.007248
3.43856 -1.73856 0.0278446
3.45965 -1.73764 0.0434453
3.50303 -1.74054 -0.0666677
3.552 -1.74581 -0.107244
3.59726 -1.75112 -0.116879
3.64065 -1.75679 -0.129814
3.66919 -1.76051 -0.129655
3.69757 -1.76567 -0.179814
3.74366 -1.77392 -0.177226
3.78942 -1.78274 -0.190329
3.83691 -1.79167 -0.185846
3.87694 -1.79937 -0.190007
3.91659 -1.80571 -0.158693
3.96014 -1.81118 -0.12492
4.00207 -1.81476 -0.0852111
4.03812 -1.81614 -0.0382803
4.07901 -1.81732 -0.0288015
4.10779 -1.81766 -0.0118146
4.14851 -1.81665 0.0248133
4.15394 -1.81632 0.0601031
4.17557 -1.81695 -0.0286799
4.20026 -1.81859 -0.0666488
4.22252 -1.82025 -0.0744113
4.22779 -1.82056 -0.0583542
4.23637 -1.82112 -0.0649
4.2573 -1.82224 -0.0535235
4.28229 -1.82334 -0.044042
4.28896 -1.82371 -0.0559536
4.30316 -1.82469 -0.0682818
4.31635 -1.82619 -0.113661
4.33911 -1.82981 -0.157784
4.35738 -1.83262 -0.152545
4.37139 -1.83428 -0.117887
4.39332 -1.83592 -0.0745503
4.40697 -1.83626 -0.0248803
4.41654 -1.83652 -0.0279241
4.43294 -1.83671 -0.0110066
4.4346 -1.83674 -0.0182234
4.44931 -1.83697 -0.0157098
4.46929 -1.83763 -0.0332407
4.48368 -1.83807 -0.030411
4.49353 -1.83812 -0.00533735
4.51126 -1.83892 -0.0452699
4.54329 -1.84081 -0.0588437
4.56498 -1.84324 -0.111564
4.57081 -1.84381 -0.0973129
4.59058 -1.84724 -0.171615
4.62491 -1.8542 -0.200113
4.66032 -1.86136 -0.199524
4.69069 -1.86805 -0.216794
4.72542 -1.87437 -0.179893
4.7519 -1.87925 -0.182302
4.77002 -1.88213 -0.157525
4.79768 -1.88699 -0.174207
4.80737 -1.88864 -0.168181
4.82163 -1.89128 -0.183064
4.8446 -1.89492 -0.15703
4.86346 -1.89785 -0.154271
4.89712 -1.90348 -0.165625
4.92388 -1.90874 -0.194175
4.9505 -1.91455 -0.215093
4.96889 -1.9192 -0.247366
4.99156 -1.92476 -0.240464
5.00914 -1.92906 -0.239891
5.03113 -1.93457 -0.245761
5.04519 -1.93814 -0.24838
5.06002 -1.94242 -0.280699
5.06799 -1.94515 -0.331278
5.08275 -1.95046 -0.344935
5.09601 -1.95501 -0.330927
5.11352 -1.9606 -0.30871
5.13627 -1.96626 -0.24399
5.15111 -1.96967 -0.22538
5.16078 -1.97189 -0.226101
5.17687 -1.97559 -0.226299
5.18238 -1.97686 -0.226728
5.18978 -1.97845 -0.210855
5.20375 -1.98187 -0.240094
5.20686 -1.98259 -0.227137
5.20912 -1.98306 -0.205232
5.22469 -1.98557 -0.159763
5.23575 -1.9873 -0.155822
5.23719 -1.98753 -0.158766
5.24309 -1.98853 -0.166954
5.25485 -1.99116 -0.220054
5.26072 -1.99277 -0.267182
5.27828 -1.99728 -0.251567
True
0.0663321
