-5.48037 0.3576 0.189387
-5.44713 0.365023 0.219721
-5.41468 0.373404 0.252695
-5.36852 0.384752 0.24106
-5.32532 0.393945 0.209686
-5.27968 0.405354 0.244969
-5.23537 0.415142 0.217398
-5.19003 0.426729 0.25017
-5.14684 0.437879 0.252697
-5.10027 0.452671 0.307518
-5.05286 0.466434 0.282524
-5.00725 0.478624 0.261145
-4.96306 0.491364 0.280704
-4.91756 0.504743 0.286015
-4.8776 0.515627 0.265887
-4.8306 0.524746 0.191666
-4.7858 0.533212 0.186764
-4.73756 0.544299 0.225902
-4.68992 0.558691 0.293368
-4.64351 0.574344 0.325319
-4.6006 0.587 0.286811
-4.55593 0.600318 0.289788
-4.51671 0.610817 0.261511
-4.46959 0.622092 0.234898
-4.42592 0.632459 0.23304
-4.37948 0.644458 0.252859
-4.33737 0.655481 0.256039
-4.29817 0.667573 0.299183
-4.25229 0.681205 0.28881
-4.20935 0.694425 0.298671
-4.16769 0.704628 0.240187
-4.12197 0.713876 0.199561
-4.07581 0.723467 0.204883
-4.02717 0.734953 0.231891
-3.97921 0.746862 0.243373
-3.9378 0.757097 0.24236
-3.88869 0.766347 0.18614
-3.84108 0.776765 0.21542
-3.80108 0.785368 0.211895
-3.75565 0.79749 0.260735
-3.70795 0.811631 0.288195
-3.65992 0.825295 0.277146
-3.61483 0.8365 0.243576
-3.56742 0.849262 0.262988
-3.52617 0.860357 0.262707
-3.47918 0.873025 0.263316
-3.43633 0.883313 0.235683
-3.38811 0.894206 0.222172
-3.34072 0.904841 0.220725
-3.29469 0.913248 0.180672
-3.25756 0.921019 0.206304
-3.21009 0.929118 0.168975
-3.17358 0.934315 0.141435
-3.12721 0.943157 0.188404
-3.07971 0.952551 0.195239
-3.03359 0.960166 0.163649
-2.98474 0.967789 0.154798
-2.93688 0.976922 0.188575
-2.89675 0.984083 0.176569
-2.84806 0.994385 0.208507
-2.8032 1.00166 0.160658
-2.7586 1.01102 0.207043
-2.70912 1.018 0.140092
-2.65998 1.02131 0.0673331
-2.61515 1.02478 0.077198
-2.56545 1.02705 0.0456946
-2.52212 1.02975 0.0621924
-2.47426 1.03471 0.103114
-2.4371 1.0383 0.0964678
-2.3965 1.04309 0.117444
-2.35435 1.04919 0.143579
-2.30487 1.05516 0.120103
-2.25601 1.06451 0.189081
-2.20688 1.07366 0.184277
-2.15898 1.08317 0.195818
-2.11555 1.09142 0.187843
-2.06678 1.10238 0.220933
-2.01869 1.10908 0.138513
-1.97291 1.11672 0.165305
-1.92693 1.12574 0.193844
-1.88332 1.13225 0.148098
-1.83807 1.13796 0.125497
-1.78832 1.14292 0.0994317
-1.7411 1.14911 0.130379
-1.69863 1.15179 0.0629745
-1.64875 1.15517 0.067645
-1.59892 1.15782 0.0530691
-1.56063 1.16112 0.0859853
-1.52222 1.16565 0.117406
-1.47319 1.17132 0.115247
-1.42763 1.17768 0.138681
-1.38465 1.18217 0.103986
-1.34493 1.18709 0.123395
-1.30308 1.19432 0.170887
-1.25646 1.20204 0.164282
-1.20815 1.2097 0.157203
-1.16035 1.21728 0.157149
-1.11972 1.22359 0.154267
-1.07034 1.23128 0.154368
-1.02822 1.23747 0.145865
-0.981508 1.2442 0.143163
-0.9405 1.24822 0.0976712
-0.890932 1.25357 0.107528
-0.844266 1.25844 0.103903
-0.794645 1.26398 0.111237
-0.749809 1.26999 0.133289
-0.701335 1.27939 0.191595
-0.652028 1.28729 0.158823
-0.623565 1.29123 0.137547
-0.574364 1.30012 0.178813
-0.528826 1.30846 0.181022
-0.484244 1.31592 0.165931
-0.435682 1.32335 0.151774
-0.396045 1.33141 0.200508
-0.360081 1.33936 0.217667
-0.311274 1.3501 0.216491
-0.262411 1.35887 0.177655
-0.219784 1.36584 0.162073
-0.180745 1.37119 0.136255
-0.1318 1.38134 0.204523
-0.0963371 1.38783 0.18088
-0.0551643 1.39721 0.223982
-0.00830257 1.40771 0.220544
0.0390867 1.41912 0.236174
0.0884814 1.42681 0.154376
0.130366 1.43393 0.168433
0.177655 1.4404 0.136026
0.226986 1.44714 0.135856
0.267517 1.45273 0.137034
0.308283 1.45958 0.166325
0.352506 1.46686 0.163152
0.398255 1.47485 0.172998
0.439391 1.48216 0.175939
0.485884 1.49181 0.204523
0.534359 1.50143 0.195966
0.582501 1.51488 0.272501
0.630886 1.52516 0.209246
0.677906 1.53537 0.213844
0.712629 1.54405 0.244976
0.761345 1.55409 0.203204
0.80274 1.5625 0.20045
0.847934 1.57043 0.173805
0.890122 1.57937 0.208848
0.926237 1.58659 0.197142
0.968442 1.59405 0.174883
1.01427 1.60362 0.205927
1.06283 1.61244 0.179746
1.11108 1.62204 0.196362
1.15751 1.63074 0.18521
1.2047 1.63959 0.185434
1.25295 1.65144 0.240847
1.29928 1.65984 0.179303
1.34146 1.66811 0.19353
1.38973 1.67932 0.228225
1.43831 1.69099 0.235774
1.48291 1.70303 0.263713
1.53062 1.7156 0.257538
1.57374 1.72712 0.261101
1.60674 1.73453 0.220814
1.654 1.74392 0.196274
1.69463 1.75403 0.2438
1.73778 1.76336 0.212902
1.78487 1.77406 0.223453
1.83044 1.78437 0.222496
1.87336 1.79381 0.216545
1.92145 1.80414 0.21162
1.96537 1.81593 0.26227
2.01313 1.82837 0.254686
2.06083 1.84081 0.255216
2.10118 1.85459 0.328986
2.14684 1.86736 0.272788
2.18762 1.87784 0.251614
2.23517 1.89116 0.27304
2.28092 1.90207 0.234111
2.32951 1.9115 0.191769
2.3749 1.92066 0.199141
2.41729 1.92866 0.186325
2.4632 1.93681 0.175702
2.51221 1.94586 0.182611
2.56171 1.95231 0.129653
2.60341 1.95711 0.114512
2.65193 1.96138 0.0878079
2.70167 1.96633 0.0991265
2.74521 1.97026 0.0902021
2.78684 1.97694 0.158974
2.83588 1.9864 0.190686
2.88143 1.99727 0.234076
2.93013 2.00834 0.223556
2.96421 2.01545 0.205743
3.00982 2.02628 0.233235
3.05858 2.03635 0.203511
3.10121 2.04435 0.185527
3.14977 2.05627 0.240749
3.19807 2.06909 0.259457
3.24622 2.08218 0.265391
3.29441 2.09463 0.252882
3.34089 2.1053 0.225678
3.38096 2.11352 0.202341
3.41956 2.12241 0.226366
3.46331 2.13344 0.24694
3.51116 2.14682 0.272594
3.55881 2.16109 0.291089
3.60579 2.17589 0.30503
3.63596 2.18419 0.268708
3.67915 2.19536 0.253124
3.71719 2.20525 0.254144
3.74441 2.21241 0.257422
3.76446 2.21775 0.259937
3.79952 2.22811 0.287361
3.82823 2.23565 0.256756
3.84236 2.23933 0.255023
3.8593 2.24373 0.254358
3.88155 2.25005 0.276743
3.90722 2.258 0.300382
3.92822 2.26322 0.243462
3.94949 2.26864 0.249346
3.96827 2.27416 0.285936
3.98879 2.28091 0.318007
4.00863 2.28784 0.336107
4.02596 2.29435 0.359517
4.0323 2.29688 0.379111
4.04817 2.30314 0.375804
4.08731 2.31501 0.294275
4.11541 2.321 0.21013
4.13992 2.326 0.201393
4.1719 2.33216 0.190233
4.20583 2.33789 0.16726
4.25115 2.34628 0.182943
4.28858 2.35373 0.196525
4.3193 2.36051 0.217181
4.36133 2.36875 0.193626
4.38292 2.37397 0.237472
4.41465 2.37947 0.171476
4.44994 2.38615 0.187029
4.49504 2.39417 0.176067
4.52527 2.39957 0.176696
4.54663 2.40293 0.156067
4.57131 2.40731 0.175583
4.59414 2.41096 0.158631
4.61125 2.41342 0.142782
4.64186 2.41661 0.103767
4.67203 2.42048 0.127705
4.71025 2.42651 0.156343
4.7432 2.43198 0.164632
4.77064 2.43581 0.138825
4.79751 2.43936 0.131108
4.81959 2.44215 0.125779
4.84494 2.44478 0.103536
4.85105 2.44541 0.101672
4.86274 2.44695 0.131438
4.88183 2.44984 0.150103
4.88992 2.45087 0.127028
4.91156 2.45349 0.120586
4.9323 2.4561 0.125088
4.96131 2.45945 0.114707
4.9803 2.46185 0.125872
5.00042 2.46489 0.150273
5.01382 2.46736 0.181896
5.02125 2.46891 0.205563
5.0236 2.46935 0.187393
5.04551 2.4723 0.133556
5.05872 2.47441 0.15853
5.07883 2.47703 0.129357
5.10785 2.48052 0.11989
5.12842 2.48339 0.138707
5.13868 2.48489 0.145078
5.14521 2.4858 0.137874
5.15782 2.48787 0.162662
5.16903 2.48994 0.18289
5.17892 2.49154 0.160072
5.18327 2.49217 0.14484
5.20153 2.49489 0.147532
5.22316 2.49842 0.16193
True
0.0684928
