-5.46003 0.773996 -0.078202
-5.41046 0.769784 -0.0847755
-5.36962 0.766743 -0.0743335
-5.33407 0.762371 -0.122362
-5.28457 0.759374 -0.0604665
-5.23482 0.754382 -0.100007
-5.19209 0.748574 -0.135103
-5.14246 0.742864 -0.114527
-5.09355 0.73662 -0.126995
-5.04569 0.731186 -0.113044
-4.99689 0.726294 -0.0999238
-4.94791 0.719359 -0.140655
-4.89946 0.713562 -0.119078
-4.85741 0.709374 -0.0992732
-4.81501 0.704914 -0.104794
-4.7691 0.700831 -0.0887205
-4.72001 0.69429 -0.132443
-4.67083 0.687545 -0.136313
-4.62185 0.68218 -0.109111
-4.57199 0.679386 -0.0559667
-4.52423 0.675803 -0.0748883
-4.47957 0.672938 -0.0640509
-4.43304 0.669194 -0.0803105
-4.38622 0.665658 -0.0753615
-4.33851 0.663131 -0.0529163
-4.28985 0.659242 -0.0797464
-4.24643 0.656529 -0.0624105
-4.19656 0.655419 -0.0222602
-4.15429 0.652459 -0.069902
-4.10836 0.649626 -0.0616034
-4.06579 0.648117 -0.0354357
-4.01584 0.646108 -0.0401905
-3.96616 0.643796 -0.0465224
-3.92107 0.64233 -0.0324963
-3.87486 0.640003 -0.0503123
-3.82508 0.639724 -0.00559032
-3.7786 0.63977 0.000973151
-3.72861 0.639008 -0.0152232
-3.67878 0.639685 0.0135741
-3.64114 0.638841 -0.0224203
-3.60198 0.636888 -0.0498218
-3.55844 0.635301 -0.0364362
-3.50953 0.632577 -0.0556457
-3.45983 0.627286 -0.106047
-3.40999 0.623315 -0.0795016
-3.37051 0.620505 -0.0710647
-3.32115 0.618195 -0.046758
-3.27222 0.615328 -0.0585328
-3.22678 0.610412 -0.107752
-3.19077 0.606671 -0.103531
-3.14245 0.601736 -0.101791
-3.09464 0.598341 -0.0708822
-3.05225 0.59569 -0.0624649
-3.00836 0.591704 -0.0905585
-2.96504 0.587113 -0.105585
-2.91623 0.580313 -0.138426
-2.87054 0.573268 -0.152978
-2.82406 0.569413 -0.0827727
-2.7749 0.563635 -0.116962
-2.72518 0.558715 -0.0986489
-2.68278 0.553245 -0.128305
-2.63737 0.547098 -0.134567
-2.59385 0.540231 -0.156465
-2.54494 0.530532 -0.195785
-2.49568 0.523896 -0.133898
-2.44606 0.51779 -0.122447
-2.39904 0.510707 -0.149514
-2.35169 0.502622 -0.169081
-2.30386 0.497404 -0.10867
-2.25519 0.491137 -0.128074
-2.20671 0.484966 -0.126612
-2.16781 0.480682 -0.10969
-2.12507 0.474526 -0.143055
-2.0765 0.467647 -0.140666
-2.03382 0.462252 -0.125749
-1.99447 0.460208 -0.0519118
-1.94912 0.460214 0.000132546
-1.90077 0.459023 -0.0246137
-1.85107 0.458049 -0.0196125
-1.80117 0.454959 -0.0618438
-1.76394 0.452412 -0.0683007
-1.72285 0.449376 -0.0737586
-1.6818 0.447305 -0.0503941
-1.63545 0.442041 -0.113095
-1.60677 0.438743 -0.114474
-1.56278 0.433574 -0.116951
-1.51397 0.431197 -0.048667
-1.46891 0.429549 -0.0365674
-1.42446 0.428846 -0.01581
-1.38224 0.427031 -0.0429598
-1.33245 0.422517 -0.0904021
-1.29143 0.418035 -0.108868
-1.24171 0.412893 -0.103031
-1.19808 0.409201 -0.084444
-1.14886 0.402502 -0.135252
-1.10926 0.398851 -0.0919565
-1.05965 0.393134 -0.114716
-1.01366 0.38741 -0.12381
-0.964876 0.380122 -0.148316
-0.915126 0.376447 -0.0737339
-0.868703 0.371406 -0.108157
-0.835899 0.368627 -0.0845152
-0.795526 0.364317 -0.106363
-0.746522 0.356895 -0.15031
-0.704765 0.350468 -0.152713
-0.67772 0.345762 -0.172288
-0.629862 0.33844 -0.151821
-0.5817 0.330635 -0.160654
-0.532486 0.321843 -0.176787
-0.492157 0.313227 -0.210468
-0.442904 0.304648 -0.172469
-0.393797 0.295437 -0.185417
-0.36583 0.289871 -0.196441
-0.319109 0.281916 -0.168645
-0.273556 0.272812 -0.197254
-0.229154 0.265225 -0.169241
-0.195569 0.259544 -0.167567
-0.15358 0.253433 -0.144511
-0.107016 0.247087 -0.135459
-0.0579495 0.240389 -0.135677
-0.00890194 0.232976 -0.149994
0.038851 0.225024 -0.165009
0.0882553 0.21916 -0.118139
0.127975 0.213549 -0.14035
0.171919 0.207068 -0.146421
0.221529 0.201088 -0.119956
0.2712 0.195357 -0.114884
0.318346 0.191496 -0.081705
0.368172 0.18791 -0.0718548
0.417587 0.182336 -0.112318
0.467356 0.178301 -0.0809
0.515154 0.172792 -0.114749
0.563663 0.16636 -0.131832
0.610379 0.161282 -0.108264
0.659867 0.154832 -0.129605
0.702327 0.149732 -0.11955
0.750343 0.146814 -0.0606823
0.799743 0.143611 -0.0647592
0.838858 0.141986 -0.0415041
0.883119 0.138939 -0.0687432
0.922024 0.134919 -0.102961
0.971399 0.128548 -0.128322
1.02092 0.121631 -0.138802
1.07049 0.11558 -0.121447
1.12015 0.109751 -0.116862
1.15893 0.108075 -0.0431783
1.20466 0.10597 -0.0460035
1.25426 0.10417 -0.0362652
1.29278 0.101813 -0.0611206
1.34238 0.102168 0.00716443
1.39026 0.101039 -0.0235686
1.42802 0.100965 -0.00197058
1.46708 0.101224 0.0066204
1.51333 0.101804 0.0125533
1.56329 0.103409 0.0321224
1.6112 0.106137 0.0568633
1.66041 0.108615 0.0503044
1.7027 0.109617 0.0237022
1.75266 0.11084 0.0244643
1.80169 0.110808 -0.000647796
1.84914 0.111368 0.0118072
1.89872 0.111557 0.00380945
1.94514 0.111179 -0.00814465
1.99373 0.112033 0.0175631
2.03718 0.113434 0.0322345
2.08108 0.114274 0.0191359
2.13104 0.112358 -0.0383253
2.18078 0.107245 -0.102439
2.23048 0.103168 -0.0818462
2.27829 0.0990627 -0.0856715
2.32726 0.0961044 -0.0603384
2.37634 0.0921915 -0.0795493
2.42614 0.0879457 -0.0850592
2.46391 0.0841895 -0.0991119
2.50265 0.0812935 -0.0746123
2.54179 0.0766549 -0.117985
2.57324 0.0724305 -0.133513
2.62312 0.0694342 -0.0599984
2.67195 0.0681915 -0.0254459
2.70755 0.0674357 -0.0212215
2.75083 0.0673617 -0.00170877
2.8007 0.0662116 -0.0230609
2.84963 0.0666155 0.00825556
2.89866 0.0664542 -0.00329046
2.9466 0.0677165 0.0263288
2.98492 0.0689253 0.0315309
3.0343 0.0702547 0.0269173
3.08409 0.0674378 -0.05651
3.12196 0.0649573 -0.0654191
3.16802 0.0611938 -0.0815252
3.21757 0.0561637 -0.101168
3.26703 0.0509372 -0.105284
3.31332 0.0443891 -0.14052
3.35627 0.0390037 -0.124729
3.40408 0.032407 -0.137119
3.43915 0.0275407 -0.137868
3.47293 0.0222637 -0.154986
3.50101 0.018094 -0.14738
3.54054 0.0122128 -0.147703
3.58943 0.0047647 -0.151183
3.63775 -0.00235267 -0.146247
3.68046 -0.0105186 -0.188921
3.72602 -0.0193613 -0.191706
3.77089 -0.0264246 -0.156125
3.81904 -0.0330566 -0.136877
3.86533 -0.0377143 -0.100284
3.90588 -0.0425086 -0.117695
3.95523 -0.0481234 -0.113283
3.99192 -0.0502635 -0.0582628
4.01919 -0.0513379 -0.0393804
4.06788 -0.0491743 0.0444027
4.10457 -0.0468167 0.0641796
4.15058 -0.0450588 0.0381875
4.18685 -0.0425171 0.0699605
4.22403 -0.041683 0.022432
4.2617 -0.0398824 0.047762
4.29118 -0.0385049 0.0466926
4.31337 -0.0370044 0.0675028
4.33137 -0.0360923 0.0506258
4.36966 -0.0351185 0.025427
4.39185 -0.0348613 0.0115918
4.43955 -0.036925 -0.0432338
4.47207 -0.0398168 -0.0887092
4.49737 -0.0417841 -0.0775821
4.53575 -0.0425052 -0.0187906
4.55271 -0.042534 -0.00169678
4.5726 -0.0415275 0.050571
4.61419 -0.0392755 0.0540855
4.63299 -0.0384833 0.0421152
4.66393 -0.039149 -0.0215139
4.68418 -0.0390783 0.00349457
4.70355 -0.0392715 -0.00997669
4.72133 -0.0394984 -0.0127546
4.74053 -0.0393636 0.00702259
4.75397 -0.0396654 -0.0224655
4.77045 -0.039619 0.00281338
4.7798 -0.038768 0.0907684
4.7939 -0.0363662 0.168674
4.80467 -0.0343447 0.185551
4.8207 -0.0312681 0.189651
4.82381 -0.0305455 0.228357
4.85131 -0.0224936 0.284801
4.86705 -0.0178435 0.28721
4.88253 -0.0132097 0.290973
4.8888 -0.0113109 0.294086
4.90435 -0.00695207 0.273319
4.91698 -0.00355376 0.262783
4.92353 -0.0017746 0.265058
4.94322 0.00343218 0.258591
4.96013 0.007874 0.256851
4.98102 0.0135748 0.266384
4.98701 0.0154314 0.300492
4.9969 0.0186268 0.312497
5.00541 0.0208855 0.259566
5.01253 0.0228175 0.264934
5.02309 0.0256913 0.265572
5.03832 0.0292036 0.226744
5.05818 0.0339678 0.235381
5.08145 0.0384544 0.190479
5.10458 0.0430056 0.194271
5.12121 0.0456894 0.160049
5.13226 0.0473853 0.152304
5.15576 0.0494882 0.0892212
5.17958 0.051291 0.0755542
5.18962 0.0524163 0.111567
5.20511 0.0548402 0.155289
5.21535 0.0567174 0.181224
5.22691 0.0587594 0.174816
5.2346 0.0600905 0.171485
5.24373 0.0613813 0.140404
5.26598 0.0637134 0.104429
5.28183 0.0650938 0.0868966
True
0.0674517
