4.48518 0.000353262 3.11776
4.47745 0.000400732 3.13545
4.46599 0.000332022 3.14759
4.45591 8.69875e-05 -3.11729
4.44633 -0.000340323 -3.09699
4.43164 -0.00134276 -3.07349
4.4137 -0.00254333 -3.07477
4.39763 -0.00315141 -3.10376
4.38289 -0.00374392 -3.10144
4.36165 -0.00447636 -3.10712
4.34051 -0.00525106 -3.10496
4.3157 -0.00628099 -3.10009
4.30767 -0.00676133 -3.08189
4.29787 -0.00733722 -3.08292
4.28961 -0.00762146 -3.10719
4.27631 -0.00748759 -3.15166
4.26387 -0.00647801 3.06063
4.24469 -0.00352113 2.98857
4.22906 -0.000144738 2.92892
4.21956 0.0025753 2.86268
4.18631 0.0139126 2.81297
4.16783 0.0208636 2.78175
4.1588 0.0245341 2.75562
4.13615 0.035658 2.68508
4.11554 0.0481431 2.59688
4.089 0.0648626 2.57955
4.05551 0.0916418 2.46702
4.02544 0.117008 2.44091
3.9957 0.146416 2.36184
3.96302 0.184258 2.283
3.9423 0.209495 2.25836
3.93603 0.219541 2.12846
3.9316 0.228139 2.04651
3.93123 0.228985 1.98249
3.91867 0.265193 1.90466
3.91104 0.290294 1.86598
3.90756 0.302853 1.84094
3.9037 0.319285 1.80201
3.89147 0.367757 1.81791
3.8793 0.415902 1.81831
3.87263 0.445454 1.7929
3.86557 0.481659 1.7633
3.8553 0.529991 1.78026
3.84665 0.577967 1.74918
3.84023 0.619458 1.7242
3.83107 0.668612 1.75498
3.82701 0.699387 1.70219
3.82008 0.743185 1.72762
3.81409 0.781806 1.72479
3.80629 0.828919 1.73483
3.79576 0.874787 1.79646
3.78636 0.921281 1.77033
3.78125 0.944323 1.789
3.77371 0.984242 1.75742
3.77011 1.01262 1.69708
3.76297 1.05712 1.72979
3.7566 1.10318 1.70835
3.75087 1.14604 1.7037
3.74238 1.19448 1.74431
3.73191 1.23404 1.82947
3.721 1.27592 1.82561
3.71211 1.30881 1.83466
3.70508 1.32898 1.90612
3.68919 1.37411 1.90944
3.67559 1.41197 1.91566
3.66809 1.43225 1.92488
3.65427 1.4728 1.89946
3.63967 1.51646 1.8934
3.63095 1.54567 1.86099
3.62029 1.59405 1.78758
3.6092 1.6362 1.82817
3.59573 1.68239 1.85457
3.58603 1.70956 1.91353
3.56832 1.75622 1.93357
3.5507 1.796 1.98764
3.52892 1.84098 2.02192
3.5118 1.87711 2.01323
3.49126 1.9205 2.01289
3.47189 1.96184 2.00906
3.45139 2.00598 2.00552
3.42971 2.04614 2.06576
3.40676 2.09053 2.04796
3.38196 2.13362 2.09317
3.35653 2.17661 2.10487
3.33373 2.21323 2.12768
3.30631 2.25502 2.1515
3.27892 2.29364 2.18758
3.24864 2.33338 2.22201
3.21985 2.3718 2.21386
3.19211 2.40886 2.21328
3.16732 2.44262 2.20417
3.14372 2.47465 2.20584
3.12095 2.50874 2.15975
3.09597 2.5449 2.17526
3.07149 2.58057 2.17234
3.0427 2.61834 2.22209
3.01877 2.64982 2.22085
2.99227 2.68033 2.28594
2.96178 2.71308 2.32048
2.93436 2.74177 2.33357
2.90789 2.76935 2.33547
2.87351 2.80564 2.32922
2.8383 2.84069 2.35847
2.80306 2.87569 2.35973
2.76863 2.90642 2.41286
2.73361 2.93929 2.38776
2.70182 2.96999 2.37355
2.66799 2.99891 2.43447
2.63216 3.03108 2.41003
2.60415 3.05491 2.43641
2.57223 3.08283 2.42311
2.54128 3.10785 2.46162
2.50175 3.13725 2.50222
2.47427 3.15758 2.50462
2.43743 3.18706 2.46669
2.39902 3.21907 2.44694
2.36152 3.24889 2.46966
2.32093 3.27807 2.51827
2.29572 3.29664 2.50685
2.25686 3.32253 2.55378
2.21645 3.35196 2.51215
2.17755 3.37861 2.54085
2.1403 3.40273 2.56719
2.10596 3.42224 2.62486
2.08118 3.43623 2.62744
2.04231 3.45669 2.65724
2.00136 3.4778 2.66554
1.95571 3.4982 2.72145
1.9146 3.51407 2.77301
1.86852 3.53197 2.77117
1.84271 3.54323 2.73004
1.80232 3.55969 2.75465
1.77577 3.57115 2.73411
1.74355 3.5843 2.75415
1.69714 3.60289 2.76049
1.65101 3.62168 2.75495
1.60417 3.63871 2.79287
1.55696 3.6548 2.81308
1.51293 3.66973 2.81458
1.46517 3.68454 2.84102
1.42458 3.69705 2.84261
1.37777 3.71346 2.80433
1.34447 3.725 2.8081
1.31149 3.73749 2.77946
1.26449 3.75358 2.81186
1.21843 3.76725 2.85313
1.1819 3.77805 2.85403
1.14683 3.78975 2.81968
1.09917 3.80488 2.83406
1.05113 3.81868 2.86186
1.00274 3.8312 2.88844
0.955389 3.84242 2.90894
0.906445 3.85121 2.96383
0.857237 3.85976 2.96956
0.809879 3.86704 2.98912
0.760631 3.87565 2.96848
0.711212 3.88325 2.98913
0.662402 3.89409 2.92306
0.613621 3.90325 2.95586
0.563978 3.90915 3.0234
0.51991 3.91306 3.0529
0.470183 3.91828 3.0371
0.420204 3.91952 3.11688
0.370321 3.92292 3.0734
0.330577 3.92509 3.0871
0.280686 3.92838 3.07574
0.231598 3.93384 3.03085
0.181714 3.93718 3.07467
0.138619 3.93857 3.10945
0.0921268 3.94141 3.0805
0.0421594 3.94226 3.12459
-0.000644973 3.94201 3.14754
-0.0428723 3.94135 -3.12604
-0.0824926 3.94167 -3.14978
-0.125926 3.94117 3.15314
-0.164485 3.93969 -3.10304
-0.208119 3.939 -3.12593
-0.258072 3.93688 -3.09914
-0.308024 3.9347 -3.09797
-0.353926 3.93268 -3.09767
-0.395706 3.93052 -3.08994
-0.437766 3.93022 -3.13443
-0.484357 3.92732 -3.07934
-0.524285 3.9253 -3.09122
-0.570084 3.92187 -3.06671
-0.619914 3.91776 -3.05931
-0.649813 3.91497 -3.04854
-0.699607 3.91044 -3.05094
-0.744371 3.9045 -3.00957
-0.789194 3.89828 -3.00377
-0.837999 3.88934 -2.96048
-0.88596 3.87854 -2.92
-0.934278 3.86569 -2.88165
-0.969767 3.85701 -2.90166
-1.01492 3.84586 -2.89967
-1.06314 3.83266 -2.87424
-1.1069 3.82288 -2.92166
-1.14955 3.81189 -2.88962
-1.18671 3.80297 -2.9059
-1.22954 3.78984 -2.84411
-1.27638 3.77403 -2.81614
-1.31816 3.76019 -2.82157
-1.36364 3.74507 -2.82075
-1.40257 3.7327 -2.83399
-1.44942 3.71622 -2.80326
-1.48972 3.70394 -2.84575
-1.53397 3.68729 -2.7818
-1.57846 3.66956 -2.76228
-1.62273 3.65372 -2.79807
-1.66819 3.6354 -2.75856
-1.70927 3.61833 -2.74776
-1.75463 3.60187 -2.79352
-1.7963 3.58593 -2.77614
-1.83986 3.56663 -2.72449
-1.87839 3.55034 -2.74163
-1.91981 3.5312 -2.70869
-1.96002 3.50778 -2.61434
-1.9982 3.48408 -2.58586
-2.03943 3.45684 -2.5579
-2.07386 3.43199 -2.5163
-2.11617 3.40538 -2.58029
-2.15783 3.37954 -2.58627
-2.19251 3.35549 -2.53529
-2.23096 3.32684 -2.50122
-2.2693 3.2985 -2.50512
-2.30714 3.27047 -2.50393
-2.34332 3.24518 -2.53153
-2.38251 3.21533 -2.49081
-2.41512 3.19217 -2.52387
-2.45357 3.16393 -2.50817
-2.48992 3.13623 -2.49051
-2.52878 3.10714 -2.49889
-2.57016 3.07907 -2.54561
-2.61058 3.04969 -2.51296
-2.64563 3.02298 -2.49038
-2.68364 2.99296 -2.47319
-2.71687 2.96709 -2.48008
-2.74748 2.94071 -2.43031
-2.78384 2.91191 -2.47181
-2.82395 2.88246 -2.50823
-2.86434 2.85299 -2.51122
-2.90251 2.82161 -2.45337
-2.94048 2.79018 -2.45027
-2.9722 2.76225 -2.41965
-3.00638 2.73286 -2.43146
-3.04086 2.70466 -2.45614
-3.07105 2.67783 -2.41487
-3.09664 2.6546 -2.40452
-3.13141 2.623 -2.40395
-3.16542 2.59105 -2.38726
-3.20061 2.55697 -2.37222
-3.22962 2.52651 -2.33189
-3.25437 2.50051 -2.3316
-3.28518 2.46993 -2.3599
-3.31812 2.43462 -2.32157
-3.35116 2.3971 -2.29279
-3.37937 2.36407 -2.27766
-3.4104 2.32644 -2.26024
-3.44218 2.28796 -2.26124
-3.47169 2.25072 -2.24084
-3.50002 2.21346 -2.22098
-3.52739 2.17379 -2.17472
-3.55524 2.1345 -2.18737
-3.58041 2.09467 -2.13446
-3.60243 2.05991 -2.13539
-3.62235 2.02235 -2.0585
-3.6315 2.00509 -2.05821
-3.64807 1.97297 -2.04695
-3.66666 1.93787 -2.05786
-3.68197 1.90382 -1.99338
-3.69864 1.8662 -1.98803
-3.71297 1.83576 -2.01064
-3.72977 1.79734 -1.98304
-3.7436 1.76874 -2.02119
-3.76006 1.73539 -2.02934
-3.76881 1.71526 -1.98048
-3.7852 1.67696 -1.97521
-3.80197 1.63619 -1.96103
-3.81859 1.59235 -1.93333
-3.82997 1.56533 -1.96935
-3.84454 1.53176 -1.98024
-3.85874 1.49704 -1.95888
-3.87627 1.45758 -1.9889
-3.88985 1.42754 -1.99552
-3.90139 1.40186 -1.99296
-3.90748 1.38836 -1.99459
-3.91603 1.36903 -1.98735
-3.93021 1.33861 -2.00701
-3.94498 1.30878 -2.03054
-3.95276 1.29146 -1.99314
-3.96213 1.27276 -2.03526
-3.98139 1.23415 -2.0334
-3.99403 1.20779 -2.01793
-4.00622 1.18245 -2.01935
-4.02263 1.14771 -2.01191
-4.03732 1.11751 -2.02352
-4.04974 1.09314 -2.04237
-4.0647 1.06509 -2.06075
-4.07741 1.03974 -2.03531
-4.09361 1.00659 -2.02537
-4.10625 0.978226 -1.99005
-4.12002 0.94287 -1.94219
-4.1281 0.921334 -1.92967
-4.13815 0.894615 -1.93069
-4.14936 0.862144 -1.9032
-4.15893 0.831721 -1.87551
-4.1689 0.799282 -1.86891
-4.17688 0.775156 -1.89023
-4.18113 0.763408 -1.91829
-4.18388 0.756472 -1.94818
-4.18627 0.750629 -1.95901
-4.19212 0.73522 -1.93395
-4.19504 0.727681 -1.93965
-4.20142 0.709991 -1.91697
-4.20531 0.699245 -1.9179
-4.21103 0.684926 -1.95098
-4.21166 0.683329 -1.94879
-4.21283 0.680364 -1.94576
-4.21312 0.679629 -1.94755
-4.21605 0.671976 -1.93606
-4.21978 0.663108 -1.96932
-4.22879 0.642395 -1.9809
-4.23628 0.624663 -1.97058
-4.23982 0.616911 -1.99875
-4.24396 0.608166 -2.01315
-4.24614 0.603384 -1.99866
-4.24869 0.596633 -1.93286
-4.25204 0.587432 -1.91968
-4.25539 0.577218 -1.88717
-4.2572 0.571734 -1.89047
-4.26172 0.558657 -1.90326
-4.26549 0.547514 -1.89723
-4.26703 0.542908 -1.89344
-4.27027 0.533729 -1.91067
-4.27546 0.519883 -1.92934
-4.28308 0.501297 -1.95995
-4.28834 0.490328 -2.01749
-4.29128 0.483951 -2.00293
-4.29295 0.480443 -2.01572
-4.29729 0.47205 -2.04824
-4.30248 0.461963 -2.0456
True
0.166941
