-5.46091 0.930686 0.0183283
-5.41824 0.932184 0.0350952
-5.38159 0.936243 0.110297
-5.33195 0.942285 0.121136
-5.28688 0.947453 0.114161
-5.23884 0.952468 0.104017
-5.19302 0.957364 0.10645
-5.15507 0.959358 0.0524986
-5.1062 0.961758 0.0490628
-5.05723 0.963977 0.0452927
-5.01314 0.966879 0.065727
-4.9633 0.969201 0.0465428
-4.91352 0.971284 0.0418232
-4.88163 0.97475 0.108238
-4.83186 0.979259 0.090378
-4.78954 0.982535 0.0772313
-4.73999 0.987081 0.0914849
-4.69845 0.991462 0.105073
-4.64895 0.998053 0.13239
-4.60176 1.0033 0.110833
-4.56049 1.00777 0.107868
-4.51422 1.01217 0.0947462
-4.46433 1.01402 0.0371323
-4.41447 1.01535 0.0265335
-4.36469 1.01906 0.0745011
-4.31722 1.02199 0.0616517
-4.27395 1.02386 0.0431366
-4.22841 1.02425 0.00855888
-4.1786 1.02293 -0.0265422
-4.13164 1.02193 -0.0212336
-4.08213 1.02121 -0.0146626
-4.0361 1.02023 -0.0211438
-3.98633 1.02132 0.0217925
-3.93643 1.02054 -0.0155793
-3.88663 1.01624 -0.0861948
-3.83699 1.0119 -0.0871599
-3.79321 1.00757 -0.0985275
-3.76321 1.00404 -0.117042
-3.71461 0.996363 -0.156733
-3.66606 0.989022 -0.150084
-3.6164 0.983645 -0.10784
-3.57343 0.979081 -0.105827
-3.52817 0.97387 -0.114618
-3.47877 0.967169 -0.134825
-3.43951 0.961991 -0.13115
-3.38989 0.956207 -0.116057
-3.34017 0.951196 -0.100411
-3.2912 0.945591 -0.113982
-3.24149 0.941562 -0.0808728
-3.19349 0.937334 -0.08784
-3.14373 0.93248 -0.0972589
-3.09395 0.928844 -0.0729009
-3.04509 0.925929 -0.0596124
-2.99655 0.923503 -0.0499201
-2.94763 0.920255 -0.0662973
-2.90791 0.917338 -0.0733028
-2.86499 0.912938 -0.102174
-2.81525 0.908943 -0.0801365
-2.77392 0.904728 -0.101631
-2.72455 0.899111 -0.113284
-2.67526 0.891804 -0.147191
-2.63182 0.886337 -0.12518
-2.59039 0.880907 -0.13031
-2.54697 0.874451 -0.147638
-2.50168 0.86766 -0.148816
-2.45231 0.861944 -0.115263
-2.40979 0.856187 -0.134579
-2.36407 0.852216 -0.0866397
-2.32015 0.846822 -0.122188
-2.27542 0.841128 -0.126619
-2.22581 0.835408 -0.114792
-2.18624 0.831042 -0.109893
-2.13732 0.824277 -0.137415
-2.08799 0.816116 -0.163962
-2.03965 0.810624 -0.113135
-1.99056 0.803482 -0.144471
-1.94311 0.796199 -0.152293
-1.89878 0.790502 -0.127833
-1.85032 0.785429 -0.104286
-1.81199 0.781387 -0.105069
-1.76214 0.778131 -0.0652257
-1.71474 0.772945 -0.108975
-1.67707 0.768552 -0.116099
-1.62885 0.762886 -0.116952
-1.58426 0.757522 -0.119731
-1.53611 0.752353 -0.106935
-1.49366 0.748172 -0.0981671
-1.44863 0.743175 -0.11053
-1.40718 0.741401 -0.0427826
-1.36437 0.739796 -0.0374659
-1.31599 0.737825 -0.0407119
-1.26628 0.737567 -0.00520857
-1.22167 0.735391 -0.0487306
-1.17442 0.732586 -0.059288
-1.13068 0.729343 -0.0740123
-1.08166 0.724504 -0.0983953
-1.03202 0.719609 -0.0982903
-0.982416 0.713348 -0.125557
-0.93549 0.706422 -0.146526
-0.886769 0.696534 -0.200243
-0.837949 0.685742 -0.217564
-0.789992 0.675883 -0.202759
-0.743716 0.665598 -0.218685
-0.695548 0.652552 -0.264495
-0.654553 0.640678 -0.281926
-0.61327 0.630319 -0.245873
-0.578831 0.621695 -0.24535
-0.536147 0.610742 -0.251197
-0.490456 0.596579 -0.300576
-0.447797 0.583175 -0.304442
-0.400182 0.568379 -0.301291
-0.354714 0.554617 -0.293906
-0.318031 0.541711 -0.3383
-0.283863 0.530327 -0.321615
-0.236304 0.515347 -0.305124
-0.19459 0.503938 -0.26699
-0.150259 0.491638 -0.270633
-0.102147 0.478035 -0.275558
-0.0545581 0.46279 -0.31001
-0.0103952 0.447904 -0.325113
0.0365939 0.430849 -0.348174
0.082417 0.413767 -0.356817
0.128979 0.396244 -0.35995
0.176054 0.379393 -0.343747
0.22057 0.364121 -0.330488
0.267811 0.347789 -0.332855
0.306198 0.334206 -0.340087
0.351091 0.3198 -0.310521
0.392629 0.305201 -0.337974
0.433923 0.292672 -0.294586
0.481989 0.279132 -0.274585
0.526589 0.266799 -0.269772
0.571143 0.256007 -0.237645
0.619311 0.245856 -0.207699
0.66624 0.235266 -0.221953
0.713307 0.227609 -0.161269
0.762792 0.22047 -0.143285
0.811816 0.213787 -0.135489
0.860171 0.206967 -0.140097
0.9083 0.197562 -0.192979
0.946939 0.193466 -0.105624
0.996259 0.188044 -0.109487
1.04314 0.182649 -0.114584
1.09232 0.179591 -0.0621061
1.13687 0.178585 -0.0225811
1.17664 0.178737 0.00384161
1.21579 0.17816 -0.0147569
1.26237 0.175935 -0.047719
1.30819 0.174461 -0.0321574
1.35816 0.173552 -0.0181933
1.39987 0.172067 -0.0355965
1.44555 0.17242 0.00772037
1.49548 0.175069 0.0530254
1.53043 0.175963 0.0255708
1.57798 0.178296 0.049014
1.62792 0.18026 0.0393074
1.67732 0.181212 0.0192662
1.72646 0.182731 0.0309004
1.7692 0.18292 0.00443577
1.81633 0.185278 0.0499923
1.86477 0.186592 0.0271046
1.91456 0.189922 0.0667868
1.96432 0.192658 0.0549311
2.00858 0.195645 0.067385
2.0582 0.198756 0.0626265
2.105 0.201555 0.0597172
2.15106 0.206725 0.111797
2.19642 0.210554 0.0842094
2.24534 0.213888 0.0680472
2.29071 0.214967 0.0237744
2.34066 0.217141 0.0434865
2.39018 0.222603 0.109855
2.43624 0.22543 0.0613111
2.4832 0.228644 0.068332
2.53142 0.230041 0.0289634
2.56631 0.233136 0.088461
2.61372 0.237049 0.0823552
2.64645 0.23959 0.0774626
2.68974 0.242805 0.0741563
2.73867 0.245289 0.0507065
2.78865 0.246752 0.0292774
2.83451 0.249592 0.0618244
2.8819 0.251978 0.0503193
2.92871 0.255844 0.0824092
2.95568 0.2589 0.112816
2.99629 0.262007 0.0763527
3.03866 0.264748 0.0646096
3.08568 0.269274 0.0959572
3.13501 0.272377 0.0628093
3.18492 0.272571 0.00389089
3.23063 0.276402 0.0835996
3.27793 0.281128 0.0996043
3.31685 0.286675 0.141573
3.36593 0.293726 0.142683
3.41253 0.299447 0.122151
3.45847 0.303989 0.0985487
3.50302 0.309361 0.120013
3.54031 0.314501 0.136963
3.58308 0.323548 0.208475
3.61252 0.32913 0.187327
3.66162 0.337494 0.168744
3.70425 0.344148 0.154833
3.72879 0.348704 0.183558
3.76918 0.355925 0.176939
3.80041 0.361221 0.168001
3.83742 0.366732 0.147803
3.88208 0.373319 0.146443
3.92985 0.378447 0.106921
3.97037 0.382517 0.100123
4.01303 0.385932 0.0798777
4.05883 0.391569 0.122457
4.10412 0.396411 0.10651
4.14495 0.401394 0.121446
4.17931 0.404958 0.103374
4.22322 0.409323 0.0990648
4.2485 0.411794 0.0974591
4.28017 0.414932 0.0987406
4.31711 0.42027 0.143501
4.3388 0.42361 0.152862
4.36744 0.428004 0.15219
4.38436 0.430574 0.150688
4.39558 0.431964 0.123372
4.40721 0.433338 0.117642
4.42328 0.435054 0.10635
4.44885 0.438187 0.121892
4.46415 0.440036 0.120313
4.48778 0.443024 0.125743
4.51282 0.445252 0.0887829
4.52182 0.4463 0.115843
4.52574 0.446635 0.0853852
4.54765 0.449254 0.118936
4.57434 0.453839 0.170168
4.58887 0.456413 0.175241
4.60478 0.459729 0.20546
4.62664 0.463721 0.180633
4.65374 0.467794 0.149218
4.67408 0.471254 0.168513
4.69712 0.474628 0.145336
4.72257 0.478708 0.158986
4.74827 0.483171 0.171951
4.76713 0.485798 0.138384
4.77923 0.487849 0.16793
4.79486 0.490617 0.175319
4.79906 0.49148 0.202639
4.8022 0.492194 0.223473
4.81144 0.494565 0.251254
4.82326 0.49784 0.270324
4.83397 0.500674 0.258644
4.8404 0.502167 0.228119
4.85697 0.506486 0.255008
4.87475 0.510726 0.233988
4.88682 0.513478 0.224328
4.89658 0.516301 0.281483
4.90205 0.518102 0.31811
4.91906 0.52374 0.320001
4.93072 0.527244 0.292072
4.94453 0.531015 0.266536
4.95734 0.534627 0.274859
4.96383 0.536718 0.311435
4.97445 0.540439 0.336984
4.98543 0.544294 0.337672
4.99591 0.547447 0.292177
5.00411 0.549756 0.27471
5.01442 0.552985 0.303577
5.02169 0.555365 0.316279
5.03132 0.558717 0.334983
5.04505 0.563668 0.346036
5.05193 0.565674 0.283783
5.06408 0.569281 0.288555
5.07718 0.573151 0.287263
5.08362 0.574935 0.2703
5.08848 0.576304 0.274272
5.09964 0.578814 0.221227
5.10798 0.580281 0.174231
5.12118 0.582162 0.141496
5.13566 0.584136 0.135533
5.14328 0.585451 0.170906
5.15175 0.586998 0.180629
5.16584 0.58973 0.191482
5.1713 0.590703 0.176417
5.18761 0.592681 0.120714
5.19299 0.593026 0.063872
5.2041 0.593579 0.049821
True
0.0650759
