-5.47838 0.596243 0.044122
-5.44708 0.597262 0.0325211
-5.40868 0.59604 -0.0318092
-5.35894 0.596565 0.0105586
-5.31047 0.598664 0.0432778
-5.2608 0.599226 0.0113157
-5.21091 0.599872 0.0129472
-5.16125 0.601476 0.0322787
-5.11129 0.602505 0.0206076
-5.06303 0.603601 0.0226997
-5.01694 0.606514 0.0631128
-4.97074 0.608047 0.0331876
-4.9239 0.611869 0.0814042
-4.8827 0.613713 0.0447297
-4.83342 0.615169 0.0295424
-4.79041 0.61581 0.0148951
-4.7435 0.617556 0.0371929
-4.69355 0.619078 0.0304587
-4.64375 0.618439 -0.0128272
-4.59382 0.616385 -0.0411028
-4.5445 0.615753 -0.01282
-4.50067 0.6154 -0.00804135
-4.46306 0.615198 -0.00537308
-4.42276 0.613163 -0.0504493
-4.37294 0.612622 -0.0108584
-4.32481 0.610036 -0.0536768
-4.28579 0.611024 0.0253171
-4.2516 0.611301 0.00808624
-4.20387 0.610128 -0.0245661
-4.15447 0.609712 -0.00841129
-4.10681 0.610621 0.0190666
-4.05933 0.614059 0.0722816
-4.01056 0.61579 0.03548
-3.9624 0.6184 0.0541431
-3.91745 0.620304 0.0423282
-3.86749 0.621466 0.0232625
-3.81778 0.620134 -0.026786
-3.76784 0.618913 -0.0244471
-3.71784 0.618338 -0.0114998
-3.66858 0.619625 0.026122
-3.62308 0.620736 0.0243987
-3.57641 0.621596 0.0184394
-3.52909 0.623552 0.0413158
-3.48403 0.623296 -0.00569377
-3.44053 0.624655 0.0312208
-3.39189 0.626377 0.0353972
-3.34334 0.627034 0.0135317
-3.29682 0.627722 0.0147817
-3.25614 0.62881 0.0267508
-3.2157 0.630932 0.0524335
-3.17374 0.633787 0.06791
-3.13461 0.638636 0.123329
-3.0849 0.643621 0.0999321
-3.03515 0.648535 0.0984563
-2.9874 0.654043 0.114826
-2.93947 0.661077 0.145757
-2.9 0.665704 0.116661
-2.85075 0.674013 0.167172
-2.80929 0.681102 0.169319
-2.76122 0.689107 0.164998
-2.71194 0.696866 0.156181
-2.66663 0.70108 0.0927435
-2.61747 0.704131 0.061993
-2.5688 0.70672 0.0531347
-2.52707 0.70942 0.0646112
-2.4775 0.714496 0.102035
-2.43396 0.719506 0.114593
-2.39921 0.723349 0.110125
-2.35672 0.728037 0.109884
-2.30714 0.732434 0.0884505
-2.25726 0.735594 0.0632698
-2.20914 0.738238 0.0548858
-2.15943 0.739121 0.0177672
-2.11441 0.740763 0.03647
-2.06766 0.742391 0.0347934
-2.02641 0.744601 0.0535233
-1.98124 0.74471 0.00241218
-1.93194 0.745606 0.018191
-1.88717 0.746726 0.0250041
-1.84558 0.748098 0.032974
-1.80253 0.748655 0.0129309
-1.77084 0.748828 0.00547561
-1.72175 0.747279 -0.0315475
-1.67176 0.747152 -0.00254235
-1.6238 0.74784 0.0143503
-1.57553 0.747139 -0.0145205
-1.52611 0.74631 -0.0167836
-1.48934 0.746631 0.00872976
-1.43939 0.745386 -0.0249199
-1.40079 0.745295 -0.00234548
-1.37607 0.745775 0.0193921
-1.3264 0.748134 0.0474673
-1.2923 0.750062 0.0564749
-1.24282 0.755694 0.11335
-1.19802 0.758234 0.0566291
-1.14819 0.762119 0.0777977
-1.10154 0.765586 0.0741876
-1.06127 0.767278 0.0419836
-1.01749 0.769151 0.0427589
-0.968311 0.770791 0.0333308
-0.920726 0.773079 0.0480412
-0.876636 0.775683 0.0590046
-0.829794 0.778775 0.0659188
-0.780084 0.784131 0.107323
-0.73238 0.787187 0.0639836
-0.682692 0.791056 0.0776974
-0.634333 0.797342 0.129261
-0.586147 0.802516 0.106961
-0.53966 0.810667 0.173576
-0.490066 0.816163 0.110373
-0.445868 0.822827 0.149655
-0.39739 0.829522 0.137227
-0.34807 0.835955 0.129719
-0.298525 0.841834 0.118097
-0.252862 0.845792 0.0864557
-0.223945 0.84881 0.103988
-0.177577 0.854209 0.115932
-0.128666 0.856091 0.0384533
-0.0790532 0.861247 0.103543
-0.0316761 0.865749 0.0947543
0.018175 0.869359 0.0722812
0.0642123 0.873183 0.0828776
0.104904 0.875665 0.0609229
0.144009 0.879332 0.0935017
0.187543 0.883174 0.0880187
0.236899 0.887388 0.0851786
0.28495 0.891359 0.082445
0.329888 0.893291 0.0429675
0.377932 0.895195 0.0396058
0.426645 0.897135 0.0398173
0.472637 0.900548 0.0740627
0.518575 0.90268 0.0463854
0.568204 0.908315 0.113054
0.615047 0.914504 0.131369
0.663395 0.92231 0.160068
0.706649 0.926675 0.100578
0.746082 0.931392 0.119053
0.795803 0.936452 0.101411
0.836053 0.938719 0.0562571
0.876095 0.943022 0.107054
0.92461 0.947659 0.0953009
0.967748 0.949798 0.0495497
1.01651 0.954268 0.0913971
1.06433 0.959464 0.108236
1.11336 0.963229 0.0766361
1.16176 0.967244 0.0827741
1.21151 0.971002 0.07539
1.25893 0.974566 0.0750242
1.2933 0.978132 0.103362
1.34304 0.980719 0.0519808
1.39285 0.982683 0.0393979
1.44242 0.986739 0.0816517
1.49157 0.988693 0.0397259
1.54148 0.99115 0.0491938
1.58994 0.992253 0.0227456
1.63686 0.992602 0.00743899
1.68686 0.992781 0.00359146
1.73183 0.993567 0.0174617
1.77537 0.99401 0.0101797
1.82045 0.99569 0.0372435
1.86313 0.997263 0.0368492
1.90998 0.998924 0.0354396
1.95953 1.00222 0.0663536
2.0011 1.00456 0.0562063
2.05106 1.0052 0.0129151
2.09921 1.00813 0.0608306
2.14072 1.00795 -0.00452656
2.19045 1.00865 0.0142358
2.22615 1.0083 -0.00982361
2.27612 1.01001 0.0341591
2.32262 1.00985 -0.00345496
2.37037 1.00945 -0.00843206
2.41348 1.01086 0.0328512
2.46078 1.01302 0.0454861
2.51062 1.01681 0.0760122
2.55524 1.01937 0.0573423
2.60461 1.02058 0.0243944
2.65343 1.02219 0.0330101
2.70124 1.02692 0.0986515
2.75103 1.03047 0.0711136
2.78852 1.03361 0.0836627
2.83771 1.04255 0.179784
2.88696 1.05071 0.164234
2.93296 1.05901 0.178353
2.97381 1.06679 0.188142
3.02167 1.07725 0.215238
3.06829 1.08601 0.185775
3.1117 1.0942 0.186503
3.1582 1.10209 0.16815
3.20159 1.10935 0.165759
3.24409 1.11583 0.1511
3.28892 1.1225 0.147733
3.33109 1.12958 0.166485
3.37999 1.13888 0.187862
3.42726 1.1479 0.188527
3.47477 1.15779 0.205256
3.50578 1.16461 0.216508
3.54388 1.17322 0.222235
3.58355 1.17968 0.161417
3.62802 1.18714 0.166185
3.66404 1.19275 0.15465
3.68597 1.19629 0.159693
3.72309 1.20235 0.161864
3.76273 1.20843 0.15221
3.78962 1.21325 0.177319
3.82646 1.21985 0.177343
3.87544 1.2287 0.178751
3.91085 1.23402 0.14923
3.95823 1.24068 0.139667
3.99887 1.24767 0.170164
4.04083 1.25344 0.13685
4.07931 1.25626 0.0731428
4.09301 1.25601 -0.018318
4.11773 1.2554 -0.0248193
4.15435 1.25702 0.0441357
4.19285 1.2589 0.0489091
4.22643 1.26063 0.0513566
4.25301 1.26235 0.0649209
4.28529 1.26272 0.0112748
4.32047 1.26305 0.00938694
4.33789 1.26301 -0.00244481
4.35567 1.26328 0.0153582
4.37616 1.26327 -0.000571139
4.40628 1.26342 0.00512449
4.43236 1.26232 -0.0423694
4.45109 1.26221 -0.00567241
4.46252 1.26163 -0.050609
4.47935 1.26047 -0.0686992
4.51716 1.25895 -0.0403085
4.54794 1.25867 -0.00899298
4.57322 1.25845 -0.00881562
4.59399 1.25877 0.0152852
4.61372 1.25932 0.0281596
4.64255 1.26119 0.0646414
4.65639 1.26235 0.0836798
4.68936 1.26505 0.0817085
4.72186 1.26654 0.0459171
4.75232 1.26725 0.0231243
4.77759 1.26864 0.0551908
4.80139 1.27077 0.0890738
4.83963 1.27212 0.0352805
4.87073 1.2722 0.0026118
4.89542 1.27205 -0.00600587
4.91531 1.27294 0.0444661
4.94045 1.27311 0.00713746
4.96257 1.27322 0.00457203
4.98077 1.27378 0.0309436
4.99963 1.2748 0.0540677
5.00628 1.27524 0.0665076
5.02872 1.27621 0.0429151
5.04959 1.27703 0.0395023
5.06144 1.27754 0.0427059
5.07052 1.27802 0.0534202
5.07727 1.27838 0.0529571
5.09993 1.27961 0.0543083
5.11256 1.28029 0.0539506
5.11715 1.28065 0.0769129
5.14054 1.28384 0.135595
5.16572 1.28728 0.13568
5.17623 1.28937 0.196611
5.17661 1.28946 0.237449
5.18138 1.29052 0.218491
5.1958 1.2942 0.24948
5.2028 1.29606 0.259654
5.20754 1.29729 0.255415
True
0.264352
