-5.45745 -0.148985 -0.133596
-5.41806 -0.15382 -0.122132
-5.37275 -0.158395 -0.100651
-5.32289 -0.160864 -0.0494601
-5.2733 -0.164609 -0.0753877
-5.22524 -0.171525 -0.142921
-5.176 -0.180196 -0.174314
-5.14549 -0.18465 -0.144913
-5.09606 -0.190086 -0.109549
-5.05607 -0.195628 -0.137705
-5.00725 -0.203622 -0.162287
-4.96114 -0.21081 -0.154648
-4.91169 -0.218083 -0.146041
-4.86274 -0.227784 -0.195649
-4.8136 -0.236902 -0.183461
-4.77117 -0.246459 -0.221562
-4.7232 -0.257216 -0.220568
-4.67883 -0.26549 -0.184356
-4.63094 -0.273446 -0.164633
-4.58557 -0.281173 -0.168709
-4.53743 -0.290381 -0.188981
-4.48909 -0.300834 -0.212947
-4.44217 -0.312884 -0.251401
-4.39867 -0.324844 -0.268307
-4.3564 -0.336388 -0.266625
-4.30816 -0.348585 -0.247642
-4.26062 -0.361939 -0.273858
-4.21956 -0.374915 -0.306096
-4.17116 -0.387436 -0.253146
-4.12545 -0.402568 -0.31968
-4.08867 -0.417728 -0.390987
-4.04461 -0.43502 -0.373993
-4.00413 -0.449465 -0.342706
-3.97225 -0.460135 -0.323014
-3.92786 -0.476476 -0.352696
-3.88436 -0.494524 -0.393313
-3.83902 -0.511849 -0.364964
-3.79702 -0.529207 -0.391973
-3.75161 -0.550122 -0.431585
-3.70891 -0.570872 -0.452299
-3.66364 -0.592098 -0.438476
-3.63348 -0.607728 -0.478156
-3.5932 -0.626302 -0.432052
-3.55753 -0.642305 -0.42169
-3.51153 -0.661833 -0.401482
-3.46512 -0.679567 -0.365
-3.42407 -0.698708 -0.436306
-3.3784 -0.718763 -0.413799
-3.33987 -0.737298 -0.448338
-3.30137 -0.754164 -0.412917
-3.25824 -0.773589 -0.42314
-3.21436 -0.794144 -0.438073
-3.17884 -0.811336 -0.450765
-3.13516 -0.830618 -0.415758
-3.0922 -0.851749 -0.457082
-3.04798 -0.873276 -0.453062
-3.01836 -0.888849 -0.484086
-2.97305 -0.909987 -0.436488
-2.92801 -0.929025 -0.399965
-2.88386 -0.947821 -0.402434
-2.84142 -0.966784 -0.42018
-2.79688 -0.985563 -0.399041
-2.76009 -1.00012 -0.376795
-2.72185 -1.01379 -0.343235
-2.6758 -1.03158 -0.368758
-2.63303 -1.04891 -0.384922
-2.59414 -1.06521 -0.39698
-2.54827 -1.08263 -0.362813
-2.50358 -1.10217 -0.412239
-2.46731 -1.11824 -0.417132
-2.42756 -1.13704 -0.441715
-2.38764 -1.1563 -0.44952
-2.34236 -1.17722 -0.432803
-2.30179 -1.19476 -0.408166
-2.2574 -1.21459 -0.419941
-2.21204 -1.23561 -0.434093
-2.16638 -1.25558 -0.412282
-2.13288 -1.26965 -0.397476
-2.08777 -1.28884 -0.402192
-2.04107 -1.30541 -0.340982
-1.99812 -1.31839 -0.293621
-1.95891 -1.32885 -0.260493
-1.92392 -1.33721 -0.234743
-1.87518 -1.34758 -0.209515
-1.82889 -1.35762 -0.213625
-1.78048 -1.36685 -0.188321
-1.73377 -1.37469 -0.16639
-1.68538 -1.38729 -0.254772
-1.64241 -1.39564 -0.191837
-1.59836 -1.40281 -0.161429
-1.55122 -1.40844 -0.118783
-1.50255 -1.41346 -0.102914
-1.45272 -1.41692 -0.0691801
-1.40512 -1.42092 -0.0840194
-1.36223 -1.42405 -0.0727456
-1.31438 -1.42658 -0.0527576
-1.26443 -1.42859 -0.0401822
-1.22473 -1.42946 -0.0219468
-1.18711 -1.43123 -0.0470414
-1.14485 -1.43374 -0.0594047
-1.09886 -1.43399 -0.00532006
-1.05034 -1.43222 0.0364238
-1.00191 -1.43225 -0.000571929
-0.951985 -1.4311 0.0228814
-0.905479 -1.43191 -0.01731
-0.859847 -1.43216 -0.0055
-0.810989 -1.43247 -0.00634032
-0.776104 -1.4319 0.0162977
-0.729502 -1.42989 0.0430772
-0.680183 -1.42668 0.0651039
-0.644029 -1.42426 0.0668097
-0.599139 -1.42125 0.066791
-0.559161 -1.41894 0.0578959
-0.51616 -1.41578 0.0732246
-0.466988 -1.41298 0.0569437
-0.417959 -1.41278 0.00413124
-0.379474 -1.41248 0.00762482
-0.334213 -1.41002 0.0543209
-0.289417 -1.4082 0.0406757
-0.242448 -1.40834 -0.00306416
-0.194679 -1.40741 0.0194402
-0.144724 -1.40818 -0.0152734
-0.108017 -1.41043 -0.0614206
-0.0580942 -1.41053 -0.00193596
-0.0144415 -1.40914 0.0319728
0.0293887 -1.40748 0.0377831
0.075502 -1.40628 0.0259
0.113956 -1.40759 -0.0339761
0.163183 -1.40899 -0.0284479
0.213173 -1.40956 -0.0112711
0.262102 -1.41127 -0.0350701
0.311591 -1.41406 -0.056295
0.361348 -1.41626 -0.0441036
0.410239 -1.41873 -0.0504655
0.459723 -1.422 -0.0661365
0.500214 -1.42389 -0.0464779
0.541866 -1.4251 -0.0290109
0.591521 -1.42661 -0.030496
0.63461 -1.42646 0.00344079
0.679796 -1.42755 -0.0240046
0.727567 -1.42701 0.0112095
0.773823 -1.42822 -0.0260598
0.823256 -1.42981 -0.0322318
0.868944 -1.42907 0.0161382
0.918852 -1.43077 -0.0339735
0.967522 -1.43298 -0.0453525
1.01482 -1.43288 0.00205446
1.05348 -1.43036 0.0650476
1.10054 -1.42774 0.0556402
1.14525 -1.42614 0.0357371
1.1857 -1.42246 0.090715
1.23427 -1.42183 0.0130187
1.27436 -1.4205 0.0331494
1.31583 -1.4203 0.00484458
1.36578 -1.42039 -0.00180915
1.41115 -1.42047 -0.00167504
1.46103 -1.42178 -0.0262773
1.49772 -1.42219 -0.0112384
1.54693 -1.42157 0.0126574
1.59173 -1.42184 -0.00597632
1.64022 -1.42364 -0.0372124
1.69019 -1.42459 -0.0190627
1.73974 -1.42645 -0.0373847
1.78968 -1.42754 -0.0219799
1.83807 -1.42672 0.01704
1.88806 -1.42713 -0.0081902
1.93524 -1.42978 -0.0561294
1.97886 -1.43287 -0.0707587
2.02007 -1.43671 -0.0928833
2.06817 -1.44181 -0.105688
2.11456 -1.4447 -0.0620774
2.16373 -1.44941 -0.0955655
2.20885 -1.45143 -0.0448218
2.25128 -1.45217 -0.0174214
2.29888 -1.45311 -0.0196072
2.34867 -1.45477 -0.0334754
2.39459 -1.45666 -0.04096
2.44455 -1.45695 -0.00595061
2.48833 -1.45836 -0.0320947
2.52945 -1.45998 -0.0393397
2.57715 -1.46517 -0.108486
2.62678 -1.46795 -0.055982
2.67608 -1.47085 -0.0586177
2.71993 -1.47304 -0.0500501
2.76402 -1.47304 7.99298e-05
2.81226 -1.4712 0.038031
2.86137 -1.46873 0.0504287
2.90937 -1.46844 0.00598502
2.94555 -1.46892 -0.0131689
2.98235 -1.46901 -0.00269734
3.03174 -1.4696 -0.011945
3.07014 -1.46945 0.00395785
3.11653 -1.46834 0.0239136
3.16518 -1.4666 0.0358375
3.21003 -1.46462 0.0440123
3.25304 -1.46361 0.0235991
3.29415 -1.46291 0.0169451
3.34283 -1.46483 -0.0393167
3.38826 -1.46567 -0.0185274
3.42592 -1.46654 -0.0231319
3.47409 -1.47011 -0.0740722
3.51503 -1.4749 -0.116493
3.56019 -1.47743 -0.0558787
3.60603 -1.47897 -0.0335104
3.65255 -1.47882 0.0030699
3.69684 -1.47816 0.0150106
3.73647 -1.47899 -0.0210331
3.76436 -1.47963 -0.0228148
3.78126 -1.48054 -0.0534862
3.81464 -1.48173 -0.0357397
3.85589 -1.4837 -0.0476525
3.87449 -1.48445 -0.0403027
3.90573 -1.48544 -0.0318241
3.93869 -1.48665 -0.0366439
3.97928 -1.48814 -0.0366394
4.02227 -1.48895 -0.0189363
4.06816 -1.48972 -0.0168206
4.11389 -1.48939 0.00732692
4.15804 -1.4902 -0.0185044
4.18995 -1.48985 0.0111363
4.22604 -1.48926 0.0162703
4.25901 -1.48673 0.0765225
4.26377 -1.48629 0.0933836
4.26851 -1.48599 0.0629959
4.28776 -1.48491 0.056246
4.30245 -1.48469 0.0149864
4.32232 -1.48455 0.00682067
4.3345 -1.48495 -0.0331009
4.34264 -1.48531 -0.0443715
4.36975 -1.48692 -0.0591264
4.41387 -1.48856 -0.0370944
4.45226 -1.48971 -0.0299075
4.49041 -1.49007 -0.00959886
4.52053 -1.49024 -0.00542127
4.54072 -1.49071 -0.0237161
4.55896 -1.49197 -0.0686793
4.58508 -1.49429 -0.0888022
4.61356 -1.49748 -0.111438
4.63081 -1.49962 -0.123418
4.65088 -1.50251 -0.142969
4.66719 -1.50551 -0.181547
4.67998 -1.50721 -0.132436
4.69543 -1.50878 -0.101363
4.72086 -1.51061 -0.0719315
4.73947 -1.51062 -0.000235081
4.75719 -1.51011 0.0283376
4.77458 -1.50926 0.0491795
4.77969 -1.50894 0.0618421
4.80893 -1.50704 0.0650747
4.82715 -1.50611 0.0508879
4.84919 -1.50543 0.030623
4.85885 -1.50545 -0.00227658
4.87632 -1.5061 -0.0366821
4.90689 -1.50847 -0.0775899
4.93193 -1.51136 -0.114772
4.95944 -1.51458 -0.116615
4.9751 -1.51641 -0.116325
4.98457 -1.517 -0.062544
4.99954 -1.51732 -0.0208336
5.01894 -1.51661 0.0364079
5.03958 -1.51539 0.0589182
5.05042 -1.5146 0.0729822
5.0496 -1.51468 0.0922845
5.0547 -1.51435 0.0636101
5.05335 -1.51446 0.0812729
5.06864 -1.51239 0.134431
5.08958 -1.50796 0.208643
5.09246 -1.50753 0.148787
5.0979 -1.50676 0.139433
5.11671 -1.50397 0.147282
5.12765 -1.50201 0.177457
5.13051 -1.50127 0.253577
5.13793 -1.49926 0.263979
5.14133 -1.49845 0.234419
5.15124 -1.49641 0.203387
5.16585 -1.49437 0.138608
5.17701 -1.49297 0.125208
5.18986 -1.49237 0.0466989
5.18632 -1.4922 -0.0460244
5.19281 -1.49285 -0.0996817
5.20357 -1.49366 -0.0748396
True
0.238071
