-5.4847 0.546076 -0.168178
-5.47182 0.543643 -0.186704
-5.42453 0.533055 -0.220258
-5.37785 0.523178 -0.208503
-5.32977 0.512641 -0.215728
-5.28085 0.50318 -0.191059
-5.24122 0.494912 -0.205685
-5.19772 0.486169 -0.198335
-5.15186 0.477668 -0.183278
-5.10258 0.469237 -0.169441
-5.05734 0.461821 -0.162477
-5.00804 0.453915 -0.159043
-4.95855 0.447636 -0.126178
-4.90954 0.442904 -0.0962501
-4.8599 0.436988 -0.11862
-4.8106 0.429822 -0.144354
-4.76403 0.423205 -0.141152
-4.72836 0.418737 -0.124593
-4.68053 0.410658 -0.167336
-4.63123 0.402335 -0.167247
-4.58243 0.391648 -0.215593
-4.54328 0.384026 -0.192285
-4.50191 0.375489 -0.203499
-4.45294 0.365871 -0.193945
-4.4137 0.35811 -0.195242
-4.36893 0.350175 -0.175439
-4.32526 0.343903 -0.142617
-4.2802 0.337992 -0.130464
-4.23116 0.330369 -0.154191
-4.18154 0.324565 -0.116451
-4.13504 0.317419 -0.15248
-4.09437 0.311345 -0.148238
-4.05547 0.304231 -0.180887
-4.01301 0.294961 -0.214952
-3.96408 0.286276 -0.175682
-3.91527 0.276803 -0.191702
-3.88112 0.269458 -0.211841
-3.83338 0.26123 -0.170687
-3.79384 0.254807 -0.161044
-3.74667 0.248309 -0.136869
-3.69712 0.242186 -0.122946
-3.65118 0.235662 -0.14108
-3.60207 0.230279 -0.109183
-3.55399 0.22569 -0.0951458
-3.50461 0.222532 -0.0638542
-3.45502 0.217096 -0.109198
-3.40806 0.212979 -0.0874566
-3.3605 0.210282 -0.0566436
-3.31084 0.205321 -0.0995659
-3.26744 0.200628 -0.107724
-3.22228 0.195525 -0.112511
-3.17319 0.187154 -0.168905
-3.12452 0.179346 -0.159069
-3.08007 0.171188 -0.181491
-3.03962 0.163465 -0.188643
-2.99134 0.154585 -0.181914
-2.94735 0.145909 -0.194727
-2.89877 0.136204 -0.197185
-2.84938 0.128668 -0.15141
-2.80248 0.120901 -0.164114
-2.76143 0.115661 -0.126985
-2.72496 0.110556 -0.139064
-2.6756 0.103233 -0.147254
-2.62661 0.0989993 -0.0862177
-2.5845 0.0947458 -0.100675
-2.53582 0.0897217 -0.102837
-2.49093 0.0853303 -0.09751
-2.44232 0.0810095 -0.0886643
-2.39431 0.0752079 -0.120261
-2.34477 0.0714136 -0.0764421
-2.2971 0.066645 -0.0996865
-2.24847 0.0601156 -0.133473
-2.20109 0.0526466 -0.156351
-2.15299 0.0453983 -0.149559
-2.10672 0.0373675 -0.171859
-2.05768 0.0286609 -0.175714
-2.00838 0.0230848 -0.112631
-1.95951 0.0159839 -0.144298
-1.9138 0.00975925 -0.135347
-1.86834 0.00359188 -0.134833
-1.81883 -0.00328141 -0.137951
-1.77941 -0.00758439 -0.108722
-1.73123 -0.0139638 -0.131646
-1.68161 -0.0195717 -0.112544
-1.64212 -0.0242658 -0.118314
-1.59251 -0.0292981 -0.10109
-1.55248 -0.0350447 -0.142562
-1.50324 -0.0433187 -0.166487
-1.45822 -0.0492417 -0.130816
-1.4105 -0.0546764 -0.113396
-1.36415 -0.0602265 -0.119171
-1.31644 -0.0672038 -0.145205
-1.27343 -0.0730745 -0.135684
-1.22885 -0.0775433 -0.0999066
-1.17917 -0.0828412 -0.106231
-1.13444 -0.0878832 -0.112246
-1.08495 -0.0923148 -0.0892997
-1.03591 -0.0975125 -0.105595
-0.991097 -0.103052 -0.123013
-0.94244 -0.110731 -0.156528
-0.894178 -0.117512 -0.139571
-0.849177 -0.123228 -0.126354
-0.800215 -0.131992 -0.177115
-0.754019 -0.139496 -0.161045
-0.707483 -0.145538 -0.129109
-0.658047 -0.153009 -0.149975
-0.619244 -0.156421 -0.0877123
-0.579869 -0.159647 -0.0817525
-0.530532 -0.166207 -0.132187
-0.481446 -0.169804 -0.0731476
-0.434092 -0.174545 -0.0997779
-0.386611 -0.178266 -0.0782122
-0.346139 -0.181135 -0.0707826
-0.297601 -0.183814 -0.0551311
-0.248193 -0.186453 -0.0533573
-0.203514 -0.190616 -0.0929079
-0.153826 -0.19597 -0.107335
-0.10457 -0.2039 -0.159637
-0.0665547 -0.208657 -0.124485
-0.0297376 -0.214217 -0.149884
0.0193099 -0.223614 -0.189295
0.0668198 -0.23478 -0.230842
0.11466 -0.244284 -0.196108
0.158793 -0.252196 -0.17738
0.198181 -0.259029 -0.171771
0.2477 -0.265402 -0.12799
0.291561 -0.271788 -0.144588
0.340087 -0.27695 -0.105974
0.386776 -0.282702 -0.122584
0.434211 -0.290796 -0.169014
0.482982 -0.29996 -0.185734
0.527733 -0.308948 -0.198204
0.574486 -0.319776 -0.227578
0.620358 -0.330072 -0.220794
0.661438 -0.340074 -0.238836
0.692946 -0.347354 -0.227058
0.739222 -0.358961 -0.245749
0.78769 -0.369729 -0.21862
0.835545 -0.379458 -0.200565
0.874368 -0.385097 -0.144238
0.916979 -0.392655 -0.175555
0.963766 -0.401392 -0.184606
1.01164 -0.409708 -0.171985
1.05897 -0.41707 -0.154324
1.10791 -0.425864 -0.177802
1.15469 -0.436525 -0.224051
1.20275 -0.447862 -0.231674
1.24695 -0.45869 -0.240217
1.29553 -0.470525 -0.238969
1.33416 -0.47997 -0.239796
1.38257 -0.490662 -0.217394
1.42144 -0.498284 -0.193641
1.47012 -0.50949 -0.226243
1.51069 -0.517471 -0.194222
1.55913 -0.529614 -0.245622
1.60709 -0.538224 -0.177626
1.65572 -0.548012 -0.198648
1.69986 -0.555215 -0.161738
1.74854 -0.566658 -0.230918
1.79338 -0.57365 -0.154655
1.82899 -0.58102 -0.204098
1.8774 -0.592867 -0.239998
1.92489 -0.603608 -0.222445
1.97037 -0.613575 -0.215747
2.01932 -0.623618 -0.202339
2.06585 -0.635861 -0.257321
2.10998 -0.649022 -0.289801
2.1581 -0.662042 -0.264286
2.20178 -0.673215 -0.250398
2.24892 -0.68462 -0.237371
2.29652 -0.699109 -0.295469
2.3307 -0.709084 -0.283946
2.37871 -0.722933 -0.280849
2.42691 -0.735167 -0.248557
2.47228 -0.745501 -0.223946
2.51484 -0.755847 -0.23849
2.56378 -0.766045 -0.20543
2.60877 -0.775118 -0.199004
2.65711 -0.78419 -0.185503
2.70633 -0.79299 -0.176912
2.74023 -0.79866 -0.165735
2.78591 -0.806 -0.159334
2.82731 -0.811825 -0.139781
2.87015 -0.816176 -0.101222
2.91528 -0.820873 -0.1037
2.95629 -0.825359 -0.10896
3.0043 -0.832813 -0.154025
3.04134 -0.837638 -0.129545
3.08804 -0.844633 -0.148664
3.13024 -0.850903 -0.147496
3.17038 -0.858031 -0.175775
3.21609 -0.86553 -0.162603
3.26114 -0.872603 -0.155723
3.28116 -0.875892 -0.162836
3.31877 -0.883006 -0.186965
3.35799 -0.891048 -0.202231
3.39061 -0.896697 -0.171484
3.41807 -0.901792 -0.183449
3.45642 -0.909504 -0.198467
3.47819 -0.9145 -0.225572
3.50694 -0.921144 -0.227095
3.55112 -0.931183 -0.223404
3.57732 -0.937119 -0.22288
3.61996 -0.945711 -0.198819
3.64803 -0.950153 -0.156941
3.68719 -0.957214 -0.178379
3.71749 -0.962197 -0.163023
3.75635 -0.967154 -0.126869
3.79008 -0.971314 -0.122705
3.83114 -0.976852 -0.13409
3.873 -0.981866 -0.11921
3.90511 -0.985644 -0.117079
3.92817 -0.988851 -0.138215
3.9491 -0.991606 -0.13093
3.97776 -0.995061 -0.119936
4.00323 -0.996767 -0.0668689
4.0246 -0.998921 -0.100477
4.05399 -1.00121 -0.0778085
4.07879 -1.00344 -0.0895392
4.1077 -1.0046 -0.040091
4.13419 -1.00566 -0.0401595
4.14995 -1.00648 -0.0518297
4.17634 -1.00848 -0.0755638
4.18757 -1.0092 -0.064382
4.21724 -1.01187 -0.0897791
4.23204 -1.01326 -0.0932383
4.24658 -1.01503 -0.121032
4.2596 -1.01682 -0.137248
4.26668 -1.01774 -0.128559
4.28549 -1.01946 -0.0913635
4.30577 -1.02125 -0.0878642
4.31854 -1.02154 -0.0227429
4.33486 -1.02207 -0.0328027
4.35611 -1.02296 -0.041614
4.39177 -1.02678 -0.106845
4.41729 -1.02843 -0.0645781
4.4206 -1.02868 -0.0756072
4.43346 -1.03021 -0.118155
4.45689 -1.03214 -0.0821438
4.482 -1.03356 -0.0566678
4.50428 -1.03508 -0.0676702
4.53242 -1.03703 -0.0692333
4.5615 -1.03853 -0.0516313
4.58794 -1.03984 -0.0494081
4.59503 -1.03992 -0.0118302
4.60413 -1.04023 -0.034281
4.61624 -1.04115 -0.0759215
4.62756 -1.04219 -0.0913721
4.64489 -1.04445 -0.129471
4.66557 -1.04617 -0.0830507
4.68576 -1.04749 -0.0652643
4.70658 -1.04937 -0.0901177
4.73269 -1.05248 -0.118535
4.74854 -1.054 -0.0954608
4.77836 -1.05829 -0.143086
4.79843 -1.06097 -0.132773
4.82144 -1.06439 -0.147574
4.83127 -1.06566 -0.127838
4.84729 -1.06642 -0.047375
4.85819 -1.06742 -0.091867
4.86695 -1.06856 -0.129001
4.88227 -1.07072 -0.140181
4.89282 -1.07221 -0.140115
4.90666 -1.07386 -0.118533
4.92556 -1.07599 -0.112524
4.94599 -1.07721 -0.0593398
4.97085 -1.07951 -0.0925488
4.98223 -1.08082 -0.11443
4.99571 -1.08311 -0.16805
5.00436 -1.08516 -0.232579
5.01103 -1.08711 -0.285099
5.02097 -1.09104 -0.376021
5.02988 -1.095 -0.418441
5.04185 -1.10026 -0.414067
5.04516 -1.10164 -0.396046
5.06356 -1.10848 -0.355694
5.07168 -1.11114 -0.317148
5.09241 -1.1188 -0.353766
5.10542 -1.12315 -0.322529
5.11584 -1.12681 -0.338077
5.12949 -1.13197 -0.361734
5.13016 -1.13224 -0.373611
5.12679 -1.13075 -0.416783
5.13181 -1.1331 -0.438919
5.13791 -1.13556 -0.383364
5.1446 -1.13804 -0.354843
5.15786 -1.14287 -0.349244
5.16432 -1.14509 -0.331338
5.17828 -1.15051 -0.370122
5.17912 -1.15082 -0.358634
5.18499 -1.15271 -0.311364
5.20477 -1.15799 -0.260647
5.21743 -1.16122 -0.249673
True
0.264021
