-5.47496 -1.853 0.166662
-5.43668 -1.84745 0.144084
-5.39527 -1.84121 0.149501
-5.3465 -1.8302 0.222101
-5.2972 -1.82185 0.167836
-5.24839 -1.81105 0.217694
-5.20063 -1.80078 0.211685
-5.15178 -1.79068 0.203955
-5.10346 -1.77825 0.251798
-5.06181 -1.76902 0.218098
-5.01345 -1.75633 0.256575
-4.96529 -1.74564 0.218473
-4.91749 -1.73342 0.250368
-4.87047 -1.71989 0.280121
-4.82787 -1.7083 0.265629
-4.78281 -1.69614 0.263544
-4.74574 -1.68601 0.266714
-4.69764 -1.67241 0.275542
-4.6493 -1.65974 0.256434
-4.60202 -1.6472 0.259217
-4.55399 -1.63458 0.25702
-4.50628 -1.61962 0.303801
-4.45892 -1.6037 0.324194
-4.41341 -1.58481 0.393432
-4.36741 -1.5669 0.371348
-4.32201 -1.54938 0.368397
-4.28079 -1.53395 0.358107
-4.23456 -1.51665 0.358149
-4.18722 -1.5006 0.326773
-4.14013 -1.48545 0.311341
-4.09444 -1.47163 0.293725
-4.04764 -1.45517 0.338252
-4.00014 -1.4396 0.316728
-3.9533 -1.42293 0.34185
-3.90599 -1.40684 0.327801
-3.86341 -1.3905 0.36643
-3.82259 -1.37169 0.431806
-3.77784 -1.35183 0.417705
-3.73275 -1.33196 0.415054
-3.69222 -1.31328 0.431941
-3.64715 -1.29172 0.446092
-3.61306 -1.27623 0.426584
-3.5752 -1.25568 0.497372
-3.54918 -1.24049 0.528318
-3.5127 -1.21889 0.534476
-3.47109 -1.19127 0.586047
-3.42823 -1.1675 0.506433
-3.385 -1.14264 0.521864
-3.36068 -1.13015 0.47438
-3.31773 -1.10558 0.519671
-3.28023 -1.08451 0.511797
-3.23828 -1.05833 0.557972
-3.19622 -1.03197 0.559706
-3.15391 -1.00541 0.560752
-3.11956 -0.984839 0.539457
-3.07747 -0.957851 0.570162
-3.0354 -0.930976 0.568513
-2.99701 -0.905172 0.591745
-2.96937 -0.884216 0.648779
-2.9306 -0.857291 0.607064
-2.89335 -0.833316 0.571854
-2.85297 -0.807797 0.563612
-2.81115 -0.781874 0.5549
-2.76868 -0.755994 0.547244
-2.72706 -0.728295 0.587201
-2.68645 -0.700033 0.608047
-2.64736 -0.673057 0.604081
-2.61061 -0.648628 0.586578
-2.57696 -0.625442 0.603371
-2.54353 -0.602256 0.606395
-2.50404 -0.575448 0.596418
-2.46514 -0.54835 0.60842
-2.42354 -0.520639 0.587584
-2.38103 -0.494315 0.55445
-2.34275 -0.469534 0.574578
-2.30255 -0.446587 0.518648
-2.25995 -0.421667 0.529277
-2.21932 -0.398373 0.520646
-2.17923 -0.375018 0.527475
-2.13518 -0.351426 0.491657
-2.09299 -0.330484 0.460753
-2.05032 -0.308121 0.482791
-2.00767 -0.285826 0.481619
-1.96247 -0.266158 0.410459
-1.91835 -0.248362 0.383358
-1.87637 -0.234421 0.320653
-1.84015 -0.223309 0.297677
-1.79286 -0.210651 0.261524
-1.74646 -0.198471 0.256728
-1.69799 -0.186586 0.240421
-1.64945 -0.174935 0.23559
-1.60783 -0.167039 0.187489
-1.56063 -0.15696 0.210393
-1.52675 -0.148732 0.238233
-1.48151 -0.139586 0.199493
-1.43536 -0.131918 0.164654
-1.39182 -0.124201 0.175409
-1.3435 -0.114187 0.204347
-1.30704 -0.107055 0.193172
-1.27627 -0.0998499 0.229992
-1.22745 -0.0891359 0.216053
-1.18055 -0.0797404 0.197719
-1.13427 -0.0697003 0.213608
-1.08504 -0.0611719 0.171525
-1.0409 -0.0525134 0.193697
-0.999171 -0.0447469 0.184032
-0.963201 -0.0400823 0.128959
-0.929134 -0.0352391 0.141221
-0.895359 -0.030977 0.125526
-0.846718 -0.0229266 0.164022
-0.797207 -0.0160004 0.13899
-0.747879 -0.007841 0.163927
-0.698686 0.00039813 0.165945
-0.65783 0.0053188 0.119862
-0.613574 0.0112987 0.134307
-0.565088 0.0166757 0.110447
-0.516491 0.0233536 0.136558
-0.471588 0.02901 0.12531
-0.421827 0.0333913 0.0878208
-0.373122 0.0373043 0.0801694
-0.32566 0.0417346 0.0930732
-0.277708 0.0444212 0.0559688
-0.227838 0.0456606 0.0248481
-0.178673 0.047549 0.0383897
-0.134949 0.0469368 -0.014001
-0.0850096 0.0493653 0.0485907
-0.0351582 0.0507504 0.0277782
0.0113704 0.050802 0.00110816
0.0587646 0.0503982 -0.00851844
0.0946506 0.0492269 -0.032629
0.131617 0.0478685 -0.0367293
0.180556 0.0482399 0.00758788
0.227551 0.0511477 0.0617956
0.276978 0.0526603 0.030594
0.326384 0.0546295 0.0398353
0.374697 0.0556833 0.0218087
0.420209 0.0583544 0.058624
0.470169 0.0602822 0.0385662
0.519903 0.062359 0.041735
0.568726 0.0628757 0.0105823
0.596834 0.062311 -0.0200869
0.641369 0.062321 0.000223683
0.688719 0.0629086 0.0124098
0.738548 0.0635275 0.0124201
0.785438 0.0656961 0.0462161
0.831249 0.0676928 0.0435576
0.878054 0.068104 0.0087848
0.927174 0.0705079 0.0489009
0.969329 0.0725814 0.0491475
1.01809 0.0726015 0.000412758
1.06752 0.0741904 0.0321378
1.11747 0.0761661 0.0395255
1.16698 0.0787791 0.0527283
1.21394 0.0827048 0.0834096
1.26072 0.0872442 0.0967335
1.30081 0.0902735 0.0754159
1.33639 0.0951809 0.137054
1.38544 0.0998777 0.0954803
1.43499 0.104027 0.0835522
1.48416 0.107402 0.0685097
1.53009 0.11151 0.0892019
1.57648 0.116646 0.110284
1.62411 0.123498 0.14287
1.654 0.128752 0.174011
1.70175 0.136169 0.154096
1.74939 0.143042 0.143274
1.78918 0.15223 0.226962
1.8358 0.161919 0.204902
1.88413 0.174401 0.252745
1.92614 0.18296 0.200976
1.96408 0.19075 0.202505
2.00617 0.199369 0.201975
2.05469 0.210051 0.216717
2.09957 0.220374 0.226061
2.13898 0.230129 0.242679
2.18713 0.242831 0.257933
2.23241 0.254273 0.247517
2.27959 0.266337 0.250333
2.32347 0.276703 0.231963
2.36524 0.286549 0.231488
2.40688 0.295901 0.220909
2.44741 0.306776 0.262187
2.48404 0.31605 0.247951
2.53238 0.326706 0.216966
2.57539 0.337903 0.254711
2.61823 0.350907 0.294716
2.65781 0.363646 0.311351
2.70041 0.376422 0.291397
2.74487 0.390813 0.313018
2.78565 0.405191 0.338997
2.8268 0.418783 0.318968
2.87172 0.434174 0.330121
2.91457 0.447882 0.309643
2.9529 0.459358 0.290852
3.00099 0.473033 0.277076
3.03236 0.481034 0.249683
3.07472 0.493854 0.293914
3.11737 0.505393 0.264225
3.15885 0.518163 0.298638
3.2067 0.532603 0.293099
3.25204 0.543792 0.241937
3.30067 0.554096 0.208796
3.33836 0.561814 0.202002
3.37946 0.57176 0.237433
3.42706 0.584829 0.267923
3.4753 0.597815 0.262976
3.51476 0.610062 0.300981
3.55086 0.621176 0.298629
3.59852 0.635542 0.292774
3.63976 0.647987 0.293042
3.67282 0.658305 0.302592
3.71929 0.674041 0.326487
3.76031 0.686401 0.29268
3.79304 0.695523 0.271758
3.8234 0.703523 0.257664
3.8534 0.712518 0.291317
3.87917 0.720585 0.30338
3.90525 0.727625 0.263671
3.9395 0.736617 0.256697
3.98273 0.750877 0.318679
4.02325 0.766304 0.3637
4.06377 0.780361 0.333944
4.10813 0.793577 0.289576
4.14672 0.803578 0.253541
4.19077 0.816471 0.284776
4.23204 0.828179 0.276453
4.26861 0.839001 0.287696
4.30262 0.848812 0.280817
4.33557 0.859371 0.310114
4.37615 0.870681 0.271844
4.41106 0.879325 0.242686
4.45509 0.889062 0.217675
4.5023 0.899585 0.219283
4.52882 0.906425 0.252403
4.56258 0.915425 0.260595
4.59395 0.923571 0.254078
4.62766 0.931731 0.237455
4.65536 0.938056 0.224464
4.67316 0.942168 0.227048
4.70085 0.948798 0.235026
4.7088 0.950677 0.232185
4.71305 0.951691 0.234219
4.73337 0.956658 0.239767
4.75228 0.960852 0.218139
4.76445 0.963861 0.242389
4.78337 0.968729 0.251955
4.80627 0.975242 0.277075
4.81843 0.978827 0.286562
4.83133 0.982692 0.291067
4.85003 0.988038 0.278555
4.87158 0.994053 0.272219
4.89458 1.00063 0.278437
4.93086 1.01175 0.297505
4.96486 1.02368 0.337304
4.99852 1.03455 0.312315
5.03359 1.04504 0.290834
5.05607 1.05077 0.249697
5.06749 1.05339 0.224968
5.07026 1.05398 0.209851
5.07794 1.05571 0.221529
5.08541 1.05779 0.271956
5.1039 1.06484 0.364271
5.11606 1.07062 0.443577
5.12149 1.07312 0.431674
5.12649 1.07566 0.469618
5.12956 1.07734 0.501926
5.13648 1.08143 0.533944
5.13951 1.08337 0.566856
5.14692 1.08838 0.59503
5.1518 1.09151 0.570196
5.15414 1.09305 0.58289
5.16118 1.09749 0.562624
5.17153 1.10423 0.576766
5.18685 1.11369 0.553569
5.18633 1.11336 0.562208
5.19488 1.11876 0.562832
5.196 1.1195 0.583635
5.20283 1.12375 0.55694
5.2033 1.12405 0.567068
5.21766 1.13376 0.594192
True
0.0687486
