-5.48311 -0.251375 -0.00442463
-5.43389 -0.249382 0.040457
-5.38806 -0.247589 0.0390957
-5.33948 -0.247347 0.00499208
-5.3074 -0.247354 -0.000224713
-5.25813 -0.245462 0.0383777
-5.22593 -0.24438 0.0336087
-5.18004 -0.242423 0.042617
-5.13892 -0.241344 0.0262224
-5.09376 -0.240482 0.0190981
-5.04927 -0.240026 0.0102508
-5.0013 -0.240671 -0.0134536
-4.95234 -0.24148 -0.0165159
-4.91439 -0.241858 -0.0099795
-4.86492 -0.24149 0.00745494
-4.81932 -0.239057 0.0533078
-4.77546 -0.235833 0.073369
-4.72586 -0.233072 0.0556069
-4.69209 -0.232831 0.00715069
-4.64516 -0.234005 -0.0250162
-4.59685 -0.232336 0.0345305
-4.54991 -0.231633 0.0149854
-4.50996 -0.229596 0.050936
-4.46538 -0.227804 0.0401762
-4.41677 -0.225886 0.0394338
-4.38239 -0.223218 0.0774604
-4.33355 -0.220446 0.0566904
-4.28361 -0.219024 0.0284621
-4.23928 -0.2166 0.0546338
-4.19339 -0.213678 0.0635948
-4.1472 -0.210117 0.0769456
-4.09864 -0.206834 0.0674894
-4.05104 -0.202473 0.0913771
-4.00135 -0.197587 0.0980111
-3.95987 -0.193431 0.0998426
-3.91747 -0.188104 0.124988
-3.86785 -0.183759 0.0873408
-3.82215 -0.181538 0.048568
-3.77244 -0.178796 0.0550964
-3.73013 -0.175985 0.0663667
-3.68718 -0.172183 0.088281
-3.64334 -0.167093 0.115587
-3.59589 -0.16218 0.103167
-3.55163 -0.158185 0.0900238
-3.50835 -0.15602 0.0499884
-3.45849 -0.152262 0.0752235
-3.4102 -0.149043 0.0665553
-3.36042 -0.144456 0.0918768
-3.31566 -0.143019 0.0320917
-3.26588 -0.143331 -0.00626039
-3.21698 -0.141604 0.0353086
-3.17199 -0.142147 -0.0120759
-3.13935 -0.14282 -0.020607
-3.08944 -0.14398 -0.0232327
-3.04269 -0.14578 -0.0384976
-2.99775 -0.147492 -0.0380583
-2.96488 -0.14846 -0.0294711
-2.91737 -0.147829 0.0132853
-2.86928 -0.146977 0.0177156
-2.81945 -0.144586 0.047955
-2.77054 -0.140503 0.0832784
-2.73577 -0.137738 0.0793615
-2.68616 -0.133701 0.0811911
-2.64047 -0.131078 0.057348
-2.60412 -0.128291 0.0765308
-2.55734 -0.124898 0.0723919
-2.50806 -0.122002 0.058693
-2.46047 -0.118959 0.0638627
-2.41142 -0.11801 0.0193429
-2.36172 -0.116819 0.0239657
-2.31291 -0.115695 0.0230119
-2.266 -0.114674 0.0217703
-2.21726 -0.114768 -0.00192331
-2.17976 -0.115119 -0.00937837
-2.12989 -0.117447 -0.0466524
-2.08001 -0.119278 -0.0366694
-2.03008 -0.118372 0.0181262
-1.98032 -0.119297 -0.0185857
-1.93271 -0.116912 0.0500594
-1.89194 -0.115992 0.0225562
-1.84415 -0.111711 0.0893397
-1.79919 -0.1054 0.139441
-1.74966 -0.0985771 0.136891
-1.69999 -0.0954427 0.0630278
-1.65019 -0.0916321 0.0763693
-1.60117 -0.0900296 0.0326761
-1.55819 -0.0898838 0.0033928
-1.50855 -0.0881382 0.035152
-1.46599 -0.0861484 0.0467248
-1.42352 -0.0854396 0.0166885
-1.37466 -0.0861908 -0.0153738
-1.32731 -0.0880555 -0.0393622
-1.27781 -0.0878076 0.0050098
-1.22785 -0.088849 -0.0208406
-1.1781 -0.0872678 0.0317752
-1.1346 -0.0866503 0.0141923
-1.0967 -0.0868151 -0.00435173
-1.05181 -0.0849628 0.0412396
-1.00207 -0.0830876 0.0376813
-0.952228 -0.0792735 0.076372
-0.906545 -0.0758628 0.0745217
-0.857604 -0.0732225 0.0538965
-0.808433 -0.0693937 0.0777099
-0.768967 -0.0664572 0.0742708
-0.719167 -0.0641217 0.0468633
-0.679748 -0.0618019 0.0587806
-0.636528 -0.0579196 0.0895853
-0.593905 -0.0535884 0.101269
-0.544135 -0.0488804 0.0943146
-0.495094 -0.0442103 0.0949413
-0.450828 -0.0390044 0.117069
-0.411889 -0.0363195 0.0688425
-0.363672 -0.0317663 0.0941528
-0.314 -0.0276255 0.0831694
-0.26754 -0.0231141 0.0967999
-0.219823 -0.0201695 0.0616295
-0.171998 -0.01863 0.0321814
-0.124733 -0.0196042 -0.02061
-0.0830081 -0.0214401 -0.0439712
-0.0396159 -0.022821 -0.0318137
0.00301754 -0.0248082 -0.0465762
0.0526647 -0.0307194 -0.118507
0.0943965 -0.0360039 -0.125959
0.139699 -0.041225 -0.114744
0.187194 -0.0456293 -0.0924652
0.23502 -0.0509248 -0.110276
0.282808 -0.0542457 -0.0693813
0.32931 -0.0565265 -0.049009
0.369938 -0.0579668 -0.035436
0.416712 -0.0598806 -0.0408919
0.46661 -0.0622879 -0.0482073
0.505801 -0.0635785 -0.0329188
0.542385 -0.0660104 -0.0663768
0.591409 -0.0680778 -0.0421473
0.641377 -0.0693055 -0.0245642
0.6885 -0.0704863 -0.025052
0.728189 -0.0712815 -0.0200344
0.759279 -0.0728161 -0.0493192
0.806186 -0.0729811 -0.00351702
0.851442 -0.0750353 -0.0453605
0.897888 -0.0741842 0.0183213
0.939821 -0.073912 0.00649178
0.989705 -0.0742503 -0.00678187
1.03867 -0.0758648 -0.0329617
1.08858 -0.0783584 -0.0499216
1.13482 -0.079943 -0.034255
1.18481 -0.0797797 0.0032681
1.23336 -0.0801326 -0.00726958
1.27581 -0.081068 -0.0220317
1.32358 -0.0822057 -0.023809
1.36262 -0.0833154 -0.0284186
1.41231 -0.0832262 0.00179534
1.46229 -0.0820731 0.0230661
1.51226 -0.0834927 -0.0284028
1.56151 -0.0854074 -0.0388562
1.60782 -0.0881827 -0.0598549
1.65037 -0.0901702 -0.0466787
1.69905 -0.0932151 -0.0624687
1.74205 -0.0956413 -0.0563633
1.78703 -0.0960148 -0.00830361
1.83361 -0.0983762 -0.0506503
1.88291 -0.100504 -0.0431298
1.93237 -0.101545 -0.0210501
1.98235 -0.102521 -0.0195266
2.03229 -0.102212 0.00617998
2.08079 -0.102687 -0.00979391
2.11377 -0.102794 -0.00323512
2.16256 -0.102042 0.015408
2.21226 -0.104373 -0.0468535
2.26097 -0.104355 0.000356134
2.31068 -0.107774 -0.0686595
2.35931 -0.110678 -0.0596476
2.40896 -0.116072 -0.108202
2.4547 -0.122485 -0.139307
2.49453 -0.127064 -0.11447
2.53135 -0.130087 -0.0819341
2.58102 -0.133445 -0.0674967
2.62948 -0.136736 -0.0677911
2.67813 -0.140263 -0.0723797
2.72191 -0.143564 -0.0752692
2.7651 -0.145775 -0.0511416
2.80282 -0.149648 -0.10233
2.85222 -0.149038 0.0123645
2.89898 -0.149339 -0.00645182
2.9482 -0.149958 -0.0125652
2.99612 -0.151595 -0.0341505
3.02973 -0.151791 -0.00583605
3.07382 -0.150436 0.0307201
3.10881 -0.148489 0.0555953
3.14972 -0.147565 0.0225725
3.19539 -0.147897 -0.0072614
3.2453 -0.14955 -0.0331113
3.29066 -0.149902 -0.00775365
3.33992 -0.151168 -0.0257029
3.38525 -0.152884 -0.0378322
3.42659 -0.15216 0.0175204
3.44315 -0.151991 0.0102078
3.47295 -0.152879 -0.029804
3.49799 -0.155129 -0.089612
3.53039 -0.158 -0.0883781
3.55751 -0.160659 -0.0977075
3.58921 -0.163647 -0.0939769
3.61713 -0.165915 -0.0810712
3.63257 -0.167163 -0.0806161
3.66358 -0.1699 -0.0880575
3.70928 -0.172538 -0.0576499
3.75093 -0.173948 -0.0338408
3.79518 -0.175757 -0.0408645
3.83828 -0.176936 -0.0273526
3.86507 -0.177451 -0.0192172
3.90882 -0.178796 -0.0307252
3.95036 -0.176631 0.0520629
3.9824 -0.17414 0.0775668
4.01408 -0.170313 0.120254
4.05774 -0.165218 0.116158
4.09718 -0.157768 0.186688
4.12532 -0.152326 0.191078
4.1666 -0.144447 0.188599
4.21049 -0.134702 0.21845
4.24184 -0.127191 0.235212
4.27152 -0.120367 0.225946
4.2975 -0.115014 0.203218
4.3193 -0.111151 0.175332
4.33379 -0.109276 0.12874
4.35895 -0.10563 0.143941
4.38503 -0.102984 0.101111
4.38891 -0.10249 0.126307
4.40346 -0.100615 0.128215
4.41809 -0.099223 0.0948823
4.43335 -0.097988 0.0807151
4.45647 -0.0965357 0.062735
4.47566 -0.0945373 0.103795
4.49382 -0.0927305 0.0991589
4.51011 -0.0908996 0.111884
4.54532 -0.0874846 0.0966872
4.56511 -0.0857255 0.0886855
4.57752 -0.0849198 0.0648232
4.59326 -0.0840524 0.0550673
4.61701 -0.0826038 0.0609032
4.64492 -0.0812287 0.0492328
4.68275 -0.0811304 0.00259735
4.71614 -0.0796079 0.0455678
4.74689 -0.0789993 0.0197942
4.76408 -0.0783831 0.0358302
4.7743 -0.0781732 0.0205207
4.80058 -0.0779482 0.00856081
4.8234 -0.078401 -0.0198377
4.84895 -0.0802043 -0.0704788
4.85715 -0.08057 -0.0445392
4.86413 -0.0811774 -0.086769
4.87647 -0.0828939 -0.138272
4.89829 -0.0855957 -0.123205
4.92395 -0.0875274 -0.0751359
4.94928 -0.0900028 -0.0973969
4.97494 -0.0927224 -0.10561
4.99628 -0.0945067 -0.083425
5.00978 -0.0952885 -0.0578356
5.01636 -0.0955481 -0.0394346
5.02577 -0.0958649 -0.0336607
5.0375 -0.0965182 -0.055628
5.04674 -0.0972244 -0.0762553
5.0689 -0.0989926 -0.0796235
5.08306 -0.0999294 -0.0660783
5.08417 -0.100016 -0.0784667
5.10579 -0.101849 -0.0845665
5.10946 -0.101925 -0.0207155
5.12237 -0.101588 0.0260773
5.12839 -0.101215 0.0620048
5.14516 -0.100221 0.0592089
5.14567 -0.100167 0.104478
5.16069 -0.0985443 0.10758
5.16662 -0.0981935 0.0590818
5.16661 -0.0981937 0.0144452
5.17458 -0.0978949 0.0374734
5.18992 -0.0971977 0.045407
5.20279 -0.0970685 0.0100394
5.21817 -0.0959572 0.072146
True
0.0665182
