4.4622 -0.0131074 -2.8078
4.43922 -0.0231591 -2.72919
4.41069 -0.0376242 -2.6724
4.38413 -0.0528035 -2.62246
4.34433 -0.0796237 -2.54857
4.31279 -0.10394 -2.48484
4.27836 -0.131438 -2.4676
4.24726 -0.160466 -2.39074
4.21247 -0.196356 -2.3406
4.18184 -0.235285 -2.23746
4.15228 -0.274507 -2.21666
4.12537 -0.316646 -2.13902
4.10415 -0.349544 -2.14369
4.07838 -0.392381 -2.11237
4.06165 -0.419931 -2.11657
4.04367 -0.453126 -2.0673
4.02284 -0.495326 -2.02921
4.00021 -0.538399 -2.05459
3.97807 -0.582878 -2.03262
3.95763 -0.628183 -1.99469
3.93968 -0.672445 -1.95599
3.92605 -0.709326 -1.9248
3.91043 -0.753029 -1.91403
3.90147 -0.779939 -1.89217
3.88669 -0.822769 -1.9031
3.87608 -0.856422 -1.87626
3.86644 -0.884405 -1.9025
3.85603 -0.914752 -1.90134
3.84101 -0.958308 -1.90295
3.82599 -1.00546 -1.87919
3.80921 -1.05255 -1.91309
3.795 -1.09674 -1.88173
3.78022 -1.14448 -1.87109
3.76738 -1.18717 -1.86294
3.75383 -1.22663 -1.90157
3.74346 -1.2582 -1.88816
3.72856 -1.29881 -1.92249
3.71122 -1.34498 -1.93012
3.69413 -1.39029 -1.93145
3.67785 -1.43122 -1.94928
3.65785 -1.47702 -1.9825
3.64179 -1.51189 -2.00245
3.62786 -1.54812 -1.93795
3.61024 -1.59115 -1.9595
3.5946 -1.6311 -1.94374
3.57477 -1.67676 -1.98061
3.55329 -1.72024 -2.02969
3.53285 -1.75752 -2.07235
3.52177 -1.78026 -2.02401
3.50123 -1.81727 -2.07755
3.48926 -1.84011 -2.05342
3.47313 -1.8726 -2.03167
3.45065 -1.91569 -2.05164
3.42953 -1.9573 -2.0404
3.40657 -2.00171 -2.04794
3.39076 -2.03242 -2.04644
3.36555 -2.0756 -2.09921
3.33831 -2.11749 -2.14741
3.31454 -2.15551 -2.12938
3.28862 -2.19815 -2.1171
3.26095 -2.2398 -2.15718
3.23821 -2.27116 -2.19817
3.21498 -2.30523 -2.16913
3.18733 -2.34636 -2.16276
3.15684 -2.38548 -2.23287
3.1265 -2.42516 -2.22341
3.09704 -2.46261 -2.23744
3.06661 -2.4974 -2.28956
3.03591 -2.53549 -2.24908
3.00773 -2.56739 -2.29441
2.97953 -2.60085 -2.27111
2.94754 -2.63795 -2.28233
2.91955 -2.66969 -2.29346
2.88883 -2.70534 -2.28211
2.86014 -2.73988 -2.26384
2.82961 -2.77726 -2.25572
2.79786 -2.81589 -2.2587
2.76603 -2.85222 -2.29041
2.738 -2.88251 -2.31744
2.70305 -2.91795 -2.34918
2.67209 -2.94911 -2.35297
2.63652 -2.98422 -2.36272
2.60231 -3.02003 -2.33336
2.57686 -3.04737 -2.32044
2.54928 -3.07744 -2.31286
2.51573 -3.11445 -2.30726
2.48292 -3.14954 -2.32259
2.45508 -3.17948 -2.32
2.42641 -3.20766 -2.36472
2.39104 -3.24178 -2.37428
2.35691 -3.27377 -2.3885
2.3243 -3.3045 -2.38578
2.28665 -3.33725 -2.42567
2.25021 -3.3681 -2.43918
2.21043 -3.39836 -2.49125
2.17487 -3.42291 -2.53728
2.1354 -3.44566 -2.61873
2.09547 -3.46536 -2.68333
2.05542 -3.48539 -2.67771
2.01069 -3.50739 -2.6845
1.96654 -3.52551 -2.75219
1.9214 -3.54179 -2.79549
1.87407 -3.55788 -2.81394
1.82847 -3.5742 -2.79782
1.79505 -3.58634 -2.79324
1.76121 -3.59902 -2.7832
1.71659 -3.61465 -2.80453
1.67165 -3.63139 -2.78498
1.62492 -3.64918 -2.77786
1.58451 -3.6655 -2.75769
1.54386 -3.68437 -2.7071
1.51037 -3.69728 -2.7735
1.46618 -3.71469 -2.76642
1.43992 -3.72375 -2.80917
1.39512 -3.74178 -2.75899
1.36832 -3.7527 -2.75478
1.32237 -3.76907 -2.79938
1.27537 -3.78614 -2.79313
1.23369 -3.79953 -2.83071
1.19486 -3.81312 -2.80501
1.14728 -3.82825 -2.83373
1.09965 -3.84233 -2.85408
1.05271 -3.85581 -2.86197
1.00842 -3.86691 -2.89612
0.969872 -3.87784 -2.86521
0.927301 -3.88858 -2.89445
0.880412 -3.89771 -2.94923
0.837197 -3.90541 -2.96541
0.787817 -3.91322 -2.98475
0.743836 -3.91989 -2.99099
0.694715 -3.92921 -2.95406
0.661687 -3.93554 -2.95218
0.618251 -3.94211 -2.99167
0.574715 -3.94926 -2.97868
0.533775 -3.9545 -3.01432
0.487553 -3.96074 -3.00747
0.44058 -3.96733 -3.00215
0.395624 -3.97119 -3.05606
0.346433 -3.97496 -3.06509
0.305187 -3.9803 -3.01281
0.255282 -3.98332 -3.08118
0.205468 -3.98629 -3.08193
0.155879 -3.9884 -3.09902
0.111893 -3.98957 -3.11502
0.0625573 -3.99321 -3.0681
0.0214836 -3.99686 -3.05278
-0.0276547 -4.00055 -3.06662
-0.0775935 -4.00302 -3.09227
-0.12263 -4.00432 -3.11275
-0.172573 -4.00643 -3.09931
-0.213538 -4.0061 -3.14967
-0.258848 -4.00652 3.15083
-0.306931 -4.00584 -3.15578
-0.348026 -4.00432 3.10473
-0.391124 -4.00275 3.10522
-0.434171 -4.00187 3.12117
-0.481243 -3.99938 3.08864
-0.527948 -3.99735 3.09812
-0.567365 -3.99552 3.09538
-0.616696 -3.99129 3.05591
-0.664411 -3.98703 3.05271
-0.709012 -3.98281 3.04714
-0.754106 -3.97738 3.02176
-0.801916 -3.9715 3.01928
-0.851262 -3.96352 2.98116
-0.896937 -3.95839 3.02972
-0.939213 -3.95233 2.99922
-0.988459 -3.94444 2.98281
-1.03788 -3.93686 2.98937
-1.08712 -3.92828 2.96899
-1.13451 -3.91896 2.94751
-1.18352 -3.91027 2.96612
-1.22758 -3.90198 2.95564
-1.27364 -3.89546 3.00091
-1.30797 -3.88968 2.97482
-1.35572 -3.87915 2.92447
-1.39493 -3.87048 2.92411
-1.44366 -3.85965 2.9229
-1.48196 -3.85035 2.90344
-1.52984 -3.83988 2.92633
-1.57768 -3.82696 2.87762
-1.62532 -3.81476 2.89093
-1.67245 -3.80034 2.84475
-1.7208 -3.78762 2.88428
-1.76859 -3.77412 2.86629
-1.81566 -3.76173 2.88425
-1.8519 -3.75152 2.86689
-1.8902 -3.73974 2.84327
-1.93151 -3.72633 2.82768
-1.9787 -3.71126 2.83251
-2.02501 -3.69253 2.75724
-2.07168 -3.67492 2.78078
-2.11867 -3.65787 2.79365
-2.16317 -3.63764 2.71476
-2.19951 -3.62072 2.70597
-2.24247 -3.60133 2.71749
-2.28597 -3.58036 2.69251
-2.3233 -3.56274 2.70051
-2.36142 -3.5439 2.68256
-2.39517 -3.5273 2.68461
-2.43499 -3.50743 2.67861
-2.47229 -3.4897 2.69796
-2.51564 -3.46885 2.69331
-2.552 -3.45252 2.71952
-2.58905 -3.43495 2.69875
-2.62946 -3.41395 2.66229
-2.65944 -3.39798 2.65196
-2.69353 -3.37815 2.61492
-2.73644 -3.35615 2.66769
-2.76826 -3.33909 2.64953
-2.80889 -3.31795 2.66189
-2.84151 -3.30102 2.66294
-2.87951 -3.28146 2.66608
-2.91264 -3.26456 2.67
-2.9511 -3.24357 2.64193
-2.97758 -3.22873 2.63069
-3.01132 -3.21146 2.66865
-3.02873 -3.20339 2.70777
-3.0469 -3.19427 2.67602
-3.07279 -3.1809 2.66509
-3.09681 -3.16778 2.64164
-3.12006 -3.15548 2.65505
-3.14297 -3.14293 2.64049
-3.16153 -3.13351 2.67176
-3.19223 -3.11849 2.68649
-3.23005 -3.09948 2.67596
-3.2727 -3.07679 2.65259
-3.31179 -3.05508 2.63464
-3.33775 -3.04031 2.62437
-3.36065 -3.02652 2.59956
-3.37493 -3.01841 2.62528
-3.39195 -3.00849 2.61376
-3.41487 -2.99477 2.60199
-3.44073 -2.98026 2.6306
-3.46575 -2.9675 2.66993
-3.50156 -2.94836 2.65063
-3.53053 -2.93311 2.65709
-3.5468 -2.92478 2.66823
-3.56595 -2.9142 2.63683
-3.59775 -2.89592 2.61996
-3.62764 -2.87948 2.63852
-3.63939 -2.87292 2.63274
-3.65747 -2.86352 2.66229
-3.67908 -2.85283 2.68229
-3.70595 -2.83949 2.68078
-3.71373 -2.83574 2.69185
-3.72141 -2.83201 2.69037
-3.72005 -2.83268 2.68854
-3.73426 -2.82602 2.70327
-3.7553 -2.8161 2.701
-3.76799 -2.80974 2.67699
-3.77861 -2.80454 2.68678
-3.78972 -2.79897 2.67651
-3.80139 -2.79351 2.70371
-3.8267 -2.78155 2.70034
-3.83799 -2.77652 2.72246
-3.84926 -2.77138 2.71338
-3.86592 -2.76369 2.70955
-3.87695 -2.75814 2.67478
-3.88144 -2.75598 2.69477
-3.89452 -2.75025 2.72835
-3.90342 -2.74661 2.75375
-3.91045 -2.74386 2.76872
-3.92419 -2.73835 2.7603
-3.93386 -2.73411 2.72791
-3.9412 -2.73126 2.77087
-3.96865 -2.72196 2.81494
-3.98218 -2.71766 2.83421
-3.99721 -2.71329 2.85876
-4.00463 -2.71107 2.85036
-4.01638 -2.7079 2.87782
-4.02347 -2.70624 2.91208
-4.02993 -2.70482 2.92551
-4.05414 -2.69976 2.93555
-4.05982 -2.69833 2.89497
-4.06259 -2.69753 2.85939
-4.07054 -2.69515 2.85033
-4.08108 -2.69147 2.80607
-4.08845 -2.68868 2.77994
-4.09646 -2.68588 2.80481
-4.1032 -2.68314 2.75515
-4.10117 -2.68395 2.75847
-4.11032 -2.68067 2.79685
-4.12653 -2.67491 2.80064
-4.13703 -2.67123 2.80447
-4.1416 -2.66956 2.79045
-4.14236 -2.66929 2.80315
-4.14825 -2.66726 2.80983
-4.15914 -2.66366 2.8217
-4.16359 -2.66227 2.83989
-4.16758 -2.66113 2.86263
-4.17839 -2.65768 2.8324
-4.18353 -2.65549 2.74009
-4.18884 -2.65274 2.66413
-4.1895 -2.65239 2.65361
-4.19643 -2.64862 2.64264
-4.1983 -2.64774 2.70039
-4.19407 -2.64953 2.73997
-4.2011 -2.64596 2.67112
-4.20484 -2.64393 2.6447
-4.21861 -2.63675 2.66103
True
0.183179
