-5.47967 1.07395 -0.377147
-5.44398 1.05928 -0.389991
-5.39777 1.04043 -0.387296
-5.35132 1.02192 -0.379223
-5.30387 1.00618 -0.32028
-5.25668 0.989906 -0.332109
-5.21244 0.974178 -0.341626
-5.1698 0.957624 -0.370279
-5.13483 0.94357 -0.382142
-5.08909 0.926122 -0.364477
-5.04479 0.909737 -0.354268
-4.99998 0.892069 -0.375561
-4.9557 0.875239 -0.363217
-4.91 0.855857 -0.401112
-4.864 0.838481 -0.361144
-4.81745 0.820783 -0.363339
-4.77217 0.802817 -0.37773
-4.73507 0.786149 -0.422226
-4.68972 0.766694 -0.405219
-4.65462 0.753451 -0.360849
-4.60822 0.736305 -0.353961
-4.56572 0.720637 -0.353152
-4.52538 0.70628 -0.341985
-4.48195 0.692602 -0.305065
-4.43576 0.678151 -0.303217
-4.38798 0.663518 -0.297167
-4.34041 0.648165 -0.312191
-4.29724 0.633263 -0.332404
-4.25872 0.618684 -0.361813
-4.21473 0.600043 -0.400824
-4.17858 0.583675 -0.425102
-4.13434 0.564394 -0.41105
-4.08911 0.545422 -0.397146
-4.04445 0.527255 -0.386362
-4.00154 0.509679 -0.388776
-3.95579 0.489834 -0.409258
-3.91292 0.471217 -0.409693
-3.87492 0.455096 -0.401246
-3.83009 0.434233 -0.435534
-3.79404 0.418478 -0.412062
-3.74801 0.399181 -0.396907
-3.71156 0.381713 -0.446908
-3.66788 0.358958 -0.480278
-3.62459 0.334223 -0.51913
-3.58155 0.309614 -0.51943
-3.54292 0.28816 -0.506931
-3.49943 0.263514 -0.515547
-3.46525 0.244974 -0.497013
-3.43011 0.225841 -0.498616
-3.38848 0.202399 -0.51283
-3.35097 0.181908 -0.500054
-3.32075 0.164715 -0.517259
-3.27944 0.143372 -0.47689
-3.23581 0.120045 -0.490937
-3.19212 0.0958075 -0.506491
-3.14796 0.0723705 -0.487981
-3.10328 0.0504 -0.456982
-3.05854 0.0295003 -0.43699
-3.0131 0.0104445 -0.39708
-2.96779 -0.00630012 -0.354021
-2.93318 -0.0166471 -0.290451
-2.88561 -0.029906 -0.271845
-2.83676 -0.0401206 -0.206146
-2.79022 -0.0514193 -0.238154
-2.74227 -0.0651684 -0.279256
-2.70433 -0.075934 -0.276497
-2.66299 -0.0870592 -0.262862
-2.61565 -0.103141 -0.327467
-2.56832 -0.1192 -0.327113
-2.52531 -0.134825 -0.348489
-2.47803 -0.150315 -0.316588
-2.43683 -0.161786 -0.271578
-2.38884 -0.174884 -0.266423
-2.34006 -0.185619 -0.216624
-2.29471 -0.197904 -0.264504
-2.25025 -0.209827 -0.262051
-2.20641 -0.220853 -0.246381
-2.15994 -0.233516 -0.266024
-2.11775 -0.246583 -0.300359
-2.07331 -0.257785 -0.246909
-2.02507 -0.267188 -0.192533
-1.97557 -0.27423 -0.141302
-1.92708 -0.283769 -0.194234
-1.87827 -0.293049 -0.187885
-1.83787 -0.301001 -0.194338
-1.80195 -0.308868 -0.215609
-1.76212 -0.319635 -0.26404
-1.71358 -0.331229 -0.234455
-1.66509 -0.340278 -0.18448
-1.61667 -0.34859 -0.170004
-1.58325 -0.355407 -0.201241
-1.53998 -0.363837 -0.192404
-1.49893 -0.37214 -0.199595
-1.45288 -0.382479 -0.220841
-1.41171 -0.393111 -0.252728
-1.37714 -0.402502 -0.265218
-1.34221 -0.412497 -0.278743
-1.31124 -0.420431 -0.250744
-1.26408 -0.43587 -0.316437
-1.22228 -0.451023 -0.347774
-1.1754 -0.467101 -0.330352
-1.12863 -0.483606 -0.339237
-1.08539 -0.497782 -0.316843
-1.04365 -0.511903 -0.3262
-0.998879 -0.527184 -0.328917
-0.956476 -0.541675 -0.3293
-0.914509 -0.554793 -0.302962
-0.869917 -0.571071 -0.350011
-0.825806 -0.585938 -0.325076
-0.779393 -0.601443 -0.322412
-0.732685 -0.616885 -0.319302
-0.685421 -0.633181 -0.332009
-0.664553 -0.639013 -0.272535
-0.6162 -0.651703 -0.256662
-0.572657 -0.66304 -0.254699
-0.525086 -0.676727 -0.280154
-0.489649 -0.687138 -0.285762
-0.441124 -0.699018 -0.240092
-0.393069 -0.712427 -0.272123
-0.363729 -0.719974 -0.25175
-0.324506 -0.730398 -0.259763
-0.27994 -0.741311 -0.240142
-0.23664 -0.753443 -0.273182
-0.192996 -0.763793 -0.232841
-0.148976 -0.775071 -0.250811
-0.100084 -0.78458 -0.192095
-0.0614218 -0.794123 -0.241998
-0.0137099 -0.804326 -0.210668
0.0329572 -0.817276 -0.270678
0.0817843 -0.828028 -0.216759
0.12519 -0.837374 -0.21207
0.171231 -0.847754 -0.221753
0.209689 -0.85682 -0.231493
0.256907 -0.867637 -0.225205
0.303149 -0.879573 -0.252613
0.351627 -0.89173 -0.2457
0.398841 -0.901902 -0.21221
0.447408 -0.913109 -0.226767
0.495615 -0.925311 -0.24793
0.544321 -0.936611 -0.227967
0.587254 -0.946409 -0.224357
0.63249 -0.957588 -0.242279
0.67988 -0.970381 -0.263674
0.7244 -0.980967 -0.233432
0.767312 -0.991832 -0.247987
0.815753 -1.00401 -0.246259
0.859896 -1.01622 -0.269967
0.900297 -1.02697 -0.259946
0.935285 -1.035 -0.225771
0.983596 -1.04773 -0.257632
1.031 -1.0633 -0.317238
1.07714 -1.07987 -0.344882
1.1231 -1.09743 -0.364824
1.16604 -1.11391 -0.366489
1.20927 -1.13116 -0.379606
1.24492 -1.14565 -0.386155
1.29037 -1.16571 -0.415602
1.33566 -1.18635 -0.427607
1.37672 -1.20708 -0.467522
1.41493 -1.22965 -0.533638
1.45668 -1.25333 -0.515899
1.49966 -1.27876 -0.534235
1.54189 -1.30402 -0.539177
1.58218 -1.32771 -0.531535
1.6253 -1.35136 -0.50168
1.66863 -1.37595 -0.516175
1.71351 -1.39787 -0.454278
1.7568 -1.4206 -0.483535
1.80096 -1.44402 -0.487583
1.839 -1.46499 -0.503923
1.87924 -1.48878 -0.533828
1.9205 -1.51391 -0.547177
1.95333 -1.53273 -0.52033
1.99581 -1.55684 -0.516196
2.03376 -1.57832 -0.515171
2.06126 -1.59508 -0.54726
2.10489 -1.61949 -0.510207
2.14646 -1.64657 -0.577286
2.18485 -1.67099 -0.566514
2.2262 -1.69772 -0.573866
2.26385 -1.72255 -0.583092
2.30594 -1.74953 -0.570108
2.34937 -1.77282 -0.492165
2.39205 -1.79783 -0.530089
2.43606 -1.82155 -0.494354
2.47883 -1.84741 -0.543677
2.52254 -1.87125 -0.49933
2.5658 -1.89535 -0.508319
2.6062 -1.91617 -0.475722
2.64061 -1.93481 -0.496519
2.67612 -1.95282 -0.469321
2.72109 -1.97279 -0.41802
2.76109 -1.99202 -0.448085
2.79993 -2.0102 -0.437928
2.83961 -2.02766 -0.414335
2.88179 -2.0471 -0.43186
2.92683 -2.06812 -0.436763
2.96882 -2.08931 -0.467255
3.01326 -2.1122 -0.475582
3.05882 -2.1328 -0.424848
3.10258 -2.15107 -0.395396
3.14219 -2.16803 -0.404648
3.18636 -2.18951 -0.452646
3.22839 -2.20762 -0.406759
3.27374 -2.22522 -0.370084
3.32011 -2.24269 -0.360463
3.35529 -2.25617 -0.365759
3.39298 -2.2706 -0.365631
3.43929 -2.28803 -0.360105
3.48351 -2.30448 -0.35604
3.52223 -2.31772 -0.329503
3.55921 -2.32952 -0.308846
3.59363 -2.34126 -0.32881
3.63234 -2.35461 -0.332041
3.65735 -2.36318 -0.330101
3.67613 -2.37084 -0.387269
3.71144 -2.38602 -0.406168
3.74665 -2.40091 -0.400008
3.7907 -2.41836 -0.377149
3.83206 -2.43586 -0.4002
3.8614 -2.44849 -0.406693
3.89185 -2.46231 -0.426104
3.92191 -2.47602 -0.427944
3.95745 -2.49304 -0.446589
3.9915 -2.50911 -0.440957
4.02583 -2.5249 -0.431049
4.06225 -2.54054 -0.405488
4.0926 -2.5532 -0.395248
4.12522 -2.56685 -0.396275
4.15278 -2.57961 -0.433596
4.19273 -2.59957 -0.463376
4.22521 -2.61674 -0.486488
4.25257 -2.63036 -0.461652
4.27906 -2.64384 -0.470795
4.31085 -2.65941 -0.455455
4.33129 -2.66909 -0.442081
4.34633 -2.67647 -0.456212
4.36212 -2.68368 -0.428562
4.37225 -2.68746 -0.35701
4.38146 -2.6909 -0.357816
4.38431 -2.69198 -0.360463
4.39777 -2.69711 -0.364041
4.41507 -2.70316 -0.336614
4.42598 -2.70691 -0.330848
4.44756 -2.7149 -0.354557
4.47079 -2.72329 -0.34673
4.5099 -2.73799 -0.359626
4.52538 -2.74375 -0.35586
4.54792 -2.7528 -0.381849
4.57421 -2.76335 -0.381704
4.60503 -2.77624 -0.396115
4.62944 -2.78675 -0.406498
4.64534 -2.79441 -0.449035
4.67237 -2.80806 -0.467652
4.69301 -2.81854 -0.46989
4.70837 -2.82655 -0.480562
4.72655 -2.83595 -0.477417
4.73616 -2.84078 -0.465428
4.74786 -2.84695 -0.484831
4.76192 -2.85416 -0.473947
4.77804 -2.86287 -0.495351
4.78068 -2.8642 -0.468826
4.79128 -2.86974 -0.481137
4.80495 -2.87671 -0.471588
4.82718 -2.88929 -0.515173
4.84622 -2.9007 -0.539644
4.85722 -2.90747 -0.551705
4.86154 -2.91006 -0.541125
4.87535 -2.91889 -0.568477
4.88661 -2.92484 -0.486107
4.89514 -2.92991 -0.536872
4.90222 -2.93426 -0.550036
4.91111 -2.93918 -0.505744
4.91415 -2.94075 -0.477151
4.92625 -2.94658 -0.448947
4.94857 -2.95625 -0.408983
4.95806 -2.96044 -0.415713
4.96555 -2.96393 -0.43559
4.9794 -2.9703 -0.430881
4.99436 -2.97791 -0.471154
5.0127 -2.98688 -0.454688
5.03495 -2.99713 -0.43187
5.0415 -2.99998 -0.410217
5.04826 -3.00331 -0.457744
5.05945 -3.00878 -0.454514
5.0626 -3.01014 -0.408116
5.06987 -3.01321 -0.39939
5.07105 -3.01371 -0.398887
5.08007 -3.01738 -0.386199
5.0933 -3.0228 -0.389403
5.09607 -3.02406 -0.425544
5.10156 -3.02677 -0.457937
5.10344 -3.02769 -0.453921
5.11761 -3.03476 -0.46304
5.1439 -3.04657 -0.422246
5.16545 -3.05531 -0.38531
5.18606 -3.06321 -0.366204
5.20769 -3.07217 -0.392547
5.21067 -3.07349 -0.418004
5.22615 -3.08129 -0.46655
True
0.25976
