-5.47968 1.74406 -0.0863935
-5.43961 1.74191 -0.0535381
-5.39502 1.73799 -0.0877836
-5.3453 1.73369 -0.0861392
-5.29631 1.73045 -0.0660728
-5.24649 1.72632 -0.0827676
-5.20007 1.72239 -0.0844246
-5.15889 1.71955 -0.0687881
-5.10928 1.71381 -0.115289
-5.06233 1.7102 -0.0766268
-5.02075 1.70567 -0.108696
-4.97723 1.70203 -0.0833987
-4.93395 1.69814 -0.08954
-4.88964 1.69555 -0.05841
-4.84129 1.69295 -0.0536866
-4.7983 1.68955 -0.0790236
-4.74934 1.68471 -0.0985677
-4.69939 1.68273 -0.0396384
-4.65056 1.67993 -0.0571719
-4.6064 1.67599 -0.0890465
-4.55696 1.67278 -0.0648398
-4.5098 1.66927 -0.0741609
-4.46019 1.66335 -0.118864
-4.41266 1.6566 -0.141104
-4.36308 1.65015 -0.129259
-4.31437 1.64344 -0.13707
-4.27613 1.63891 -0.117858
-4.2281 1.63389 -0.104039
-4.18205 1.62706 -0.147253
-4.13253 1.62191 -0.103568
-4.0837 1.61684 -0.103498
-4.03482 1.61485 -0.0408046
-3.98848 1.61554 0.0149171
-3.93862 1.61519 -0.00705666
-3.89019 1.61782 0.0542566
-3.84358 1.62035 0.0541956
-3.80034 1.62344 0.0714053
-3.75051 1.62444 0.0200986
-3.71023 1.62486 0.0105482
-3.66041 1.62088 -0.0799145
-3.6171 1.61932 -0.0359935
-3.57611 1.61813 -0.0289403
-3.52613 1.61712 -0.0201509
-3.47692 1.61478 -0.0475889
-3.44049 1.61141 -0.0921
-3.3995 1.60818 -0.0787216
-3.35118 1.60246 -0.117857
-3.30279 1.59938 -0.0635852
-3.25512 1.5977 -0.0351042
-3.21432 1.59662 -0.0264799
-3.16601 1.59572 -0.0187579
-3.11623 1.59311 -0.0522936
-3.06706 1.59159 -0.0309323
-3.02528 1.59112 -0.0112323
-2.97542 1.59105 -0.00150433
-2.92633 1.59121 0.00334046
-2.87684 1.59328 0.0417522
-2.83648 1.5934 0.002972
-2.78733 1.59268 -0.0145056
-2.73956 1.59116 -0.0319214
-2.69133 1.5894 -0.036518
-2.64419 1.58919 -0.00446514
-2.59739 1.58668 -0.0535404
-2.54913 1.58253 -0.0857935
-2.50809 1.5809 -0.0397333
-2.45823 1.57844 -0.0492973
-2.40943 1.57734 -0.0223768
-2.36188 1.57307 -0.0896319
-2.31324 1.56794 -0.105099
-2.26336 1.5646 -0.0668499
-2.21375 1.56006 -0.0911888
-2.16405 1.55678 -0.0659001
-2.12226 1.55288 -0.0932338
-2.07763 1.54823 -0.103834
-2.02776 1.54474 -0.0698499
-1.97814 1.54243 -0.0465093
-1.92819 1.54138 -0.0210289
-1.88064 1.53994 -0.0301043
-1.83832 1.53781 -0.0503149
-1.79527 1.5335 -0.0997545
-1.74874 1.53055 -0.0633681
-1.70863 1.52664 -0.0973092
-1.66473 1.52078 -0.132593
-1.62517 1.51479 -0.150393
-1.57612 1.50805 -0.136455
-1.527 1.50041 -0.154296
-1.48101 1.49288 -0.162387
-1.43202 1.4838 -0.183122
-1.3846 1.47666 -0.149441
-1.33576 1.46927 -0.150341
-1.28654 1.46076 -0.171114
-1.23734 1.45213 -0.173591
-1.19023 1.4439 -0.173081
-1.14874 1.43593 -0.189654
-1.10066 1.42653 -0.193152
-1.06225 1.41903 -0.192688
-1.0202 1.41104 -0.187813
-0.973602 1.40254 -0.180441
-0.925555 1.39372 -0.181531
-0.887255 1.38621 -0.193778
-0.854494 1.37983 -0.192239
-0.812185 1.37291 -0.162215
-0.775173 1.36744 -0.146583
-0.738587 1.36345 -0.108547
-0.718224 1.36042 -0.148078
-0.690666 1.35631 -0.147789
-0.66377 1.35138 -0.181435
-0.633767 1.34553 -0.192422
-0.609826 1.34139 -0.171337
-0.578164 1.33607 -0.166479
-0.555385 1.33249 -0.155954
-0.533526 1.32904 -0.156545
-0.507073 1.32408 -0.18534
-0.487298 1.32024 -0.192033
-0.459962 1.3146 -0.203216
-0.431827 1.3083 -0.220349
-0.397768 1.30017 -0.234378
-0.359583 1.29112 -0.232746
-0.326608 1.28291 -0.243816
-0.292779 1.27339 -0.274514
-0.258905 1.2633 -0.289554
-0.22074 1.25216 -0.283937
-0.191335 1.24422 -0.263618
-0.166295 1.23829 -0.232719
-0.134267 1.2303 -0.24449
-0.12151 1.22634 -0.300536
-0.0959707 1.21806 -0.313709
-0.0712669 1.20945 -0.335119
-0.0461328 1.20057 -0.339736
-0.0256061 1.1931 -0.348965
-0.00619476 1.18553 -0.371886
0.00922322 1.17936 -0.380584
0.0237532 1.17368 -0.372716
0.0366403 1.16875 -0.365722
0.0493448 1.16338 -0.399309
0.0612033 1.15801 -0.425779
0.0765259 1.1508 -0.439562
0.0949683 1.14198 -0.446295
0.11246 1.13348 -0.452033
0.127122 1.12661 -0.43823
0.150477 1.11616 -0.420941
0.172921 1.10673 -0.397612
0.191642 1.09835 -0.42092
0.20291 1.09395 -0.371957
0.21473 1.08931 -0.374206
0.224757 1.08599 -0.31951
0.259184 1.07396 -0.336322
0.279327 1.06639 -0.35934
0.29482 1.06024 -0.377764
0.313378 1.05243 -0.39861
0.330496 1.04571 -0.373952
0.339112 1.04231 -0.375767
0.354746 1.03654 -0.353675
0.367597 1.03115 -0.397284
0.378923 1.02647 -0.391533
0.388446 1.02224 -0.418325
0.40181 1.01668 -0.394316
0.418131 1.01063 -0.354785
0.433593 1.00492 -0.353842
0.444242 1.00069 -0.378156
0.458636 0.995158 -0.366842
0.475146 0.989142 -0.349434
0.482675 0.986316 -0.359103
0.492434 0.982441 -0.377926
0.501645 0.978567 -0.398148
0.515039 0.972178 -0.445084
0.519054 0.970418 -0.413084
0.529654 0.965798 -0.411021
0.538264 0.962311 -0.384847
0.544399 0.959809 -0.387125
0.548143 0.958214 -0.402816
0.55759 0.954118 -0.409113
0.56128 0.952412 -0.43314
0.573991 0.947008 -0.401966
0.584038 0.943103 -0.37069
0.593373 0.93985 -0.335289
0.617341 0.932018 -0.315843
0.636711 0.925435 -0.327613
0.641875 0.923541 -0.351482
0.652798 0.919063 -0.389103
0.6696 0.911776 -0.409186
0.679502 0.90773 -0.387963
0.67519 0.910187 -0.517963
0.68838 0.901417 -0.586748
0.709013 0.885901 -0.644795
0.725028 0.871194 -0.742849
0.754791 0.840094 -0.80736
0.76558 0.828454 -0.823302
0.782809 0.806895 -0.896563
0.802775 0.779747 -0.936703
0.815463 0.763049 -0.921025
0.827655 0.746855 -0.925428
0.829991 0.743472 -0.966403
0.827974 0.746419 -0.970515
0.831467 0.741104 -0.9894
0.829413 0.744499 -1.02677
0.836548 0.732604 -1.03054
0.831089 0.744088 -1.12707
0.829729 0.746857 -1.11433
0.836445 0.730889 -1.17268
0.856385 0.685395 -1.15772
0.877353 0.640005 -1.13804
0.899329 0.595093 -1.11574
0.911607 0.568798 -1.13394
0.933144 0.528696 -1.07795
0.959118 0.485975 -1.02451
0.985673 0.447397 -0.967952
1.01637 0.409114 -0.894878
1.05132 0.373998 -0.787876
1.08708 0.342209 -0.72666
1.12771 0.314207 -0.603414
1.17039 0.288156 -0.548038
1.21543 0.266476 -0.448555
1.26087 0.245848 -0.426171
1.29778 0.232292 -0.351966
1.34306 0.217888 -0.307977
1.38495 0.206225 -0.271574
1.42472 0.196755 -0.233762
1.47003 0.187148 -0.208928
1.51902 0.177705 -0.190416
1.56073 0.171123 -0.156503
1.60993 0.166159 -0.100549
1.65773 0.163565 -0.0542145
1.69781 0.161843 -0.0429575
1.74713 0.161761 -0.001654
1.79708 0.159566 -0.0439176
1.84177 0.15902 -0.0122174
1.87875 0.159487 0.0126178
1.92874 0.159497 0.00021678
1.97264 0.161747 0.0512032
2.02162 0.16561 0.0787077
2.07136 0.170448 0.0969444
2.12082 0.176761 0.126966
2.16495 0.183479 0.151052
2.20557 0.188433 0.121352
2.2482 0.194877 0.150061
2.29171 0.202375 0.170636
2.34072 0.21182 0.190366
2.38375 0.221698 0.225663
2.42706 0.229647 0.181517
2.47644 0.237168 0.151155
2.52577 0.245142 0.160268
2.57453 0.256178 0.222541
2.62039 0.263879 0.166392
2.66426 0.270916 0.159033
2.70946 0.279337 0.1842
2.75727 0.288403 0.187421
2.7928 0.295747 0.203808
2.83812 0.304039 0.18095
2.88709 0.313389 0.188664
2.92742 0.320356 0.171107
2.97562 0.330819 0.213738
3.02429 0.342209 0.229874
3.07255 0.355282 0.26455
3.11994 0.365914 0.220706
3.1661 0.374596 0.185903
3.21467 0.385836 0.227414
3.25046 0.393951 0.222955
3.29905 0.405642 0.23612
3.34324 0.414905 0.206608
3.38212 0.423985 0.229455
3.41222 0.43082 0.223283
3.45462 0.441188 0.239838
3.48572 0.45079 0.29946
3.53163 0.464028 0.280711
3.56758 0.474122 0.273753
3.61245 0.487077 0.281086
3.64934 0.498019 0.288311
3.68952 0.510112 0.292395
3.73377 0.523146 0.286438
3.75672 0.529938 0.287748
3.78771 0.53916 0.28917
3.82981 0.551309 0.280985
3.87525 0.564262 0.277695
3.90327 0.572043 0.270879
3.92962 0.580016 0.293819
3.96243 0.590061 0.297037
3.9856 0.596753 0.281254
4.01332 0.604141 0.260425
4.04047 0.611757 0.273467
4.07779 0.619777 0.211697
4.11658 0.627047 0.185251
4.16544 0.635381 0.168939
4.19304 0.638833 0.124424
4.21517 0.64083 0.0899931
4.23718 0.642109 0.0580799
4.25305 0.642933 0.0518718
4.26787 0.643517 0.0393684
4.28789 0.644135 0.0308838
4.30092 0.64422 0.00648451
4.31364 0.644418 0.0156166
4.3248 0.644717 0.0267614
4.32854 0.644908 0.0509705
4.33839 0.645759 0.0862294
4.36052 0.648885 0.14028
4.40581 0.657103 0.179513
4.44741 0.664166 0.168203
4.48291 0.669075 0.13735
4.51645 0.67253 0.102675
4.5549 0.676035 0.0908997
4.58959 0.681173 0.147061
4.62549 0.687246 0.167551
4.66129 0.693859 0.182683
4.68714 0.699043 0.197864
4.73201 0.709758 0.234428
4.75429 0.716874 0.309185
4.78856 0.728374 0.32374
4.81472 0.737532 0.336812
4.83827 0.745436 0.323787
4.84568 0.747718 0.298482
4.86528 0.752589 0.24365
4.89498 0.758943 0.21077
4.92387 0.765392 0.219633
4.93685 0.768219 0.214356
4.94151 0.769267 0.221394
4.95529 0.773078 0.269795
4.97312 0.779618 0.351624
4.98819 0.785371 0.364582
5.00549 0.792179 0.375033
5.0147 0.796325 0.422658
5.02493 0.801491 0.467979
5.03319 0.805963 0.49589
5.03904 0.809214 0.507455
5.06438 0.823136 0.502445
5.08763 0.836519 0.522229
5.10917 0.849669 0.54813
5.11656 0.854148 0.544536
5.12137 0.85694 0.526125
5.12791 0.860508 0.499428
5.13126 0.862309 0.493164
5.14388 0.869295 0.50546
5.15804 0.877274 0.513238
5.16705 0.882056 0.487765
5.16629 0.881619 0.518064
5.1696 0.883485 0.512913
5.17356 0.88586 0.540949
5.18647 0.893048 0.50793
5.18909 0.89466 0.551066
5.19962 0.901689 0.588504
5.20308 0.904015 0.592646
True
0.058193
