-5.47455 1.41996 -0.310924
-5.4282 1.40412 -0.329239
-5.39608 1.39366 -0.31493
-5.35099 1.37801 -0.334048
-5.30735 1.36197 -0.352135
-5.26573 1.34593 -0.36783
-5.22013 1.3296 -0.343981
-5.17455 1.31524 -0.30526
-5.1276 1.29806 -0.350614
-5.08106 1.28009 -0.368527
-5.03685 1.26297 -0.369431
-4.98931 1.24831 -0.299245
-4.94253 1.23067 -0.360526
-4.89714 1.21135 -0.402435
-4.85083 1.19258 -0.38515
-4.80499 1.17342 -0.395918
-4.76282 1.15645 -0.382411
-4.72162 1.13809 -0.419382
-4.67752 1.12052 -0.378987
-4.63613 1.10624 -0.332211
-4.59041 1.09129 -0.316202
-4.54329 1.07648 -0.304357
-4.49883 1.06353 -0.28341
-4.45316 1.0493 -0.302088
-4.40632 1.03397 -0.316369
-4.359 1.01819 -0.321861
-4.31224 1.00327 -0.308911
-4.26762 0.989449 -0.300335
-4.22012 0.975169 -0.292072
-4.17891 0.963245 -0.28164
-4.13002 0.952788 -0.210696
-4.08771 0.942525 -0.237993
-4.04206 0.931268 -0.241775
-3.99426 0.919604 -0.239301
-3.9462 0.905854 -0.278689
-3.90203 0.893671 -0.26911
-3.85794 0.880226 -0.295985
-3.8108 0.864101 -0.329623
-3.76428 0.8481 -0.331271
-3.7222 0.832319 -0.35875
-3.67498 0.819119 -0.272636
-3.62748 0.803691 -0.313993
-3.59205 0.790803 -0.348913
-3.54536 0.775197 -0.32256
-3.49797 0.761396 -0.283397
-3.45653 0.748624 -0.298951
-3.40991 0.73197 -0.343091
-3.36199 0.718468 -0.274659
-3.31413 0.704328 -0.287241
-3.27538 0.692985 -0.284806
-3.22733 0.679636 -0.270958
-3.18101 0.66581 -0.290082
-3.13332 0.653883 -0.245075
-3.09478 0.6445 -0.238815
-3.04626 0.63291 -0.234464
-2.99795 0.621465 -0.232646
-2.95117 0.610249 -0.235301
-2.90246 0.599017 -0.226653
-2.85619 0.587194 -0.250137
-2.8094 0.574349 -0.26794
-2.76584 0.560589 -0.30593
-2.72277 0.546756 -0.310818
-2.68802 0.534177 -0.347262
-2.64091 0.517575 -0.338838
-2.60178 0.502297 -0.372284
-2.55614 0.484857 -0.364974
-2.50975 0.468933 -0.330624
-2.46295 0.451486 -0.356886
-2.42219 0.435837 -0.366537
-2.37726 0.418847 -0.361568
-2.33043 0.401556 -0.353661
-2.28531 0.385012 -0.351464
-2.24328 0.371871 -0.303036
-2.20007 0.358683 -0.296204
-2.1571 0.346447 -0.277403
-2.12099 0.335171 -0.302679
-2.07365 0.319799 -0.31401
-2.03035 0.305937 -0.309816
-1.9855 0.293043 -0.279916
-1.94676 0.281272 -0.294985
-1.9026 0.267157 -0.309413
-1.85708 0.25165 -0.328286
-1.81107 0.232496 -0.394524
-1.76599 0.215004 -0.370089
-1.73031 0.199014 -0.421389
-1.68609 0.179422 -0.41708
-1.64289 0.161698 -0.389332
-1.5967 0.142674 -0.39064
-1.55052 0.12352 -0.393237
-1.50608 0.106451 -0.366665
-1.45954 0.0890687 -0.357464
-1.41301 0.0722581 -0.346718
-1.36533 0.0581774 -0.287113
-1.32165 0.0433639 -0.327008
-1.27482 0.0277415 -0.321939
-1.24094 0.0175859 -0.291253
-1.19493 0.00167858 -0.332907
-1.14889 -0.0119525 -0.287821
-1.1004 -0.0227303 -0.218696
-1.05299 -0.0351123 -0.255504
-1.01265 -0.0471582 -0.290159
-0.974156 -0.0616878 -0.360914
-0.929257 -0.0803953 -0.394788
-0.888234 -0.0950613 -0.343341
-0.844239 -0.108879 -0.304322
-0.796481 -0.123657 -0.300093
-0.753134 -0.139255 -0.345415
-0.708772 -0.154802 -0.337082
-0.661661 -0.17016 -0.31512
-0.615192 -0.184111 -0.291669
-0.570387 -0.195437 -0.247587
-0.522661 -0.207883 -0.255113
-0.496105 -0.215133 -0.266489
-0.448973 -0.228153 -0.269529
-0.400425 -0.23987 -0.236829
-0.356009 -0.252161 -0.269966
-0.321035 -0.261326 -0.256281
-0.273167 -0.27525 -0.283072
-0.228125 -0.286966 -0.25448
-0.181371 -0.298119 -0.234173
-0.133366 -0.30997 -0.24202
-0.0848551 -0.321695 -0.237151
-0.0366809 -0.335054 -0.270513
0.00976017 -0.344324 -0.197014
0.0544807 -0.354098 -0.215179
0.0980966 -0.362903 -0.199201
0.146899 -0.373304 -0.209985
0.191766 -0.383694 -0.227556
0.231304 -0.394681 -0.271045
0.277524 -0.410738 -0.334366
0.324574 -0.426717 -0.327391
0.370765 -0.442215 -0.323722
0.41581 -0.458204 -0.341084
0.456441 -0.472393 -0.335962
0.50028 -0.487343 -0.328672
0.536037 -0.499018 -0.31558
0.583507 -0.514664 -0.318395
0.626539 -0.528413 -0.309238
0.672866 -0.543864 -0.321934
0.720142 -0.558275 -0.295881
0.759536 -0.568852 -0.262296
0.803086 -0.580514 -0.261639
0.845532 -0.593834 -0.30408
0.89132 -0.606823 -0.276412
0.93914 -0.620893 -0.286152
0.986936 -0.634511 -0.27757
1.03207 -0.648135 -0.293143
1.05747 -0.655169 -0.270207
1.10105 -0.668858 -0.304318
1.14864 -0.682038 -0.270176
1.19691 -0.69508 -0.263906
1.24341 -0.708334 -0.277675
1.28978 -0.720958 -0.2658
1.33819 -0.733386 -0.251299
1.38583 -0.748394 -0.305203
1.43348 -0.763472 -0.306447
1.47704 -0.777915 -0.320172
1.52404 -0.794075 -0.331179
1.56354 -0.808736 -0.355347
1.60368 -0.824359 -0.371223
1.64576 -0.839448 -0.344275
1.69083 -0.857257 -0.376305
1.73351 -0.873806 -0.369937
1.77699 -0.888761 -0.331263
1.82028 -0.904592 -0.350584
1.8616 -0.919913 -0.355033
1.90339 -0.93492 -0.344825
1.94983 -0.953362 -0.377973
1.99589 -0.968437 -0.316285
2.04312 -0.983889 -0.316222
2.08894 -0.998826 -0.315107
2.12954 -1.01278 -0.331158
2.17541 -1.02943 -0.348206
2.21788 -1.04552 -0.362043
2.26172 -1.06027 -0.324563
2.29324 -1.07219 -0.361523
2.34014 -1.08709 -0.30765
2.3848 -1.10027 -0.286962
2.42842 -1.11472 -0.319859
2.4731 -1.12947 -0.318825
2.51618 -1.146 -0.366444
2.54767 -1.15841 -0.375543
2.59315 -1.17433 -0.336558
2.64021 -1.19106 -0.341624
2.67022 -1.20004 -0.290839
2.71715 -1.21682 -0.343352
2.76291 -1.23689 -0.413345
2.80975 -1.25435 -0.356745
2.8562 -1.27156 -0.354846
2.899 -1.28785 -0.363618
2.94601 -1.30455 -0.341289
2.98302 -1.31844 -0.359225
3.02819 -1.33736 -0.396588
3.07312 -1.35693 -0.410793
3.11895 -1.37583 -0.391124
3.16299 -1.39473 -0.405362
3.20892 -1.41411 -0.39933
3.25481 -1.4333 -0.396149
3.29749 -1.45169 -0.406817
3.33975 -1.46949 -0.398676
3.38403 -1.48886 -0.41235
3.42613 -1.50756 -0.417967
3.45874 -1.52244 -0.428005
3.49009 -1.53731 -0.442778
3.53329 -1.55681 -0.424175
3.56989 -1.57363 -0.430782
3.61425 -1.59517 -0.451962
3.65508 -1.61476 -0.447467
3.69057 -1.63272 -0.468332
3.73013 -1.65399 -0.493309
3.77273 -1.67876 -0.526826
3.80107 -1.69563 -0.536943
3.83078 -1.713 -0.528811
3.864 -1.73109 -0.498856
3.89444 -1.74666 -0.472523
3.92103 -1.7604 -0.477177
3.9448 -1.77189 -0.450189
3.95764 -1.77804 -0.446768
3.98851 -1.7924 -0.435363
4.02266 -1.80645 -0.390168
4.06635 -1.82213 -0.344693
4.10604 -1.83619 -0.340381
4.15003 -1.85111 -0.327032
4.19525 -1.86356 -0.268761
4.23911 -1.87505 -0.256151
4.2818 -1.88579 -0.246455
4.3087 -1.89277 -0.253696
4.32843 -1.89794 -0.25657
4.35611 -1.90565 -0.271604
4.37263 -1.91009 -0.262469
4.39192 -1.91573 -0.28434
4.4222 -1.92443 -0.279869
4.44597 -1.93094 -0.26752
4.46306 -1.93545 -0.258042
4.47478 -1.93834 -0.241422
4.4996 -1.94461 -0.247541
4.5078 -1.94678 -0.257821
4.5207 -1.95035 -0.270016
4.53328 -1.95398 -0.281346
4.5435 -1.95734 -0.317013
4.57641 -1.96743 -0.297712
4.6015 -1.97477 -0.284572
4.6367 -1.98415 -0.260407
4.67082 -1.99347 -0.266623
4.70277 -2.00314 -0.293846
4.73556 -2.01301 -0.292347
4.76936 -2.02484 -0.336693
4.79773 -2.03639 -0.386716
4.82847 -2.04861 -0.378435
4.84423 -2.05539 -0.406471
4.86818 -2.06639 -0.430255
4.88597 -2.07432 -0.419591
4.90318 -2.08207 -0.42291
4.91192 -2.08587 -0.409964
4.93317 -2.09321 -0.332698
4.94967 -2.09893 -0.333736
4.95844 -2.10208 -0.344439
4.96459 -2.10424 -0.337883
4.9681 -2.10544 -0.330742
4.98457 -2.11073 -0.310536
4.9959 -2.11428 -0.303466
5.0034 -2.11659 -0.29923
5.01103 -2.11875 -0.275772
5.01797 -2.12084 -0.291918
5.02244 -2.12237 -0.330802
5.03156 -2.12589 -0.368647
5.03649 -2.12787 -0.382392
5.05353 -2.1355 -0.420624
5.06699 -2.14175 -0.434879
5.07777 -2.14652 -0.416669
5.09236 -2.15298 -0.416568
5.10151 -2.15677 -0.392931
5.11456 -2.16183 -0.370226
5.12874 -2.16697 -0.347369
5.13923 -2.17061 -0.333816
5.15442 -2.17553 -0.313787
5.162 -2.17788 -0.299838
5.17263 -2.18128 -0.310106
5.17912 -2.18353 -0.332835
5.17966 -2.18376 -0.403433
5.18925 -2.18753 -0.375107
5.1968 -2.19091 -0.419942
5.20852 -2.1965 -0.445518
5.22509 -2.20622 -0.530482
True
0.281265
