-5.45822 1.18767 -0.257791
-5.41394 1.17876 -0.198548
-5.36547 1.16714 -0.235295
-5.31928 1.15498 -0.257437
-5.27165 1.13978 -0.308987
-5.23112 1.12597 -0.328371
-5.18397 1.10936 -0.338702
-5.1378 1.09235 -0.352969
-5.09637 1.07586 -0.378825
-5.05676 1.06173 -0.342619
-5.01645 1.04897 -0.306565
-4.97151 1.03609 -0.279041
-4.92526 1.02432 -0.249338
-4.88312 1.01387 -0.243052
-4.83646 0.997489 -0.337573
-4.79377 0.985446 -0.274944
-4.74527 0.973389 -0.243651
-4.69797 0.959394 -0.287712
-4.66012 0.948907 -0.270255
-4.61201 0.935479 -0.272154
-4.56474 0.924542 -0.227416
-4.52055 0.912644 -0.263002
-4.47296 0.900303 -0.253751
-4.42954 0.88766 -0.28331
-4.39111 0.87739 -0.26117
-4.34324 0.864647 -0.260142
-4.29781 0.851494 -0.281815
-4.25127 0.83743 -0.293464
-4.20253 0.826541 -0.219819
-4.16136 0.816689 -0.234863
-4.11261 0.805616 -0.223366
-4.06433 0.792638 -0.262593
-4.01725 0.782611 -0.209837
-3.97166 0.772809 -0.211786
-3.92491 0.75976 -0.272186
-3.88163 0.749611 -0.230303
-3.83419 0.73994 -0.201133
-3.78826 0.729285 -0.227934
-3.73913 0.720117 -0.184473
-3.69127 0.710685 -0.194618
-3.64671 0.701009 -0.213837
-3.59811 0.690287 -0.217101
-3.54905 0.683143 -0.144632
-3.49998 0.673805 -0.188015
-3.45136 0.665151 -0.176159
-3.40206 0.656945 -0.164932
-3.3659 0.652635 -0.118619
-3.32295 0.64777 -0.112798
-3.27316 0.643338 -0.0887682
-3.2245 0.639529 -0.0781179
-3.18667 0.634026 -0.144476
-3.15154 0.628819 -0.147125
-3.10176 0.624272 -0.0911026
-3.05585 0.619174 -0.110579
-3.01215 0.613925 -0.119553
-2.96417 0.61024 -0.0766566
-2.91608 0.605686 -0.0944054
-2.86776 0.599646 -0.124365
-2.82447 0.595689 -0.0911508
-2.78633 0.592388 -0.0863511
-2.73757 0.587185 -0.106285
-2.69377 0.581377 -0.131849
-2.64471 0.574968 -0.12988
-2.59634 0.567883 -0.145473
-2.54694 0.562267 -0.113196
-2.49851 0.555894 -0.130834
-2.45839 0.551826 -0.101046
-2.41331 0.54776 -0.0899534
-2.3635 0.543866 -0.0780258
-2.32187 0.538564 -0.126662
-2.28007 0.532541 -0.143119
-2.23089 0.523998 -0.171982
-2.18177 0.51483 -0.184541
-2.13251 0.506396 -0.169569
-2.09355 0.498137 -0.208895
-2.04858 0.488283 -0.215698
-2.00095 0.47887 -0.195115
-1.95164 0.470646 -0.165266
-1.90236 0.464181 -0.13045
-1.85861 0.45812 -0.137654
-1.81066 0.451192 -0.143483
-1.76427 0.444848 -0.135918
-1.71725 0.437899 -0.146713
-1.66824 0.429616 -0.167433
-1.621 0.422517 -0.149149
-1.57162 0.414896 -0.153156
-1.52554 0.406881 -0.17219
-1.47702 0.397961 -0.181819
-1.44375 0.39119 -0.200776
-1.39564 0.383287 -0.162801
-1.35485 0.373046 -0.246016
-1.31343 0.362815 -0.242117
-1.2663 0.351508 -0.235493
-1.22876 0.342648 -0.231733
-1.18103 0.330599 -0.247295
-1.13343 0.315402 -0.309004
-1.08597 0.299991 -0.313991
-1.03895 0.283025 -0.346279
-0.991463 0.268328 -0.300172
-0.945836 0.257087 -0.241555
-0.903726 0.244982 -0.279896
-0.858157 0.231317 -0.291352
-0.813824 0.219212 -0.266556
-0.765699 0.20895 -0.210084
-0.717735 0.198646 -0.211602
-0.669748 0.188377 -0.210824
-0.620726 0.179238 -0.184315
-0.573863 0.171116 -0.171603
-0.531218 0.162511 -0.199113
-0.483861 0.152305 -0.212263
-0.434846 0.143075 -0.186133
-0.394907 0.134418 -0.213458
-0.347218 0.124056 -0.213955
-0.304928 0.115405 -0.201777
-0.257097 0.100839 -0.295616
-0.208685 0.0883572 -0.252321
-0.160131 0.0766259 -0.237071
-0.112025 0.0631131 -0.27384
-0.0665805 0.049952 -0.281893
-0.0302034 0.0402622 -0.260327
0.00411106 0.0303991 -0.279889
0.0425406 0.0182435 -0.30635
0.0839012 0.00414567 -0.328503
0.120566 -0.00817453 -0.324173
0.164418 -0.0231475 -0.329026
0.210081 -0.0386121 -0.326544
0.254681 -0.0525381 -0.302649
0.290186 -0.0632858 -0.29394
0.336098 -0.0777055 -0.304319
0.383505 -0.09272 -0.306718
0.431448 -0.1069 -0.287564
0.478323 -0.120544 -0.283245
0.525513 -0.136073 -0.317927
0.567981 -0.148582 -0.28645
0.614839 -0.16183 -0.275521
0.659527 -0.172946 -0.243802
0.706466 -0.185646 -0.264248
0.75346 -0.197611 -0.249305
0.800373 -0.21141 -0.286078
0.846681 -0.225445 -0.294282
0.888963 -0.237231 -0.271839
0.931063 -0.24821 -0.255097
0.97671 -0.259304 -0.238415
1.012 -0.269449 -0.279948
1.04687 -0.280778 -0.314088
1.09053 -0.295292 -0.320992
1.13051 -0.306651 -0.276774
1.17799 -0.319338 -0.261101
1.22438 -0.330554 -0.237238
1.27214 -0.344868 -0.29119
1.31797 -0.358275 -0.284583
1.36064 -0.371476 -0.300043
1.40737 -0.38599 -0.301195
1.4553 -0.399099 -0.266919
1.48946 -0.408358 -0.264721
1.53532 -0.419902 -0.246633
1.58298 -0.433213 -0.272298
1.6307 -0.448151 -0.303398
1.67423 -0.46149 -0.297317
1.72201 -0.476237 -0.299407
1.76984 -0.489098 -0.262645
1.8139 -0.500285 -0.248671
1.8596 -0.511088 -0.232113
1.89345 -0.519629 -0.247169
1.94134 -0.532663 -0.26574
1.98975 -0.544815 -0.245932
2.03606 -0.558946 -0.296199
2.08322 -0.573571 -0.3007
2.12893 -0.588499 -0.315675
2.16608 -0.600243 -0.306158
2.21295 -0.615342 -0.311606
2.24857 -0.626607 -0.306318
2.29752 -0.636792 -0.205137
2.34576 -0.648631 -0.240709
2.39447 -0.659727 -0.223962
2.43127 -0.666892 -0.19228
2.47365 -0.674544 -0.178614
2.51283 -0.680553 -0.152186
2.56158 -0.687153 -0.134582
2.61032 -0.696678 -0.192986
2.65673 -0.705733 -0.192681
2.70561 -0.713592 -0.159413
2.75416 -0.724694 -0.224826
2.80041 -0.738172 -0.283522
2.84044 -0.750661 -0.302466
2.87828 -0.762859 -0.311829
2.92314 -0.776509 -0.29536
2.96043 -0.788007 -0.29911
3.00849 -0.80145 -0.272767
3.05271 -0.81436 -0.284029
3.09245 -0.826627 -0.299415
3.13986 -0.840535 -0.285306
3.18677 -0.853226 -0.26425
3.22944 -0.862903 -0.222993
3.27584 -0.874271 -0.240255
3.3096 -0.883009 -0.253296
3.34451 -0.890895 -0.22215
3.38796 -0.901727 -0.244358
3.43321 -0.913025 -0.244665
3.48089 -0.927917 -0.302738
3.523 -0.940183 -0.283444
3.56201 -0.952284 -0.300773
3.60512 -0.966319 -0.314735
3.63656 -0.977392 -0.338633
3.68343 -0.993835 -0.337393
3.70994 -1.00324 -0.341
3.73328 -1.01053 -0.302723
3.76622 -1.02088 -0.304534
3.80618 -1.03537 -0.347806
3.83691 -1.0465 -0.34748
3.86856 -1.05783 -0.343717
3.91333 -1.07232 -0.313001
3.94377 -1.08282 -0.332149
3.97849 -1.09556 -0.3518
4.01728 -1.11019 -0.360545
4.051 -1.1222 -0.342094
4.08581 -1.13596 -0.3766
4.12299 -1.14954 -0.350098
4.15297 -1.16014 -0.339975
4.18716 -1.17153 -0.321605
4.21459 -1.18015 -0.304417
4.23769 -1.18728 -0.299205
4.26593 -1.19592 -0.296871
4.30108 -1.20923 -0.362078
4.33152 -1.22092 -0.366638
4.36016 -1.23242 -0.381713
4.38424 -1.24237 -0.39192
4.40363 -1.24879 -0.319694
4.42314 -1.25431 -0.275626
4.44692 -1.2601 -0.238941
4.45581 -1.26258 -0.272149
4.46893 -1.26694 -0.320833
4.47328 -1.26843 -0.329939
4.48406 -1.27171 -0.29603
4.50869 -1.27848 -0.267888
4.52717 -1.28446 -0.312934
4.55156 -1.29158 -0.284315
4.58119 -1.29878 -0.238297
4.60156 -1.30291 -0.199901
4.63089 -1.3093 -0.214705
4.65818 -1.31474 -0.196457
4.69146 -1.32322 -0.249507
4.72686 -1.33322 -0.275375
4.7685 -1.34513 -0.278566
4.79862 -1.35563 -0.335636
4.82562 -1.36391 -0.2974
4.8485 -1.37073 -0.289747
4.87974 -1.38011 -0.29174
4.89746 -1.38534 -0.287094
4.92032 -1.3925 -0.303253
4.94191 -1.39915 -0.29903
4.95723 -1.40371 -0.289483
4.96391 -1.40558 -0.272701
4.97739 -1.40956 -0.286971
4.99265 -1.41402 -0.284353
5.00728 -1.41842 -0.292324
5.02134 -1.42264 -0.291351
5.03456 -1.42591 -0.242785
5.04719 -1.42856 -0.206736
5.0607 -1.43134 -0.202441
5.07307 -1.43431 -0.236014
5.08351 -1.43701 -0.252474
5.08477 -1.43738 -0.28942
5.08919 -1.43882 -0.314885
5.09929 -1.44208 -0.312396
5.10598 -1.44433 -0.32407
5.1148 -1.44726 -0.321252
5.12792 -1.45208 -0.351972
5.13269 -1.45389 -0.36323
5.13974 -1.45688 -0.400486
5.154 -1.46412 -0.469659
5.16191 -1.46881 -0.535394
5.18448 -1.48027 -0.470088
5.20155 -1.48869 -0.457762
5.21334 -1.49435 -0.447802
True
0.268088
