-5.4507 -0.490271 -0.0806248
-5.40252 -0.494762 -0.0929353
-5.365 -0.500147 -0.142536
-5.31529 -0.50544 -0.106079
-5.26616 -0.510948 -0.111671
-5.2276 -0.517156 -0.159603
-5.17966 -0.524007 -0.141946
-5.13265 -0.531782 -0.163909
-5.08449 -0.538713 -0.142934
-5.03698 -0.543533 -0.101107
-4.98739 -0.547754 -0.0848977
-4.94054 -0.550876 -0.0665486
-4.89511 -0.556632 -0.126041
-4.84811 -0.561158 -0.0959826
-4.79855 -0.566665 -0.110666
-4.74892 -0.572542 -0.11786
-4.70175 -0.578231 -0.120035
-4.65691 -0.582396 -0.0926208
-4.60871 -0.588384 -0.123618
-4.57055 -0.593792 -0.140766
-4.52139 -0.601336 -0.152272
-4.47197 -0.60721 -0.11831
-4.42632 -0.612223 -0.109377
-4.37767 -0.620674 -0.171976
-4.32818 -0.627729 -0.141601
-4.28144 -0.633801 -0.129192
-4.23833 -0.638878 -0.11722
-4.1962 -0.645653 -0.159459
-4.1486 -0.652495 -0.142767
-4.10108 -0.65804 -0.116158
-4.06476 -0.662051 -0.109969
-4.03727 -0.664883 -0.102667
-4.00454 -0.668749 -0.117567
-3.97504 -0.671971 -0.108793
-3.96744 -0.672814 -0.110513
-3.94035 -0.675502 -0.0989152
-3.91423 -0.678684 -0.121229
-3.88213 -0.684088 -0.166762
-3.86372 -0.687653 -0.191317
-3.84267 -0.692716 -0.235967
-3.80165 -0.702329 -0.230228
-3.77269 -0.708419 -0.207248
-3.74924 -0.712878 -0.187933
-3.7 -0.719711 -0.13788
-3.65111 -0.724168 -0.0908976
-3.61333 -0.725164 -0.0263667
-3.56551 -0.725547 -0.00801673
-3.51729 -0.723608 0.0402006
-3.4705 -0.720354 0.0694241
-3.42107 -0.713795 0.131929
-3.38142 -0.709822 0.0998611
-3.33666 -0.70516 0.103784
-3.29689 -0.700624 0.113562
-3.24797 -0.691109 0.192114
-3.20606 -0.678014 0.302838
-3.1621 -0.664351 0.301349
-3.11779 -0.650576 0.301376
-3.07852 -0.639539 0.274002
-3.03485 -0.628645 0.244455
-2.98829 -0.616091 0.263418
-2.95141 -0.606305 0.259325
-2.92961 -0.60105 0.236515
-2.90663 -0.594783 0.266296
-2.87225 -0.585703 0.258237
-2.82656 -0.572202 0.287297
-2.7837 -0.558915 0.300591
-2.74218 -0.544015 0.344556
-2.71172 -0.532244 0.368794
-2.66909 -0.516088 0.362271
-2.62318 -0.49633 0.406396
-2.58514 -0.478998 0.427508
-2.54298 -0.46055 0.412482
-2.49709 -0.440879 0.404956
-2.46308 -0.426132 0.409095
-2.41728 -0.407599 0.38452
-2.37442 -0.391125 0.366996
-2.32824 -0.371992 0.392751
-2.28239 -0.353853 0.376702
-2.23718 -0.337741 0.342378
-2.19046 -0.321342 0.337581
-2.17875 -0.317362 0.327472
-2.14438 -0.305591 0.329972
-2.0988 -0.292539 0.278874
-2.05774 -0.279776 0.301378
-2.01043 -0.266525 0.273078
-1.97449 -0.255726 0.291905
-1.92608 -0.243283 0.251626
-1.88266 -0.232364 0.246358
-1.83927 -0.222698 0.219156
-1.79534 -0.213236 0.212172
-1.74715 -0.206458 0.13974
-1.6977 -0.199356 0.142637
-1.65219 -0.193083 0.136991
-1.60273 -0.188484 0.092723
-1.55825 -0.185343 0.0704927
-1.5091 -0.183345 0.0406186
-1.45995 -0.181568 0.0361416
-1.41005 -0.182502 -0.0187188
-1.36429 -0.184528 -0.0442528
-1.31575 -0.186922 -0.0492706
-1.27434 -0.189671 -0.066289
-1.22473 -0.192114 -0.0492168
-1.17476 -0.192761 -0.0129484
-1.12716 -0.195417 -0.055728
-1.07848 -0.199488 -0.0834416
-1.03422 -0.204057 -0.102866
-0.988954 -0.208845 -0.105374
-0.939531 -0.216417 -0.152035
-0.891754 -0.223655 -0.15035
-0.842662 -0.23147 -0.157876
-0.793653 -0.240438 -0.180981
-0.745346 -0.248892 -0.173244
-0.696254 -0.258022 -0.183886
-0.648483 -0.270989 -0.265049
-0.600482 -0.284613 -0.276556
-0.559029 -0.296301 -0.274821
-0.516325 -0.30889 -0.286663
-0.474382 -0.321848 -0.299644
-0.428434 -0.336054 -0.299863
-0.381304 -0.351 -0.307081
-0.333277 -0.364877 -0.281281
-0.286558 -0.374923 -0.211805
-0.251419 -0.382186 -0.203843
-0.202895 -0.394026 -0.239318
-0.167345 -0.402433 -0.232218
-0.121297 -0.411888 -0.202507
-0.0844682 -0.419955 -0.215647
-0.0366373 -0.429361 -0.194171
0.0112784 -0.440576 -0.229919
0.0490313 -0.447913 -0.191956
0.0960421 -0.456743 -0.185675
0.144477 -0.468998 -0.2478
0.191768 -0.481939 -0.267128
0.233037 -0.493321 -0.269103
0.275454 -0.504671 -0.261445
0.319592 -0.518511 -0.30386
0.367485 -0.531493 -0.264703
0.412088 -0.542091 -0.233267
0.457054 -0.552219 -0.221545
0.501664 -0.561699 -0.209396
0.540427 -0.570115 -0.213799
0.589292 -0.579773 -0.195132
0.638561 -0.587836 -0.162209
0.688025 -0.593545 -0.114904
0.734657 -0.599535 -0.127773
0.781915 -0.605514 -0.125839
0.82506 -0.611102 -0.128791
0.871065 -0.617989 -0.148608
0.916365 -0.625489 -0.164074
0.964998 -0.633866 -0.170583
1.01341 -0.645027 -0.226576
1.05912 -0.657746 -0.271401
1.10774 -0.669112 -0.229644
1.15567 -0.68102 -0.243512
1.2039 -0.693833 -0.259688
1.25233 -0.70591 -0.244375
1.3002 -0.719744 -0.281331
1.34857 -0.732401 -0.255941
1.39644 -0.744622 -0.249904
1.44183 -0.755974 -0.245082
1.49063 -0.766375 -0.209995
1.52783 -0.774554 -0.216441
1.57116 -0.783374 -0.200802
1.61699 -0.792355 -0.193505
1.66423 -0.801777 -0.196876
1.71195 -0.810269 -0.176118
1.7605 -0.817846 -0.154819
1.80735 -0.825447 -0.160833
1.8526 -0.830843 -0.118694
1.90176 -0.836558 -0.115743
1.95091 -0.84345 -0.139308
1.99753 -0.850968 -0.159866
2.04681 -0.859414 -0.169758
2.0904 -0.867018 -0.17268
2.13953 -0.875925 -0.179359
2.18834 -0.886078 -0.205072
2.23548 -0.895749 -0.20235
2.28186 -0.905097 -0.198908
2.33041 -0.915725 -0.215493
2.372 -0.922866 -0.170035
2.41916 -0.933035 -0.212411
2.46677 -0.942769 -0.201642
2.51527 -0.952634 -0.200672
2.56412 -0.962234 -0.194046
2.60421 -0.970681 -0.207678
2.64973 -0.97898 -0.180327
2.69784 -0.987748 -0.180266
2.74706 -0.995929 -0.164721
2.79581 -1.00583 -0.20026
2.8414 -1.01587 -0.216818
2.88002 -1.02497 -0.231447
2.92573 -1.03469 -0.209554
2.97426 -1.04664 -0.24144
3.02243 -1.05975 -0.265644
3.05847 -1.06805 -0.226326
3.10198 -1.07624 -0.186248
3.14532 -1.08454 -0.189068
3.19352 -1.091 -0.133302
3.24252 -1.09963 -0.174233
3.27847 -1.10585 -0.171422
3.32312 -1.11482 -0.198229
3.36999 -1.12452 -0.204172
3.41895 -1.13323 -0.175919
3.45758 -1.13974 -0.167054
3.50094 -1.14686 -0.16267
3.53996 -1.15453 -0.194276
3.58275 -1.16166 -0.16501
3.63145 -1.17046 -0.178697
3.66692 -1.17662 -0.172199
3.69645 -1.1816 -0.167018
3.73856 -1.18985 -0.193485
3.75656 -1.19304 -0.1752
3.76667 -1.19506 -0.197612
3.78232 -1.19862 -0.223365
3.8087 -1.20496 -0.23573
3.82336 -1.20793 -0.200428
3.84646 -1.21143 -0.150103
3.85929 -1.21319 -0.13665
3.88338 -1.21891 -0.232905
3.9287 -1.22771 -0.191862
3.96193 -1.23527 -0.223656
4.00895 -1.24807 -0.265739
4.04854 -1.25862 -0.260526
4.07186 -1.2648 -0.259006
4.09826 -1.26996 -0.193069
4.13262 -1.2775 -0.215962
4.17319 -1.28696 -0.229021
4.19708 -1.2923 -0.220077
4.21526 -1.29675 -0.239964
4.23044 -1.29992 -0.205823
4.24169 -1.30246 -0.222218
4.2606 -1.30625 -0.19779
4.2772 -1.31006 -0.225932
4.3099 -1.31651 -0.19454
4.34282 -1.32269 -0.185479
4.3641 -1.32683 -0.19221
4.3934 -1.33305 -0.209436
4.41444 -1.33738 -0.202661
4.42977 -1.34157 -0.266919
4.45416 -1.3491 -0.299256
4.48484 -1.35951 -0.327316
4.5069 -1.3672 -0.335459
4.53015 -1.37536 -0.33763
4.56255 -1.38702 -0.345461
4.58471 -1.3947 -0.333365
4.60569 -1.40177 -0.32509
4.62243 -1.40726 -0.316967
4.64807 -1.41609 -0.331706
4.65971 -1.41996 -0.320581
4.67213 -1.42415 -0.325574
4.68322 -1.42797 -0.331875
4.71109 -1.43722 -0.320249
4.73157 -1.44367 -0.305098
4.75084 -1.44976 -0.306403
4.75631 -1.45117 -0.251831
4.76493 -1.45346 -0.25976
4.77918 -1.45706 -0.247168
4.79628 -1.46096 -0.224283
4.81282 -1.46439 -0.204727
4.81802 -1.46539 -0.190049
4.82401 -1.46655 -0.190779
4.84447 -1.47049 -0.190377
4.87995 -1.47577 -0.147763
4.89778 -1.47856 -0.155274
4.91709 -1.48093 -0.122088
4.94304 -1.48369 -0.105832
4.95405 -1.48468 -0.0897619
4.96899 -1.48602 -0.0896279
4.98921 -1.48838 -0.11627
5.00311 -1.49079 -0.171616
5.01039 -1.49229 -0.202659
5.02391 -1.49482 -0.185429
5.0416 -1.49844 -0.20173
5.05445 -1.50122 -0.212498
5.05606 -1.50157 -0.214805
5.07374 -1.50552 -0.220117
5.08982 -1.50874 -0.197478
5.10507 -1.511 -0.147387
5.12415 -1.51272 -0.0897457
5.13511 -1.51343 -0.06446
5.14754 -1.51375 -0.0261569
5.15256 -1.51374 0.00253567
5.15772 -1.51345 0.0551812
5.16376 -1.51275 0.11663
5.17473 -1.51156 0.107429
5.18337 -1.51069 0.100384
5.18339 -1.51069 0.100739
5.19444 -1.50938 0.118469
5.20239 -1.50829 0.135953
True
0.0666593
