4.48208 7.86626e-05 -3.14598
4.46044 -0.000720409 3.17851
4.44301 -0.00178181 -3.08078
4.41916 -0.0035682 -3.06684
4.40132 -0.00496669 -3.06336
4.39202 -0.00547201 -3.08728
4.37627 -0.00618113 -3.09661
4.363 -0.00609605 -3.148
4.34519 -0.00635758 3.15627
4.32804 -0.00726499 -3.08871
4.3192 -0.00811453 -3.04578
4.31086 -0.0087956 -3.06017
4.29932 -0.0102586 -3.01549
4.28599 -0.0118639 -3.02172
4.27283 -0.0139879 -2.98157
4.26833 -0.0147551 -2.97263
4.25891 -0.0165361 -2.95481
4.24798 -0.0192279 -2.90018
4.23734 -0.0222435 -2.8653
4.2232 -0.0254427 -2.9191
4.20781 -0.0289717 -2.91621
4.20181 -0.0306843 -2.86345
4.16907 -0.0405536 -2.84883
4.1483 -0.0465589 -2.86005
4.14226 -0.0482798 -2.86436
4.13444 -0.0502585 -2.89354
4.13048 -0.0511017 -2.9319
4.1247 -0.0523168 -2.9345
4.12442 -0.0523925 -2.87595
4.11707 -0.0540857 -2.91512
4.10708 -0.0558327 -2.96843
4.09987 -0.05621 -3.08937
4.08732 -0.0558115 -3.17335
4.0717 -0.0541012 3.03255
4.06483 -0.0531261 3.00056
4.06046 -0.0524738 2.99366
4.05175 -0.0504729 2.91565
4.03457 -0.0443687 2.80028
4.01764 -0.0368297 2.72268
4.00625 -0.0305698 2.63897
4.00696 -0.0310212 2.57572
3.98492 -0.015293 2.52176
3.9714 -0.00412323 2.45095
3.95542 0.0118679 2.35599
3.94231 0.0282079 2.24688
3.92901 0.0468374 2.19088
3.91858 0.061382 2.19269
3.91692 0.0638711 2.16054
3.9106 0.0740123 2.12795
3.90035 0.0963909 2.00029
3.88752 0.127791 1.95886
3.88368 0.139713 1.88225
3.87906 0.154752 1.86886
3.87572 0.167751 1.82185
3.87253 0.183653 1.76904
3.8676 0.21643 1.7202
3.86299 0.253662 1.69399
3.86023 0.279777 1.67577
3.8576 0.313041 1.64969
3.85508 0.342729 1.65567
3.85136 0.391937 1.64614
3.84822 0.438825 1.63766
3.84618 0.484948 1.615
3.84431 0.534478 1.60872
3.84043 0.577521 1.66065
3.83797 0.615172 1.63586
3.8337 0.662947 1.6601
3.82832 0.699887 1.71533
3.82088 0.737198 1.7677
3.81165 0.777188 1.79763
3.80111 0.818427 1.82096
3.78996 0.865238 1.80454
3.77781 0.912408 1.82293
3.77037 0.943752 1.80389
3.75862 0.986186 1.84102
3.7492 1.0277 1.79382
3.74094 1.07659 1.73817
3.73348 1.11804 1.74888
3.72709 1.15967 1.7232
3.71786 1.20437 1.77442
3.70913 1.25131 1.75467
3.6981 1.29708 1.80715
3.68842 1.33623 1.81323
3.68375 1.35766 1.78549
3.676 1.38915 1.81213
3.66538 1.42705 1.84391
3.65442 1.46906 1.82595
3.63834 1.51616 1.89981
3.62525 1.55023 1.93782
3.60923 1.59026 1.95131
3.59048 1.63424 1.97383
3.57898 1.66028 1.98648
3.56148 1.69628 2.02337
3.53954 1.74019 2.03424
3.52053 1.7793 2.02314
3.50019 1.82199 2.01538
3.4805 1.8616 2.03218
3.46005 1.89946 2.06611
3.43643 1.94305 2.06731
3.41182 1.98615 2.08962
3.38731 2.02831 2.09735
3.3626 2.07066 2.09905
3.34313 2.10509 2.08553
3.3192 2.14605 2.09948
3.2937 2.18867 2.11006
3.26734 2.22935 2.14557
3.24858 2.2577 2.15545
3.22639 2.29008 2.17156
3.20364 2.32143 2.19862
3.17964 2.35422 2.20259
3.15553 2.38617 2.21719
3.1335 2.41478 2.22711
3.11302 2.44442 2.17535
3.08495 2.48227 2.20897
3.06304 2.51159 2.21243
3.04245 2.53819 2.22955
3.01216 2.57593 2.24723
2.98132 2.61372 2.25516
2.96133 2.63714 2.2773
2.93203 2.67172 2.27382
2.90567 2.6985 2.34834
2.87087 2.73409 2.34479
2.83593 2.76967 2.34728
2.80305 2.80076 2.3841
2.76592 2.83366 2.41662
2.72956 2.86538 2.42424
2.69246 2.89557 2.45846
2.6656 2.91692 2.4701
2.63135 2.94264 2.49735
2.59245 2.97145 2.50431
2.55432 3.00011 2.49685
2.51458 3.03045 2.48967
2.47307 3.05824 2.5517
2.45438 3.07134 2.52995
2.42473 3.09151 2.54417
2.39332 3.11393 2.52167
2.36091 3.1374 2.51494
2.32032 3.16486 2.54674
2.29272 3.18286 2.56369
2.26321 3.20114 2.58699
2.23426 3.2198 2.56906
2.19252 3.24718 2.5611
2.15457 3.27171 2.56762
2.11654 3.297 2.55486
2.07422 3.32094 2.62685
2.03833 3.34288 2.59286
1.99485 3.36757 2.62516
1.95264 3.39419 2.579
1.91045 3.42052 2.58357
1.87022 3.44405 2.61234
1.8285 3.47118 2.56508
1.78557 3.49675 2.60428
1.74315 3.52317 2.5845
1.70071 3.5494 2.5881
1.65827 3.57555 2.58942
1.61688 3.60301 2.55585
1.57383 3.62817 2.6127
1.5398 3.64773 2.61974
1.50535 3.66883 2.59213
1.46745 3.69115 2.60933
1.42811 3.7122 2.65032
1.38286 3.73337 2.70393
1.34558 3.75085 2.70322
1.31336 3.76506 2.72634
1.28376 3.77864 2.71144
1.23739 3.79643 2.77524
1.18991 3.8121 2.82276
1.14183 3.82585 2.86301
1.09353 3.83871 2.88141
1.05229 3.84836 2.91176
1.00531 3.86018 2.89513
0.968667 3.86675 2.96412
0.922074 3.87577 2.95039
0.88067 3.88426 2.93937
0.831849 3.89431 2.93854
0.783028 3.90357 2.95422
0.739653 3.91272 2.93368
0.694911 3.92152 2.94733
0.6549 3.92713 3.00216
0.610069 3.93394 2.99106
0.589706 3.93688 2.9978
0.550651 3.94241 3.00108
0.504063 3.94854 3.01078
0.474644 3.95218 3.01853
0.426428 3.95745 3.03268
0.381013 3.96231 3.03483
0.335817 3.96619 3.056
0.285956 3.96904 3.08447
0.243824 3.97277 3.05335
0.195614 3.97609 3.07282
0.152115 3.97925 3.06916
0.114024 3.98073 3.10279
0.0781211 3.98115 3.12982
0.0378489 3.98135 3.13668
-0.0121412 3.98089 3.15075
-0.0618436 3.97655 -3.05444
-0.0937731 3.97327 -3.0395
-0.129414 3.9696 -3.03873
-0.169991 3.96416 -3.00841
-0.219651 3.95834 -3.02494
-0.267807 3.95001 -2.9702
-0.312766 3.94292 -2.98531
-0.357613 3.93564 -2.98076
-0.407112 3.9299 -3.02607
-0.456808 3.92489 -3.0411
-0.506264 3.91819 -3.00688
-0.555273 3.90829 -2.94227
-0.598774 3.89806 -2.91064
-0.631589 3.89021 -2.90695
-0.676564 3.87998 -2.91791
-0.72529 3.86877 -2.91535
-0.774127 3.85844 -2.93325
-0.822426 3.84578 -2.88521
-0.870598 3.83462 -2.91388
-0.918791 3.82589 -2.96249
-0.966338 3.81573 -2.93096
-1.01527 3.80545 -2.93454
-1.06346 3.79477 -2.9236
-1.10168 3.78587 -2.91271
-1.14881 3.77556 -2.92627
-1.19662 3.76098 -2.84562
-1.24416 3.74681 -2.85176
-1.26721 3.73948 -2.83384
-1.31522 3.72595 -2.8669
-1.35667 3.71273 -2.83286
-1.39644 3.69996 -2.83104
-1.44375 3.68382 -2.81262
-1.49048 3.66908 -2.8361
-1.53609 3.65363 -2.81506
-1.57514 3.63772 -2.75467
-1.60426 3.6242 -2.70696
-1.6463 3.60577 -2.72849
-1.68751 3.58666 -2.70725
-1.73144 3.56751 -2.73046
-1.77602 3.5501 -2.76941
-1.81458 3.53433 -2.7534
-1.85928 3.51282 -2.69296
-1.90125 3.49404 -2.72094
-1.93963 3.47449 -2.67045
-1.97532 3.45659 -2.67679
-2.01957 3.43338 -2.6584
-2.06016 3.41154 -2.64812
-2.09698 3.39042 -2.62065
-2.14076 3.36644 -2.64054
-2.18303 3.33981 -2.57935
-2.22218 3.31692 -2.6125
-2.26516 3.29141 -2.60608
-2.28652 3.27824 -2.58887
-2.32711 3.24908 -2.51869
-2.36419 3.22245 -2.51878
-2.40236 3.19261 -2.47797
-2.4402 3.16368 -2.48886
-2.47965 3.13396 -2.49597
-2.51713 3.10302 -2.4515
-2.55509 3.07053 -2.43368
-2.59419 3.04062 -2.48866
-2.62742 3.01273 -2.44321
-2.66581 2.98206 -2.46748
-2.69803 2.95429 -2.43037
-2.73157 2.9247 -2.41859
-2.7675 2.89019 -2.37631
-2.80224 2.85667 -2.3742
-2.8385 2.82226 -2.38237
-2.8724 2.79067 -2.39143
-2.90294 2.75784 -2.32016
-2.93731 2.72152 -2.32859
-2.96444 2.692 -2.31402
-2.98934 2.66404 -2.29825
-3.02189 2.6285 -2.31238
-3.05474 2.59082 -2.28781
-3.0854 2.55639 -2.29834
-3.11991 2.52041 -2.33538
-3.15279 2.4828 -2.28913
-3.17544 2.45738 -2.29856
-3.20713 2.41874 -2.25772
-3.23374 2.38754 -2.27695
-3.25453 2.36009 -2.21921
-3.28084 2.32509 -2.2153
-3.30727 2.28335 -2.13516
-3.33074 2.24805 -2.15767
-3.35526 2.20984 -2.14137
-3.38117 2.16908 -2.13691
-3.40528 2.13145 -2.14067
-3.43119 2.0888 -2.11678
-3.4551 2.04619 -2.08211
-3.47772 2.00265 -2.04989
-3.50171 1.9596 -2.07923
-3.52647 1.91663 -2.09354
-3.55354 1.87462 -2.14327
-3.57754 1.83655 -2.13321
-3.60066 1.79763 -2.10683
-3.62909 1.75651 -2.17565
-3.65411 1.71753 -2.14143
-3.67121 1.69089 -2.14146
-3.6817 1.67436 -2.13637
-3.69784 1.64702 -2.10428
-3.72363 1.60498 -2.12094
-3.74814 1.56209 -2.09003
-3.76277 1.53437 -2.05642
-3.78115 1.49896 -2.04942
-3.80425 1.45553 -2.05969
-3.82799 1.41588 -2.11019
-3.85445 1.37358 -2.12994
-3.87332 1.34294 -2.12283
-3.88202 1.32698 -2.06951
-3.88451 1.3221 -2.04347
-3.89721 1.2977 -2.05078
-3.90876 1.27463 -2.0349
-3.92237 1.24599 -2.01426
-3.94144 1.20368 -1.99425
-3.95679 1.16743 -1.97142
-3.97119 1.13577 -1.99753
-3.98505 1.10707 -2.02086
-3.99992 1.07551 -2.01102
-4.01155 1.05387 -2.06404
-4.02734 1.02398 -2.05669
-4.04803 0.983868 -2.04707
-4.07112 0.941062 -2.06554
-4.08733 0.908572 -2.03337
-4.10267 0.876527 -2.01736
-4.12023 0.841007 -2.03003
-4.13534 0.809915 -2.02315
-4.15098 0.78168 -2.07646
-4.15823 0.767146 -2.03383
-4.16359 0.755299 -1.99545
-4.16633 0.748395 -1.94836
-4.16948 0.739175 -1.90044
-4.17262 0.730926 -1.93458
-4.1782 0.71555 -1.91881
-4.18501 0.691133 -1.84293
-4.18951 0.673046 -1.81447
-4.19394 0.657413 -1.84661
-4.19619 0.64944 -1.84658
-4.20454 0.620592 -1.8525
-4.20767 0.60874 -1.82917
-4.21255 0.589864 -1.82372
-4.21563 0.578294 -1.83045
-4.21771 0.569016 -1.79138
-4.21856 0.565373 -1.80104
-4.22469 0.5395 -1.80334
-4.22797 0.519516 -1.73339
-4.23019 0.506198 -1.73647
-4.2318 0.495434 -1.7195
-4.23496 0.465934 -1.67722
-4.2361 0.456517 -1.69192
-4.23882 0.435262 -1.69807
-4.24198 0.404122 -1.67193
-4.24379 0.388757 -1.68773
-4.24548 0.374583 -1.68972
-4.24694 0.357266 -1.65496
-4.24807 0.347641 -1.68715
-4.2498 0.334562 -1.70237
-4.25089 0.326502 -1.70551
-4.25248 0.31419 -1.69915
-4.25509 0.291747 -1.68644
-4.25682 0.279002 -1.70635
-4.25707 0.277515 -1.73411
-4.26032 0.253237 -1.70386
-4.26412 0.226707 -1.71319
-4.26488 0.21909 -1.67023
-4.26518 0.21582 -1.66123
-4.26598 0.206264 -1.65428
-4.26659 0.196937 -1.63678
-4.26752 0.181633 -1.63087
-4.2689 0.166611 -1.6625
-4.2696 0.160086 -1.67799
-4.27114 0.14519 -1.67356
-4.2716 0.141601 -1.69931
-4.27309 0.130389 -1.70321
-4.27481 0.120081 -1.73571
-4.27771 0.106711 -1.78452
-4.27946 0.0998398 -1.8204
-4.28101 0.0939045 -1.82545
-4.28259 0.0886468 -1.86389
-4.28614 0.0771555 -1.86983
-4.2887 0.0684131 -1.85585
-4.29206 0.0566188 -1.8482
-4.29604 0.0426446 -1.8482
-4.29594 0.043047 -1.79569
-4.29929 0.0248841 -1.75318
-4.30232 0.0112562 -1.78918
True
0.162884
