-5.46252 -1.27939 0.295707
-5.42409 -1.26782 0.292388
-5.37946 -1.25346 0.311249
-5.33443 -1.2384 0.322681
-5.28631 -1.22485 0.274452
-5.24035 -1.20986 0.315449
-5.19904 -1.19591 0.325567
-5.15398 -1.18167 0.306027
-5.10586 -1.16855 0.266297
-5.05783 -1.15467 0.281365
-5.01278 -1.13973 0.320118
-4.9646 -1.12692 0.259913
-4.91951 -1.11474 0.263753
-4.8713 -1.10177 0.262822
-4.82691 -1.09164 0.224339
-4.77842 -1.08033 0.229203
-4.73264 -1.06732 0.276845
-4.6903 -1.05584 0.264827
-4.64197 -1.04425 0.235253
-4.59399 -1.03154 0.25897
-4.54547 -1.0195 0.243285
-4.50209 -1.00771 0.265494
-4.46405 -0.998003 0.249737
-4.4194 -0.984854 0.286418
-4.37264 -0.972764 0.253005
-4.32937 -0.959033 0.307278
-4.28467 -0.943647 0.331481
-4.2372 -0.928102 0.316436
-4.19705 -0.915225 0.31043
-4.15046 -0.898327 0.347907
-4.10374 -0.881745 0.341048
-4.05844 -0.866725 0.32018
-4.01582 -0.853281 0.305552
-3.96944 -0.835645 0.363357
-3.92634 -0.818173 0.385121
-3.87925 -0.803149 0.308838
-3.83155 -0.788461 0.298699
-3.79432 -0.774913 0.349026
-3.74829 -0.757493 0.36179
-3.70451 -0.740692 0.366464
-3.66021 -0.722934 0.381257
-3.62146 -0.706799 0.394533
-3.58135 -0.691457 0.365347
-3.54877 -0.679004 0.365035
-3.50443 -0.661801 0.370133
-3.45852 -0.645829 0.33481
-3.415 -0.631896 0.309806
-3.36886 -0.615747 0.336653
-3.33013 -0.602434 0.331161
-3.28224 -0.588501 0.283125
-3.23516 -0.572532 0.326992
-3.19111 -0.557275 0.333406
-3.14491 -0.542079 0.317768
-3.1104 -0.531067 0.30894
-3.0753 -0.519786 0.310939
-3.02832 -0.5038 0.328002
-2.98907 -0.490572 0.325066
-2.94413 -0.474042 0.352462
-2.90314 -0.458196 0.368824
-2.86141 -0.44288 0.3518
-2.81741 -0.425636 0.373484
-2.77052 -0.410974 0.303089
-2.72451 -0.39658 0.303205
-2.68021 -0.380885 0.340486
-2.63422 -0.365183 0.328967
-2.59151 -0.351908 0.301385
-2.54921 -0.338008 0.317487
-2.50234 -0.320639 0.354878
-2.45772 -0.302185 0.392118
-2.41176 -0.2841 0.374908
-2.36843 -0.266493 0.385964
-2.32563 -0.246066 0.445335
-2.28054 -0.227033 0.399427
-2.23417 -0.208359 0.382837
-2.18694 -0.19195 0.334383
-2.15489 -0.17834 0.401537
-2.10865 -0.160018 0.377241
-2.06391 -0.14128 0.396619
-2.02602 -0.126199 0.37881
-1.98034 -0.108071 0.377802
-1.93618 -0.092274 0.343541
-1.89933 -0.0787145 0.352556
-1.85943 -0.0624653 0.386795
-1.81463 -0.0451134 0.369527
-1.76736 -0.0296237 0.316664
-1.73053 -0.0175649 0.316356
-1.6842 -0.00100986 0.343217
-1.63681 0.01436 0.31361
-1.58819 0.0259835 0.234684
-1.54632 0.0370275 0.257868
-1.50783 0.0479066 0.275494
-1.45974 0.0612941 0.27149
-1.41142 0.0736616 0.250572
-1.36409 0.0869452 0.273621
-1.32168 0.0996242 0.290487
-1.27449 0.11487 0.312527
-1.23962 0.12863 0.375857
-1.19572 0.144664 0.350125
-1.1487 0.161011 0.334609
-1.10259 0.178752 0.367275
-1.06174 0.193283 0.341793
-1.01899 0.208573 0.343507
-0.971446 0.224028 0.314266
-0.924698 0.240212 0.333282
-0.883248 0.255094 0.34471
-0.8439 0.269897 0.359819
-0.800514 0.287603 0.387485
-0.755023 0.308268 0.426389
-0.718544 0.324792 0.425327
-0.674294 0.343934 0.408275
-0.630477 0.362469 0.400179
-0.589909 0.380907 0.426605
-0.543346 0.399088 0.372243
-0.496477 0.415908 0.344568
-0.450086 0.432751 0.348261
-0.403908 0.451793 0.391116
-0.367395 0.465651 0.362744
-0.32403 0.48294 0.37937
-0.27772 0.501643 0.383831
-0.232179 0.517108 0.327376
-0.185045 0.533473 0.334181
-0.148864 0.543557 0.271808
-0.102781 0.556792 0.279671
-0.0556596 0.570025 0.273767
-0.00738837 0.582957 0.261765
0.0347889 0.594498 0.267084
0.0766437 0.605695 0.26142
0.124392 0.61916 0.274858
0.169524 0.633234 0.30228
0.217347 0.647563 0.291119
0.254918 0.660836 0.339591
0.301769 0.677431 0.34041
0.344575 0.69334 0.355848
0.391364 0.710201 0.345868
0.437654 0.724512 0.299834
0.482971 0.737179 0.272578
0.523424 0.751796 0.346727
0.56972 0.766199 0.301608
0.615561 0.780858 0.30951
0.661146 0.795823 0.317192
0.701934 0.807038 0.268347
0.750196 0.820104 0.264389
0.793045 0.833503 0.30306
0.838963 0.850036 0.345606
0.886177 0.865221 0.311183
0.931652 0.879182 0.297851
0.979373 0.892733 0.276687
1.02452 0.906637 0.298766
1.06826 0.920025 0.297012
1.10356 0.931602 0.316879
1.15024 0.948497 0.347314
1.1906 0.961399 0.309416
1.23762 0.977113 0.322486
1.28479 0.992246 0.310435
1.33229 1.00724 0.305879
1.37373 1.01928 0.282542
1.42002 1.03268 0.281795
1.46807 1.04638 0.277911
1.51444 1.05969 0.279502
1.56219 1.07434 0.297604
1.60929 1.08985 0.318173
1.65559 1.10648 0.344743
1.70081 1.12361 0.362247
1.74636 1.14397 0.420177
1.78912 1.16183 0.395718
1.83583 1.17957 0.362912
1.87082 1.19407 0.393028
1.91752 1.21073 0.342639
1.96412 1.22643 0.325037
1.9946 1.23594 0.302441
2.04277 1.24934 0.271302
2.08602 1.2615 0.274022
2.13153 1.27408 0.269592
2.17958 1.28792 0.280466
2.22788 1.29997 0.244469
2.2687 1.3084 0.203724
2.30389 1.31755 0.254476
2.34748 1.32611 0.193781
2.38416 1.33304 0.186908
2.43243 1.34509 0.2445
2.48051 1.35799 0.262143
2.52795 1.37009 0.249713
2.57482 1.38348 0.278307
2.62251 1.39657 0.26791
2.66402 1.40807 0.270172
2.69948 1.4197 0.317034
2.74548 1.43764 0.371761
2.78929 1.45242 0.325506
2.8359 1.46971 0.355117
2.88277 1.48679 0.349606
2.92729 1.50106 0.310133
2.9724 1.51415 0.28246
3.01774 1.52597 0.255027
3.0648 1.54238 0.335438
3.11088 1.5586 0.338436
3.15513 1.57283 0.311189
3.20028 1.58732 0.310547
3.24757 1.60173 0.295736
3.29137 1.61475 0.289015
3.32838 1.62534 0.278689
3.37071 1.63847 0.300685
3.41334 1.65287 0.325849
3.43565 1.66117 0.356109
3.46233 1.67101 0.353271
3.49486 1.68343 0.364814
3.52994 1.69736 0.378005
3.56747 1.71251 0.383607
3.61003 1.73081 0.406121
3.65269 1.74878 0.39864
3.69769 1.76776 0.399088
3.73848 1.78394 0.377665
3.77592 1.7999 0.403012
3.80592 1.81311 0.414721
3.83019 1.82402 0.422354
3.86897 1.83938 0.377149
3.9138 1.85701 0.37476
3.9568 1.87454 0.387069
3.97013 1.88049 0.419664
4.00214 1.89379 0.393806
4.03947 1.91062 0.423653
4.05721 1.91789 0.389044
4.08343 1.9281 0.371202
4.11336 1.93964 0.368065
4.14422 1.95104 0.353832
4.17084 1.96164 0.379009
4.20318 1.97547 0.404007
4.22752 1.98571 0.398312
4.24847 1.99383 0.369513
4.27226 2.00338 0.381975
4.30228 2.01565 0.387848
4.32511 2.02501 0.389151
4.34715 2.03385 0.381617
4.35741 2.03807 0.389733
4.36781 2.04193 0.355492
4.37613 2.04457 0.307607
4.38986 2.04886 0.302337
4.4076 2.05367 0.264779
4.42267 2.05772 0.262809
4.44313 2.06383 0.290473
4.45143 2.06611 0.268014
4.45683 2.06755 0.260107
4.46387 2.06954 0.275971
4.48579 2.07543 0.262244
4.50674 2.0815 0.282112
4.53257 2.08969 0.306982
4.55555 2.09755 0.329583
4.58338 2.10637 0.30698
4.6042 2.11288 0.302801
4.63026 2.12091 0.299215
4.66196 2.13091 0.305525
4.69449 2.14085 0.296423
4.73138 2.15141 0.278935
4.76826 2.16239 0.289329
4.79796 2.17157 0.299653
4.82069 2.17904 0.317596
4.84261 2.18656 0.330554
4.87386 2.19758 0.339025
4.89364 2.20555 0.382784
4.9148 2.21358 0.362924
4.91556 2.21386 0.347008
4.93286 2.21967 0.324079
4.95965 2.22836 0.313796
4.97691 2.23382 0.306235
4.98236 2.23578 0.344759
4.98484 2.23661 0.324098
4.99148 2.23903 0.349702
4.99831 2.24164 0.365108
5.00332 2.24349 0.352369
5.00441 2.24393 0.386188
5.02505 2.25093 0.327321
5.03212 2.25333 0.326711
5.04391 2.25682 0.287877
5.06153 2.26206 0.288922
5.07089 2.26497 0.301535
5.0772 2.26653 0.241715
5.08701 2.269 0.247138
5.09005 2.26971 0.229543
5.10256 2.27258 0.225077
5.11075 2.27424 0.200198
5.10987 2.27402 0.241708
5.11831 2.27597 0.227121
5.12787 2.27818 0.227537
5.13265 2.27947 0.262338
5.13112 2.27904 0.273136
5.14005 2.28118 0.235022
5.14119 2.28143 0.215838
5.14498 2.28207 0.169163
5.14785 2.28257 0.171999
5.16135 2.28548 0.211756
5.17007 2.2871 0.184651
5.18251 2.28955 0.193933
5.18785 2.29066 0.204783
5.20602 2.29431 0.198596
True
0.274878
