4.48445 0.000907844 3.08328
4.46896 0.00207935 3.0661
4.45657 0.00301083 3.06656
4.43547 0.00468224 3.06256
4.41975 0.00660114 3.02008
4.38823 0.0111237 2.9991
4.36158 0.0152481 2.98805
4.33687 0.0198122 2.95896
4.31214 0.0269408 2.86097
4.28658 0.0371892 2.76018
4.24643 0.0550404 2.72322
4.21327 0.0731621 2.64149
4.17777 0.0980057 2.53102
4.17233 0.102157 2.48967
4.16093 0.112722 2.39431
4.14144 0.133814 2.31658
4.12054 0.155905 2.32857
4.09439 0.186373 2.28011
4.07491 0.211094 2.23804
4.04882 0.250147 2.15971
4.02247 0.29209 2.13175
3.99758 0.335453 2.09194
3.97974 0.367412 2.07983
3.96521 0.398005 2.01432
3.94482 0.440979 2.01386
3.92899 0.484042 1.92296
3.91578 0.517379 1.94804
3.90548 0.546051 1.91564
3.89406 0.583039 1.87035
3.88009 0.630451 1.85732
3.86652 0.67403 1.87264
3.85266 0.719249 1.86825
3.83831 0.766521 1.86552
3.82966 0.796666 1.85029
3.81831 0.83668 1.84709
3.80641 0.884114 1.81663
3.79545 0.928197 1.81442
3.78619 0.96533 1.81524
3.77691 1.00192 1.81919
3.77077 1.03238 1.76983
3.7616 1.07384 1.78852
3.75008 1.12216 1.80469
3.74037 1.16815 1.77902
3.72913 1.20688 1.85312
3.71735 1.25359 1.81792
3.70589 1.30165 1.80478
3.69577 1.34158 1.81913
3.68461 1.38672 1.81307
3.67144 1.43112 1.85928
3.65667 1.47881 1.87114
3.6425 1.52443 1.87182
3.62725 1.56888 1.90133
3.60807 1.61504 1.9647
3.58693 1.66034 2.00745
3.56415 1.70484 2.04377
3.54225 1.749 2.03114
3.5216 1.79048 2.03278
3.50213 1.82452 2.09039
3.47607 1.86683 2.12289
3.46051 1.89244 2.11678
3.43273 1.93401 2.15981
3.40664 1.97666 2.11981
3.37807 2.01767 2.1793
3.35649 2.0468 2.20835
3.33359 2.07742 2.2129
3.30512 2.11482 2.22159
3.27659 2.15304 2.21195
3.24758 2.19372 2.19037
3.21829 2.23423 2.19672
3.18901 2.27473 2.1967
3.16778 2.30516 2.18007
3.14316 2.34104 2.17223
3.11701 2.3777 2.19034
3.09584 2.40573 2.21766
3.06805 2.4433 2.20767
3.04525 2.47355 2.21669
3.01409 2.51217 2.24963
2.9813 2.54991 2.28606
2.94978 2.58782 2.26455
2.93321 2.60788 2.26117
2.90402 2.64415 2.24836
2.87483 2.67892 2.26924
2.85439 2.70259 2.2831
2.83656 2.72357 2.27502
2.80258 2.75977 2.32463
2.77038 2.79542 2.3055
2.74569 2.82042 2.34979
2.72212 2.84368 2.36277
2.70028 2.86411 2.38972
2.66567 2.89887 2.35393
2.63772 2.92594 2.37216
2.6079 2.95498 2.36956
2.57625 2.98602 2.36598
2.54 3.01702 2.43399
2.5041 3.05176 2.37253
2.46946 3.08496 2.37749
2.44115 3.11029 2.41175
2.40656 3.13759 2.4734
2.3674 3.16647 2.50619
2.32712 3.19297 2.55973
2.28788 3.21763 2.58056
2.24962 3.23835 2.64522
2.20879 3.26079 2.63897
2.16557 3.28446 2.64058
2.12768 3.3056 2.63266
2.08456 3.33092 2.61061
2.04441 3.35247 2.64901
2.00079 3.37676 2.63362
1.95547 3.39788 2.70539
1.92132 3.41325 2.71876
1.9079 3.41958 2.7008
1.89438 3.42618 2.68777
1.85306 3.44779 2.65959
1.82314 3.46405 2.64386
1.77833 3.48616 2.68318
1.73824 3.50628 2.67651
1.6996 3.52524 2.68541
1.65384 3.54537 2.72713
1.60734 3.56375 2.76525
1.5612 3.583 2.74629
1.52586 3.59712 2.76137
1.48467 3.61284 2.77701
1.44095 3.62938 2.77991
1.40265 3.64258 2.8098
1.35807 3.65914 2.78593
1.3109 3.67536 2.8104
1.26418 3.69305 2.7796
1.21874 3.70889 2.8063
1.17768 3.7227 2.81705
1.13147 3.73616 2.85812
1.10162 3.7453 2.84432
1.07009 3.75442 2.86014
1.023 3.76911 2.83922
0.974398 3.78086 2.90436
0.928157 3.79424 2.86006
0.897875 3.80153 2.90518
0.868932 3.80952 2.87228
0.821621 3.82337 2.8568
0.782004 3.83448 2.8681
0.733617 3.84615 2.90493
0.684999 3.85783 2.90597
0.637314 3.8725 2.84313
0.59048 3.88363 2.90829
0.547275 3.89383 2.90965
0.498988 3.90579 2.89883
0.461446 3.91532 2.89303
0.421462 3.92541 2.89426
0.37661 3.9335 2.9632
0.335528 3.94127 2.95476
0.290434 3.94936 2.96394
0.245228 3.95749 2.96365
0.205535 3.96265 3.0124
0.160005 3.96649 3.05736
0.110799 3.96883 3.09407
0.0614671 3.97172 3.08311
0.0182323 3.97336 3.10369
-0.0206834 3.97651 3.06085
-0.0700896 3.97666 3.13849
-0.114014 3.97593 3.1583
-0.163556 3.97401 -3.10276
-0.211164 3.97228 -3.10531
-0.258227 3.97072 -3.10843
-0.297451 3.9684 -3.08256
-0.32607 3.96637 -3.07082
-0.37579 3.96223 -3.05852
-0.413196 3.95922 -3.06121
-0.452962 3.95786 -3.10748
-0.492571 3.95514 -3.07311
-0.537685 3.95076 -3.04472
-0.587285 3.94452 -3.01637
-0.621073 3.94085 -3.03358
-0.6531 3.93617 -2.99636
-0.690961 3.93055 -2.99431
-0.713896 3.92793 -3.02772
-0.751211 3.92322 -3.01622
-0.799741 3.91629 -2.99964
-0.841645 3.91096 -3.01506
-0.89061 3.90407 -3.00188
-0.936234 3.89706 -2.98909
-0.97358 3.89126 -2.98739
-1.0221 3.87965 -2.90683
-1.0702 3.86609 -2.86684
-1.11051 3.85508 -2.87484
-1.15754 3.83811 -2.79537
-1.20452 3.82101 -2.79255
-1.24745 3.80675 -2.82078
-1.29027 3.79009 -2.7706
-1.33627 3.77137 -2.7551
-1.38018 3.75276 -2.74074
-1.41954 3.7339 -2.69478
-1.46468 3.71241 -2.69722
-1.51021 3.69305 -2.73953
-1.53735 3.68207 -2.75712
-1.58353 3.66328 -2.75514
-1.62044 3.6478 -2.74446
-1.66403 3.62797 -2.71463
-1.70935 3.60854 -2.73669
-1.74098 3.59368 -2.70234
-1.78595 3.57201 -2.69265
-1.82898 3.54661 -2.60813
-1.86969 3.52094 -2.57903
-1.90724 3.49558 -2.54768
-1.94186 3.472 -2.54352
-1.98044 3.44555 -2.5408
-2.0149 3.42237 -2.54945
-2.05521 3.39531 -2.55032
-2.08506 3.37542 -2.55382
-2.1266 3.34798 -2.55779
-2.16717 3.31886 -2.51905
-2.20819 3.29076 -2.54109
-2.24837 3.26106 -2.50502
-2.28915 3.23233 -2.52777
-2.30915 3.21805 -2.52154
-2.33461 3.19948 -2.51149
-2.36338 3.1777 -2.49359
-2.40236 3.14763 -2.48455
-2.43683 3.12081 -2.48042
-2.47041 3.09293 -2.44857
-2.50782 3.05981 -2.41694
-2.54526 3.0279 -2.4359
-2.58105 2.993 -2.36877
-2.6134 2.96572 -2.44103
-2.64821 2.93602 -2.43509
-2.68366 2.90204 -2.3773
-2.7173 2.86514 -2.31009
-2.75123 2.82899 -2.32453
-2.78117 2.79584 -2.30537
-2.81504 2.75955 -2.32163
-2.84948 2.72623 -2.37275
-2.88123 2.69212 -2.32044
-2.91513 2.6571 -2.33988
-2.94995 2.62181 -2.34958
-2.98441 2.58559 -2.33116
-3.01841 2.54893 -2.31871
-3.04879 2.51462 -2.29551
-3.07573 2.48379 -2.28889
-3.10394 2.4489 -2.25068
-3.13317 2.41391 -2.2669
-3.16433 2.37641 -2.26398
-3.19404 2.33763 -2.22454
-3.2236 2.30132 -2.25411
-3.25582 2.26309 -2.27103
-3.28695 2.22847 -2.30319
-3.30825 2.20028 -2.21804
-3.3385 2.16051 -2.22105
-3.36654 2.12108 -2.18889
-3.39152 2.08356 -2.15811
-3.41582 2.04678 -2.15483
-3.43966 2.01221 -2.17457
-3.46749 1.97221 -2.17843
-3.49479 1.93552 -2.21054
-3.5181 1.90503 -2.22369
-3.54608 1.86794 -2.21708
-3.5663 1.8407 -2.20925
-3.59235 1.80603 -2.2151
-3.62159 1.76677 -2.21106
-3.65141 1.72833 -2.23045
-3.67394 1.69794 -2.20882
-3.69528 1.66775 -2.18608
-3.7134 1.63977 -2.14565
-3.73132 1.61263 -2.15426
-3.74538 1.58905 -2.10829
-3.7628 1.55987 -2.10922
-3.7801 1.53103 -2.11112
-3.78611 1.52068 -2.09671
-3.80016 1.49456 -2.06432
-3.82213 1.45609 -2.08981
-3.84143 1.42161 -2.08104
-3.86361 1.38271 -2.08879
-3.88875 1.34207 -2.12496
-3.90136 1.32232 -2.13915
-3.91277 1.3049 -2.15027
-3.9276 1.28245 -2.15459
-3.94201 1.26065 -2.15511
-3.95916 1.23467 -2.15399
-3.9802 1.20092 -2.12836
-3.99672 1.17348 -2.11264
-4.02115 1.13018 -2.08453
-4.04097 1.09011 -2.03019
-4.05465 1.06066 -2.00559
-4.07039 1.02786 -2.01816
-4.08006 1.00746 -2.01363
-4.09241 0.980067 -1.99426
-4.10844 0.947964 -2.03387
-4.11713 0.931935 -2.06749
-4.13011 0.908288 -2.07311
-4.13236 0.904003 -2.05347
-4.13529 0.898161 -2.03594
-4.14466 0.877721 -2.00049
-4.14908 0.867435 -1.97691
-4.15476 0.853563 -1.95906
-4.1588 0.843155 -1.94141
-4.1682 0.820745 -1.96788
-4.17512 0.805287 -1.9919
-4.18399 0.784516 -1.97451
-4.18608 0.779471 -1.9625
-4.19324 0.760188 -1.92626
-4.20285 0.734063 -1.92355
-4.21016 0.714245 -1.92395
-4.21808 0.693763 -1.93982
-4.22097 0.685785 -1.91803
-4.22323 0.67911 -1.8981
-4.22331 0.678864 -1.86402
-4.2247 0.674624 -1.88834
-4.22607 0.670869 -1.91906
-4.23008 0.660321 -1.93474
-4.23546 0.648014 -1.9829
-4.24377 0.628955 -1.98176
-4.24704 0.621327 -1.97546
-4.25199 0.608947 -1.95149
-4.25822 0.594076 -1.96767
-4.26151 0.586735 -1.99179
-4.26401 0.58045 -1.94918
-4.26632 0.574972 -1.97057
-4.26828 0.570258 -1.96354
-4.2692 0.568023 -1.9644
-4.27162 0.562595 -1.98991
-4.27868 0.547862 -2.0177
-4.27961 0.546123 -2.06089
-4.28566 0.533901 -2.03049
-4.29019 0.525105 -2.04632
-4.29237 0.520899 -2.04917
-4.29268 0.52026 -2.01672
-4.29565 0.514138 -2.02344
-4.29268 0.519937 -2.04504
-4.29386 0.517586 -2.03842
-4.29885 0.507448 -2.02764
-4.30142 0.502405 -2.04288
-4.30617 0.49208 -2.00224
-4.31151 0.481039 -2.02125
True
0.173831
