-5.46516 -0.0714856 0.145501
-5.43343 -0.0663665 0.159933
-5.39608 -0.0613718 0.132954
-5.34827 -0.0550554 0.131334
-5.30641 -0.0489023 0.145954
-5.26979 -0.0441565 0.128894
-5.22385 -0.0373861 0.14632
-5.17439 -0.0310533 0.127335
-5.13354 -0.0261682 0.119023
-5.08877 -0.019897 0.139184
-5.03976 -0.0100554 0.198136
-4.99875 -0.00198663 0.194275
-4.94985 0.00625812 0.167032
-4.90081 0.0136067 0.148744
-4.852 0.0225952 0.182117
-4.80614 0.0312596 0.186751
-4.75779 0.0424649 0.227717
-4.70954 0.0555598 0.264994
-4.66206 0.0689104 0.274135
-4.61411 0.0830469 0.28668
-4.56704 0.098312 0.313644
-4.52546 0.110319 0.281115
-4.48231 0.122825 0.282083
-4.44122 0.13574 0.304536
-4.39353 0.148909 0.269379
-4.35067 0.160687 0.268209
-4.30404 0.17376 0.273349
-4.25874 0.185575 0.255115
-4.21155 0.197041 0.238365
-4.16724 0.209988 0.28428
-4.12143 0.221215 0.240354
-4.07337 0.233294 0.246233
-4.02765 0.245926 0.269542
-3.97935 0.258265 0.250113
-3.93148 0.26968 0.234112
-3.88451 0.281223 0.240945
-3.83648 0.295098 0.281272
-3.78783 0.306607 0.232304
-3.73908 0.31768 0.223322
-3.6935 0.329393 0.251524
-3.64502 0.337286 0.16142
-3.59835 0.345223 0.168417
-3.54909 0.353423 0.164976
-3.50483 0.359583 0.138293
-3.45773 0.365146 0.117568
-3.40805 0.369828 0.0939543
-3.35959 0.378424 0.175553
-3.31467 0.386579 0.179588
-3.26589 0.39754 0.221053
-3.22131 0.405928 0.185985
-3.17479 0.414573 0.183708
-3.1277 0.42352 0.187789
-3.07972 0.433043 0.195934
-3.03625 0.442251 0.20875
-2.9892 0.450428 0.172056
-2.94041 0.461379 0.220825
-2.89993 0.470286 0.216538
-2.85215 0.481944 0.239329
-2.80405 0.495319 0.271194
-2.75696 0.50635 0.230142
-2.71168 0.516381 0.217992
-2.66891 0.524544 0.188592
-2.61975 0.53366 0.183355
-2.57075 0.541448 0.1576
-2.53092 0.548132 0.166264
-2.48259 0.555077 0.142732
-2.43638 0.561351 0.134959
-2.38743 0.570976 0.194139
-2.34272 0.580429 0.208365
-2.30767 0.5864 0.168728
-2.26415 0.593009 0.150712
-2.21655 0.601518 0.176895
-2.16837 0.611855 0.211346
-2.11956 0.620769 0.180626
-2.07133 0.631275 0.214486
-2.02547 0.639883 0.185558
-1.97709 0.651695 0.239451
-1.92825 0.661365 0.195481
-1.8812 0.671597 0.214115
-1.83211 0.681053 0.19028
-1.79342 0.687383 0.162202
-1.7446 0.698155 0.217168
-1.69528 0.706332 0.16429
-1.64604 0.714922 0.172711
-1.60313 0.722088 0.165473
-1.55335 0.726025 0.0789292
-1.51292 0.730286 0.10499
-1.46332 0.734166 0.0780777
-1.41561 0.73684 0.0559972
-1.36572 0.73964 0.0560432
-1.327 0.740888 0.0322307
-1.28997 0.741573 0.0184991
-1.24522 0.742857 0.0286957
-1.20437 0.7447 0.0450757
-1.15441 0.746289 0.0318027
-1.1049 0.751795 0.110746
-1.05717 0.755265 0.072576
-1.01457 0.759508 0.0992722
-0.965403 0.767611 0.163343
-0.916359 0.776616 0.181583
-0.867279 0.785039 0.169966
-0.818494 0.795471 0.21067
-0.770877 0.802872 0.154186
-0.721873 0.812765 0.199199
-0.672495 0.819891 0.143321
-0.626363 0.827653 0.166707
-0.581232 0.835599 0.174276
-0.539056 0.841976 0.150066
-0.489334 0.84724 0.105467
-0.440126 0.854956 0.155539
-0.391751 0.863994 0.184698
-0.350569 0.872193 0.196535
-0.30272 0.87967 0.154998
-0.25773 0.888544 0.194761
-0.208497 0.896299 0.156234
-0.162655 0.901955 0.122757
-0.122199 0.907069 0.12574
-0.0817457 0.912812 0.141006
-0.0426602 0.917837 0.127877
0.00411109 0.922152 0.0920013
0.0538104 0.925678 0.0708328
0.103265 0.929475 0.0766196
0.144402 0.930966 0.0362236
0.191691 0.934075 0.0656584
0.236658 0.937154 0.0683624
0.268085 0.940748 0.113873
0.302219 0.945041 0.125114
0.348568 0.94943 0.094401
0.383012 0.9538 0.126194
0.432411 0.958603 0.096937
0.481131 0.96507 0.131951
0.522938 0.969426 0.103833
0.569697 0.973089 0.0781731
0.618608 0.979751 0.135379
0.665148 0.985129 0.115045
0.714513 0.991214 0.122649
0.763344 0.994316 0.0634256
0.812607 0.99884 0.091574
0.862103 1.00376 0.0991702
0.911298 1.01013 0.128628
0.953293 1.01396 0.0909963
0.995513 1.01838 0.104255
1.03975 1.02436 0.134477
1.08617 1.03219 0.166997
1.12839 1.03951 0.171703
1.17748 1.04899 0.190856
1.22474 1.06011 0.231101
1.26388 1.07084 0.267562
1.30469 1.08326 0.295361
1.34936 1.09694 0.297205
1.38826 1.10917 0.304478
1.43373 1.12143 0.263449
1.47478 1.13177 0.246791
1.5138 1.14081 0.227653
1.55387 1.15072 0.242482
1.60011 1.16029 0.2041
1.64885 1.17145 0.225041
1.69809 1.17937 0.159482
1.7474 1.18757 0.164726
1.78798 1.19455 0.170287
1.83631 1.20372 0.187546
1.88376 1.21376 0.208584
1.93024 1.2217 0.169168
1.97017 1.22896 0.179828
2.01849 1.2371 0.166848
2.06719 1.24686 0.197858
2.11661 1.25379 0.139268
2.16082 1.26053 0.151256
2.20863 1.26856 0.166581
2.25714 1.27857 0.203471
2.3062 1.288 0.189821
2.3453 1.29385 0.148616
2.39442 1.30133 0.151133
2.43605 1.30965 0.197098
2.4848 1.32069 0.222663
2.53274 1.33175 0.226811
2.56254 1.33797 0.205674
2.61028 1.35011 0.249039
2.64661 1.35939 0.250071
2.6931 1.37198 0.264449
2.73329 1.38418 0.294701
2.78166 1.39681 0.255462
2.82802 1.4102 0.281179
2.87602 1.42353 0.270856
2.92128 1.43402 0.227898
2.96946 1.44593 0.242202
3.01683 1.45714 0.232463
3.06366 1.46789 0.22566
3.10921 1.47737 0.205232
3.15718 1.48693 0.196738
3.20428 1.49508 0.171222
3.25179 1.50227 0.150223
3.30063 1.50844 0.125654
3.35009 1.51378 0.10758
3.39746 1.52055 0.141916
3.43952 1.52633 0.136622
3.48346 1.53268 0.143553
3.52555 1.53834 0.1336
3.57405 1.54632 0.163026
3.61562 1.55339 0.168434
3.65282 1.55944 0.161243
3.69294 1.56607 0.163933
3.71581 1.56904 0.128827
3.7527 1.57436 0.143216
3.78482 1.58048 0.18831
3.82215 1.58854 0.212731
3.87049 1.60042 0.24097
3.90978 1.61144 0.273406
3.93639 1.61857 0.261785
3.97074 1.62606 0.214817
4.01579 1.6343 0.180762
4.04553 1.63939 0.169768
4.08902 1.64614 0.153797
4.12406 1.6513 0.146463
4.15975 1.65711 0.161352
4.20072 1.66361 0.15715
4.24897 1.66931 0.117772
4.28495 1.67353 0.116666
4.3197 1.67766 0.118298
4.35503 1.68377 0.171317
4.38661 1.69097 0.223955
4.4234 1.69848 0.201434
4.46055 1.70578 0.194066
4.48462 1.71087 0.208376
4.51825 1.71829 0.217225
4.54767 1.72521 0.230983
4.57394 1.73002 0.181203
4.60087 1.73411 0.150693
4.63358 1.7397 0.169218
4.67939 1.74661 0.149632
4.72225 1.75441 0.180047
4.75236 1.76119 0.221348
4.79573 1.77231 0.251118
4.83593 1.78336 0.268202
4.86673 1.79355 0.319669
4.88484 1.8002 0.35157
4.90158 1.80604 0.33582
4.92223 1.81285 0.318428
4.95502 1.82352 0.314668
4.9668 1.82727 0.307909
4.97282 1.82872 0.237739
4.98049 1.83076 0.259053
4.99345 1.83479 0.301943
5.00326 1.83802 0.317527
5.01515 1.84149 0.284286
5.02884 1.84478 0.235456
5.03758 1.84683 0.230612
5.04977 1.84933 0.202333
5.06082 1.85114 0.162607
5.07143 1.85275 0.150697
5.08863 1.85548 0.156936
5.10444 1.85858 0.193848
5.10853 1.85931 0.17595
5.11129 1.85963 0.117917
5.12015 1.86057 0.105258
5.13432 1.86105 0.0335869
5.14865 1.86108 0.00213983
5.15427 1.86094 -0.0239074
5.1479 1.86094 -0.000502897
5.15356 1.86089 -0.00956261
5.16876 1.86087 -0.00147003
5.16977 1.86085 -0.0196535
5.18274 1.86018 -0.0514575
5.20522 1.85814 -0.0905214
True
0.277421
