4.48266 -0.00600857 -2.80812
4.45729 -0.0168353 -2.73819
4.42857 -0.0291167 -2.73749
4.38442 -0.0502688 -2.69477
4.3567 -0.0656029 -2.63629
4.31697 -0.0901997 -2.5873
4.288 -0.113319 -2.46814
4.26054 -0.135163 -2.46958
4.23212 -0.159484 -2.43363
4.20969 -0.17938 -2.41615
4.17456 -0.21496 -2.34983
4.14597 -0.242801 -2.36939
4.12159 -0.269248 -2.31551
4.09834 -0.299379 -2.22812
4.08159 -0.324157 -2.16525
4.05999 -0.356109 -2.16513
4.0342 -0.392542 -2.18685
4.00642 -0.432767 -2.1751
3.98088 -0.467794 -2.20098
3.95437 -0.507484 -2.15964
3.92663 -0.548438 -2.16612
3.90536 -0.581614 -2.14095
3.89761 -0.59454 -2.11071
3.88101 -0.620345 -2.14248
3.86326 -0.650385 -2.10451
3.84003 -0.688196 -2.12165
3.81887 -0.722616 -2.12212
3.7989 -0.759191 -2.0704
3.78275 -0.78952 -2.06013
3.76212 -0.835011 -1.99664
3.74138 -0.880497 -1.99859
3.72369 -0.922688 -1.96786
3.70826 -0.966024 -1.91286
3.69332 -1.01021 -1.89681
3.68261 -1.04 -1.91603
3.66651 -1.08728 -1.89884
3.65034 -1.13411 -1.90334
3.63834 -1.16649 -1.9256
3.62246 -1.2125 -1.90312
3.60814 -1.25815 -1.87475
3.59385 -1.30043 -1.89681
3.5767 -1.34671 -1.92581
3.56132 -1.39209 -1.89754
3.54502 -1.43755 -1.91488
3.52904 -1.48481 -1.89703
3.518 -1.51605 -1.91026
3.51068 -1.53397 -1.95874
3.49622 -1.56836 -1.96891
3.47899 -1.61525 -1.92283
3.46108 -1.66193 -1.93715
3.44304 -1.70522 -1.9657
3.42259 -1.75069 -1.99346
3.4111 -1.77496 -2.01291
3.39137 -1.82088 -1.97666
3.36878 -1.86493 -2.04457
3.34948 -1.90405 -2.02911
3.32607 -1.94797 -2.06053
3.30519 -1.99022 -2.02971
3.28079 -2.03372 -2.08212
3.25746 -2.0779 -2.05665
3.23739 -2.11494 -2.06738
3.21043 -2.157 -2.1407
3.18491 -2.19135 -2.2097
3.1558 -2.23153 -2.19784
3.13085 -2.26669 -2.188
3.10547 -2.30057 -2.21362
3.07618 -2.33758 -2.24032
3.04967 -2.37163 -2.23244
3.02142 -2.40698 -2.24498
2.9905 -2.4457 -2.24466
2.96903 -2.47466 -2.20866
2.94608 -2.50452 -2.2261
2.91605 -2.54089 -2.26104
2.88724 -2.57682 -2.24665
2.86988 -2.59726 -2.27482
2.84166 -2.63209 -2.25185
2.80953 -2.67026 -2.2705
2.77637 -2.70763 -2.29655
2.74743 -2.73857 -2.32277
2.71208 -2.77393 -2.35597
2.67754 -2.80765 -2.36828
2.64435 -2.83938 -2.3786
2.60787 -2.87303 -2.3966
2.58004 -2.89682 -2.43423
2.54262 -2.92997 -2.41663
2.5087 -2.96237 -2.37922
2.474 -2.99838 -2.33759
2.43926 -3.03361 -2.34925
2.40791 -3.06182 -2.40875
2.36955 -3.0939 -2.44518
2.3408 -3.11737 -2.45699
2.3103 -3.1448 -2.40911
2.27683 -3.17199 -2.45933
2.23814 -3.20184 -2.4844
2.19852 -3.22895 -2.54167
2.1576 -3.25479 -2.57823
2.12378 -3.27637 -2.57356
2.08091 -3.30144 -2.61246
2.03805 -3.3271 -2.60213
1.99359 -3.34989 -2.66801
1.95578 -3.36995 -2.65385
1.92017 -3.38859 -2.65927
1.88788 -3.40477 -2.67704
1.84247 -3.42569 -2.70983
1.80195 -3.44279 -2.74228
1.75625 -3.46221 -2.73983
1.71218 -3.47987 -2.76057
1.67046 -3.49606 -2.77129
1.63196 -3.51059 -2.78063
1.58535 -3.52784 -2.78727
1.5505 -3.54046 -2.7941
1.50435 -3.55687 -2.7999
1.4595 -3.5707 -2.84252
1.41337 -3.58789 -2.78482
1.36619 -3.60155 -2.8598
1.31814 -3.61409 -2.88642
1.27168 -3.62766 -2.85727
1.22377 -3.64002 -2.8892
1.18677 -3.65028 -2.87108
1.14971 -3.66105 -2.85876
1.1022 -3.67367 -2.88189
1.0553 -3.68617 -2.88127
1.00651 -3.69665 -2.92986
0.964814 -3.70593 -2.92264
0.918224 -3.7189 -2.87018
0.888367 -3.72513 -2.93563
0.839357 -3.73485 -2.94595
0.805403 -3.74104 -2.96112
0.762646 -3.75101 -2.91245
0.72936 -3.75772 -2.94271
0.681085 -3.76779 -2.93599
0.637397 -3.779 -2.89048
0.588383 -3.78883 -2.94361
0.540196 -3.79904 -2.93285
0.504871 -3.80433 -2.99289
0.455806 -3.81395 -2.94805
0.419096 -3.81995 -2.97958
0.373011 -3.82849 -2.95836
0.32693 -3.83522 -2.99653
0.283726 -3.83947 -3.04346
0.233948 -3.84395 -3.05187
0.18722 -3.84751 -3.06566
0.156727 -3.84854 -3.10763
0.114157 -3.8517 -3.06765
0.069364 -3.85667 -3.0311
0.0276721 -3.85915 -3.082
-0.022319 -3.85841 -3.15635
-0.0610323 -3.85817 3.13526
-0.109266 -3.85602 3.09705
-0.153273 -3.85428 3.10212
-0.202218 -3.85197 3.09444
-0.249967 -3.85 3.10031
-0.297946 -3.84676 3.07425
-0.335431 -3.84537 3.10454
-0.378306 -3.84298 3.08584
-0.426624 -3.84082 3.09684
-0.469226 -3.83642 3.03862
-0.512134 -3.8327 3.05514
-0.561408 -3.82871 3.06094
-0.606942 -3.8244 3.04714
-0.656606 -3.81981 3.04951
-0.702062 -3.81332 2.99976
-0.751568 -3.80637 3.00196
-0.800529 -3.79797 2.97184
-0.849356 -3.7907 2.99374
-0.898194 -3.78169 2.95919
-0.946879 -3.7723 2.95104
-0.993005 -3.76187 2.91925
-1.03435 -3.75317 2.93401
-1.08298 -3.74173 2.91063
-1.12834 -3.72943 2.87678
-1.1757 -3.71488 2.84348
-1.21745 -3.69911 2.78043
-1.26376 -3.68423 2.83065
-1.30451 -3.67194 2.8488
-1.35176 -3.65633 2.82239
-1.39712 -3.64246 2.84503
-1.44091 -3.62689 2.79979
-1.4837 -3.612 2.8067
-1.53085 -3.59585 2.81174
-1.57841 -3.58054 2.8302
-1.62624 -3.56601 2.84657
-1.67412 -3.55218 2.86033
-1.7192 -3.53643 2.80554
-1.76568 -3.5187 2.77721
-1.81286 -3.5023 2.80708
-1.85926 -3.48853 2.85305
-1.90666 -3.47555 2.87437
-1.95053 -3.46121 2.82564
-1.99166 -3.44759 2.82177
-2.03853 -3.43132 2.80753
-2.07822 -3.4184 2.82684
-2.12288 -3.40293 2.80799
-2.16832 -3.38516 2.76898
-2.21052 -3.36965 2.78942
-2.24959 -3.35609 2.8074
-2.2809 -3.34671 2.85042
-2.32826 -3.33199 2.84036
-2.37551 -3.3163 2.82092
-2.41776 -3.30234 2.82245
-2.46517 -3.28902 2.86785
-2.49334 -3.28194 2.8953
-2.5407 -3.26781 2.85168
-2.56944 -3.25923 2.85135
-2.58412 -3.25517 2.87198
-2.61052 -3.24726 2.85024
-2.6287 -3.24186 2.85308
-2.65783 -3.23389 2.87455
-2.69105 -3.2261 2.91137
-2.73861 -3.21595 2.93117
-2.78009 -3.20501 2.88381
-2.82207 -3.19305 2.8641
-2.85807 -3.18139 2.82835
-2.90055 -3.16634 2.80097
-2.93983 -3.15239 2.80041
-2.97219 -3.14038 2.78618
-2.98605 -3.1356 2.80993
-3.00454 -3.12913 2.80464
-3.01712 -3.12466 2.80071
-3.04575 -3.1149 2.81311
-3.08763 -3.10139 2.82948
-3.11314 -3.09198 2.788
-3.15138 -3.07718 2.77234
-3.17596 -3.06696 2.74763
-3.20635 -3.05365 2.72886
-3.22859 -3.04362 2.71783
-3.26466 -3.02722 2.7148
-3.29455 -3.01331 2.70611
-3.3297 -2.99673 2.70094
-3.34131 -2.99103 2.68451
-3.3525 -2.9855 2.6828
-3.37025 -2.97624 2.66096
-3.37935 -2.97151 2.66219
-3.38913 -2.96642 2.66203
-3.40045 -2.96068 2.6721
-3.41913 -2.95096 2.66166
-3.44159 -2.9383 2.62841
-3.45301 -2.93215 2.64718
-3.46874 -2.92445 2.68651
-3.48869 -2.91521 2.70782
-3.51547 -2.9036 2.73276
-3.54386 -2.89083 2.71851
-3.57001 -2.87932 2.72718
-3.6027 -2.86564 2.74537
-3.63293 -2.85214 2.72136
-3.65968 -2.84071 2.73792
-3.69378 -2.8259 2.73169
-3.71838 -2.81547 2.7407
-3.76064 -2.79899 2.76986
-3.79345 -2.78674 2.78425
-3.82518 -2.77425 2.76662
-3.84617 -2.76539 2.74221
-3.86321 -2.75854 2.75929
-3.88243 -2.75124 2.77865
-3.89375 -2.74687 2.77302
-3.91587 -2.73884 2.79322
-3.93145 -2.73271 2.76717
-3.94822 -2.72628 2.77538
-3.9637 -2.72046 2.78195
-3.97463 -2.71668 2.80866
-3.97867 -2.71536 2.82377
-3.98313 -2.71388 2.82284
-4.00063 -2.70855 2.84614
-4.01032 -2.70529 2.81607
-4.02695 -2.69942 2.80248
-4.05353 -2.68917 2.77339
-4.07238 -2.68063 2.7163
-4.08394 -2.67565 2.73464
-4.09469 -2.67108 2.74009
-4.11367 -2.6629 2.7349
-4.12628 -2.65721 2.7175
-4.14236 -2.65002 2.72102
-4.14887 -2.64698 2.70394
-4.15614 -2.64356 2.7022
-4.17084 -2.63638 2.68732
-4.18636 -2.62943 2.72075
-4.19456 -2.62557 2.70143
-4.20498 -2.62092 2.72212
-4.21013 -2.61865 2.72496
-4.21454 -2.61671 2.72868
-4.22017 -2.61364 2.64179
-4.22648 -2.60997 2.61438
-4.2301 -2.60768 2.57808
-4.23625 -2.60384 2.58338
-4.24307 -2.59996 2.62511
-4.24895 -2.59668 2.63233
-4.25886 -2.59138 2.65042
True
0.0669895
