4.48585 0.00733734 2.6633
4.44739 0.0293582 2.62156
4.41496 0.0507896 2.55767
4.38068 0.074464 2.53708
4.35378 0.0964794 2.45577
4.31591 0.128639 2.43762
4.29758 0.147068 2.35339
4.26359 0.182844 2.33058
4.24856 0.19987 2.29402
4.22049 0.232386 2.28301
4.18999 0.267568 2.28496
4.16048 0.304839 2.24061
4.13531 0.337597 2.22592
4.1064 0.378358 2.18772
4.07808 0.419567 2.17276
4.05128 0.461772 2.1367
4.03713 0.483967 2.13823
4.02009 0.512842 2.10382
3.9969 0.557127 2.05332
3.9806 0.594441 1.98261
3.95983 0.639926 1.99904
3.94268 0.677245 2.00172
3.92673 0.714043 1.97981
3.90781 0.760164 1.96009
3.88938 0.805904 1.95372
3.87652 0.842586 1.90807
3.86246 0.885278 1.8889
3.84853 0.932872 1.85557
3.83501 0.975951 1.87483
3.82175 1.01493 1.89878
3.80723 1.06158 1.87248
3.79431 1.101 1.8877
3.7785 1.1472 1.90038
3.76231 1.19448 1.9007
3.74802 1.24239 1.86061
3.73306 1.28904 1.88124
3.71762 1.3366 1.88464
3.71181 1.35337 1.90438
3.69651 1.39459 1.92615
3.67873 1.43824 1.95757
3.66225 1.47672 1.97562
3.64441 1.51737 1.98426
3.62341 1.56272 2.0045
3.60299 1.60613 2.01048
3.58624 1.64542 1.97389
3.56877 1.68864 1.95486
3.55253 1.72811 1.96116
3.54078 1.75959 1.928
3.52158 1.80564 1.96584
3.50346 1.84801 1.97487
3.48275 1.89149 2.01528
3.46206 1.93658 2.00113
3.44258 1.98263 1.97084
3.42395 2.02892 1.95344
3.40191 2.07337 2.03124
3.3862 2.10388 2.04616
3.36251 2.14692 2.07393
3.34016 2.19066 2.04328
3.32346 2.22032 2.08346
3.30275 2.25123 2.16123
3.2814 2.2786 2.23323
3.25177 2.31478 2.25703
3.22423 2.3492 2.24551
3.19393 2.38596 2.26027
3.1639 2.42043 2.28723
3.13083 2.45779 2.29554
3.09778 2.49523 2.294
3.06702 2.52949 2.30243
3.04144 2.55697 2.32039
3.02287 2.57591 2.34637
2.99147 2.60764 2.35091
2.9678 2.63009 2.38257
2.9301 2.66256 2.4306
2.89294 2.69599 2.40911
2.87557 2.71339 2.35509
2.83856 2.7466 2.41026
2.80222 2.78094 2.38453
2.76715 2.81301 2.40084
2.73421 2.84495 2.37141
2.69898 2.88043 2.35288
2.66305 2.91518 2.3728
2.64466 2.93149 2.41596
2.60656 2.96327 2.44646
2.56834 2.99465 2.45415
2.5284 3.02419 2.50485
2.48966 3.05507 2.46845
2.45318 3.08396 2.47199
2.4215 3.10718 2.50901
2.38368 3.13979 2.43002
2.35222 3.16662 2.43536
2.31523 3.19552 2.47846
2.27565 3.22604 2.48465
2.23399 3.25352 2.55853
2.19704 3.27613 2.59242
2.15578 3.30337 2.55812
2.1145 3.33119 2.54854
2.07293 3.35816 2.56615
2.03863 3.38077 2.55882
1.99829 3.40326 2.63296
1.95495 3.42821 2.61921
1.91145 3.45202 2.64076
1.86663 3.47417 2.68267
1.83311 3.49108 2.67436
1.78925 3.51503 2.6417
1.75361 3.53378 2.6573
1.70899 3.55605 2.6787
1.66913 3.57689 2.65982
1.62454 3.59895 2.68219
1.58142 3.61949 2.69703
1.53574 3.63982 2.72282
1.49557 3.65809 2.71471
1.44999 3.67854 2.72001
1.40463 3.69681 2.75859
1.36281 3.71282 2.77612
1.3189 3.73047 2.75939
1.27206 3.74796 2.78405
1.22463 3.76326 2.82968
1.18628 3.77654 2.8082
1.1414 3.79259 2.79817
1.09687 3.80724 2.82365
1.05143 3.8214 2.83965
1.01005 3.836 2.80222
0.963515 3.85029 2.8437
0.916113 3.86514 2.83799
0.868848 3.8807 2.82356
0.820967 3.89499 2.85169
0.77647 3.90888 2.83889
0.730077 3.92222 2.86166
0.682298 3.93294 2.92094
0.636852 3.94405 2.90179
0.588526 3.95685 2.88266
0.539895 3.96832 2.91001
0.49305 3.97948 2.9077
0.446787 3.98997 2.91847
0.401838 3.99874 2.94907
0.356895 4.00611 2.97897
0.314092 4.0137 2.9662
0.268984 4.02018 2.99879
0.221037 4.02615 3.01778
0.171428 4.03233 3.01753
0.127129 4.03818 3.01049
0.087253 4.04411 2.99375
0.0379008 4.05076 3.00767
-0.0106807 4.05539 3.04667
-0.0605689 4.0587 3.07539
-0.11046 4.06199 3.07575
-0.157516 4.06677 3.04025
-0.20562 4.07187 3.03607
-0.248225 4.07555 3.05526
-0.293589 4.07894 3.06713
-0.331833 4.08111 3.08486
-0.375589 4.08345 3.08822
-0.421237 4.08567 3.09292
-0.470312 4.08874 3.07912
-0.515271 4.09082 3.09545
-0.563897 4.09125 3.13273
-0.612149 4.09047 3.15763
-0.640788 4.09041 -3.13938
-0.690002 4.08985 -3.13026
-0.739976 4.0884 -3.11249
-0.789924 4.08826 -3.13894
-0.838959 4.08877 -3.15189
-0.885182 4.09015 3.11182
-0.928627 4.09369 3.06014
-0.977908 4.09731 3.06823
-1.02773 4.1014 3.05984
-1.06961 4.1032 3.09841
-1.10826 4.1059 3.07192
-1.15825 4.10716 3.11648
-1.20737 4.10732 3.13832
-1.24885 4.10903 3.1003
-1.28858 4.11011 3.11452
-1.33644 4.11088 3.12546
-1.38154 4.11203 3.11611
-1.42621 4.11084 3.16819
-1.46509 4.10988 -3.11684
-1.51505 4.10807 -3.10531
-1.56113 4.10522 -3.07981
-1.59769 4.10232 -3.06244
-1.64284 4.09811 -3.04869
-1.6834 4.09544 -3.07596
-1.72523 4.09343 -3.09345
-1.77519 4.09156 -3.10428
-1.81464 4.09024 -3.10811
-1.86176 4.08953 -3.12645
-1.91162 4.08619 -3.07472
-1.96136 4.0837 -3.0915
-2.00955 4.07839 -3.03195
-2.04915 4.07469 -3.04845
-2.09664 4.07067 -3.05716
-2.14566 4.06665 -3.05981
-2.19072 4.06345 -3.0707
-2.23269 4.06119 -3.08776
-2.28067 4.05821 -3.07944
-2.32616 4.05552 -3.08264
-2.36498 4.05428 -3.10954
-2.41195 4.05276 -3.10924
-2.44173 4.05141 -3.09647
-2.47927 4.05219 -3.16241
-2.5106 4.05272 3.12478
-2.53156 4.05393 3.08416
-2.54705 4.0542 3.12356
-2.58462 4.05337 3.16389
-2.63036 4.05128 -3.09595
-2.67304 4.05028 -3.11821
-2.7149 4.05166 -3.17451
-2.76017 4.05397 3.09059
-2.80277 4.05573 3.10024
-2.84862 4.05646 3.1257
-2.89516 4.05776 3.11375
-2.93109 4.06053 3.06456
-2.97032 4.06342 3.0681
-3.00676 4.06784 3.02093
-3.03232 4.07066 3.0316
-3.05573 4.07401 2.99959
-3.08398 4.07862 2.97963
-3.11899 4.08207 3.04353
-3.13617 4.08355 3.05519
-3.15216 4.08549 3.021
-3.17315 4.08938 2.95865
-3.20577 4.0955 2.95586
-3.23079 4.10004 2.96213
-3.25898 4.10612 2.92916
-3.28872 4.11215 2.94181
-3.30307 4.11401 3.01234
-3.32429 4.11595 3.05063
-3.34414 4.11766 3.0557
-3.36555 4.11969 3.047
-3.40228 4.12257 3.06312
-3.42917 4.12504 3.05028
-3.46172 4.12703 3.08042
-3.48882 4.12891 3.07249
-3.49987 4.12892 3.14017
-3.52069 4.12894 3.14067
-3.5374 4.12857 3.16384
-3.55919 4.1272 -3.07876
-3.5833 4.12579 -3.0831
-3.61594 4.12428 -3.09546
-3.62972 4.12368 -3.09802
-3.64941 4.1231 -3.11204
-3.66375 4.12233 -3.08832
-3.67567 4.12168 -3.08649
-3.69924 4.12043 -3.08867
-3.72105 4.11954 -3.10101
-3.74096 4.11925 -3.12677
-3.75665 4.11941 -3.15188
-3.7627 4.11965 3.10173
-3.79003 4.12042 3.11328
-3.8065 4.121 3.10656
-3.82195 4.12114 3.13271
-3.83911 4.12154 3.11802
-3.84862 4.12232 3.05974
-3.85542 4.12291 3.05563
-3.86134 4.12341 3.05774
-3.88404 4.12578 3.03749
-3.90553 4.1282 3.02942
-3.93024 4.13132 3.01603
-3.93917 4.13247 3.01307
-3.9492 4.13396 2.99407
-3.97235 4.13771 2.98125
-3.99609 4.14167 2.9762
-4.0167 4.14466 2.99739
-4.02732 4.1461 3.00661
-4.03309 4.1467 3.03848
-4.05111 4.14726 3.11054
-4.06902 4.14715 3.14752
-4.08446 4.14657 -3.10383
-4.1004 4.14559 -3.08027
-4.11591 4.1445 -3.07155
-4.12965 4.14294 -3.02855
-4.14342 4.14161 -3.04507
-4.16181 4.14057 -3.08522
-4.16132 4.14058 -3.12288
-4.16736 4.14063 -3.14906
-4.17974 4.14064 3.14054
-4.19782 4.14034 3.15827
-4.21198 4.14062 -3.16123
True
0.184362
