-5.47092 1.53362 -0.289355
-5.42629 1.52025 -0.291029
-5.38101 1.50594 -0.306068
-5.34263 1.49358 -0.311591
-5.2978 1.47722 -0.349958
-5.25158 1.45888 -0.377653
-5.2065 1.44218 -0.354822
-5.16001 1.42576 -0.339551
-5.1146 1.40989 -0.336269
-5.07586 1.39631 -0.337097
-5.03616 1.38183 -0.349741
-4.98991 1.36288 -0.388836
-4.94493 1.34125 -0.448205
-4.89979 1.32029 -0.43471
-4.85824 1.3011 -0.432637
-4.81323 1.28127 -0.414985
-4.7712 1.26034 -0.462075
-4.72851 1.24031 -0.438777
-4.69185 1.22293 -0.442634
-4.65106 1.2011 -0.491394
-4.60679 1.17837 -0.474326
-4.56167 1.15683 -0.445417
-4.52112 1.13756 -0.443716
-4.47543 1.11731 -0.417118
-4.43001 1.09788 -0.404185
-4.38637 1.08147 -0.359814
-4.34236 1.06524 -0.353121
-4.29614 1.0488 -0.341721
-4.25118 1.03256 -0.346833
-4.20751 1.01991 -0.28193
-4.16537 1.00646 -0.308822
-4.12173 0.992438 -0.310949
-4.0815 0.979544 -0.310148
-4.03312 0.967231 -0.24921
-3.98517 0.953237 -0.283953
-3.94639 0.9411 -0.303355
-3.89993 0.926762 -0.29929
-3.85451 0.911363 -0.32692
-3.81676 0.89882 -0.3208
-3.77032 0.88384 -0.311983
-3.72294 0.868044 -0.321834
-3.67598 0.852028 -0.328647
-3.62915 0.837347 -0.303822
-3.58307 0.823403 -0.293861
-3.53635 0.805735 -0.361511
-3.49028 0.786482 -0.395836
-3.45058 0.770008 -0.393355
-3.40482 0.750042 -0.41145
-3.35874 0.732756 -0.358858
-3.31344 0.71584 -0.35739
-3.27393 0.701369 -0.351087
-3.22723 0.683667 -0.362334
-3.18134 0.667101 -0.346395
-3.14133 0.653051 -0.337725
-3.09924 0.638129 -0.340742
-3.05559 0.623034 -0.332956
-3.0102 0.603943 -0.398064
-2.9658 0.585483 -0.3941
-2.91949 0.568579 -0.349937
-2.87357 0.552541 -0.336032
-2.82666 0.535342 -0.351417
-2.79215 0.524057 -0.316094
-2.74907 0.508918 -0.337927
-2.70203 0.492949 -0.327272
-2.65464 0.47854 -0.295116
-2.6069 0.464539 -0.285298
-2.57884 0.456314 -0.285191
-2.53619 0.44237 -0.315994
-2.4884 0.427843 -0.295066
-2.44092 0.413123 -0.300614
-2.39417 0.395431 -0.361795
-2.36157 0.3848 -0.315286
-2.31524 0.367971 -0.348355
-2.27387 0.356016 -0.281375
-2.22671 0.339476 -0.337321
-2.18044 0.325175 -0.299746
-2.13813 0.311527 -0.312043
-2.09984 0.299954 -0.293502
-2.0525 0.284512 -0.315318
-2.01287 0.272916 -0.284666
-1.96562 0.259982 -0.267139
-1.91809 0.247745 -0.252025
-1.87389 0.234982 -0.281096
-1.82526 0.223403 -0.233736
-1.77974 0.21281 -0.228651
-1.7304 0.204711 -0.16269
-1.68174 0.197399 -0.149151
-1.63803 0.190065 -0.166259
-1.5937 0.182668 -0.165327
-1.54519 0.176452 -0.127438
-1.50058 0.170619 -0.130033
-1.45111 0.163752 -0.137924
-1.40164 0.156703 -0.141533
-1.36267 0.15198 -0.120598
-1.31868 0.14609 -0.133115
-1.26952 0.139624 -0.130774
-1.21972 0.135513 -0.0823629
-1.17032 0.128124 -0.148489
-1.12123 0.122182 -0.120446
-1.0773 0.116476 -0.129145
-1.03471 0.110245 -0.145303
-0.985606 0.101419 -0.177844
-0.93622 0.0961569 -0.106139
-0.886693 0.0906668 -0.1104
-0.841658 0.085344 -0.117647
-0.805711 0.0807538 -0.127008
-0.757151 0.071402 -0.190253
-0.717109 0.0634198 -0.196766
-0.66896 0.0545441 -0.18229
-0.619998 0.0458535 -0.175667
-0.575849 0.0379918 -0.176228
-0.527485 0.0280045 -0.20364
-0.482517 0.0154659 -0.271923
-0.4343 0.0026075 -0.260613
-0.388084 -0.0101927 -0.270195
-0.340287 -0.0226367 -0.254695
-0.292851 -0.0353841 -0.262526
-0.246584 -0.0483985 -0.274202
-0.199416 -0.0641907 -0.323078
-0.154747 -0.0786452 -0.312956
-0.112154 -0.0915976 -0.295212
-0.0678601 -0.1047 -0.287596
-0.0265038 -0.11711 -0.291525
0.0211546 -0.129976 -0.263692
0.0625937 -0.141279 -0.266283
0.1053 -0.153962 -0.288674
0.144495 -0.164789 -0.269518
0.185377 -0.175995 -0.267546
0.231113 -0.188237 -0.261526
0.278364 -0.201161 -0.266988
0.326817 -0.213355 -0.246554
0.373645 -0.224407 -0.231776
0.41564 -0.233993 -0.22441
0.461746 -0.24352 -0.20376
0.502981 -0.253817 -0.244716
0.537544 -0.263707 -0.278685
0.578745 -0.274982 -0.267131
0.626688 -0.288102 -0.26712
0.674413 -0.301558 -0.274801
0.722926 -0.313614 -0.243584
0.765919 -0.323852 -0.233769
0.803699 -0.333245 -0.243691
0.851151 -0.34419 -0.226694
0.885152 -0.352057 -0.22736
0.930351 -0.365004 -0.278972
0.978274 -0.378486 -0.274242
1.0246 -0.389812 -0.239782
1.07133 -0.402729 -0.269717
1.11867 -0.414351 -0.240718
1.1652 -0.426427 -0.25392
1.21239 -0.439707 -0.274312
1.2588 -0.452086 -0.260646
1.29139 -0.461224 -0.273402
1.32909 -0.473322 -0.310496
1.36955 -0.484699 -0.274158
1.41157 -0.497059 -0.286064
1.45846 -0.511223 -0.293325
1.5024 -0.523855 -0.279962
1.55128 -0.534112 -0.206819
1.59966 -0.546706 -0.254718
1.6449 -0.558725 -0.259638
1.69282 -0.57135 -0.257628
1.73259 -0.583209 -0.289794
1.77952 -0.59592 -0.264465
1.82766 -0.607294 -0.23203
1.87489 -0.619681 -0.256505
1.92279 -0.632087 -0.253412
1.97141 -0.642486 -0.210711
2.02 -0.651715 -0.187711
2.06183 -0.658499 -0.160801
2.10493 -0.666897 -0.192426
2.15231 -0.67549 -0.17942
2.20058 -0.685099 -0.196499
2.24937 -0.695294 -0.205986
2.29782 -0.705829 -0.214095
2.34363 -0.717302 -0.245379
2.39242 -0.728196 -0.219709
2.43945 -0.73762 -0.197746
2.48802 -0.748492 -0.22022
2.53495 -0.759091 -0.222115
2.58336 -0.768621 -0.194386
2.63192 -0.779305 -0.216527
2.6766 -0.792023 -0.277347
2.72342 -0.807951 -0.327892
2.76979 -0.821373 -0.281772
2.81741 -0.835747 -0.293145
2.86504 -0.850872 -0.307486
2.90898 -0.8663 -0.337667
2.95525 -0.882843 -0.343345
2.99945 -0.897949 -0.329312
3.04451 -0.912566 -0.313735
3.08688 -0.926439 -0.316388
3.13261 -0.94339 -0.355008
3.16935 -0.957342 -0.362922
3.21059 -0.972975 -0.362326
3.25257 -0.988527 -0.354809
3.29857 -1.00701 -0.382027
3.3315 -1.01994 -0.374116
3.37143 -1.03476 -0.355451
3.41737 -1.05235 -0.365566
3.44785 -1.06452 -0.379979
3.48603 -1.07883 -0.358538
3.52584 -1.09421 -0.368802
3.55049 -1.10333 -0.354241
3.57931 -1.11423 -0.361621
3.60004 -1.12232 -0.371883
3.61837 -1.1292 -0.359208
3.64775 -1.13957 -0.339393
3.6905 -1.15394 -0.324152
3.72437 -1.16585 -0.338237
3.76227 -1.17895 -0.332767
3.79302 -1.19021 -0.351002
3.8175 -1.19885 -0.339304
3.84601 -1.20916 -0.346961
3.88762 -1.22397 -0.342053
3.91922 -1.23562 -0.353038
3.94252 -1.24407 -0.347868
3.97253 -1.25403 -0.320474
4.00487 -1.26287 -0.266984
4.02059 -1.26654 -0.229321
4.03484 -1.26971 -0.218646
4.06297 -1.27522 -0.193675
4.07053 -1.27687 -0.213891
4.08472 -1.28042 -0.245093
4.08851 -1.28134 -0.239468
4.0919 -1.28217 -0.239048
4.10173 -1.28446 -0.229457
4.1227 -1.28877 -0.202769
4.14956 -1.2948 -0.220502
4.17516 -1.30047 -0.217988
4.20863 -1.3071 -0.195812
4.23778 -1.3127 -0.189715
4.25836 -1.31692 -0.202207
4.28091 -1.32164 -0.20625
4.30987 -1.3278 -0.209605
4.35216 -1.33775 -0.23098
4.38704 -1.34731 -0.267604
4.41377 -1.35303 -0.210778
4.43668 -1.35729 -0.184083
4.45401 -1.3604 -0.177642
4.46635 -1.36297 -0.204822
4.47817 -1.36523 -0.188668
4.48981 -1.36729 -0.175454
4.50528 -1.37023 -0.187669
4.52443 -1.37433 -0.211064
4.54219 -1.3796 -0.288377
4.55504 -1.38345 -0.29157
4.57458 -1.38805 -0.230919
4.60106 -1.39393 -0.218705
4.6373 -1.40234 -0.228015
4.66605 -1.40908 -0.230179
4.69609 -1.41668 -0.247794
4.72167 -1.4242 -0.285784
4.7593 -1.43502 -0.280181
4.78853 -1.44361 -0.285856
4.81496 -1.45084 -0.266848
4.83626 -1.45677 -0.271566
4.8574 -1.46428 -0.341356
4.88088 -1.47217 -0.324115
4.88779 -1.47473 -0.354091
4.89801 -1.47843 -0.347744
4.90703 -1.48142 -0.319876
4.92373 -1.48726 -0.336412
4.93457 -1.49101 -0.333336
4.94719 -1.49578 -0.361452
4.95654 -1.49892 -0.323741
4.96007 -1.50004 -0.306729
4.97204 -1.50398 -0.317813
4.98469 -1.50798 -0.306365
4.99422 -1.51087 -0.294932
5.00968 -1.51526 -0.276846
5.02363 -1.51921 -0.275693
5.03774 -1.52292 -0.256915
5.0379 -1.52296 -0.276191
5.04956 -1.5259 -0.246728
5.05876 -1.5284 -0.265078
5.06549 -1.53058 -0.31339
5.07717 -1.53493 -0.356501
5.07482 -1.53403 -0.363609
5.09092 -1.54031 -0.371846
5.098 -1.54304 -0.368181
5.10223 -1.54464 -0.360742
5.10819 -1.54707 -0.387497
5.122 -1.55318 -0.416258
5.12912 -1.55653 -0.440469
5.13545 -1.55957 -0.446733
5.1488 -1.56656 -0.482775
5.15465 -1.56965 -0.485171
5.16419 -1.57468 -0.485346
5.18037 -1.58334 -0.491656
5.19053 -1.58894 -0.503362
5.19966 -1.59369 -0.480244
5.2119 -1.59957 -0.447779
True
0.272507
