4.46509 -0.0103558 -2.85323
4.42537 -0.024685 -2.79534
4.38576 -0.0436182 -2.69571
4.34421 -0.0691306 -2.5909
4.30684 -0.0961392 -2.5158
4.27334 -0.124398 -2.44094
4.23603 -0.156787 -2.42659
4.20547 -0.188929 -2.33104
4.17959 -0.215596 -2.34124
4.1485 -0.254336 -2.24709
4.11998 -0.291387 -2.2268
4.09507 -0.324026 -2.22271
4.07774 -0.348286 -2.19092
4.04938 -0.388523 -2.18475
4.02348 -0.428716 -2.1433
3.99825 -0.471878 -2.09986
3.97804 -0.508877 -2.07053
3.95683 -0.554107 -2.00931
3.93513 -0.598321 -2.02713
3.91419 -0.642898 -2.00999
3.89929 -0.682909 -1.92724
3.88507 -0.721161 -1.9266
3.86838 -0.767712 -1.91523
3.85436 -0.814008 -1.86474
3.83992 -0.857132 -1.89402
3.82751 -0.89509 -1.88676
3.81171 -0.94251 -1.89232
3.80232 -0.975207 -1.85059
3.78821 -1.023 -1.85775
3.77712 -1.06418 -1.83388
3.7637 -1.11143 -1.84749
3.74842 -1.15897 -1.88192
3.73421 -1.20681 -1.85943
3.72112 -1.25482 -1.8371
3.70916 -1.2912 -1.88838
3.69924 -1.32492 -1.8569
3.68336 -1.3723 -1.89422
3.66806 -1.41868 -1.88945
3.65073 -1.4652 -1.92734
3.63424 -1.50786 -1.93959
3.61704 -1.55464 -1.92323
3.6024 -1.59227 -1.94168
3.58658 -1.6397 -1.89273
3.57234 -1.6772 -1.93373
3.55772 -1.7135 -1.95372
3.54083 -1.75423 -1.96398
3.52264 -1.79465 -1.99357
3.50219 -1.83626 -2.02764
3.48204 -1.87494 -2.05111
3.4589 -1.91918 -2.0526
3.43725 -1.96107 -2.0479
3.41429 -2.00329 -2.06879
3.39373 -2.03889 -2.09454
3.36978 -2.08221 -2.07585
3.34495 -2.12273 -2.12059
3.32016 -2.16487 -2.10248
3.30318 -2.1923 -2.12508
3.28142 -2.22818 -2.11614
3.25377 -2.26892 -2.16706
3.22833 -2.3062 -2.16959
3.20308 -2.34618 -2.13398
3.17578 -2.38786 -2.15067
3.14969 -2.42753 -2.15264
3.12058 -2.46818 -2.19217
3.09159 -2.50889 -2.18975
3.06838 -2.54079 -2.19965
3.04564 -2.57175 -2.20434
3.01442 -2.61073 -2.24609
2.9837 -2.65009 -2.23368
2.96244 -2.67707 -2.23798
2.93368 -2.71376 -2.23556
2.90492 -2.75059 -2.2339
2.87818 -2.78584 -2.21967
2.84869 -2.81983 -2.28555
2.81566 -2.85484 -2.32705
2.78157 -2.89134 -2.32201
2.7466 -2.92674 -2.35022
2.71231 -2.96228 -2.33819
2.67536 -2.99497 -2.41736
2.64368 -3.02257 -2.42492
2.60711 -3.05667 -2.39108
2.57154 -3.08686 -2.4378
2.5496 -3.10754 -2.38592
2.52089 -3.13292 -2.41743
2.48252 -3.1648 -2.44853
2.44422 -3.19582 -2.46074
2.40902 -3.22384 -2.46921
2.36772 -3.25201 -2.5431
2.33522 -3.27523 -2.52131
2.29554 -3.30446 -2.50662
2.2569 -3.33152 -2.53055
2.2281 -3.35061 -2.55635
2.20316 -3.36685 -2.56435
2.16128 -3.39385 -2.56899
2.12556 -3.41709 -2.56469
2.08242 -3.44235 -2.61185
2.03998 -3.46872 -2.58576
2.00462 -3.49017 -2.59627
1.96295 -3.51716 -2.56688
1.93658 -3.53193 -2.63105
1.90093 -3.55591 -2.54923
1.85798 -3.5815 -2.6044
1.82044 -3.60388 -2.604
1.77681 -3.62805 -2.63571
1.73301 -3.65214 -2.63869
1.70302 -3.66721 -2.67595
1.65792 -3.68779 -2.71345
1.61251 -3.70847 -2.71437
1.56848 -3.7279 -2.72603
1.52441 -3.74494 -2.77258
1.49149 -3.75864 -2.74735
1.4455 -3.77744 -2.75338
1.40555 -3.79207 -2.79071
1.35863 -3.80933 -2.78911
1.31199 -3.82732 -2.77338
1.26585 -3.84537 -2.76875
1.22304 -3.85849 -2.84417
1.17774 -3.87293 -2.83298
1.13618 -3.88394 -2.88265
1.09059 -3.8981 -2.84047
1.04343 -3.90907 -2.91309
1.00013 -3.92046 -2.88436
0.958364 -3.93005 -2.91576
0.924206 -3.93587 -2.97284
0.881332 -3.9435 -2.96546
0.836051 -3.95181 -2.96011
0.787302 -3.96246 -2.92655
0.768647 -3.96609 -2.94942
0.730519 -3.9738 -2.94205
0.690635 -3.98165 -2.94734
0.641981 -3.9903 -2.96564
0.60106 -3.99827 -2.94914
0.562921 -4.00525 -2.96064
0.513711 -4.01409 -2.96381
0.466858 -4.022 -2.97433
0.418583 -4.02749 -3.02834
0.369323 -4.0331 -3.02812
0.32528 -4.03832 -3.02376
0.284892 -4.04272 -3.03305
0.245316 -4.04717 -3.02959
0.195977 -4.0522 -3.04007
0.150843 -4.05341 -3.11482
0.100947 -4.05468 -3.11609
0.0617387 -4.05582 -3.11253
0.0119678 -4.05654 -3.12719
-0.028165 -4.05677 -3.13587
-0.0554192 -4.05588 -3.17406
-0.0982262 -4.05421 3.10248
-0.131474 -4.0529 3.10221
-0.173111 -4.05133 3.10397
-0.220344 -4.04982 3.10957
-0.26863 -4.04636 3.07025
-0.313147 -4.04281 3.0619
-0.354838 -4.03805 3.02801
-0.404382 -4.03223 3.02468
-0.444442 -4.02707 3.0134
-0.492605 -4.01885 2.97248
-0.541537 -4.00967 2.95615
-0.586287 -4.00075 2.94491
-0.623779 -3.9931 2.9402
-0.661199 -3.98839 3.01646
-0.710111 -3.98012 2.97404
-0.759674 -3.97416 3.02194
-0.808622 -3.96614 2.97918
-0.852616 -3.9575 2.94779
-0.891148 -3.94981 2.94462
-0.931721 -3.94097 2.92695
-0.979331 -3.93033 2.92175
-1.0279 -3.91943 2.92086
-1.07611 -3.9079 2.90684
-1.12188 -3.89561 2.87931
-1.16907 -3.87938 2.81037
-1.21633 -3.86612 2.86789
-1.26411 -3.8532 2.87754
-1.30741 -3.84193 2.88691
-1.35392 -3.82764 2.8437
-1.39168 -3.8142 2.79951
-1.43501 -3.80071 2.83973
-1.4696 -3.78988 2.83815
-1.49867 -3.7794 2.79572
-1.54564 -3.76312 2.80801
-1.58488 -3.74907 2.79761
-1.63132 -3.7333 2.81428
-1.6656 -3.72144 2.8084
-1.71063 -3.70736 2.8387
-1.74793 -3.69475 2.81546
-1.78991 -3.68124 2.83021
-1.8373 -3.66547 2.82036
-1.8849 -3.65027 2.83252
-1.92609 -3.63758 2.84263
-1.97106 -3.62216 2.81143
-2.00875 -3.61015 2.833
-2.05615 -3.59463 2.8252
-2.09451 -3.57987 2.77433
-2.14092 -3.56149 2.7645
-2.17435 -3.54854 2.77182
-2.22109 -3.53172 2.7962
-2.26015 -3.51403 2.71633
-2.29945 -3.49611 2.71378
-2.3405 -3.47627 2.69153
-2.3839 -3.45329 2.65466
-2.42311 -3.43077 2.62004
-2.46346 -3.40585 2.5884
-2.50433 -3.38045 2.58561
-2.54579 -3.3532 2.56007
-2.58669 -3.32518 2.54082
-2.62083 -3.30295 2.56469
-2.66102 -3.27525 2.53802
-2.69534 -3.25091 2.5247
-2.72441 -3.23041 2.52756
-2.75743 -3.20635 2.51166
-2.79192 -3.18011 2.49127
-2.82952 -3.14729 2.42412
-2.86323 -3.11772 2.42147
-2.8979 -3.0881 2.43465
-2.93002 -3.05845 2.39605
-2.95529 -3.03689 2.43534
-2.99161 -3.00481 2.4181
-3.02093 -2.97919 2.42345
-3.03527 -2.96657 2.41971
-3.04216 -2.96031 2.40359
-3.07017 -2.93303 2.36947
-3.09926 -2.90409 2.35884
-3.12357 -2.88063 2.37385
-3.15046 -2.85519 2.38397
-3.18605 -2.82151 2.38379
-3.20983 -2.79844 2.37128
-3.2258 -2.78342 2.38703
-3.23085 -2.77915 2.43884
-3.23681 -2.77368 2.39992
-3.25368 -2.75844 2.40667
-3.28511 -2.72956 2.39846
-3.3147 -2.70402 2.42952
-3.35117 -2.67574 2.48196
-3.38392 -2.6503 2.48116
-3.41678 -2.62631 2.51094
-3.43748 -2.61117 2.51031
-3.46682 -2.58928 2.50053
-3.48467 -2.57702 2.53972
-3.50694 -2.5629 2.57648
-3.52791 -2.54835 2.5352
-3.54775 -2.53336 2.49438
-3.57792 -2.50773 2.4374
-3.59015 -2.49699 2.42105
-3.60481 -2.48357 2.4003
-3.61247 -2.47657 2.40106
-3.62913 -2.46083 2.38473
-3.64082 -2.4491 2.35448
-3.64949 -2.44075 2.3749
-3.65708 -2.43349 2.37854
-3.67114 -2.41924 2.34944
-3.68753 -2.40354 2.37751
-3.69048 -2.40071 2.37841
-3.71302 -2.37949 2.38629
-3.73322 -2.36163 2.41755
-3.75236 -2.34511 2.42969
-3.75943 -2.33899 2.4282
-3.76808 -2.33182 2.44887
-3.7752 -2.32576 2.43655
-3.78482 -2.31777 2.44826
-3.79684 -2.3071 2.41571
-3.80709 -2.2979 2.41059
-3.81838 -2.28802 2.42261
-3.82496 -2.28189 2.39069
-3.8389 -2.26991 2.43208
-3.85491 -2.25693 2.46046
-3.87143 -2.24342 2.45599
-3.89572 -2.2229 2.43989
-3.91042 -2.2107 2.44899
-3.92967 -2.19477 2.45049
-3.93917 -2.18689 2.44897
-3.94605 -2.18128 2.45805
-3.94997 -2.1784 2.50671
-3.9617 -2.16985 2.51157
-3.98155 -2.15579 2.52559
-3.99278 -2.14797 2.53325
-4.00632 -2.13856 2.53399
-4.02565 -2.12488 2.52559
-4.04662 -2.11092 2.55464
-4.057 -2.10365 2.52984
-4.07008 -2.09331 2.47308
-4.07282 -2.09093 2.42738
-4.07649 -2.08773 2.42365
-4.08393 -2.081 2.40584
-4.09258 -2.07346 2.42483
-4.0992 -2.06723 2.38665
-4.10855 -2.05849 2.39002
-4.12607 -2.04224 2.39376
-4.14376 -2.02636 2.40983
-4.14829 -2.02247 2.43349
-4.15354 -2.01785 2.41931
-4.15648 -2.01506 2.38255
-4.15948 -2.01232 2.40134
-4.16484 -2.00753 2.4121
-4.17008 -2.00254 2.38071
-4.17707 -1.99616 2.40165
-4.1774 -1.99584 2.37878
-4.18313 -1.98992 2.33996
-4.18534 -1.98768 2.34932
-4.19402 -1.9777 2.2867
-4.20543 -1.96308 2.23334
-4.21192 -1.95441 2.21319
-4.21852 -1.9451 2.1876
-4.22634 -1.93423 2.19483
-4.23336 -1.92504 2.2224
-4.23841 -1.91844 2.22502
True
0.184843
