4.47142 -0.0152073 -2.65256
4.45104 -0.0264938 -2.63586
4.41381 -0.05292 -2.52433
4.38241 -0.0765442 -2.49659
4.35032 -0.0985798 -2.53981
4.32717 -0.116117 -2.49341
4.28748 -0.1462 -2.49301
4.25546 -0.172422 -2.45534
4.22375 -0.204893 -2.34436
4.18876 -0.240348 -2.34963
4.1581 -0.274571 -2.30135
4.13058 -0.306763 -2.27814
4.10027 -0.34653 -2.22194
4.07293 -0.383999 -2.20121
4.04542 -0.425637 -2.15473
4.01957 -0.466175 -2.13837
3.99426 -0.509179 -2.10271
3.97092 -0.553346 -2.05708
3.94953 -0.598534 -2.01274
3.93146 -0.638049 -1.99982
3.91203 -0.681875 -1.98806
3.89597 -0.716751 -2.00244
3.8779 -0.756182 -2.00032
3.86915 -0.774294 -2.02101
3.85467 -0.805103 -2.01029
3.83665 -0.844395 -2.00078
3.81984 -0.88696 -1.94687
3.8019 -0.931532 -1.9534
3.7818 -0.977238 -1.98514
3.76573 -1.02457 -1.89803
3.74992 -1.06604 -1.93513
3.73211 -1.11213 -1.93951
3.71531 -1.15922 -1.91355
3.69785 -1.2039 -1.94338
3.68068 -1.25076 -1.92198
3.66217 -1.29721 -1.94984
3.64768 -1.33082 -1.97792
3.6286 -1.37148 -2.00969
3.60925 -1.41704 -1.97238
3.59784 -1.4426 -1.99044
3.58345 -1.47502 -1.98856
3.5649 -1.51616 -1.99439
3.55094 -1.54584 -2.01055
3.5284 -1.59046 -2.03864
3.5177 -1.61019 -2.06737
3.4961 -1.65513 -2.01897
3.47536 -1.70056 -1.99903
3.45482 -1.74494 -2.00419
3.43515 -1.7854 -2.0233
3.41918 -1.82283 -1.97412
3.40001 -1.86141 -2.03206
3.37867 -1.90094 -2.06562
3.3542 -1.94454 -2.08237
3.3309 -1.98451 -2.09858
3.3054 -2.02752 -2.10598
3.27993 -2.06991 -2.1117
3.25609 -2.11112 -2.09532
3.23362 -2.14725 -2.12725
3.20628 -2.18896 -2.15105
3.17949 -2.23054 -2.14307
3.15206 -2.27153 -2.16056
3.1249 -2.30901 -2.1979
3.09604 -2.34794 -2.20866
3.06704 -2.38859 -2.19045
3.04833 -2.41465 -2.19362
3.0179 -2.45432 -2.22505
2.98873 -2.48965 -2.26109
2.95838 -2.52701 -2.25297
2.92703 -2.56203 -2.3009
2.90125 -2.59197 -2.28162
2.87106 -2.62532 -2.30658
2.84874 -2.65029 -2.30023
2.81613 -2.68817 -2.28147
2.78241 -2.72507 -2.31124
2.74881 -2.75921 -2.34829
2.71638 -2.79207 -2.34961
2.68014 -2.82649 -2.38189
2.65643 -2.84743 -2.41833
2.62584 -2.8745 -2.41696
2.58925 -2.90678 -2.41891
2.5553 -2.9372 -2.41091
2.51816 -2.9691 -2.43184
2.48573 -2.99735 -2.42491
2.44837 -3.02857 -2.44562
2.41165 -3.05979 -2.43696
2.38327 -3.08084 -2.50328
2.36037 -3.09767 -2.50783
2.31915 -3.12596 -2.54009
2.28052 -3.15154 -2.55677
2.23845 -3.17855 -2.5709
2.21107 -3.19548 -2.58766
2.17769 -3.21533 -2.6052
2.13857 -3.23883 -2.60068
2.10302 -3.26079 -2.58828
2.06084 -3.2874 -2.5787
2.02637 -3.30867 -2.5888
1.9877 -3.33372 -2.5666
1.95934 -3.34921 -2.6418
1.91708 -3.37593 -2.57771
1.8876 -3.39285 -2.62072
1.84548 -3.41835 -2.59712
1.80229 -3.44321 -2.61943
1.76968 -3.46051 -2.65385
1.73271 -3.47794 -2.70097
1.68701 -3.49816 -2.7251
1.65114 -3.51372 -2.73216
1.60447 -3.53166 -2.77464
1.55829 -3.55009 -2.76188
1.51757 -3.56593 -2.77053
1.47129 -3.58482 -2.75414
1.42662 -3.60254 -2.76387
1.38677 -3.61881 -2.75399
1.3461 -3.6329 -2.80813
1.29929 -3.64963 -2.79826
1.26775 -3.66252 -2.7538
1.22646 -3.67838 -2.77465
1.17911 -3.6943 -2.81725
1.13764 -3.7075 -2.83359
1.09069 -3.72245 -2.83334
1.04486 -3.73433 -2.88788
0.99717 -3.74684 -2.88503
0.94846 -3.75692 -2.93753
0.900654 -3.76751 -2.92357
0.856035 -3.77763 -2.91869
0.811262 -3.7873 -2.92884
0.769777 -3.79448 -2.97019
0.721619 -3.80414 -2.94371
0.678225 -3.81282 -2.94417
0.637579 -3.82136 -2.9344
0.588179 -3.82857 -2.9966
0.538673 -3.83555 -3.00164
0.493484 -3.84089 -3.02393
0.447957 -3.84563 -3.03782
0.403733 -3.84974 -3.04897
0.357521 -3.85434 -3.04236
0.310283 -3.86018 -3.01866
0.261208 -3.86593 -3.02485
0.211472 -3.87105 -3.0391
0.166507 -3.87595 -3.03302
0.11659 -3.87803 -3.09999
0.066695 -3.88028 -3.09654
0.0261348 -3.88434 -3.04173
-0.0234578 -3.88762 -3.07564
-0.0732102 -3.89216 -3.05043
-0.122681 -3.89935 -2.99742
-0.171792 -3.90289 -3.06947
-0.221196 -3.90653 -3.06823
-0.262159 -3.90809 -3.10335
-0.302499 -3.91005 -3.09303
-0.350327 -3.91246 -3.09124
-0.398564 -3.91501 -3.08882
-0.447549 -3.91762 -3.08843
-0.497265 -3.91901 -3.11351
-0.546402 -3.92203 -3.08032
-0.594916 -3.92519 -3.07662
-0.643708 -3.92875 -3.06872
-0.693632 -3.9288 -3.14045
-0.725605 -3.92871 -3.14449
-0.774162 -3.92903 3.14823
-0.822545 -3.93106 -3.09984
-0.86151 -3.93129 -3.13548
-0.910942 -3.93146 -3.13822
-0.960923 -3.93059 -3.15906
-1.005 -3.93002 3.12866
-1.05398 -3.92978 3.13672
-1.1005 -3.92985 3.14311
-1.14824 -3.93226 -3.09121
-1.19713 -3.93521 -3.08119
-1.24199 -3.93881 -3.06168
-1.28553 -3.94247 -3.05763
-1.33466 -3.94747 -3.04021
-1.37263 -3.94981 -3.07989
-1.41496 -3.95488 -3.02251
-1.46301 -3.9596 -3.04354
-1.51232 -3.96673 -2.99813
-1.5533 -3.97241 -3.00376
-1.59928 -3.97764 -3.02838
-1.63678 -3.97988 -3.08206
-1.67937 -3.9839 -3.04748
-1.72907 -3.98936 -3.03202
-1.76432 -3.99472 -2.99064
-1.79942 -4.00099 -2.96502
-1.84877 -4.00785 -3.00344
-1.89581 -4.01714 -2.94666
-1.94522 -4.02425 -2.99865
-1.99002 -4.03145 -2.98221
-2.03415 -4.03726 -3.01063
-2.08097 -4.04422 -2.99407
-2.11629 -4.04811 -3.03198
-2.16328 -4.05284 -3.04119
-2.20342 -4.05692 -3.04027
-2.2493 -4.06068 -3.05986
-2.29491 -4.06222 -3.10781
-2.34343 -4.06479 -3.08874
-2.39298 -4.07022 -3.03249
-2.42485 -4.07325 -3.04663
-2.45801 -4.07451 -3.10357
-2.49991 -4.07784 -3.06237
-2.53857 -4.0804 -3.0754
-2.56796 -4.08289 -3.0571
-2.61518 -4.08806 -3.03247
-2.66151 -4.09404 -3.01334
-2.70938 -4.09768 -3.06574
-2.74589 -4.10064 -3.06074
-2.78718 -4.10432 -3.05256
-2.82937 -4.10851 -3.04273
-2.87495 -4.11455 -3.0098
-2.91977 -4.1211 -2.99651
-2.9674 -4.12894 -2.97841
-3.01641 -4.13519 -3.01473
-3.05762 -4.1394 -3.03967
-3.09453 -4.14299 -3.04477
-3.11849 -4.14557 -3.03419
-3.14827 -4.14858 -3.04093
-3.1772 -4.15212 -3.01969
-3.20091 -4.15544 -3.00279
-3.21711 -4.1583 -2.96678
-3.2267 -4.16051 -2.91487
-3.24606 -4.16563 -2.88305
-3.25646 -4.16824 -2.89548
-3.26309 -4.1699 -2.89619
-3.26846 -4.17124 -2.89674
-3.28476 -4.17527 -2.89917
-3.30648 -4.18072 -2.89601
-3.33002 -4.18746 -2.86257
-3.36588 -4.19745 -2.86986
-3.39536 -4.2033 -2.94575
-3.42896 -4.2089 -2.97657
-3.47158 -4.21383 -3.02638
-3.49314 -4.2154 -3.0689
-3.52511 -4.2161 -3.11976
-3.5577 -4.21573 -3.15278
-3.59095 -4.21458 3.10691
-3.62553 -4.21117 3.04332
-3.65214 -4.20868 3.04839
-3.68106 -4.20748 3.09991
-3.70258 -4.20672 3.10653
-3.72044 -4.20623 3.11419
-3.74251 -4.20502 3.08686
-3.76466 -4.20431 3.10943
-3.77635 -4.20443 3.15222
-3.80435 -4.20408 -3.15416
-3.84165 -4.20338 3.12271
-3.86355 -4.20304 3.12631
-3.87482 -4.20275 3.11581
-3.87677 -4.20259 3.06017
-3.89145 -4.20131 3.05438
-3.90696 -4.20124 3.13687
-3.91918 -4.2016 3.17161
-3.9345 -4.2022 -3.10251
-3.95237 -4.20272 -3.11265
-3.96539 -4.20282 -3.13418
-3.97012 -4.203 -3.10389
-3.98256 -4.2033 -3.11747
-3.99846 -4.20408 -3.09234
-4.01642 -4.2044 -3.1237
-4.02322 -4.20448 -3.12929
-4.03368 -4.20431 -3.15878
-4.03924 -4.20397 3.08094
-4.0446 -4.20376 3.10288
-4.05457 -4.20283 3.04871
-4.06659 -4.20124 3.00984
-4.08017 -4.19955 3.01765
-4.08805 -4.19885 3.05389
-4.10137 -4.19769 3.05442
-4.11207 -4.19692 3.06989
-4.11947 -4.19645 3.07786
-4.12559 -4.19611 3.08582
-4.1356 -4.1953 3.06088
-4.14079 -4.1946 3.00824
-4.14565 -4.19387 2.99327
-4.16009 -4.19172 2.99351
-4.1635 -4.19123 2.99729
-4.17623 -4.18921 2.98439
-4.18475 -4.18794 2.99424
-4.19343 -4.18656 2.9836
-4.20224 -4.18485 2.94966
True
0.0652324
