-5.47043 1.07506 0.130671
-5.43277 1.08218 0.18682
-5.38951 1.0895 0.167636
-5.34199 1.0969 0.154558
-5.30874 1.10203 0.152841
-5.2606 1.11015 0.167151
-5.21366 1.11752 0.155766
-5.16668 1.12453 0.148044
-5.12968 1.13061 0.162915
-5.08065 1.13647 0.118908
-5.0338 1.14341 0.147058
-4.99798 1.14813 0.131232
-4.94933 1.156 0.160213
-4.90288 1.16341 0.158211
-4.85375 1.17267 0.186363
-4.80483 1.18241 0.196481
-4.76228 1.18959 0.167294
-4.71326 1.19808 0.17148
-4.66853 1.2072 0.201119
-4.62137 1.221 0.284698
-4.57547 1.23208 0.236725
-4.53095 1.2433 0.247021
-4.48238 1.25379 0.212661
-4.43725 1.26375 0.217237
-4.38806 1.2727 0.179872
-4.33911 1.28288 0.205231
-4.28971 1.29001 0.143202
-4.24881 1.29415 0.100947
-4.20119 1.30058 0.134184
-4.16354 1.30529 0.124527
-4.1181 1.31012 0.105891
-4.07934 1.31272 0.0669369
-4.04046 1.3151 0.0611657
-3.99395 1.3172 0.0450413
-3.94398 1.31802 0.0164903
-3.89518 1.31622 -0.036981
-3.85238 1.31696 0.0173975
-3.80241 1.31625 -0.0141629
-3.75953 1.31619 -0.00142561
-3.71249 1.31464 -0.0329501
-3.66345 1.31278 -0.0379248
-3.61552 1.3119 -0.0183892
-3.56912 1.31136 -0.0115265
-3.52166 1.30897 -0.0503478
-3.47564 1.30858 -0.00853857
-3.4258 1.30795 -0.0125851
-3.38232 1.30818 0.00518134
-3.33545 1.31203 0.0819409
-3.29064 1.31559 0.0792586
-3.24788 1.31758 0.046469
-3.19915 1.3198 0.0455254
-3.14985 1.32408 0.086725
-3.11257 1.32736 0.0876859
-3.06298 1.33252 0.103733
-3.01492 1.33673 0.0872881
-2.97636 1.33976 0.0785897
-2.92668 1.34541 0.11313
-2.8803 1.35026 0.104299
-2.8332 1.35296 0.0571938
-2.78414 1.35729 0.0879361
-2.74071 1.36085 0.0818448
-2.69228 1.36556 0.0969901
-2.65524 1.36873 0.0854292
-2.60861 1.37252 0.0809727
-2.56599 1.37828 0.134381
-2.51656 1.3827 0.0891465
-2.46727 1.38729 0.0929617
-2.42051 1.39228 0.10621
-2.37687 1.39694 0.106413
-2.33721 1.40012 0.0799845
-2.29684 1.4039 0.0934321
-2.24827 1.40743 0.0726409
-2.20036 1.41188 0.0926152
-2.15447 1.41349 0.0350123
-2.10783 1.41478 0.0275138
-2.05798 1.41421 -0.0114178
-2.00817 1.41556 0.027118
-1.96279 1.41674 0.0260786
-1.91376 1.41739 0.0132829
-1.86402 1.41682 -0.0115748
-1.81812 1.41553 -0.0281086
-1.76903 1.41477 -0.015461
-1.72245 1.41486 0.00199456
-1.67252 1.41621 0.0270401
-1.63287 1.41839 0.054937
-1.58294 1.41997 0.0316938
-1.53318 1.42477 0.0961821
-1.49103 1.42556 0.0185483
-1.45172 1.42784 0.0579164
-1.40196 1.43249 0.0932247
-1.3631 1.43568 0.0818598
-1.31689 1.43945 0.0815415
-1.26971 1.44298 0.0746519
-1.22619 1.44728 0.0984601
-1.18075 1.45094 0.0803427
-1.13082 1.453 0.0412468
-1.081 1.4555 0.0501273
-1.0391 1.45903 0.0840618
-0.989464 1.46454 0.110566
-0.945383 1.46846 0.0886423
-0.895736 1.4724 0.0792422
-0.856133 1.47502 0.0659371
-0.807355 1.47956 0.0929209
-0.762752 1.48324 0.0823074
-0.714817 1.48609 0.0594362
-0.670526 1.48918 0.0694934
-0.62437 1.49228 0.0672377
-0.576673 1.49585 0.0747027
-0.531822 1.49829 0.0542878
-0.496095 1.50261 0.120407
-0.448283 1.5099 0.15133
-0.399789 1.51505 0.105654
-0.353951 1.52007 0.109065
-0.304248 1.52514 0.101674
-0.25541 1.52868 0.0724606
-0.205559 1.53213 0.0690065
-0.18679 1.53336 0.0655992
-0.137634 1.53733 0.0805904
-0.0936955 1.54201 0.106128
-0.044029 1.54774 0.114849
0.00299758 1.55358 0.12357
0.0487812 1.55845 0.106017
0.0833619 1.5625 0.116352
0.125076 1.56637 0.0925913
0.171637 1.57077 0.0942292
0.219275 1.57505 0.0896195
0.267547 1.57753 0.0513637
0.316775 1.57862 0.0220516
0.362115 1.58108 0.0541779
0.405709 1.58443 0.0768157
0.455124 1.59059 0.123918
0.500551 1.59651 0.129549
0.538185 1.60195 0.143713
0.587376 1.61075 0.177034
0.635819 1.61991 0.186775
0.678963 1.62648 0.151123
0.728659 1.6318 0.106729
0.767394 1.63718 0.13796
0.812766 1.64127 0.0899091
0.854736 1.64449 0.0764983
0.902171 1.65099 0.136181
0.949882 1.65608 0.106367
0.999088 1.66494 0.178132
1.04533 1.67279 0.168059
1.09423 1.68221 0.190411
1.14097 1.69112 0.188402
1.18877 1.69918 0.166998
1.23727 1.70939 0.207544
1.28657 1.7173 0.159122
1.33425 1.72598 0.179924
1.38248 1.73837 0.251588
1.43044 1.75087 0.254934
1.47584 1.76253 0.2513
1.5246 1.7735 0.221257
1.57347 1.78262 0.1847
1.62264 1.79164 0.181337
1.67145 1.79966 0.162913
1.71623 1.80611 0.14295
1.76401 1.81404 0.164452
1.81287 1.824 0.201213
1.86217 1.83228 0.166274
1.90093 1.8377 0.139135
1.95014 1.84433 0.133922
1.99938 1.85122 0.138853
2.0422 1.8574 0.143422
2.09066 1.86477 0.150955
2.1387 1.87357 0.181052
2.17743 1.88148 0.201584
2.22155 1.89074 0.206821
2.2614 1.89788 0.177356
2.30191 1.90557 0.187673
2.35067 1.91583 0.207281
2.39945 1.92673 0.219931
2.44803 1.93822 0.232271
2.48433 1.94569 0.202882
2.53329 1.95505 0.188853
2.58127 1.96269 0.157842
2.63046 1.97146 0.17662
2.67486 1.98238 0.241071
2.72161 1.99347 0.232804
2.76926 2.00516 0.240704
2.81793 2.01527 0.204746
2.85354 2.02386 0.236641
2.89911 2.03392 0.217279
2.94704 2.04626 0.252052
2.99165 2.05611 0.21727
3.03339 2.06634 0.240395
3.07735 2.07517 0.198319
3.12583 2.08508 0.201464
3.16209 2.09291 0.212887
3.2067 2.10396 0.242721
3.25411 2.11946 0.31607
3.28895 2.13043 0.304911
3.33522 2.14517 0.3085
3.37951 2.15809 0.283648
3.42622 2.17034 0.256571
3.47081 2.18218 0.259528
3.4942 2.18816 0.250343
3.53385 2.19704 0.220272
3.58244 2.20637 0.189839
3.62537 2.21614 0.223709
3.66851 2.22588 0.222082
3.70108 2.23414 0.248165
3.731 2.24139 0.23776
3.76263 2.25068 0.285678
3.80259 2.26044 0.239529
3.82737 2.26688 0.254642
3.8704 2.27859 0.265555
3.89966 2.28665 0.268702
3.93055 2.29729 0.331889
3.97559 2.31233 0.322173
4.00891 2.32165 0.272809
4.04783 2.33254 0.272882
4.06067 2.33593 0.257896
4.07248 2.33901 0.25521
4.10443 2.34759 0.262304
4.12531 2.35338 0.270482
4.15682 2.3616 0.255416
4.18911 2.36882 0.219768
4.21321 2.37548 0.269717
4.22663 2.37922 0.271789
4.2443 2.38449 0.289705
4.25326 2.38759 0.333361
4.26653 2.39217 0.332709
4.28449 2.39855 0.341144
4.2971 2.40387 0.39879
4.33001 2.41601 0.353649
4.36923 2.43024 0.347912
4.3942 2.43822 0.309449
4.42718 2.44783 0.283545
4.45581 2.45679 0.303297
4.48409 2.46624 0.322353
4.51676 2.47686 0.314205
4.52629 2.47975 0.29473
4.54927 2.48627 0.276699
4.58375 2.49401 0.220895
4.6117 2.50161 0.265295
4.64352 2.5109 0.284037
4.685 2.52262 0.275356
4.71985 2.53356 0.304093
4.73373 2.53814 0.318883
4.75328 2.54408 0.294969
4.7738 2.54986 0.274649
4.79298 2.55561 0.291304
4.80233 2.55811 0.261466
4.81599 2.56144 0.239179
4.82511 2.56375 0.248061
4.83538 2.56635 0.248017
4.85201 2.57032 0.233847
4.86653 2.57403 0.250652
4.89146 2.58018 0.241771
4.91103 2.58453 0.218758
4.92536 2.58683 0.159203
4.93422 2.58843 0.178629
4.94843 2.59154 0.215184
4.96428 2.5954 0.239346
4.97234 2.59751 0.255815
4.98096 2.59983 0.26225
5.00249 2.60538 0.252172
5.02162 2.61027 0.250364
5.0255 2.61136 0.275001
5.02818 2.61195 0.21709
5.03512 2.61322 0.180874
5.04732 2.61527 0.16627
5.05142 2.6159 0.151958
5.05771 2.61684 0.148405
5.06528 2.6183 0.190354
5.07653 2.62096 0.232584
5.08796 2.62389 0.250952
5.09434 2.62528 0.214205
5.10262 2.62699 0.203638
5.11154 2.62906 0.227675
5.12457 2.63227 0.241947
5.13743 2.63499 0.208302
5.14693 2.63652 0.15922
5.16378 2.63957 0.179636
5.17273 2.64103 0.161324
5.18705 2.64332 0.15864
5.1894 2.64377 0.190014
5.20333 2.64736 0.251825
True
0.0641119
