-5.47581 1.30218 -0.0850225
-5.43422 1.29885 -0.0798889
-5.39256 1.2938 -0.120465
-5.34684 1.28708 -0.146057
-5.29918 1.27893 -0.169263
-5.25148 1.27129 -0.158881
-5.20412 1.25971 -0.239817
-5.16038 1.25119 -0.19231
-5.11136 1.24148 -0.195567
-5.06344 1.23062 -0.222969
-5.01409 1.22341 -0.144997
-4.97412 1.21673 -0.165477
-4.93105 1.21152 -0.120429
-4.88163 1.2053 -0.125247
-4.83236 1.19772 -0.152721
-4.78443 1.19118 -0.135531
-4.74706 1.18824 -0.0785394
-4.69802 1.18153 -0.135973
-4.65415 1.17524 -0.142465
-4.60515 1.1671 -0.16455
-4.56032 1.16072 -0.141417
-4.51798 1.1531 -0.177931
-4.46936 1.14713 -0.122281
-4.43912 1.14416 -0.0977219
-4.38965 1.14236 -0.0365153
-4.33984 1.13998 -0.0476799
-4.29318 1.13622 -0.08036
-4.24356 1.13067 -0.111522
-4.19388 1.12509 -0.111872
-4.14449 1.11926 -0.117441
-4.10178 1.11422 -0.117418
-4.05275 1.10781 -0.12991
-4.0034 1.10458 -0.0654036
-3.95753 1.10324 -0.0292419
-3.90879 1.09932 -0.080166
-3.86162 1.09455 -0.100984
-3.81168 1.09232 -0.0445088
-3.76187 1.08803 -0.0859496
-3.71229 1.08181 -0.124858
-3.66255 1.07672 -0.101875
-3.61489 1.07271 -0.084058
-3.57069 1.06859 -0.0929111
-3.52443 1.06549 -0.0668813
-3.48322 1.06145 -0.0977033
-3.43657 1.05687 -0.0978446
-3.39244 1.05366 -0.0725134
-3.34289 1.0474 -0.12585
-3.29385 1.04155 -0.118576
-3.24815 1.03296 -0.185908
-3.20568 1.02654 -0.149987
-3.15963 1.01929 -0.15612
-3.11773 1.01299 -0.149361
-3.0739 1.00754 -0.123623
-3.03383 1.00307 -0.111209
-2.98513 0.996683 -0.130319
-2.93548 0.990874 -0.116469
-2.88576 0.98638 -0.0901416
-2.83817 0.981088 -0.110736
-2.7887 0.973828 -0.145708
-2.7417 0.966798 -0.14848
-2.7006 0.960825 -0.144326
-2.65462 0.954429 -0.138217
-2.60753 0.948955 -0.115741
-2.56376 0.942733 -0.141184
-2.5209 0.936683 -0.140236
-2.47236 0.927906 -0.178872
-2.42573 0.91985 -0.171108
-2.38424 0.914333 -0.132195
-2.33916 0.908178 -0.135693
-2.29818 0.902799 -0.13048
-2.26024 0.896115 -0.174417
-2.21289 0.886779 -0.194677
-2.16933 0.879578 -0.163842
-2.12174 0.871592 -0.166258
-2.07427 0.862697 -0.185238
-2.02611 0.85082 -0.241748
-1.97792 0.837918 -0.261647
-1.93118 0.827162 -0.226141
-1.88707 0.817086 -0.224596
-1.83828 0.806716 -0.209419
-1.79386 0.79876 -0.177224
-1.74897 0.790583 -0.180194
-1.70105 0.782282 -0.171525
-1.65613 0.773147 -0.20062
-1.6069 0.764904 -0.165889
-1.56457 0.757395 -0.175555
-1.52146 0.750663 -0.154929
-1.47422 0.743275 -0.155129
-1.43215 0.735074 -0.19253
-1.38432 0.724228 -0.222982
-1.34437 0.71372 -0.257224
-1.30347 0.702964 -0.257161
-1.26114 0.692429 -0.243938
-1.21402 0.681975 -0.2183
-1.16778 0.669334 -0.26688
-1.11906 0.658126 -0.226088
-1.07882 0.648463 -0.235669
-1.03122 0.63531 -0.269622
-0.993471 0.623987 -0.291393
-0.946568 0.608585 -0.317297
-0.904364 0.59175 -0.379548
-0.856766 0.576968 -0.301113
-0.813205 0.563216 -0.305791
-0.76844 0.54881 -0.311364
-0.728821 0.536251 -0.306951
-0.681296 0.520923 -0.311997
-0.638107 0.506112 -0.330383
-0.606335 0.495023 -0.335774
-0.561375 0.475571 -0.408337
-0.515013 0.456905 -0.382769
-0.47801 0.440251 -0.422907
-0.433574 0.421528 -0.39877
-0.386956 0.403473 -0.369518
-0.340322 0.386355 -0.351783
-0.297973 0.369815 -0.372353
-0.251598 0.351723 -0.371963
-0.219005 0.337869 -0.401917
-0.173688 0.317399 -0.424289
-0.128656 0.296083 -0.442094
-0.0823944 0.277414 -0.38357
-0.0359252 0.259966 -0.359185
0.00988522 0.241871 -0.376178
0.0428039 0.228369 -0.389243
0.0895806 0.21114 -0.352908
0.137268 0.196206 -0.303492
0.181036 0.180228 -0.350017
0.227966 0.1643 -0.327196
0.270828 0.147856 -0.366333
0.317456 0.130692 -0.352715
0.357345 0.114725 -0.380748
0.398423 0.0986734 -0.372523
0.439837 0.0835169 -0.350836
0.480241 0.0663101 -0.402599
0.5172 0.0502145 -0.410734
0.562983 0.0319047 -0.380439
0.604065 0.0178216 -0.330257
0.63933 0.00574387 -0.329957
0.685844 -0.00922024 -0.31126
0.719835 -0.0209554 -0.332431
0.766615 -0.0373445 -0.336981
0.809393 -0.0535163 -0.361433
0.843169 -0.0645002 -0.314413
0.890855 -0.0794181 -0.303189
0.929291 -0.0902393 -0.274437
0.976865 -0.102802 -0.258174
1.02438 -0.113314 -0.217739
1.06883 -0.124053 -0.237055
1.11754 -0.135282 -0.226539
1.16337 -0.143346 -0.174174
1.20841 -0.152643 -0.203578
1.25505 -0.162021 -0.198447
1.30218 -0.168733 -0.141422
1.35161 -0.176283 -0.151584
1.39604 -0.183484 -0.160678
1.43622 -0.188826 -0.132175
1.47297 -0.193218 -0.118955
1.52173 -0.197071 -0.0788589
1.57157 -0.200686 -0.0724032
1.61588 -0.204649 -0.0891947
1.6654 -0.207704 -0.0616141
1.71434 -0.210194 -0.0508309
1.76261 -0.212637 -0.0505727
1.81111 -0.214839 -0.0453728
1.85244 -0.216724 -0.0455636
1.89031 -0.219241 -0.0663923
1.9371 -0.220834 -0.0340235
1.98608 -0.220822 0.000245135
2.03463 -0.220444 0.00778277
2.08399 -0.221506 -0.02151
2.12904 -0.222341 -0.018526
2.179 -0.223239 -0.0179754
2.22282 -0.224273 -0.0235987
2.27106 -0.223676 0.0123732
2.31858 -0.225219 -0.0324648
2.3679 -0.226072 -0.0172939
2.41788 -0.226837 -0.0152989
2.466 -0.226868 -0.000637307
2.50987 -0.226553 0.00717415
2.55979 -0.226562 -0.000189757
2.60859 -0.225413 0.023546
2.65153 -0.224457 0.0222569
2.70069 -0.220347 0.0834062
2.74761 -0.216203 0.0881013
2.79677 -0.213487 0.0551909
2.83995 -0.212608 0.0203641
2.87338 -0.210759 0.0552307
2.90886 -0.20797 0.0784798
2.95145 -0.205798 0.0509236
2.99186 -0.203658 0.0529273
3.04146 -0.199799 0.0776515
3.09022 -0.198648 0.0235962
3.13124 -0.196859 0.0435775
3.17206 -0.196176 0.0167205
3.22127 -0.198687 -0.0509637
3.268 -0.20045 -0.0377195
3.31556 -0.20152 -0.0224847
3.35519 -0.203323 -0.0454645
3.39899 -0.206313 -0.0681744
3.44867 -0.208277 -0.0395104
3.47936 -0.209411 -0.0369315
3.50779 -0.210078 -0.0234679
3.54128 -0.21238 -0.0686114
3.58351 -0.217782 -0.127235
3.61575 -0.220555 -0.0858237
3.66061 -0.223992 -0.076451
3.69033 -0.224496 -0.0169658
3.71536 -0.226198 -0.0679166
3.75171 -0.22938 -0.0872892
3.78769 -0.234297 -0.135801
3.80957 -0.236719 -0.110258
3.82225 -0.237791 -0.0843409
3.84578 -0.239744 -0.082841
3.86297 -0.241343 -0.092775
3.88114 -0.243185 -0.100971
3.90354 -0.244694 -0.0672833
3.91972 -0.245295 -0.0371525
3.94 -0.246055 -0.0374309
3.96698 -0.24593 0.00461431
3.98894 -0.246083 -0.00697428
4.00723 -0.246094 -0.000595825
4.0372 -0.247369 -0.0425276
4.06022 -0.248412 -0.045263
4.07799 -0.248673 -0.0146763
4.10295 -0.24896 -0.0114824
4.12438 -0.248681 0.0130187
4.1463 -0.248198 0.0219895
4.18272 -0.249029 -0.0228052
4.21581 -0.250437 -0.0425309
4.24976 -0.250419 0.000553507
4.28923 -0.250134 0.0072096
4.31699 -0.249629 0.0181941
4.3368 -0.249168 0.0232469
4.36112 -0.248632 0.0220658
4.37353 -0.248341 0.0233734
4.3925 -0.247342 0.0526497
4.42307 -0.245072 0.0741153
4.45337 -0.242753 0.0764016
4.49441 -0.239135 0.0879163
4.5304 -0.23497 0.115211
4.55693 -0.231858 0.116766
4.58721 -0.227716 0.135945
4.61964 -0.222707 0.153238
4.6523 -0.218078 0.140801
4.67454 -0.214488 0.16008
4.71119 -0.20837 0.165404
4.7464 -0.202288 0.171065
4.7846 -0.195129 0.185203
4.81217 -0.189332 0.207248
4.82741 -0.18605 0.212203
4.85043 -0.181713 0.186236
4.85911 -0.18031 0.160148
4.86838 -0.179346 0.103654
4.8894 -0.177518 0.086775
4.91012 -0.177114 0.0194807
4.91647 -0.177048 0.0104441
4.92647 -0.17685 0.019793
4.94034 -0.176977 -0.00917004
4.96011 -0.176924 0.0026747
4.97679 -0.176861 0.00379839
5.00055 -0.176369 0.020673
5.00829 -0.176276 0.0120586
5.01892 -0.176214 0.0058731
5.03596 -0.176234 -0.00117154
5.05005 -0.176447 -0.0151477
5.05766 -0.176462 -0.00197574
5.06131 -0.176525 -0.0172945
5.06994 -0.176433 0.0106615
5.07836 -0.176737 -0.0360504
5.095 -0.17713 -0.0235888
5.1132 -0.178378 -0.0684941
5.12616 -0.179504 -0.0866952
5.13554 -0.180785 -0.135712
5.1491 -0.182868 -0.152387
5.15711 -0.184111 -0.153833
5.16583 -0.185325 -0.138455
5.16513 -0.185215 -0.156944
5.17197 -0.186539 -0.191234
5.17762 -0.18733 -0.139053
5.18533 -0.188225 -0.115682
5.194 -0.188896 -0.0772139
5.21479 -0.189548 -0.0313549
True
0.254725
