4.4794 0.00351951 2.97236
4.43874 0.0141287 2.88639
4.40118 0.0283024 2.78068
4.3568 0.0512949 2.66364
4.31715 0.0778191 2.55194
4.28674 0.098785 2.53806
4.25274 0.126017 2.46632
4.23333 0.14461 2.37757
4.20606 0.169329 2.40527
4.17824 0.197225 2.35484
4.14853 0.234023 2.25006
4.11765 0.272722 2.24415
4.09734 0.298468 2.23879
4.07949 0.32184 2.22297
4.05952 0.348789 2.20869
4.03095 0.389816 2.17903
4.00162 0.430016 2.20111
3.97507 0.472372 2.13076
3.95844 0.503051 2.06741
3.94163 0.532084 2.09556
3.91827 0.574462 2.07458
3.89997 0.605703 2.10082
3.88724 0.631012 2.03681
3.8768 0.651569 2.0405
3.85512 0.696303 2.02209
3.83984 0.728748 2.01099
3.82414 0.764273 1.98696
3.81581 0.787707 1.91231
3.79888 0.824976 1.99718
3.77842 0.870458 1.99365
3.76746 0.893332 2.01758
3.75888 0.911634 2.00896
3.74511 0.941485 2.00305
3.72729 0.987401 1.94103
3.7125 1.02689 1.92904
3.69377 1.07323 1.95493
3.68098 1.10682 1.93467
3.66558 1.14717 1.93541
3.65408 1.17734 1.93488
3.64136 1.21103 1.9318
3.62262 1.25489 1.97452
3.60419 1.30137 1.94844
3.58824 1.33931 1.96877
3.57232 1.38267 1.92254
3.55287 1.42648 1.98868
3.53821 1.46487 1.93552
3.5205 1.50914 1.95138
3.50055 1.55117 2.01405
3.48017 1.5936 2.01844
3.46228 1.63188 2.00808
3.44406 1.66817 2.03604
3.42119 1.71262 2.04614
3.40428 1.74702 2.02755
3.3821 1.7879 2.06782
3.36523 1.81906 2.06722
3.3518 1.84456 2.05539
3.32956 1.88722 2.05144
3.30887 1.9193 2.14371
3.28129 1.96 2.16626
3.257 1.99809 2.1384
3.23082 2.03979 2.13144
3.20441 2.08059 2.14526
3.17989 2.12124 2.11352
3.15854 2.15595 2.12233
3.13875 2.18928 2.10656
3.11154 2.23122 2.14636
3.08978 2.26557 2.13551
3.06391 2.30193 2.18905
3.04353 2.33071 2.18722
3.01326 2.36947 2.23372
2.98436 2.40182 2.3
2.95329 2.4356 2.31433
2.92179 2.46872 2.33117
2.9013 2.49163 2.30057
2.87241 2.52204 2.33054
2.84875 2.55034 2.26693
2.81639 2.58819 2.27829
2.78509 2.62603 2.26189
2.7551 2.66328 2.24862
2.72524 2.69705 2.29483
2.69853 2.72622 2.31221
2.6642 2.76193 2.33643
2.62914 2.79758 2.34787
2.59128 2.83022 2.4302
2.55335 2.86239 2.43806
2.5141 2.8933 2.47455
2.47578 2.92534 2.44534
2.44551 2.95015 2.45476
2.41827 2.97442 2.41393
2.3956 2.99338 2.44512
2.35563 3.02342 2.49714
2.32083 3.04875 2.51223
2.29032 3.07021 2.52859
2.25452 3.09392 2.55663
2.21387 3.12168 2.54244
2.17733 3.14778 2.52144
2.13886 3.17481 2.52916
2.10161 3.201 2.52871
2.07317 3.2211 2.52638
2.03196 3.24899 2.54668
1.99386 3.27527 2.53764
1.96229 3.29709 2.53695
1.93182 3.31845 2.53018
1.8903 3.3463 2.55079
1.84664 3.37067 2.63252
1.80396 3.39397 2.64173
1.76036 3.41844 2.63022
1.72662 3.43801 2.61595
1.68366 3.46112 2.64802
1.64177 3.48334 2.65391
1.59653 3.50453 2.70368
1.55374 3.52363 2.72174
1.51981 3.53791 2.7432
1.47841 3.55517 2.74651
1.44877 3.56713 2.75818
1.40185 3.5844 2.78895
1.36126 3.60058 2.76215
1.31477 3.61885 2.76722
1.26814 3.63688 2.77258
1.22246 3.65463 2.77099
1.19488 3.6636 2.82725
1.14852 3.67995 2.80249
1.10187 3.69709 2.78956
1.06953 3.70987 2.76523
1.02274 3.72745 2.78218
0.975177 3.74286 2.82821
0.93087 3.75622 2.84879
0.892015 3.76551 2.90681
0.857284 3.77262 2.93985
0.809841 3.78024 2.98233
0.768527 3.78809 2.95373
0.719033 3.79518 2.99928
0.669544 3.8023 2.99866
0.622479 3.8093 2.99409
0.572878 3.81469 3.03336
0.535779 3.81863 3.03574
0.486997 3.825 3.01164
0.437599 3.83223 2.99629
0.387984 3.83842 3.01757
0.338391 3.84476 3.0143
0.289961 3.84788 3.07725
0.240048 3.8503 3.09323
0.190949 3.85057 3.13608
0.14588 3.84987 3.15712
0.0976132 3.84975 -3.13913
0.0607096 3.84837 -3.10409
0.0184118 3.8446 -3.05276
-0.0315096 3.84272 -3.10395
-0.0715602 3.84058 -3.08829
-0.119547 3.8397 -3.12329
-0.169124 3.8368 -3.08305
-0.215556 3.83403 -3.08209
-0.265524 3.83248 -3.11055
-0.315185 3.83176 -3.12706
-0.364392 3.82989 -3.10366
-0.410502 3.82725 -3.08447
-0.444202 3.82476 -3.06768
-0.492437 3.82096 -3.06306
-0.531356 3.81617 -3.01896
-0.575708 3.81143 -3.03523
-0.612826 3.80504 -2.97115
-0.662174 3.79703 -2.98069
-0.702427 3.78936 -2.95334
-0.744013 3.78177 -2.96098
-0.790929 3.77395 -2.9765
-0.834888 3.76491 -2.9388
-0.881577 3.75607 -2.95447
-0.923086 3.74973 -2.99003
-0.97244 3.742 -2.98608
-1.01707 3.73473 -2.98009
-1.06519 3.72678 -2.97792
-1.11354 3.71641 -2.93041
-1.16196 3.70424 -2.89525
-1.20832 3.68975 -2.83878
-1.24438 3.67813 -2.82986
-1.2889 3.66388 -2.83183
-1.33143 3.64958 -2.81708
-1.37698 3.63529 -2.83761
-1.42201 3.61824 -2.77965
-1.46169 3.60321 -2.77959
-1.50455 3.58659 -2.77164
-1.54591 3.56804 -2.71993
-1.59039 3.54994 -2.75526
-1.63603 3.52953 -2.721
-1.67898 3.51113 -2.73673
-1.72131 3.49022 -2.68279
-1.76432 3.46808 -2.66634
-1.8088 3.44617 -2.68379
-1.85104 3.42463 -2.66996
-1.8899 3.40291 -2.63198
-1.9327 3.3793 -2.63759
-1.97553 3.35356 -2.60046
-2.0092 3.33448 -2.6259
-2.05312 3.31059 -2.64349
-2.09728 3.28774 -2.66412
-2.13997 3.26406 -2.63509
-2.17447 3.24275 -2.58833
-2.2054 3.22329 -2.58001
-2.24253 3.1988 -2.55843
-2.28368 3.17048 -2.53885
-2.32388 3.14103 -2.5093
-2.36284 3.1103 -2.47382
-2.39501 3.08541 -2.48302
-2.43165 3.05392 -2.43169
-2.4702 3.0239 -2.47996
-2.50994 2.99399 -2.49637
-2.54838 2.96216 -2.45004
-2.58695 2.9309 -2.46043
-2.62462 2.89826 -2.42764
-2.66134 2.86432 -2.3955
-2.69652 2.82995 -2.36794
-2.72355 2.80292 -2.35612
-2.75902 2.76949 -2.38567
-2.78388 2.74321 -2.32849
-2.81151 2.71738 -2.39006
-2.84827 2.68353 -2.39721
-2.8853 2.6511 -2.42225
-2.92011 2.61964 -2.40678
-2.95057 2.59289 -2.42108
-2.98699 2.56011 -2.40869
-3.01947 2.53045 -2.40161
-3.05136 2.50315 -2.43366
-3.08596 2.47343 -2.43185
-3.11803 2.44511 -2.41808
-3.15395 2.41312 -2.41407
-3.18759 2.38128 -2.38366
-3.21971 2.34827 -2.34248
-3.24899 2.31894 -2.35554
-3.27311 2.29711 -2.40605
-3.30868 2.26803 -2.45619
-3.33863 2.243 -2.44538
-3.36464 2.22164 -2.45398
-3.38583 2.20438 -2.45817
-3.40921 2.18583 -2.47088
-3.43671 2.16411 -2.47295
-3.45375 2.14969 -2.43959
-3.46431 2.13995 -2.39635
-3.47855 2.12592 -2.36361
-3.48193 2.12271 -2.38284
-3.48858 2.11562 -2.32314
-3.49293 2.11114 -2.34241
-3.50435 2.10101 -2.41594
-3.50617 2.09943 -2.42797
-3.52359 2.08399 -2.41625
-3.53385 2.07525 -2.43635
-3.54864 2.06122 -2.38223
-3.57753 2.03428 -2.39116
-3.60838 2.00737 -2.42427
-3.62202 1.99517 -2.41188
-3.64687 1.97298 -2.41272
-3.67147 1.95246 -2.44643
-3.68704 1.93946 -2.44594
-3.69344 1.93458 -2.48954
-3.70468 1.92595 -2.48691
-3.71494 1.91731 -2.44174
-3.73045 1.90388 -2.42782
-3.73931 1.89522 -2.36831
-3.75923 1.87543 -2.35926
-3.77473 1.85923 -2.33424
-3.79368 1.83894 -2.32213
-3.81354 1.81717 -2.31033
-3.82554 1.80534 -2.36286
-3.84621 1.7874 -2.42682
-3.86804 1.76868 -2.4329
-3.88052 1.75757 -2.41422
-3.89766 1.74193 -2.40206
-3.90613 1.73421 -2.4022
-3.92458 1.71724 -2.39788
-3.9427 1.70011 -2.38407
-3.95654 1.68737 -2.3981
-3.96795 1.67755 -2.43058
-3.98427 1.6627 -2.40338
-3.99999 1.64839 -2.40318
-4.01677 1.6327 -2.38959
-4.03558 1.61582 -2.41044
-4.03808 1.61362 -2.41849
-4.04396 1.60868 -2.44232
-4.05026 1.60354 -2.45839
-4.06364 1.59239 -2.4466
-4.06937 1.58765 -2.45103
-4.08337 1.57572 -2.43557
-4.08683 1.57254 -2.39838
-4.09478 1.5648 -2.36924
-4.10044 1.5594 -2.38009
-4.10773 1.55251 -2.3846
-4.11496 1.5453 -2.35773
-4.12584 1.53397 -2.33579
-4.13408 1.5252 -2.32476
-4.14303 1.51494 -2.28818
-4.15261 1.50288 -2.24236
-4.15548 1.49939 -2.25826
-4.16086 1.49264 -2.24434
-4.16848 1.48246 -2.21316
-4.17353 1.47587 -2.22428
-4.18275 1.46444 -2.24968
-4.19236 1.45308 -2.27287
-4.20012 1.44345 -2.24927
-4.2036 1.43925 -2.26271
-4.20692 1.43522 -2.26086
-4.21172 1.42984 -2.29777
-4.22504 1.41618 -2.34371
-4.23903 1.40278 -2.37796
-4.24407 1.39749 -2.33158
-4.24647 1.39487 -2.31443
-4.24949 1.39185 -2.35514
-4.25402 1.38723 -2.34667
-4.26054 1.3807 -2.35558
-4.26321 1.37822 -2.39236
-4.26791 1.3737 -2.37608
-4.27711 1.36506 -2.3874
-4.28677 1.35542 -2.35738
True
0.0655354
