-5.4722 0.721965 0.00552183
-5.43539 0.721323 -0.0174286
-5.38587 0.719894 -0.02885
-5.34125 0.717868 -0.0453782
-5.29179 0.714236 -0.0733056
-5.24496 0.711313 -0.0623284
-5.19497 0.710568 -0.0149018
-5.14637 0.711965 0.0287372
-5.09638 0.712543 0.0115643
-5.04952 0.714702 0.0460192
-5.00487 0.716885 0.048866
-4.95501 0.720035 0.0630891
-4.90527 0.724894 0.0973757
-4.85703 0.727904 0.0623263
-4.80864 0.730222 0.0478689
-4.7607 0.734347 0.0858063
-4.71191 0.737594 0.0664628
-4.6712 0.740992 0.0832906
-4.62162 0.744601 0.0726663
-4.57224 0.74734 0.055395
-4.53236 0.749864 0.0632061
-4.48286 0.751263 0.0282611
-4.43632 0.752313 0.0225658
-4.38649 0.754333 0.0405096
-4.33696 0.758489 0.0837026
-4.28967 0.761865 0.071273
-4.24101 0.765895 0.0826388
-4.20378 0.76937 0.0930764
-4.1639 0.773755 0.109489
-4.1149 0.776253 0.0509342
-4.07288 0.779814 0.0845503
-4.03489 0.782883 0.0805982
-3.99128 0.786086 0.073337
-3.94486 0.788014 0.0415022
-3.89525 0.792171 0.0836063
-3.85093 0.794527 0.0530893
-3.80326 0.799163 0.0969408
-3.77001 0.803752 0.137176
-3.72081 0.809394 0.114186
-3.67118 0.811907 0.0505821
-3.62194 0.815174 0.0662449
-3.57875 0.81926 0.0943487
-3.52902 0.824202 0.0990492
-3.48573 0.828444 0.0976802
-3.43967 0.832637 0.0907707
-3.39013 0.839303 0.133761
-3.34083 0.84651 0.145151
-3.29734 0.851301 0.109726
-3.24925 0.856091 0.0992877
-3.20542 0.859795 0.0843003
-3.17057 0.862026 0.0639154
-3.12188 0.864745 0.0557979
-3.07321 0.8654 0.0134476
-3.03486 0.865541 0.00367492
-2.99684 0.866909 0.0359769
-2.94881 0.869439 0.0526101
-2.8999 0.87305 0.073703
-2.85222 0.874535 0.0311304
-2.81117 0.876601 0.0502943
-2.76239 0.879733 0.064133
-2.71945 0.882477 0.0638171
-2.67014 0.884757 0.0461896
-2.62075 0.886022 0.0256083
-2.57682 0.887124 0.0250801
-2.52697 0.885366 -0.0352434
-2.47722 0.883864 -0.0301879
-2.43322 0.881834 -0.0460943
-2.38523 0.882522 0.0143265
-2.33781 0.883213 0.0145764
-2.28797 0.885525 0.0463692
-2.2405 0.888038 0.0528711
-2.20338 0.888917 0.0236849
-2.15604 0.889905 0.0208661
-2.10654 0.891025 0.0226108
-2.06507 0.890143 -0.0212672
-2.01895 0.888298 -0.0399658
-1.97479 0.88725 -0.0237314
-1.92873 0.885904 -0.0292227
-1.88712 0.885191 -0.0171358
-1.83713 0.884541 -0.0129892
-1.78803 0.884305 -0.00480813
-1.7381 0.881997 -0.0461851
-1.70303 0.880831 -0.0332551
-1.65304 0.881156 0.00650242
-1.61399 0.880284 -0.0223303
-1.56403 0.878488 -0.0359268
-1.52251 0.877767 -0.017368
-1.4731 0.876336 -0.0289584
-1.42992 0.875345 -0.0229273
-1.38244 0.874786 -0.0117834
-1.34053 0.873321 -0.0349474
-1.29161 0.872009 -0.026807
-1.2435 0.870907 -0.0228984
-1.19358 0.868737 -0.0434489
-1.14364 0.866441 -0.0459341
-1.10238 0.864695 -0.0422852
-1.05485 0.861708 -0.062788
-1.00889 0.857521 -0.0908402
-0.959057 0.854094 -0.0686578
-0.910673 0.852092 -0.0413658
-0.860944 0.850702 -0.0279436
-0.820886 0.847892 -0.0700352
-0.771283 0.847584 -0.00619969
-0.722675 0.849644 0.0423596
-0.682608 0.851285 0.0409367
-0.636796 0.853409 0.0463323
-0.599527 0.855332 0.0515435
-0.560424 0.857878 0.065012
-0.516202 0.860854 0.0672019
-0.470224 0.863786 0.0636774
-0.420298 0.866328 0.0508725
-0.376119 0.866735 0.00920242
-0.328317 0.86586 -0.0182886
-0.282143 0.866094 0.00506077
-0.233619 0.868196 0.0432856
-0.186677 0.868384 0.00401613
-0.138122 0.869939 0.0320223
-0.0885174 0.871821 0.0379209
-0.0407444 0.871939 0.00245502
0.00893458 0.873153 0.0244473
0.0576244 0.875409 0.0462927
0.102795 0.876894 0.0328712
0.146636 0.877268 0.00851737
0.196444 0.879637 0.0475279
0.245893 0.87999 0.00713555
0.292082 0.880003 0.000291235
0.341773 0.882614 0.0524879
0.391729 0.884534 0.0384241
0.441469 0.887019 0.0499217
0.491441 0.885695 -0.0264981
0.541225 0.887692 0.0400858
0.588574 0.886739 -0.0201177
0.635666 0.884891 -0.0392182
0.678908 0.88569 0.0184667
0.728633 0.885539 -0.0030371
0.775338 0.886366 0.0177158
0.824864 0.889103 0.0551949
0.87456 0.890874 0.0356278
0.918175 0.89303 0.049403
0.966381 0.89489 0.0385617
1.01584 0.896999 0.0426089
1.06565 0.901235 0.0848413
1.10664 0.90347 0.0544619
1.15564 0.906253 0.0567347
1.20126 0.910543 0.0937728
1.24955 0.916069 0.11394
1.28926 0.918727 0.0668158
1.33607 0.922821 0.0872546
1.37766 0.924841 0.0485287
1.42553 0.928632 0.0790274
1.47534 0.929725 0.0219296
1.5253 0.930556 0.0166326
1.57493 0.930064 -0.00991558
1.61832 0.929578 -0.0111907
1.66784 0.929347 -0.00467076
1.7178 0.929313 -0.000677371
1.76069 0.930654 0.0312613
1.8106 0.93227 0.0323518
1.83841 0.934418 0.0770831
1.88435 0.936805 0.0519274
1.92773 0.938152 0.0310205
1.9709 0.938452 0.00696438
2.01181 0.936922 -0.0373756
2.05401 0.93522 -0.0403204
2.0891 0.935434 0.00609649
2.136 0.934486 -0.0202153
2.18599 0.935052 0.0113271
2.23582 0.936004 0.0191071
2.2839 0.938789 0.0578421
2.33334 0.940004 0.0245695
2.38217 0.940012 0.000177827
2.43051 0.939397 -0.012734
2.48031 0.937987 -0.0282986
2.52744 0.936936 -0.022303
2.57127 0.935581 -0.0308981
2.617 0.932619 -0.0646877
2.66405 0.929319 -0.0700362
2.71374 0.923882 -0.108967
2.76111 0.917039 -0.143463
2.81086 0.913947 -0.0620654
2.85349 0.909479 -0.10443
2.90296 0.904159 -0.107132
2.95052 0.900995 -0.0664135
2.99585 0.897731 -0.0719092
3.0442 0.894904 -0.0584012
3.09122 0.891785 -0.0662236
3.14115 0.889179 -0.0521498
3.18464 0.88736 -0.041791
3.21811 0.884836 -0.0752802
3.26078 0.883679 -0.0271185
3.30849 0.881782 -0.0397305
3.35755 0.880762 -0.0207832
3.4017 0.878712 -0.046422
3.45122 0.877916 -0.0160664
3.48414 0.876824 -0.0331764
3.50856 0.875314 -0.0617486
3.5351 0.874459 -0.0321796
3.56779 0.8724 -0.0629159
3.61604 0.871908 -0.0101955
3.65583 0.872409 0.0125993
3.68829 0.8741 0.0520384
3.7092 0.874105 0.000260238
3.72463 0.874386 0.0181812
3.74341 0.875086 0.0372703
3.77247 0.876899 0.062303
3.81073 0.880243 0.087196
3.84038 0.882393 0.0723734
3.86756 0.884004 0.0591977
3.89193 0.886442 0.0997252
3.93406 0.890525 0.096602
3.96745 0.894092 0.106432
3.99813 0.898261 0.13506
4.03971 0.903998 0.137108
4.08006 0.909375 0.132458
4.11554 0.913965 0.128677
4.14485 0.918457 0.15206
4.16585 0.921771 0.156522
4.17557 0.922971 0.122936
4.1909 0.924855 0.122209
4.22189 0.929059 0.134832
4.25671 0.934834 0.164366
4.30175 0.941032 0.136769
4.33467 0.944501 0.10497
4.36419 0.946576 0.0701792
4.38692 0.947448 0.0383457
4.42198 0.947985 0.0153215
4.45705 0.947644 -0.0097132
4.47921 0.948241 0.0269276
4.49891 0.949089 0.0430167
4.51087 0.950083 0.0829133
4.52532 0.95085 0.0529971
4.53732 0.951531 0.0566947
4.55328 0.951895 0.022795
4.55897 0.951608 -0.0502628
4.56742 0.95111 -0.0588147
4.58675 0.950011 -0.0568071
4.61391 0.948921 -0.0401341
4.64555 0.947806 -0.0352348
4.67804 0.945985 -0.0559522
4.6972 0.944803 -0.0616282
4.71146 0.94439 -0.0289948
4.74827 0.943614 -0.0210556
4.77631 0.943267 -0.0123725
4.80671 0.943246 -0.00069015
4.84696 0.941689 -0.0386616
4.88437 0.94027 -0.0379298
4.89716 0.939749 -0.0407141
4.91806 0.938703 -0.0500081
4.94285 0.938033 -0.0270251
4.95073 0.937844 -0.023923
4.96727 0.937541 -0.0183474
4.98564 0.937356 -0.0100606
4.98994 0.937396 0.00929094
4.99707 0.937488 0.012935
5.00487 0.937439 -0.00623963
5.0158 0.937285 -0.0140767
5.03733 0.937427 0.00657445
5.04575 0.93729 -0.0163204
5.05668 0.936348 -0.0859494
5.0761 0.933875 -0.126604
5.08247 0.933003 -0.136073
5.08647 0.932398 -0.150381
5.09072 0.931833 -0.132214
5.10061 0.930687 -0.115295
5.10984 0.929541 -0.123592
5.12185 0.928453 -0.09035
5.13167 0.927474 -0.0993365
5.14547 0.925932 -0.111276
5.15346 0.924917 -0.126351
5.16181 0.923876 -0.124036
5.18239 0.921247 -0.127071
5.19446 0.919529 -0.141347
5.20508 0.917881 -0.153889
True
0.0671901
