4.4834 0.00849824 2.66856
4.46177 0.021257 2.60865
4.44955 0.0292272 2.56337
4.43052 0.0445202 2.46467
4.40308 0.0693397 2.40628
4.36912 0.105736 2.3216
4.33729 0.137403 2.35886
4.30912 0.17254 2.24659
4.28933 0.198042 2.2307
4.26521 0.231559 2.19453
4.24554 0.257228 2.22456
4.21966 0.295304 2.16784
4.2034 0.320511 2.14366
4.18153 0.356896 2.11203
4.15867 0.399913 2.05926
4.14446 0.426982 2.05428
4.12671 0.462101 2.03873
4.10652 0.506884 1.99423
4.08876 0.544055 2.01674
4.06862 0.589119 1.99098
4.05056 0.628438 2.0014
4.02874 0.672668 2.02915
4.00741 0.71679 2.02097
4.00291 0.726382 2.01003
3.98955 0.757028 1.98197
3.97726 0.783048 2.01187
3.95519 0.82789 2.0281
3.93428 0.870041 2.03141
3.91635 0.911173 1.98177
3.89818 0.955483 1.96008
3.88027 0.997905 1.97032
3.85993 1.04068 2.01465
3.83881 1.08205 2.04276
3.81972 1.12738 1.96933
3.79947 1.17112 2.00445
3.77778 1.21616 2.01967
3.75735 1.26179 1.99174
3.73756 1.30398 2.00933
3.71969 1.34506 1.98099
3.70828 1.37072 1.98924
3.69668 1.39988 1.9497
3.68277 1.43094 1.99177
3.66905 1.46225 1.9837
3.64894 1.50748 1.98929
3.62897 1.55108 2.00028
3.61155 1.58922 1.99912
3.59521 1.62572 1.99174
3.57998 1.65873 2.00316
3.55949 1.69774 2.05433
3.5369 1.74209 2.04186
3.51808 1.78131 2.01823
3.497 1.82644 2.00791
3.4824 1.85607 2.02849
3.46232 1.89325 2.06599
3.43795 1.9369 2.08
3.41594 1.97684 2.07447
3.3891 2.01897 2.13803
3.36335 2.06183 2.11188
3.34546 2.08714 2.18589
3.32691 2.11498 2.15878
3.29924 2.15629 2.16081
3.27448 2.19341 2.15911
3.25994 2.21624 2.13785
3.23745 2.24793 2.18802
3.2097 2.28923 2.1624
3.18753 2.31928 2.20634
3.16352 2.35164 2.20931
3.13248 2.39076 2.24143
3.10431 2.42214 2.30239
3.07442 2.46059 2.23151
3.04188 2.49826 2.28337
3.01247 2.5359 2.23394
2.98977 2.56401 2.25035
2.95546 2.5998 2.33497
2.92493 2.63368 2.30432
2.89963 2.66028 2.33103
2.87058 2.69059 2.33497
2.84104 2.71719 2.4087
2.80706 2.74901 2.38883
2.7718 2.78211 2.38796
2.73615 2.81715 2.36474
2.69954 2.85114 2.39333
2.66323 2.8849 2.39249
2.6347 2.91076 2.40527
2.61004 2.93047 2.46743
2.57646 2.95727 2.46784
2.54384 2.98412 2.45296
2.51042 3.01109 2.46271
2.47339 3.03907 2.49451
2.43413 3.06978 2.47772
2.39483 3.10063 2.47595
2.36318 3.12187 2.55068
2.34832 3.13214 2.53709
2.32037 3.15199 2.52391
2.27897 3.18002 2.54633
2.24362 3.20169 2.59184
2.20913 3.22275 2.59347
2.16814 3.24619 2.62204
2.1262 3.27337 2.5666
2.08385 3.29866 2.60324
2.04699 3.32083 2.60004
2.00344 3.34487 2.63721
1.95991 3.36847 2.64483
1.9198 3.39325 2.58809
1.88168 3.41491 2.62492
1.83959 3.44115 2.58425
1.79609 3.46579 2.62617
1.75407 3.49083 2.60414
1.71114 3.5158 2.6149
1.67577 3.53661 2.60975
1.63225 3.56092 2.6322
1.6006 3.57865 2.63074
1.55801 3.60263 2.62897
1.51417 3.62637 2.64532
1.47004 3.64894 2.66863
1.43162 3.66956 2.64914
1.39414 3.68712 2.70334
1.35143 3.70763 2.694
1.30634 3.72903 2.69852
1.26285 3.74822 2.72595
1.21746 3.76836 2.7239
1.17288 3.78664 2.75251
1.12763 3.80525 2.75135
1.08364 3.82562 2.70811
1.04104 3.84466 2.72121
0.996259 3.86512 2.71294
0.955719 3.88021 2.78523
0.912682 3.89572 2.79576
0.866789 3.9132 2.77772
0.823464 3.93032 2.76515
0.783237 3.94482 2.79566
0.736596 3.96272 2.77518
0.690095 3.98103 2.76647
0.654382 3.99205 2.84227
0.614699 4.00528 2.81983
0.566612 4.01782 2.88647
0.518325 4.02936 2.9071
0.473019 4.03984 2.91425
0.430062 4.04935 2.92361
0.381262 4.0591 2.94438
0.33209 4.06813 2.96005
0.285618 4.07666 2.95998
0.240157 4.08591 2.94103
0.199373 4.09143 3.00702
0.163546 4.09645 3.00244
0.113859 4.10124 3.04539
0.0648922 4.1085 2.99447
0.0185079 4.11455 3.01192
-0.0152516 4.11852 3.02444
-0.0649279 4.12419 3.02803
-0.102113 4.12818 3.03463
-0.151968 4.1318 3.0691
-0.193815 4.13626 3.0353
-0.242891 4.14253 3.0146
-0.291518 4.14877 3.01395
-0.341325 4.15314 3.05407
-0.380794 4.15663 3.05351
-0.418527 4.15863 3.0886
-0.464199 4.16158 3.07708
-0.512212 4.16493 3.07189
-0.560541 4.16643 3.1106
-0.61007 4.16862 3.09745
-0.655834 4.17176 3.07311
-0.693603 4.17431 3.07397
-0.738746 4.17476 3.13162
-0.781935 4.17392 3.16105
-0.831921 4.17453 -3.15374
-0.879723 4.17314 3.17071
-0.921411 4.17216 -3.11819
-0.971216 4.16786 -3.05545
-1.01565 4.16472 -3.07104
-1.06375 4.16205 -3.08611
-1.11324 4.16255 -3.15165
-1.16053 4.16097 3.17494
-1.201 4.15964 -3.10873
-1.24538 4.15888 -3.12442
-1.26267 4.15755 -3.0649
-1.2975 4.1552 -3.07421
-1.34517 4.15003 -3.0336
-1.38954 4.14451 -3.01794
-1.43432 4.13959 -3.03199
-1.4838 4.13345 -3.01817
-1.53173 4.13002 -3.0702
-1.5749 4.12527 -3.03203
-1.6018 4.12163 -3.00703
-1.64184 4.11836 -3.06019
-1.68175 4.11362 -3.02322
-1.73165 4.11126 -3.09434
-1.78097 4.10997 -3.11544
-1.82258 4.10652 -3.05895
-1.86484 4.10451 -3.09416
-1.91069 4.1032 -3.11282
-1.95232 4.10142 -3.09888
-2.0007 4.10275 -3.16906
-2.04763 4.10183 3.16105
-2.08502 4.10149 -3.13236
-2.13034 4.10082 -3.12684
-2.17278 4.1006 -3.13636
-2.21999 4.09945 -3.1173
-2.26834 4.09953 -3.14337
-2.31058 4.09991 3.13265
-2.35188 4.09929 3.15675
-2.38792 4.09951 -3.1477
-2.43387 4.0988 3.15696
-2.47607 4.10017 -3.17403
-2.51142 4.10118 3.11287
-2.5518 4.10149 3.13411
-2.58684 4.09945 3.19978
-2.62886 4.09709 -3.08556
-2.65959 4.09519 -3.07984
-2.6911 4.09244 -3.05461
-2.74044 4.08957 -3.08347
-2.78028 4.08717 -3.08142
-2.81078 4.08431 -3.0481
-2.84252 4.08063 -3.02615
-2.88173 4.0781 -3.07711
-2.90289 4.07708 -3.09336
-2.93796 4.07441 -3.06573
-2.95942 4.0722 -3.03869
-2.99624 4.06885 -3.05089
-3.01573 4.06581 -2.98696
-3.06166 4.05735 -2.95943
-3.10206 4.04828 -2.9207
-3.13249 4.04166 -2.9275
-3.16728 4.03502 -2.95306
-3.20752 4.02973 -3.0109
-3.23218 4.02669 -3.01901
-3.25123 4.02463 -3.0336
-3.27146 4.02197 -3.0107
-3.29699 4.01854 -3.00836
-3.32241 4.01509 -3.00645
-3.35017 4.01106 -2.99736
-3.36959 4.00847 -3.00942
-3.40477 4.00518 -3.04827
-3.42719 4.00355 -3.06903
-3.44542 4.00293 -3.10758
-3.48274 4.00462 -3.18686
-3.51912 4.00647 3.09092
-3.55152 4.00845 3.08036
-3.58214 4.01036 3.07946
-3.61303 4.01277 3.06354
-3.63837 4.0152 3.04615
-3.67158 4.01734 3.07725
-3.71378 4.01817 3.12197
-3.73828 4.01826 3.13773
-3.76282 4.01785 3.15823
-3.78825 4.01874 -3.17637
-3.80328 4.01923 3.10922
-3.8173 4.01944 3.12655
-3.83594 4.01911 3.15892
-3.83969 4.01891 -3.08605
-3.85707 4.01817 -3.09941
-3.87039 4.01716 -3.06613
-3.87849 4.01677 -3.09316
-3.88899 4.0162 -3.08687
-3.90547 4.01456 -3.0426
-3.92123 4.01276 -3.02779
-3.94709 4.01013 -3.04023
-3.96451 4.00874 -3.06218
-3.97525 4.00833 -3.10303
-3.99746 4.00723 -3.09214
-4.00332 4.00703 -3.10759
-4.0161 4.00641 -3.09285
-4.02151 4.00617 -3.09786
-4.02828 4.00602 -3.11917
-4.03268 4.00601 -3.14088
-4.03965 4.00625 -3.1748
-4.05285 4.00649 3.12327
-4.06223 4.0064 3.15086
-4.08337 4.00624 -3.13385
-4.09167 4.00588 -3.09837
-4.10075 4.00547 -3.09699
-4.11686 4.00567 -3.1536
-4.12905 4.00601 3.11314
-4.13273 4.00647 3.0192
-4.13919 4.00768 2.95648
-4.14465 4.009 2.90446
-4.15445 4.01108 2.93238
-4.17377 4.01466 2.95839
-4.19003 4.01838 2.91651
-4.19789 4.02027 2.90503
-4.19878 4.02047 2.92943
-4.21145 4.02237 2.99234
-4.22938 4.02381 3.06155
-4.23431 4.02424 3.0541
-4.25268 4.02556 3.07005
True
0.193758
