4.47513 -0.00611355 -2.90051
4.43669 -0.0176903 -2.8491
4.3914 -0.0345152 -2.78589
4.3507 -0.0539396 -2.69634
4.31345 -0.0750536 -2.62593
4.27933 -0.0985773 -2.53788
4.24058 -0.130111 -2.45858
4.20386 -0.163957 -2.39686
4.17255 -0.196651 -2.33465
4.14618 -0.226198 -2.29945
4.11405 -0.264037 -2.27476
4.0855 -0.304895 -2.1807
4.06189 -0.337342 -2.19984
4.04171 -0.365629 -2.19032
4.02105 -0.398233 -2.13568
3.99875 -0.436099 -2.10305
3.98019 -0.469851 -2.07341
3.9627 -0.503155 -2.0545
3.94221 -0.544145 -2.03433
3.9287 -0.572185 -2.01967
3.91469 -0.604207 -1.98322
3.89519 -0.648154 -1.98841
3.87617 -0.694391 -1.96122
3.85836 -0.737276 -1.96426
3.8386 -0.782677 -1.98145
3.82106 -0.829499 -1.92922
3.81022 -0.859515 -1.91709
3.79439 -0.897293 -1.96775
3.77669 -0.944055 -1.9326
3.76459 -0.976228 -1.93065
3.75007 -1.01639 -1.91767
3.74218 -1.03589 -1.95506
3.73082 -1.06139 -1.98993
3.71206 -1.10773 -1.95549
3.69423 -1.14578 -2.00909
3.67826 -1.18474 -1.95965
3.65961 -1.22974 -1.96372
3.64249 -1.26676 -2.00401
3.62239 -1.31241 -1.98549
3.6031 -1.35452 -2.00042
3.58595 -1.38897 -2.03266
3.5695 -1.42171 -2.03647
3.55188 -1.45345 -2.07745
3.53022 -1.49849 -2.01908
3.51194 -1.53489 -2.03618
3.49218 -1.57031 -2.0798
3.4691 -1.61411 -2.05569
3.45189 -1.6486 -2.03374
3.43266 -1.68652 -2.04001
3.41522 -1.72446 -2.0016
3.39243 -1.76895 -2.04436
3.36797 -1.81244 -2.08302
3.34494 -1.85679 -2.04975
3.32114 -1.90076 -2.0669
3.29806 -1.94352 -2.06587
3.27918 -1.97609 -2.09604
3.25731 -2.01745 -2.05727
3.23631 -2.05709 -2.05782
3.21182 -2.10049 -2.08459
3.19079 -2.13587 -2.10709
3.16718 -2.17994 -2.06267
3.14578 -2.21699 -2.0945
3.11909 -2.25865 -2.14062
3.09786 -2.29034 -2.16119
3.07555 -2.32268 -2.17452
3.04744 -2.3635 -2.17392
3.027 -2.39375 -2.16506
2.99671 -2.43352 -2.22154
2.96933 -2.46956 -2.22058
2.93871 -2.50905 -2.23034
2.90819 -2.54361 -2.2943
2.87626 -2.58207 -2.26363
2.84294 -2.61909 -2.30353
2.81067 -2.6559 -2.29063
2.77783 -2.69357 -2.28784
2.75023 -2.72572 -2.28029
2.72212 -2.75575 -2.32311
2.68698 -2.79133 -2.34998
2.65361 -2.8255 -2.34432
2.6247 -2.85434 -2.35751
2.58915 -2.88847 -2.37648
2.56098 -2.91497 -2.38675
2.52605 -2.94407 -2.44701
2.48628 -2.97437 -2.49059
2.45261 -2.99846 -2.52038
2.42157 -3.02002 -2.53452
2.37986 -3.04681 -2.57068
2.33926 -3.07599 -2.51846
2.30115 -3.10103 -2.5603
2.26535 -3.12519 -2.5479
2.22338 -3.15205 -2.57229
2.18088 -3.17796 -2.59404
2.13815 -3.2033 -2.60639
2.09588 -3.228 -2.61284
2.05356 -3.25345 -2.60016
2.01094 -3.27911 -2.59971
1.96998 -3.30306 -2.61229
1.93416 -3.32265 -2.6412
1.89718 -3.34304 -2.63776
1.86455 -3.36224 -2.60968
1.83554 -3.37824 -2.63756
1.79563 -3.39953 -2.6516
1.75703 -3.42232 -2.60811
1.73111 -3.43739 -2.61502
1.68834 -3.46113 -2.6349
1.64519 -3.484 -2.65431
1.60608 -3.50442 -2.66036
1.56369 -3.5261 -2.6689
1.53064 -3.5436 -2.65463
1.49465 -3.56504 -2.60428
1.46181 -3.58149 -2.67724
1.41802 -3.60367 -2.67268
1.37803 -3.62021 -2.74939
1.33225 -3.63997 -2.73427
1.29135 -3.65705 -2.74581
1.24539 -3.67664 -2.7388
1.20053 -3.69559 -2.74196
1.15399 -3.71383 -2.76791
1.10704 -3.731 -2.79114
1.0623 -3.74668 -2.80438
1.01523 -3.76353 -2.79784
0.96759 -3.77863 -2.83475
0.924961 -3.79233 -2.83066
0.877677 -3.80303 -2.91906
0.83377 -3.81547 -2.86547
0.788538 -3.82937 -2.84337
0.747752 -3.84147 -2.85326
0.707789 -3.85135 -2.89916
0.661109 -3.86155 -2.92644
0.618622 -3.87065 -2.93055
0.574424 -3.87945 -2.94509
0.526382 -3.88765 -2.97262
0.477618 -3.89643 -2.96336
0.428347 -3.90494 -2.97064
0.387557 -3.91083 -2.99828
0.341499 -3.91863 -2.97377
0.298948 -3.92375 -3.02179
0.249805 -3.93053 -3.00456
0.202908 -3.93598 -3.02587
0.153196 -3.93945 -3.07182
0.128901 -3.94031 -3.10644
0.0789112 -3.93996 -3.14862
0.0299737 -3.94006 3.14379
-0.00844041 -3.93975 -3.14971
-0.0583772 -3.93725 3.09146
-0.10394 -3.93482 3.0884
-0.148702 -3.9312 3.06095
-0.191052 -3.92724 3.04843
-0.240559 -3.92284 3.05283
-0.283616 -3.91745 3.01707
-0.328964 -3.91359 3.05675
-0.377968 -3.90685 3.00486
-0.413787 -3.90085 2.97573
-0.462791 -3.89227 2.9681
-0.511666 -3.88233 2.941
-0.560537 -3.87181 2.92965
-0.603026 -3.8611 2.89471
-0.642664 -3.85196 2.9148
-0.690813 -3.83869 2.87273
-0.711623 -3.83241 2.84857
-0.755239 -3.81812 2.82488
-0.790726 -3.80773 2.85672
-0.837216 -3.79311 2.83706
-0.883613 -3.77987 2.86352
-0.927964 -3.7693 2.90761
-0.974389 -3.75923 2.92796
-1.01337 -3.74854 2.87399
-1.06095 -3.73496 2.8635
-1.10626 -3.72196 2.86222
-1.15335 -3.70516 2.799
-1.19799 -3.68952 2.80456
-1.2443 -3.67343 2.80722
-1.29053 -3.65505 2.76309
-1.33509 -3.63666 2.75018
-1.38107 -3.61713 2.73995
-1.42608 -3.59712 2.72333
-1.47094 -3.57509 2.68514
-1.51333 -3.55358 2.67191
-1.55582 -3.53332 2.69679
-1.60068 -3.51327 2.72118
-1.64361 -3.49551 2.74934
-1.68901 -3.47578 2.73165
-1.7278 -3.45841 2.72056
-1.77299 -3.43711 2.70108
-1.81707 -3.41785 2.72971
-1.85869 -3.4003 2.74262
-1.90169 -3.38066 2.71304
-1.94233 -3.36376 2.74757
-1.98657 -3.34402 2.72201
-2.03217 -3.32385 2.72507
-2.07471 -3.30484 2.72124
-2.10381 -3.29063 2.68743
-2.14605 -3.27045 2.69597
-2.19147 -3.24962 2.71154
-2.23582 -3.22654 2.66187
-2.28009 -3.20348 2.66123
-2.31742 -3.18611 2.70606
-2.36258 -3.16481 2.70088
-2.38974 -3.15308 2.7339
-2.43092 -3.13549 2.73801
-2.47651 -3.11498 2.71875
-2.51976 -3.09631 2.73405
-2.56581 -3.07684 2.74156
-2.60611 -3.05961 2.73775
-2.63773 -3.04603 2.7358
-2.67976 -3.0295 2.76687
-2.72022 -3.01201 2.73369
-2.76438 -2.99421 2.75841
-2.80565 -2.97817 2.7708
-2.84184 -2.96398 2.76796
-2.87463 -2.95105 2.76608
-2.90797 -2.93597 2.71676
-2.94193 -2.92061 2.71686
-2.96008 -2.91118 2.66206
-2.99554 -2.89384 2.68692
-3.01859 -2.88157 2.65235
-3.02193 -2.87979 2.65258
-3.04948 -2.86415 2.62517
-3.06208 -2.85619 2.57829
-3.07994 -2.84672 2.65395
-3.096 -2.83645 2.57296
-3.11052 -2.82798 2.61345
-3.14722 -2.80429 2.56832
-3.17977 -2.78159 2.53259
-3.20279 -2.76716 2.58174
-3.22467 -2.75368 2.58935
-3.26597 -2.7284 2.59244
-3.29849 -2.70796 2.58039
-3.33649 -2.68356 2.57067
-3.36585 -2.66629 2.61001
-3.39427 -2.64915 2.59891
-3.42327 -2.631 2.58247
-3.4518 -2.61355 2.59265
-3.47759 -2.59837 2.60947
-3.51923 -2.57509 2.6318
-3.5601 -2.55231 2.63309
-3.59436 -2.53332 2.63542
-3.6217 -2.51853 2.6456
-3.64306 -2.50724 2.65573
-3.67072 -2.49402 2.6955
-3.6854 -2.48696 2.69359
-3.70661 -2.47692 2.69963
-3.71167 -2.47423 2.65315
-3.71886 -2.47038 2.64961
-3.72703 -2.4656 2.61223
-3.73839 -2.45791 2.54668
-3.73837 -2.45793 2.56393
-3.75641 -2.44582 2.55049
-3.76179 -2.44211 2.53763
-3.77338 -2.43393 2.52736
-3.78416 -2.42694 2.56656
-3.80425 -2.41452 2.58746
-3.81468 -2.40839 2.61088
-3.82427 -2.40301 2.62972
-3.84867 -2.38941 2.6332
-3.86078 -2.38255 2.62653
-3.86505 -2.38027 2.65012
-3.88782 -2.36832 2.65838
-3.90537 -2.359 2.65322
-3.92234 -2.34985 2.64705
-3.92705 -2.34734 2.65335
-3.94088 -2.33979 2.64155
-3.95605 -2.3313 2.63161
-3.96621 -2.32599 2.65986
-3.96975 -2.3242 2.67279
-3.98594 -2.31644 2.69491
-4.00081 -2.30905 2.68041
-4.00871 -2.30464 2.63164
-4.01364 -2.30177 2.61507
-4.02671 -2.29403 2.60671
-4.04669 -2.28134 2.57559
-4.07032 -2.26615 2.57039
-4.08897 -2.25333 2.5397
-4.0937 -2.24988 2.50958
-4.10577 -2.2407 2.49169
-4.11067 -2.23699 2.49351
-4.12007 -2.22937 2.46078
-4.132 -2.2197 2.46011
-4.14319 -2.21043 2.44999
-4.14304 -2.21055 2.48343
-4.1501 -2.2049 2.46719
-4.1537 -2.202 2.46282
-4.15777 -2.19878 2.47352
-4.16123 -2.19592 2.45022
-4.17 -2.18827 2.42407
-4.17545 -2.18322 2.39424
-4.19083 -2.16907 2.39792
-4.19934 -2.16077 2.369
-4.20607 -2.15443 2.38591
-4.21275 -2.14816 2.38757
-4.22485 -2.13663 2.38032
-4.22552 -2.13595 2.34363
-4.23008 -2.13151 2.36988
True
0.0664654
