4.48771 -0.000224471 -3.12334
4.46992 -0.00104823 -3.0953
4.45149 -0.002002 -3.08989
4.44384 -0.00246408 -3.08128
4.43318 -0.00294018 -3.09695
4.4182 -0.00375361 -3.08737
4.39964 -0.00511722 -3.06826
4.37669 -0.00667208 -3.07392
4.35953 -0.00752462 -3.09197
4.34174 -0.00828881 -3.09866
4.32478 -0.00960667 -3.06406
4.31236 -0.0108385 -3.0427
4.3029 -0.0119301 -3.02677
4.28809 -0.0136338 -3.02706
4.27682 -0.0148068 -3.03784
4.26602 -0.0160389 -3.02807
4.25362 -0.0170337 -3.06151
4.24193 -0.0180053 -3.05869
4.2239 -0.0196558 -3.05028
4.19854 -0.0220729 -3.04659
4.18129 -0.024236 -3.01682
4.1671 -0.0252851 -3.06782
4.15869 -0.0255738 -3.10725
4.15554 -0.0255234 -3.15755
4.14661 -0.0255101 3.1401
4.13384 -0.0257131 3.15748
4.12093 -0.0264644 -3.08346
4.10627 -0.0273519 -3.08111
4.0958 -0.0284819 -3.03413
4.08413 -0.0304099 -2.97784
4.07007 -0.0323464 -3.00469
4.06487 -0.0330705 -3.00325
4.05129 -0.0348251 -3.01307
4.0378 -0.0371684 -2.96963
4.0315 -0.0383647 -2.95394
4.02298 -0.0399305 -2.9599
4.01611 -0.0412249 -2.95529
3.99886 -0.0454892 -2.89923
3.96728 -0.0536676 -2.88825
3.94971 -0.0591702 -2.83795
3.93056 -0.0674095 -2.73536
3.91001 -0.0779579 -2.66739
3.89633 -0.0864192 -2.58774
3.87886 -0.100454 -2.46459
3.85372 -0.124249 -2.38374
3.82602 -0.157285 -2.26861
3.81273 -0.175827 -2.1925
3.79866 -0.197254 -2.1519
3.79153 -0.211253 -2.04192
3.78471 -0.227127 -1.97649
3.76842 -0.273075 -1.91162
3.75617 -0.308478 -1.9038
3.74728 -0.346699 -1.79927
3.73951 -0.388117 -1.7564
3.73598 -0.414251 -1.70508
3.7305 -0.452799 -1.71186
3.72698 -0.492739 -1.65866
3.72524 -0.519071 -1.637
3.72275 -0.555042 -1.63995
3.72135 -0.586332 -1.61543
3.71933 -0.628025 -1.61927
3.71802 -0.662233 -1.60903
3.71463 -0.705449 -1.64893
3.71101 -0.752971 -1.64682
3.70967 -0.788166 -1.60897
3.70362 -0.83778 -1.69206
3.69835 -0.887309 -1.67693
3.69151 -0.936765 -1.70814
3.68573 -0.97832 -1.7091
3.67891 -1.01931 -1.73557
3.67352 -1.05721 -1.71224
3.6668 -1.09889 -1.7305
3.65938 -1.14088 -1.74566
3.64847 -1.18449 -1.81608
3.63544 -1.23277 -1.83439
3.62221 -1.28089 -1.83901
3.60663 -1.32839 -1.88776
3.59363 -1.36472 -1.91442
3.579 -1.40325 -1.93362
3.56321 -1.45036 -1.89431
3.54611 -1.49719 -1.92096
3.53487 -1.52956 -1.90481
3.51859 -1.57104 -1.94485
3.49863 -1.61542 -1.99353
3.48044 -1.65472 -2.00412
3.46088 -1.69377 -2.03527
3.44258 -1.72983 -2.04029
3.42136 -1.77387 -2.01995
3.40045 -1.81456 -2.04547
3.38882 -1.83634 -2.06128
3.36516 -1.88028 -2.06465
3.34134 -1.92422 -2.06761
3.31985 -1.96391 -2.06711
3.29446 -2.00698 -2.1034
3.26659 -2.04849 -2.16196
3.24378 -2.0813 -2.17847
3.22346 -2.11602 -2.1002
3.20845 -2.13984 -2.13319
3.18649 -2.17583 -2.11856
3.16921 -2.20278 -2.14111
3.14995 -2.23498 -2.10981
3.13808 -2.25307 -2.15129
3.11283 -2.29364 -2.12758
3.09923 -2.31324 -2.17728
3.07772 -2.34239 -2.2065
3.04698 -2.37662 -2.30257
3.03407 -2.39109 -2.29908
3.00861 -2.41773 -2.33384
2.9789 -2.44927 -2.32625
2.94853 -2.4819 -2.32029
2.91614 -2.51535 -2.34015
2.88333 -2.54932 -2.3387
2.85918 -2.57447 -2.33602
2.83041 -2.60283 -2.36327
2.79631 -2.63829 -2.3367
2.75933 -2.67193 -2.40352
2.72802 -2.701 -2.39335
2.71092 -2.7168 -2.3956
2.67732 -2.74963 -2.36772
2.64495 -2.78365 -2.33131
2.61224 -2.81888 -2.31903
2.57823 -2.85553 -2.31898
2.55383 -2.88262 -2.30394
2.53017 -2.90695 -2.34233
2.50959 -2.92922 -2.31677
2.48602 -2.95218 -2.36937
2.45394 -2.9823 -2.38751
2.41645 -3.01509 -2.423
2.39361 -3.03679 -2.38182
2.35797 -3.07186 -2.36431
2.32214 -3.10346 -2.41874
2.28493 -3.13686 -2.41004
2.25498 -3.16305 -2.42322
2.2166 -3.19451 -2.45494
2.17808 -3.22637 -2.45057
2.15063 -3.24701 -2.4968
2.11148 -3.2779 -2.4736
2.08721 -3.29475 -2.53469
2.05165 -3.31846 -2.5535
2.01381 -3.34329 -2.56103
1.9763 -3.36449 -2.62707
1.94081 -3.38422 -2.63426
1.89696 -3.40748 -2.65391
1.86247 -3.42532 -2.66415
1.82661 -3.44296 -2.68432
1.78243 -3.46634 -2.65489
1.74227 -3.48651 -2.67611
1.69849 -3.50899 -2.66737
1.65979 -3.5267 -2.71245
1.62458 -3.54515 -2.65883
1.57895 -3.56561 -2.72004
1.5347 -3.58887 -2.65771
1.49078 -3.61276 -2.64331
1.45194 -3.63262 -2.66913
1.40625 -3.65181 -2.74382
1.36062 -3.67046 -2.75366
1.32175 -3.68575 -2.76693
1.28767 -3.6975 -2.80934
1.23982 -3.71053 -2.8758
1.20315 -3.7221 -2.83593
1.16211 -3.73207 -2.90335
1.11463 -3.74598 -2.8565
1.08369 -3.75391 -2.89076
1.05569 -3.76103 -2.89252
1.01484 -3.77041 -2.916
0.966842 -3.78297 -2.88563
0.917887 -3.79161 -2.96683
0.885765 -3.79607 -3.0037
0.838022 -3.80264 -3.00487
0.793502 -3.80732 -3.03683
0.743581 -3.81014 -3.08527
0.693983 -3.81368 -3.07026
0.652189 -3.81578 -3.09126
0.610953 -3.81836 -3.07931
0.561312 -3.82433 -3.02179
0.514701 -3.8279 -3.0651
0.464766 -3.83045 -3.09071
0.414867 -3.83362 -3.07806
0.365306 -3.84023 -3.00901
0.317564 -3.84582 -3.02513
0.267678 -3.84919 -3.07404
0.224733 -3.85222 -3.07117
0.193965 -3.85251 -3.13216
0.145269 -3.85351 -3.12115
0.100582 -3.85218 -3.17122
0.0506297 -3.85018 3.10155
0.0193652 -3.84859 3.09091
-0.0112088 -3.84918 3.16073
-0.0611963 -3.84819 -3.16135
-0.108499 -3.84838 3.14558
-0.150084 -3.84793 -3.15245
-0.188666 -3.84751 3.13079
-0.238419 -3.84665 3.12424
-0.285862 -3.84415 3.08904
-0.327582 -3.84199 3.08982
-0.370396 -3.84007 3.09677
-0.412667 -3.83865 3.10804
-0.461889 -3.83628 3.09346
-0.51183 -3.83416 3.09916
-0.558317 -3.83053 3.06371
-0.596978 -3.82749 3.06295
-0.638974 -3.82333 3.04297
-0.661785 -3.82094 3.03716
-0.709596 -3.81699 3.0591
-0.745733 -3.81267 3.02267
-0.781504 -3.80775 3.00499
-0.83061 -3.79914 2.96798
-0.869327 -3.79135 2.94314
-0.909057 -3.78256 2.92383
-0.958031 -3.77252 2.93937
-0.988031 -3.76533 2.90622
-1.0228 -3.75555 2.86753
-1.07098 -3.74254 2.87779
-1.1175 -3.7278 2.83466
-1.1607 -3.71656 2.88708
-1.19948 -3.7047 2.84484
-1.24009 -3.69305 2.86222
-1.28413 -3.67912 2.83535
-1.3249 -3.66504 2.8091
-1.36593 -3.65027 2.79604
-1.40356 -3.63755 2.81541
-1.43352 -3.62513 2.74872
-1.47991 -3.60648 2.7594
-1.52389 -3.58972 2.77745
-1.56263 -3.57374 2.75045
-1.60926 -3.55569 2.77228
-1.6542 -3.53705 2.74841
-1.69851 -3.51666 2.71016
-1.72702 -3.50253 2.68158
-1.77099 -3.47873 2.64547
-1.80144 -3.46037 2.59908
-1.84097 -3.43691 2.60605
-1.88381 -3.41118 2.60063
-1.92589 -3.38419 2.57129
-1.966 -3.35914 2.58331
-2.0058 -3.33319 2.56387
-2.04316 -3.30886 2.56435
-2.08374 -3.28089 2.53804
-2.11702 -3.25709 2.5209
-2.15459 -3.2273 2.47117
-2.19452 -3.19722 2.49587
-2.23358 -3.16607 2.46834
-2.2711 -3.13628 2.47064
-2.30351 -3.10943 2.44974
-2.34235 -3.07811 2.46302
-2.3767 -3.05189 2.48956
-2.41511 -3.02232 2.48557
-2.44615 -2.99716 2.46027
-2.48337 -2.96673 2.45623
-2.51535 -2.94111 2.46623
-2.55177 -2.91018 2.43751
-2.58885 -2.87743 2.41821
-2.62279 -2.84604 2.39525
-2.65914 -2.81184 2.38657
-2.69342 -2.77897 2.37715
-2.72838 -2.74425 2.35959
-2.76448 -2.71042 2.38875
-2.78743 -2.68953 2.40327
-2.82015 -2.65884 2.388
-2.85047 -2.62496 2.30099
-2.88615 -2.58998 2.36593
-2.91477 -2.55797 2.3004
-2.94526 -2.52181 2.27134
-2.97643 -2.48275 2.24431
-3.00684 -2.44325 2.22689
-3.03539 -2.40547 2.21794
-3.06477 -2.36559 2.20588
-3.09424 -2.32546 2.20414
-3.1149 -2.29394 2.1511
-3.14059 -2.25484 2.15202
-3.17047 -2.21475 2.2112
-3.1981 -2.17764 2.2109
-3.2281 -2.14011 2.24514
-3.25096 -2.11231 2.25886
-3.27493 -2.08414 2.27585
-3.28841 -2.06652 2.22413
-3.32077 -2.02862 2.27744
-3.35132 -1.98913 2.22923
-3.37936 -1.95144 2.21044
-3.40803 -1.91131 2.19116
-3.43672 -1.87175 2.19821
-3.46497 -1.83385 2.21141
-3.49326 -1.79582 2.21035
-3.51322 -1.76878 2.20661
-3.53014 -1.74533 2.19589
-3.54109 -1.73055 2.20822
-3.55429 -1.71201 2.18964
-3.57766 -1.67969 2.19685
-3.59216 -1.65847 2.16996
-3.61233 -1.6285 2.16319
-3.61984 -1.61473 2.07014
-3.62954 -1.59755 2.0851
-3.63366 -1.59062 2.10656
-3.6454 -1.57193 2.13183
-3.65038 -1.56448 2.1601
-3.65466 -1.55782 2.14139
-3.66636 -1.54009 2.15433
-3.68647 -1.51123 2.17932
-3.70465 -1.48806 2.23593
-3.72283 -1.46553 2.24996
-3.74461 -1.43714 2.22506
-3.76285 -1.41215 2.2014
-3.78341 -1.38247 2.17662
-3.79372 -1.3668 2.15266
-3.79738 -1.36094 2.12906
-3.80642 -1.34693 2.1442
-3.81705 -1.33011 2.13415
-3.82968 -1.31144 2.16547
-3.83007 -1.31087 2.17947
-3.83824 -1.29636 2.08335
-3.84363 -1.2868 2.08396
-3.85115 -1.273 2.0702
-3.8624 -1.2526 2.07451
-3.87254 -1.23395 2.06898
-3.88131 -1.21788 2.07027
-3.8872 -1.2065 2.0483
-3.90548 -1.17141 2.05115
-3.92692 -1.12929 2.04167
-3.9464 -1.09 2.03098
-3.96264 -1.0605 2.07414
-3.97518 -1.03815 2.08194
-3.9936 -1.00322 2.05598
-4.00361 -0.984231 2.05606
-4.01791 -0.95633 2.04445
-4.03006 -0.931937 2.03296
-4.03947 -0.913321 2.03865
-4.04401 -0.905561 2.10069
-4.04897 -0.897033 2.09773
-4.05626 -0.883512 2.06513
-4.06574 -0.867059 2.09373
-4.07665 -0.849364 2.12311
-4.08947 -0.827104 2.09348
-4.09981 -0.81 2.11424
-4.11589 -0.783329 2.11346
-4.12861 -0.761206 2.09253
-4.13284 -0.754449 2.12973
-4.14448 -0.734908 2.10811
-4.15213 -0.722989 2.14142
-4.15929 -0.711792 2.13969
-4.16513 -0.703543 2.18711
-4.16697 -0.701196 2.23638
-4.17653 -0.689393 2.25125
-4.19191 -0.670638 2.25782
-4.19573 -0.666156 2.27655
-4.20001 -0.661183 2.28171
-4.20513 -0.654849 2.2499
-4.21319 -0.644014 2.21068
-4.22342 -0.631185 2.24382
-4.23206 -0.620797 2.26463
-4.2372 -0.614502 2.2558
-4.25392 -0.592736 2.22587
-4.26672 -0.576445 2.23662
-4.27287 -0.569528 2.29797
-4.27275 -0.569673 2.28395
-4.28474 -0.555095 2.25925
-4.29184 -0.54684 2.28109
-4.29962 -0.537489 2.2644
-4.30443 -0.531959 2.287
-4.31452 -0.520456 2.29077
-4.32301 -0.510991 2.30198
-4.33102 -0.502231 2.31182
-4.34011 -0.492537 2.32402
-4.35506 -0.474808 2.27137
True
0.0657266
