-5.45003 0.996186 -0.0172735
-5.40005 0.995497 -0.0137863
-5.35038 0.993413 -0.0419332
-5.31608 0.992016 -0.0407208
-5.27301 0.990954 -0.0246305
-5.2234 0.990432 -0.0105315
-5.17419 0.988565 -0.0379252
-5.12426 0.985887 -0.0535863
-5.08691 0.985305 -0.0155822
-5.04065 0.98312 -0.0471818
-5.00099 0.981682 -0.0362483
-4.951 0.9817 0.000362951
-4.90136 0.979524 -0.0437993
-4.85525 0.977158 -0.0512839
-4.80542 0.975719 -0.0288705
-4.76074 0.975522 -0.0044142
-4.72225 0.976229 0.0183806
-4.67479 0.977647 0.0298688
-4.62556 0.981193 0.0719045
-4.57593 0.985421 0.0849945
-4.52892 0.988649 0.0685406
-4.48841 0.992011 0.082812
-4.4386 0.995745 0.0748242
-4.39755 0.999055 0.0804579
-4.35349 1.00173 0.0605722
-4.30753 1.00197 0.00521234
-4.25932 0.99909 -0.0595857
-4.21545 0.996862 -0.0507399
-4.16637 0.994638 -0.0453
-4.11661 0.993592 -0.0210057
-4.06816 0.990785 -0.0578751
-4.01926 0.988679 -0.0430418
-3.97357 0.986066 -0.0571333
-3.93204 0.983833 -0.0537274
-3.89035 0.98238 -0.0348301
-3.84688 0.980134 -0.0516209
-3.79735 0.978535 -0.0322794
-3.75659 0.978408 -0.00311103
-3.7103 0.97955 0.0246588
-3.66074 0.978148 -0.0282674
-3.61752 0.976102 -0.0473213
-3.57173 0.976488 0.00843174
-3.53542 0.977864 0.0378845
-3.48814 0.982515 0.0980609
-3.4399 0.986773 0.0880305
-3.39084 0.993226 0.130784
-3.34094 0.996337 0.0622707
-3.29831 1.0006 0.0996123
-3.26641 1.00379 0.0998006
-3.22074 1.00579 0.0437276
-3.18235 1.00835 0.0664971
-3.1325 1.01222 0.0776175
-3.09185 1.0151 0.0706218
-3.04221 1.01689 0.0360037
-2.99272 1.01917 0.0461396
-2.94366 1.02074 0.0320005
-2.89762 1.02187 0.0245371
-2.85513 1.02098 -0.0210076
-2.80521 1.01855 -0.0485611
-2.7584 1.01727 -0.0274823
-2.71763 1.01488 -0.0584482
-2.68296 1.01397 -0.026239
-2.63363 1.01291 -0.0214805
-2.58368 1.01211 -0.0161168
-2.54016 1.01144 -0.0154239
-2.49238 1.0083 -0.0654874
-2.44806 1.00742 -0.0198479
-2.40035 1.0026 -0.100704
-2.35567 0.999208 -0.0757733
-2.30647 0.99727 -0.0393848
-2.25658 0.998864 0.0319495
-2.20699 0.999331 0.00941936
-2.16062 0.999031 -0.00647621
-2.11065 0.99734 -0.0338299
-2.06868 0.994052 -0.0781637
-2.02756 0.99149 -0.0622288
-1.98212 0.990003 -0.0327241
-1.93478 0.988124 -0.0396585
-1.8864 0.987308 -0.0168723
-1.83642 0.98781 0.0100386
-1.79773 0.987579 -0.00596475
-1.74865 0.990049 0.0502931
-1.70448 0.992326 0.0515006
-1.65879 0.993962 0.0357873
-1.6088 0.993785 -0.00353158
-1.55959 0.994669 0.0179599
-1.50982 0.995836 0.0234538
-1.47034 0.99671 0.0221358
-1.42053 0.996403 -0.00616272
-1.37117 0.996886 0.00976654
-1.32123 0.994787 -0.042004
-1.27853 0.99245 -0.0546586
-1.23098 0.990317 -0.0448381
-1.19609 0.988234 -0.0596216
-1.15643 0.985024 -0.0807568
-1.11335 0.98294 -0.0483594
-1.07025 0.980252 -0.0622656
-1.02594 0.978095 -0.0486539
-0.997354 0.976374 -0.0601384
-0.952946 0.973025 -0.0752716
-0.90304 0.969988 -0.0607774
-0.857587 0.965169 -0.10563
-0.808359 0.958556 -0.133524
-0.764024 0.951642 -0.154694
-0.716516 0.942875 -0.182493
-0.66751 0.93405 -0.178164
-0.637332 0.925793 -0.267098
-0.601838 0.915497 -0.282325
-0.571921 0.905176 -0.332188
-0.530023 0.890059 -0.34627
-0.48589 0.873804 -0.3529
-0.448693 0.859667 -0.363204
-0.407107 0.842748 -0.386389
-0.365246 0.824127 -0.418537
-0.324572 0.806153 -0.416112
-0.287009 0.79028 -0.399799
-0.247264 0.774637 -0.374972
-0.205542 0.754741 -0.444975
-0.16391 0.738096 -0.38034
-0.121617 0.72051 -0.394073
-0.0756647 0.700801 -0.405156
-0.0322312 0.682765 -0.393589
0.0077103 0.666918 -0.377706
0.034124 0.65373 -0.463078
0.0795745 0.632892 -0.429878
0.123889 0.612586 -0.429688
0.169655 0.592603 -0.411681
0.214145 0.574896 -0.378775
0.249337 0.559001 -0.424243
0.295646 0.540171 -0.386188
0.336327 0.523995 -0.378474
0.383125 0.506425 -0.359154
0.427831 0.48986 -0.354842
0.473135 0.474172 -0.333372
0.503079 0.46353 -0.34147
0.550171 0.446909 -0.339298
0.596096 0.430685 -0.339579
0.643288 0.414214 -0.335805
0.690244 0.398333 -0.32613
0.737717 0.383084 -0.310809
0.777662 0.369501 -0.32778
0.81454 0.35408 -0.396062
0.860752 0.335011 -0.391344
0.901141 0.317691 -0.405124
0.945745 0.298167 -0.412597
0.991427 0.27855 -0.405612
1.0315 0.262322 -0.384797
1.07835 0.246291 -0.329703
1.12571 0.230618 -0.319565
1.17071 0.218873 -0.255285
1.21447 0.209054 -0.22074
1.25953 0.19877 -0.224371
1.30741 0.187633 -0.228523
1.35278 0.178452 -0.199708
1.39592 0.172542 -0.136131
1.44195 0.167378 -0.111719
1.49064 0.163723 -0.0749312
1.52202 0.161766 -0.062284
1.57132 0.16056 -0.0244474
1.62126 0.159507 -0.0210851
1.66973 0.159674 0.00344568
1.71145 0.161892 0.0531196
1.74469 0.163875 0.0595612
1.78115 0.164667 0.021734
1.82894 0.167219 0.053345
1.87882 0.170654 0.0687549
1.92594 0.173768 0.0659953
1.97419 0.174456 0.0142619
2.02409 0.17554 0.0217177
2.0514 0.176603 0.0389148
2.10098 0.179435 0.0570617
2.14465 0.183975 0.103582
2.19356 0.187666 0.0753239
2.24342 0.191301 0.072774
2.28495 0.194707 0.0818381
2.33189 0.198775 0.0864417
2.37974 0.20262 0.0801815
2.42903 0.207083 0.0902893
2.47589 0.213651 0.139256
2.51917 0.219397 0.132012
2.56357 0.224054 0.104513
2.61313 0.230584 0.130993
2.66176 0.238116 0.153657
2.70869 0.24475 0.140423
2.75398 0.250691 0.130459
2.80359 0.254436 0.0753373
2.8529 0.260064 0.113631
2.90269 0.264732 0.0934903
2.9482 0.269394 0.102074
2.9969 0.273688 0.0879574
3.04019 0.276518 0.0652716
3.08978 0.280875 0.0876406
3.13955 0.284343 0.0695662
3.18891 0.289149 0.0970545
3.23407 0.293227 0.0900548
3.28245 0.298377 0.10605
3.32932 0.301591 0.0684713
3.37712 0.304711 0.0651776
3.41847 0.306412 0.0411248
3.46541 0.30773 0.0280748
3.50546 0.309617 0.0470728
3.53214 0.311634 0.075444
3.57776 0.315749 0.0899682
3.58804 0.316886 0.110129
3.62424 0.319233 0.064758
3.65248 0.32299 0.132247
3.66065 0.32438 0.168495
3.67947 0.327774 0.178463
3.68799 0.328842 0.124648
3.71027 0.331744 0.129486
3.75605 0.33757 0.126592
3.80419 0.344626 0.145542
3.8521 0.350604 0.124134
3.89507 0.355224 0.10709
3.93964 0.360771 0.123829
3.96885 0.364033 0.111195
4.00055 0.36791 0.121709
4.03854 0.372862 0.129624
4.07093 0.377445 0.140588
4.09605 0.380048 0.103201
4.11974 0.381093 0.0441045
4.14101 0.381902 0.0380273
4.16136 0.382658 0.0370995
4.17737 0.383039 0.0238295
4.18787 0.383581 0.0515317
4.20227 0.384906 0.0917397
4.22689 0.386612 0.0691971
4.25679 0.389303 0.089738
4.28174 0.391005 0.0681393
4.28728 0.391498 0.0886271
4.30586 0.393274 0.0953449
4.32814 0.395674 0.107267
4.36154 0.399622 0.117673
4.38299 0.402124 0.116117
4.40163 0.403796 0.089463
4.41228 0.40487 0.100492
4.43632 0.40726 0.0991153
4.45916 0.409905 0.115263
4.48769 0.413836 0.136937
4.49594 0.415223 0.166544
4.52067 0.419709 0.179481
4.55078 0.426924 0.235121
4.55749 0.428697 0.258525
4.57327 0.434108 0.33039
4.57799 0.435344 0.255536
4.57764 0.435264 0.22232
4.59353 0.438883 0.224006
4.61193 0.443596 0.250668
4.61874 0.445487 0.271139
4.63659 0.451804 0.340182
4.64984 0.456755 0.357397
4.65432 0.458679 0.405619
4.67437 0.46726 0.40437
4.69065 0.473963 0.3906
4.71258 0.48281 0.383473
4.73104 0.489113 0.329137
4.75144 0.495736 0.31391
4.77207 0.502615 0.321749
4.78576 0.507443 0.339155
4.8092 0.515534 0.332307
4.81938 0.519169 0.343015
4.84251 0.527662 0.351867
4.87143 0.538949 0.372088
4.89538 0.54803 0.362477
4.92448 0.558508 0.345689
4.94164 0.564572 0.33964
4.94978 0.567274 0.320286
4.97214 0.574318 0.305194
4.99698 0.582886 0.332117
5.01375 0.588724 0.335099
5.02614 0.593249 0.350053
5.03013 0.594725 0.354588
5.04035 0.598686 0.369837
5.05083 0.602903 0.382582
5.06165 0.606957 0.358248
5.07616 0.611572 0.307976
5.08119 0.613266 0.324798
5.09121 0.616529 0.314926
5.09955 0.618789 0.264491
5.1094 0.621401 0.259293
5.12224 0.624382 0.228124
5.13295 0.626931 0.233688
5.1467 0.630169 0.231315
5.15665 0.632428 0.223157
5.15874 0.632885 0.214802
5.17304 0.637463 0.309875
5.18151 0.640336 0.327277
5.19624 0.645169 0.316922
5.20855 0.649214 0.317584
True
0.0649008
