4.48109 -0.00544079 -2.86137
4.46318 -0.0122942 -2.77619
4.42255 -0.0319309 -2.69144
4.39234 -0.0509373 -2.5799
4.35445 -0.078992 -2.50432
4.31815 -0.107264 -2.47991
4.2874 -0.134943 -2.40858
4.25775 -0.16374 -2.37093
4.22479 -0.19787 -2.33868
4.20449 -0.221501 -2.28047
4.17464 -0.260345 -2.22601
4.14682 -0.297134 -2.21831
4.11789 -0.337655 -2.19084
4.0997 -0.363183 -2.18999
4.0865 -0.382877 -2.16105
4.06189 -0.423601 -2.11434
4.04184 -0.45649 -2.11845
4.02181 -0.491357 -2.09224
4.00218 -0.529146 -2.04979
3.98072 -0.573824 -2.0186
3.95793 -0.618325 -2.04404
3.94745 -0.640761 -2.00799
3.93577 -0.669506 -1.95656
3.9188 -0.715822 -1.92213
3.89984 -0.761064 -1.96766
3.8832 -0.804313 -1.93799
3.86388 -0.850353 -1.96821
3.84661 -0.896114 -1.93157
3.83348 -0.930267 -1.93777
3.81539 -0.974036 -1.96271
3.80235 -1.00724 -1.94506
3.785 -1.0489 -1.96541
3.76724 -1.09554 -1.9346
3.75213 -1.13313 -1.95301
3.73585 -1.17748 -1.92269
3.72973 -1.19384 -1.92879
3.71418 -1.23329 -1.94624
3.70124 -1.26673 -1.93995
3.68815 -1.3001 -1.94475
3.67057 -1.34589 -1.93742
3.6558 -1.3852 -1.93007
3.64123 -1.4264 -1.91075
3.62354 -1.46854 -1.96832
3.60795 -1.51386 -1.90194
3.59693 -1.54813 -1.88205
3.58587 -1.58455 -1.86564
3.57254 -1.62533 -1.88658
3.56224 -1.65578 -1.89703
3.54318 -1.70195 -1.96237
3.52487 -1.7407 -2.01226
3.51125 -1.77617 -1.93736
3.49838 -1.81145 -1.92063
3.48142 -1.85473 -1.94413
3.46529 -1.89392 -1.96136
3.44559 -1.9364 -2.00505
3.42585 -1.97783 -2.0155
3.40355 -2.02258 -2.033
3.38692 -2.06056 -1.98365
3.36934 -2.10237 -1.9687
3.34942 -2.14546 -2.00385
3.32577 -2.18945 -2.06403
3.30258 -2.23374 -2.05317
3.27693 -2.27649 -2.1113
3.2577 -2.30697 -2.13365
3.2361 -2.33863 -2.16936
3.21192 -2.37402 -2.17031
3.18532 -2.41329 -2.16602
3.16437 -2.44505 -2.15405
3.14817 -2.46858 -2.17382
3.1189 -2.50911 -2.19622
3.08738 -2.54744 -2.25893
3.05332 -2.58395 -2.3216
3.01931 -2.62056 -2.31934
2.9934 -2.64748 -2.3372
2.96705 -2.67614 -2.31414
2.93317 -2.70816 -2.38428
2.90375 -2.73533 -2.39598
2.87576 -2.76061 -2.4071
2.84381 -2.78979 -2.40148
2.812 -2.81866 -2.40456
2.78324 -2.84558 -2.38921
2.74701 -2.87794 -2.41261
2.71815 -2.90282 -2.43025
2.68412 -2.93073 -2.45448
2.65151 -2.95734 -2.45722
2.62113 -2.98068 -2.48655
2.5867 -3.00743 -2.48103
2.54655 -3.0372 -2.50358
2.50487 -3.06478 -2.55695
2.46284 -3.09185 -2.56955
2.42149 -3.11979 -2.54724
2.37915 -3.14629 -2.58236
2.34554 -3.16887 -2.55009
2.30298 -3.19324 -2.62167
2.26979 -3.2144 -2.57401
2.22828 -3.23999 -2.58907
2.19628 -3.25941 -2.59625
2.15828 -3.28195 -2.60606
2.11544 -3.30731 -2.6072
2.08698 -3.32407 -2.60931
2.05344 -3.34306 -2.62641
2.01147 -3.3659 -2.64326
1.97143 -3.39106 -2.5806
1.93411 -3.4125 -2.62
1.89108 -3.43784 -2.60938
1.84759 -3.46252 -2.62541
1.80598 -3.48786 -2.59468
1.76333 -3.5114 -2.63731
1.72956 -3.53008 -2.63638
1.68722 -3.55188 -2.66603
1.64237 -3.57398 -2.68366
1.60745 -3.59088 -2.69097
1.56817 -3.60826 -2.72491
1.5244 -3.62738 -2.72988
1.47881 -3.64547 -2.76383
1.43278 -3.66497 -2.74084
1.39185 -3.67963 -2.79764
1.35046 -3.69314 -2.82603
1.31381 -3.70415 -2.84975
1.26637 -3.71994 -2.82022
1.2229 -3.73251 -2.86019
1.1941 -3.74078 -2.862
1.14694 -3.75739 -2.80301
1.09957 -3.77338 -2.81593
1.07107 -3.78155 -2.8626
1.02309 -3.79518 -2.86485
0.978836 -3.8082 -2.85545
0.933672 -3.82024 -2.88108
0.891744 -3.83086 -2.89333
0.844368 -3.84485 -2.85446
0.800344 -3.85646 -2.88378
0.753917 -3.86918 -2.87416
0.705401 -3.88101 -2.90253
0.656479 -3.89095 -2.94104
0.607395 -3.90027 -2.95396
0.5704 -3.90901 -2.90964
0.525442 -3.91742 -2.95668
0.481821 -3.9247 -2.9763
0.433943 -3.93437 -2.9423
0.387195 -3.94169 -2.98611
0.339119 -3.94994 -2.97179
0.289334 -3.95445 -3.05122
0.240206 -3.95755 -3.0785
0.190481 -3.96084 -3.07562
0.141773 -3.96362 -3.0845
0.0918722 -3.96599 -3.09424
0.0489487 -3.96735 -3.10981
0.00412579 -3.9686 -3.11377
-0.0218924 -3.9696 -3.10329
-0.0402811 -3.97057 -3.08861
-0.0871438 -3.97467 -3.05436
-0.131234 -3.97652 -3.09969
-0.172992 -3.97975 -3.06432
-0.218984 -3.98104 -3.1136
-0.267734 -3.98134 -3.13535
-0.317692 -3.98329 -3.10255
-0.367545 -3.98268 -3.15394
-0.412192 -3.98104 3.10492
-0.461951 -3.97705 3.06155
-0.511238 -3.97244 3.04827
-0.553569 -3.96793 3.03543
-0.596915 -3.96317 3.03231
-0.646363 -3.95577 2.99302
-0.69157 -3.94827 2.97731
-0.738683 -3.93834 2.93381
-0.783539 -3.92851 2.92591
-0.830878 -3.91848 2.93278
-0.876028 -3.90813 2.91623
-0.919625 -3.89943 2.9446
-0.960365 -3.89058 2.92768
-1.00937 -3.88067 2.94203
-1.05343 -3.87068 2.91867
-1.09661 -3.86047 2.90935
-1.13671 -3.84967 2.87858
-1.18424 -3.83817 2.90415
-1.22485 -3.82429 2.81218
-1.26783 -3.81177 2.85818
-1.3113 -3.80039 2.88563
-1.34438 -3.79015 2.84133
-1.38244 -3.7788 2.8517
-1.42951 -3.76277 2.81341
-1.46863 -3.74894 2.80182
-1.51624 -3.73388 2.83515
-1.56395 -3.71944 2.84782
-1.61195 -3.70545 2.85788
-1.65798 -3.69288 2.87497
-1.70478 -3.67906 2.8545
-1.75096 -3.66619 2.86976
-1.79715 -3.65378 2.87917
-1.84501 -3.64093 2.87934
-1.88101 -3.62906 2.82311
-1.92273 -3.61585 2.83499
-1.95822 -3.60575 2.86416
-1.99848 -3.59317 2.83876
-2.04271 -3.57888 2.82907
-2.09012 -3.56313 2.82086
-2.13571 -3.5455 2.77268
-2.1787 -3.52728 2.74075
-2.22187 -3.51002 2.76118
-2.26416 -3.49225 2.74373
-2.30936 -3.47092 2.70069
-2.34929 -3.45229 2.70501
-2.38795 -3.43534 2.7286
-2.4301 -3.41543 2.70014
-2.47113 -3.39528 2.68519
-2.51445 -3.37353 2.67637
-2.55743 -3.35215 2.67982
-2.59755 -3.33312 2.69878
-2.6421 -3.31304 2.71807
-2.68283 -3.29389 2.70204
-2.71184 -3.27919 2.67271
-2.73887 -3.26576 2.68034
-2.77737 -3.2479 2.70726
-2.812 -3.23304 2.73634
-2.83803 -3.22021 2.6835
-2.85407 -3.21212 2.67462
-2.87403 -3.20221 2.68059
-2.89778 -3.19034 2.67807
-2.92854 -3.17684 2.72823
-2.95237 -3.16627 2.72403
-2.97892 -3.15464 2.72883
-2.99603 -3.14663 2.70343
-3.02498 -3.13165 2.66408
-3.05981 -3.11384 2.66911
-3.08968 -3.0967 2.62046
-3.12763 -3.07292 2.58193
-3.15662 -3.05511 2.59065
-3.19094 -3.03497 2.611
-3.22679 -3.01355 2.60279
-3.25926 -2.99462 2.61406
-3.27548 -2.98519 2.61464
-3.28892 -2.97765 2.63036
-3.30911 -2.96584 2.61232
-3.33121 -2.95208 2.58478
-3.3494 -2.94069 2.58217
-3.37086 -2.92631 2.55104
-3.40077 -2.90653 2.55735
-3.42565 -2.88927 2.53499
-3.45325 -2.86987 2.52897
-3.47721 -2.85381 2.5513
-3.50639 -2.83387 2.54205
-3.52438 -2.82176 2.54889
-3.54126 -2.811 2.57428
-3.57127 -2.7917 2.57013
-3.59501 -2.77817 2.62364
-3.61349 -2.76853 2.66052
-3.62368 -2.76338 2.67412
-3.63845 -2.75618 2.68784
-3.66221 -2.74397 2.66694
-3.6811 -2.73328 2.62657
-3.70723 -2.71798 2.61204
-3.73377 -2.70278 2.62117
-3.75638 -2.68995 2.62567
-3.7842 -2.67484 2.64398
-3.79944 -2.66575 2.60399
-3.81358 -2.65819 2.65013
-3.82704 -2.65079 2.63884
-3.84468 -2.64125 2.64627
-3.86337 -2.63169 2.6685
-3.86205 -2.6324 2.64787
-3.87725 -2.62457 2.66586
-3.88765 -2.61871 2.62901
-3.899 -2.61235 2.63038
-3.90541 -2.60841 2.59055
-3.92384 -2.59715 2.59325
-3.93719 -2.58912 2.59994
-3.94082 -2.58718 2.65081
-3.96385 -2.57708 2.72829
-3.97233 -2.57396 2.78932
-3.98035 -2.57089 2.77584
-3.99391 -2.5657 2.77581
-4.01261 -2.55871 2.7843
-4.03449 -2.54958 2.74629
-4.05632 -2.54276 2.83879
-4.07586 -2.53718 2.86345
-4.09118 -2.53321 2.8881
-4.10187 -2.53089 2.92781
-4.10935 -2.52913 2.91016
-4.11985 -2.52664 2.90908
-4.12946 -2.52491 2.96341
-4.13004 -2.52482 2.98651
-4.14279 -2.52292 2.99359
-4.1523 -2.52142 2.98442
-4.16581 -2.51906 2.96921
-4.17927 -2.51668 2.96663
-4.19507 -2.51428 2.99071
-4.19862 -2.51377 2.99876
-4.19999 -2.51358 3.00283
-4.20599 -2.51271 2.99792
-4.21665 -2.51117 2.99782
True
0.203515
