-5.46921 -0.0420373 -0.00662669
-5.42005 -0.0424768 -0.00893946
-5.37305 -0.0435474 -0.0227758
-5.32329 -0.0423747 0.02356
-5.28139 -0.0418243 0.0131386
-5.24149 -0.0412637 0.014045
-5.19863 -0.0405473 0.0167154
-5.14881 -0.0416886 -0.0229029
-5.10276 -0.045548 -0.0836047
-5.05297 -0.049983 -0.0888427
-5.00322 -0.0549207 -0.0989387
-4.95887 -0.058423 -0.078799
-4.91696 -0.0605956 -0.0517889
-4.87256 -0.061759 -0.0262012
-4.82319 -0.0610254 0.0148566
-4.77323 -0.0623495 -0.0264945
-4.72363 -0.0647546 -0.0484592
-4.67595 -0.0655712 -0.0171221
-4.63188 -0.0644175 0.0261757
-4.58841 -0.0621796 0.051434
-4.53918 -0.0596067 0.0522124
-4.49013 -0.0584187 0.024216
-4.44145 -0.0585611 -0.00292586
-4.39153 -0.0584224 0.00277957
-4.34548 -0.0556718 0.0596649
-4.2979 -0.0518802 0.0795162
-4.25171 -0.049747 0.0461504
-4.21201 -0.0479554 0.0450961
-4.16214 -0.0467283 0.0246037
-4.11497 -0.046512 0.00458645
-4.06847 -0.0434561 0.065616
-4.01869 -0.0403002 0.0633128
-3.97637 -0.0388811 0.0335165
-3.9273 -0.0357102 0.0645393
-3.88162 -0.0333838 0.0508782
-3.8317 -0.0305855 0.0560046
-3.79734 -0.027373 0.0932233
-3.75257 -0.0236346 0.0833096
-3.7032 -0.019299 0.0875886
-3.65685 -0.0173508 0.0420074
-3.60696 -0.0175885 -0.00476413
-3.55709 -0.0168443 0.0149219
-3.50879 -0.018477 -0.0337874
-3.45912 -0.0224545 -0.0799043
-3.42582 -0.0234138 -0.0288027
-3.3852 -0.0261472 -0.0671899
-3.33798 -0.0290045 -0.0604397
-3.28866 -0.0305295 -0.0309106
-3.23883 -0.0316269 -0.0220161
-3.1905 -0.0315255 0.00209729
-3.14089 -0.0289513 0.0518402
-3.09721 -0.0253194 0.0829526
-3.04746 -0.0234055 0.0384536
-2.99748 -0.021942 0.0292744
-2.95266 -0.0205622 0.0307753
-2.90853 -0.0196265 0.0211967
-2.86343 -0.0190509 0.0127644
-2.81618 -0.0181257 0.0195761
-2.76949 -0.0171368 0.0211789
-2.7201 -0.0161746 0.019476
-2.67103 -0.0157114 0.00944069
-2.62543 -0.014494 0.02669
-2.57742 -0.0134172 0.0224284
-2.52895 -0.0120554 0.0280831
-2.48043 -0.0137162 -0.0342213
-2.4309 -0.015708 -0.0401868
-2.3809 -0.015252 0.00912036
-2.33091 -0.0157291 -0.00954374
-2.28831 -0.0145875 0.0267956
-2.24272 -0.0135647 0.0224275
-2.19763 -0.0120742 0.0330447
-2.14921 -0.00912143 0.0609111
-2.10409 -0.00669178 0.0537957
-2.05571 -0.00427617 0.04989
-2.00664 -0.000585744 0.0750697
-1.95692 0.00460917 0.104089
-1.91077 0.00962348 0.108238
-1.8612 0.0157715 0.12341
-1.8132 0.0189331 0.0657685
-1.7728 0.0220386 0.0767131
-1.72355 0.0265792 0.0919354
-1.67386 0.0316048 0.100791
-1.6261 0.0356705 0.084932
-1.58072 0.0389091 0.0712483
-1.5308 0.0412303 0.0464631
-1.48209 0.045338 0.0841237
-1.43485 0.0478 0.052069
-1.38644 0.0515184 0.0766585
-1.34184 0.0538587 0.0524273
-1.29936 0.0566781 0.0662784
-1.24965 0.0571826 0.0101481
-1.19997 0.0601046 0.0587504
-1.16141 0.0615723 0.0380465
-1.12185 0.0612528 -0.00807577
-1.07193 0.0604187 -0.0167079
-1.02395 0.0603726 -0.000961062
-0.978551 0.0617788 0.0309657
-0.928637 0.0624238 0.0129222
-0.878744 0.0614882 -0.0187507
-0.832563 0.0588975 -0.0560382
-0.784235 0.0567755 -0.0438811
-0.735015 0.0533752 -0.0689733
-0.687044 0.053473 0.00203761
-0.638151 0.0560236 0.0521198
-0.593083 0.057977 0.0433175
-0.547873 0.0590891 0.0245943
-0.5137 0.0596812 0.0173222
-0.473001 0.0598652 0.0045212
-0.434682 0.0610401 0.0306515
-0.384782 0.0627844 0.0349424
-0.34213 0.0646844 0.0445167
-0.292581 0.0713802 0.134322
-0.252216 0.0761967 0.118762
-0.207449 0.0822609 0.134642
-0.168912 0.0864008 0.107015
-0.118957 0.0884956 0.0419097
-0.0717517 0.0915363 0.0643247
-0.0371638 0.0932244 0.0487681
0.00541276 0.0963442 0.0731433
0.0451099 0.0996446 0.0829503
0.0912259 0.104551 0.10599
0.140965 0.109653 0.102222
0.188618 0.112458 0.0588043
0.237986 0.118046 0.112712
0.287897 0.120803 0.0551665
0.334122 0.124067 0.0705088
0.370816 0.126517 0.066651
0.420087 0.130093 0.0724672
0.46649 0.132803 0.0583284
0.515505 0.13516 0.0480425
0.565149 0.136783 0.0326884
0.614849 0.139951 0.0636619
0.6589 0.144452 0.101805
0.707982 0.149668 0.105872
0.757329 0.155855 0.12474
0.807095 0.160622 0.0955
0.851876 0.163999 0.0752577
0.897706 0.166146 0.0468131
0.947691 0.16699 0.0168921
0.984908 0.167117 0.00340491
1.01947 0.166932 -0.00535868
1.06946 0.165827 -0.0221016
1.11827 0.1637 -0.043531
1.16133 0.162916 -0.0182122
1.20673 0.162486 -0.00948197
1.25097 0.162149 -0.00760367
1.30029 0.161023 -0.0228353
1.33653 0.161229 0.00569692
1.38647 0.162347 0.0223756
1.4272 0.163342 0.0244328
1.46995 0.163433 0.00211976
1.51378 0.162115 -0.0300539
1.55986 0.163078 0.0208774
1.59414 0.163956 0.0256301
1.64251 0.16555 0.0329316
1.67913 0.168038 0.0678507
1.72103 0.170503 0.0587625
1.77077 0.175597 0.102057
1.81938 0.17909 0.0717212
1.86294 0.181037 0.0446805
1.90954 0.184391 0.0718543
1.95693 0.187504 0.0655897
2.00642 0.188858 0.0273432
2.04449 0.191187 0.0611097
2.09412 0.197188 0.120331
2.14253 0.202639 0.112126
2.18975 0.207036 0.0928613
2.23799 0.213382 0.130804
2.28694 0.218196 0.0980177
2.3313 0.222707 0.101338
2.38122 0.225031 0.0465259
2.43029 0.22496 -0.00144807
2.47564 0.223968 -0.0218664
2.5152 0.224598 0.0159071
2.56336 0.224099 -0.0103529
2.61005 0.22131 -0.0596732
2.65219 0.220494 -0.0193505
2.70201 0.220977 0.00970183
2.74515 0.221884 0.0210154
2.79464 0.222389 0.0101955
2.84426 0.223184 0.0160288
2.89417 0.223388 0.00409401
2.9379 0.223024 -0.0083244
2.98789 0.223686 0.0132313
3.02627 0.227135 0.0896284
3.06686 0.229828 0.0662447
3.11667 0.234105 0.0856678
3.16565 0.239429 0.108271
3.20061 0.242056 0.0750069
3.25011 0.245682 0.0731139
3.29464 0.249041 0.0752961
3.3369 0.254067 0.118363
3.38523 0.261231 0.147183
3.43299 0.268768 0.156483
3.47691 0.27782 0.203302
3.50389 0.283587 0.210528
3.53902 0.292616 0.251617
3.5703 0.300657 0.251613
3.61066 0.308942 0.202471
3.64617 0.315715 0.188456
3.69164 0.323595 0.171588
3.73764 0.333103 0.203844
3.78512 0.341838 0.181899
3.8157 0.34722 0.17426
3.84686 0.351607 0.139883
3.87107 0.355315 0.151985
3.89905 0.359219 0.138596
3.94419 0.36746 0.180589
3.97586 0.373551 0.190018
4.00551 0.380243 0.221926
4.0359 0.386261 0.195543
4.04511 0.388083 0.195166
4.05378 0.390209 0.240609
4.08515 0.397141 0.217489
4.11935 0.404981 0.22532
4.12219 0.405597 0.213363
4.13473 0.408296 0.211997
4.1655 0.413756 0.175645
4.18275 0.416853 0.177614
4.18749 0.417683 0.173392
4.20009 0.419441 0.138557
4.21185 0.421447 0.169069
4.23643 0.425145 0.1493
4.26155 0.428079 0.11627
4.27702 0.430658 0.16521
4.29817 0.433573 0.136931
4.30538 0.434423 0.117465
4.3057 0.434457 0.105117
4.32242 0.43632 0.111007
4.35417 0.440664 0.135965
4.3861 0.444813 0.129206
4.41917 0.449394 0.137676
4.45682 0.452775 0.0895484
4.48245 0.455333 0.0994927
4.49379 0.456567 0.108387
4.5124 0.458512 0.104131
4.52932 0.460101 0.0935942
4.54689 0.461234 0.0643872
4.57298 0.461853 0.0237205
4.59762 0.462329 0.019321
4.62292 0.461772 -0.022008
4.6463 0.461625 -0.0062697
4.6747 0.461451 -0.00611628
4.70146 0.461566 0.0042666
4.74812 0.463704 0.0457975
4.77638 0.464222 0.0183381
4.80198 0.465313 0.0425968
4.81935 0.465879 0.0325571
4.82866 0.465864 -0.00158807
4.83786 0.465663 -0.0219108
4.85283 0.464903 -0.0507021
4.87787 0.46447 -0.0172793
4.89524 0.463825 -0.0371289
4.90636 0.463096 -0.0654758
4.92065 0.461745 -0.0942079
4.93851 0.459215 -0.140774
4.95746 0.45615 -0.160364
4.96168 0.455369 -0.183093
4.96372 0.454955 -0.199764
4.97439 0.452886 -0.191533
4.98448 0.451219 -0.163848
4.99191 0.449956 -0.168179
5.0102 0.446384 -0.192871
5.02607 0.443615 -0.172704
5.04035 0.44111 -0.173704
5.04861 0.439488 -0.194077
5.07114 0.435299 -0.183744
5.0842 0.433281 -0.153348
5.09883 0.431737 -0.105133
5.11269 0.430529 -0.0869497
5.12443 0.429014 -0.128332
5.14056 0.4269 -0.130302
5.14682 0.426048 -0.135357
5.16637 0.423674 -0.120816
5.17812 0.422091 -0.133941
5.18355 0.421575 -0.0947972
5.18327 0.4216 -0.0901733
5.18865 0.421425 -0.0325279
5.20008 0.420665 -0.0663847
5.21112 0.420319 -0.0313314
True
0.0660052
