-5.47534 -0.539639 0.0396291
-5.43543 -0.539309 0.0082709
-5.38783 -0.538263 0.0219546
-5.34405 -0.537298 0.0220437
-5.29494 -0.536061 0.0251747
-5.25626 -0.535651 0.01062
-5.20645 -0.531292 0.0872875
-5.16915 -0.525723 0.148201
-5.12165 -0.5211 0.0970339
-5.07427 -0.51653 0.0961553
-5.02925 -0.511045 0.121222
-4.98037 -0.503564 0.151873
-4.93456 -0.494498 0.195385
-4.88541 -0.485455 0.181961
-4.83707 -0.47514 0.210228
-4.78764 -0.467722 0.148948
-4.74109 -0.460825 0.14711
-4.69215 -0.451419 0.18987
-4.64624 -0.443308 0.174858
-4.60307 -0.435929 0.169298
-4.5683 -0.430618 0.151589
-4.52122 -0.422742 0.165742
-4.47281 -0.413729 0.184084
-4.43395 -0.407805 0.151267
-4.38665 -0.400789 0.147255
-4.33759 -0.394169 0.134134
-4.28806 -0.387744 0.128993
-4.24195 -0.384234 0.0759824
-4.20312 -0.380178 0.104089
-4.15458 -0.375176 0.102682
-4.10962 -0.372079 0.0687777
-4.0645 -0.367739 0.0958954
-4.01527 -0.36442 0.0673047
-3.9655 -0.360143 0.0857323
-3.91961 -0.355681 0.096924
-3.87891 -0.351012 0.114226
-3.83061 -0.346137 0.10058
-3.78201 -0.341494 0.0952599
-3.736 -0.337333 0.0901653
-3.68613 -0.333729 0.0721517
-3.63745 -0.330019 0.0760641
-3.58903 -0.324676 0.109907
-3.53913 -0.322015 0.053274
-3.4946 -0.318834 0.0713147
-3.4481 -0.315434 0.0729992
-3.39844 -0.310453 0.0999415
-3.3498 -0.305131 0.108985
-3.3005 -0.296847 0.166502
-3.26237 -0.290042 0.176599
-3.21385 -0.280486 0.194455
-3.17105 -0.272591 0.182397
-3.13265 -0.267641 0.128228
-3.08565 -0.262972 0.0990059
-3.03901 -0.259836 0.0671415
-2.98926 -0.256171 0.073542
-2.94176 -0.252778 0.0713075
-2.89299 -0.25136 0.0290669
-2.84888 -0.24882 0.0575215
-2.79976 -0.24502 0.0772137
-2.75337 -0.240616 0.0946272
-2.71273 -0.23633 0.105097
-2.66496 -0.23177 0.095157
-2.61539 -0.230255 0.0305374
-2.56865 -0.227086 0.0677235
-2.52218 -0.224215 0.0616974
-2.47322 -0.22144 0.0566027
-2.42386 -0.219074 0.0479041
-2.37401 -0.21523 0.0769634
-2.32857 -0.211928 0.0725415
-2.27862 -0.211311 0.0123443
-2.23159 -0.211018 0.006242
-2.1828 -0.210789 0.00469527
-2.13333 -0.207461 0.0671552
-2.08431 -0.203421 0.082235
-2.03825 -0.200763 0.0576334
-1.99075 -0.199065 0.0357341
-1.95939 -0.199028 0.00117918
-1.91829 -0.199499 -0.0114458
-1.87452 -0.198799 0.0159749
-1.83789 -0.198415 0.0104991
-1.7879 -0.198683 -0.00535385
-1.73849 -0.199144 -0.00933394
-1.69472 -0.199032 0.00256148
-1.64589 -0.198003 0.0210561
-1.60652 -0.19751 0.01253
-1.55968 -0.196732 0.016613
-1.51013 -0.195207 0.0307608
-1.46603 -0.193556 0.0374222
-1.41952 -0.192691 0.0185873
-1.36967 -0.192659 0.000641368
-1.32065 -0.194391 -0.0353092
-1.27078 -0.196922 -0.050722
-1.23217 -0.20052 -0.0928907
-1.18647 -0.205717 -0.113247
-1.13882 -0.210623 -0.102611
-1.0904 -0.217902 -0.1492
-1.04382 -0.222762 -0.103966
-0.99404 -0.226635 -0.0776401
-0.945951 -0.230012 -0.0701094
-0.901363 -0.232393 -0.0533499
-0.855095 -0.235632 -0.069896
-0.81477 -0.236914 -0.0317653
-0.767491 -0.236281 0.0133822
-0.725298 -0.235196 0.0257214
-0.676986 -0.233898 0.0268545
-0.627221 -0.229139 0.0953368
-0.588374 -0.22455 0.117597
-0.53901 -0.218323 0.125476
-0.489574 -0.214536 0.0764514
-0.441727 -0.21054 0.0833209
-0.392016 -0.207465 0.0617799
-0.344048 -0.203864 0.0749326
-0.29485 -0.198607 0.106457
-0.24529 -0.192617 0.120278
-0.196263 -0.186375 0.126636
-0.146537 -0.181195 0.103782
-0.103827 -0.177642 0.0830084
-0.0540979 -0.1757 0.0390381
-0.00581032 -0.173341 0.0488079
0.0401601 -0.172156 0.0257693
0.0899097 -0.170471 0.0338475
0.136832 -0.168045 0.0516586
0.184026 -0.164758 0.0695349
0.232636 -0.164004 0.0155241
0.282626 -0.164306 -0.00604205
0.330758 -0.165128 -0.0170892
0.370475 -0.164624 0.0126886
0.420459 -0.165606 -0.0196388
0.470413 -0.166142 -0.0107232
0.514706 -0.165333 0.018258
0.564337 -0.167118 -0.0359466
0.598436 -0.167142 -0.000693146
0.648283 -0.165111 0.0407099
0.696534 -0.162402 0.0560959
0.746265 -0.161046 0.0272503
0.793625 -0.158402 0.0557676
0.831882 -0.155914 0.0649376
0.864095 -0.154599 0.0408058
0.913658 -0.152779 0.0367006
0.963485 -0.151392 0.0278277
1.00981 -0.149523 0.0403298
1.04769 -0.149158 0.0096308
1.09758 -0.148375 0.0157017
1.14734 -0.145171 0.0642832
1.19729 -0.143048 0.0424938
1.24239 -0.141089 0.0433973
1.28895 -0.137401 0.0790478
1.33846 -0.132998 0.0887016
1.38815 -0.131002 0.0401416
1.43772 -0.129722 0.0258061
1.48739 -0.126905 0.0566719
1.53695 -0.124565 0.0471669
1.58349 -0.123698 0.0186393
1.61971 -0.124722 -0.0282626
1.66736 -0.125265 -0.0114127
1.71621 -0.125373 -0.00220646
1.76572 -0.124338 0.0209142
1.81559 -0.124989 -0.0130573
1.86036 -0.125209 -0.00490941
1.90615 -0.12484 0.00805889
1.95614 -0.125948 -0.0221701
1.99989 -0.126519 -0.0130452
2.0498 -0.126333 0.00372937
2.09979 -0.126459 -0.00251976
2.14744 -0.126691 -0.00488188
2.19713 -0.125711 0.019724
2.24565 -0.12428 0.0294903
2.28376 -0.12168 0.0681079
2.33325 -0.117939 0.0754417
2.38308 -0.114666 0.0656047
2.42546 -0.111632 0.0714639
2.47192 -0.109852 0.0382871
2.52108 -0.1089 0.0193584
2.56352 -0.108857 0.00101554
2.61045 -0.107664 0.0254313
2.66016 -0.10339 0.08576
2.70996 -0.100521 0.0575409
2.75922 -0.09808 0.0495121
2.80165 -0.0955885 0.0586533
2.85152 -0.0932179 0.0475
2.8956 -0.0891979 0.0909516
2.94448 -0.0866953 0.0511544
2.97994 -0.0836922 0.0844916
3.01538 -0.0813427 0.0661864
3.04558 -0.0805835 0.025137
3.09487 -0.0797079 0.0177616
3.13969 -0.080589 -0.0196558
3.18455 -0.081438 -0.0189258
3.23242 -0.0808981 0.0112759
3.28034 -0.0817319 -0.0173983
3.30999 -0.0817799 -0.00161917
3.35868 -0.0825478 -0.015769
3.39676 -0.0835707 -0.0268529
3.42906 -0.0832282 0.0106033
3.45479 -0.0837651 -0.0208653
3.48192 -0.0835617 0.0074949
3.51604 -0.0838385 -0.00811284
3.54999 -0.0836933 0.00427677
3.58137 -0.0832013 0.0156784
3.59375 -0.0825897 0.0493534
3.62424 -0.0807692 0.0596484
3.6403 -0.0797108 0.0657933
3.65405 -0.0792179 0.0358414
3.67772 -0.078667 0.0232664
3.70964 -0.078962 -0.0092411
3.7475 -0.0788569 0.0027746
3.78071 -0.0781992 0.0198035
3.79812 -0.0771848 0.0582122
3.83006 -0.0750965 0.0652746
3.87035 -0.0721121 0.0739497
3.91051 -0.0687845 0.0826577
3.95337 -0.0657661 0.0703175
4.00139 -0.0629064 0.0594778
4.04734 -0.0610482 0.0404144
4.08911 -0.0596175 0.0342393
4.12021 -0.0587374 0.0282919
4.14939 -0.0566687 0.070797
4.17681 -0.0545134 0.0784232
4.19906 -0.0520055 0.112233
4.22748 -0.0486049 0.1191
4.24486 -0.0469946 0.0924013
4.26905 -0.0446794 0.0954278
4.30841 -0.0408268 0.097554
4.32977 -0.0385959 0.10407
4.35758 -0.0364525 0.0769325
4.37724 -0.0355177 0.0474958
4.39692 -0.0337112 0.0915691
4.42243 -0.031813 0.0742521
4.45078 -0.0306418 0.0412914
4.49047 -0.0290493 0.0401017
4.52027 -0.0275487 0.0503158
4.55165 -0.0261133 0.0457047
4.58698 -0.023642 0.0698482
4.62389 -0.0203507 0.0889331
4.66486 -0.0165307 0.0929582
4.69447 -0.0134591 0.103381
4.73347 -0.0106642 0.0715477
4.76188 -0.00843677 0.0782221
4.80423 -0.00512106 0.0781467
4.83853 -0.00206811 0.0887567
4.85507 -0.000466383 0.0965474
4.86551 0.000606382 0.102428
4.88404 0.00339979 0.149656
4.89462 0.0051568 0.164541
4.90722 0.00687715 0.135715
4.91845 0.00818959 0.116296
4.93486 0.00936835 0.0717114
4.94056 0.00977631 0.0714293
4.95343 0.0106836 0.0703595
4.96588 0.0114192 0.0590603
4.99352 0.0125056 0.0392769
5.01497 0.0135091 0.0467516
5.02332 0.0136872 0.0213219
5.03347 0.0136972 0.000978043
5.03619 0.0136259 -0.026248
5.04046 0.0135013 -0.0291455
5.06222 0.0130127 -0.0224513
5.06937 0.0128925 -0.0168175
5.0777 0.0125435 -0.0418381
5.09393 0.0121447 -0.0245737
5.10386 0.0126734 0.0532147
5.10394 0.0126787 0.0623519
5.1052 0.0128294 0.119113
5.10841 0.013246 0.12916
5.12482 0.0158391 0.156675
5.13282 0.0175202 0.207143
5.13273 0.0175049 0.161964
5.14075 0.0187981 0.159785
5.15262 0.0207164 0.16024
5.18127 0.0249997 0.148411
5.20023 0.0290629 0.211065
5.21009 0.0309193 0.186262
5.21518 0.0321344 0.234276
True
0.28001
