-5.46532 1.32598 -0.265877
-5.42003 1.31677 -0.200731
-5.37315 1.3051 -0.243816
-5.32664 1.2947 -0.220081
-5.27807 1.28353 -0.226036
-5.23629 1.27441 -0.214854
-5.20233 1.26539 -0.259633
-5.15627 1.25246 -0.273702
-5.10796 1.23996 -0.253183
-5.061 1.22793 -0.2508
-5.01599 1.21969 -0.180996
-4.96746 1.2112 -0.173289
-4.91809 1.20347 -0.155271
-4.86914 1.19524 -0.166595
-4.82938 1.1899 -0.133398
-4.77989 1.18304 -0.137752
-4.73644 1.17742 -0.12879
-4.68738 1.17034 -0.143192
-4.63804 1.16248 -0.15797
-4.59154 1.15355 -0.189761
-4.54314 1.14105 -0.252707
-4.49551 1.1294 -0.240001
-4.44787 1.11924 -0.210163
-4.39823 1.11325 -0.119955
-4.35105 1.10627 -0.146985
-4.30196 1.09709 -0.184877
-4.25368 1.0895 -0.155798
-4.20468 1.08047 -0.182282
-4.15655 1.06691 -0.274712
-4.11001 1.05422 -0.266167
-4.06289 1.04379 -0.217836
-4.01419 1.03308 -0.216438
-3.97125 1.02373 -0.214416
-3.92337 1.01496 -0.18116
-3.87759 1.00468 -0.220942
-3.83076 0.994639 -0.211157
-3.78296 0.982115 -0.256274
-3.74029 0.969029 -0.297513
-3.69284 0.955062 -0.286283
-3.64484 0.941214 -0.280889
-3.59699 0.926752 -0.293493
-3.5506 0.913488 -0.278506
-3.50271 0.90099 -0.255239
-3.45683 0.888098 -0.273981
-3.4088 0.874781 -0.270468
-3.36119 0.862414 -0.254125
-3.31336 0.847861 -0.295382
-3.27014 0.833526 -0.320265
-3.22869 0.819685 -0.322223
-3.18224 0.80562 -0.294036
-3.13534 0.790033 -0.320871
-3.10222 0.778073 -0.346581
-3.05896 0.762546 -0.344585
-3.01328 0.746622 -0.335439
-2.96702 0.730876 -0.328092
-2.92009 0.714895 -0.328191
-2.87516 0.69918 -0.336465
-2.82819 0.682111 -0.348553
-2.7823 0.665762 -0.34227
-2.73549 0.648272 -0.357588
-2.68809 0.632429 -0.322525
-2.64449 0.616529 -0.349693
-2.59801 0.599855 -0.344431
-2.55227 0.581987 -0.372445
-2.50994 0.565744 -0.366402
-2.46376 0.546591 -0.39313
-2.41722 0.528386 -0.372887
-2.37373 0.513134 -0.33731
-2.33398 0.498959 -0.342545
-2.28668 0.482768 -0.329783
-2.23968 0.467982 -0.304797
-2.20684 0.456322 -0.341145
-2.16755 0.443564 -0.313987
-2.12188 0.427441 -0.339349
-2.07678 0.41064 -0.356647
-2.02931 0.395082 -0.316664
-1.98285 0.376737 -0.376122
-1.93582 0.361003 -0.322795
-1.88854 0.344765 -0.33088
-1.85142 0.333441 -0.2961
-1.80435 0.318625 -0.304916
-1.76271 0.306668 -0.279643
-1.71572 0.293086 -0.28137
-1.6751 0.281844 -0.270025
-1.64083 0.271544 -0.291904
-1.59358 0.257511 -0.288681
-1.54699 0.243299 -0.29608
-1.50388 0.229402 -0.311856
-1.47113 0.216762 -0.368347
-1.4288 0.200478 -0.367225
-1.38269 0.181225 -0.395584
-1.33827 0.163023 -0.388862
-1.29709 0.147775 -0.35463
-1.25972 0.134226 -0.347884
-1.21351 0.118569 -0.326646
-1.16911 0.101418 -0.36863
-1.12424 0.0866183 -0.318631
-1.07729 0.0729032 -0.284167
-1.02959 0.0579608 -0.303569
-0.988609 0.0465304 -0.272035
-0.94178 0.0322261 -0.29646
-0.902766 0.0189318 -0.328411
-0.860423 0.00433862 -0.331899
-0.813757 -0.0112911 -0.323183
-0.776859 -0.0241068 -0.334294
-0.73137 -0.039977 -0.335677
-0.688056 -0.053707 -0.306967
-0.640879 -0.0682379 -0.298789
-0.593221 -0.0833283 -0.306648
-0.551297 -0.0975984 -0.328082
-0.507316 -0.115608 -0.388655
-0.46457 -0.132049 -0.367184
-0.422537 -0.146893 -0.339473
-0.375317 -0.163194 -0.332402
-0.328351 -0.179049 -0.325586
-0.280834 -0.193545 -0.296083
-0.24127 -0.206491 -0.31624
-0.194377 -0.219937 -0.27924
-0.153524 -0.233087 -0.311419
-0.110763 -0.247831 -0.332037
-0.0640537 -0.263803 -0.329492
-0.0161663 -0.277427 -0.277166
0.0326152 -0.288385 -0.220967
0.0798151 -0.299034 -0.221893
0.126064 -0.310548 -0.244002
0.169612 -0.32113 -0.23838
0.207671 -0.331455 -0.264915
0.252343 -0.344696 -0.288157
0.295766 -0.356228 -0.259569
0.343846 -0.366304 -0.206577
0.390074 -0.376397 -0.214976
0.434388 -0.387841 -0.25272
0.479313 -0.400472 -0.274074
0.526979 -0.412873 -0.254533
0.575173 -0.426174 -0.269282
0.613483 -0.437913 -0.297341
0.661365 -0.45029 -0.252956
0.708966 -0.464088 -0.282127
0.754539 -0.477691 -0.290074
0.794535 -0.490863 -0.318133
0.839738 -0.50477 -0.29848
0.884482 -0.516218 -0.250473
0.930724 -0.529481 -0.279312
0.968762 -0.541594 -0.308307
1.00458 -0.552396 -0.292892
1.04768 -0.566076 -0.307337
1.08411 -0.577499 -0.303835
1.13179 -0.592142 -0.297991
1.17911 -0.606891 -0.30215
1.22553 -0.621675 -0.308294
1.26245 -0.633776 -0.316728
1.3051 -0.647409 -0.309421
1.35256 -0.661911 -0.296546
1.39665 -0.674656 -0.281376
1.43667 -0.686168 -0.280137
1.48152 -0.700373 -0.306712
1.52435 -0.715662 -0.342893
1.57158 -0.732045 -0.333857
1.61686 -0.745534 -0.289512
1.66182 -0.757699 -0.264266
1.70438 -0.769197 -0.263866
1.74882 -0.782989 -0.300931
1.79363 -0.797834 -0.319907
1.84049 -0.813383 -0.320406
1.88787 -0.827055 -0.280902
1.93099 -0.84073 -0.30712
1.97279 -0.852774 -0.280519
2.0129 -0.863607 -0.263783
2.0612 -0.876402 -0.258976
2.10253 -0.886919 -0.249164
2.14328 -0.898068 -0.267039
2.18074 -0.907038 -0.235024
2.22606 -0.920112 -0.280873
2.27228 -0.932501 -0.261912
2.32103 -0.94358 -0.223454
2.36907 -0.953885 -0.21131
2.41089 -0.963971 -0.23664
2.4583 -0.977248 -0.273084
2.50497 -0.990049 -0.267674
2.54998 -1.00072 -0.232862
2.59363 -1.01229 -0.258941
2.64188 -1.02307 -0.219813
2.68991 -1.03602 -0.263327
2.7363 -1.04815 -0.255806
2.78188 -1.06213 -0.297579
2.82837 -1.07697 -0.309006
2.87632 -1.08966 -0.258839
2.9152 -1.1009 -0.281247
2.96336 -1.11428 -0.271037
3.01068 -1.12781 -0.27855
3.05197 -1.14152 -0.320611
3.09868 -1.1593 -0.363674
3.14437 -1.17695 -0.368543
3.1906 -1.19392 -0.351886
3.23755 -1.2105 -0.339477
3.27914 -1.22406 -0.315198
3.31928 -1.23801 -0.334436
3.36102 -1.25371 -0.359745
3.40433 -1.27126 -0.385071
3.45033 -1.28916 -0.371061
3.49026 -1.30569 -0.392531
3.53449 -1.32558 -0.422642
3.57792 -1.34361 -0.393371
3.60966 -1.3566 -0.388629
3.65407 -1.37387 -0.370938
3.69116 -1.38846 -0.374577
3.73553 -1.40435 -0.344003
3.78056 -1.4197 -0.328473
3.81797 -1.43308 -0.343473
3.84653 -1.44315 -0.339012
3.86698 -1.45069 -0.353161
3.88927 -1.45853 -0.338115
3.90961 -1.46539 -0.325566
3.92606 -1.47093 -0.324631
3.95252 -1.47877 -0.288112
3.98802 -1.48819 -0.259236
4.01423 -1.49513 -0.259158
4.03675 -1.50061 -0.2385
4.0505 -1.50442 -0.270242
4.06784 -1.51048 -0.336395
4.08871 -1.51881 -0.379898
4.1019 -1.5241 -0.381339
4.11742 -1.53083 -0.408898
4.13997 -1.54109 -0.426999
4.17113 -1.55459 -0.408852
4.19815 -1.5655 -0.383761
4.23218 -1.57891 -0.37553
4.26219 -1.59055 -0.369939
4.29615 -1.60364 -0.367755
4.32895 -1.61699 -0.386507
4.35952 -1.62928 -0.382418
4.3762 -1.6353 -0.346341
4.40694 -1.64602 -0.335515
4.42518 -1.6528 -0.355927
4.44011 -1.65817 -0.345151
4.47217 -1.67044 -0.36546
4.50296 -1.68259 -0.3759
4.52021 -1.68973 -0.392378
4.53868 -1.69684 -0.367421
4.55485 -1.70282 -0.354442
4.56207 -1.70561 -0.368381
4.57151 -1.70893 -0.338371
4.59836 -1.71862 -0.34613
4.6121 -1.72341 -0.335978
4.63447 -1.73153 -0.3482
4.66511 -1.74227 -0.336907
4.69131 -1.75191 -0.35289
4.7153 -1.76098 -0.361496
4.73987 -1.77008 -0.354307
4.77098 -1.78017 -0.31394
4.77337 -1.78083 -0.26715
4.7803 -1.78269 -0.262239
4.78744 -1.78471 -0.275594
4.81772 -1.79328 -0.275864
4.85076 -1.80123 -0.236042
4.87392 -1.80712 -0.249095
4.87658 -1.80799 -0.317697
4.89394 -1.81468 -0.367847
4.90212 -1.81822 -0.408219
4.92452 -1.82934 -0.460604
4.94016 -1.83806 -0.508709
4.96695 -1.85279 -0.502839
4.98294 -1.86181 -0.513682
5.00162 -1.87235 -0.513605
5.01767 -1.88071 -0.48021
5.02712 -1.88552 -0.47101
5.03108 -1.88729 -0.419779
5.03706 -1.89001 -0.426833
5.04791 -1.8944 -0.384208
5.04898 -1.89485 -0.401172
5.05811 -1.8982 -0.351421
5.06554 -1.9006 -0.312989
5.07259 -1.90265 -0.28208
5.09704 -1.9092 -0.261856
5.11378 -1.91274 -0.208473
5.1249 -1.91532 -0.2278
5.13259 -1.91692 -0.205296
5.13997 -1.91872 -0.240002
5.16046 -1.92374 -0.240155
5.17376 -1.92721 -0.254898
5.17958 -1.92904 -0.304341
5.19598 -1.93491 -0.343772
5.20424 -1.93779 -0.336087
5.20409 -1.93775 -0.298295
5.20405 -1.93774 -0.215298
5.21814 -1.94008 -0.164801
5.21856 -1.94012 -0.0945206
5.21562 -1.93965 -0.159821
5.22299 -1.94097 -0.176878
5.22009 -1.94037 -0.202954
5.22243 -1.94087 -0.209703
5.22806 -1.94217 -0.228153
True
0.272025
