4.47541 -0.00550058 -2.92152
4.43857 -0.0163651 -2.85478
4.39453 -0.0358202 -2.72563
4.35191 -0.0575982 -2.66917
4.31128 -0.0810747 -2.61773
4.27 -0.108501 -2.55511
4.2347 -0.133578 -2.52398
4.19606 -0.161542 -2.51512
4.15716 -0.192787 -2.46488
4.11985 -0.22542 -2.4229
4.08511 -0.26134 -2.33954
4.05291 -0.29694 -2.30615
4.02361 -0.334627 -2.23163
3.99685 -0.376628 -2.13804
3.97595 -0.410372 -2.12544
3.95253 -0.4514 -2.08937
3.93226 -0.495414 -2.00232
3.91288 -0.540429 -1.97745
3.89499 -0.582464 -1.97308
3.87991 -0.623628 -1.92209
3.8651 -0.665356 -1.91188
3.85107 -0.709839 -1.87616
3.84059 -0.746863 -1.84666
3.82798 -0.793625 -1.83422
3.815 -0.835132 -1.874
3.80239 -0.881646 -1.83555
3.78962 -0.929425 -1.83184
3.77621 -0.977587 -1.84243
3.76385 -1.02351 -1.83374
3.75223 -1.06787 -1.82691
3.73785 -1.11432 -1.87108
3.72606 -1.16182 -1.81405
3.71449 -1.21005 -1.80627
3.70593 -1.25409 -1.76277
3.69429 -1.2966 -1.83795
3.68069 -1.34471 -1.8464
3.6681 -1.39078 -1.83745
3.65572 -1.43102 -1.86932
3.64052 -1.47774 -1.88541
3.62137 -1.52393 -1.96369
3.60251 -1.56996 -1.95971
3.58221 -1.6136 -2.00615
3.56255 -1.65663 -1.9995
3.5427 -1.70229 -1.98086
3.52134 -1.7474 -2.01303
3.50324 -1.78137 -2.06031
3.48253 -1.82163 -2.04589
3.45774 -1.86505 -2.0897
3.44541 -1.88925 -2.04196
3.42735 -1.9238 -2.05234
3.4041 -1.96807 -2.05437
3.38139 -2.0117 -2.0508
3.3576 -2.055 -2.07313
3.33239 -2.09818 -2.09938
3.30859 -2.13881 -2.10069
3.28177 -2.17944 -2.15418
3.25876 -2.21449 -2.15156
3.23217 -2.25226 -2.18428
3.20438 -2.29359 -2.16274
3.1762 -2.33485 -2.17
3.14728 -2.37563 -2.18774
3.11648 -2.41478 -2.23733
3.0876 -2.45262 -2.22279
3.05744 -2.49229 -2.22078
3.04443 -2.50875 -2.23943
3.02901 -2.5286 -2.2313
3.00352 -2.56223 -2.2194
2.97254 -2.60128 -2.24137
2.9476 -2.63169 -2.25768
2.91708 -2.66881 -2.25907
2.89597 -2.69399 -2.2685
2.86537 -2.7291 -2.28748
2.8336 -2.7674 -2.2634
2.80617 -2.80039 -2.26435
2.78079 -2.82995 -2.28028
2.7489 -2.8645 -2.31613
2.72284 -2.89318 -2.30857
2.69621 -2.9202 -2.34879
2.66645 -2.9505 -2.34734
2.63103 -2.98575 -2.3585
2.59847 -3.01643 -2.38601
2.56321 -3.04806 -2.41036
2.53211 -3.07451 -2.43684
2.50794 -3.09404 -2.46201
2.46744 -3.12294 -2.52172
2.44882 -3.13616 -2.52428
2.42493 -3.15239 -2.54473
2.39509 -3.17353 -2.52523
2.35628 -3.20037 -2.53652
2.31427 -3.22747 -2.56879
2.27515 -3.25402 -2.54535
2.23453 -3.28258 -2.52868
2.194 -3.30869 -2.56939
2.16201 -3.3315 -2.52214
2.12485 -3.35691 -2.5417
2.09348 -3.37685 -2.57556
2.05276 -3.40263 -2.5771
2.01485 -3.42773 -2.5568
1.9746 -3.45426 -2.55874
1.93361 -3.47859 -2.60611
1.89904 -3.49847 -2.61957
1.85664 -3.52451 -2.59077
1.81423 -3.54929 -2.61278
1.77723 -3.56968 -2.63817
1.73437 -3.59261 -2.65013
1.691 -3.61502 -2.66481
1.65206 -3.63606 -2.64608
1.60804 -3.6591 -2.65943
1.56415 -3.6829 -2.64469
1.51877 -3.7039 -2.70816
1.4738 -3.72572 -2.6899
1.4304 -3.74641 -2.69683
1.38665 -3.76865 -2.67121
1.34226 -3.7916 -2.66448
1.29872 -3.81148 -2.71323
1.2552 -3.82772 -2.78443
1.20828 -3.84499 -2.78902
1.17077 -3.85655 -2.84234
1.13039 -3.86724 -2.88293
1.09806 -3.87727 -2.84068
1.04989 -3.89067 -2.87037
1.0168 -3.89995 -2.86811
0.973579 -3.91143 -2.88195
0.926295 -3.92531 -2.85616
0.879239 -3.9364 -2.91014
0.832669 -3.94609 -2.93644
0.78596 -3.95522 -2.94841
0.754005 -3.96316 -2.89823
0.70608 -3.97454 -2.90845
0.657868 -3.98715 -2.88567
0.609813 -4.00075 -2.86594
0.563986 -4.01006 -2.94109
0.526764 -4.01556 -2.99491
0.478333 -4.02459 -2.95731
0.435532 -4.0335 -2.93637
0.395526 -4.03968 -2.98824
0.346342 -4.04635 -3.00686
0.30014 -4.05217 -3.0163
0.252833 -4.05716 -3.03636
0.203224 -4.06286 -3.02722
0.16511 -4.0668 -3.03869
0.117087 -4.06872 -3.10158
0.0775528 -4.07169 -3.06651
0.0399319 -4.07316 -3.10276
-0.00171741 -4.07304 -3.14426
-0.0351082 -4.07377 3.16342
-0.0850656 -4.07223 -3.17257
-0.134364 -4.06976 3.09167
-0.17863 -4.06651 3.06822
-0.227684 -4.06065 3.02273
-0.276459 -4.05567 3.03987
-0.326196 -4.05096 3.04721
-0.371936 -4.04524 3.01715
-0.413036 -4.03972 3.00795
-0.451481 -4.03402 2.99437
-0.499642 -4.02443 2.94508
-0.545978 -4.01523 2.94568
-0.57981 -4.00903 2.96022
-0.624695 -3.99968 2.93618
-0.673604 -3.98932 2.93284
-0.712468 -3.98113 2.93391
-0.761508 -3.97138 2.94544
-0.810428 -3.96118 2.93594
-0.847929 -3.95213 2.90497
-0.891596 -3.94074 2.88646
-0.939964 -3.92818 2.88748
-0.978738 -3.91855 2.89823
-1.02161 -3.906 2.85669
-1.06919 -3.89117 2.83942
-1.1172 -3.87852 2.88411
-1.16376 -3.86295 2.81881
-1.20687 -3.84961 2.8415
-1.23848 -3.83896 2.81651
-1.28631 -3.8245 2.84801
-1.33318 -3.80931 2.82817
-1.37127 -3.79578 2.8003
-1.41763 -3.77826 2.78026
-1.46078 -3.76077 2.75663
-1.506 -3.74154 2.7395
-1.55149 -3.72298 2.75421
-1.59386 -3.70201 2.68193
-1.63943 -3.68146 2.71804
-1.67707 -3.66117 2.64711
-1.72212 -3.64085 2.71788
-1.76517 -3.62168 2.72265
-1.79281 -3.60681 2.64796
-1.83239 -3.58586 2.65478
-1.87235 -3.56567 2.67366
-1.91595 -3.54234 2.65044
-1.9589 -3.51719 2.61182
-1.99729 -3.49565 2.63033
-2.04138 -3.47207 2.65041
-2.0857 -3.44896 2.66091
-2.12885 -3.42711 2.67285
-2.16442 -3.40723 2.63197
-2.20433 -3.38699 2.67225
-2.24578 -3.36405 2.63607
-2.27834 -3.34772 2.6768
-2.30006 -3.33422 2.58553
-2.33947 -3.31054 2.60044
-2.38065 -3.28296 2.55146
-2.42217 -3.25513 2.55116
-2.46238 -3.2254 2.50489
-2.49936 -3.19854 2.51348
-2.53898 -3.1695 2.50914
-2.57914 -3.14001 2.50817
-2.61773 -3.11268 2.52521
-2.6438 -3.09277 2.48965
-2.68295 -3.06492 2.52334
-2.72252 -3.039 2.56146
-2.7589 -3.01314 2.52374
-2.79912 -2.98539 2.53763
-2.83751 -2.95687 2.50258
-2.8684 -2.93173 2.45861
-2.89408 -2.91138 2.47138
-2.93118 -2.88426 2.51029
-2.95991 -2.86386 2.5244
-2.98665 -2.84624 2.55868
-3.0102 -2.83109 2.57008
-3.02696 -2.81988 2.55209
-3.05576 -2.8002 2.54224
-3.09148 -2.7776 2.57741
-3.12763 -2.75461 2.57505
-3.16782 -2.72789 2.55496
-3.20213 -2.70429 2.53902
-3.23395 -2.68327 2.55788
-3.25812 -2.66729 2.55722
-3.28977 -2.64552 2.53905
-3.32263 -2.6241 2.56395
-3.35008 -2.60729 2.59211
-3.36758 -2.59718 2.61794
-3.39961 -2.57571 2.55099
-3.41749 -2.56326 2.53345
-3.4312 -2.55408 2.55154
-3.45375 -2.53967 2.57285
-3.47201 -2.52756 2.55625
-3.48335 -2.51957 2.5272
-3.50235 -2.50486 2.48286
-3.53151 -2.48228 2.48278
-3.5663 -2.4553 2.4821
-3.58723 -2.43941 2.49204
-3.61637 -2.41684 2.48243
-3.64093 -2.39692 2.46031
-3.67361 -2.36948 2.44314
-3.69669 -2.35128 2.47395
-3.7213 -2.33155 2.46574
-3.74532 -2.31327 2.49111
-3.7584 -2.3038 2.51483
-3.76784 -2.29695 2.51384
-3.78101 -2.28689 2.48893
-3.81432 -2.26025 2.46709
-3.83308 -2.2448 2.4526
-3.85233 -2.22812 2.42763
-3.86526 -2.2173 2.44512
-3.87247 -2.21133 2.44932
-3.88117 -2.20361 2.41597
-3.89386 -2.19148 2.37899
-3.90916 -2.17681 2.37712
-3.92535 -2.16234 2.41229
-3.93811 -2.1511 2.41937
-3.95748 -2.13483 2.44301
-3.9719 -2.12184 2.40804
-3.97625 -2.11803 2.4226
-3.98863 -2.10769 2.44566
-3.99616 -2.1015 2.45343
-4.00775 -2.09104 2.40739
-4.01639 -2.08233 2.35264
-4.03283 -2.06571 2.35068
-4.05261 -2.04631 2.3658
-4.06542 -2.0332 2.34488
-4.0735 -2.02516 2.35822
-4.07516 -2.02346 2.34482
-4.08097 -2.01715 2.31531
-4.09484 -2.00145 2.2941
-4.1092 -1.9859 2.31658
-4.12719 -1.96568 2.29794
-4.1356 -1.95673 2.32545
-4.13939 -1.95302 2.36711
-4.14159 -1.95098 2.39125
-4.15284 -1.9394 2.34187
-4.15612 -1.93575 2.30288
-4.15935 -1.93208 2.29319
-4.16831 -1.92225 2.30969
-4.17862 -1.91125 2.32357
-4.18373 -1.90609 2.35219
-4.19198 -1.89789 2.35907
-4.19589 -1.89398 2.35557
-4.20275 -1.88625 2.29693
-4.20646 -1.88154 2.23889
-4.21116 -1.87562 2.24196
-4.22033 -1.86554 2.30872
-4.22863 -1.85649 2.31277
-4.23738 -1.84716 2.32434
-4.24325 -1.84048 2.29124
-4.24709 -1.83581 2.2593
-4.25004 -1.83255 2.30619
-4.25191 -1.83043 2.2945
-4.25672 -1.8256 2.35381
-4.25777 -1.82449 2.33015
-4.26319 -1.81825 2.28602
-4.26127 -1.82038 2.30768
-4.27054 -1.80992 2.29621
-4.281 -1.79641 2.22986
-4.29353 -1.77881 2.18929
-4.29857 -1.7719 2.20089
True
0.172878
