-5.47013 1.10222 -0.0517159
-5.42315 1.09905 -0.0674695
-5.38361 1.09475 -0.108354
-5.33399 1.09091 -0.0770845
-5.28478 1.0876 -0.0673123
-5.24815 1.08332 -0.116341
-5.2083 1.08078 -0.0636123
-5.1597 1.07732 -0.0709781
-5.11334 1.07362 -0.0796208
-5.07908 1.07059 -0.0881956
-5.02922 1.06677 -0.076456
-4.97979 1.06341 -0.0680024
-4.93575 1.06313 -0.00641758
-4.88627 1.06037 -0.0556769
-4.83863 1.05843 -0.0405616
-4.79768 1.05298 -0.132424
-4.75176 1.04945 -0.0766878
-4.70216 1.04477 -0.0940525
-4.65458 1.03937 -0.113067
-4.6095 1.03416 -0.115112
-4.55951 1.03306 -0.0218473
-4.51508 1.03049 -0.0579333
-4.47501 1.02857 -0.0477437
-4.4331 1.0283 -0.00640399
-4.38344 1.02522 -0.0620195
-4.33413 1.02358 -0.033163
-4.28449 1.02012 -0.0696304
-4.23579 1.01849 -0.0334712
-4.21197 1.01648 -0.0844358
-4.16832 1.01362 -0.0652954
-4.11958 1.00915 -0.0914826
-4.07217 1.00602 -0.065999
-4.02404 1.00283 -0.0661473
-3.97558 1.00146 -0.0283244
-3.92792 0.997727 -0.0780827
-3.88237 0.993695 -0.0882804
-3.83308 0.989072 -0.0935156
-3.7866 0.985843 -0.0693659
-3.73743 0.982048 -0.0770297
-3.69927 0.979772 -0.0595804
-3.65209 0.978736 -0.0219378
-3.60222 0.979113 0.00754501
-3.55229 0.98139 0.045577
-3.50594 0.981482 0.00199107
-3.46064 0.981719 0.00523814
-3.41173 0.980393 -0.0271021
-3.36396 0.976567 -0.0799365
-3.31423 0.972794 -0.0757132
-3.26484 0.970937 -0.0375769
-3.21834 0.969781 -0.0248689
-3.18242 0.969027 -0.0209849
-3.13248 0.966761 -0.0453414
-3.08558 0.964497 -0.0482465
-3.03595 0.961334 -0.063637
-2.98623 0.96032 -0.0203846
-2.93634 0.960079 -0.00483202
-2.89639 0.95968 -0.00999959
-2.85317 0.96157 0.043714
-2.81315 0.965142 0.0890111
-2.7639 0.968376 0.0655757
-2.71403 0.971926 0.0710633
-2.67492 0.973092 0.0298022
-2.62791 0.976836 0.0794652
-2.57887 0.981318 0.0911664
-2.52908 0.983513 0.0440516
-2.47922 0.983727 0.00428037
-2.43147 0.98198 -0.0365697
-2.38167 0.981925 -0.00110563
-2.332 0.98269 0.0154114
-2.28651 0.982319 -0.00815555
-2.23659 0.982235 -0.00168578
-2.18669 0.979124 -0.0622554
-2.13745 0.976101 -0.0613286
-2.08764 0.971924 -0.0836555
-2.04443 0.96771 -0.0972038
-1.99562 0.964762 -0.0603303
-1.94871 0.962441 -0.0494495
-1.90017 0.956802 -0.115652
-1.85097 0.95219 -0.0934556
-1.8055 0.948022 -0.0914228
-1.75989 0.945394 -0.0575492
-1.71068 0.940879 -0.0914866
-1.67264 0.938739 -0.0562167
-1.62996 0.936671 -0.0483975
-1.57998 0.935306 -0.0273129
-1.53032 0.933918 -0.0279305
-1.48036 0.933917 -3.79384e-05
-1.44409 0.933988 0.00197703
-1.39413 0.932105 -0.037665
-1.34983 0.93098 -0.0254059
-1.31231 0.92975 -0.0327751
-1.26841 0.93084 0.0248162
-1.2247 0.931771 0.0212971
-1.17492 0.931015 -0.0151711
-1.12496 0.9291 -0.0383229
-1.08531 0.929248 0.00373911
-1.03535 0.927442 -0.0361395
-0.986243 0.925209 -0.0454329
-0.937704 0.922157 -0.0627881
-0.889666 0.918447 -0.0770764
-0.842128 0.914958 -0.0732739
-0.792221 0.913167 -0.0358714
-0.743463 0.911084 -0.0426864
-0.696167 0.911952 0.018339
-0.647544 0.912656 0.0144785
-0.597807 0.911916 -0.0148722
-0.551059 0.913118 0.0256966
-0.501137 0.915463 0.0469385
-0.454539 0.919468 0.0857463
-0.407221 0.923579 0.0866627
-0.35749 0.926141 0.0514723
-0.309114 0.927946 0.0373013
-0.264443 0.929053 0.0247776
-0.218508 0.930686 0.035526
-0.168557 0.929172 -0.0302984
-0.128685 0.929936 0.0191593
-0.0915114 0.930521 0.0157446
-0.0436425 0.930858 0.00702814
-0.00419627 0.932223 0.0346058
0.0367202 0.933375 0.0281267
0.0866969 0.933793 0.00838066
0.132377 0.934882 0.0238203
0.182338 0.936376 0.0299027
0.229781 0.937854 0.0311437
0.270331 0.939916 0.0508154
0.314922 0.940786 0.0195048
0.364861 0.942649 0.0372825
0.41147 0.942328 -0.00689469
0.448077 0.942805 0.0130468
0.496652 0.944185 0.0283882
0.546637 0.944804 0.0123868
0.595836 0.945313 0.0103583
0.644866 0.94421 -0.0225075
0.685723 0.942529 -0.0411139
0.730058 0.940189 -0.0527258
0.77083 0.937757 -0.0595885
0.818842 0.938492 0.0153132
0.866884 0.938233 -0.00538607
0.913705 0.938338 0.00223849
0.963704 0.938126 -0.004239
1.01187 0.939596 0.0304963
1.05846 0.941451 0.0398011
1.10509 0.943377 0.0412824
1.155 0.943812 0.00872015
1.20445 0.945063 0.0252893
1.24327 0.946012 0.0244529
1.28512 0.94746 0.0345811
1.33133 0.947015 -0.00963581
1.36505 0.948392 0.0408088
1.41301 0.95053 0.0445554
1.46178 0.952702 0.044501
1.51003 0.955281 0.0533963
1.55857 0.957286 0.0412901
1.60198 0.95785 0.0129953
1.64581 0.958955 0.0252039
1.69213 0.95974 0.0169572
1.74192 0.959779 0.000783427
1.78989 0.959804 0.000508406
1.83783 0.961917 0.0440579
1.88651 0.961633 -0.00585123
1.93647 0.961731 0.00197841
1.98644 0.961308 -0.00848311
2.03167 0.960216 -0.0241343
2.07964 0.957843 -0.0494039
2.12563 0.955138 -0.0587649
2.16853 0.952607 -0.0589337
2.2179 0.953852 0.0252179
2.25956 0.954646 0.0190481
2.3075 0.954149 -0.0103736
2.34077 0.954437 0.00866512
2.38332 0.955977 0.0361768
2.42498 0.957744 0.0423979
2.47488 0.959134 0.0278506
2.51934 0.962322 0.071574
2.56725 0.965263 0.0613175
2.61418 0.966637 0.0292702
2.66415 0.966694 0.00113062
2.69693 0.967536 0.0256906
2.73924 0.968752 0.0287215
2.78699 0.97003 0.0267728
2.83205 0.971021 0.0219926
2.88183 0.973758 0.0549089
2.93143 0.976842 0.0620944
2.97458 0.978497 0.0383445
3.02219 0.97985 0.0284007
3.06417 0.980876 0.0244445
3.11124 0.981163 0.00609162
3.1589 0.981802 0.0134039
3.2014 0.982926 0.0264581
3.25034 0.98223 -0.0142258
3.29277 0.981242 -0.0232656
3.3402 0.979539 -0.0359088
3.38474 0.978831 -0.0158813
3.43104 0.977514 -0.02845
3.4763 0.975102 -0.0532322
3.52067 0.971594 -0.0789153
3.56207 0.966381 -0.125232
3.59177 0.963415 -0.099547
3.63202 0.959461 -0.0979403
3.66996 0.956513 -0.077548
3.70678 0.954504 -0.0545043
3.74339 0.952916 -0.0433347
3.77654 0.952474 -0.0133187
3.80216 0.952007 -0.0182331
3.84016 0.950432 -0.0414249
3.87529 0.949266 -0.0331844
3.90976 0.949242 -0.000696402
3.94753 0.948627 -0.0162869
3.98695 0.947754 -0.0221488
4.01637 0.947295 -0.0155904
4.06565 0.944847 -0.049651
4.08616 0.943889 -0.0466245
4.11412 0.942542 -0.0481492
4.1301 0.941658 -0.055236
4.14311 0.940563 -0.0840336
4.15871 0.93896 -0.102388
4.17176 0.938148 -0.0621445
4.2059 0.936877 -0.0372169
4.24868 0.935122 -0.0410058
4.28221 0.932387 -0.081402
4.32196 0.930826 -0.039251
4.35656 0.930029 -0.0230133
4.3898 0.929253 -0.0233473
4.43776 0.926641 -0.0544094
4.46732 0.923967 -0.0902245
4.50771 0.919923 -0.0997826
4.55313 0.914658 -0.11538
4.58905 0.909944 -0.130517
4.62477 0.905262 -0.130333
4.65671 0.90192 -0.104271
4.68752 0.897742 -0.134778
4.70317 0.896228 -0.0964017
4.72504 0.894174 -0.093658
4.75051 0.890707 -0.135294
4.76162 0.88913 -0.141049
4.78135 0.887122 -0.101407
4.80706 0.885344 -0.0690507
4.82095 0.884802 -0.0389833
4.83496 0.883578 -0.0871491
4.85165 0.881985 -0.0951216
4.87361 0.88008 -0.0865521
4.89863 0.878097 -0.0790751
4.93679 0.873871 -0.110314
4.96553 0.869735 -0.142884
4.98373 0.866418 -0.180334
5.00381 0.86298 -0.16958
5.0264 0.85967 -0.145449
5.04995 0.855273 -0.184572
5.05783 0.853841 -0.179761
5.06451 0.852637 -0.178476
5.0738 0.85129 -0.143989
5.07999 0.850274 -0.162549
5.09043 0.848396 -0.178141
5.10097 0.846033 -0.220367
5.11743 0.842412 -0.216634
5.12626 0.840505 -0.212635
5.13679 0.838116 -0.223059
5.14446 0.836434 -0.21584
5.1554 0.834216 -0.20017
5.16193 0.832628 -0.238234
5.17928 0.828338 -0.242478
5.18197 0.827641 -0.253545
5.18959 0.825676 -0.252285
5.20296 0.822489 -0.234003
5.21702 0.819166 -0.232138
True
0.266721
