-5.46273 0.437895 0.238089
-5.42384 0.445621 0.196107
-5.38138 0.454141 0.19803
-5.33374 0.462147 0.166498
-5.29983 0.467609 0.159691
-5.26031 0.47511 0.187576
-5.21317 0.485545 0.217835
-5.16499 0.497889 0.250834
-5.12141 0.510765 0.287288
-5.07811 0.523266 0.281059
-5.03448 0.536155 0.287262
-4.99349 0.547611 0.272485
-4.94821 0.560338 0.274023
-4.90273 0.571316 0.23687
-4.85816 0.581792 0.230832
-4.81332 0.591802 0.219631
-4.76764 0.601772 0.21489
-4.71886 0.611032 0.187603
-4.68574 0.61752 0.193467
-4.64508 0.626465 0.216558
-4.5965 0.637771 0.228639
-4.55395 0.648756 0.252654
-4.50567 0.661712 0.262143
-4.46036 0.672404 0.231727
-4.4111 0.680417 0.161268
-4.366 0.687311 0.151703
-4.31633 0.692342 0.100942
-4.26774 0.699867 0.153626
-4.22674 0.707795 0.191025
-4.18007 0.714946 0.152052
-4.13136 0.722132 0.146466
-4.08945 0.727661 0.131162
-4.0477 0.733587 0.140997
-4.01451 0.737081 0.104902
-3.96564 0.742328 0.106947
-3.91754 0.748498 0.127567
-3.87253 0.755789 0.1606
-3.82286 0.760643 0.0974246
-3.77726 0.767904 0.157885
-3.73001 0.779629 0.243229
-3.69105 0.788831 0.23198
-3.64267 0.801388 0.253933
-3.59493 0.815336 0.284285
-3.54752 0.82792 0.259404
-3.4994 0.840178 0.249444
-3.45268 0.851047 0.228589
-3.40493 0.863451 0.254149
-3.35722 0.876897 0.274681
-3.31272 0.88766 0.237338
-3.26499 0.898202 0.21738
-3.21762 0.911538 0.274415
-3.16986 0.922635 0.228279
-3.12519 0.932597 0.219426
-3.08107 0.940996 0.188116
-3.04086 0.949454 0.207352
-2.99336 0.958719 0.192624
-2.96564 0.964085 0.191235
-2.9192 0.973184 0.193456
-2.87192 0.982912 0.20291
-2.82784 0.992098 0.205446
-2.79232 0.999197 0.197288
-2.74341 1.00905 0.198736
-2.69455 1.01916 0.204021
-2.64936 1.02863 0.206698
-2.60834 1.03779 0.21962
-2.55942 1.04688 0.183835
-2.51006 1.05391 0.141309
-2.46203 1.06044 0.135269
-2.41257 1.06775 0.146574
-2.36363 1.07487 0.144614
-2.31434 1.08196 0.142783
-2.26605 1.08935 0.151896
-2.22117 1.09705 0.170012
-2.1793 1.10483 0.183651
-2.1307 1.11656 0.236845
-2.09568 1.12546 0.248701
-2.05312 1.13597 0.242262
-2.00585 1.14645 0.218199
-1.95709 1.15703 0.213516
-1.90953 1.16816 0.22991
-1.86633 1.17863 0.237759
-1.82191 1.18847 0.218069
-1.77321 1.19805 0.194265
-1.73443 1.20557 0.191582
-1.68811 1.2175 0.25199
-1.6519 1.22608 0.232674
-1.61014 1.23703 0.256439
-1.57075 1.24767 0.263899
-1.52215 1.25917 0.232253
-1.47789 1.27 0.239946
-1.43537 1.27846 0.196353
-1.38677 1.28478 0.129325
-1.34432 1.28984 0.118814
-1.30082 1.29435 0.103282
-1.26021 1.29964 0.129513
-1.21078 1.30701 0.147915
-1.16564 1.31351 0.143105
-1.12101 1.31876 0.1171
-1.07152 1.32534 0.132133
-1.02342 1.33099 0.117055
-0.975937 1.33748 0.135625
-0.938034 1.34326 0.151479
-0.889837 1.3494 0.126718
-0.84378 1.35785 0.18145
-0.797381 1.3637 0.125385
-0.74938 1.37147 0.16051
-0.715013 1.37536 0.112696
-0.666339 1.38207 0.137045
-0.626944 1.38668 0.11637
-0.584605 1.39245 0.135571
-0.536279 1.39704 0.094712
-0.492122 1.40144 0.0991124
-0.442675 1.40812 0.134469
-0.393093 1.41392 0.116441
-0.346037 1.4198 0.124181
-0.296654 1.42694 0.143701
-0.258866 1.43403 0.185365
-0.219395 1.44047 0.161846
-0.173469 1.4477 0.156105
-0.127462 1.45465 0.149974
-0.0853062 1.46156 0.162327
-0.0405891 1.46663 0.112835
-0.00970351 1.47035 0.120034
0.0301502 1.47383 0.0870866
0.0749736 1.47907 0.116317
0.120984 1.48472 0.122291
0.167347 1.4907 0.128213
0.210142 1.49639 0.132122
0.253137 1.50209 0.131782
0.300482 1.50801 0.124571
0.345475 1.51452 0.143615
0.394863 1.5218 0.146256
0.431088 1.52629 0.12331
0.478648 1.53508 0.182877
0.51937 1.54222 0.173444
0.55943 1.55071 0.208972
0.602774 1.56122 0.237809
0.651854 1.57076 0.192072
0.697548 1.58094 0.219188
0.745073 1.59202 0.228958
0.786138 1.60205 0.239681
0.833295 1.61516 0.271159
0.878876 1.62675 0.249018
0.912539 1.63423 0.218593
0.957537 1.64404 0.214703
1.00596 1.65388 0.200291
1.05483 1.66406 0.205492
1.09633 1.67371 0.228472
1.14525 1.68193 0.166533
1.19251 1.69175 0.204845
1.24149 1.69954 0.15769
1.28118 1.70619 0.166076
1.31686 1.7125 0.174807
1.36616 1.71864 0.123954
1.40862 1.72658 0.184813
1.45705 1.73604 0.193021
1.50198 1.74501 0.196986
1.54425 1.75405 0.210722
1.59283 1.76412 0.204426
1.63729 1.77438 0.226735
1.68218 1.78588 0.250826
1.72931 1.79794 0.250479
1.77757 1.81062 0.256909
1.81892 1.81923 0.205392
1.86746 1.83088 0.23562
1.91522 1.84271 0.24281
1.96273 1.85465 0.24611
2.00583 1.86452 0.225127
2.04816 1.87304 0.198544
2.07863 1.87828 0.170336
2.12476 1.88669 0.180469
2.17372 1.89684 0.204341
2.21342 1.90469 0.195262
2.24487 1.91188 0.224765
2.29197 1.92208 0.213301
2.34045 1.9342 0.244845
2.3866 1.94705 0.271594
2.43113 1.95887 0.259592
2.47883 1.97293 0.286566
2.52227 1.9865 0.302722
2.55392 1.99558 0.279516
2.59909 2.01098 0.32842
2.64513 2.02467 0.289046
2.68304 2.03608 0.292316
2.73123 2.04938 0.269383
2.77479 2.06311 0.305392
2.81452 2.0749 0.288471
2.86187 2.0906 0.320167
2.90863 2.10593 0.316727
2.95587 2.12227 0.332956
3.00362 2.13694 0.298218
3.0516 2.14964 0.258623
3.08635 2.1602 0.295217
3.13091 2.17361 0.29233
3.17852 2.18885 0.309636
3.22574 2.20158 0.263457
3.27362 2.21478 0.268966
3.31854 2.22732 0.272177
3.36585 2.24348 0.329112
3.41216 2.26014 0.345349
3.43629 2.26641 0.25434
3.48481 2.27813 0.237022
3.5294 2.28909 0.241005
3.56351 2.29961 0.299106
3.60013 2.31107 0.303442
3.64445 2.32566 0.318045
3.69033 2.34219 0.345672
3.73459 2.35895 0.362077
3.7682 2.37238 0.380096
3.80817 2.38703 0.35137
3.83095 2.39434 0.310376
3.85797 2.40403 0.344281
3.90008 2.41832 0.327265
3.93822 2.43098 0.320442
3.96313 2.43892 0.308487
3.98253 2.44383 0.247741
4.01598 2.45346 0.280545
4.04345 2.46246 0.316349
4.07428 2.47173 0.292122
4.09287 2.47781 0.316262
4.1133 2.48271 0.235562
4.14411 2.48919 0.207078
4.18198 2.49568 0.169757
4.21882 2.5012 0.148719
4.26687 2.50938 0.168679
4.29569 2.51663 0.246604
4.32656 2.52607 0.296465
4.34307 2.53148 0.316863
4.35351 2.53486 0.313335
4.36667 2.54037 0.396588
4.38054 2.5465 0.41637
4.41656 2.56156 0.395747
4.44407 2.57189 0.359268
4.4532 2.57414 0.241507
4.45775 2.57521 0.232004
4.47875 2.57977 0.213629
4.50982 2.58724 0.236168
4.53505 2.59362 0.247612
4.55588 2.59853 0.231456
4.58384 2.60494 0.225279
4.60842 2.6114 0.257216
4.61603 2.6136 0.281368
4.62074 2.61471 0.2305
4.62869 2.61622 0.187223
4.63451 2.61736 0.194324
4.65377 2.62114 0.193625
4.6743 2.62621 0.242472
4.70116 2.63248 0.229223
4.73211 2.64058 0.25576
4.75317 2.64669 0.282469
4.78317 2.65582 0.295464
4.8019 2.6612 0.279727
4.83296 2.67169 0.325661
4.8619 2.68075 0.303537
4.87712 2.68595 0.329023
4.89038 2.69047 0.328893
4.90248 2.69487 0.348645
4.91467 2.69934 0.351412
4.93136 2.70531 0.343223
4.95818 2.71384 0.307893
4.97136 2.71764 0.280919
4.98455 2.72174 0.301305
4.99889 2.72629 0.307632
5.02026 2.73352 0.326032
5.02926 2.73654 0.323407
5.03809 2.73966 0.34047
5.04608 2.7428 0.373935
5.05143 2.74477 0.353783
5.0674 2.75057 0.348239
5.08042 2.7558 0.381621
5.08479 2.75754 0.37936
5.09858 2.76309 0.382656
5.10904 2.76718 0.372805
5.13628 2.77755 0.363609
5.15716 2.78542 0.36073
5.15848 2.78596 0.389407
5.16491 2.78863 0.393428
5.18227 2.79475 0.338582
5.19022 2.79714 0.292117
5.20394 2.80056 0.244297
5.21681 2.80399 0.260947
True
0.0675239
