-5.46574 0.823901 -0.0629413
-5.42025 0.821916 -0.0436106
-5.38207 0.81814 -0.09858
-5.33402 0.814385 -0.077997
-5.291 0.810817 -0.0827301
-5.24121 0.807045 -0.075618
-5.20952 0.804278 -0.0870981
-5.15967 0.800934 -0.0669793
-5.10973 0.798526 -0.0481724
-5.06581 0.79875 0.00508355
-5.01699 0.799232 0.009868
-4.96703 0.798194 -0.020754
-4.91741 0.796993 -0.0242156
-4.87385 0.796108 -0.0203035
-4.82888 0.795431 -0.0150602
-4.78023 0.795651 0.00451966
-4.7425 0.796216 0.0149793
-4.69412 0.797363 0.0237104
-4.64473 0.799788 0.0490624
-4.595 0.803618 0.0768453
-4.5454 0.807046 0.0690016
-4.50142 0.807511 0.0105941
-4.45921 0.809398 0.0446784
-4.40934 0.812917 0.0704399
-4.36102 0.817183 0.0880475
-4.32148 0.81933 0.0542515
-4.27156 0.821989 0.0532064
-4.22396 0.824013 0.0425014
-4.17475 0.825213 0.0243768
-4.12482 0.825161 -0.00102714
-4.07755 0.825636 0.010038
-4.02755 0.825315 -0.00641124
-3.97957 0.827053 0.0362035
-3.93037 0.827809 0.0153652
-3.88077 0.826435 -0.0276957
-3.84019 0.825135 -0.0320397
-3.79064 0.823833 -0.0262707
-3.74067 0.822542 -0.0258173
-3.69185 0.819477 -0.0626978
-3.64189 0.818254 -0.0244815
-3.59205 0.815311 -0.058985
-3.5429 0.810812 -0.0912697
-3.49649 0.807132 -0.0791356
-3.44703 0.803678 -0.0697153
-3.40103 0.800607 -0.066668
-3.35715 0.797999 -0.0593653
-3.30848 0.79415 -0.0789197
-3.25872 0.789291 -0.0973344
-3.20954 0.782575 -0.135723
-3.16261 0.778274 -0.0913906
-3.11312 0.774233 -0.0814954
-3.06878 0.770698 -0.0795386
-3.02671 0.767317 -0.080197
-2.97684 0.763927 -0.0678678
-2.92711 0.760511 -0.0685799
-2.87767 0.758804 -0.0345113
-2.83664 0.755217 -0.0872132
-2.7923 0.752485 -0.0615313
-2.7497 0.751902 -0.0136969
-2.71236 0.751571 -0.0088473
-2.6625 0.750741 -0.0166458
-2.61625 0.74772 -0.0652437
-2.56699 0.74354 -0.0846328
-2.52128 0.737923 -0.122279
-2.47268 0.734426 -0.0718337
-2.42285 0.73107 -0.0672559
-2.38563 0.73045 -0.0166551
-2.33604 0.724576 -0.117887
-2.28651 0.718664 -0.118805
-2.24193 0.714405 -0.0952548
-2.19738 0.707197 -0.160386
-2.14775 0.701993 -0.104487
-2.10566 0.698102 -0.0921724
-2.05773 0.692354 -0.119359
-2.00982 0.684991 -0.152477
-1.96655 0.678336 -0.152615
-1.91723 0.671533 -0.137087
-1.86825 0.666644 -0.0994743
-1.82133 0.663041 -0.0766533
-1.78543 0.660703 -0.065027
-1.74545 0.658706 -0.049888
-1.70458 0.655898 -0.0686032
-1.65731 0.653416 -0.0524751
-1.61287 0.652374 -0.0234268
-1.56682 0.650689 -0.0365816
-1.52026 0.651359 0.0143792
-1.47572 0.650499 -0.0192826
-1.43464 0.649661 -0.0204023
-1.38547 0.647811 -0.0376129
-1.33622 0.646239 -0.0319099
-1.29196 0.643464 -0.0626154
-1.24999 0.64279 -0.0160624
-1.20827 0.639499 -0.0787222
-1.15914 0.637719 -0.0362132
-1.10945 0.633662 -0.0814596
-1.06404 0.628308 -0.117375
-1.01667 0.624754 -0.0748658
-0.978489 0.621809 -0.0769928
-0.933411 0.61741 -0.0972741
-0.888787 0.611194 -0.13841
-0.839526 0.603142 -0.162015
-0.790477 0.594861 -0.167266
-0.740909 0.588354 -0.130528
-0.707222 0.584902 -0.102111
-0.667453 0.578851 -0.150984
-0.635285 0.573964 -0.150774
-0.589426 0.565629 -0.179796
-0.547822 0.558212 -0.176433
-0.513338 0.551623 -0.188788
-0.473143 0.54451 -0.175147
-0.427868 0.535287 -0.20096
-0.389425 0.527626 -0.196705
-0.3413 0.518137 -0.194674
-0.292376 0.508184 -0.200703
-0.247185 0.498029 -0.221041
-0.198339 0.487999 -0.202527
-0.15893 0.478405 -0.238799
-0.111805 0.463217 -0.31178
-0.0653236 0.447665 -0.322874
-0.0194685 0.431758 -0.333919
0.0230608 0.418535 -0.301437
0.0621871 0.404144 -0.352444
0.109486 0.388202 -0.325088
0.157031 0.372733 -0.314549
0.204597 0.357485 -0.310232
0.243838 0.346619 -0.270125
0.284485 0.334866 -0.281467
0.32561 0.321485 -0.31458
0.368225 0.307211 -0.323194
0.416181 0.293132 -0.285564
0.46388 0.278155 -0.304246
0.508578 0.262911 -0.328678
0.548101 0.250524 -0.303699
0.591533 0.238223 -0.276002
0.639407 0.227124 -0.227806
0.68193 0.217958 -0.21232
0.725791 0.20917 -0.197745
0.770592 0.201725 -0.164655
0.817885 0.195284 -0.135369
0.867431 0.188647 -0.133158
0.916899 0.18227 -0.128221
0.965229 0.176499 -0.118847
0.998757 0.173006 -0.103793
1.04727 0.170164 -0.0585186
1.08787 0.167173 -0.0735393
1.13575 0.16371 -0.0721921
1.18564 0.16187 -0.0368747
1.23535 0.157465 -0.0883836
1.28159 0.154976 -0.0537668
1.32451 0.153411 -0.0364521
1.37302 0.151283 -0.0438258
1.42293 0.150849 -0.00869935
1.47218 0.149996 -0.0173139
1.52199 0.145916 -0.0817311
1.5701 0.142592 -0.0689857
1.61365 0.138328 -0.0975942
1.66305 0.13063 -0.154583
1.70599 0.125617 -0.116221
1.7547 0.117358 -0.167932
1.80252 0.111483 -0.122258
1.85108 0.107973 -0.0721696
1.8974 0.106332 -0.0354019
1.94723 0.10551 -0.0164873
1.99673 0.105398 -0.00227502
2.0467 0.10704 0.0328587
2.09454 0.112405 0.111662
2.14386 0.118129 0.115536
2.19355 0.123653 0.110711
2.239 0.128588 0.108161
2.28505 0.13356 0.107572
2.3348 0.135678 0.0425275
2.38464 0.137704 0.0406412
2.43459 0.138103 0.00797786
2.48421 0.139631 0.0307868
2.52944 0.139787 0.00344846
2.57565 0.140066 0.0060449
2.62235 0.141591 0.0326425
2.67196 0.14559 0.0804317
2.71718 0.147189 0.0353563
2.76672 0.149006 0.036659
2.8149 0.151237 0.0462685
2.86356 0.152648 0.0289891
2.90773 0.154065 0.0320809
2.95203 0.154814 0.0168904
3.00202 0.155837 0.0204762
3.05195 0.153349 -0.0497957
3.09162 0.154547 0.0301909
3.12772 0.154697 0.00414644
3.17335 0.15664 0.0425602
3.2197 0.156762 0.00263539
3.26376 0.159342 0.0584803
3.29995 0.160404 0.0293545
3.34495 0.163033 0.0583563
3.39291 0.1638 0.0159923
3.42763 0.164761 0.0276611
3.46488 0.165903 0.030662
3.50001 0.166925 0.0290647
3.53049 0.168225 0.0426423
3.55944 0.168918 0.0239241
3.60887 0.169767 0.0171712
3.65692 0.170659 0.0185566
3.70369 0.17136 0.014988
3.74685 0.171721 0.00837913
3.78751 0.172689 0.0238037
3.83517 0.171902 -0.0165114
3.88473 0.167902 -0.0805528
3.92472 0.162603 -0.131703
3.9701 0.156518 -0.133286
4.00824 0.152556 -0.103531
4.05501 0.148492 -0.08667
4.10186 0.142503 -0.127152
4.15166 0.139362 -0.0629855
4.18391 0.138315 -0.0324326
4.21662 0.138539 0.00684965
4.24752 0.137907 -0.0204616
4.28823 0.135188 -0.0666764
4.32792 0.130969 -0.105922
4.35902 0.128554 -0.0775011
4.38654 0.126471 -0.0755377
4.43346 0.121807 -0.0990712
4.47246 0.117543 -0.108913
4.50932 0.114901 -0.0715477
4.55162 0.113245 -0.0391436
4.5857 0.113424 0.00525286
4.59991 0.113018 -0.028528
4.61316 0.112396 -0.0468951
4.63978 0.110501 -0.0711008
4.66271 0.108249 -0.0978656
4.68787 0.105999 -0.089196
4.70256 0.103844 -0.145645
4.72031 0.10102 -0.157786
4.74891 0.097482 -0.123096
4.77687 0.0943536 -0.111413
4.79339 0.0923033 -0.123476
4.80019 0.0915902 -0.104477
4.82982 0.0878322 -0.12615
4.85345 0.0854075 -0.102269
4.89203 0.0812156 -0.108233
4.92142 0.0784204 -0.0948103
4.94666 0.0764131 -0.0793551
4.96538 0.0750274 -0.0738882
4.9962 0.0736275 -0.0453924
5.01134 0.0734131 -0.014165
5.03063 0.0733675 -0.00236487
5.04551 0.0735082 0.00946399
5.06539 0.0729532 -0.0279115
5.06617 0.0729148 -0.0488095
5.07899 0.0721758 -0.0576163
5.0953 0.0719089 -0.0163659
5.1074 0.0722348 0.0269112
5.11859 0.0730109 0.0692774
5.13572 0.075152 0.124311
5.14334 0.0761331 0.128044
5.15114 0.0773738 0.157859
5.15896 0.0784574 0.137642
5.17276 0.0798858 0.103138
5.18104 0.0808389 0.114682
5.1918 0.082376 0.141786
5.19854 0.0832654 0.131202
5.2082 0.0847653 0.154174
5.2071 0.0845359 0.207052
5.22061 0.0875819 0.221809
True
0.0683247
