4.4794 -0.00735952 -2.79847
4.44726 -0.0222517 -2.70774
4.40907 -0.0459564 -2.58604
4.36966 -0.0737623 -2.52711
4.33427 -0.10321 -2.44765
4.31168 -0.125552 -2.36177
4.28395 -0.154491 -2.33484
4.26091 -0.180898 -2.28823
4.23026 -0.2204 -2.23063
4.20444 -0.252631 -2.24622
4.179 -0.287661 -2.19896
4.161 -0.312341 -2.20074
4.13634 -0.348823 -2.16534
4.11581 -0.38243 -2.119
4.0911 -0.423704 -2.1104
4.07817 -0.44559 -2.10413
4.05401 -0.489117 -2.07756
4.03169 -0.531519 -2.05528
4.01738 -0.561516 -2.01613
4.00616 -0.583767 -2.0376
3.98359 -0.62612 -2.06041
3.96832 -0.657591 -2.02252
3.95512 -0.688653 -1.9728
3.93861 -0.733816 -1.9213
3.91937 -0.778457 -1.97769
3.90163 -0.825205 -1.93347
3.88549 -0.867579 -1.93475
3.87199 -0.903782 -1.9276
3.8611 -0.936506 -1.89221
3.84607 -0.982229 -1.88836
3.8341 -1.0296 -1.81821
3.82099 -1.07784 -1.83626
3.80677 -1.12578 -1.85923
3.79659 -1.1617 -1.84676
3.78357 -1.20995 -1.83448
3.77266 -1.24745 -1.85391
3.75978 -1.28744 -1.88229
3.74456 -1.33386 -1.88771
3.72956 -1.37184 -1.94689
3.71442 -1.41236 -1.9284
3.69541 -1.45861 -1.96066
3.67592 -1.50034 -2.00775
3.65844 -1.53851 -2.00028
3.63952 -1.57961 -2.00223
3.61977 -1.6249 -1.98193
3.59863 -1.67008 -2.0086
3.57603 -1.71467 -2.03982
3.556 -1.75167 -2.06695
3.53744 -1.78268 -2.11009
3.51674 -1.81518 -2.13794
3.49275 -1.85846 -2.07698
3.46745 -1.89935 -2.12486
3.44307 -1.9417 -2.09323
3.43588 -1.95267 -2.15065
3.41108 -1.99499 -2.10088
3.38725 -2.0319 -2.14409
3.36262 -2.06767 -2.17378
3.33477 -2.10742 -2.18194
3.30712 -2.14903 -2.1573
3.28659 -2.18395 -2.10232
3.26631 -2.21423 -2.16093
3.23802 -2.25435 -2.18496
3.20745 -2.29388 -2.22909
3.18403 -2.32394 -2.2327
3.15638 -2.35902 -2.23818
3.12571 -2.39787 -2.23923
3.09888 -2.43062 -2.25705
3.07211 -2.46226 -2.27297
3.0428 -2.50051 -2.22472
3.01283 -2.53877 -2.2353
2.98202 -2.57465 -2.28027
2.95773 -2.60025 -2.32999
2.92501 -2.63806 -2.28415
2.891 -2.67344 -2.33639
2.85512 -2.70823 -2.37152
2.82166 -2.74536 -2.30433
2.78991 -2.77935 -2.32215
2.76382 -2.80619 -2.3419
2.72826 -2.8413 -2.36259
2.6964 -2.8754 -2.32222
2.66762 -2.90334 -2.37126
2.63394 -2.93271 -2.42427
2.59865 -2.96345 -2.42502
2.5603 -2.99411 -2.46728
2.52302 -3.02251 -2.49043
2.48216 -3.05132 -2.52743
2.45151 -3.07499 -2.48409
2.41633 -3.10305 -2.46824
2.38203 -3.12801 -2.51265
2.34353 -3.15709 -2.49463
2.3047 -3.18832 -2.46429
2.27003 -3.21639 -2.46097
2.25127 -3.23322 -2.4104
2.2123 -3.26262 -2.49529
2.17744 -3.29022 -2.47182
2.14244 -3.31619 -2.50326
2.11537 -3.3346 -2.54435
2.08212 -3.35541 -2.58231
2.04212 -3.38034 -2.58435
2.00512 -3.40332 -2.58577
1.96323 -3.42857 -2.59908
1.92568 -3.45129 -2.59755
1.88591 -3.47606 -2.58457
1.84766 -3.4995 -2.59171
1.80846 -3.52053 -2.64933
1.76893 -3.54169 -2.65004
1.72501 -3.56558 -2.64347
1.68703 -3.58564 -2.65568
1.64299 -3.60933 -2.64802
1.60518 -3.62787 -2.68557
1.56832 -3.64413 -2.72631
1.53196 -3.65797 -2.77788
1.4956 -3.67357 -2.73613
1.44968 -3.69315 -2.73851
1.41945 -3.7055 -2.75387
1.38493 -3.71882 -2.77334
1.33831 -3.73671 -2.77531
1.29146 -3.75407 -2.78667
1.24455 -3.77123 -2.7908
1.1973 -3.78655 -2.82811
1.15662 -3.79731 -2.88298
1.11501 -3.80849 -2.87908
1.07078 -3.8198 -2.89123
1.03314 -3.82995 -2.87836
0.992336 -3.83821 -2.94172
0.956912 -3.84514 -2.94859
0.91471 -3.852 -2.98037
0.879988 -3.85754 -2.9834
0.830808 -3.86656 -2.96025
0.788526 -3.87423 -2.96218
0.740063 -3.88207 -2.98115
0.691033 -3.88932 -2.99471
0.642166 -3.8953 -3.01976
0.59717 -3.90015 -3.03434
0.547892 -3.90678 -3.00781
0.499487 -3.91314 -3.01088
0.457464 -3.91702 -3.04957
0.413164 -3.92146 -3.0418
0.370697 -3.92652 -3.02292
0.324192 -3.93186 -3.02723
0.276907 -3.93683 -3.03704
0.227621 -3.94369 -3.00317
0.17951 -3.94948 -3.02183
0.133263 -3.95475 -3.02816
0.0834172 -3.95864 -3.06366
0.0335891 -3.96052 -3.10385
-0.0163956 -3.96169 -3.11827
-0.0662666 -3.96237 -3.12799
-0.113143 -3.96257 -3.13728
-0.160748 -3.96354 -3.12126
-0.210405 -3.96523 -3.1076
-0.260091 -3.96859 -3.074
-0.30801 -3.97233 -3.06362
-0.357901 -3.97483 -3.09169
-0.40775 -3.97656 -3.1068
-0.445042 -3.97584 -3.161
-0.488429 -3.97296 3.07529
-0.538147 -3.96802 3.0427
-0.581742 -3.96306 3.02826
-0.626327 -3.95659 2.99755
-0.675849 -3.94982 3.0056
-0.71112 -3.94361 2.96738
-0.758038 -3.93634 2.98793
-0.806682 -3.92935 2.99869
-0.854786 -3.92004 2.95051
-0.9037 -3.91248 2.98824
-0.951486 -3.90632 3.01347
-0.996153 -3.90143 3.03255
-1.04555 -3.89479 3.00789
-1.09461 -3.88625 2.96934
-1.14356 -3.8777 2.96856
-1.18213 -3.87114 2.97306
-1.22656 -3.86422 2.9872
-1.26413 -3.85509 2.9032
-1.31183 -3.84411 2.91539
-1.35838 -3.83393 2.92619
-1.4055 -3.82304 2.91458
-1.44074 -3.81498 2.91663
-1.48823 -3.80171 2.86915
-1.52895 -3.79074 2.87834
-1.57326 -3.77804 2.86254
-1.62092 -3.76304 2.83667
-1.66665 -3.75057 2.87544
-1.71436 -3.73798 2.88355
-1.75944 -3.72613 2.88454
-1.80797 -3.71428 2.90205
-1.85597 -3.70137 2.87893
-1.90373 -3.68953 2.8985
-1.9516 -3.67522 2.85123
-1.99888 -3.66063 2.84216
-2.04566 -3.64483 2.81597
-2.07514 -3.63519 2.82559
-2.11119 -3.62376 2.83445
-2.13961 -3.61575 2.86678
-2.18771 -3.60229 2.86888
-2.23391 -3.59012 2.884
-2.26758 -3.58101 2.87741
-2.30793 -3.57042 2.88478
-2.34711 -3.5602 2.88661
-2.39378 -3.54645 2.85495
-2.43003 -3.5358 2.8558
-2.47227 -3.52253 2.8372
-2.50032 -3.51374 2.8379
-2.53638 -3.50229 2.83418
-2.58144 -3.48947 2.86445
-2.61668 -3.47935 2.86192
-2.65556 -3.46885 2.87787
-2.68252 -3.4613 2.86858
-2.6982 -3.4573 2.89162
-2.72278 -3.45084 2.88458
-2.75637 -3.4414 2.86756
-2.77852 -3.43464 2.8456
-2.81803 -3.42416 2.88223
-2.85953 -3.41227 2.86253
-2.89707 -3.40067 2.84201
-2.93966 -3.38764 2.84457
-2.97598 -3.37649 2.84386
-3.01296 -3.3648 2.83538
-3.03617 -3.3562 2.78684
-3.06642 -3.34482 2.7817
-3.11128 -3.3287 2.79659
-3.15611 -3.31412 2.82714
-3.18908 -3.30477 2.86521
-3.23336 -3.29328 2.88788
-3.27169 -3.28233 2.86327
-3.31227 -3.26966 2.8389
-3.33405 -3.26204 2.80505
-3.36815 -3.24819 2.75575
-3.40652 -3.23314 2.7678
-3.43473 -3.22274 2.78845
-3.45606 -3.21461 2.7776
-3.48698 -3.20354 2.79758
-3.51016 -3.19459 2.77335
-3.54365 -3.18099 2.75586
-3.56219 -3.1748 2.81954
-3.57833 -3.16898 2.79552
-3.60382 -3.16005 2.80435
-3.62183 -3.1532 2.77835
-3.63458 -3.14869 2.80138
-3.64391 -3.14531 2.79466
-3.65573 -3.14113 2.80148
-3.67162 -3.13512 2.78009
-3.68773 -3.12929 2.79409
-3.70683 -3.12341 2.84303
-3.7234 -3.1185 2.85324
-3.75339 -3.1101 2.86852
-3.79471 -3.09817 2.86062
-3.82815 -3.0894 2.88507
-3.85255 -3.0827 2.87381
-3.88035 -3.07439 2.85111
-3.90284 -3.06777 2.85504
-3.9093 -3.06574 2.83747
-3.913 -3.06464 2.85246
-3.92888 -3.0597 2.83977
-3.94322 -3.05499 2.8243
-3.95678 -3.05032 2.8098
-3.98094 -3.04334 2.86052
-3.99336 -3.04001 2.87945
-4.01467 -3.03465 2.8953
-4.01963 -3.03345 2.90369
-4.03301 -3.02953 2.85715
-4.06046 -3.02155 2.8585
-4.07663 -3.01664 2.84705
-4.08942 -3.0126 2.8356
-4.10011 -3.00924 2.83723
-4.10559 -3.00762 2.85366
-4.11247 -3.00555 2.8497
-4.13451 -3.00055 2.91826
-4.13286 -3.00088 2.94285
-4.14661 -2.99883 2.99357
-4.14654 -2.99884 3.00042
-4.15994 -2.99699 3.00418
-4.16195 -2.99677 3.03241
-4.17537 -2.99538 3.03879
-4.17582 -2.99534 3.04032
-4.18335 -2.99473 3.06076
-4.19097 -2.99407 3.05597
-4.19648 -2.99374 3.08121
-4.20471 -2.99349 3.11181
True
0.184833
