4.48642 -0.000228746 -3.12475
4.46752 -0.00049435 -3.12754
4.45177 -0.000655351 -3.13137
4.43837 -0.000665151 -3.14086
4.42408 -0.000906252 -3.12472
4.41752 -0.000929154 -3.1381
4.40088 -0.00115196 -3.1282
4.37824 -0.00217425 -3.09647
4.36078 -0.0028466 -3.10309
4.35296 -0.00307204 -3.11278
4.34399 -0.00315476 -3.13237
4.33429 -0.00265228 -3.19337
4.31305 0.00043978 2.99709
4.30408 0.00221143 2.9464
4.29102 0.00530359 2.90916
4.27532 0.00926579 2.89436
4.27205 0.0102201 2.85807
4.2637 0.0127623 2.84605
4.24679 0.017344 2.87696
4.23318 0.0215121 2.84447
4.2256 0.0234732 2.88828
4.21771 0.025633 2.87457
4.21122 0.027542 2.85532
4.19949 0.0310173 2.85351
4.19256 0.0329801 2.86559
4.18789 0.0338365 2.96043
4.17695 0.0350975 3.02686
4.16902 0.0357288 3.06208
4.16961 0.0356833 3.06374
4.16158 0.0358346 3.12274
4.14392 0.0356746 3.15065
4.11514 0.0345874 -3.10384
4.1072 0.0338538 -3.04944
4.1026 0.0334235 -3.0483
4.09206 0.032113 -3.01799
4.09602 0.0326483 -3.00732
4.09133 0.0318673 -2.97649
4.08064 0.0300248 -2.97092
4.06861 0.0274475 -2.93054
4.04615 0.0214442 -2.88036
4.04211 0.0202486 -2.85424
4.02966 0.0162874 -2.83357
4.02446 0.0145141 -2.81261
4.01179 0.00869662 -2.71117
3.99665 0.0011177 -2.67762
3.99258 -0.00105131 -2.65127
3.98981 -0.00265837 -2.61634
3.97176 -0.0158814 -2.50947
3.96589 -0.0212773 -2.39826
3.95422 -0.0332936 -2.34138
3.94865 -0.0397231 -2.28486
3.93808 -0.0530535 -2.24122
3.93146 -0.0622153 -2.19665
3.92745 -0.068588 -2.13178
3.91201 -0.0970631 -2.06767
3.90458 -0.111418 -2.04845
3.89743 -0.129033 -1.95645
3.8807 -0.174516 -1.92336
3.88047 -0.175097 -1.94458
3.8785 -0.1798 -1.96744
3.87779 -0.181685 -1.93218
3.87536 -0.188297 -1.92256
3.87137 -0.200688 -1.88239
3.86406 -0.231893 -1.80094
3.85563 -0.271312 -1.78152
3.85563 -0.271312 -1.78152
3.85206 -0.28482 -1.82852
3.85229 -0.284005 -1.83511
3.85379 -0.277323 -1.79161
3.85362 -0.27837 -1.72626
3.85339 -0.279797 -1.73042
3.85208 -0.287417 -1.74083
3.85214 -0.286944 -1.6905
3.85001 -0.304926 -1.68862
3.84884 -0.326543 -1.62503
3.84794 -0.348041 -1.61267
3.84825 -0.378938 -1.56054
3.84819 -0.417184 -1.5726
3.84899 -0.45458 -1.54923
3.84846 -0.504022 -1.58156
3.8467 -0.544807 -1.61382
3.84544 -0.568558 -1.62383
3.84442 -0.60519 -1.59883
3.84445 -0.646843 -1.57003
3.84529 -0.680567 -1.54589
3.84362 -0.730538 -1.60425
3.84105 -0.780369 -1.62215
3.83712 -0.822786 -1.66335
3.8342 -0.852644 -1.66828
3.83137 -0.885432 -1.65675
3.82649 -0.934988 -1.66897
3.82317 -0.964785 -1.68194
3.8175 -1.01329 -1.68697
3.81389 -1.04627 -1.68011
3.80545 -1.08856 -1.7678
3.79508 -1.13591 -1.78634
3.78584 -1.17279 -1.81625
3.77506 -1.21707 -1.80961
3.76335 -1.26098 -1.83137
3.75506 -1.29474 -1.81146
3.74524 -1.33164 -1.83105
3.73811 -1.36034 -1.81426
3.72835 -1.40066 -1.80836
3.71698 -1.44219 -1.83787
3.70478 -1.48875 -1.8271
3.69408 -1.52776 -1.83861
3.68609 -1.55852 -1.82484
3.67612 -1.59096 -1.86905
3.66156 -1.63332 -1.90178
3.64681 -1.67276 -1.92875
3.62782 -1.715 -1.99329
3.60844 -1.75367 -2.03533
3.5867 -1.79624 -2.04288
3.57326 -1.8226 -2.04267
3.5537 -1.8598 -2.0548
3.52984 -1.90361 -2.0694
3.50908 -1.9409 -2.079
3.48442 -1.97865 -2.14924
3.4578 -2.01991 -2.14385
3.43424 -2.05958 -2.10666
3.41164 -2.09854 -2.09648
3.38542 -2.14111 -2.12292
3.36195 -2.18087 -2.10386
3.33607 -2.22146 -2.13848
3.31308 -2.25356 -2.19232
3.28831 -2.28422 -2.25036
3.25942 -2.32359 -2.20392
3.23256 -2.35761 -2.23893
3.21492 -2.37896 -2.26147
3.19062 -2.40783 -2.27052
3.15874 -2.44466 -2.28421
3.12487 -2.48125 -2.3176
3.09884 -2.50781 -2.34614
3.06745 -2.53927 -2.35518
3.03331 -2.57416 -2.34512
3.00855 -2.59873 -2.36027
2.98412 -2.62423 -2.33479
2.94927 -2.65971 -2.34717
2.91431 -2.69352 -2.37291
2.8865 -2.72004 -2.37993
2.8536 -2.75208 -2.36951
2.82229 -2.78189 -2.38061
2.78775 -2.8147 -2.38197
2.75376 -2.84684 -2.38412
2.71537 -2.87866 -2.44957
2.6765 -2.90985 -2.4654
2.64028 -2.9379 -2.48253
2.60375 -2.96733 -2.46347
2.56362 -2.99715 -2.5026
2.53267 -3.0203 -2.4993
2.49339 -3.0486 -2.51722
2.46554 -3.0676 -2.54301
2.432 -3.091 -2.53238
2.39246 -3.11743 -2.55238
2.35268 -3.14488 -2.53748
2.31124 -3.17236 -2.55615
2.2697 -3.20018 -2.55133
2.22841 -3.2266 -2.57254
2.191 -3.2513 -2.558
2.16431 -3.26906 -2.55437
2.12305 -3.29543 -2.57293
2.085 -3.32191 -2.53356
2.05222 -3.34305 -2.56883
2.01293 -3.37119 -2.52011
1.97108 -3.39856 -2.56237
1.93922 -3.41755 -2.60401
1.90027 -3.44145 -2.5914
1.86656 -3.46065 -2.6238
1.84262 -3.47445 -2.6186
1.79943 -3.49943 -2.61722
1.75591 -3.5221 -2.66145
1.71353 -3.54495 -2.64702
1.66944 -3.56681 -2.68134
1.63565 -3.58245 -2.70809
1.58967 -3.6021 -2.73769
1.54636 -3.61953 -2.75898
1.50755 -3.63427 -2.77861
1.46426 -3.64939 -2.80559
1.43136 -3.66242 -2.76447
1.38525 -3.68036 -2.77049
1.34006 -3.70035 -2.72524
1.29459 -3.72111 -2.71321
1.25048 -3.74236 -2.69262
1.20465 -3.76228 -2.7316
1.15823 -3.78077 -2.76254
1.12771 -3.79433 -2.72348
1.08115 -3.81147 -2.78901
1.04053 -3.82493 -2.8215
0.995026 -3.84124 -2.79747
0.954029 -3.85684 -2.77786
0.906855 -3.87309 -2.80997
0.859349 -3.88857 -2.82657
0.816433 -3.90199 -2.8385
0.768498 -3.91621 -2.85318
0.720599 -3.92936 -2.87378
0.675067 -3.94019 -2.90808
0.648572 -3.94686 -2.89479
0.606936 -3.95546 -2.93802
0.560185 -3.96461 -2.94833
0.515259 -3.9726 -2.96557
0.468526 -3.98064 -2.97108
0.420032 -3.9879 -2.99301
0.371215 -3.9968 -2.9612
0.324688 -4.00352 -2.99826
0.275187 -4.01034 -3.00465
0.225284 -4.01343 -3.07972
0.17557 -4.01542 -3.10156
0.132506 -4.01806 -3.08034
0.0941401 -4.01855 -3.129
0.0442166 -4.01943 -3.12391
-0.00573889 -4.02103 -3.10953
-0.0557363 -4.02061 -3.14997
-0.105727 -4.0215 3.15938
-0.147876 -4.02226 -3.12364
-0.193236 -4.02182 -3.15134
-0.225501 -4.0218 3.14115
-0.269739 -4.02115 3.12679
-0.318462 -4.01842 3.08556
-0.358339 -4.01517 3.06045
-0.40695 -4.01012 3.03806
-0.4455 -4.00603 3.03586
-0.490837 -4.00005 3.01042
-0.539897 -3.9905 2.94926
-0.581947 -3.98202 2.94275
-0.620841 -3.97464 2.95402
-0.669873 -3.9651 2.94947
-0.715945 -3.95334 2.89164
-0.763734 -3.93882 2.84664
-0.806782 -3.92652 2.86326
-0.850931 -3.9138 2.86111
-0.885851 -3.90384 2.8637
-0.922794 -3.89378 2.87578
-0.962962 -3.88086 2.83033
-1.00971 -3.86636 2.84083
-1.05745 -3.85147 2.83934
-1.10537 -3.83833 2.87396
-1.14819 -3.82569 2.85452
-1.17752 -3.81571 2.81355
-1.22481 -3.7995 2.81142
-1.27041 -3.78236 2.78202
-1.31357 -3.76658 2.79115
-1.34804 -3.75377 2.78571
-1.39466 -3.73572 2.77211
-1.43948 -3.71703 2.74667
-1.48023 -3.69815 2.70766
-1.52615 -3.67836 2.73466
-1.55942 -3.6611 2.6631
-1.60291 -3.64094 2.70744
-1.64872 -3.6209 2.72916
-1.6925 -3.60295 2.75259
-1.73877 -3.58441 2.76052
-1.77524 -3.56737 2.70446
-1.82 -3.54623 2.7003
-1.85068 -3.53092 2.67877
-1.88741 -3.51328 2.69379
-1.92788 -3.49509 2.71921
-1.97323 -3.47413 2.70875
-2.01413 -3.45296 2.66396
-2.05192 -3.43299 2.65544
-2.08869 -3.41168 2.61632
-2.12969 -3.38586 2.57957
-2.1703 -3.36162 2.6034
-2.2102 -3.33904 2.62663
-2.25437 -3.31565 2.65463
-2.29135 -3.29331 2.59819
-2.33262 -3.26508 2.54166
-2.37255 -3.23608 2.5134
-2.40385 -3.21382 2.52345
-2.44383 -3.18628 2.53831
-2.48554 -3.159 2.56242
-2.52804 -3.13266 2.58685
-2.56348 -3.10878 2.54856
-2.60396 -3.07943 2.51421
-2.64076 -3.05149 2.49222
-2.67899 -3.02346 2.50908
-2.71786 -2.99201 2.46126
-2.75492 -2.96148 2.45249
-2.79218 -2.92992 2.43892
-2.83006 -2.8976 2.43509
-2.86763 -2.86539 2.4329
-2.89848 -2.83544 2.37105
-2.92311 -2.81324 2.40807
-2.95281 -2.78598 2.39899
-2.9879 -2.75517 2.42086
-3.01808 -2.7241 2.34184
-3.04663 -2.69748 2.39127
-3.08112 -2.6614 2.33353
-3.11738 -2.627 2.38252
-3.13208 -2.61247 2.36193
-3.15974 -2.58365 2.33564
-3.19366 -2.54886 2.34361
-3.22721 -2.5122 2.31192
-3.25374 -2.48256 2.30097
-3.28623 -2.44594 2.29633
-3.31741 -2.41044 2.29152
-3.34377 -2.37916 2.27111
-3.37248 -2.34153 2.22263
-3.39595 -2.31414 2.27903
-3.42637 -2.27679 2.25431
-3.45845 -2.23857 2.26914
-3.48388 -2.20811 2.26643
-3.51167 -2.17512 2.27093
-3.54135 -2.13617 2.22193
-3.56675 -2.09949 2.17631
-3.59454 -2.05798 2.16091
-3.62228 -2.01661 2.16134
-3.64863 -1.97671 2.15453
-3.6733 -1.93904 2.15056
-3.69439 -1.90597 2.1386
-3.71094 -1.87701 2.08987
-3.72863 -1.84654 2.09678
-3.74881 -1.80916 2.06582
-3.76733 -1.77464 2.0632
-3.7829 -1.74261 2.02332
-3.79663 -1.71257 1.9995
-3.81108 -1.67935 1.98118
-3.8229 -1.65322 1.99541
-3.84007 -1.61696 2.013
-3.85314 -1.58707 1.98303
-3.86469 -1.5635 2.02639
-3.87188 -1.54879 2.0253
-3.87564 -1.54139 2.0423
-3.88279 -1.52649 2.01776
-3.88877 -1.51396 2.0161
-3.89318 -1.50465 2.01329
-3.91437 -1.46224 2.03417
-3.92828 -1.43607 2.05933
-3.93933 -1.41313 2.01995
-3.9518 -1.38877 2.04359
-3.96942 -1.35315 2.03021
-3.98727 -1.31829 2.04407
-4.00238 -1.29041 2.06747
-4.00786 -1.28013 2.0604
-4.02057 -1.2557 2.0507
-4.03076 -1.2368 2.06498
-4.04399 -1.21333 2.08412
-4.06066 -1.18362 2.08226
-4.07403 -1.15795 2.0509
-4.08598 -1.13619 2.07295
-4.09567 -1.11824 2.06559
-4.10627 -1.09812 2.05593
-4.11386 -1.08214 2.01427
-4.11763 -1.07329 1.97326
-4.12514 -1.05517 1.96381
-4.13646 -1.02893 1.97809
-4.14872 -0.999185 1.96174
-4.16437 -0.96281 1.97703
-4.1799 -0.923724 1.94903
-4.19369 -0.887046 1.9305
-4.20778 -0.848754 1.9233
-4.2174 -0.822214 1.91856
-4.22759 -0.793168 1.90816
-4.23601 -0.767078 1.88301
-4.24378 -0.741023 1.86051
-4.2461 -0.732015 1.82345
-4.24988 -0.715997 1.80249
-4.25327 -0.704296 1.85269
-4.25811 -0.685449 1.82199
-4.26013 -0.678949 1.87288
-4.26352 -0.668129 1.87444
-4.26544 -0.662122 1.88004
-4.26935 -0.649686 1.87533
-4.27543 -0.625319 1.81528
-4.2793 -0.606514 1.77397
-4.28331 -0.581427 1.72912
-4.28682 -0.559848 1.73181
-4.29091 -0.536462 1.74431
-4.29288 -0.526089 1.75771
-4.29337 -0.523643 1.77012
-4.29355 -0.522787 1.77474
-4.29838 -0.499156 1.77256
-4.30103 -0.483462 1.73825
-4.30183 -0.478759 1.73929
-4.30299 -0.473076 1.77146
-4.30703 -0.457399 1.82341
-4.31183 -0.444527 1.9271
-4.31494 -0.436925 1.95934
-4.31803 -0.429324 1.95756
-4.32228 -0.419437 1.97645
-4.32824 -0.403735 1.93379
-4.32882 -0.402339 1.95982
-4.3338 -0.390156 1.95878
-4.33556 -0.385163 1.91097
-4.33902 -0.37575 1.9228
-4.34338 -0.363596 1.91522
-4.34698 -0.354238 1.9379
-4.34863 -0.350192 1.95872
-4.35042 -0.346031 1.97667
-4.35369 -0.338443 1.97754
-4.36015 -0.323684 1.98325
-4.36485 -0.310709 1.91845
True
0.150356
