-5.46709 -0.40125 -0.00509383
-5.44031 -0.399575 0.0624623
-5.40217 -0.399465 0.0028832
-5.37065 -0.399032 0.0137367
-5.3226 -0.400287 -0.026117
-5.27687 -0.400784 -0.0108768
-5.23 -0.402357 -0.0335379
-5.18844 -0.403517 -0.0279069
-5.14942 -0.404691 -0.030089
-5.10146 -0.405149 -0.00953812
-5.05696 -0.404502 0.0145333
-5.0088 -0.4033 0.0249544
-4.96365 -0.40248 0.0181608
-4.91392 -0.402536 -0.00112491
-4.87119 -0.402806 -0.00631359
-4.82335 -0.40434 -0.0320571
-4.77478 -0.406596 -0.0464126
-4.72547 -0.407329 -0.0148757
-4.67551 -0.406291 0.0207772
-4.62571 -0.405966 0.00653053
-4.57867 -0.405609 0.00758336
-4.52876 -0.40463 0.0196172
-4.47907 -0.403064 0.0315097
-4.43411 -0.403497 -0.00964216
-4.39744 -0.403864 -0.00999743
-4.34757 -0.405666 -0.0361266
-4.29787 -0.40588 -0.00430512
-4.2563 -0.404889 0.0238476
-4.20727 -0.404508 0.00776428
-4.15812 -0.404759 -0.00511739
-4.10839 -0.405257 -0.00999979
-4.06277 -0.406244 -0.0216283
-4.02052 -0.40452 0.0407666
-3.97054 -0.403257 0.0252721
-3.93467 -0.399444 0.105882
-3.88487 -0.397064 0.0477548
-3.83977 -0.392866 0.0928256
-3.79081 -0.385597 0.147399
-3.74153 -0.379807 0.116944
-3.69767 -0.373673 0.138936
-3.65293 -0.368068 0.124649
-3.6063 -0.361272 0.144724
-3.55887 -0.353771 0.156864
-3.5172 -0.347567 0.147785
-3.47324 -0.340971 0.148919
-3.42665 -0.332241 0.185254
-3.38884 -0.324663 0.19781
-3.34186 -0.316545 0.171076
-3.29537 -0.309147 0.15782
-3.25117 -0.299483 0.215273
-3.2029 -0.290317 0.187663
-3.16425 -0.282428 0.201328
-3.13299 -0.278041 0.13943
-3.08434 -0.273339 0.0963497
-3.04347 -0.268263 0.123559
-2.99591 -0.262291 0.124924
-2.94963 -0.254574 0.165234
-2.91447 -0.248358 0.174961
-2.86538 -0.242141 0.125975
-2.83346 -0.237712 0.137881
-2.78468 -0.230747 0.141811
-2.7424 -0.225245 0.129418
-2.69822 -0.220301 0.111442
-2.65006 -0.214458 0.120746
-2.60425 -0.208241 0.134877
-2.55501 -0.200998 0.146044
-2.51367 -0.197483 0.0848209
-2.47481 -0.193757 0.0955843
-2.43589 -0.188974 0.122298
-2.38672 -0.179994 0.180632
-2.3388 -0.17035 0.198571
-2.29246 -0.160852 0.202181
-2.2467 -0.153147 0.166846
-2.20081 -0.145409 0.167019
-2.15915 -0.139978 0.12964
-2.1162 -0.133247 0.155468
-2.06663 -0.126808 0.129158
-2.01882 -0.120396 0.133324
-1.97643 -0.115562 0.113551
-1.92676 -0.110431 0.102945
-1.87713 -0.104484 0.119232
-1.82764 -0.0986397 0.117569
-1.7801 -0.0946847 0.0829949
-1.73054 -0.0918383 0.0573749
-1.68148 -0.0909213 0.0186877
-1.63314 -0.0896463 0.026368
-1.58714 -0.088529 0.0242872
-1.53956 -0.0853279 0.0671757
-1.4917 -0.0825889 0.0571714
-1.45331 -0.0806048 0.0516241
-1.40501 -0.0767211 0.0802355
-1.36669 -0.0748887 0.0477887
-1.32544 -0.0735317 0.0328817
-1.27776 -0.0736843 -0.00320244
-1.22854 -0.072685 0.0203013
-1.18843 -0.0735955 -0.0226961
-1.15201 -0.075136 -0.0422779
-1.11041 -0.0791777 -0.0968476
-1.07755 -0.07958 -0.0122423
-1.02869 -0.0803051 -0.014841
-0.982355 -0.0820636 -0.0379314
-0.932365 -0.0814374 0.0125254
-0.883156 -0.082541 -0.0224223
-0.833249 -0.0847689 -0.0446119
-0.784276 -0.0877662 -0.0611267
-0.751876 -0.0905475 -0.0856338
-0.72006 -0.0934477 -0.0909016
-0.676027 -0.0964345 -0.067728
-0.627358 -0.101774 -0.109279
-0.579722 -0.106137 -0.0913404
-0.530227 -0.11297 -0.137175
-0.489836 -0.117515 -0.112052
-0.44084 -0.124068 -0.132966
-0.393499 -0.128684 -0.0971851
-0.351243 -0.134034 -0.125954
-0.301441 -0.13766 -0.0726738
-0.251523 -0.140524 -0.0573213
-0.204294 -0.144007 -0.0735979
-0.157866 -0.149412 -0.115897
-0.116862 -0.151421 -0.0489648
-0.0802883 -0.152694 -0.0347871
-0.0377313 -0.155933 -0.0759729
0.0110352 -0.160217 -0.0876155
0.0503431 -0.164495 -0.108397
0.0995008 -0.173028 -0.17188
0.148422 -0.180599 -0.153532
0.197789 -0.18822 -0.15318
0.246814 -0.190703 -0.0506056
0.291725 -0.193663 -0.0658086
0.341304 -0.194673 -0.020356
0.382784 -0.196666 -0.0480128
0.430928 -0.198908 -0.0465326
0.479139 -0.200556 -0.0341764
0.527258 -0.201102 -0.0113584
0.571916 -0.202117 -0.0227128
0.621737 -0.205599 -0.0697789
0.669458 -0.208614 -0.0630885
0.718413 -0.210246 -0.0333249
0.766462 -0.212149 -0.0395954
0.806654 -0.215569 -0.0848782
0.840798 -0.218035 -0.0721018
0.890469 -0.223409 -0.10778
0.938663 -0.225952 -0.0527013
0.986008 -0.226065 -0.00238367
1.03024 -0.228082 -0.0455899
1.07936 -0.230996 -0.0592397
1.12916 -0.232806 -0.0363269
1.17053 -0.234141 -0.0322777
1.22006 -0.234795 -0.0132042
1.26598 -0.233941 0.0185925
1.31024 -0.233356 0.0132262
1.3602 -0.232453 0.0180742
1.40893 -0.230772 0.0344894
1.45853 -0.230896 -0.0025026
1.50432 -0.232974 -0.0453404
1.54893 -0.233204 -0.00516376
1.58756 -0.233723 -0.0134364
1.63608 -0.237219 -0.071929
1.68598 -0.240286 -0.0613988
1.73573 -0.242777 -0.0500144
1.78368 -0.246177 -0.070788
1.83319 -0.249581 -0.0686412
1.86961 -0.254038 -0.121804
1.91488 -0.258817 -0.105168
1.96473 -0.262628 -0.0763006
2.01301 -0.265148 -0.0521533
2.06234 -0.267229 -0.0421599
2.10257 -0.269189 -0.0486932
2.15035 -0.270111 -0.0192887
2.19371 -0.271036 -0.0213204
2.24106 -0.272255 -0.0257432
2.28256 -0.275173 -0.0701791
2.32677 -0.275188 -0.000357971
2.37535 -0.276401 -0.02496
2.42507 -0.275325 0.0216514
2.4726 -0.274879 0.00937126
2.52208 -0.273684 0.0241501
2.57123 -0.274623 -0.0191055
2.61425 -0.275641 -0.0236554
2.66353 -0.275067 0.0116426
2.70768 -0.275813 -0.0168992
2.73797 -0.277937 -0.0699885
2.78788 -0.280227 -0.0458411
2.83639 -0.28198 -0.0361295
2.87744 -0.28487 -0.0703008
2.91909 -0.291239 -0.151738
2.96502 -0.294714 -0.0755195
3.00046 -0.298647 -0.110486
3.05014 -0.303582 -0.0990124
3.0904 -0.307723 -0.102502
3.13948 -0.312281 -0.0926095
3.18937 -0.315514 -0.0647123
3.23197 -0.318612 -0.0725961
3.28033 -0.319629 -0.0210189
3.30278 -0.320147 -0.0230577
3.33343 -0.321263 -0.036384
3.38238 -0.323994 -0.0557325
3.42123 -0.326186 -0.0563981
3.45931 -0.328548 -0.0619471
3.5064 -0.33082 -0.0481901
3.55635 -0.332708 -0.0377892
3.60268 -0.334043 -0.028805
3.64718 -0.335573 -0.0343715
3.69549 -0.337639 -0.0427249
3.73505 -0.339671 -0.0513241
3.75966 -0.340875 -0.0488808
3.79148 -0.342675 -0.0565041
3.83195 -0.344018 -0.0331886
3.85147 -0.344877 -0.0439787
3.88013 -0.346561 -0.0586731
3.91861 -0.348306 -0.0453233
3.94467 -0.348445 -0.00535403
3.96746 -0.348552 -0.00467878
4.00939 -0.345767 0.0663286
4.05051 -0.341333 0.107419
4.09535 -0.335364 0.132318
4.13941 -0.330849 0.102131
4.18453 -0.329441 0.0311957
4.22769 -0.329294 0.00341613
4.27319 -0.330104 -0.0177954
4.31499 -0.333724 -0.0864082
4.35529 -0.337747 -0.0994907
4.38496 -0.340477 -0.0917723
4.39918 -0.342209 -0.121081
4.41533 -0.343872 -0.102679
4.42894 -0.345032 -0.0850506
4.44571 -0.346291 -0.0748926
4.46036 -0.347511 -0.0831282
4.46636 -0.347878 -0.0610599
4.47217 -0.347983 -0.0179459
4.4948 -0.348655 -0.0297187
4.50711 -0.348816 -0.013074
4.51468 -0.349192 -0.0495617
4.52483 -0.350365 -0.114992
4.53192 -0.351442 -0.150913
4.5373 -0.352254 -0.149809
4.54565 -0.353505 -0.148701
4.57613 -0.356923 -0.111651
4.58823 -0.357674 -0.0620469
4.62047 -0.359855 -0.0675306
4.64831 -0.362636 -0.099575
4.68992 -0.366395 -0.0900964
4.71571 -0.369166 -0.107028
4.73326 -0.370845 -0.0954065
4.75461 -0.372504 -0.0775242
4.7681 -0.373346 -0.0623236
4.78299 -0.374422 -0.0721831
4.79733 -0.375979 -0.108133
4.81285 -0.377257 -0.0821137
4.82367 -0.37764 -0.0353788
4.83785 -0.377957 -0.0223474
4.8445 -0.378091 -0.0201634
4.85938 -0.378063 0.00187197
4.87347 -0.377677 0.0274021
4.88684 -0.377626 0.00380876
4.89728 -0.377173 0.0433959
4.91191 -0.376196 0.0666124
4.93436 -0.375028 0.0519878
4.94665 -0.37452 0.04135
4.94803 -0.374465 0.03952
4.94894 -0.374441 0.0263542
4.96901 -0.374236 0.0102122
4.99036 -0.374244 -0.000359044
5.00875 -0.374452 -0.0113006
5.01797 -0.374137 0.0341015
5.0273 -0.373579 0.0597363
5.06014 -0.371542 0.0619494
5.08196 -0.37115 0.0179565
5.09494 -0.370935 0.0165376
5.11188 -0.37058 0.0209388
5.12081 -0.370476 0.0117521
5.13367 -0.370574 -0.00762122
5.14235 -0.37058 -0.000795923
5.14466 -0.370566 0.00603915
5.1574 -0.37055 0.00132453
5.15922 -0.370583 -0.0185289
5.17003 -0.370963 -0.0350677
5.1938 -0.371403 -0.018501
5.20005 -0.371435 -0.00512259
5.21694 -0.371594 -0.00946788
True
0.0661169
