-5.45531 1.28914 -0.464879
-5.42811 1.27707 -0.417814
-5.38382 1.25943 -0.379007
-5.3479 1.2456 -0.367585
-5.30855 1.23141 -0.346071
-5.26673 1.21575 -0.358125
-5.22845 1.20164 -0.353278
-5.18207 1.18418 -0.359989
-5.13559 1.1693 -0.30977
-5.08758 1.15549 -0.280261
-5.04128 1.14103 -0.302692
-4.99409 1.1282 -0.265265
-4.95266 1.11662 -0.272563
-4.90566 1.10124 -0.316333
-4.86052 1.08795 -0.286336
-4.81883 1.07361 -0.331242
-4.77206 1.05709 -0.339536
-4.72507 1.04085 -0.332902
-4.6778 1.02502 -0.323092
-4.64082 1.01213 -0.335359
-4.59422 0.994056 -0.369963
-4.55063 0.977401 -0.364985
-4.50723 0.959925 -0.382834
-4.4634 0.940521 -0.416735
-4.41866 0.920469 -0.421351
-4.37282 0.900666 -0.407809
-4.327 0.881431 -0.397464
-4.28842 0.863445 -0.436191
-4.24245 0.844006 -0.40007
-4.19597 0.825646 -0.376178
-4.1557 0.808136 -0.410239
-4.11072 0.789117 -0.399978
-4.06824 0.771133 -0.400515
-4.02301 0.749871 -0.439434
-3.97744 0.730072 -0.409856
-3.93547 0.713544 -0.375103
-3.89138 0.694495 -0.407886
-3.85212 0.677082 -0.41741
-3.82301 0.663419 -0.438798
-3.7779 0.642955 -0.425906
-3.74077 0.625084 -0.44866
-3.69615 0.604936 -0.42412
-3.65171 0.585491 -0.412417
-3.60585 0.56567 -0.408002
-3.55882 0.548717 -0.345955
-3.51273 0.529342 -0.397954
-3.46746 0.508411 -0.43304
-3.42145 0.48883 -0.402394
-3.37993 0.468073 -0.46355
-3.33539 0.447623 -0.430454
-3.29664 0.431626 -0.391528
-3.25181 0.41122 -0.427145
-3.20736 0.391929 -0.409434
-3.16347 0.369519 -0.47215
-3.12003 0.347064 -0.4771
-3.07474 0.326021 -0.434905
-3.03753 0.309497 -0.417922
-2.99704 0.290774 -0.433143
-2.95906 0.272357 -0.451512
-2.91989 0.25278 -0.463432
-2.87992 0.232592 -0.467768
-2.83673 0.207619 -0.524211
-2.7927 0.185643 -0.462956
-2.75686 0.166277 -0.495413
-2.71752 0.143668 -0.521631
-2.67481 0.117717 -0.545952
-2.63229 0.0929864 -0.52683
-2.58872 0.0687442 -0.507749
-2.54684 0.0456733 -0.503489
-2.51242 0.0284366 -0.464293
-2.46877 0.00449021 -0.501695
-2.42488 -0.0189472 -0.490533
-2.38507 -0.0399359 -0.485222
-2.34716 -0.0610917 -0.50898
-2.30368 -0.0856035 -0.513296
-2.26127 -0.10683 -0.464099
-2.21852 -0.12877 -0.474133
-2.17336 -0.149209 -0.425021
-2.12812 -0.169679 -0.424923
-2.0863 -0.185691 -0.365648
-2.04238 -0.200549 -0.326194
-2.0075 -0.21303 -0.343592
-1.96515 -0.229473 -0.370424
-1.91917 -0.247875 -0.38068
-1.87368 -0.268414 -0.424075
-1.8281 -0.288873 -0.421927
-1.78226 -0.308347 -0.40168
-1.73618 -0.327675 -0.397161
-1.6908 -0.348632 -0.432686
-1.6516 -0.369772 -0.494572
-1.60758 -0.389948 -0.429742
-1.56278 -0.41213 -0.459752
-1.53059 -0.427766 -0.452178
-1.48619 -0.448636 -0.439372
-1.44938 -0.465113 -0.420914
-1.40472 -0.487485 -0.464384
-1.36172 -0.509011 -0.464126
-1.31961 -0.531 -0.481275
-1.27946 -0.554092 -0.521943
-1.23703 -0.576175 -0.47983
-1.20188 -0.594726 -0.485625
-1.17671 -0.60888 -0.512284
-1.13425 -0.631426 -0.488178
-1.09354 -0.655332 -0.530907
-1.05991 -0.675275 -0.535313
-1.02985 -0.692869 -0.529528
-0.985554 -0.715924 -0.479876
-0.942156 -0.738935 -0.487542
-0.898192 -0.760361 -0.453478
-0.853431 -0.779674 -0.407336
-0.80868 -0.797404 -0.377227
-0.774475 -0.811322 -0.386433
-0.729082 -0.828474 -0.361271
-0.683754 -0.848075 -0.408149
-0.638026 -0.868297 -0.416359
-0.594258 -0.88622 -0.388684
-0.550658 -0.903165 -0.370674
-0.510731 -0.916175 -0.314999
-0.465219 -0.934788 -0.388217
-0.423502 -0.951218 -0.375185
-0.392501 -0.961693 -0.325842
-0.351883 -0.975693 -0.331934
-0.304788 -0.992377 -0.340459
-0.259139 -1.00765 -0.322867
-0.21206 -1.02358 -0.326343
-0.167211 -1.03939 -0.338938
-0.120532 -1.05593 -0.340439
-0.0767602 -1.07024 -0.316049
-0.0315795 -1.08388 -0.293137
0.0144076 -1.09843 -0.30651
0.0596622 -1.11107 -0.272236
0.0949108 -1.12152 -0.288371
0.142297 -1.13638 -0.303749
0.185942 -1.15216 -0.347061
0.232118 -1.17054 -0.378788
0.27845 -1.18849 -0.369597
0.322335 -1.20619 -0.383351
0.35813 -1.22105 -0.393516
0.401047 -1.23874 -0.390989
0.447765 -1.25625 -0.358549
0.480316 -1.26963 -0.389985
0.525259 -1.28994 -0.424413
0.568681 -1.31048 -0.441874
0.614441 -1.33037 -0.410075
0.656444 -1.35086 -0.453903
0.69592 -1.36878 -0.426092
0.730577 -1.38473 -0.431268
0.774852 -1.40506 -0.430364
0.820326 -1.42518 -0.416568
0.864707 -1.44683 -0.454006
0.901151 -1.4628 -0.41287
0.945718 -1.48447 -0.452668
0.987066 -1.50548 -0.470021
1.0297 -1.52518 -0.432804
1.07434 -1.54506 -0.419137
1.11732 -1.56291 -0.393624
1.16192 -1.58339 -0.430367
1.2073 -1.60235 -0.395733
1.25168 -1.61941 -0.366974
1.28808 -1.63484 -0.400994
1.3352 -1.65154 -0.340532
1.37516 -1.66652 -0.358737
1.41479 -1.68172 -0.366307
1.45998 -1.69915 -0.368048
1.50664 -1.7171 -0.367283
1.55329 -1.73453 -0.357557
1.59472 -1.74925 -0.341381
1.64215 -1.76508 -0.322122
1.68748 -1.7795 -0.307935
1.73165 -1.79383 -0.313823
1.77888 -1.81015 -0.332686
1.82532 -1.82865 -0.379194
1.87064 -1.84739 -0.391992
1.91446 -1.8656 -0.39395
1.95991 -1.88486 -0.400779
2.00523 -1.90211 -0.363658
2.0494 -1.92127 -0.409267
2.09065 -1.93751 -0.375179
2.13355 -1.95595 -0.405778
2.16954 -1.97228 -0.426093
2.21326 -1.99035 -0.391858
2.25857 -2.00827 -0.376689
2.29441 -2.02219 -0.370281
2.33891 -2.03866 -0.354481
2.38382 -2.05673 -0.382584
2.41957 -2.07422 -0.455114
2.46497 -2.09488 -0.426913
2.5087 -2.1156 -0.442519
2.53977 -2.13017 -0.438512
2.57925 -2.14984 -0.462234
2.61898 -2.17282 -0.524505
2.66019 -2.1939 -0.472695
2.70276 -2.21656 -0.489237
2.74898 -2.23559 -0.39046
2.78559 -2.25159 -0.412217
2.83193 -2.26938 -0.366382
2.874 -2.28655 -0.387483
2.90826 -2.30058 -0.388828
2.95138 -2.31875 -0.398856
2.99785 -2.33718 -0.377455
3.03532 -2.35124 -0.359016
3.07989 -2.37142 -0.425276
3.12537 -2.39219 -0.428295
3.17013 -2.4138 -0.449734
3.20762 -2.43056 -0.420376
3.25385 -2.44883 -0.376496
3.30083 -2.46556 -0.34211
3.33779 -2.47885 -0.345136
3.38479 -2.49591 -0.348197
3.42347 -2.51052 -0.361093
3.46809 -2.52781 -0.369776
3.49648 -2.539 -0.375318
3.52874 -2.55242 -0.394383
3.57252 -2.56765 -0.334616
3.61 -2.58177 -0.36035
3.65363 -2.59816 -0.359335
3.6804 -2.60812 -0.356209
3.71541 -2.62031 -0.335106
3.74873 -2.6335 -0.376918
3.77131 -2.64222 -0.368575
3.81663 -2.66018 -0.377348
3.85942 -2.67813 -0.397127
3.89933 -2.69512 -0.402471
3.93815 -2.71142 -0.39762
3.97606 -2.72836 -0.420061
4.01468 -2.74835 -0.477585
4.04487 -2.76336 -0.461586
4.07521 -2.77756 -0.437622
4.10924 -2.79244 -0.412222
4.1489 -2.8089 -0.39351
4.19001 -2.8272 -0.418791
4.22628 -2.84423 -0.438857
4.24855 -2.85508 -0.453658
4.29027 -2.87457 -0.43688
4.31698 -2.88597 -0.403351
4.34314 -2.89721 -0.405892
4.35222 -2.90113 -0.408124
4.36231 -2.90578 -0.431271
4.38294 -2.91514 -0.426158
4.40097 -2.92224 -0.375258
4.42065 -2.92922 -0.340545
4.43451 -2.93377 -0.317099
4.44801 -2.93843 -0.332222
4.46727 -2.94533 -0.344325
4.49318 -2.95367 -0.311518
4.52021 -2.96126 -0.273664
4.54889 -2.96994 -0.293725
4.58649 -2.98191 -0.308202
4.61796 -2.99251 -0.324837
4.64025 -3.00005 -0.326529
4.67049 -3.01092 -0.34497
4.69353 -3.01913 -0.342304
4.7225 -3.02976 -0.351668
4.73814 -3.03503 -0.325141
4.7594 -3.04156 -0.298141
4.77921 -3.04744 -0.288154
4.79559 -3.05213 -0.278969
4.80347 -3.05473 -0.319398
4.81291 -3.05769 -0.303155
4.82177 -3.06044 -0.3014
4.83933 -3.06599 -0.305873
4.85063 -3.06947 -0.299277
4.86799 -3.07436 -0.274375
4.88442 -3.07869 -0.257896
4.89517 -3.0815 -0.255651
4.91425 -3.08602 -0.232535
4.9279 -3.08921 -0.229326
4.94076 -3.09225 -0.23248
4.95771 -3.09629 -0.233889
4.97299 -3.09985 -0.228665
4.98507 -3.10265 -0.228098
4.99375 -3.10452 -0.21243
5.00764 -3.10714 -0.185886
5.02882 -3.11237 -0.242164
5.0328 -3.11349 -0.274694
5.04737 -3.11757 -0.273173
5.05682 -3.12035 -0.286174
5.06142 -3.12164 -0.272897
5.06691 -3.12312 -0.263689
5.07354 -3.12487 -0.257674
5.08261 -3.12726 -0.257457
5.09086 -3.12955 -0.270795
5.0964 -3.13089 -0.238004
5.10356 -3.13234 -0.198949
5.10838 -3.13321 -0.180216
5.11534 -3.13456 -0.190558
5.12362 -3.13619 -0.194811
5.13416 -3.1386 -0.224875
5.15192 -3.14319 -0.252881
5.1584 -3.1447 -0.229188
5.16516 -3.14647 -0.256516
5.18074 -3.15058 -0.257893
5.18618 -3.15197 -0.249425
5.19222 -3.15371 -0.279601
5.19752 -3.15522 -0.279436
5.2027 -3.1569 -0.312167
5.2089 -3.15898 -0.323391
True
0.0675386
