4.48007 0.00671746 2.8165
4.44543 0.0211089 2.74782
4.40702 0.0408097 2.66765
4.3688 0.0644239 2.58817
4.32845 0.0931383 2.52311
4.29165 0.122227 2.47265
4.27208 0.138245 2.45578
4.25421 0.156034 2.35838
4.21979 0.191929 2.33528
4.19679 0.218914 2.2766
4.18149 0.2394 2.21241
4.16695 0.26105 2.16204
4.14042 0.297694 2.19749
4.11679 0.333465 2.15456
4.09502 0.368347 2.12883
4.07284 0.405659 2.10695
4.05106 0.444033 2.08704
4.03807 0.467203 2.08198
4.01666 0.504358 2.09358
3.99643 0.53883 2.10135
3.98776 0.555767 2.04396
3.97702 0.576078 2.05712
3.96175 0.606971 2.02998
3.94481 0.642632 2.01434
3.92493 0.68315 2.02684
3.90392 0.728397 2.00551
3.88785 0.765723 1.97733
3.87288 0.803175 1.951
3.85551 0.850057 1.92579
3.83933 0.897246 1.90097
3.82649 0.928815 1.95714
3.80842 0.974823 1.94502
3.79179 1.02166 1.91204
3.77988 1.05447 1.91891
3.76566 1.09662 1.89628
3.7499 1.14403 1.89158
3.73511 1.18842 1.89254
3.72192 1.23194 1.86507
3.70991 1.28043 1.81358
3.69828 1.32876 1.807
3.68569 1.37622 1.83008
3.67303 1.42359 1.83192
3.65913 1.46922 1.86655
3.64233 1.51602 1.91544
3.62528 1.56113 1.93211
3.61562 1.58761 1.92052
3.59713 1.63405 1.94971
3.57765 1.67898 1.97979
3.55448 1.72265 2.05872
3.53526 1.76244 2.02068
3.5149 1.79835 2.08669
3.49591 1.8325 2.07816
3.47506 1.87194 2.05718
3.4504 1.9153 2.0878
3.42488 1.95642 2.12641
3.39927 1.99906 2.11159
3.3795 2.03139 2.11956
3.35561 2.07113 2.11207
3.33025 2.11398 2.10529
3.30426 2.15599 2.12481
3.28455 2.18727 2.13302
3.26001 2.23057 2.08635
3.23554 2.27275 2.09659
3.20918 2.3119 2.16342
3.18026 2.35269 2.18747
3.15934 2.38496 2.14597
3.13108 2.42397 2.19776
3.10203 2.46466 2.19085
3.07827 2.49695 2.20517
3.05182 2.5317 2.22124
3.02787 2.56754 2.16004
3.00253 2.6002 2.2306
2.97428 2.64137 2.17222
2.9556 2.66532 2.23319
2.92306 2.70327 2.2796
2.89147 2.74164 2.25958
2.86354 2.77456 2.27427
2.83021 2.81087 2.31356
2.80251 2.83987 2.33334
2.7729 2.86965 2.35323
2.74943 2.89397 2.33845
2.71356 2.92878 2.37127
2.6832 2.95455 2.43756
2.65003 2.98132 2.46264
2.61417 3.01052 2.45827
2.57568 3.03985 2.49035
2.53681 3.06982 2.48478
2.49614 3.09844 2.52841
2.4544 3.12424 2.58796
2.42879 3.14059 2.57333
2.39516 3.16065 2.60367
2.35766 3.18325 2.59919
2.3131 3.20592 2.67099
2.26871 3.22881 2.66563
2.24064 3.24484 2.62258
2.22429 3.25526 2.57403
2.18028 3.27858 2.65437
2.14515 3.29962 2.60199
2.10729 3.32471 2.55637
2.06567 3.34953 2.60385
2.02577 3.37402 2.59118
1.98292 3.39967 2.60219
1.95156 3.41935 2.58112
1.91952 3.44003 2.56831
1.87823 3.46816 2.54368
1.83675 3.49254 2.61018
1.7958 3.51531 2.63413
1.76914 3.52972 2.64608
1.73248 3.54972 2.64204
1.69438 3.56966 2.65946
1.65168 3.59179 2.66351
1.61423 3.60921 2.70612
1.56971 3.63174 2.67323
1.53105 3.65226 2.65361
1.48728 3.67347 2.69039
1.44458 3.69352 2.70254
1.41396 3.70612 2.75106
1.37043 3.72529 2.72689
1.33107 3.74246 2.73016
1.28472 3.76117 2.75793
1.23864 3.77746 2.80181
1.1926 3.79345 2.8074
1.14716 3.80885 2.81484
1.11558 3.81924 2.82369
1.07818 3.82893 2.88788
1.02978 3.84148 2.88794
0.981411 3.8541 2.88638
0.937754 3.86405 2.91765
0.892557 3.87571 2.8891
0.843451 3.88486 2.95733
0.798089 3.89414 2.9398
0.749325 3.90391 2.94373
0.711894 3.91122 2.94879
0.66959 3.91952 2.94787
0.631127 3.92567 2.98301
0.582111 3.93554 2.94293
0.532827 3.94385 2.97452
0.485121 3.95392 2.93352
0.441685 3.96212 2.95514
0.394473 3.97072 2.96135
0.345173 3.97887 2.9777
0.296109 3.98544 3.00849
0.253877 3.99094 3.01227
0.215866 3.99542 3.02415
0.168977 3.99972 3.05016
0.125543 4.00447 3.03269
0.0908632 4.00673 3.07651
0.0444255 4.01272 3.01332
-0.00524114 4.0183 3.02974
-0.0486925 4.0201 3.10008
-0.0971927 4.0241 3.05934
-0.140009 4.0262 3.0927
-0.178362 4.02594 3.14815
-0.22835 4.02661 -3.15493
-0.27832 4.02525 3.16876
-0.325949 4.02631 -3.16389
-0.375657 4.02569 3.15412
-0.425349 4.0203 -3.0336
-0.475275 4.01819 -3.09932
-0.522537 4.01389 -3.05078
-0.570643 4.01032 -3.06759
-0.618673 4.00552 -3.04201
-0.665924 3.99966 -3.01807
-0.705061 3.99565 -3.03953
-0.754381 3.98749 -2.97757
-0.802235 3.97962 -2.9787
-0.850893 3.9685 -2.91697
-0.899846 3.95858 -2.94162
-0.948749 3.95026 -2.97295
-0.992424 3.94223 -2.95983
-1.03874 3.93305 -2.9459
-1.08753 3.92232 -2.92524
-1.12814 3.9129 -2.91361
-1.16787 3.90401 -2.92144
-1.20928 3.89381 -2.90004
-1.25779 3.88169 -2.89686
-1.30207 3.87025 -2.88872
-1.34989 3.86083 -2.94707
-1.39207 3.85162 -2.92673
-1.4389 3.8391 -2.88018
-1.48448 3.82588 -2.8593
-1.53096 3.81569 -2.92574
-1.57503 3.80419 -2.88642
-1.62332 3.79133 -2.88124
-1.65609 3.78145 -2.84889
-1.70247 3.76681 -2.83576
-1.74773 3.75227 -2.83087
-1.79423 3.7359 -2.80303
-1.83817 3.7211 -2.81674
-1.87745 3.70801 -2.8199
-1.91599 3.69598 -2.83904
-1.9624 3.67796 -2.77123
-2.00542 3.66256 -2.79782
-2.04734 3.64801 -2.80763
-2.09243 3.63243 -2.80875
-2.14003 3.61714 -2.83081
-2.18426 3.60353 -2.84311
-2.23181 3.58992 -2.86292
-2.26864 3.57908 -2.85526
-2.31238 3.56567 -2.84419
-2.35508 3.5511 -2.81271
-2.40119 3.53749 -2.85464
-2.44791 3.52128 -2.80747
-2.49086 3.50686 -2.81776
-2.53323 3.49226 -2.80973
-2.57654 3.47681 -2.79895
-2.61188 3.46488 -2.81617
-2.65347 3.45131 -2.82596
-2.68707 3.43824 -2.77074
-2.72981 3.42101 -2.75849
-2.75742 3.40955 -2.74801
-2.78126 3.40016 -2.7663
-2.82186 3.38622 -2.8109
-2.85893 3.37489 -2.84499
-2.8954 3.36439 -2.86136
-2.9188 3.35821 -2.88323
-2.93469 3.35347 -2.85179
-2.95876 3.34553 -2.82282
-2.98263 3.33763 -2.822
-3.02764 3.32319 -2.83129
-3.06267 3.3115 -2.81929
-3.10994 3.29578 -2.82062
-3.14351 3.28528 -2.83858
-3.18332 3.27242 -2.82901
-3.21727 3.26232 -2.85241
-3.25668 3.25011 -2.84118
-3.29093 3.23988 -2.85139
-3.32408 3.22913 -2.82791
-3.35898 3.21626 -2.78824
-3.39578 3.20063 -2.74006
-3.41391 3.19229 -2.71041
-3.43593 3.1835 -2.7616
-3.46331 3.17194 -2.74219
-3.49105 3.16105 -2.76757
-3.51258 3.15211 -2.748
-3.53455 3.14269 -2.73629
-3.57301 3.12543 -2.71994
-3.609 3.10905 -2.71438
-3.64625 3.0914 -2.69905
-3.66511 3.08209 -2.68324
-3.68697 3.07114 -2.67698
-3.7001 3.06475 -2.68908
-3.71972 3.05576 -2.7118
-3.74342 3.04629 -2.76138
-3.76177 3.03828 -2.73019
-3.77622 3.03101 -2.67527
-3.78832 3.02384 -2.6071
-3.79697 3.0186 -2.59716
-3.80676 3.01202 -2.54936
-3.8182 3.0039 -2.52437
-3.83114 2.99481 -2.52953
-3.8383 2.98961 -2.51259
-3.86452 2.97057 -2.51363
-3.88415 2.95665 -2.52477
-3.89351 2.95031 -2.54616
-3.91775 2.93402 -2.55007
-3.94834 2.91432 -2.5692
-3.97124 2.89922 -2.55898
-3.99763 2.8827 -2.58216
-4.02994 2.86251 -2.58304
-4.05312 2.84615 -2.52704
-4.06712 2.837 -2.56234
-4.07599 2.83159 -2.59418
-4.0873 2.82443 -2.57702
-4.09807 2.81789 -2.59591
-4.1104 2.81058 -2.60661
-4.13297 2.79678 -2.59281
-4.13696 2.79439 -2.60164
-4.1479 2.7882 -2.62688
-4.16717 2.77781 -2.64714
-4.16716 2.77782 -2.6826
-4.17373 2.77442 -2.66371
-4.17858 2.77182 -2.65092
-4.18296 2.76923 -2.60783
-4.19018 2.76502 -2.61323
-4.19475 2.76249 -2.63582
-4.20029 2.75934 -2.62408
True
0.198032
