-5.4746 -1.73302 0.158784
-5.43629 -1.72875 0.111098
-5.39357 -1.72291 0.135675
-5.34659 -1.71672 0.131014
-5.29839 -1.71004 0.137706
-5.24979 -1.70204 0.163192
-5.20028 -1.69567 0.128037
-5.15129 -1.68727 0.169831
-5.10415 -1.67936 0.1661
-5.05546 -1.67083 0.173449
-5.0179 -1.66494 0.155616
-4.97427 -1.65842 0.148378
-4.92479 -1.65152 0.138629
-4.87722 -1.64702 0.0942559
-4.83378 -1.64216 0.111339
-4.78493 -1.63824 0.0800614
-4.73561 -1.63426 0.0805835
-4.6867 -1.62856 0.116056
-4.63713 -1.62312 0.109242
-4.58871 -1.62104 0.0429093
-4.54724 -1.62028 0.0184185
-4.49744 -1.62003 0.00494432
-4.45088 -1.61973 0.00648718
-4.4144 -1.6204 -0.0183294
-4.37694 -1.62128 -0.0233869
-4.327 -1.61925 0.0405411
-4.27761 -1.62021 -0.0195287
-4.25799 -1.62065 -0.0222414
-4.20972 -1.62164 -0.0203841
-4.16127 -1.62045 0.0245233
-4.11577 -1.61902 0.0312445
-4.07613 -1.61774 0.0323571
-4.03616 -1.61632 0.035549
-3.99889 -1.61503 0.0346784
-3.9522 -1.61354 0.0318406
-3.90835 -1.61038 0.0719854
-3.86331 -1.60535 0.111153
-3.82103 -1.59842 0.162505
-3.77627 -1.59036 0.178055
-3.73684 -1.58262 0.193883
-3.69642 -1.57446 0.199267
-3.65443 -1.56449 0.232984
-3.62228 -1.55607 0.256405
-3.58468 -1.54623 0.255867
-3.5674 -1.54205 0.237212
-3.54201 -1.53726 0.186439
-3.50705 -1.53059 0.188746
-3.46801 -1.52281 0.196611
-3.42287 -1.5137 0.199206
-3.38205 -1.50695 0.163883
-3.34867 -1.5004 0.193697
-3.30477 -1.49255 0.176979
-3.27672 -1.48786 0.165726
-3.26624 -1.48597 0.178194
-3.2495 -1.48226 0.217974
-3.23082 -1.47803 0.222542
-3.20611 -1.47196 0.241045
-3.18657 -1.4667 0.262994
-3.17085 -1.46267 0.250895
-3.14572 -1.45515 0.290847
-3.12603 -1.44865 0.318573
-3.11594 -1.44501 0.3468
-3.09503 -1.43563 0.421447
-3.07319 -1.42609 0.411847
-3.06135 -1.42115 0.395546
-3.04988 -1.41665 0.373273
-3.03365 -1.41004 0.387094
-3.02055 -1.40458 0.394766
-3.01276 -1.40128 0.401106
-2.99131 -1.39212 0.403484
-2.9815 -1.38824 0.376654
-2.96768 -1.38297 0.364377
-2.94561 -1.3752 0.338461
-2.92668 -1.36813 0.357263
-2.90869 -1.36146 0.355511
-2.88121 -1.35129 0.354233
-2.85997 -1.34344 0.354251
-2.82352 -1.32998 0.353714
-2.8014 -1.32163 0.360917
-2.76952 -1.30921 0.371352
-2.7465 -1.30035 0.367424
-2.71767 -1.28746 0.420459
-2.69424 -1.27582 0.461194
-2.6767 -1.26594 0.512759
-2.6569 -1.2545 0.52409
-2.63933 -1.24342 0.562582
-2.61142 -1.22463 0.592611
-2.58964 -1.20651 0.693924
-2.55293 -1.17359 0.730915
-2.52031 -1.14101 0.784828
-2.49722 -1.1157 0.831398
-2.48306 -1.09727 0.915496
-2.46406 -1.07351 0.896159
-2.44161 -1.04415 0.918061
-2.41675 -1.01166 0.917567
-2.38868 -0.975145 0.915518
-2.36749 -0.943733 0.977382
-2.34205 -0.900907 1.03464
-2.3164 -0.8597 1.01408
-2.2967 -0.82481 1.05684
-2.2786 -0.79064 1.08355
-2.25529 -0.750586 1.04387
-2.22983 -0.707754 1.03451
-2.21 -0.674096 1.03838
-2.18509 -0.632119 1.03524
-2.16092 -0.591271 1.03637
-2.13596 -0.549251 1.03487
-2.10993 -0.507683 1.01138
-2.07953 -0.46821 0.914469
-2.05035 -0.435063 0.848911
-2.02134 -0.405899 0.788136
-1.98276 -0.374155 0.688391
-1.95553 -0.353913 0.639416
-1.93069 -0.33493 0.652522
-1.88859 -0.308561 0.559552
-1.84639 -0.283564 0.534786
-1.8028 -0.259083 0.511664
-1.75866 -0.23929 0.421559
-1.7139 -0.221886 0.370835
-1.66657 -0.20593 0.325173
-1.62586 -0.192904 0.309672
-1.57821 -0.180708 0.25053
-1.52938 -0.170053 0.21486
-1.48037 -0.160614 0.190281
-1.44087 -0.152762 0.196186
-1.39473 -0.143077 0.206927
-1.34766 -0.133526 0.2002
-1.30322 -0.125587 0.176758
-1.27422 -0.121118 0.152912
-1.22713 -0.114757 0.134264
-1.18584 -0.110657 0.098982
-1.13641 -0.10405 0.132884
-1.08877 -0.100042 0.0839331
-1.03905 -0.0961501 0.0781064
-0.989056 -0.0958301 0.00640075
-0.942698 -0.0985396 -0.05838
-0.898584 -0.101683 -0.0711387
-0.850809 -0.102649 -0.0202125
-0.807491 -0.105977 -0.0766737
-0.758341 -0.108894 -0.0592954
-0.708553 -0.112937 -0.081007
-0.659312 -0.121256 -0.167373
-0.609735 -0.127679 -0.128836
-0.564093 -0.133959 -0.136731
-0.516856 -0.139627 -0.119427
-0.471137 -0.146727 -0.154061
-0.422257 -0.152282 -0.113158
-0.375063 -0.159163 -0.144788
-0.32889 -0.165037 -0.12654
-0.279469 -0.168908 -0.0781593
-0.2302 -0.175565 -0.134306
-0.186488 -0.181132 -0.126686
-0.141085 -0.184895 -0.0826889
-0.0913898 -0.190149 -0.105318
-0.0419204 -0.197337 -0.144306
0.00319841 -0.202135 -0.105937
0.0529323 -0.206612 -0.0897806
0.0912753 -0.20928 -0.0694549
0.141076 -0.213729 -0.0891074
0.190037 -0.217741 -0.0817601
0.239849 -0.221191 -0.0691495
0.277873 -0.224066 -0.0754721
0.326367 -0.227802 -0.0768852
0.375815 -0.232502 -0.0947556
0.417751 -0.238294 -0.137261
0.465135 -0.244409 -0.128331
0.514888 -0.248927 -0.0905785
0.563269 -0.254753 -0.119828
0.612496 -0.26096 -0.125432
0.661816 -0.266724 -0.116337
0.704347 -0.271841 -0.119742
0.752952 -0.278149 -0.129065
0.802707 -0.283065 -0.098488
0.849177 -0.288013 -0.106068
0.898448 -0.29422 -0.125318
0.945754 -0.299873 -0.118938
0.995361 -0.305915 -0.12119
1.0452 -0.309832 -0.0784338
1.08994 -0.311842 -0.0448897
1.13797 -0.312944 -0.0229577
1.18792 -0.315158 -0.0442832
1.23779 -0.318453 -0.0659762
1.28778 -0.318321 0.00263589
1.33709 -0.318616 -0.00598347
1.38664 -0.317096 0.0306766
1.43409 -0.317443 -0.0073273
1.48339 -0.31849 -0.0212253
1.52466 -0.320903 -0.0584128
1.57461 -0.322693 -0.0358058
1.61947 -0.32364 -0.0211205
1.66925 -0.326618 -0.0597466
1.71886 -0.328887 -0.045715
1.76451 -0.333364 -0.0977582
1.8118 -0.338329 -0.104603
1.8564 -0.343566 -0.116876
1.89833 -0.34677 -0.0762698
1.9333 -0.348787 -0.0576259
1.97738 -0.351095 -0.052309
2.02119 -0.35212 -0.0233874
2.07118 -0.352747 -0.01255
2.11441 -0.353973 -0.0283524
2.15888 -0.355381 -0.0316416
2.20875 -0.358474 -0.061943
2.25618 -0.362223 -0.0788747
2.3055 -0.364386 -0.04383
2.34478 -0.366882 -0.063475
2.39354 -0.37348 -0.134467
2.43603 -0.377138 -0.0858926
2.48502 -0.380296 -0.0643862
2.53153 -0.383231 -0.0629949
2.5769 -0.384525 -0.0285149
2.62049 -0.386915 -0.0547852
2.66599 -0.387546 -0.0138739
2.70839 -0.388754 -0.0284706
2.75629 -0.389942 -0.0247996
2.80178 -0.390232 -0.00636711
2.84927 -0.391651 -0.0298813
2.89709 -0.392124 -0.00988406
2.94138 -0.394211 -0.0470884
2.98854 -0.397857 -0.0771725
3.03573 -0.401417 -0.0752835
3.07952 -0.403953 -0.057846
3.12174 -0.406949 -0.0708423
3.16742 -0.410888 -0.0860234
3.21303 -0.413362 -0.0542079
3.26281 -0.416619 -0.0653161
3.31107 -0.420574 -0.0817685
3.34179 -0.424842 -0.138081
3.39081 -0.4327 -0.158932
3.43339 -0.440293 -0.176456
3.47097 -0.44672 -0.169393
3.5139 -0.455035 -0.191347
3.55934 -0.464197 -0.198949
3.60198 -0.473751 -0.220444
3.6183 -0.477194 -0.207792
3.6567 -0.485156 -0.204477
3.69133 -0.491044 -0.168387
3.72887 -0.496818 -0.152629
3.77131 -0.503436 -0.154711
3.80953 -0.50875 -0.138138
3.84699 -0.513092 -0.115405
3.88528 -0.516334 -0.0844574
3.9301 -0.519942 -0.0803441
3.97171 -0.524 -0.0972051
4.00388 -0.524835 -0.0259282
4.04202 -0.526785 -0.0510857
4.0709 -0.529468 -0.0926267
4.1063 -0.533612 -0.116548
4.14865 -0.539734 -0.14356
4.17847 -0.544345 -0.153435
4.22323 -0.550597 -0.13877
4.25878 -0.556377 -0.161189
4.3031 -0.564773 -0.187223
4.34146 -0.570845 -0.156984
4.38228 -0.578694 -0.189986
4.4234 -0.589559 -0.258323
4.45406 -0.597339 -0.248472
4.47534 -0.602577 -0.24131
4.48465 -0.604801 -0.234587
4.49971 -0.607887 -0.202143
4.51544 -0.611062 -0.199126
4.51919 -0.611851 -0.207431
4.53316 -0.615237 -0.237773
4.54187 -0.616746 -0.171573
4.54474 -0.617242 -0.17074
4.55705 -0.619547 -0.185145
4.56314 -0.620743 -0.193955
4.57653 -0.62278 -0.151009
4.59148 -0.625018 -0.148539
4.62291 -0.63066 -0.177623
4.63707 -0.633278 -0.182877
4.6451 -0.635068 -0.219218
4.66252 -0.638475 -0.193186
4.67761 -0.641615 -0.20516
4.69941 -0.64617 -0.205935
4.71173 -0.648492 -0.186343
4.71627 -0.649124 -0.138387
4.73298 -0.650895 -0.105609
4.75998 -0.652901 -0.0741147
4.78714 -0.653497 -0.021975
4.81104 -0.654331 -0.0348587
4.82167 -0.654773 -0.0416256
4.83526 -0.65549 -0.052682
4.84934 -0.656348 -0.0608255
4.86529 -0.657102 -0.047265
4.88609 -0.657632 -0.0254802
4.90172 -0.658033 -0.0256206
4.92244 -0.659038 -0.0484557
4.94453 -0.660299 -0.0570566
4.96864 -0.662255 -0.0809292
4.99559 -0.665081 -0.104494
5.01802 -0.668397 -0.146755
5.02932 -0.670475 -0.181849
5.03351 -0.671519 -0.244447
5.03671 -0.672352 -0.254165
5.03797 -0.672689 -0.261097
5.03889 -0.672901 -0.226564
5.0484 -0.675282 -0.245485
5.06028 -0.678057 -0.229325
5.07889 -0.682803 -0.249693
5.08931 -0.685458 -0.249529
5.09717 -0.687215 -0.220064
5.11133 -0.690151 -0.204378
5.12107 -0.692455 -0.232283
5.13027 -0.694717 -0.241113
5.14541 -0.699002 -0.27592
5.15148 -0.700857 -0.296416
5.15184 -0.70096 -0.275076
5.15775 -0.702528 -0.25922
5.16822 -0.705291 -0.258217
5.17098 -0.706151 -0.301615
5.17697 -0.708111 -0.316441
5.17766 -0.708354 -0.339101
5.18565 -0.711292 -0.352362
5.19469 -0.714323 -0.323451
5.20648 -0.717745 -0.282441
True
0.0646507
