4.47502 0.00460728 2.95921
4.43757 0.0138799 2.89888
4.40864 0.0251693 2.76947
4.38233 0.0357803 2.75828
4.36331 0.0445766 2.70849
4.34225 0.0563248 2.63266
4.30864 0.0787488 2.55319
4.29726 0.0864821 2.54478
4.26569 0.109058 2.5209
4.22849 0.138504 2.47197
4.20565 0.157469 2.4487
4.18904 0.17292 2.39221
4.16347 0.203085 2.27397
4.13475 0.243992 2.18289
4.11393 0.274717 2.1664
4.08597 0.316024 2.16582
4.05971 0.358276 2.12694
4.03602 0.398514 2.1028
4.01795 0.435285 2.02772
4.00325 0.462442 2.06678
3.98129 0.505335 2.04396
3.96345 0.542424 2.01926
3.9447 0.583533 1.99872
3.92647 0.626705 1.97032
3.90973 0.667784 1.95772
3.90058 0.690838 1.94851
3.88115 0.735196 1.98372
3.86537 0.771662 1.97913
3.85005 0.81917 1.88267
3.83281 0.862867 1.94665
3.82045 0.893883 1.95001
3.81306 0.913721 1.92758
3.79568 0.959397 1.93427
3.77858 1.00549 1.92601
3.76307 1.05181 1.89392
3.7488 1.09599 1.88333
3.73579 1.12963 1.9397
3.72222 1.17118 1.88663
3.71285 1.19769 1.91021
3.69436 1.24144 1.97068
3.67653 1.28673 1.94587
3.65901 1.33356 1.92878
3.64536 1.3723 1.90968
3.62961 1.41829 1.90062
3.61488 1.4601 1.9096
3.60205 1.49482 1.92464
3.58188 1.54056 1.98621
3.56751 1.57574 1.95847
3.54729 1.61996 1.99978
3.53451 1.64709 2.01104
3.5236 1.66614 2.09101
3.50662 1.69863 2.05242
3.48465 1.73995 2.05943
3.45996 1.78258 2.09564
3.43352 1.82501 2.12814
3.40614 1.8668 2.15078
3.3872 1.90033 2.08509
3.36634 1.9386 2.06981
3.34111 1.98168 2.10052
3.31539 2.02125 2.14719
3.29866 2.04583 2.16837
3.2794 2.07422 2.16691
3.25583 2.1063 2.20454
3.22489 2.14519 2.24277
3.19517 2.1852 2.20976
3.16466 2.22258 2.25528
3.13477 2.25793 2.27269
3.1012 2.29499 2.30676
3.06864 2.33282 2.28163
3.04605 2.35574 2.34881
3.01386 2.39382 2.27258
2.9862 2.42796 2.2517
2.95576 2.46361 2.2776
2.9212 2.49969 2.3346
2.89313 2.53017 2.31495
2.86306 2.56423 2.29416
2.84327 2.58583 2.31256
2.81302 2.62073 2.28488
2.77936 2.65337 2.37161
2.74959 2.6822 2.3721
2.72689 2.70578 2.33724
2.69995 2.73439 2.32608
2.66823 2.76551 2.36585
2.63716 2.79541 2.37528
2.60375 2.82779 2.37188
2.56963 2.86127 2.36577
2.5467 2.88236 2.3979
2.50944 2.9157 2.41168
2.47958 2.94267 2.40709
2.44284 2.97646 2.39783
2.40766 3.00871 2.39971
2.38291 3.02994 2.43256
2.34745 3.05712 2.48756
2.3091 3.08888 2.45003
2.26997 3.11877 2.48925
2.23183 3.14696 2.50502
2.19754 3.17475 2.46059
2.16136 3.20491 2.44673
2.12736 3.23197 2.46936
2.09813 3.2558 2.4574
2.06921 3.2796 2.45321
2.03351 3.30644 2.49694
1.99593 3.33603 2.47457
1.96344 3.36004 2.50529
1.92172 3.38732 2.56245
1.88269 3.40913 2.63198
1.84169 3.43138 2.64434
1.80015 3.45485 2.62744
1.75698 3.47812 2.6471
1.71312 3.5021 2.64124
1.67317 3.52506 2.62005
1.63754 3.5451 2.6292
1.60017 3.56803 2.59113
1.55603 3.58968 2.68564
1.51073 3.61076 2.70614
1.47018 3.62782 2.74331
1.42402 3.64702 2.74726
1.37713 3.66436 2.78758
1.32991 3.6808 2.80638
1.28191 3.6948 2.85796
1.23297 3.70502 2.93571
1.18369 3.71348 2.97153
1.13464 3.72227 2.96417
1.08975 3.73146 2.93985
1.05523 3.73852 2.93971
1.01156 3.74744 2.94011
0.963062 3.75428 3.00158
0.91403 3.76041 3.01713
0.873983 3.76384 3.0561
0.829417 3.76798 3.04901
0.798516 3.77196 3.01344
0.756889 3.77754 3.00832
0.71007 3.78176 3.05172
0.660613 3.78911 2.9941
0.618798 3.79417 3.02118
0.57544 3.79915 3.02722
0.527028 3.80205 3.08183
0.479154 3.80225 3.13737
0.429162 3.80292 3.12817
0.383624 3.80498 3.09643
0.338037 3.80665 3.10486
0.288076 3.80863 3.10202
0.246634 3.81064 3.09313
0.200077 3.8117 3.11889
0.159047 3.81263 3.11895
0.116709 3.81463 3.09441
0.0669129 3.81583 3.11756
0.021206 3.81729 3.10965
-0.0183 3.81764 3.13267
-0.0682224 3.81891 3.11617
-0.115753 3.8203 3.11239
-0.162242 3.82094 3.1278
-0.211185 3.82219 3.11593
-0.245146 3.82199 3.14763
-0.294959 3.82152 -3.13223
-0.344744 3.82239 -3.15897
-0.386492 3.82203 3.1501
-0.436487 3.82265 -3.15395
-0.486476 3.8228 3.1386
-0.536355 3.8194 3.20961
-0.586198 3.818 -3.11346
-0.631978 3.81605 -3.09913
-0.680037 3.81318 -3.08189
-0.729217 3.80868 -3.05027
-0.77762 3.8024 -3.01255
-0.812162 3.79809 -3.01756
-0.858941 3.79256 -3.02382
-0.907335 3.78607 -3.00838
-0.953736 3.77915 -2.99356
-1.00302 3.7707 -2.97181
-1.05195 3.76062 -2.93846
-1.10027 3.75058 -2.9367
-1.14398 3.73885 -2.87947
-1.19225 3.72581 -2.87766
-1.23464 3.71514 -2.89497
-1.28198 3.69919 -2.81657
-1.32331 3.68618 -2.83676
-1.35914 3.67362 -2.80441
-1.40584 3.65589 -2.77872
-1.4526 3.63822 -2.78021
-1.49288 3.62111 -2.74006
-1.53557 3.59936 -2.67035
-1.57948 3.57822 -2.69282
-1.62296 3.55593 -2.668
-1.6672 3.53437 -2.68809
-1.71209 3.51334 -2.70344
-1.75237 3.49186 -2.65158
-1.78504 3.47545 -2.67635
-1.82754 3.45115 -2.62219
-1.8701 3.42532 -2.59611
-1.91369 3.402 -2.65025
-1.93999 3.38563 -2.58503
-1.96995 3.36657 -2.57485
-1.99762 3.34833 -2.5589
-2.03831 3.31953 -2.52559
-2.07263 3.29474 -2.51612
-2.10697 3.26979 -2.51336
-2.14423 3.24468 -2.54837
-2.17951 3.22112 -2.55297
-2.21686 3.19764 -2.58044
-2.25955 3.17424 -2.64013
-2.30213 3.14887 -2.6041
-2.33258 3.12984 -2.58304
-2.37518 3.10393 -2.59521
-2.4107 3.08131 -2.57461
-2.45385 3.0561 -2.61276
-2.49368 3.03151 -2.58851
-2.5185 3.01675 -2.60516
-2.5461 3.00081 -2.61787
-2.58907 2.97547 -2.60865
-2.62498 2.95377 -2.59828
-2.66111 2.93028 -2.56488
-2.70254 2.90405 -2.57719
-2.74341 2.87542 -2.5306
-2.78065 2.8486 -2.51751
-2.80672 2.83 -2.52198
-2.83363 2.80979 -2.49731
-2.86639 2.78443 -2.48284
-2.90365 2.75559 -2.48289
-2.93427 2.73147 -2.47434
-2.96773 2.70478 -2.46827
-3.00584 2.67414 -2.46453
-3.03459 2.65127 -2.46949
-3.06449 2.62603 -2.44037
-3.10158 2.59575 -2.45712
-3.12556 2.57483 -2.42421
-3.15399 2.55036 -2.43088
-3.18556 2.52203 -2.41028
-3.219 2.49285 -2.4241
-3.24231 2.47304 -2.43704
-3.2612 2.45797 -2.46828
-3.29861 2.42887 -2.4806
-3.33613 2.40066 -2.49676
-3.37401 2.36975 -2.45717
-3.40097 2.34574 -2.41409
-3.42678 2.32473 -2.45839
-3.45396 2.30178 -2.44026
-3.47738 2.28217 -2.44474
-3.49209 2.26909 -2.41462
-3.50067 2.26181 -2.43779
-3.5262 2.24079 -2.45291
-3.55184 2.21837 -2.42288
-3.58207 2.19242 -2.43241
-3.60684 2.17134 -2.43652
-3.64253 2.14016 -2.42349
-3.66428 2.12131 -2.42737
-3.68765 2.10149 -2.43819
-3.69461 2.09571 -2.44872
-3.71321 2.07995 -2.43872
-3.72408 2.07115 -2.46121
-3.73501 2.06242 -2.46747
-3.74306 2.05591 -2.46141
-3.75883 2.04209 -2.42192
-3.77526 2.02809 -2.43588
-3.78335 2.02151 -2.45892
-3.80597 2.00331 -2.46406
-3.81961 1.9929 -2.48977
-3.8373 1.97944 -2.49089
-3.85858 1.96345 -2.49742
-3.87942 1.94649 -2.45857
-3.89497 1.93394 -2.46249
-3.90325 1.92702 -2.44503
-3.92177 1.91056 -2.4151
-3.93235 1.9012 -2.41726
-3.94739 1.88844 -2.43831
-3.95883 1.87876 -2.43907
-3.98006 1.85993 -2.4159
-3.9968 1.84467 -2.40252
-4.00668 1.83537 -2.38607
-4.0193 1.82328 -2.37792
-4.02946 1.81353 -2.37688
-4.03685 1.80633 -2.36904
-4.05021 1.7933 -2.36849
-4.0614 1.78229 -2.36472
-4.0858 1.75834 -2.36557
-4.09635 1.74842 -2.38644
-4.10723 1.7384 -2.39769
-4.11632 1.73034 -2.41609
-4.12382 1.72354 -2.40488
-4.13065 1.7176 -2.42633
-4.13427 1.71464 -2.45572
-4.1449 1.70585 -2.45034
-4.15307 1.69926 -2.46349
-4.15849 1.69481 -2.45335
-4.16432 1.69026 -2.4789
-4.17739 1.68067 -2.50894
-4.1859 1.6742 -2.49122
-4.1993 1.66391 -2.48664
-4.20219 1.66162 -2.47089
-4.2036 1.66052 -2.4804
-4.21077 1.65495 -2.48144
-4.21916 1.64898 -2.52308
-4.2409 1.63331 -2.51715
-4.2576 1.62172 -2.53462
-4.26826 1.61481 -2.56621
-4.28398 1.60541 -2.6029
-4.30408 1.59406 -2.62751
-4.31623 1.58737 -2.63825
-4.3298 1.57975 -2.63029
-4.33269 1.57813 -2.63045
-4.34102 1.57351 -2.63478
-4.34847 1.56905 -2.60232
-4.3647 1.5581 -2.54784
-4.36916 1.55436 -2.44349
True
0.0671291
