4.48425 -0.000935413 -3.08229
4.45613 -0.00377001 -3.0411
4.42955 -0.00820846 -2.97618
4.40036 -0.0136152 -2.95844
4.38172 -0.0180921 -2.90583
4.36259 -0.0238287 -2.85029
4.33369 -0.0330246 -2.83348
4.29224 -0.0489942 -2.77391
4.25257 -0.065801 -2.74084
4.20765 -0.0865534 -2.70882
4.16519 -0.112959 -2.58518
4.1311 -0.140887 -2.45528
4.09626 -0.171456 -2.42135
4.06327 -0.200486 -2.41991
4.03471 -0.228329 -2.36899
4.00252 -0.264986 -2.29138
3.97058 -0.303004 -2.26955
3.9402 -0.342718 -2.22377
3.91297 -0.38325 -2.1624
3.89376 -0.415664 -2.10572
3.872 -0.454409 -2.08265
3.85029 -0.496842 -2.04361
3.83975 -0.51752 -2.04239
3.82026 -0.556501 -2.03438
3.81297 -0.573714 -1.97151
3.80362 -0.597816 -1.94072
3.79321 -0.62803 -1.90268
3.78209 -0.659313 -1.91219
3.77167 -0.688171 -1.91752
3.76496 -0.711407 -1.85199
3.7597 -0.729423 -1.85479
3.7533 -0.758279 -1.78879
3.74528 -0.801064 -1.75613
3.73961 -0.826106 -1.79373
3.73217 -0.859588 -1.7893
3.72537 -0.888756 -1.79972
3.71458 -0.931183 -1.81991
3.70428 -0.976772 -1.79307
3.69746 -1.00729 -1.79054
3.68864 -1.04821 -1.78324
3.68482 -1.06488 -1.79559
3.67047 -1.11243 -1.86395
3.65846 -1.16096 -1.81344
3.64701 -1.19868 -1.86553
3.64395 -1.21106 -1.81277
3.63656 -1.24497 -1.78539
3.63045 -1.26601 -1.85337
3.62731 -1.27918 -1.80484
3.61552 -1.32311 -1.83302
3.60293 -1.37086 -1.8287
3.59296 -1.40516 -1.85361
3.57512 -1.45186 -1.93575
3.55787 -1.49879 -1.9229
3.54455 -1.5348 -1.92506
3.52785 -1.57777 -1.94151
3.50804 -1.62271 -1.98598
3.48905 -1.66589 -1.98524
3.46894 -1.70958 -2.00206
3.45092 -1.74778 -2.01166
3.43835 -1.77639 -1.98481
3.41819 -1.81904 -2.01229
3.39714 -1.86045 -2.04113
3.37719 -1.90149 -2.02337
3.35312 -1.94518 -2.07423
3.32861 -1.98546 -2.11749
3.30634 -2.02525 -2.08096
3.28512 -2.06365 -2.07571
3.26227 -2.10533 -2.07213
3.2376 -2.14791 -2.09605
3.21771 -2.18382 -2.07647
3.19466 -2.22246 -2.10871
3.17985 -2.24481 -2.15624
3.16439 -2.26678 -2.18393
3.14895 -2.28754 -2.21011
3.13829 -2.30172 -2.21543
3.10857 -2.34191 -2.20755
3.08192 -2.37994 -2.18201
3.06066 -2.41032 -2.18146
3.04592 -2.43156 -2.17764
3.02635 -2.45937 -2.1838
3.00137 -2.49029 -2.25032
2.97163 -2.52995 -2.21424
2.94155 -2.56968 -2.21877
2.91284 -2.60736 -2.22198
2.89678 -2.62829 -2.22525
2.86424 -2.66625 -2.27947
2.83061 -2.70323 -2.30872
2.80486 -2.72975 -2.34151
2.77594 -2.76066 -2.32298
2.74281 -2.79699 -2.31024
2.71443 -2.83118 -2.26341
2.68097 -2.86814 -2.30658
2.66151 -2.88969 -2.30543
2.63941 -2.91396 -2.30925
2.60405 -2.94777 -2.37873
2.56717 -2.98153 -2.40024
2.5311 -3.01328 -2.41993
2.50099 -3.03902 -2.43423
2.46644 -3.06695 -2.46182
2.44914 -3.08157 -2.43972
2.42612 -3.10373 -2.37521
2.39035 -3.13573 -2.41176
2.35228 -3.16815 -2.43614
2.31497 -3.20143 -2.4133
2.27744 -3.23215 -2.45566
2.23822 -3.26313 -2.47301
2.19904 -3.2942 -2.47111
2.16357 -3.32187 -2.47911
2.12977 -3.34696 -2.50313
2.09468 -3.373 -2.50303
2.05347 -3.40129 -2.54009
2.02086 -3.42104 -2.59696
1.98076 -3.44505 -2.60206
1.94228 -3.46553 -2.65256
1.92123 -3.47573 -2.69058
1.88225 -3.49382 -2.70708
1.83655 -3.51236 -2.75606
1.79786 -3.52836 -2.74968
1.75256 -3.54807 -2.73102
1.7081 -3.56902 -2.70137
1.6647 -3.58293 -2.83133
1.62613 -3.59731 -2.78465
1.58211 -3.61299 -2.79945
1.55529 -3.62379 -2.75892
1.50907 -3.64286 -2.75026
1.46504 -3.65985 -2.77327
1.42533 -3.67365 -2.80719
1.37862 -3.69007 -2.80348
1.33539 -3.70527 -2.80364
1.29064 -3.72392 -2.74667
1.25127 -3.73872 -2.78192
1.22377 -3.7498 -2.75868
1.17752 -3.76879 -2.752
1.14158 -3.78254 -2.77627
1.0975 -3.79828 -2.79861
1.06081 -3.81119 -2.80302
1.0143 -3.82954 -2.76586
0.980078 -3.84179 -2.79803
0.932487 -3.85711 -2.83002
0.904359 -3.86386 -2.90615
0.860417 -3.87567 -2.87908
0.834349 -3.88183 -2.90937
0.790968 -3.89351 -2.87876
0.756983 -3.90277 -2.87556
0.726637 -3.90963 -2.91899
0.694344 -3.91489 -2.9802
0.645973 -3.92301 -2.97538
0.605319 -3.92778 -3.02482
0.556789 -3.93239 -3.04679
0.506867 -3.93518 -3.08578
0.475613 -3.93631 -3.10535
0.449154 -3.93749 -3.09715
0.399412 -3.93991 -3.09295
0.350523 -3.94189 -3.10104
0.314228 -3.94256 -3.12328
0.266322 -3.94101 -3.17388
0.22515 -3.93916 3.09673
0.175189 -3.93725 3.1034
0.125211 -3.93586 3.11362
0.0752586 -3.93387 3.10175
0.0255519 -3.93142 3.09247
-0.0176551 -3.92987 3.1056
-0.0592871 -3.92713 3.07608
-0.107321 -3.92258 3.04715
-0.14719 -3.9195 3.06435
-0.19328 -3.91428 3.02896
-0.228636 -3.91113 3.05261
-0.254966 -3.90807 3.02606
-0.304719 -3.90311 3.04216
-0.354414 -3.89759 3.03104
-0.403691 -3.89056 2.99988
-0.452889 -3.88175 2.96437
-0.500763 -3.87472 2.99583
-0.549019 -3.86634 2.96961
-0.59543 -3.85966 2.9987
-0.644852 -3.85316 3.01068
-0.687795 -3.84653 2.98841
-0.736926 -3.83755 2.96085
-0.784513 -3.82762 2.93584
-0.828367 -3.8212 2.99624
-0.87754 -3.8122 2.9606
-0.9211 -3.8039 2.95327
-0.964617 -3.79537 2.94798
-1.01378 -3.78702 2.97333
-1.04276 -3.78158 2.95609
-1.09122 -3.77029 2.91275
-1.13946 -3.75846 2.90111
-1.18742 -3.74447 2.85778
-1.2299 -3.73166 2.84868
-1.27525 -3.71665 2.82205
-1.31238 -3.70431 2.82064
-1.35988 -3.68881 2.82619
-1.3991 -3.67362 2.772
-1.44345 -3.6557 2.75774
-1.48887 -3.63479 2.71013
-1.53358 -3.61501 2.72497
-1.57779 -3.5946 2.70898
-1.62013 -3.57551 2.71818
-1.66496 -3.55498 2.71215
-1.71067 -3.53602 2.74831
-1.75621 -3.51648 2.73623
-1.79625 -3.49928 2.73601
-1.84101 -3.47991 2.73309
-1.88121 -3.46216 2.72584
-1.91145 -3.44816 2.70812
-1.94122 -3.43258 2.6592
-1.9852 -3.40935 2.6557
-2.0274 -3.38522 2.62213
-2.05651 -3.36954 2.64757
-2.10037 -3.34553 2.64071
-2.14258 -3.31913 2.58282
-2.17999 -3.29695 2.6062
-2.21329 -3.2746 2.55066
-2.24414 -3.25538 2.58441
-2.28426 -3.2273 2.53093
-2.3229 -3.19919 2.51262
-2.35298 -3.17506 2.46558
-2.37717 -3.15457 2.43867
-2.41006 -3.12678 2.44023
-2.4476 -3.09388 2.42182
-2.48552 -3.06134 2.43242
-2.52218 -3.02743 2.39528
-2.55806 -2.99291 2.37543
-2.58807 -2.96106 2.32641
-2.62221 -2.92517 2.33126
-2.65824 -2.89066 2.3776
-2.69351 -2.85592 2.36386
-2.72796 -2.81994 2.33448
-2.76232 -2.78374 2.33003
-2.79719 -2.7484 2.34965
-2.83208 -2.71265 2.34395
-2.86715 -2.6774 2.35367
-2.90047 -2.64014 2.30045
-2.93175 -2.60599 2.31235
-2.96229 -2.56671 2.23175
-2.98983 -2.53498 2.28559
-3.01906 -2.50316 2.31365
-3.04934 -2.47179 2.33856
-3.07516 -2.44552 2.34757
-3.10198 -2.41657 2.31809
-3.13531 -2.38002 2.3101
-3.16986 -2.34403 2.33571
-3.20022 -2.31319 2.34851
-3.23337 -2.27576 2.29552
-3.2623 -2.23951 2.24446
-3.2924 -2.20249 2.25332
-3.31957 -2.16816 2.24029
-3.34652 -2.13329 2.22885
-3.37093 -2.10015 2.20574
-3.39789 -2.05997 2.16169
-3.42025 -2.0268 2.16386
-3.44073 -1.99589 2.15613
-3.46692 -1.95556 2.14663
-3.49204 -1.916 2.13652
-3.51938 -1.87489 2.15771
-3.54111 -1.84035 2.13247
-3.5609 -1.80889 2.13237
-3.57966 -1.77973 2.14225
-3.58973 -1.76369 2.13183
-3.60302 -1.74072 2.09533
-3.60425 -1.73858 2.0909
-3.60872 -1.73098 2.10224
-3.61121 -1.72683 2.11113
-3.61534 -1.72089 2.1783
-3.62881 -1.70361 2.23303
-3.63923 -1.68902 2.19084
-3.6539 -1.6692 2.20792
-3.66151 -1.65837 2.18354
-3.68191 -1.63175 2.22463
-3.69405 -1.61534 2.20777
-3.72198 -1.57932 2.23044
-3.75038 -1.54334 2.23897
-3.77082 -1.51706 2.23172
-3.79559 -1.48203 2.18624
-3.817 -1.44989 2.15862
-3.83771 -1.41708 2.13376
-3.85627 -1.3862 2.11194
-3.87544 -1.35646 2.14348
-3.89191 -1.32924 2.11484
-3.90322 -1.30967 2.09486
-3.90847 -1.30083 2.10651
-3.91334 -1.29205 2.07767
-3.92278 -1.27365 2.04453
-3.92806 -1.26332 2.0438
-3.94203 -1.23731 2.0636
-3.95429 -1.21394 2.05401
-3.96862 -1.1864 2.05041
-3.98305 -1.15723 2.03031
-3.99425 -1.13529 2.04268
-4.00014 -1.12521 2.09978
-4.01101 -1.10749 2.12122
-4.0145 -1.10154 2.10148
-4.02353 -1.08514 2.07385
-4.03139 -1.07067 2.06826
-4.03807 -1.05679 2.01949
-4.0467 -1.03883 2.01849
-4.0617 -1.00984 2.04841
-4.07045 -0.992801 2.04515
-4.0801 -0.972325 2.01132
-4.0888 -0.954649 2.02814
-4.09605 -0.936746 1.95542
-4.10109 -0.924502 1.96162
-4.10951 -0.905876 1.99542
-4.11491 -0.893168 1.97266
-4.11989 -0.881966 1.98869
-4.12744 -0.863513 1.95904
-4.13609 -0.840861 1.93557
-4.13848 -0.835328 1.97968
-4.14115 -0.829581 2.00504
-4.14655 -0.818501 2.02444
-4.149 -0.813516 2.02798
-4.15683 -0.7982 2.04345
-4.16723 -0.778726 2.061
-4.17485 -0.764855 2.07327
-4.18128 -0.754341 2.11958
-4.18683 -0.745198 2.11648
-4.1917 -0.737068 2.11073
-4.19916 -0.724147 2.09444
-4.20556 -0.713181 2.09874
-4.21097 -0.704136 2.10991
-4.21759 -0.693003 2.10752
-4.22199 -0.68553 2.10266
-4.22693 -0.677334 2.11319
-4.22868 -0.674328 2.09747
-4.23274 -0.666609 2.0552
-4.24118 -0.650063 2.04237
-4.24412 -0.643929 2.01873
-4.24758 -0.636462 2.00431
-4.25409 -0.621294 1.97613
-4.25617 -0.615948 1.94243
-4.2597 -0.606259 1.91952
-4.26774 -0.582281 1.89433
-4.2747 -0.560835 1.88499
-4.27839 -0.549296 1.87979
-4.28042 -0.543189 1.89198
-4.2846 -0.531654 1.91871
-4.28455 -0.531789 1.929
-4.28586 -0.528468 1.946
True
0.067471
