-5.47048 -0.142436 0.00389034
-5.45271 -0.142099 0.0189474
-5.40361 -0.141042 0.021531
-5.35365 -0.142444 -0.0280702
-5.30436 -0.143316 -0.0176855
-5.26009 -0.144696 -0.0311652
-5.21818 -0.147776 -0.073357
-5.16918 -0.15041 -0.0536942
-5.11938 -0.153347 -0.0589157
-5.07384 -0.156578 -0.0708315
-5.03598 -0.159873 -0.0868229
-4.9944 -0.161952 -0.049949
-4.95727 -0.16435 -0.0644865
-4.9094 -0.167759 -0.0710932
-4.85975 -0.169281 -0.0306332
-4.81006 -0.172153 -0.0577364
-4.76547 -0.17599 -0.0858611
-4.72058 -0.181483 -0.12173
-4.68424 -0.185021 -0.097043
-4.641 -0.186544 -0.0352204
-4.59308 -0.192669 -0.127116
-4.5437 -0.198916 -0.125856
-4.49722 -0.203015 -0.0879544
-4.44791 -0.204981 -0.0398389
-4.39824 -0.205316 -0.00674444
-4.34854 -0.205833 -0.0104165
-4.29869 -0.205531 0.00606016
-4.24883 -0.207114 -0.0317351
-4.20655 -0.207994 -0.0208189
-4.16199 -0.208788 -0.0178103
-4.11241 -0.211519 -0.0550171
-4.07929 -0.213417 -0.0572603
-4.03583 -0.215235 -0.0418042
-3.98697 -0.215133 0.00208489
-3.93832 -0.216388 -0.025774
-3.89545 -0.21783 -0.0336422
-3.8535 -0.217814 0.000392266
-3.81548 -0.218976 -0.0305534
-3.76566 -0.218104 0.0175015
-3.71584 -0.215922 0.0437564
-3.66593 -0.213201 0.0544701
-3.61625 -0.212311 0.0179187
-3.56654 -0.211177 0.0228066
-3.51708 -0.208879 0.0464175
-3.46995 -0.208134 0.0158117
-3.43072 -0.207856 0.00708907
-3.3858 -0.206451 0.0312631
-3.35001 -0.205113 0.0373584
-3.30018 -0.201291 0.0765554
-3.25054 -0.196716 0.0919084
-3.20473 -0.191181 0.120243
-3.17088 -0.187626 0.104612
-3.12506 -0.185184 0.053264
-3.08216 -0.185115 0.00161092
-3.03232 -0.18556 -0.00892507
-2.99351 -0.185073 0.0125268
-2.9471 -0.183895 0.0253815
-2.90666 -0.181644 0.0556268
-2.8567 -0.180012 0.0326527
-2.80819 -0.176333 0.0756811
-2.77453 -0.174067 0.0672307
-2.72495 -0.171252 0.0566991
-2.67582 -0.171649 -0.00807279
-2.63491 -0.172214 -0.013805
-2.60215 -0.172547 -0.0101574
-2.55457 -0.17248 0.00140134
-2.50577 -0.171816 0.0135971
-2.4562 -0.170883 0.0188185
-2.41123 -0.169306 0.0350676
-2.36654 -0.167754 0.0347047
-2.32371 -0.164967 0.064967
-2.2738 -0.162594 0.0475282
-2.22666 -0.15956 0.0642754
-2.18184 -0.157718 0.0410791
-2.13283 -0.153928 0.077166
-2.08372 -0.152503 0.0290086
-2.03383 -0.149963 0.0508776
-1.98865 -0.146099 0.0853129
-1.94752 -0.144228 0.0454581
-1.90398 -0.14169 0.0582125
-1.85631 -0.138804 0.0604675
-1.80687 -0.137972 0.0168395
-1.75779 -0.137014 0.0195067
-1.7078 -0.136814 0.00400511
-1.65865 -0.13723 -0.00846107
-1.60876 -0.137304 -0.00148069
-1.55985 -0.135381 0.0392985
-1.51051 -0.1324 0.060322
-1.46888 -0.132772 -0.00893091
-1.42276 -0.131702 0.0232043
-1.37282 -0.131096 0.0121274
-1.32759 -0.131562 -0.0102908
-1.27765 -0.1308 0.0152556
-1.23018 -0.130391 0.0086194
-1.18027 -0.132921 -0.0506449
-1.1447 -0.134658 -0.0487989
-1.10047 -0.136043 -0.0313082
-1.06424 -0.136113 -0.0019209
-1.01544 -0.136417 -0.0062454
-0.96726 -0.132334 0.0845508
-0.920538 -0.131185 0.0245795
-0.871058 -0.130505 0.013748
-0.822112 -0.127938 0.0523929
-0.772304 -0.12485 0.0619223
-0.725039 -0.123247 0.0338907
-0.675779 -0.123908 -0.0134026
-0.628989 -0.12447 -0.012007
-0.579016 -0.125796 -0.0265304
-0.531693 -0.123147 0.0559138
-0.486023 -0.120606 0.0555749
-0.436355 -0.117596 0.0605261
-0.387009 -0.113586 0.0810916
-0.340477 -0.108966 0.098968
-0.291012 -0.104693 0.0861684
-0.248047 -0.0993184 0.124441
-0.199562 -0.0940787 0.107649
-0.150006 -0.0883085 0.115918
-0.100702 -0.081895 0.129353
-0.0529183 -0.0760622 0.121465
-0.00608254 -0.0703262 0.121865
0.0424526 -0.0654482 0.100167
0.0863573 -0.0611995 0.0964719
0.126131 -0.0561905 0.125276
0.173115 -0.0493792 0.143968
0.215762 -0.0442745 0.119131
0.25168 -0.0417139 0.0711691
0.301512 -0.0396203 0.0419896
0.350547 -0.0350928 0.0920701
0.395073 -0.0309793 0.0921221
0.444301 -0.0286282 0.047725
0.492265 -0.0288113 -0.00381862
0.532542 -0.0274494 0.0338005
0.578359 -0.0280442 -0.0129814
0.628173 -0.0287246 -0.0136583
0.676638 -0.0274874 0.0255237
0.717227 -0.0261511 0.0329086
0.767162 -0.0236049 0.0509459
0.810367 -0.0220297 0.0364438
0.855308 -0.0194172 0.0580677
0.90096 -0.0167537 0.0582766
0.950818 -0.0131327 0.0724974
1.00052 -0.00786675 0.10556
1.04696 -0.00588664 0.0426096
1.09689 -0.00330037 0.0517565
1.13748 0.000662722 0.097311
1.17954 0.00681665 0.145293
1.22903 0.0131317 0.126929
1.27126 0.0186976 0.131038
1.31832 0.0230903 0.0930621
1.36771 0.026585 0.0706498
1.41138 0.0296362 0.0697517
1.45584 0.0341142 0.100375
1.5041 0.0380537 0.08145
1.54793 0.0418537 0.0864907
1.59028 0.0465684 0.110856
1.63174 0.0521148 0.133014
1.68099 0.0588357 0.135627
1.73048 0.0659272 0.142311
1.77979 0.0717586 0.117725
1.82667 0.075954 0.0892492
1.87504 0.0787709 0.0581637
1.92495 0.0812088 0.0488057
1.95302 0.0812706 0.00220265
2.00301 0.0821596 0.0177825
2.04767 0.0827647 0.0135469
2.09702 0.0821916 -0.0116138
2.14699 0.0812575 -0.018688
2.19664 0.0774969 -0.0756075
2.24179 0.0717705 -0.126155
2.28929 0.0643593 -0.154759
2.33909 0.0600013 -0.087293
2.38501 0.0560526 -0.0857849
2.43425 0.0508992 -0.104278
2.48038 0.0458233 -0.109588
2.51047 0.04258 -0.107377
2.55561 0.0387789 -0.0840095
2.60283 0.0370493 -0.0366124
2.64411 0.0348434 -0.0533802
2.694 0.0327464 -0.0420062
2.74379 0.0284705 -0.0856712
2.78204 0.0249366 -0.0921328
2.83151 0.0195071 -0.109328
2.88093 0.013505 -0.120846
2.92203 0.00706938 -0.155335
2.97149 0.000906615 -0.123956
3.02028 -0.00992758 -0.218509
3.06933 -0.0187869 -0.178706
3.11405 -0.0238517 -0.112768
3.14987 -0.0296902 -0.161583
3.19963 -0.0341257 -0.0889054
3.24897 -0.0384495 -0.0874094
3.29685 -0.0408442 -0.049971
3.34358 -0.0457183 -0.103931
3.39106 -0.0517008 -0.125334
3.43944 -0.0575293 -0.119883
3.48897 -0.0635808 -0.121584
3.51998 -0.0685649 -0.15939
3.5418 -0.0716435 -0.140126
3.58708 -0.0781859 -0.143497
3.63158 -0.0859052 -0.17176
3.66875 -0.0901617 -0.114023
3.68413 -0.0910444 -0.0573184
3.70578 -0.0922528 -0.0557748
3.74213 -0.0944614 -0.0606684
3.77122 -0.0963524 -0.0649266
3.80157 -0.0998358 -0.114268
3.85002 -0.105882 -0.124148
3.88613 -0.110856 -0.136884
3.93349 -0.117611 -0.141696
3.97675 -0.122676 -0.116543
4.02471 -0.128286 -0.116436
4.06079 -0.132347 -0.112063
4.07144 -0.133686 -0.125242
4.08977 -0.136474 -0.150918
4.10659 -0.137927 -0.0861678
4.12622 -0.138737 -0.0412284
4.15025 -0.139892 -0.0480322
4.16115 -0.140619 -0.066524
4.16993 -0.140642 -0.0026463
4.17477 -0.140567 0.0154145
4.19414 -0.140328 0.0123497
4.21848 -0.140857 -0.0217247
4.23869 -0.141692 -0.041323
4.24318 -0.141717 -0.00554774
4.24897 -0.14184 -0.0210914
4.263 -0.142368 -0.0376903
4.27891 -0.143166 -0.0500677
4.31036 -0.144444 -0.0406153
4.33785 -0.145748 -0.047399
4.37752 -0.146633 -0.0223144
4.41586 -0.147366 -0.0191223
4.44685 -0.148323 -0.0308552
4.48406 -0.150751 -0.0651537
4.51772 -0.151394 -0.0191129
4.55097 -0.151649 -0.00766866
4.57894 -0.151521 0.0045667
4.59227 -0.151565 -0.00330775
4.61539 -0.151676 -0.00477745
4.63454 -0.151466 0.0109511
4.64315 -0.151572 -0.0122765
4.66483 -0.152214 -0.0296393
4.68828 -0.152169 0.00192037
4.70011 -0.152462 -0.0247261
4.72107 -0.153568 -0.0527305
4.73061 -0.154112 -0.0569483
4.73521 -0.154354 -0.0525695
4.74192 -0.154499 -0.0216644
4.7575 -0.154068 0.0276655
4.77889 -0.153611 0.0213744
4.80543 -0.153449 0.0060883
4.82802 -0.153876 -0.0188583
4.84449 -0.154244 -0.0223742
4.86176 -0.154496 -0.0145661
4.86081 -0.154543 0.0500117
4.87636 -0.153396 0.073618
4.88309 -0.152822 0.0850795
4.89887 -0.151495 0.0839463
4.90549 -0.150874 0.0934791
4.91231 -0.150492 0.0559585
4.92056 -0.149669 0.0994823
4.92678 -0.14883 0.133969
4.93438 -0.147493 0.174081
4.94615 -0.145505 0.167355
4.95994 -0.143275 0.160331
4.97572 -0.140672 0.16354
4.9805 -0.140108 0.117416
4.99395 -0.139008 0.081555
5.01653 -0.137383 0.0718339
5.04346 -0.135722 0.0616106
5.05332 -0.135777 -0.00555396
5.06459 -0.136343 -0.0501677
5.07487 -0.136956 -0.0595566
5.08975 -0.137922 -0.0648068
5.10271 -0.139415 -0.114812
5.11766 -0.141749 -0.154841
5.12566 -0.142771 -0.127075
5.13882 -0.144652 -0.141931
5.1457 -0.145746 -0.157804
5.158 -0.148132 -0.191545
5.17362 -0.151386 -0.205363
5.18099 -0.153083 -0.22622
5.19082 -0.155607 -0.25132
5.20013 -0.157991 -0.250813
5.20284 -0.158593 -0.219015
True
0.0652276
