-5.47862 1.28503 -0.17554
-5.4504 1.28088 -0.146143
-5.40903 1.27402 -0.164401
-5.35972 1.26644 -0.152456
-5.31113 1.25879 -0.156176
-5.26207 1.25144 -0.148781
-5.21897 1.2449 -0.150619
-5.16991 1.23702 -0.159194
-5.12733 1.22935 -0.178167
-5.07799 1.22182 -0.151459
-5.03362 1.21588 -0.133108
-4.98717 1.20805 -0.166904
-4.93891 1.20106 -0.143996
-4.88935 1.1945 -0.131532
-4.84002 1.18643 -0.162239
-4.79104 1.1799 -0.132387
-4.74719 1.17238 -0.169855
-4.69963 1.16331 -0.188592
-4.65089 1.15529 -0.163105
-4.60112 1.15074 -0.09098
-4.5531 1.14588 -0.100935
-4.51465 1.14167 -0.109071
-4.47014 1.13641 -0.117552
-4.42055 1.13264 -0.0759512
-4.37601 1.12887 -0.0843434
-4.32865 1.123 -0.123381
-4.27906 1.11733 -0.11385
-4.2294 1.11208 -0.105262
-4.18778 1.10935 -0.0655248
-4.14415 1.10585 -0.0802038
-4.09639 1.10216 -0.0769987
-4.0469 1.09911 -0.061553
-3.99751 1.09231 -0.136811
-3.95841 1.08582 -0.164555
-3.9099 1.07805 -0.1589
-3.86328 1.06926 -0.186333
-3.81424 1.05951 -0.196298
-3.77902 1.05157 -0.221681
-3.73332 1.04323 -0.180447
-3.68438 1.03564 -0.153923
-3.64231 1.02985 -0.1366
-3.59536 1.0214 -0.178132
-3.54567 1.01604 -0.107457
-3.497 1.01067 -0.109831
-3.4511 1.00534 -0.115787
-3.41858 1.00102 -0.131969
-3.37724 0.995538 -0.131804
-3.33154 0.990571 -0.108243
-3.28597 0.985137 -0.118711
-3.2366 0.979891 -0.105855
-3.18686 0.975611 -0.0858376
-3.14162 0.969972 -0.12399
-3.09564 0.962872 -0.153209
-3.05011 0.957409 -0.11942
-3.01388 0.951922 -0.15033
-2.96667 0.945962 -0.125565
-2.92855 0.941439 -0.118085
-2.88073 0.934343 -0.147356
-2.83695 0.927978 -0.144325
-2.78969 0.922874 -0.107604
-2.74706 0.918945 -0.0918937
-2.70373 0.914279 -0.107265
-2.65516 0.908909 -0.110146
-2.60914 0.904808 -0.0888633
-2.56918 0.899533 -0.131252
-2.52917 0.892487 -0.174312
-2.48143 0.884967 -0.156222
-2.4406 0.877428 -0.18259
-2.40134 0.870906 -0.164632
-2.35259 0.860829 -0.203824
-2.30657 0.851168 -0.206957
-2.25977 0.840672 -0.220591
-2.211 0.830159 -0.212338
-2.16486 0.82205 -0.173967
-2.12567 0.81676 -0.134177
-2.07698 0.81087 -0.120362
-2.03675 0.805887 -0.12327
-1.98856 0.800205 -0.117339
-1.9397 0.794199 -0.122334
-1.89057 0.784985 -0.185382
-1.84827 0.779118 -0.137829
-1.7988 0.772407 -0.134804
-1.74947 0.767728 -0.0945973
-1.70188 0.76236 -0.112294
-1.6561 0.7566 -0.125194
-1.60744 0.749934 -0.136131
-1.56176 0.747995 -0.0424094
-1.51203 0.745521 -0.0497117
-1.46907 0.740959 -0.10582
-1.42049 0.734388 -0.134438
-1.37332 0.729744 -0.0981233
-1.32575 0.724196 -0.116097
-1.27627 0.717554 -0.133425
-1.23368 0.710513 -0.163858
-1.18456 0.70381 -0.135623
-1.13582 0.696197 -0.154939
-1.1046 0.691772 -0.140807
-1.05489 0.687631 -0.0831096
-1.01564 0.684412 -0.0818197
-0.97106 0.680646 -0.0842878
-0.922003 0.676071 -0.0929917
-0.886366 0.673813 -0.063267
-0.83779 0.669711 -0.0842532
-0.797903 0.665168 -0.113405
-0.763194 0.658496 -0.189901
-0.727675 0.652526 -0.166526
-0.680965 0.644397 -0.172304
-0.644802 0.637095 -0.199256
-0.602675 0.628013 -0.212328
-0.555008 0.612988 -0.305353
-0.513477 0.600412 -0.294023
-0.467282 0.585704 -0.308242
-0.420503 0.56807 -0.360505
-0.38002 0.554933 -0.313774
-0.333089 0.537811 -0.349824
-0.28638 0.522328 -0.320085
-0.249584 0.510439 -0.312515
-0.207941 0.497538 -0.300431
-0.167327 0.485274 -0.293248
-0.119688 0.47009 -0.308552
-0.0780748 0.456953 -0.3058
-0.0313806 0.43916 -0.364069
0.0134257 0.420031 -0.403503
0.0602141 0.402456 -0.359315
0.105615 0.385452 -0.358354
0.141312 0.373883 -0.313399
0.188722 0.358507 -0.313621
0.23671 0.344662 -0.28088
0.275917 0.3314 -0.326174
0.320536 0.314611 -0.359895
0.3663 0.296636 -0.374266
0.413165 0.279213 -0.355925
0.451803 0.262257 -0.413544
0.496805 0.245589 -0.354707
0.539226 0.231107 -0.328992
0.586622 0.215372 -0.320531
0.63385 0.199842 -0.317713
0.679794 0.187311 -0.266252
0.724368 0.17583 -0.252094
0.761122 0.166844 -0.23979
0.808154 0.15566 -0.233473
0.855772 0.144331 -0.233572
0.899904 0.134773 -0.213271
0.93964 0.125249 -0.235248
0.984994 0.114384 -0.235132
1.03144 0.1052 -0.195214
1.05669 0.100885 -0.169234
1.1038 0.0936286 -0.152837
1.13751 0.0886063 -0.147903
1.18679 0.0808096 -0.156911
1.23621 0.0732776 -0.151233
1.28472 0.067062 -0.127457
1.3302 0.0617347 -0.116589
1.3741 0.0585134 -0.0732575
1.42382 0.0535938 -0.0986243
1.47332 0.047234 -0.127759
1.5202 0.0437397 -0.0744069
1.56538 0.0407738 -0.0655551
1.61528 0.0402085 -0.0113266
1.66479 0.0376732 -0.0511731
1.70728 0.0365123 -0.0273098
1.74508 0.0339794 -0.0669201
1.79498 0.0330713 -0.0181966
1.84394 0.0309351 -0.0436058
1.88813 0.0300425 -0.0201954
1.93606 0.0287983 -0.0259493
1.97705 0.0275194 -0.0311916
2.01631 0.026821 -0.0177862
2.06626 0.0255635 -0.0251731
2.11334 0.02497 -0.0126053
2.16282 0.0218941 -0.0620756
2.21242 0.0193314 -0.0516242
2.25679 0.0159909 -0.0751565
2.30293 0.0133045 -0.0581474
2.33522 0.0126808 -0.0193186
2.37376 0.0121357 -0.0141408
2.41738 0.0131991 0.0243735
2.46433 0.0137108 0.0108972
2.51141 0.0155385 0.0388039
2.55816 0.0173512 0.0387517
2.60289 0.0164803 -0.0194724
2.65194 0.0160817 -0.00812455
2.70174 0.0144049 -0.0336575
2.75076 0.0129619 -0.0294272
2.80061 0.00990648 -0.0612179
2.84423 0.00604548 -0.0882895
2.89407 0.00259693 -0.0690848
2.94342 -0.00135997 -0.0800128
2.98954 -0.00290028 -0.0333839
3.02599 -0.00484886 -0.0534047
3.07326 -0.00570042 -0.018015
3.11912 -0.00833643 -0.0574162
3.16853 -0.0103467 -0.0406639
3.21839 -0.0115725 -0.0245769
3.25546 -0.0135617 -0.053615
3.3053 -0.0173622 -0.0761047
3.33727 -0.0205857 -0.100476
3.36607 -0.0239339 -0.115734
3.41599 -0.026471 -0.0507819
3.4644 -0.027166 -0.0143557
3.50579 -0.028305 -0.0275115
3.53538 -0.0287832 -0.0161592
3.5662 -0.0292965 -0.0166553
3.59475 -0.030517 -0.0427193
3.62201 -0.0313989 -0.0323481
3.65473 -0.0324645 -0.032547
3.70415 -0.0315253 0.0190032
3.73319 -0.0310057 0.0178932
3.77097 -0.0300203 0.026071
3.81695 -0.0300599 -0.000861883
3.86425 -0.0280184 0.0431339
3.89704 -0.0267782 0.0378029
3.93474 -0.026498 0.00743046
3.98007 -0.0265105 -0.000273979
4.01946 -0.0246013 0.0484336
4.05144 -0.021895 0.0844301
4.07215 -0.0196719 0.106925
4.09784 -0.0170211 0.102805
4.12449 -0.0145968 0.0907199
4.14957 -0.0101458 0.175697
4.17767 -0.0048445 0.186453
4.20377 -0.000375778 0.169529
4.23263 0.00374416 0.141827
4.2596 0.00654325 0.103429
4.30588 0.0121135 0.119769
4.35524 0.0166361 0.0913631
4.39944 0.0206677 0.0909623
4.44453 0.023653 0.066115
4.49313 0.0267796 0.0642497
4.52766 0.0295205 0.0791998
4.55806 0.0320849 0.0841574
4.58112 0.0340609 0.0855017
4.62134 0.0386502 0.113598
4.66456 0.0427387 0.0943274
4.7016 0.0464743 0.100501
4.73826 0.0482359 0.0480219
4.77144 0.0497539 0.045719
4.80679 0.0511155 0.0384986
4.85055 0.0510275 -0.00201138
4.88002 0.0517455 0.0243632
4.89984 0.0525548 0.0408173
4.92343 0.0533551 0.0339037
4.9423 0.0539849 0.0333697
4.94991 0.0540553 0.0092543
4.95948 0.05375 -0.0318852
4.96514 0.0533813 -0.0650944
4.97568 0.0527777 -0.0571781
4.99256 0.0522056 -0.0338844
5.0005 0.0517613 -0.0559133
5.01711 0.0507695 -0.0596407
5.02837 0.0503055 -0.041191
5.04128 0.0495135 -0.0612791
5.05231 0.0489174 -0.0539792
5.05446 0.0487511 -0.0770918
5.06425 0.0482483 -0.0513187
5.07499 0.047566 -0.0634188
5.08001 0.0470361 -0.105272
5.09619 0.0444769 -0.156898
5.11165 0.041466 -0.192284
5.12432 0.0384378 -0.234687
5.12979 0.0369817 -0.260113
5.13872 0.034437 -0.277439
5.15113 0.0305644 -0.302464
5.16153 0.0274144 -0.294221
5.17418 0.023442 -0.30419
5.17744 0.0225586 -0.265159
5.17533 0.0231434 -0.270878
5.18657 0.0202522 -0.25185
5.1978 0.0178904 -0.207263
5.20643 0.0163966 -0.171337
True
0.0679857
