-5.46704 -0.827353 0.0887179
-5.42953 -0.824135 0.085589
-5.38622 -0.820272 0.0889405
-5.35869 -0.818969 0.0473099
-5.3142 -0.815276 0.0828288
-5.26442 -0.810704 0.0915664
-5.21588 -0.807891 0.0578982
-5.17321 -0.805767 0.0497349
-5.12821 -0.803931 0.040776
-5.07838 -0.802607 0.0265617
-5.03593 -0.803588 -0.0231147
-4.99156 -0.80468 -0.024588
-4.94573 -0.803654 0.0223739
-4.89968 -0.803734 -0.00174729
-4.85491 -0.801934 0.0401812
-4.80505 -0.79825 0.0737605
-4.75543 -0.797863 0.00780766
-4.71574 -0.796147 0.0432114
-4.67029 -0.794738 0.0309831
-4.62659 -0.791401 0.0762262
-4.58331 -0.78788 0.0811703
-4.53525 -0.782514 0.11118
-4.49214 -0.77685 0.130625
-4.44418 -0.770673 0.128102
-4.40062 -0.767078 0.0823394
-4.35209 -0.763035 0.0831266
-4.30259 -0.762157 0.0177364
-4.2586 -0.762139 0.000413338
-4.21025 -0.761735 0.00835011
-4.16218 -0.764058 -0.0482769
-4.12145 -0.767987 -0.0961773
-4.07866 -0.771443 -0.0805977
-4.03127 -0.778078 -0.139082
-3.98197 -0.786389 -0.16704
-3.93446 -0.794095 -0.160791
-3.88616 -0.804543 -0.213035
-3.83734 -0.815318 -0.2172
-3.79489 -0.824528 -0.213685
-3.74596 -0.833793 -0.187117
-3.69704 -0.843487 -0.195625
-3.64932 -0.853589 -0.208627
-3.60074 -0.864043 -0.211963
-3.55158 -0.87278 -0.175903
-3.50263 -0.882962 -0.205068
-3.45619 -0.894687 -0.247287
-3.4084 -0.905043 -0.213426
-3.37138 -0.914775 -0.257069
-3.32311 -0.9253 -0.214661
-3.28112 -0.934766 -0.221747
-3.2335 -0.94461 -0.203835
-3.18821 -0.956131 -0.249085
-3.14035 -0.96916 -0.265834
-3.09789 -0.981947 -0.292505
-3.06333 -0.995187 -0.365775
-3.02097 -1.01101 -0.35744
-2.98592 -1.02287 -0.326299
-2.94184 -1.03875 -0.345871
-2.90514 -1.05335 -0.378516
-2.85883 -1.07221 -0.386846
-2.81585 -1.08954 -0.383271
-2.78 -1.10244 -0.345264
-2.7503 -1.11242 -0.324108
-2.70531 -1.12825 -0.338356
-2.66175 -1.14272 -0.32084
-2.61512 -1.15838 -0.324056
-2.57349 -1.17091 -0.292282
-2.53741 -1.18135 -0.28169
-2.48906 -1.194 -0.255952
-2.44375 -1.2039 -0.215125
-2.39571 -1.21212 -0.169299
-2.34696 -1.22056 -0.171527
-2.2979 -1.22859 -0.162179
-2.24876 -1.23781 -0.185472
-2.19968 -1.2462 -0.16936
-2.15127 -1.25173 -0.113761
-2.10288 -1.25507 -0.0687592
-2.06094 -1.25772 -0.0632718
-2.02525 -1.26064 -0.0816779
-1.98895 -1.264 -0.0921012
-1.94324 -1.26777 -0.0822583
-1.89721 -1.27021 -0.0530209
-1.84739 -1.27248 -0.0454825
-1.7987 -1.27446 -0.0407209
-1.74985 -1.27481 -0.00725111
-1.70001 -1.27505 -0.00472588
-1.65002 -1.27568 -0.0125908
-1.62107 -1.27574 -0.00222385
-1.57353 -1.27531 0.00914076
-1.52424 -1.27267 0.053524
-1.48798 -1.27036 0.0634612
-1.45173 -1.26792 0.0672305
-1.40345 -1.26396 0.0818938
-1.36081 -1.25936 0.107548
-1.31115 -1.25354 0.116665
-1.27175 -1.24851 0.126976
-1.22538 -1.24168 0.146155
-1.17757 -1.23539 0.130867
-1.12885 -1.22809 0.14875
-1.07971 -1.22027 0.157823
-1.049 -1.21466 0.1804
-1.00127 -1.20663 0.166691
-0.951974 -1.19832 0.166997
-0.906455 -1.19077 0.164483
-0.857365 -1.18237 0.169524
-0.809166 -1.17338 0.184333
-0.773584 -1.16756 0.162074
-0.724162 -1.16001 0.151594
-0.674946 -1.15163 0.168753
-0.626022 -1.1423 0.188285
-0.578902 -1.13164 0.222482
-0.531533 -1.12077 0.225702
-0.495986 -1.11142 0.257138
-0.448774 -1.09915 0.254314
-0.402324 -1.08701 0.255563
-0.356492 -1.0754 0.248094
-0.311498 -1.06551 0.216462
-0.265571 -1.05599 0.20435
-0.218966 -1.04595 0.212176
-0.17257 -1.03692 0.192263
-0.130169 -1.02773 0.213493
-0.082054 -1.01865 0.186403
-0.0331475 -1.011 0.155128
0.0164179 -1.00501 0.120406
0.0661587 -0.999957 0.101166
0.11438 -0.994669 0.109236
0.15762 -0.989748 0.113319
0.207194 -0.984033 0.114768
0.24467 -0.977833 0.163969
0.29388 -0.969093 0.175754
0.331719 -0.962449 0.173813
0.370656 -0.956821 0.143563
0.419569 -0.947906 0.18027
0.467373 -0.938976 0.184678
0.516396 -0.930179 0.177563
0.565045 -0.918685 0.232003
0.612596 -0.907634 0.228352
0.655983 -0.896621 0.248578
0.704108 -0.883278 0.270471
0.750121 -0.87174 0.245681
0.798876 -0.860993 0.21697
0.84794 -0.851368 0.193713
0.884004 -0.845111 0.171769
0.930168 -0.834877 0.218174
0.979547 -0.828581 0.126805
1.02713 -0.822505 0.127023
1.0728 -0.817413 0.111012
1.12066 -0.81376 0.0761939
1.17031 -0.809208 0.0914355
1.21012 -0.805773 0.0860757
1.25911 -0.803201 0.0524503
1.30806 -0.79939 0.0776902
1.35682 -0.797701 0.0346231
1.40651 -0.793349 0.0873519
1.45351 -0.792577 0.0164337
1.50023 -0.79085 0.0369499
1.54918 -0.788201 0.0540745
1.59913 -0.78737 0.0166265
1.644 -0.783417 0.0878714
1.69218 -0.779201 0.0872781
1.74009 -0.775954 0.0676644
1.78953 -0.77262 0.0673445
1.83832 -0.768946 0.0751564
1.88801 -0.764836 0.0825195
1.93762 -0.761881 0.0594923
1.97409 -0.759167 0.0742741
2.02395 -0.755695 0.069527
2.0726 -0.75287 0.0579976
2.12226 -0.748387 0.0900315
2.17061 -0.745752 0.0544523
2.2123 -0.741969 0.0904982
2.26125 -0.736559 0.110074
2.30796 -0.732844 0.0793637
2.35628 -0.726115 0.138362
2.40069 -0.721623 0.100811
2.45034 -0.71607 0.111375
2.49971 -0.708208 0.157936
2.54884 -0.699257 0.180196
2.59266 -0.68929 0.22365
2.63898 -0.680739 0.182577
2.67591 -0.674033 0.179576
2.72375 -0.667188 0.142117
2.76541 -0.659002 0.194043
2.81355 -0.65288 0.126482
2.86024 -0.646406 0.137802
2.90824 -0.638073 0.171873
2.95412 -0.63025 0.168885
2.99612 -0.623798 0.15244
3.04007 -0.617002 0.153421
3.08711 -0.609315 0.161985
3.1336 -0.60326 0.129497
3.17754 -0.597416 0.132221
3.2231 -0.591713 0.124538
3.2687 -0.584035 0.166846
3.31018 -0.577038 0.167059
3.35511 -0.570778 0.138473
3.40164 -0.562134 0.183638
3.44772 -0.553883 0.177193
3.47964 -0.548124 0.178535
3.51045 -0.540883 0.230794
3.55873 -0.528891 0.243494
3.59281 -0.52068 0.236412
3.63007 -0.512645 0.212388
3.65183 -0.507305 0.240658
3.66279 -0.504641 0.238439
3.67519 -0.501329 0.260973
3.69865 -0.495996 0.223547
3.71682 -0.491722 0.230916
3.73887 -0.487213 0.201739
3.78056 -0.479076 0.192761
3.8131 -0.474227 0.147894
3.83929 -0.469957 0.161637
3.87144 -0.46605 0.120949
3.88777 -0.464952 0.067118
3.91826 -0.462601 0.0769563
3.96692 -0.458327 0.0876047
3.98922 -0.45602 0.103085
4.02012 -0.455084 0.0303004
4.047 -0.454833 0.00931294
4.06483 -0.454915 -0.00457996
4.09927 -0.454084 0.0241172
4.12147 -0.453825 0.0116703
4.15963 -0.453205 0.0162428
4.19079 -0.452628 0.0185276
4.22258 -0.452554 0.0023302
4.25361 -0.452704 -0.00483992
4.28137 -0.454136 -0.0515597
4.29265 -0.454881 -0.0659669
4.3127 -0.455662 -0.0388948
4.32673 -0.455708 -0.00327639
4.34316 -0.455218 0.0297721
4.36223 -0.453781 0.075205
4.38137 -0.452342 0.0750627
4.40575 -0.449164 0.129598
4.42305 -0.446341 0.161779
4.43305 -0.444912 0.141953
4.4386 -0.444285 0.112352
4.45893 -0.440622 0.178336
4.48679 -0.435829 0.170356
4.52342 -0.429328 0.175637
4.55862 -0.422707 0.18592
4.59196 -0.417051 0.168063
4.61148 -0.413437 0.183063
4.62743 -0.410762 0.166152
4.64046 -0.408566 0.166969
4.65385 -0.405965 0.191831
4.67138 -0.402111 0.216382
4.68754 -0.398545 0.217251
4.70083 -0.395552 0.221583
4.71276 -0.392771 0.228985
4.73042 -0.388641 0.22972
4.74072 -0.386434 0.211096
4.7432 -0.385891 0.214754
4.74931 -0.384716 0.190156
4.7542 -0.383571 0.230306
4.76089 -0.381981 0.233169
4.78201 -0.377655 0.202031
4.80706 -0.372241 0.212828
4.84147 -0.362327 0.280513
4.88638 -0.347806 0.312741
4.92117 -0.336511 0.313915
4.93671 -0.330832 0.350485
4.95403 -0.323923 0.379607
4.97365 -0.315869 0.389532
4.98665 -0.310664 0.380615
5.00298 -0.304736 0.348278
5.00528 -0.30391 0.344063
5.01512 -0.300494 0.334395
5.02314 -0.297767 0.327789
5.03123 -0.294947 0.33532
5.04526 -0.289671 0.359676
5.05509 -0.285763 0.37841
5.05803 -0.2846 0.376496
5.0651 -0.281672 0.392614
5.06951 -0.27978 0.405528
5.0753 -0.277338 0.39896
5.08333 -0.274064 0.387286
5.10135 -0.266726 0.386741
5.10678 -0.264788 0.342831
5.11409 -0.262231 0.336197
5.1182 -0.260748 0.346307
5.13391 -0.254642 0.370742
5.1424 -0.250736 0.431141
5.14942 -0.247013 0.487621
5.17087 -0.236536 0.454447
5.17862 -0.232617 0.468063
5.18357 -0.230109 0.468778
5.19055 -0.226568 0.469432
5.20095 -0.221058 0.487309
5.2108 -0.215848 0.486356
True
0.299705
