-5.47279 -1.02767 0.212561
-5.43212 -1.02138 0.153424
-5.38398 -1.01165 0.199445
-5.33515 -1.00108 0.213162
-5.28662 -0.989135 0.241398
-5.2389 -0.976132 0.266013
-5.19108 -0.964923 0.230269
-5.14235 -0.953937 0.221749
-5.0935 -0.944315 0.194455
-5.05345 -0.936269 0.198284
-5.00644 -0.927948 0.175187
-4.9572 -0.919421 0.171469
-4.90903 -0.909239 0.208298
-4.86323 -0.898825 0.223604
-4.81953 -0.887914 0.244646
-4.77164 -0.874974 0.263886
-4.72458 -0.858467 0.337397
-4.6763 -0.845563 0.26117
-4.63189 -0.834264 0.249134
-4.58558 -0.822512 0.248519
-4.53765 -0.810015 0.255055
-4.49643 -0.800937 0.216769
-4.45213 -0.790111 0.23969
-4.40794 -0.780592 0.212139
-4.35988 -0.767106 0.273572
-4.31866 -0.756061 0.261814
-4.27886 -0.746135 0.244457
-4.23531 -0.736405 0.219786
-4.18681 -0.725764 0.215966
-4.13906 -0.714176 0.238107
-4.0974 -0.70454 0.227268
-4.04953 -0.692446 0.247474
-4.005 -0.682274 0.2246
-3.96553 -0.673501 0.218703
-3.92135 -0.664713 0.19633
-3.87307 -0.6541 0.216405
-3.82499 -0.641446 0.257344
-3.77674 -0.629351 0.245599
-3.73075 -0.616057 0.281394
-3.68289 -0.601582 0.29372
-3.64649 -0.589892 0.310773
-3.59907 -0.574556 0.312741
-3.5538 -0.5607 0.297057
-3.50603 -0.548065 0.258558
-3.45809 -0.534609 0.273672
-3.41195 -0.52279 0.250728
-3.36318 -0.514056 0.177217
-3.31388 -0.506142 0.159166
-3.27169 -0.499124 0.164838
-3.22978 -0.494646 0.10645
-3.187 -0.489968 0.108906
-3.13961 -0.485375 0.0966224
-3.09497 -0.480064 0.118426
-3.05031 -0.472311 0.171879
-3.00319 -0.464096 0.1726
-2.95529 -0.455463 0.178294
-2.90663 -0.443954 0.232284
-2.86272 -0.431859 0.268748
-2.8176 -0.41851 0.287702
-2.77469 -0.406547 0.271846
-2.72696 -0.392228 0.291455
-2.67918 -0.38073 0.236162
-2.63332 -0.370268 0.224302
-2.58865 -0.360194 0.221809
-2.54006 -0.349227 0.221965
-2.49288 -0.337805 0.237512
-2.44609 -0.327208 0.222749
-2.3971 -0.317317 0.199233
-2.34842 -0.307003 0.20877
-2.30131 -0.296195 0.225513
-2.26147 -0.287612 0.212179
-2.21422 -0.279798 0.163917
-2.16771 -0.26951 0.217666
-2.12625 -0.263718 0.13883
-2.07901 -0.256434 0.152961
-2.03011 -0.248063 0.169554
-1.98858 -0.240657 0.176475
-1.94136 -0.231485 0.19185
-1.89269 -0.222213 0.188238
-1.85326 -0.213706 0.212504
-1.80563 -0.204896 0.182911
-1.76178 -0.197141 0.175069
-1.71226 -0.190549 0.132322
-1.66752 -0.183411 0.158205
-1.62017 -0.174305 0.190001
-1.57143 -0.163212 0.223782
-1.52317 -0.152681 0.214841
-1.47715 -0.142486 0.218005
-1.43944 -0.131102 0.293215
-1.39482 -0.118691 0.271263
-1.35337 -0.105388 0.310598
-1.30937 -0.0910381 0.3152
-1.26365 -0.0776126 0.285669
-1.21952 -0.064359 0.291745
-1.17511 -0.0514385 0.283079
-1.12653 -0.0401823 0.227718
-1.07889 -0.0253256 0.302256
-1.03304 -0.0112969 0.296978
-0.991817 -0.000746266 0.250535
-0.946553 0.0122385 0.279367
-0.901833 0.0225179 0.225936
-0.853709 0.0350703 0.25515
-0.806114 0.0461529 0.228776
-0.758461 0.0589377 0.262114
-0.72475 0.0674303 0.246793
-0.678632 0.0777281 0.219688
-0.63046 0.090688 0.262811
-0.590879 0.101779 0.2732
-0.550943 0.112668 0.266188
-0.507736 0.124782 0.273352
-0.461822 0.133469 0.186992
-0.413146 0.144879 0.23025
-0.366154 0.15391 0.189865
-0.321449 0.164869 0.240405
-0.278856 0.173288 0.195158
-0.230165 0.183446 0.205672
-0.181183 0.192203 0.176901
-0.132402 0.198667 0.131734
-0.0832209 0.204632 0.120706
-0.0407398 0.210223 0.130866
0.00627733 0.217018 0.143514
0.0557034 0.222737 0.115195
0.0958572 0.227439 0.11657
0.144956 0.236882 0.190014
0.194142 0.244763 0.158872
0.24177 0.254436 0.200369
0.288994 0.263222 0.183955
0.327129 0.269808 0.171017
0.364196 0.27771 0.210027
0.412232 0.288728 0.225479
0.460085 0.299381 0.219042
0.508247 0.311322 0.243027
0.554671 0.324437 0.275332
0.595546 0.335517 0.26472
0.631798 0.346186 0.286215
0.671722 0.359059 0.31192
0.720327 0.370779 0.236598
0.768038 0.385242 0.294333
0.816234 0.398472 0.267903
0.860153 0.41298 0.319061
0.908026 0.427205 0.288834
0.956436 0.439565 0.249976
1.00522 0.450453 0.219592
1.05378 0.461761 0.228778
1.0999 0.472173 0.222059
1.14391 0.482151 0.222947
1.19157 0.493355 0.230879
1.22622 0.500651 0.207543
1.27519 0.510678 0.201948
1.32403 0.521405 0.216227
1.37176 0.533004 0.238375
1.42001 0.543667 0.217515
1.46806 0.555648 0.244339
1.51566 0.567215 0.238398
1.56259 0.579892 0.263847
1.60162 0.589829 0.24925
1.65018 0.601644 0.238701
1.6885 0.611003 0.239553
1.73526 0.623432 0.259762
1.77027 0.632187 0.245018
1.81647 0.645512 0.280832
1.86463 0.658729 0.267828
1.90739 0.671291 0.285769
1.95018 0.681606 0.236566
1.99849 0.693062 0.232811
2.04662 0.704088 0.225203
2.08499 0.713502 0.240581
2.12665 0.72599 0.291259
2.17441 0.73778 0.242029
2.22252 0.751272 0.273376
2.27099 0.763481 0.24678
2.319 0.77663 0.267336
2.3631 0.790151 0.297468
2.41091 0.804642 0.29432
2.44837 0.816584 0.308602
2.49154 0.830291 0.30742
2.53779 0.844581 0.299711
2.58412 0.860535 0.331633
2.62821 0.875528 0.327757
2.6749 0.891905 0.337376
2.72196 0.906956 0.309524
2.76824 0.920804 0.290779
2.81533 0.931382 0.220916
2.86402 0.94083 0.191656
2.9133 0.949306 0.170351
2.95466 0.95544 0.147224
3.00323 0.962125 0.136781
3.05272 0.969238 0.142762
3.08677 0.976375 0.206601
3.13561 0.985036 0.175527
3.17387 0.990032 0.12983
3.22262 0.995723 0.116215
3.27166 1.00028 0.0926789
3.32037 1.0054 0.104633
3.36978 1.01302 0.152995
3.41752 1.02019 0.149191
3.46661 1.02605 0.118696
3.51516 1.03451 0.172685
3.54687 1.04045 0.184977
3.5932 1.05257 0.255983
3.62148 1.05919 0.229741
3.64545 1.06463 0.223272
3.68504 1.07293 0.206665
3.71821 1.07972 0.20187
3.75079 1.08563 0.179459
3.79101 1.09274 0.174916
3.82429 1.09896 0.18479
3.86532 1.10683 0.189646
3.90806 1.11556 0.20136
3.92088 1.11845 0.222237
3.93592 1.12224 0.246593
3.96544 1.12866 0.213984
3.99766 1.13479 0.188166
4.03661 1.14097 0.157268
4.0663 1.14552 0.152331
4.09314 1.15162 0.223449
4.11871 1.15776 0.235504
4.15873 1.1701 0.29912
4.1903 1.1797 0.295234
4.20921 1.18479 0.262679
4.23775 1.19296 0.279009
4.2703 1.20353 0.313786
4.30657 1.21526 0.312778
4.33992 1.22537 0.294322
4.37409 1.23628 0.309147
4.40585 1.24664 0.315272
4.44311 1.25871 0.313342
4.47136 1.26799 0.317311
4.48472 1.27258 0.331279
4.50199 1.27823 0.315836
4.5269 1.28539 0.2801
4.56364 1.2965 0.293564
4.57628 1.30041 0.300192
4.59221 1.30638 0.35863
4.61694 1.31642 0.385558
4.64157 1.3278 0.432749
4.67054 1.34104 0.428707
4.69547 1.35256 0.432973
4.70544 1.35682 0.403739
4.71559 1.36158 0.438387
4.73141 1.36841 0.407536
4.74299 1.37329 0.398876
4.74911 1.37559 0.359567
4.753 1.37694 0.33415
4.75377 1.37717 0.288735
4.76636 1.38094 0.290722
4.78581 1.38748 0.324802
4.79964 1.39192 0.310537
4.82125 1.39879 0.307757
4.8248 1.39985 0.288826
4.83474 1.40322 0.327459
4.84915 1.40866 0.360787
4.86941 1.4157 0.334349
4.88004 1.41928 0.324691
4.89989 1.42581 0.318083
4.92446 1.434 0.321682
4.95156 1.4428 0.314113
4.97613 1.44927 0.257179
4.97632 1.44932 0.277811
4.98991 1.45263 0.23919
5.00456 1.45582 0.214365
5.01997 1.45831 0.160137
5.03759 1.46083 0.141709
5.04698 1.46207 0.131236
5.05779 1.46378 0.157716
5.07079 1.46577 0.151417
5.09014 1.46865 0.147694
5.09597 1.46956 0.155056
5.11321 1.47294 0.193428
5.11927 1.47455 0.260429
5.13117 1.4776 0.250812
5.13809 1.47987 0.317655
5.14641 1.48221 0.274061
5.15466 1.48426 0.243506
5.16541 1.4864 0.195821
5.17508 1.4881 0.174688
5.18181 1.4894 0.190939
5.18738 1.49077 0.240381
5.19532 1.49281 0.251089
5.20736 1.49539 0.21165
True
0.0644168
