-5.4571 -1.15 -0.0107908
-5.40759 -1.15388 -0.07837
-5.35801 -1.15722 -0.0671728
-5.31095 -1.16024 -0.0640678
-5.26144 -1.1618 -0.0314702
-5.21253 -1.16172 0.0015281
-5.16505 -1.15993 0.0376803
-5.11509 -1.15859 0.0269143
-5.06566 -1.15884 -0.00518939
-5.01605 -1.15854 0.00616011
-4.96931 -1.1574 0.0243362
-4.92414 -1.15662 0.0172393
-4.8769 -1.15774 -0.0236576
-4.83302 -1.15703 0.0161346
-4.78735 -1.15551 0.0333364
-4.74773 -1.15468 0.0208412
-4.69773 -1.15456 0.00238319
-4.64864 -1.15373 0.0169334
-4.6012 -1.15385 -0.00252513
-4.55479 -1.15327 0.012644
-4.51215 -1.15253 0.0171826
-4.46298 -1.1521 0.00876599
-4.4138 -1.15316 -0.0214126
-4.37606 -1.15397 -0.0214584
-4.32902 -1.15521 -0.0264807
-4.27963 -1.15507 0.00276626
-4.24007 -1.15535 -0.00705325
-4.19565 -1.15481 0.0122371
-4.1535 -1.15398 0.0196406
-4.10571 -1.155 -0.0213983
-4.05639 -1.15524 -0.00484941
-4.00708 -1.15669 -0.0292768
-3.96414 -1.15674 -0.00128552
-3.91551 -1.15632 0.00879049
-3.87238 -1.15557 0.0173299
-3.83129 -1.15649 -0.0223596
-3.78199 -1.157 -0.0104452
-3.7372 -1.1577 -0.015475
-3.69343 -1.15818 -0.011128
-3.6437 -1.15818 -1.92337e-05
-3.59617 -1.15811 0.00152022
-3.55221 -1.15891 -0.0181945
-3.50253 -1.15843 0.00966566
-3.4527 -1.15917 -0.0148939
-3.40298 -1.15992 -0.0149351
-3.35329 -1.16184 -0.0387941
-3.30902 -1.16547 -0.0817569
-3.26817 -1.17008 -0.112395
-3.21881 -1.17501 -0.0995385
-3.18074 -1.17983 -0.125901
-3.13246 -1.18368 -0.079543
-3.08284 -1.18946 -0.115926
-3.03379 -1.19566 -0.125807
-2.98457 -1.20137 -0.115551
-2.93491 -1.20523 -0.0775095
-2.88616 -1.20965 -0.0903373
-2.83669 -1.21558 -0.119327
-2.79096 -1.21765 -0.0453354
-2.7411 -1.22031 -0.0532809
-2.69113 -1.22204 -0.0346073
-2.64375 -1.22423 -0.0462586
-2.60052 -1.22458 -0.00798217
-2.55401 -1.22578 -0.0257276
-2.50547 -1.22326 0.0518567
-2.45721 -1.22012 0.0648139
-2.4094 -1.21522 0.102146
-2.36884 -1.2103 0.120899
-2.31895 -1.20703 0.0654623
-2.27996 -1.20478 0.0575998
-2.23018 -1.20032 0.0893979
-2.18384 -1.19874 0.0340877
-2.13644 -1.19691 0.0384346
-2.09663 -1.19405 0.0717216
-2.04773 -1.1918 0.0460768
-1.99869 -1.19069 0.0225477
-1.95559 -1.19026 0.00993493
-1.91595 -1.18786 0.0604516
-1.8693 -1.18456 0.0707897
-1.83218 -1.18256 0.0536128
-1.7825 -1.1772 0.107535
-1.73302 -1.17234 0.0979835
-1.68332 -1.16757 0.0956457
-1.6488 -1.16485 0.0786264
-1.59977 -1.16327 0.032303
-1.54985 -1.16251 0.0152225
-1.5038 -1.16165 0.0184846
-1.45934 -1.16086 0.0178788
-1.41057 -1.16096 -0.00202501
-1.36237 -1.16214 -0.0244923
-1.31306 -1.16241 -0.00553697
-1.2649 -1.16351 -0.0227113
-1.21773 -1.16247 0.022028
-1.16938 -1.16224 0.0046886
-1.11943 -1.16342 -0.0235919
-1.075 -1.1638 -0.00851836
-1.02553 -1.16503 -0.0248154
-0.976346 -1.16618 -0.0234986
-0.928973 -1.16613 0.00101236
-0.884518 -1.16796 -0.0409726
-0.834804 -1.16815 -0.0038337
-0.788005 -1.16582 0.0496777
-0.738153 -1.16525 0.011512
-0.689077 -1.16368 0.0318432
-0.648457 -1.16327 0.0101496
-0.599246 -1.16395 -0.0137393
-0.550311 -1.16631 -0.0482535
-0.50338 -1.16869 -0.0506824
-0.459815 -1.17089 -0.0504327
-0.420401 -1.17137 -0.0120912
-0.370411 -1.17036 0.0200455
-0.322187 -1.16676 0.0745316
-0.272753 -1.16194 0.0971994
-0.223773 -1.15789 0.0826458
-0.180086 -1.15496 0.066764
-0.141765 -1.15052 0.11551
-0.0918656 -1.14736 0.0632832
-0.0445833 -1.14425 0.0655202
0.00421991 -1.13942 0.0987544
0.0513119 -1.13532 0.0867551
0.10079 -1.13169 0.0733076
0.130754 -1.12974 0.0649409
0.180572 -1.1258 0.0789507
0.229356 -1.12134 0.0912088
0.256394 -1.1188 0.0935304
0.306178 -1.11472 0.0817909
0.353117 -1.11251 0.046993
0.402668 -1.11122 0.026146
0.45226 -1.11441 -0.0643218
0.502102 -1.11677 -0.0472079
0.552033 -1.11737 -0.0121049
0.596471 -1.11752 -0.00342169
0.64397 -1.11508 0.0512866
0.689065 -1.11301 0.0459938
0.733188 -1.11007 0.0665591
0.781094 -1.10739 0.055862
0.829974 -1.10594 0.0295961
0.872955 -1.10395 0.0462916
0.922827 -1.10297 0.0195555
0.955628 -1.10285 0.00389372
1.00475 -1.10437 -0.0309933
1.04937 -1.10536 -0.0221449
1.09591 -1.1055 -0.00296388
1.14542 -1.10818 -0.0540755
1.18694 -1.10986 -0.0406204
1.22895 -1.11278 -0.0694242
1.27588 -1.11726 -0.095022
1.32549 -1.12076 -0.0705595
1.37426 -1.12606 -0.108253
1.42415 -1.12899 -0.0585758
1.47062 -1.13069 -0.0365249
1.51614 -1.13066 0.000516132
1.56014 -1.13297 -0.0523999
1.61011 -1.13375 -0.0156108
1.6588 -1.13352 0.0047523
1.7083 -1.13137 0.0433284
1.75342 -1.13173 -0.00798221
1.80332 -1.13334 -0.0322445
1.84154 -1.13319 0.00399509
1.89101 -1.13409 -0.0180925
1.94093 -1.13129 0.0560029
1.99033 -1.12965 0.0331817
2.04016 -1.12649 0.0633543
2.08734 -1.12322 0.0691408
2.12755 -1.12124 0.049181
2.16241 -1.11954 0.0488542
2.20879 -1.11917 0.00792083
2.24792 -1.11793 0.0317072
2.28378 -1.11642 0.0419668
2.33376 -1.11519 0.0245973
2.38291 -1.11553 -0.00684116
2.42934 -1.11498 0.0117839
2.47907 -1.11354 0.0290172
2.52554 -1.11376 -0.00473025
2.57034 -1.11252 0.0276622
2.61985 -1.11198 0.0108952
2.66332 -1.11105 0.0214746
2.70611 -1.10966 0.0324218
2.75185 -1.10975 -0.00206953
2.80158 -1.1098 -0.000988057
2.85154 -1.10904 0.0151556
2.88083 -1.10836 0.02337
2.92798 -1.10617 0.046391
2.97797 -1.10692 -0.0148923
3.01678 -1.10743 -0.0132476
3.05694 -1.10571 0.0427645
3.10492 -1.10383 0.0391909
3.15357 -1.10153 0.0472949
3.2005 -1.09904 0.0528743
3.24301 -1.09516 0.0911211
3.29294 -1.09406 0.0220482
3.33849 -1.09366 0.00866551
3.38032 -1.09589 -0.0532505
3.42967 -1.10134 -0.10984
3.47841 -1.10689 -0.113479
3.51139 -1.11298 -0.182482
3.54199 -1.11895 -0.192901
3.58123 -1.12279 -0.0975476
3.62087 -1.12704 -0.106738
3.64164 -1.12964 -0.124615
3.678 -1.13154 -0.0520928
3.69449 -1.13241 -0.0528875
3.71839 -1.13398 -0.0657052
3.73399 -1.13478 -0.0510425
3.77157 -1.13493 -0.00395394
3.79728 -1.13542 -0.0191113
3.80884 -1.13564 -0.0189619
3.84245 -1.13389 0.0519542
3.87195 -1.13213 0.0598219
3.91303 -1.12838 0.0909986
3.94036 -1.12572 0.097043
3.97712 -1.1238 0.0521431
4.00653 -1.12362 0.0060452
4.03115 -1.12337 0.010146
4.04406 -1.12307 0.0235777
4.06921 -1.1226 0.0185321
4.10911 -1.12151 0.0274245
4.14752 -1.12023 0.0332537
4.1952 -1.12102 -0.0165735
4.23396 -1.12139 -0.00954304
4.2723 -1.1233 -0.0497137
4.30345 -1.12466 -0.0437229
4.33639 -1.12763 -0.0899778
4.3838 -1.13053 -0.0610524
4.42769 -1.13261 -0.0474292
4.47191 -1.13537 -0.0622039
4.5072 -1.13829 -0.0826984
4.53007 -1.13959 -0.0568063
4.55584 -1.14069 -0.0424149
4.59197 -1.14164 -0.0264931
4.62277 -1.14183 -0.00607121
4.65289 -1.14146 0.0123938
4.68507 -1.14069 0.0239261
4.7094 -1.13967 0.0418215
4.73787 -1.13813 0.053978
4.76753 -1.13586 0.0763409
4.7849 -1.13368 0.125144
4.81098 -1.13039 0.125319
4.82803 -1.12834 0.119678
4.85877 -1.125 0.108355
4.86678 -1.12425 0.0934175
4.87762 -1.12319 0.0968719
4.8865 -1.1225 0.0782629
4.90114 -1.12172 0.0526799
4.92377 -1.12121 0.0224774
4.94939 -1.12221 -0.0388222
4.97211 -1.12349 -0.0560854
4.98465 -1.12467 -0.0945146
4.99878 -1.12613 -0.102914
5.02205 -1.12802 -0.0807067
5.02937 -1.12866 -0.0873119
5.04039 -1.12984 -0.10664
5.05619 -1.13116 -0.0835826
5.06015 -1.13163 -0.118716
5.0779 -1.13381 -0.122361
5.09112 -1.13526 -0.109173
5.11361 -1.13779 -0.11178
5.12736 -1.13871 -0.0666664
5.13424 -1.13897 -0.0381475
5.14017 -1.13908 -0.0189034
5.14562 -1.13902 0.0108249
5.16082 -1.13879 0.0153664
5.17255 -1.13922 -0.036951
5.18829 -1.14004 -0.0520343
5.19281 -1.14024 -0.0446145
5.19304 -1.14026 -0.0566601
5.20191 -1.14119 -0.104463
5.20296 -1.1413 -0.105483
5.20188 -1.14121 -0.0819539
5.2098 -1.1419 -0.0870889
True
0.0669469
