4.48725 0.00587312 2.71004
4.47583 0.0115202 2.68216
4.46726 0.0163509 2.6286
4.44319 0.0311013 2.59173
4.41148 0.0560454 2.47497
4.37252 0.0872548 2.46632
4.34387 0.112395 2.42129
4.3188 0.137906 2.34753
4.28718 0.174903 2.27791
4.25379 0.21145 2.31118
4.23471 0.233519 2.28356
4.20325 0.27035 2.27779
4.18105 0.298623 2.23646
4.16443 0.322014 2.18829
4.13686 0.362684 2.1666
4.10912 0.404008 2.16196
4.08476 0.442167 2.13895
4.077 0.455515 2.09745
4.05463 0.497494 2.06048
4.03726 0.529205 2.07174
4.02008 0.560214 2.07673
3.99918 0.602775 2.02731
3.98428 0.637342 1.97772
3.96459 0.681887 1.98716
3.95036 0.715953 1.96628
3.94455 0.729193 1.98449
3.93263 0.754064 2.01783
3.91579 0.791741 1.99097
3.8982 0.829363 2.00829
3.87629 0.871379 2.05139
3.85291 0.91553 2.05782
3.8314 0.959399 2.02668
3.80791 1.00352 2.06
3.79146 1.03951 1.99957
3.77285 1.07725 2.02888
3.75282 1.12064 2.00338
3.73397 1.16102 2.00755
3.71591 1.19956 2.00892
3.69532 1.24186 2.02374
3.67355 1.28687 2.0214
3.65684 1.32727 1.96288
3.63553 1.37244 2.01172
3.61574 1.4182 1.979
3.59426 1.46148 2.03133
3.57092 1.50562 2.05723
3.54955 1.5508 2.01275
3.52966 1.59198 2.02068
3.51108 1.63788 1.95538
3.49567 1.67409 1.97308
3.4749 1.71956 1.99937
3.46133 1.75145 1.97314
3.44321 1.79292 1.98278
3.4223 1.83752 2.00907
3.40043 1.88243 2.02402
3.37731 1.92647 2.0542
3.35414 1.96812 2.07844
3.33061 2.01122 2.07056
3.30496 2.05414 2.10941
3.2799 2.09699 2.10013
3.26141 2.12706 2.12205
3.24325 2.15645 2.12427
3.22295 2.1879 2.14384
3.19808 2.22763 2.13009
3.17193 2.26999 2.12389
3.14499 2.30698 2.20025
3.11852 2.34428 2.18806
3.08978 2.38517 2.18343
3.05918 2.42463 2.23042
3.02801 2.46364 2.24497
2.99959 2.49818 2.25921
2.97059 2.53264 2.27047
2.93745 2.5699 2.29767
2.90365 2.60595 2.3239
2.86963 2.64259 2.31914
2.83618 2.67975 2.30383
2.80076 2.71489 2.36002
2.77681 2.73851 2.36322
2.74044 2.77265 2.38782
2.70455 2.80702 2.37789
2.67495 2.83552 2.37498
2.66123 2.84922 2.357
2.62725 2.88019 2.40243
2.59083 2.9144 2.38764
2.56196 2.94048 2.4067
2.52889 2.96794 2.44871
2.49145 3.00107 2.41713
2.45287 3.03264 2.45586
2.41648 3.0643 2.4255
2.38535 3.0907 2.43845
2.35289 3.11987 2.40949
2.32218 3.14726 2.41308
2.2879 3.17742 2.42018
2.25954 3.20094 2.44924
2.22244 3.23097 2.46098
2.18975 3.25463 2.51538
2.15343 3.28068 2.51929
2.11391 3.30884 2.52251
2.07155 3.33539 2.58166
2.02997 3.36041 2.59985
1.98912 3.38366 2.62429
1.94555 3.40816 2.6293
1.91506 3.42451 2.64929
1.87325 3.44777 2.63396
1.83491 3.4681 2.65402
1.7937 3.49068 2.64035
1.74888 3.512 2.69756
1.70775 3.53215 2.68616
1.66356 3.55539 2.65729
1.61973 3.5792 2.6441
1.57581 3.60276 2.64927
1.53238 3.62545 2.66013
1.4892 3.64641 2.68947
1.44717 3.66656 2.69453
1.41028 3.684 2.70017
1.36555 3.70448 2.71222
1.31946 3.72352 2.74989
1.27418 3.74289 2.73732
1.22833 3.7619 2.74844
1.18408 3.78259 2.70434
1.13999 3.80187 2.72929
1.09404 3.82089 2.74909
1.0504 3.83646 2.79906
1.00458 3.85218 2.81107
0.959636 3.86651 2.83283
0.914741 3.87691 2.9139
0.868173 3.88867 2.89439
0.831083 3.89897 2.87074
0.782755 3.90971 2.92275
0.736279 3.92085 2.90648
0.691698 3.92925 2.9553
0.643355 3.93923 2.93802
0.599738 3.94782 2.94723
0.550616 3.95511 2.99419
0.503561 3.96291 2.9772
0.469503 3.96921 2.95895
0.425014 3.97743 2.9589
0.375514 3.98435 3.00252
0.326755 3.99229 2.98021
0.278155 3.99883 3.00779
0.228766 4.00663 2.9851
0.184188 4.01298 2.99998
0.145938 4.01755 3.0226
0.100001 4.02231 3.03851
0.0783156 4.02428 3.05063
0.0344122 4.02719 3.0754
-0.0122113 4.03096 3.06092
-0.048007 4.03572 3.0095
-0.0915241 4.04 3.04348
-0.135365 4.04486 3.03126
-0.185296 4.04742 3.09028
-0.23452 4.04995 3.09042
-0.282181 4.05334 3.07049
-0.332141 4.05383 3.13183
-0.368064 4.05546 3.09615
-0.417387 4.05652 3.12023
-0.466305 4.05814 3.10847
-0.516129 4.05893 3.12574
-0.558498 4.05693 3.18865
-0.608012 4.05354 -3.07324
-0.654845 4.04979 -3.06164
-0.704662 4.04835 -3.11263
-0.753252 4.04509 -3.07474
-0.802917 4.04047 -3.0487
-0.846917 4.03636 -3.04851
-0.896416 4.03201 -3.05395
-0.944607 4.02722 -3.04246
-0.992405 4.02246 -3.04247
-1.04186 4.01545 -3.00075
-1.0772 4.01124 -3.02308
-1.12704 4.00729 -3.06251
-1.176 4.00272 -3.04846
-1.21254 3.99941 -3.05119
-1.26081 3.9953 -3.05659
-1.31061 3.99185 -3.07251
-1.35716 3.98727 -3.04351
-1.40605 3.98211 -3.03643
-1.45226 3.97668 -3.02472
-1.49802 3.97085 -3.01472
-1.53312 3.96766 -3.05105
-1.58281 3.96245 -3.03719
-1.63157 3.95717 -3.03378
-1.68113 3.9506 -3.00979
-1.72981 3.9429 -2.98472
-1.77917 3.93593 -3.00132
-1.82828 3.92876 -2.99652
-1.87235 3.92314 -3.01472
-1.91712 3.91581 -2.97931
-1.96612 3.90795 -2.98265
-2.0007 3.90124 -2.94996
-2.03722 3.8963 -3.00712
-2.08417 3.88966 -3.00104
-2.13196 3.88288 -3.00059
-2.17267 3.87631 -2.98176
-2.20681 3.87008 -2.96105
-2.2453 3.86428 -2.99207
-2.28608 3.85868 -3.00508
-2.33206 3.8529 -3.01646
-2.37669 3.84704 -3.01107
-2.42516 3.84058 -3.00905
-2.46463 3.83584 -3.02206
-2.49825 3.83134 -3.00858
-2.54593 3.82598 -3.02969
-2.58952 3.81945 -2.99278
-2.62935 3.81189 -2.95421
-2.6669 3.80286 -2.90555
-2.69715 3.79482 -2.88173
-2.72864 3.78658 -2.88579
-2.76688 3.77812 -2.9238
-2.7868 3.77401 -2.93782
-2.7982 3.77199 -2.96657
-2.81196 3.77 -2.99822
-2.82543 3.76769 -2.97146
-2.83968 3.76477 -2.93924
-2.84421 3.76384 -2.94041
-2.87067 3.75951 -2.97946
-2.91096 3.75298 -2.98077
-2.94726 3.74838 -3.01557
-2.97474 3.74529 -3.02968
-3.01593 3.74134 -3.04601
-3.05679 3.73776 -3.05415
-3.08026 3.73569 -3.05378
-3.10853 3.73238 -3.02493
-3.14144 3.72959 -3.05699
-3.17849 3.728 -3.09867
-3.20425 3.7262 -3.07195
-3.24942 3.72248 -3.05942
-3.2908 3.7175 -3.02176
-3.33105 3.7129 -3.02788
-3.37232 3.70911 -3.04986
-3.41568 3.70523 -3.05235
-3.45074 3.70289 -3.07517
-3.48365 3.70097 -3.08312
-3.50038 3.69975 -3.06893
-3.50693 3.69915 -3.04981
-3.51883 3.6983 -3.07097
-3.53427 3.69786 -3.11293
-3.55049 3.69771 -3.13213
-3.56371 3.69753 -3.128
-3.59033 3.69839 -3.17385
-3.59161 3.6984 3.12925
-3.60243 3.69809 3.17042
-3.62615 3.69621 -3.06225
-3.65502 3.69367 -3.054
-3.67985 3.69092 -3.03133
-3.71261 3.68691 -3.01988
-3.74085 3.68291 -3.00075
-3.77538 3.67796 -2.99933
-3.79789 3.67419 -2.97553
-3.81667 3.67109 -2.97823
-3.84623 3.66545 -2.95298
-3.87254 3.6603 -2.94802
-3.88195 3.65867 -2.97025
-3.89202 3.65674 -2.95245
-3.90075 3.6552 -2.96702
-3.91056 3.65356 -2.97632
-3.92352 3.6511 -2.95398
-3.9281 3.65025 -2.95666
-3.94689 3.64676 -2.95791
-3.95958 3.64461 -2.97405
-3.97421 3.64166 -2.94235
-3.99014 3.63857 -2.95029
-3.99959 3.63644 -2.91945
-4.00605 3.635 -2.92255
-4.01696 3.63224 -2.8938
-4.02843 3.62898 -2.86496
-4.04015 3.62536 -2.84187
-4.05382 3.62118 -2.8452
-4.05508 3.62081 -2.85355
-4.07011 3.61599 -2.83097
-4.07574 3.6141 -2.81864
-4.08962 3.60856 -2.76192
-4.09287 3.60729 -2.76951
-4.10093 3.60439 -2.79612
-4.1049 3.60313 -2.83248
-4.10712 3.60248 -2.86049
-4.11681 3.59998 -2.88815
-4.1346 3.5954 -2.88967
-4.15086 3.59121 -2.88983
-4.16833 3.58616 -2.86026
-4.18171 3.58251 -2.87497
-4.18736 3.58089 -2.86266
-4.18997 3.57999 -2.81005
-4.197 3.57743 -2.79153
-4.20839 3.57278 -2.75397
True
0.190355
