4.47956 0.00543066 2.88186
4.43171 0.0199053 2.84786
4.38807 0.0367107 2.77404
4.34393 0.0579587 2.6929
4.3061 0.076454 2.68685
4.26717 0.100052 2.59668
4.22769 0.128671 2.51439
4.19445 0.153005 2.50961
4.16556 0.177023 2.44806
4.13648 0.202371 2.42465
4.10206 0.236943 2.35399
4.06968 0.272258 2.3129
4.04569 0.297956 2.32175
4.01476 0.331442 2.3166
3.98319 0.369013 2.26956
3.95654 0.401926 2.25153
3.93127 0.432535 2.2608
3.90399 0.474329 2.14907
3.87503 0.515068 2.18878
3.8551 0.546496 2.13615
3.84076 0.56814 2.1558
3.83557 0.576932 2.10401
3.83422 0.579196 2.10887
3.82044 0.607174 2.0283
3.8002 0.652556 1.99033
3.78398 0.694941 1.93627
3.7662 0.741663 1.93453
3.75006 0.781386 1.95678
3.73855 0.811583 1.9348
3.7247 0.846952 1.94398
3.70799 0.890573 1.93664
3.69302 0.930064 1.93323
3.67347 0.973413 1.99437
3.66416 0.998364 1.92819
3.65085 1.03734 1.89975
3.64451 1.05625 1.89421
3.63214 1.09194 1.90464
3.62417 1.11426 1.91361
3.6104 1.15379 1.90589
3.60122 1.17887 1.92175
3.58596 1.22635 1.88187
3.57241 1.27172 1.8609
3.55983 1.30919 1.89465
3.54363 1.35597 1.90423
3.52649 1.40274 1.92206
3.50961 1.44722 1.93357
3.50149 1.47087 1.90132
3.48995 1.50479 1.89894
3.4735 1.55201 1.90592
3.45843 1.59912 1.88044
3.44289 1.64524 1.89581
3.42377 1.68974 1.97659
3.40467 1.73563 1.96529
3.38422 1.78119 1.99255
3.36464 1.8217 2.02102
3.3442 1.86534 2.00886
3.32401 1.91107 1.9866
3.3127 1.933 2.0469
3.29754 1.96233 2.048
3.27275 2.00543 2.09269
3.24927 2.04317 2.12734
3.22571 2.08123 2.12507
3.20063 2.11768 2.1735
3.17339 2.15907 2.15285
3.15762 2.1811 2.19223
3.13546 2.21225 2.18906
3.11099 2.24744 2.1783
3.08696 2.2797 2.21116
3.05647 2.31913 2.22899
3.02781 2.35571 2.23539
2.99664 2.39311 2.26561
2.9688 2.42634 2.26815
2.95952 2.43844 2.22516
2.94429 2.45891 2.21049
2.92083 2.49163 2.19277
2.8908 2.52911 2.24626
2.86499 2.55973 2.27121
2.83078 2.59612 2.32533
2.80363 2.62407 2.34179
2.76819 2.6593 2.35897
2.73407 2.69257 2.36897
2.69863 2.72454 2.40746
2.6609 2.75726 2.42726
2.62562 2.79102 2.37818
2.59463 2.81802 2.42485
2.56647 2.84142 2.44826
2.52804 2.87332 2.44888
2.49133 2.90128 2.49069
2.45602 2.92924 2.47177
2.41521 2.95814 2.52544
2.38028 2.98441 2.4968
2.35645 3.00237 2.49565
2.3229 3.027 2.5084
2.29622 3.04641 2.51254
2.27358 3.06204 2.53738
2.24289 3.08317 2.53856
2.21744 3.10081 2.53551
2.19905 3.11321 2.54848
2.17458 3.13005 2.53896
2.13361 3.1587 2.53126
2.09788 3.18369 2.53119
2.05689 3.21109 2.55254
2.01946 3.23488 2.57535
1.98608 3.25704 2.55553
1.94689 3.28256 2.56429
1.9033 3.30684 2.63344
1.88468 3.31645 2.66491
1.8506 3.33319 2.68505
1.81531 3.35167 2.65934
1.77209 3.37482 2.64973
1.73872 3.39317 2.63901
1.70404 3.41473 2.58531
1.67786 3.42874 2.65026
1.6353 3.45239 2.63438
1.5912 3.47376 2.69038
1.56813 3.48547 2.672
1.52838 3.50461 2.69274
1.4835 3.52648 2.68821
1.44906 3.54238 2.70902
1.40455 3.56122 2.74107
1.3584 3.58046 2.7466
1.31514 3.59586 2.79964
1.27046 3.60923 2.85083
1.23872 3.6173 2.89268
1.20206 3.6264 2.89829
1.1701 3.63585 2.85421
1.14458 3.64187 2.90969
1.09984 3.65374 2.88232
1.05162 3.66519 2.90846
1.00343 3.67855 2.87122
0.964628 3.68765 2.91123
0.915671 3.69709 2.95113
0.866396 3.70538 2.97491
0.825015 3.71218 2.97863
0.780176 3.71937 2.98249
0.736231 3.72653 2.98022
0.686687 3.73327 3.00639
0.642069 3.7408 2.97429
0.592393 3.74648 3.02772
0.546436 3.75271 3.00688
0.502423 3.75747 3.03388
0.467447 3.76216 3.00826
0.417778 3.7679 3.02651
0.379002 3.77105 3.06061
0.329817 3.77565 3.04832
0.283312 3.7778 3.09533
0.236669 3.77941 3.10714
0.196909 3.78137 3.09229
0.150257 3.78104 3.14875
0.119631 3.78147 -3.15574
0.0696586 3.78195 3.13208
0.0284958 3.78358 3.10201
-0.0206026 3.78447 3.12337
-0.0699558 3.78792 3.07188
-0.117654 3.78991 3.09979
-0.163021 3.79316 3.07014
-0.212043 3.79485 3.10711
-0.252323 3.79585 3.11676
-0.30124 3.79629 3.13267
-0.351226 3.7973 3.12132
-0.39716 3.79928 3.09848
-0.42903 3.79904 3.14922
-0.477978 3.79761 -3.11238
-0.51638 3.79418 -3.05253
-0.547371 3.79064 -3.02782
-0.583508 3.7874 -3.0523
-0.633063 3.78103 -3.01372
-0.659745 3.77717 -2.99772
-0.709055 3.76924 -2.98221
-0.745121 3.7625 -2.95689
-0.79199 3.75159 -2.91278
-0.838757 3.74283 -2.95648
-0.881186 3.73378 -2.93137
-0.923773 3.72423 -2.92116
-0.958819 3.71657 -2.92616
-0.999511 3.70667 -2.90299
-1.03745 3.6967 -2.88458
-1.08503 3.68404 -2.88165
-1.12358 3.67306 -2.864
-1.16988 3.65869 -2.84066
-1.21611 3.64306 -2.8156
-1.25444 3.62978 -2.80804
-1.29661 3.61486 -2.80151
-1.34111 3.59718 -2.76344
-1.38302 3.58117 -2.77664
-1.42893 3.56194 -2.74505
-1.46415 3.54735 -2.74875
-1.50609 3.53001 -2.74954
-1.54258 3.51474 -2.74531
-1.5878 3.49403 -2.71217
-1.63065 3.47436 -2.71131
-1.67678 3.45567 -2.75653
-1.70708 3.4423 -2.72594
-1.74983 3.41959 -2.65348
-1.7923 3.39872 -2.68463
-1.83577 3.37591 -2.65855
-1.87237 3.35595 -2.64216
-1.91347 3.33152 -2.6053
-1.9514 3.30849 -2.59599
-1.99235 3.28453 -2.61223
-2.02568 3.26496 -2.61064
-2.06381 3.24588 -2.67749
-2.10785 3.22442 -2.68831
-2.14689 3.2013 -2.60699
-2.18385 3.18143 -2.64822
-2.21334 3.16544 -2.64458
-2.25047 3.14715 -2.68407
-2.29211 3.12526 -2.65759
-2.33603 3.10373 -2.68567
-2.38008 3.08009 -2.64913
-2.42228 3.05327 -2.57539
-2.45793 3.02968 -2.55707
-2.49586 3.00234 -2.51703
-2.52708 2.98116 -2.5455
-2.56742 2.95363 -2.54281
-2.60662 2.92779 -2.55874
-2.64795 2.90214 -2.58606
-2.67754 2.88592 -2.64031
-2.70172 2.87298 -2.65018
-2.72558 2.85967 -2.63284
-2.74868 2.84666 -2.62847
-2.78654 2.82461 -2.61425
-2.81491 2.80763 -2.60236
-2.85877 2.78436 -2.65376
-2.88655 2.76963 -2.65415
-2.91031 2.75673 -2.6443
-2.94213 2.73896 -2.63216
-2.97383 2.72197 -2.64965
-3.0099 2.70339 -2.66594
-3.03869 2.68758 -2.63942
-3.06504 2.67419 -2.67155
-3.09752 2.65757 -2.66852
-3.13723 2.63333 -2.59348
-3.17259 2.60993 -2.55693
-3.21026 2.58668 -2.58866
-3.24373 2.56641 -2.59702
-3.27304 2.54949 -2.61822
-3.29251 2.53836 -2.62226
-3.29863 2.53522 -2.66686
-3.30282 2.53318 -2.68972
-3.313 2.5283 -2.69435
-3.32218 2.52353 -2.66221
-3.33923 2.51511 -2.68288
-3.3574 2.5058 -2.66843
-3.39407 2.48765 -2.68187
-3.42143 2.47366 -2.669
-3.44612 2.46032 -2.64628
-3.46388 2.45107 -2.66132
-3.48391 2.43995 -2.63472
-3.52512 2.41625 -2.6196
-3.55811 2.39771 -2.62966
-3.59184 2.37831 -2.61958
-3.61484 2.36561 -2.63697
-3.63244 2.35484 -2.5928
-3.65943 2.33901 -2.61111
-3.68053 2.32636 -2.60141
-3.69988 2.31529 -2.6219
-3.70415 2.31304 -2.6577
-3.72121 2.30399 -2.65385
-3.72958 2.29984 -2.68093
-3.73992 2.29492 -2.6974
-3.75016 2.28994 -2.68911
-3.77781 2.27646 -2.68808
-3.80623 2.26234 -2.68032
-3.84215 2.24358 -2.66035
-3.87793 2.22645 -2.69497
-3.90912 2.21127 -2.68867
-3.94068 2.19522 -2.67121
-3.96489 2.18191 -2.63891
-3.9893 2.16745 -2.60689
-4.00873 2.15527 -2.58185
-4.02736 2.14361 -2.58201
-4.04533 2.13294 -2.60594
-4.05472 2.12732 -2.60176
-4.07435 2.11518 -2.58802
-4.08761 2.10678 -2.57666
-4.10134 2.09748 -2.54637
-4.11051 2.09091 -2.51971
-4.11323 2.08899 -2.52732
-4.12039 2.08378 -2.51204
-4.12387 2.08137 -2.53591
-4.12772 2.07876 -2.54821
-4.13613 2.07285 -2.52828
-4.14811 2.06355 -2.48118
-4.1633 2.04993 -2.41087
-4.17474 2.03869 -2.36522
-4.18935 2.02515 -2.39435
-4.19527 2.01969 -2.39632
-4.20505 2.01098 -2.41405
-4.20477 2.01123 -2.41937
-4.20941 2.00673 -2.3717
-4.2226 1.99174 -2.29224
True
0.0682001
