-5.47361 -0.290661 -0.194159
-5.44798 -0.297862 -0.273937
-5.40078 -0.313683 -0.323415
-5.35241 -0.326213 -0.253477
-5.30513 -0.339559 -0.275112
-5.25965 -0.350873 -0.243826
-5.21268 -0.361995 -0.232509
-5.17139 -0.372407 -0.247006
-5.12284 -0.383213 -0.219013
-5.07482 -0.39527 -0.246005
-5.03064 -0.406254 -0.243666
-4.9826 -0.41523 -0.184726
-4.93391 -0.426371 -0.22493
-4.89057 -0.435943 -0.217351
-4.84202 -0.447211 -0.228082
-4.79631 -0.458114 -0.234121
-4.74802 -0.468425 -0.210391
-4.70247 -0.479522 -0.238967
-4.6545 -0.49247 -0.263637
-4.60667 -0.506612 -0.287474
-4.55957 -0.517482 -0.226827
-4.51883 -0.528625 -0.266936
-4.48486 -0.536658 -0.232264
-4.44514 -0.54732 -0.262236
-4.39911 -0.557053 -0.208391
-4.35536 -0.56593 -0.200151
-4.30615 -0.574487 -0.172179
-4.26602 -0.58114 -0.164267
-4.22918 -0.587618 -0.174085
-4.18927 -0.593331 -0.142192
-4.15009 -0.599415 -0.154051
-4.1025 -0.607502 -0.168308
-4.05595 -0.615322 -0.166476
-4.00645 -0.621688 -0.127889
-3.96498 -0.625439 -0.0902068
-3.92544 -0.630325 -0.122935
-3.88636 -0.638458 -0.205198
-3.83785 -0.65054 -0.2441
-3.79644 -0.6615 -0.258694
-3.74866 -0.672967 -0.23556
-3.71546 -0.680572 -0.225196
-3.66921 -0.689361 -0.187788
-3.6343 -0.696151 -0.192098
-3.58577 -0.70494 -0.179151
-3.53846 -0.712694 -0.162478
-3.49835 -0.719474 -0.167438
-3.45485 -0.728159 -0.197057
-3.40973 -0.737684 -0.208065
-3.37185 -0.744784 -0.185292
-3.32505 -0.7503 -0.117317
-3.27631 -0.760848 -0.213123
-3.22728 -0.767402 -0.132869
-3.18913 -0.774157 -0.175283
-3.14075 -0.782111 -0.162935
-3.09131 -0.786012 -0.0787499
-3.05059 -0.789797 -0.0926815
-3.00155 -0.79738 -0.153415
-2.9531 -0.801902 -0.0930739
-2.90976 -0.807404 -0.126254
-2.88446 -0.810757 -0.131771
-2.84325 -0.816925 -0.148571
-2.79676 -0.824435 -0.160161
-2.74788 -0.834191 -0.197008
-2.70499 -0.841697 -0.173222
-2.66338 -0.847912 -0.148282
-2.61457 -0.854101 -0.126116
-2.56572 -0.859353 -0.10711
-2.51625 -0.866495 -0.143372
-2.47768 -0.871925 -0.13987
-2.43627 -0.878781 -0.164069
-2.38664 -0.883637 -0.0975279
-2.33728 -0.890901 -0.146115
-2.28971 -0.895128 -0.0886239
-2.24407 -0.900267 -0.112141
-2.20034 -0.907797 -0.170489
-2.15092 -0.915278 -0.150244
-2.10146 -0.922602 -0.147011
-2.05548 -0.929618 -0.151411
-2.00649 -0.935227 -0.114009
-1.96226 -0.940428 -0.117049
-1.92192 -0.944446 -0.0992693
-1.87316 -0.948039 -0.0735682
-1.8276 -0.950574 -0.05558
-1.7796 -0.953842 -0.0679756
-1.75198 -0.957065 -0.116159
-1.71085 -0.960809 -0.0907654
-1.66762 -0.965111 -0.0991857
-1.62145 -0.968217 -0.0671855
-1.57195 -0.97346 -0.105524
-1.52233 -0.977805 -0.087336
-1.47704 -0.981475 -0.0808626
-1.43 -0.984686 -0.0681671
-1.38439 -0.987966 -0.071775
-1.33882 -0.990743 -0.0608603
-1.30342 -0.993283 -0.0716528
-1.25492 -0.997353 -0.0837171
-1.21575 -1.00071 -0.0854793
-1.166 -1.00556 -0.0972278
-1.1161 -1.00871 -0.0629506
-1.06784 -1.01359 -0.100895
-1.02065 -1.01913 -0.116713
-0.989519 -1.02336 -0.135283
-0.941324 -1.02629 -0.0606472
-0.893615 -1.02901 -0.0569547
-0.843658 -1.03026 -0.0249604
-0.795257 -1.0316 -0.0277194
-0.747266 -1.03183 -0.00485816
-0.697367 -1.03086 0.019468
-0.655838 -1.03 0.0206438
-0.614478 -1.03003 -0.000689192
-0.56467 -1.03438 -0.0870857
-0.51491 -1.03911 -0.0947534
-0.465234 -1.04405 -0.0992033
-0.415857 -1.05185 -0.156677
-0.366218 -1.05513 -0.0659728
-0.316369 -1.05793 -0.056012
-0.271441 -1.06019 -0.0502497
-0.223199 -1.06131 -0.0232086
-0.175178 -1.06502 -0.077077
-0.126474 -1.06787 -0.0584912
-0.0834285 -1.071 -0.0725391
-0.0335714 -1.07448 -0.0696646
0.014017 -1.07521 -0.0154636
0.0539327 -1.07567 -0.0114167
0.102848 -1.07692 -0.025558
0.15276 -1.07719 -0.00544058
0.202464 -1.07974 -0.0513341
0.247928 -1.08178 -0.0447397
0.297588 -1.08199 -0.00416953
0.345391 -1.08202 -0.000748715
0.395259 -1.08455 -0.0505874
0.437696 -1.08554 -0.0235278
0.487576 -1.08787 -0.0465962
0.534704 -1.08871 -0.0177575
0.584213 -1.09101 -0.0465369
0.632407 -1.09204 -0.021229
0.674394 -1.09403 -0.0473614
0.720958 -1.09621 -0.0469324
0.767806 -1.09654 -0.00705601
0.815426 -1.09776 -0.0255305
0.86537 -1.1001 -0.0467803
0.910991 -1.10325 -0.0690505
0.960851 -1.10638 -0.0627059
1.00359 -1.10925 -0.0670727
1.04533 -1.11436 -0.121711
1.08654 -1.12058 -0.149713
1.13233 -1.12933 -0.188878
1.17185 -1.13626 -0.173604
1.21016 -1.14331 -0.181877
1.24907 -1.15046 -0.18188
1.29461 -1.1606 -0.219001
1.34168 -1.16979 -0.192813
1.38981 -1.18217 -0.251898
1.43745 -1.19728 -0.307032
1.47605 -1.20904 -0.295736
1.52188 -1.22221 -0.279773
1.56925 -1.23706 -0.303913
1.6138 -1.24995 -0.281537
1.66054 -1.26195 -0.251265
1.70346 -1.27408 -0.275567
1.74685 -1.28543 -0.255747
1.79407 -1.29748 -0.249867
1.84174 -1.31246 -0.304416
1.88503 -1.32801 -0.34494
1.91489 -1.34014 -0.385869
1.96141 -1.35827 -0.371586
2.00794 -1.37654 -0.374125
2.04712 -1.38831 -0.291997
2.09405 -1.40417 -0.32586
2.13468 -1.41879 -0.345378
2.17182 -1.43215 -0.34535
2.21775 -1.44928 -0.356934
2.26059 -1.46736 -0.399267
2.30152 -1.48174 -0.338056
2.34622 -1.49909 -0.370237
2.3925 -1.51772 -0.382662
2.43772 -1.53368 -0.339359
2.47468 -1.54608 -0.323537
2.52205 -1.56158 -0.316245
2.56765 -1.57733 -0.332596
2.60432 -1.58885 -0.304289
2.6503 -1.60647 -0.365964
2.69714 -1.62311 -0.341381
2.73758 -1.64054 -0.406855
2.77887 -1.65888 -0.418069
2.81392 -1.67248 -0.370076
2.85908 -1.68786 -0.328319
2.90681 -1.70195 -0.28714
2.9532 -1.71763 -0.325905
2.99992 -1.73336 -0.324809
3.04524 -1.75014 -0.354546
3.09272 -1.76552 -0.31326
3.13871 -1.7809 -0.3227
3.18138 -1.79574 -0.334759
3.22344 -1.81153 -0.358981
3.27061 -1.82741 -0.324854
3.30822 -1.84325 -0.398613
3.35142 -1.86196 -0.40875
3.39012 -1.87831 -0.399553
3.433 -1.89689 -0.409061
3.47739 -1.91579 -0.402391
3.52116 -1.93443 -0.402623
3.55791 -1.94909 -0.379638
3.59671 -1.96667 -0.425462
3.63696 -1.98659 -0.459604
3.65663 -1.99609 -0.449675
3.69377 -2.01375 -0.443991
3.73105 -2.02901 -0.388569
3.76714 -2.04303 -0.370486
3.80326 -2.05599 -0.344373
3.83177 -2.0658 -0.331301
3.84911 -2.07164 -0.325353
3.87494 -2.0806 -0.333878
3.88006 -2.08245 -0.346055
3.89055 -2.08621 -0.344363
3.89878 -2.08898 -0.324138
3.91823 -2.09475 -0.288274
3.94458 -2.10172 -0.25858
3.95978 -2.10606 -0.278115
3.97719 -2.1123 -0.344512
3.98695 -2.11598 -0.360285
4.01497 -2.12704 -0.376089
4.03562 -2.1349 -0.363706
4.04856 -2.1397 -0.354521
4.07694 -2.15091 -0.376526
4.11409 -2.16699 -0.408308
4.13549 -2.17682 -0.430657
4.15186 -2.18392 -0.409131
4.16744 -2.18973 -0.357223
4.16868 -2.19016 -0.329529
4.19361 -2.19838 -0.318707
4.21865 -2.20684 -0.325874
4.23764 -2.21352 -0.338345
4.25616 -2.22028 -0.349686
4.27264 -2.22626 -0.348371
4.28706 -2.23094 -0.313577
4.30032 -2.23537 -0.322133
4.31369 -2.23954 -0.302714
4.32464 -2.24286 -0.29438
4.33885 -2.24714 -0.292168
4.35412 -2.2515 -0.278368
4.37637 -2.25749 -0.263079
4.40029 -2.26385 -0.259967
4.42554 -2.27198 -0.311175
4.44629 -2.27881 -0.318349
4.46844 -2.28587 -0.308259
4.49767 -2.29556 -0.320395
4.50599 -2.29843 -0.332008
4.5162 -2.30216 -0.349839
4.5311 -2.30767 -0.354344
4.54357 -2.31248 -0.367797
4.5667 -2.32046 -0.33233
4.59712 -2.33099 -0.333224
4.6181 -2.3386 -0.348143
4.6355 -2.34498 -0.351176
4.67275 -2.35786 -0.332865
4.70643 -2.36779 -0.286846
4.73407 -2.37614 -0.293383
4.76825 -2.38609 -0.283152
4.79237 -2.39271 -0.268107
4.82355 -2.40054 -0.246006
4.86799 -2.41061 -0.222743
4.87971 -2.41315 -0.213337
4.89017 -2.41582 -0.250755
4.90012 -2.41837 -0.250121
4.91338 -2.42196 -0.264775
4.93217 -2.42692 -0.258111
4.95249 -2.43359 -0.317003
4.97093 -2.43977 -0.323562
4.99003 -2.44625 -0.326787
5.00745 -2.45183 -0.310368
5.02598 -2.45674 -0.258753
5.0368 -2.45987 -0.282037
5.0525 -2.46386 -0.248665
5.05755 -2.46516 -0.252026
5.06427 -2.46714 -0.286702
5.06977 -2.46909 -0.339656
5.08802 -2.47501 -0.31377
5.1015 -2.47979 -0.341318
5.11477 -2.48474 -0.356688
5.12717 -2.48962 -0.37526
5.13949 -2.49493 -0.406427
5.14601 -2.4975 -0.376138
5.14919 -2.49857 -0.322901
5.14064 -2.49573 -0.320646
5.1413 -2.49595 -0.327741
5.14104 -2.49586 -0.321342
5.14744 -2.49811 -0.337472
5.15225 -2.50016 -0.402846
5.15866 -2.50351 -0.481762
5.15636 -2.50207 -0.558916
5.156 -2.50184 -0.584913
5.15354 -2.50016 -0.596395
5.15914 -2.50408 -0.609851
5.17164 -2.51294 -0.616591
5.1835 -2.52219 -0.662353
5.18122 -2.52049 -0.639484
5.19446 -2.53037 -0.641394
5.20194 -2.53597 -0.641742
5.20482 -2.53823 -0.666208
5.20509 -2.53844 -0.670337
5.21565 -2.54637 -0.644086
True
0.254194
