-5.47541 0.0938048 0.245575
-5.44113 0.104044 0.290289
-5.40434 0.116187 0.318784
-5.35985 0.127354 0.245895
-5.31228 0.139733 0.254603
-5.27032 0.150432 0.249653
-5.23864 0.16069 0.313182
-5.19374 0.175136 0.311252
-5.14566 0.188018 0.261777
-5.09834 0.203654 0.319135
-5.05238 0.21722 0.287009
-5.01428 0.230595 0.337677
-4.96785 0.245624 0.312992
-4.93517 0.255124 0.282916
-4.89115 0.266962 0.262719
-4.84503 0.279312 0.261642
-4.79654 0.291382 0.243981
-4.7479 0.30293 0.233061
-4.70609 0.314904 0.278967
-4.65755 0.326079 0.226265
-4.60839 0.334802 0.175609
-4.56495 0.342867 0.183588
-4.51615 0.353703 0.218473
-4.46871 0.36282 0.189893
-4.42743 0.371432 0.205655
-4.38381 0.381667 0.230497
-4.3422 0.390482 0.208724
-4.29831 0.401146 0.238395
-4.2586 0.409878 0.216409
-4.21204 0.421713 0.248914
-4.1656 0.435556 0.289725
-4.11769 0.449834 0.289611
-4.06928 0.462173 0.249563
-4.02019 0.471659 0.190903
-3.97104 0.480662 0.181155
-3.92666 0.489882 0.204853
-3.88517 0.497389 0.178982
-3.83628 0.507778 0.209374
-3.78779 0.519347 0.234209
-3.73904 0.530438 0.223717
-3.70499 0.536979 0.189818
-3.66264 0.54476 0.181703
-3.63766 0.549299 0.179664
-3.58908 0.561037 0.237107
-3.54241 0.574299 0.276882
-3.49518 0.586423 0.251247
-3.44723 0.598605 0.248781
-3.40047 0.611315 0.265432
-3.363 0.621729 0.271063
-3.31489 0.632675 0.223722
-3.26842 0.641824 0.194401
-3.2242 0.650826 0.200842
-3.1812 0.659551 0.200141
-3.13249 0.669962 0.210591
-3.08413 0.67934 0.191531
-3.05359 0.68498 0.18263
-3.01262 0.69243 0.179906
-2.98366 0.699556 0.241261
-2.93848 0.712547 0.279989
-2.89925 0.723372 0.269191
-2.85108 0.736779 0.271471
-2.82952 0.74292 0.277496
-2.78762 0.755159 0.284168
-2.74149 0.768051 0.272514
-2.69271 0.77871 0.21514
-2.64446 0.788021 0.190622
-2.59567 0.798857 0.218535
-2.54929 0.811238 0.26086
-2.50042 0.821758 0.212047
-2.45613 0.828301 0.146682
-2.41537 0.83486 0.159551
-2.36613 0.843459 0.172892
-2.3169 0.850138 0.134835
-2.27615 0.854597 0.108998
-2.22819 0.860121 0.114691
-2.18469 0.863255 0.0719049
-2.13481 0.866502 0.065011
-2.0852 0.869563 0.0616123
-2.03588 0.872728 0.0640839
-1.98742 0.875778 0.0628662
-1.93763 0.879361 0.0718245
-1.88858 0.884128 0.0969052
-1.85145 0.88795 0.102547
-1.80181 0.893802 0.117372
-1.75309 0.899389 0.11417
-1.70953 0.903358 0.0908714
-1.66324 0.907858 0.0968822
-1.61428 0.9157 0.158816
-1.56623 0.922927 0.149319
-1.51972 0.929543 0.1413
-1.47653 0.934448 0.113076
-1.4364 0.938712 0.105875
-1.38817 0.945245 0.134626
-1.34541 0.947973 0.0636972
-1.30587 0.949373 0.035411
-1.25666 0.949295 -0.00158589
-1.20751 0.950241 0.0192393
-1.15765 0.951957 0.0343948
-1.11542 0.952194 0.00562477
-1.06877 0.950741 -0.0311312
-1.03005 0.948298 -0.0630201
-0.980436 0.942795 -0.110463
-0.932569 0.939119 -0.0766385
-0.886306 0.934361 -0.102504
-0.845622 0.930671 -0.0904436
-0.797288 0.928396 -0.0470395
-0.750705 0.926632 -0.0378441
-0.700707 0.92627 -0.00723506
-0.653443 0.925297 -0.020584
-0.608473 0.927984 0.0596744
-0.561823 0.930721 0.0586147
-0.516154 0.934424 0.0809006
-0.466307 0.936367 0.0389624
-0.418501 0.937601 0.0257924
-0.382035 0.93946 0.0509568
-0.332055 0.940819 0.0271684
-0.282089 0.942655 0.0367399
-0.232468 0.94685 0.0843332
-0.188896 0.952625 0.131782
-0.142591 0.956356 0.0803985
-0.0928084 0.95995 0.0720738
-0.0462903 0.961947 0.0428959
-0.00582904 0.963609 0.0410453
0.038945 0.963994 0.00860009
0.088699 0.967301 0.0663814
0.136722 0.968573 0.0264725
0.186609 0.971543 0.059455
0.232993 0.974969 0.0737457
0.281724 0.976819 0.0379393
0.317205 0.978994 0.0612122
0.364681 0.981549 0.0537773
0.40956 0.985419 0.0860212
0.459261 0.990489 0.101661
0.508392 0.99853 0.162208
0.549565 1.0055 0.167713
0.592384 1.01245 0.160867
0.640882 1.02197 0.193962
0.688074 1.02961 0.160326
0.732146 1.039 0.209963
0.779531 1.05091 0.246258
0.821572 1.0629 0.27785
0.865195 1.07588 0.289177
0.906203 1.08812 0.29014
0.948978 1.09919 0.253214
0.992592 1.11087 0.261657
1.03899 1.12198 0.234893
1.08738 1.1339 0.241599
1.13554 1.14669 0.259663
1.18255 1.16156 0.306255
1.23036 1.17551 0.283994
1.27506 1.19149 0.343221
1.30662 1.20285 0.345712
1.3537 1.21964 0.34255
1.40016 1.23604 0.339303
1.4465 1.25305 0.351739
1.48609 1.26771 0.354681
1.52666 1.28163 0.330662
1.57272 1.29994 0.378198
1.61828 1.31883 0.393015
1.66389 1.33817 0.401055
1.70746 1.35692 0.406489
1.75315 1.37718 0.41744
1.79304 1.39508 0.421812
1.83747 1.41722 0.462333
1.87925 1.43796 0.460628
1.92164 1.46051 0.489017
1.96183 1.4812 0.475338
2.00318 1.50174 0.460911
2.04864 1.52177 0.415102
2.08952 1.54012 0.421828
2.1337 1.56284 0.4751
2.17689 1.58148 0.407323
2.22223 1.60249 0.433947
2.26697 1.62455 0.458168
2.31054 1.64764 0.487313
2.35175 1.67284 0.548696
2.39344 1.69984 0.574792
2.43529 1.72644 0.566178
2.47377 1.74878 0.526067
2.51669 1.77354 0.523276
2.55178 1.7934 0.514998
2.59608 1.81632 0.477388
2.63846 1.83892 0.490004
2.68229 1.86238 0.491317
2.72484 1.88514 0.491337
2.77048 1.90521 0.414283
2.81503 1.92755 0.464766
2.85995 1.94949 0.454306
2.90047 1.97114 0.49071
2.94446 1.99468 0.491361
2.98251 2.01541 0.498903
3.01815 2.03846 0.574141
3.05722 2.06401 0.579094
3.08713 2.08442 0.598777
3.12953 2.11083 0.556997
3.17291 2.13496 0.507713
3.2164 2.1596 0.515473
3.25648 2.18188 0.507362
3.2953 2.20231 0.484526
3.32913 2.22139 0.513521
3.37203 2.24573 0.516054
3.41365 2.27046 0.53616
3.44629 2.29041 0.548504
3.48179 2.31166 0.539351
3.51807 2.33388 0.549585
3.54541 2.35105 0.560811
3.57874 2.37093 0.537834
3.61196 2.39029 0.527479
3.65428 2.41671 0.558196
3.68407 2.43451 0.538651
3.70377 2.44515 0.495116
3.74021 2.46277 0.450366
3.78109 2.48116 0.422772
3.8195 2.49878 0.430038
3.86099 2.5181 0.435753
3.90582 2.53993 0.453175
3.9403 2.55655 0.449238
3.97466 2.57334 0.45443
4.0069 2.58854 0.440544
4.04619 2.60781 0.456127
4.08242 2.62573 0.459314
4.10642 2.63611 0.408327
4.15044 2.65638 0.431352
4.18143 2.67091 0.438624
4.20895 2.68288 0.409983
4.24063 2.69629 0.400674
4.2698 2.71052 0.453651
4.30311 2.72725 0.465497
4.33189 2.74038 0.427993
4.3611 2.75416 0.440715
4.40029 2.77094 0.404681
4.43525 2.78391 0.355224
4.46069 2.79361 0.364237
4.49179 2.80509 0.353696
4.528 2.81768 0.334593
4.55437 2.82749 0.356155
4.57616 2.83546 0.350733
4.5974 2.84361 0.366212
4.60501 2.84651 0.363897
4.63559 2.85953 0.402571
4.66181 2.87008 0.382772
4.67928 2.87679 0.366284
4.71591 2.89257 0.406942
4.75419 2.90851 0.394419
4.78309 2.92036 0.389171
4.80842 2.93081 0.391434
4.82038 2.93558 0.379407
4.83766 2.94273 0.392446
4.84738 2.94638 0.358594
4.85757 2.94952 0.298734
4.87915 2.95559 0.274318
4.90318 2.96216 0.266907
4.92431 2.96731 0.238892
4.94078 2.97102 0.221837
4.94544 2.97238 0.284037
4.97043 2.98218 0.373588
4.98117 2.98689 0.413309
4.9897 2.99079 0.428712
5.00966 3.00004 0.434018
5.01813 3.00426 0.462339
5.03227 3.0113 0.462117
5.04483 3.01692 0.421051
5.06032 3.02333 0.392153
5.08183 3.03218 0.390137
5.10021 3.04115 0.454067
5.11353 3.04736 0.436779
5.1329 3.05791 0.498571
5.13766 3.06052 0.50086
5.14351 3.06372 0.501299
5.15246 3.06849 0.489055
5.17233 3.07783 0.43946
5.18485 3.0839 0.451546
5.19271 3.08788 0.46898
5.19764 3.09032 0.459344
5.21894 3.10102 0.46565
5.23723 3.11037 0.472172
5.24715 3.11542 0.471083
5.25405 3.11918 0.499617
True
0.28228
