-5.46717 -0.378532 -0.131871
-5.42128 -0.383398 -0.10562
-5.37235 -0.388578 -0.105467
-5.32298 -0.394348 -0.116352
-5.27391 -0.399543 -0.105486
-5.22422 -0.403695 -0.0833422
-5.17527 -0.408668 -0.101256
-5.1299 -0.410134 -0.0322927
-5.09128 -0.411955 -0.0471331
-5.04167 -0.413699 -0.0351322
-4.99428 -0.415103 -0.0296091
-4.94447 -0.417458 -0.0472465
-4.90726 -0.419246 -0.0480248
-4.86655 -0.420975 -0.042437
-4.81744 -0.425079 -0.083394
-4.78052 -0.427882 -0.0757578
-4.73914 -0.432443 -0.109789
-4.68929 -0.436278 -0.0767741
-4.64631 -0.441054 -0.110684
-4.59806 -0.44575 -0.0969993
-4.5506 -0.451113 -0.112541
-4.50848 -0.455782 -0.11039
-4.46433 -0.461043 -0.118607
-4.41484 -0.467324 -0.126228
-4.37509 -0.472146 -0.120724
-4.33526 -0.4778 -0.141021
-4.28641 -0.486445 -0.17516
-4.24782 -0.491969 -0.142138
-4.2058 -0.495078 -0.0738872
-4.16115 -0.498641 -0.0796226
-4.11721 -0.505041 -0.144618
-4.06861 -0.51235 -0.149284
-4.03103 -0.513942 -0.0423431
-3.98268 -0.514832 -0.0183926
-3.94487 -0.514967 -0.00357453
-3.90819 -0.514587 0.0103431
-3.85831 -0.514787 -0.00401087
-3.81298 -0.513738 0.0231469
-3.77542 -0.512879 0.0228727
-3.72545 -0.511768 0.0222338
-3.67545 -0.511679 0.00176702
-3.62546 -0.511291 0.00776623
-3.57553 -0.508868 0.0484923
-3.53212 -0.507526 0.0308957
-3.48212 -0.507052 0.00948939
-3.44045 -0.504581 0.0592215
-3.40008 -0.502045 0.0627395
-3.35147 -0.497808 0.0869526
-3.30416 -0.492569 0.110277
-3.25449 -0.486799 0.115651
-3.21349 -0.482727 0.0989922
-3.16489 -0.47793 0.0984027
-3.11851 -0.473256 0.100411
-3.09192 -0.470218 0.113771
-3.04935 -0.465446 0.111634
-3.00065 -0.458977 0.132069
-2.95157 -0.449451 0.191693
-2.90258 -0.439952 0.191518
-2.85389 -0.429792 0.205701
-2.81188 -0.418979 0.251943
-2.76425 -0.40498 0.285893
-2.7359 -0.397576 0.255369
-2.69117 -0.38609 0.251394
-2.64799 -0.373556 0.282514
-2.60912 -0.364462 0.229823
-2.58184 -0.358033 0.231472
-2.53453 -0.349331 0.181897
-2.48764 -0.340262 0.191029
-2.44108 -0.330529 0.206095
-2.39178 -0.322194 0.167493
-2.345 -0.313443 0.184913
-2.31786 -0.308634 0.175343
-2.27304 -0.29964 0.198064
-2.23864 -0.292467 0.205538
-2.1933 -0.282875 0.208511
-2.1492 -0.273001 0.22023
-2.10751 -0.262847 0.238917
-2.05915 -0.251227 0.23582
-2.02515 -0.242232 0.258681
-1.97738 -0.228999 0.270204
-1.93622 -0.21763 0.26947
-1.88922 -0.204865 0.265251
-1.84045 -0.194874 0.202044
-1.79117 -0.186495 0.16841
-1.74492 -0.176894 0.20469
-1.69576 -0.167764 0.183615
-1.64979 -0.160972 0.146699
-1.60413 -0.154549 0.139753
-1.55434 -0.150596 0.0792229
-1.50447 -0.14786 0.0548099
-1.45644 -0.145611 0.046798
-1.4076 -0.144102 0.0308863
-1.36013 -0.143705 0.00836701
-1.31315 -0.1429 0.0171247
-1.26763 -0.143984 -0.0238133
-1.22836 -0.146239 -0.0573624
-1.17888 -0.148305 -0.0417216
-1.12935 -0.155119 -0.136709
-1.08364 -0.162481 -0.159696
-1.03658 -0.169382 -0.14561
-0.986845 -0.173731 -0.0872186
-0.939652 -0.177939 -0.088934
-0.89155 -0.183424 -0.113535
-0.841937 -0.18916 -0.115109
-0.800855 -0.194309 -0.124686
-0.751537 -0.202433 -0.163246
-0.706169 -0.209502 -0.15459
-0.666376 -0.217177 -0.190533
-0.619898 -0.224439 -0.154995
-0.570563 -0.232023 -0.152512
-0.52146 -0.240947 -0.17979
-0.473852 -0.248154 -0.150238
-0.424784 -0.257725 -0.192644
-0.377437 -0.267136 -0.1962
-0.329285 -0.278394 -0.229674
-0.282987 -0.290113 -0.247914
-0.235454 -0.30402 -0.284633
-0.187084 -0.316672 -0.255831
-0.141414 -0.329609 -0.276054
-0.0929703 -0.341854 -0.247576
-0.0459262 -0.354222 -0.257074
0.00170986 -0.368182 -0.285084
0.0422912 -0.379114 -0.263133
0.0886371 -0.389699 -0.224539
0.137047 -0.402175 -0.252223
0.184659 -0.413755 -0.238585
0.223225 -0.422834 -0.231214
0.260638 -0.432722 -0.258382
0.30663 -0.444979 -0.260452
0.347535 -0.455282 -0.246732
0.390388 -0.464533 -0.212617
0.435073 -0.473477 -0.197551
0.48371 -0.485014 -0.232913
0.527818 -0.49709 -0.267224
0.574287 -0.509057 -0.252043
0.612729 -0.520025 -0.277939
0.66103 -0.530566 -0.214869
0.704077 -0.541083 -0.23961
0.752605 -0.552083 -0.222916
0.797605 -0.561958 -0.216026
0.846429 -0.571243 -0.187926
0.895616 -0.57938 -0.163935
0.944842 -0.587889 -0.171173
0.989028 -0.598185 -0.228918
1.0376 -0.609495 -0.228809
1.08558 -0.623011 -0.274523
1.13188 -0.634932 -0.252022
1.18016 -0.647659 -0.257735
1.22387 -0.658464 -0.242363
1.26902 -0.665873 -0.162623
1.30726 -0.671874 -0.155707
1.35638 -0.68017 -0.16729
1.39931 -0.686046 -0.136049
1.44904 -0.691086 -0.100994
1.49452 -0.695424 -0.0950946
1.54131 -0.702125 -0.142241
1.59051 -0.708987 -0.138591
1.62955 -0.716492 -0.189888
1.67139 -0.724168 -0.181438
1.71408 -0.731652 -0.173555
1.76309 -0.741543 -0.199128
1.80717 -0.749796 -0.185104
1.85576 -0.759227 -0.191697
1.89828 -0.769966 -0.24742
1.94575 -0.781608 -0.240486
1.99395 -0.793474 -0.241408
2.04198 -0.807023 -0.274939
2.08913 -0.818984 -0.248428
2.13812 -0.828877 -0.199255
2.18399 -0.838615 -0.209202
2.2312 -0.849638 -0.229383
2.27247 -0.860204 -0.250657
2.31407 -0.870133 -0.234288
2.3621 -0.882872 -0.259226
2.41098 -0.893314 -0.210467
2.44914 -0.901265 -0.205457
2.49825 -0.910416 -0.184187
2.54405 -0.920068 -0.207704
2.58602 -0.928966 -0.208929
2.63263 -0.940481 -0.242196
2.681 -0.951105 -0.216223
2.72648 -0.961416 -0.222946
2.77441 -0.973107 -0.239261
2.82308 -0.98455 -0.230916
2.87227 -0.993421 -0.178408
2.91524 -1.00108 -0.17633
2.96119 -1.01038 -0.199758
3.01026 -1.01983 -0.190258
3.0596 -1.02774 -0.158926
3.10513 -1.03389 -0.134225
3.14998 -1.04019 -0.139679
3.18497 -1.04457 -0.124562
3.23295 -1.0503 -0.11876
3.27548 -1.05665 -0.148354
3.31623 -1.06563 -0.216837
3.36457 -1.07427 -0.176852
3.40831 -1.08336 -0.20478
3.45367 -1.09133 -0.174062
3.48956 -1.09914 -0.214258
3.53191 -1.10748 -0.194471
3.56574 -1.11443 -0.202531
3.60051 -1.12074 -0.179595
3.64608 -1.12841 -0.166717
3.68136 -1.13545 -0.196876
3.71481 -1.14304 -0.223041
3.74001 -1.14838 -0.20886
3.75094 -1.1507 -0.209044
3.75962 -1.15232 -0.184811
3.77681 -1.15493 -0.151017
3.79343 -1.15658 -0.0989555
3.80192 -1.1572 -0.07237
3.82034 -1.15826 -0.0577111
3.82456 -1.15851 -0.0589945
3.83242 -1.15924 -0.0926146
3.84155 -1.16036 -0.121703
3.86809 -1.16455 -0.156557
3.91645 -1.17686 -0.2493
3.95621 -1.18756 -0.262981
3.96713 -1.19049 -0.261473
3.98094 -1.19448 -0.281051
3.98533 -1.19566 -0.26346
4.01243 -1.20185 -0.224788
4.03848 -1.20687 -0.190147
4.058 -1.21119 -0.217793
4.08425 -1.21847 -0.270687
4.09859 -1.22195 -0.238211
4.12826 -1.22994 -0.262961
4.17208 -1.24226 -0.274063
4.21408 -1.25666 -0.330217
4.24876 -1.26956 -0.356222
4.27802 -1.28127 -0.38063
4.31416 -1.29493 -0.361215
4.35106 -1.30712 -0.319268
4.38652 -1.31701 -0.271816
4.4126 -1.32361 -0.248055
4.43634 -1.3297 -0.251067
4.47586 -1.34068 -0.270968
4.52116 -1.35441 -0.294316
4.56624 -1.3683 -0.298805
4.59132 -1.37484 -0.255084
4.61896 -1.38248 -0.269738
4.64944 -1.39142 -0.285433
4.67848 -1.3987 -0.245479
4.69696 -1.40352 -0.255308
4.71826 -1.40872 -0.239586
4.73772 -1.41383 -0.256707
4.76235 -1.42053 -0.26541
4.77934 -1.42421 -0.213647
4.78729 -1.42578 -0.194892
4.80952 -1.43051 -0.209301
4.83177 -1.43525 -0.210225
4.84613 -1.43759 -0.161557
4.87663 -1.44269 -0.165502
4.90813 -1.44831 -0.176551
4.93648 -1.45405 -0.199791
4.97124 -1.46099 -0.197254
5.00539 -1.46841 -0.213754
5.0331 -1.47372 -0.189287
5.04845 -1.47702 -0.211951
5.05383 -1.47852 -0.272175
5.07142 -1.48345 -0.27311
5.08446 -1.48719 -0.279299
5.0959 -1.49038 -0.271854
5.10374 -1.49264 -0.281115
5.11035 -1.49479 -0.314425
5.11431 -1.49593 -0.279228
5.11841 -1.49698 -0.251445
5.12976 -1.49984 -0.247391
5.14122 -1.50265 -0.240046
5.15065 -1.50495 -0.239435
5.16705 -1.50948 -0.269517
5.18053 -1.51314 -0.265099
5.1794 -1.51281 -0.287011
5.18766 -1.51547 -0.311733
5.19366 -1.51746 -0.320539
5.2008 -1.5199 -0.328484
5.19933 -1.5194 -0.326764
5.21089 -1.5232 -0.317545
True
0.066925
