4.49037 0.00475972 2.68272
4.45165 0.0284945 2.5916
4.43166 0.0431621 2.50871
4.4052 0.0651481 2.44826
4.37206 0.0964618 2.38454
4.3372 0.131776 2.34965
4.30459 0.169056 2.28948
4.27312 0.207896 2.2518
4.24295 0.247505 2.2217
4.21968 0.282794 2.15382
4.19828 0.31432 2.16717
4.17183 0.355977 2.13652
4.15842 0.37803 2.11709
4.13592 0.421011 2.05301
4.11521 0.466517 1.99792
4.09644 0.510311 1.97581
4.07475 0.553281 2.03825
4.05979 0.587854 1.97916
4.03965 0.633619 1.98529
4.02474 0.668761 1.97214
4.00524 0.710724 2.00571
3.98363 0.755795 2.01782
3.96492 0.800398 1.9681
3.95196 0.833292 1.94621
3.93827 0.867069 1.95574
3.92737 0.89929 1.89691
3.91463 0.931317 1.9494
3.90042 0.969188 1.92979
3.88077 1.01516 1.97476
3.8628 1.05255 2.01897
3.84219 1.09787 1.99746
3.82202 1.1402 2.01541
3.80297 1.18222 1.99653
3.78713 1.21491 2.02208
3.76973 1.25692 1.96343
3.75568 1.29005 1.97173
3.73843 1.33239 1.95779
3.72173 1.37949 1.9115
3.7038 1.42615 1.93776
3.68553 1.47238 1.94703
3.66825 1.51808 1.93241
3.65241 1.55714 1.9561
3.63278 1.59881 2.01098
3.61095 1.64355 2.0247
3.59288 1.67723 2.06331
3.57047 1.71964 2.0568
3.55057 1.75805 2.04887
3.52911 1.79848 2.05878
3.51791 1.8183 2.08529
3.49998 1.8516 2.06463
3.48601 1.87557 2.09849
3.46304 1.91287 2.12283
3.43807 1.95543 2.10143
3.41953 1.98606 2.11493
3.39349 2.02868 2.11929
3.36557 2.069 2.17641
3.33687 2.10921 2.19072
3.3091 2.14759 2.19714
3.28067 2.18872 2.17564
3.26187 2.21449 2.20113
3.23311 2.25539 2.18368
3.20512 2.29668 2.16645
3.17996 2.33278 2.17964
3.15317 2.37178 2.17252
3.12545 2.41229 2.1708
3.10506 2.44171 2.17688
3.07619 2.4814 2.19973
3.04672 2.51816 2.2466
3.01487 2.55669 2.2616
2.98284 2.59424 2.27702
2.94973 2.63171 2.29448
2.91609 2.667 2.33238
2.88253 2.70008 2.36329
2.85064 2.73183 2.35834
2.81961 2.75952 2.41315
2.7929 2.7853 2.37371
2.76328 2.81489 2.35678
2.7377 2.83881 2.38976
2.70637 2.86814 2.38909
2.67015 2.90075 2.40865
2.63288 2.93128 2.45522
2.59577 2.96235 2.44465
2.56304 2.99081 2.42585
2.52482 3.02299 2.4418
2.48998 3.05512 2.39644
2.46425 3.07493 2.48571
2.42518 3.10356 2.50909
2.38936 3.13014 2.50327
2.35065 3.15852 2.50892
2.32325 3.18004 2.47584
2.28503 3.20924 2.48927
2.24625 3.24013 2.46887
2.2063 3.27019 2.49653
2.16525 3.29868 2.53498
2.12828 3.32445 2.53283
2.08724 3.353 2.53376
2.04608 3.38138 2.53804
2.00548 3.40714 2.57616
1.96701 3.4312 2.58268
1.92561 3.45481 2.62332
1.88225 3.47919 2.62934
1.84439 3.50179 2.60354
1.81364 3.51904 2.63026
1.76842 3.54034 2.70127
1.73146 3.55787 2.69888
1.69703 3.57444 2.6929
1.65979 3.58931 2.76184
1.61342 3.60732 2.77104
1.57336 3.62238 2.78209
1.52744 3.64121 2.75243
1.48323 3.661 2.72061
1.44562 3.67735 2.73148
1.40358 3.69545 2.73515
1.35879 3.71764 2.68165
1.31332 3.73838 2.71366
1.26823 3.75919 2.7091
1.22558 3.77738 2.73859
1.20278 3.7886 2.68391
1.15746 3.80912 2.71661
1.11788 3.82721 2.71288
1.07274 3.8486 2.69907
1.02664 3.86725 2.75719
0.980606 3.88612 2.75257
0.947271 3.89917 2.76841
0.902524 3.91615 2.77882
0.855538 3.93197 2.81692
0.808316 3.94834 2.80794
0.764879 3.96258 2.82474
0.720968 3.97596 2.84584
0.675534 3.99204 2.80143
0.6317 4.00466 2.86126
0.590946 4.01713 2.84462
0.560506 4.02646 2.84412
0.515891 4.03937 2.85995
0.467844 4.05214 2.88184
0.419511 4.0649 2.88343
0.374077 4.07692 2.8831
0.325682 4.08664 2.94321
0.277032 4.09721 2.92775
0.2337 4.10463 2.97192
0.188637 4.1122 2.97527
0.146657 4.12006 2.95643
0.0971081 4.12653 3.0118
0.0472373 4.12999 3.07219
0.000548928 4.13422 3.05126
-0.0401308 4.13658 3.08368
-0.0864919 4.14092 3.04837
-0.136131 4.14398 3.07995
-0.184201 4.14657 3.08788
-0.233185 4.15099 3.05155
-0.282752 4.15448 3.07125
-0.332597 4.15757 3.07962
-0.376986 4.1592 3.10505
-0.426724 4.15923 3.14082
-0.473104 4.15947 3.13659
-0.522859 4.15856 3.15974
-0.569743 4.15853 -3.14083
-0.612151 4.15873 -3.14634
-0.656995 4.15756 3.16756
-0.706913 4.15609 -3.11198
-0.756581 4.15441 -3.1078
-0.802342 4.15172 -3.08293
-0.847522 4.15063 -3.11743
-0.897424 4.14774 -3.08388
-0.947398 4.14611 -3.10887
-0.99567 4.14223 -3.06143
-1.03813 4.13647 -3.00665
-1.0847 4.133 -3.06729
-1.13421 4.12789 -3.03873
-1.18371 4.1224 -3.03126
-1.2227 4.11917 -3.05893
-1.27223 4.11477 -3.05296
-1.32148 4.10806 -3.00619
-1.3706 4.1006 -2.99087
-1.4192 4.09449 -3.01646
-1.46826 4.08844 -3.01896
-1.51794 4.08285 -3.02958
-1.55176 4.08001 -3.05772
-1.60138 4.07407 -3.02234
-1.64674 4.06819 -3.01272
-1.6943 4.06514 -3.07761
-1.73795 4.06008 -3.02623
-1.78669 4.05642 -3.06665
-1.83224 4.05181 -3.0406
-1.86502 4.04848 -3.04063
-1.90735 4.04239 -2.99869
-1.95555 4.0348 -2.9853
-1.98775 4.03049 -3.00857
-2.03094 4.02486 -3.01201
-2.07832 4.0196 -3.03092
-2.12591 4.01475 -3.04018
-2.16771 4.01184 -3.07212
-2.2171 4.00657 -3.03526
-2.26448 4.00074 -3.01909
-2.3011 3.99735 -3.04939
-2.34007 3.9946 -3.07104
-2.38588 3.99237 -3.09303
-2.4221 3.99061 -3.09289
-2.47074 3.98803 -3.08858
-2.51688 3.98851 -3.15202
-2.56442 3.99056 3.09857
-2.60643 3.9936 3.06918
-2.64354 3.99608 3.07484
-2.68385 3.99866 3.07782
-2.72699 4.00292 3.04304
-2.76911 4.00824 3.01596
-2.81345 4.01282 3.03864
-2.85348 4.01503 3.08642
-2.90167 4.01709 3.09891
-2.94774 4.02073 3.06282
-2.98415 4.02165 3.11616
-3.03117 4.02391 3.0937
-3.07878 4.02557 3.10678
-3.11558 4.02633 3.12094
-3.15942 4.02849 3.09233
-3.19263 4.03028 3.08781
-3.21782 4.03127 3.10229
-3.23086 4.03153 3.12172
-3.25038 4.03205 3.1146
-3.27299 4.0325 3.12199
-3.28647 4.03281 3.11855
-3.29362 4.03279 3.14359
-3.30321 4.03283 -3.1458
-3.31848 4.03291 3.1363
-3.32693 4.03325 3.10213
-3.35128 4.03389 3.11535
-3.37158 4.03524 3.07501
-3.39256 4.03641 3.08572
-3.39867 4.03675 3.08704
-3.40695 4.03693 3.1201
-3.41516 4.03704 3.12716
-3.43327 4.03672 3.15923
-3.44979 4.03657 -3.13216
-3.47594 4.03581 -3.11258
-3.48903 4.03501 -3.08039
-3.50893 4.03427 -3.10483
-3.52902 4.03331 -3.09365
-3.54965 4.03253 -3.10356
-3.56755 4.03143 -3.08029
-3.59655 4.02901 -3.05846
-3.6277 4.02693 -3.07494
-3.67153 4.0243 -3.08155
-3.71464 4.02163 -3.07973
-3.76363 4.01663 -3.04004
-3.80432 4.01365 -3.06849
-3.84065 4.01208 -3.0984
-3.86351 4.01155 -3.11829
-3.88036 4.01106 -3.11222
-3.8868 4.01106 -3.14282
-3.89987 4.0112 3.13122
-3.91744 4.01138 3.13125
-3.93118 4.01191 3.10317
-3.95554 4.01222 3.12897
-3.96427 4.01251 3.1085
-3.97581 4.01298 3.10072
-3.99185 4.01331 3.12098
-4.00374 4.01322 3.14868
-4.01994 4.01284 -3.11798
-4.04314 4.01232 -3.11906
-4.069 4.01127 -3.10106
-4.0914 4.00892 -3.03726
-4.10362 4.00751 -3.02627
-4.1258 4.0049 -3.02437
-4.14328 4.00377 -3.07692
-4.14676 4.00346 -3.05464
-4.15913 4.00213 -3.03397
-4.161 4.00178 -2.95865
-4.16613 4.00059 -2.91369
-4.17362 3.9989 -2.91995
-4.17902 3.99779 -2.93807
-4.18986 3.99498 -2.88814
-4.19189 3.99451 -2.91525
-4.2058 3.99136 -2.9184
True
0.186819
