4.48729 0.00270778 2.93162
4.46099 0.0104564 2.85511
4.41325 0.0250996 2.84396
4.36701 0.0401559 2.82683
4.32411 0.0590529 2.72671
4.28687 0.0775887 2.67967
4.2594 0.0938224 2.60786
4.22087 0.123679 2.48233
4.18452 0.15224 2.4757
4.152 0.183289 2.3793
4.13324 0.202329 2.34877
4.10125 0.240502 2.26836
4.07483 0.274623 2.22954
4.05024 0.305595 2.242
4.03073 0.33116 2.22247
4.01304 0.358292 2.14853
3.98511 0.399693 2.16442
3.96081 0.436002 2.16046
3.93499 0.475318 2.15195
3.9207 0.500919 2.07982
3.89899 0.540836 2.06903
3.88006 0.577015 2.05274
3.85952 0.62218 1.99769
3.84412 0.659743 1.95993
3.8326 0.688647 1.94991
3.8146 0.735296 1.93902
3.80101 0.770697 1.93737
3.79152 0.794708 1.94731
3.78248 0.819839 1.91614
3.77696 0.835681 1.906
3.76675 0.865348 1.90206
3.74949 0.910777 1.93398
3.73707 0.942776 1.94093
3.72698 0.972419 1.89911
3.7159 1.00766 1.8754
3.70201 1.05563 1.85259
3.69497 1.07927 1.86014
3.68054 1.12154 1.89989
3.66835 1.16166 1.8657
3.65702 1.19666 1.88383
3.6532 1.21037 1.84269
3.64514 1.23689 1.86563
3.63905 1.25287 1.93498
3.62364 1.28759 1.98853
3.61058 1.31423 2.02649
3.59292 1.35735 1.95967
3.57584 1.3947 1.9997
3.56107 1.42992 1.96794
3.54606 1.46209 2.00733
3.52686 1.50632 1.98024
3.50717 1.55028 1.99195
3.48844 1.59662 1.95502
3.46914 1.63976 1.9913
3.44939 1.68263 2.00263
3.42772 1.72767 2.01906
3.40544 1.77209 2.03585
3.38362 1.8166 2.02653
3.36392 1.85977 1.99883
3.34741 1.89286 2.03359
3.33133 1.92696 2.01149
3.30856 1.9679 2.07843
3.29081 2.00147 2.05718
3.26513 2.04436 2.11024
3.2489 2.06856 2.16181
3.22254 2.11102 2.12623
3.19982 2.14885 2.11168
3.1727 2.19075 2.14523
3.14635 2.23064 2.15451
3.1181 2.27073 2.18475
3.08961 2.3112 2.18421
3.06639 2.34302 2.20108
3.03804 2.37687 2.26808
3.00436 2.41364 2.31242
2.97451 2.44584 2.31825
2.96319 2.46025 2.23686
2.93407 2.49614 2.25237
2.90249 2.53491 2.25441
2.87796 2.56281 2.29181
2.84529 2.59931 2.3009
2.8177 2.62794 2.33778
2.79212 2.65328 2.36086
2.77593 2.67146 2.29857
2.74099 2.707 2.34759
2.7102 2.73887 2.33907
2.67551 2.77385 2.35191
2.63978 2.80848 2.37188
2.60513 2.84353 2.35048
2.5794 2.86699 2.4022
2.54535 2.89607 2.43488
2.50806 2.92935 2.41293
2.47002 2.96037 2.45744
2.43172 2.99239 2.4454
2.40229 3.01841 2.4175
2.36827 3.05005 2.39242
2.33143 3.08385 2.39911
2.2938 3.11602 2.43421
2.26034 3.14394 2.4462
2.23244 3.16658 2.45995
2.20963 3.18422 2.48349
2.17406 3.2104 2.50704
2.13377 3.23932 2.51906
2.0993 3.26173 2.56525
2.06772 3.28339 2.54038
2.03927 3.30036 2.60353
1.99734 3.32659 2.58259
1.95416 3.35177 2.6138
1.91114 3.37575 2.63301
1.86699 3.39731 2.68738
1.83133 3.41318 2.72281
1.78601 3.43399 2.71114
1.74484 3.45312 2.7066
1.70728 3.4698 2.72366
1.66587 3.488 2.72763
1.62874 3.50358 2.74421
1.59113 3.51735 2.79059
1.55752 3.52943 2.79642
1.51014 3.54541 2.81636
1.46897 3.55876 2.82802
1.42711 3.57124 2.8518
1.38165 3.58647 2.81836
1.33386 3.60112 2.84424
1.30241 3.61102 2.83655
1.25533 3.62455 2.86179
1.20726 3.63831 2.86272
1.15863 3.64983 2.909
1.14735 3.65231 2.92508
1.10295 3.66111 2.94608
1.05799 3.67018 2.94244
1.00968 3.67882 2.96468
0.960643 3.68626 2.99094
0.9253 3.69283 2.95779
0.879019 3.70417 2.9014
0.834393 3.71353 2.93479
0.794011 3.72314 2.90784
0.756666 3.73111 2.93133
0.708988 3.74323 2.89277
0.663273 3.75358 2.91897
0.617927 3.76157 2.96712
0.573059 3.76982 2.95972
0.529817 3.77778 2.95958
0.502257 3.78158 3.00449
0.463079 3.78763 2.98853
0.417688 3.7936 3.01078
0.368271 3.80116 2.98974
0.325111 3.80757 2.99414
0.282605 3.81397 2.99214
0.233559 3.82007 3.01781
0.187822 3.82508 3.03256
0.138199 3.8312 3.01895
0.0935664 3.83813 2.98752
0.0584694 3.84231 3.02315
0.00870778 3.84713 3.04498
-0.0311899 3.85049 3.0574
-0.0811277 3.85242 3.10315
-0.131082 3.85232 3.14358
-0.180997 3.851 -3.1153
-0.222627 3.8482 -3.07442
-0.266021 3.84515 -3.07126
-0.304818 3.84143 -3.04624
-0.354096 3.83312 -2.97443
-0.401902 3.82641 -3.0022
-0.451696 3.82187 -3.05065
-0.49619 3.81484 -2.98479
-0.545484 3.8081 -3.00572
-0.592055 3.80017 -2.97294
-0.63884 3.79246 -2.97838
-0.687584 3.78228 -2.93561
-0.725391 3.7749 -2.94874
-0.770278 3.76488 -2.92199
-0.819351 3.7555 -2.9528
-0.868404 3.74584 -2.94712
-0.892714 3.74021 -2.91407
-0.926885 3.7311 -2.88107
-0.970336 3.71975 -2.88599
-1.01374 3.70745 -2.86561
-1.05321 3.69523 -2.84117
-1.08796 3.68318 -2.80775
-1.13511 3.66807 -2.83161
-1.17124 3.65474 -2.78808
-1.21373 3.63755 -2.75714
-1.26065 3.62029 -2.78905
-1.30032 3.60288 -2.728
-1.34547 3.58375 -2.74091
-1.39151 3.56426 -2.74123
-1.43816 3.54637 -2.77524
-1.48254 3.53015 -2.79121
-1.52421 3.51469 -2.78637
-1.57034 3.49588 -2.75435
-1.61026 3.48087 -2.78201
-1.64867 3.46374 -2.72208
-1.69008 3.44347 -2.68641
-1.73404 3.42063 -2.66237
-1.77716 3.39778 -2.65431
-1.82106 3.37402 -2.64565
-1.86114 3.35165 -2.63247
-1.90343 3.32824 -2.63603
-1.94713 3.30422 -2.63893
-1.98948 3.27769 -2.58203
-2.02798 3.25454 -2.60003
-2.06536 3.2318 -2.59524
-2.10672 3.20635 -2.58993
-2.14397 3.18258 -2.57365
-2.18529 3.15665 -2.58104
-2.2202 3.13321 -2.55049
-2.26072 3.10392 -2.51562
-2.30062 3.07461 -2.50805
-2.33458 3.0482 -2.48059
-2.35819 3.03128 -2.51988
-2.39418 3.00475 -2.5063
-2.43283 2.97503 -2.48612
-2.47221 2.9469 -2.5212
-2.51057 2.9197 -2.52493
-2.55143 2.89098 -2.52889
-2.58678 2.86552 -2.51743
-2.62944 2.83952 -2.5943
-2.67249 2.81411 -2.60833
-2.70773 2.79445 -2.63278
-2.75099 2.77074 -2.64014
-2.7903 2.75096 -2.67545
-2.83022 2.73036 -2.66515
-2.86999 2.70945 -2.6576
-2.89791 2.6942 -2.64174
-2.92736 2.67759 -2.62807
-2.96645 2.65455 -2.60886
-2.99929 2.63689 -2.64822
-3.03841 2.6132 -2.59705
-3.07896 2.58897 -2.60304
-3.11164 2.56976 -2.61012
-3.14189 2.55317 -2.64012
-3.15935 2.54198 -2.57169
-3.18876 2.52401 -2.59304
-3.21472 2.50921 -2.62339
-3.24233 2.49253 -2.5981
-3.26589 2.47832 -2.59889
-3.29859 2.459 -2.60799
-3.33464 2.43771 -2.60807
-3.34606 2.43115 -2.62008
-3.36779 2.41997 -2.66643
-3.40226 2.40426 -2.71407
-3.42462 2.39274 -2.66595
-3.43373 2.38724 -2.59751
-3.44952 2.37653 -2.54555
-3.46584 2.36577 -2.55889
-3.47894 2.35631 -2.51634
-3.49019 2.3477 -2.48826
-3.50664 2.33479 -2.47631
-3.52999 2.31498 -2.43781
-3.55708 2.29457 -2.49603
-3.57759 2.28054 -2.54168
-3.59551 2.26813 -2.53573
-3.61209 2.25673 -2.53963
-3.63821 2.23981 -2.56658
-3.65434 2.22967 -2.58065
-3.66348 2.22384 -2.57345
-3.68387 2.21131 -2.59067
-3.70164 2.19966 -2.56129
-3.71 2.19428 -2.56973
-3.732 2.17953 -2.55099
-3.74434 2.17055 -2.51221
-3.75996 2.15832 -2.47723
-3.76859 2.15126 -2.45631
-3.79004 2.13413 -2.46778
-3.81585 2.11406 -2.48077
-3.83421 2.09852 -2.43913
-3.84428 2.08965 -2.41964
-3.8451 2.08888 -2.38071
-3.85323 2.08115 -2.38135
-3.86532 2.06868 -2.34105
-3.88222 2.05256 -2.37989
-3.91135 2.02422 -2.36989
-3.93599 2.00002 -2.3652
-3.96147 1.97491 -2.36338
-3.99187 1.94656 -2.39116
-4.00754 1.93181 -2.38639
-4.0143 1.92548 -2.3892
-4.02677 1.91461 -2.4246
-4.03896 1.9043 -2.4396
-4.04999 1.89494 -2.43816
-4.05961 1.88659 -2.42649
-4.06451 1.88198 -2.38689
-4.0837 1.86445 -2.40146
-4.09611 1.85298 -2.39511
-4.10336 1.84513 -2.31696
-4.11653 1.83151 -2.33929
-4.12936 1.81904 -2.37017
-4.13729 1.81186 -2.40604
-4.1442 1.80622 -2.45682
-4.15723 1.79538 -2.44819
-4.17181 1.78367 -2.46464
-4.17291 1.78287 -2.51494
-4.17655 1.78023 -2.51259
-4.18723 1.77224 -2.49941
-4.19195 1.76854 -2.47704
-4.20827 1.75573 -2.47614
-4.22297 1.74449 -2.48907
-4.23336 1.73705 -2.51957
-4.2411 1.73151 -2.5206
-4.25453 1.7222 -2.53562
-4.25582 1.72136 -2.56308
-4.26783 1.71307 -2.53732
True
0.0676053
