-5.48007 0.630013 -0.132768
-5.44772 0.626119 -0.119794
-5.40144 0.62257 -0.0765187
-5.35433 0.61759 -0.105331
-5.30688 0.614338 -0.0684255
-5.26047 0.610028 -0.0925911
-5.21365 0.606315 -0.0791382
-5.17441 0.6013 -0.127126
-5.12516 0.593371 -0.159644
-5.08989 0.58651 -0.192133
-5.04612 0.579475 -0.159367
-5.00248 0.57078 -0.196657
-4.95962 0.56193 -0.20364
-4.91452 0.55234 -0.209495
-4.87578 0.544989 -0.187532
-4.83802 0.537679 -0.191192
-4.79587 0.52998 -0.180695
-4.74967 0.523019 -0.149537
-4.70041 0.517493 -0.111713
-4.651 0.512948 -0.0917333
-4.60996 0.510855 -0.0509358
-4.56587 0.507192 -0.0828984
-4.51629 0.503119 -0.0819717
-4.46688 0.50005 -0.062036
-4.41763 0.495485 -0.0924223
-4.37047 0.493505 -0.0419643
-4.32083 0.490349 -0.0634979
-4.27154 0.487609 -0.0555177
-4.23135 0.485548 -0.0512502
-4.18454 0.484516 -0.022038
-4.13612 0.483562 -0.0197004
-4.10083 0.48301 -0.0156252
-4.05902 0.480395 -0.0624616
-4.01167 0.478057 -0.049352
-3.96233 0.47534 -0.055002
-3.92071 0.473258 -0.0499859
-3.88303 0.473812 0.0147057
-3.83877 0.47416 0.00787119
-3.78881 0.472967 -0.023871
-3.74482 0.470833 -0.0484905
-3.6953 0.469131 -0.0343417
-3.65274 0.466455 -0.0628019
-3.60415 0.463433 -0.062119
-3.56123 0.459321 -0.0955246
-3.51934 0.454661 -0.110775
-3.48164 0.450265 -0.116092
-3.44103 0.445127 -0.125819
-3.39725 0.440218 -0.111672
-3.3533 0.435277 -0.111966
-3.3051 0.429638 -0.116457
-3.26358 0.424665 -0.1192
-3.21492 0.419161 -0.112649
-3.16504 0.415779 -0.0676936
-3.11521 0.412445 -0.0668096
-3.06945 0.408438 -0.0873278
-3.01951 0.406073 -0.0473142
-2.97045 0.403522 -0.051957
-2.92218 0.400676 -0.0588954
-2.87236 0.397444 -0.0647878
-2.82259 0.392604 -0.0969505
-2.77281 0.38885 -0.0752597
-2.73152 0.385325 -0.085163
-2.68881 0.383369 -0.0457828
-2.63931 0.380001 -0.0679105
-2.59632 0.376041 -0.091855
-2.55944 0.372843 -0.0865251
-2.5096 0.36895 -0.077949
-2.46224 0.363537 -0.113798
-2.4165 0.357828 -0.124154
-2.36889 0.352135 -0.119021
-2.31913 0.347926 -0.0843833
-2.27077 0.344991 -0.0606284
-2.22546 0.340038 -0.108842
-2.17945 0.335669 -0.0947
-2.1365 0.330782 -0.113311
-2.08679 0.325462 -0.106603
-2.05393 0.322797 -0.080935
-2.00523 0.318501 -0.0879718
-1.95561 0.314599 -0.0784651
-1.90563 0.313703 -0.0179246
-1.85653 0.31234 -0.0277584
-1.80681 0.31208 -0.00523183
-1.75958 0.311381 -0.0148043
-1.72401 0.310711 -0.0188319
-1.68043 0.309008 -0.0390448
-1.63792 0.306881 -0.0499906
-1.58951 0.303757 -0.0644621
-1.53976 0.300989 -0.0555788
-1.50278 0.297428 -0.0959795
-1.45513 0.291421 -0.125403
-1.40936 0.286583 -0.10532
-1.35961 0.282761 -0.0766659
-1.31414 0.278491 -0.0936318
-1.27801 0.273258 -0.143835
-1.2293 0.264653 -0.174864
-1.18489 0.2568 -0.17503
-1.13705 0.247531 -0.191348
-1.08988 0.239239 -0.174025
-1.04115 0.228074 -0.225229
-0.992979 0.217857 -0.20901
-0.944098 0.207776 -0.203386
-0.909379 0.201024 -0.192075
-0.861984 0.192984 -0.168049
-0.812777 0.18441 -0.172507
-0.763931 0.17373 -0.215259
-0.728083 0.165192 -0.2338
-0.687324 0.155905 -0.224028
-0.639185 0.143551 -0.251213
-0.594908 0.134204 -0.208056
-0.548673 0.123699 -0.223414
-0.506219 0.11552 -0.190326
-0.457567 0.104138 -0.229812
-0.410823 0.0923902 -0.246222
-0.363228 0.0786732 -0.280598
-0.315788 0.0638576 -0.302709
-0.268711 0.0483916 -0.317412
-0.220769 0.0344139 -0.283691
-0.174047 0.0209997 -0.27959
-0.127849 0.00805339 -0.273225
-0.0808376 -0.00641751 -0.298613
-0.0335878 -0.0187894 -0.256091
0.0138508 -0.0309465 -0.25087
0.0621563 -0.0438189 -0.260428
0.095255 -0.0523349 -0.251831
0.137121 -0.0642971 -0.278307
0.179862 -0.0766385 -0.281102
0.223268 -0.0875567 -0.246427
0.27139 -0.10113 -0.274906
0.310306 -0.111274 -0.254997
0.346456 -0.122102 -0.29102
0.39432 -0.136562 -0.293393
0.436776 -0.150065 -0.307935
0.481701 -0.162584 -0.271771
0.529399 -0.175888 -0.272012
0.572488 -0.187102 -0.25459
0.62108 -0.198764 -0.235542
0.665308 -0.209874 -0.246119
0.713936 -0.221376 -0.232268
0.762339 -0.233593 -0.247225
0.810239 -0.245431 -0.242296
0.851109 -0.255557 -0.242869
0.899205 -0.2678 -0.249249
0.940391 -0.278316 -0.250003
0.987404 -0.288573 -0.2148
1.03566 -0.300017 -0.232865
1.08386 -0.310961 -0.223238
1.12479 -0.319184 -0.198256
1.16757 -0.328873 -0.222756
1.2159 -0.339684 -0.220055
1.26502 -0.348987 -0.187179
1.31409 -0.358415 -0.189826
1.36251 -0.36837 -0.20276
1.40319 -0.375916 -0.183438
1.44144 -0.382816 -0.178445
1.49047 -0.389299 -0.131491
1.5303 -0.393268 -0.0992947
1.57877 -0.401894 -0.176128
1.62392 -0.409885 -0.175146
1.66942 -0.416724 -0.149213
1.71084 -0.424952 -0.196117
1.76006 -0.433216 -0.166319
1.79545 -0.440932 -0.214692
1.84282 -0.452903 -0.247543
1.88447 -0.462628 -0.229362
1.93247 -0.47562 -0.264345
1.98134 -0.485682 -0.203042
2.02971 -0.494785 -0.186041
2.07807 -0.507483 -0.256763
2.12486 -0.519871 -0.258814
2.17275 -0.529604 -0.200526
2.22179 -0.539307 -0.195297
2.26191 -0.54735 -0.197858
2.30673 -0.557738 -0.227782
2.34478 -0.565436 -0.199618
2.38399 -0.573443 -0.20143
2.43343 -0.58085 -0.148716
2.48245 -0.590418 -0.192741
2.53082 -0.597156 -0.138416
2.57782 -0.601486 -0.0918714
2.62743 -0.606773 -0.106169
2.66437 -0.611272 -0.121182
2.70988 -0.617799 -0.14244
2.75823 -0.624375 -0.135191
2.80768 -0.630687 -0.126966
2.83698 -0.634486 -0.128932
2.87439 -0.63991 -0.143973
2.92342 -0.649609 -0.195302
2.96622 -0.656384 -0.157019
3.01103 -0.664863 -0.186976
3.05811 -0.676131 -0.23494
3.10068 -0.686473 -0.238301
3.14742 -0.696996 -0.221471
3.18008 -0.703855 -0.206981
3.21933 -0.712026 -0.205279
3.26112 -0.720693 -0.204474
3.30756 -0.73066 -0.211421
3.35023 -0.74051 -0.226853
3.39683 -0.750936 -0.220101
3.44293 -0.76037 -0.201869
3.48248 -0.767857 -0.18708
3.5179 -0.775391 -0.209586
3.55742 -0.783993 -0.214328
3.59104 -0.790988 -0.205106
3.62936 -0.799511 -0.218889
3.67582 -0.812252 -0.26762
3.71207 -0.824211 -0.318726
3.71563 -0.825388 -0.319416
3.73342 -0.830466 -0.277963
3.77396 -0.843298 -0.306571
3.81469 -0.858042 -0.347339
3.84894 -0.870136 -0.339447
3.88387 -0.8804 -0.285797
3.928 -0.891663 -0.249844
3.96949 -0.899421 -0.18487
4.00898 -0.90731 -0.197162
4.03996 -0.913384 -0.193596
4.08102 -0.922191 -0.211328
4.1124 -0.928547 -0.199831
4.13119 -0.932207 -0.192367
4.16752 -0.938462 -0.170488
4.19052 -0.942344 -0.167202
4.21993 -0.947888 -0.186361
4.23338 -0.950318 -0.178671
4.25293 -0.953526 -0.162597
4.26754 -0.95617 -0.179152
4.2927 -0.961514 -0.209269
4.31195 -0.966245 -0.240938
4.32063 -0.968515 -0.255838
4.32399 -0.96942 -0.263135
4.33301 -0.971742 -0.252057
4.35132 -0.975583 -0.206749
4.38019 -0.981148 -0.19041
4.41389 -0.988624 -0.218316
4.45309 -0.996804 -0.205739
4.48253 -1.00341 -0.220755
4.48766 -1.00438 -0.187005
4.50844 -1.00751 -0.149485
4.54037 -1.01192 -0.137252
4.56826 -1.01544 -0.125426
4.5969 -1.01971 -0.147953
4.61849 -1.02303 -0.152762
4.6306 -1.02502 -0.163138
4.65225 -1.02817 -0.144466
4.67588 -1.03211 -0.164999
4.70348 -1.03618 -0.146376
4.75021 -1.04302 -0.145338
4.7838 -1.04726 -0.125638
4.80867 -1.05072 -0.138141
4.82796 -1.05423 -0.180221
4.84958 -1.05842 -0.191269
4.8585 -1.06 -0.175559
4.86997 -1.06179 -0.15498
4.88091 -1.06357 -0.16121
4.895 -1.066 -0.170933
4.90964 -1.06865 -0.178731
4.92711 -1.07189 -0.183356
4.9287 -1.07217 -0.17446
4.9379 -1.07375 -0.170542
4.95247 -1.07657 -0.191238
4.96619 -1.07949 -0.209026
4.98385 -1.08301 -0.196996
4.99063 -1.0844 -0.202284
4.99355 -1.08504 -0.216485
5.0055 -1.08726 -0.183707
5.015 -1.08903 -0.184257
5.01896 -1.08985 -0.204357
5.02851 -1.09205 -0.22573
5.03117 -1.09272 -0.248562
5.04021 -1.09496 -0.242515
5.04189 -1.09535 -0.229038
5.04493 -1.09599 -0.206335
5.05557 -1.09779 -0.168348
5.07415 -1.10052 -0.145412
5.10328 -1.10617 -0.191606
5.11102 -1.1077 -0.196008
5.11781 -1.10918 -0.21395
5.12256 -1.11028 -0.227915
5.13514 -1.11297 -0.210874
5.1488 -1.11538 -0.174299
5.15396 -1.11623 -0.162801
5.16775 -1.11842 -0.157505
5.16902 -1.11866 -0.190093
5.17514 -1.12001 -0.216765
5.18594 -1.12259 -0.234604
5.1936 -1.12437 -0.228011
5.20963 -1.12829 -0.239965
5.21259 -1.12889 -0.199875
True
0.259445
