-5.47731 -1.66201 0.269282
-5.43581 -1.64723 0.342089
-5.38903 -1.63217 0.311363
-5.34186 -1.6156 0.337902
-5.29658 -1.6008 0.315833
-5.25011 -1.58652 0.298073
-5.20412 -1.57316 0.282799
-5.15563 -1.56143 0.237341
-5.10949 -1.54905 0.262175
-5.06168 -1.53443 0.296809
-5.01936 -1.5205 0.317846
-4.97223 -1.50386 0.339448
-4.92628 -1.4897 0.298923
-4.88521 -1.47564 0.329845
-4.83677 -1.4633 0.249507
-4.78959 -1.45159 0.24323
-4.74241 -1.43918 0.257162
-4.69381 -1.42894 0.207631
-4.65466 -1.4203 0.217206
-4.60906 -1.40779 0.267912
-4.56204 -1.39506 0.264418
-4.51387 -1.38417 0.222209
-4.46586 -1.37278 0.233022
-4.42783 -1.36506 0.20024
-4.39194 -1.35755 0.206133
-4.34275 -1.34864 0.179252
-4.29339 -1.34085 0.156553
-4.24375 -1.33504 0.116458
-4.19423 -1.33062 0.0891502
-4.15182 -1.32709 0.0828396
-4.11251 -1.32273 0.110564
-4.07537 -1.32013 0.0697978
-4.03107 -1.31859 0.0348741
-3.98176 -1.31616 0.0492946
-3.93548 -1.31472 0.0309026
-3.88851 -1.31385 0.0187183
-3.85014 -1.31244 0.036529
-3.80293 -1.30992 0.053359
-3.75331 -1.31053 -0.0123366
-3.70575 -1.31132 -0.0166176
-3.65947 -1.31125 0.00165154
-3.61942 -1.31115 0.00249054
-3.57917 -1.31201 -0.0214713
-3.53119 -1.31206 -0.000879193
-3.49236 -1.31175 0.00775723
-3.45038 -1.31201 -0.00603092
-3.40198 -1.31347 -0.0301681
-3.36007 -1.31382 -0.00835831
-3.31025 -1.31765 -0.0767299
-3.26053 -1.32044 -0.0560372
-3.21209 -1.32306 -0.0540859
-3.16384 -1.32445 -0.02884
-3.12162 -1.32616 -0.0405478
-3.07738 -1.3288 -0.0595859
-3.02771 -1.33324 -0.0890029
-2.97809 -1.33892 -0.114056
-2.92827 -1.34273 -0.0763437
-2.8841 -1.34693 -0.0948437
-2.84188 -1.3496 -0.0631805
-2.79981 -1.35521 -0.13256
-2.75168 -1.35861 -0.0704091
-2.70178 -1.36181 -0.0640766
-2.65837 -1.36478 -0.068231
-2.60944 -1.36898 -0.0856336
-2.56317 -1.37329 -0.0928503
-2.51514 -1.37752 -0.088026
-2.46633 -1.37946 -0.0396819
-2.41813 -1.38244 -0.0617072
-2.36819 -1.38447 -0.040538
-2.32692 -1.38651 -0.0494757
-2.27986 -1.38658 -0.00157471
-2.23041 -1.38653 0.00110982
-2.18396 -1.38704 -0.0111063
-2.13624 -1.38478 0.0474633
-2.08668 -1.38403 0.015059
-2.04449 -1.38232 0.040417
-2.00167 -1.38135 0.0227315
-1.95175 -1.38167 -0.00638377
-1.91787 -1.38192 -0.00726051
-1.87324 -1.38257 -0.0146184
-1.82351 -1.38336 -0.0158459
-1.77351 -1.38402 -0.0132648
-1.73241 -1.38549 -0.0356412
-1.68386 -1.38596 -0.00973134
-1.63391 -1.38759 -0.0326391
-1.5871 -1.38935 -0.037583
-1.53719 -1.39187 -0.0504467
-1.48727 -1.39433 -0.0492628
-1.43846 -1.39565 -0.0269927
-1.3905 -1.39474 0.0188211
-1.34067 -1.39164 0.0622407
-1.29155 -1.38685 0.0971237
-1.24209 -1.37976 0.14237
-1.19458 -1.37179 0.166202
-1.1463 -1.36192 0.20166
-1.09787 -1.35119 0.217991
-1.0509 -1.3389 0.255962
-1.00747 -1.32552 0.298865
-0.961243 -1.3106 0.312277
-0.914217 -1.29406 0.338128
-0.869586 -1.27729 0.359459
-0.8236 -1.25775 0.401888
-0.783986 -1.24039 0.412958
-0.738833 -1.21895 0.443243
-0.695732 -1.19982 0.417803
-0.65634 -1.17949 0.47651
-0.610827 -1.15954 0.413121
-0.57301 -1.14176 0.439379
-0.526939 -1.12245 0.396961
-0.490981 -1.10536 0.443653
-0.448994 -1.08715 0.409111
-0.404849 -1.0681 0.407456
-0.368822 -1.05262 0.405844
-0.324284 -1.03351 0.405282
-0.279038 -1.01689 0.351979
-0.235358 -1.0012 0.344816
-0.190176 -0.985688 0.330805
-0.143708 -0.967834 0.366829
-0.102275 -0.950332 0.399686
-0.0633615 -0.935318 0.368225
-0.0164667 -0.918802 0.338635
0.0273479 -0.904049 0.32479
0.0726105 -0.888286 0.335124
0.119722 -0.871895 0.334808
0.15131 -0.859448 0.375364
0.196142 -0.83906 0.426803
0.234579 -0.822189 0.41362
0.27798 -0.803598 0.404705
0.322571 -0.784402 0.406516
0.368115 -0.763828 0.424299
0.412248 -0.746215 0.379724
0.458306 -0.726771 0.399455
0.494271 -0.71212 0.386852
0.53978 -0.694619 0.367114
0.580815 -0.67765 0.392114
0.618863 -0.662631 0.375968
0.665209 -0.645264 0.358526
0.711962 -0.627584 0.361545
0.758387 -0.609676 0.368144
0.791143 -0.59658 0.380341
0.834131 -0.57981 0.37196
0.879845 -0.564397 0.325192
0.913795 -0.553987 0.297511
0.956867 -0.541141 0.289841
1.0039 -0.525989 0.311667
1.03858 -0.513075 0.35649
1.08481 -0.494131 0.388908
1.13125 -0.475667 0.378366
1.17413 -0.455426 0.441099
1.22126 -0.438889 0.33744
1.26798 -0.422798 0.331661
1.30489 -0.410571 0.319898
1.34919 -0.396388 0.309867
1.39585 -0.381346 0.311836
1.4369 -0.368543 0.302324
1.48436 -0.356426 0.249999
1.5283 -0.344709 0.260579
1.56288 -0.334742 0.280679
1.61096 -0.321328 0.272042
1.65485 -0.308146 0.291778
1.70202 -0.294001 0.291308
1.74742 -0.279866 0.301882
1.79412 -0.263751 0.332232
1.83012 -0.251587 0.325895
1.87286 -0.236391 0.341561
1.90231 -0.225734 0.347288
1.94819 -0.209127 0.34727
1.99393 -0.19121 0.373355
2.04044 -0.17287 0.375602
2.08676 -0.157495 0.320453
2.12552 -0.142084 0.378452
2.15452 -0.129734 0.40268
2.20037 -0.109803 0.41004
2.24497 -0.0916184 0.387157
2.28842 -0.0734864 0.395297
2.33428 -0.0554542 0.37465
2.38023 -0.0370598 0.380735
2.42548 -0.0183008 0.393052
2.47139 -0.000641895 0.367162
2.518 0.0170333 0.362496
2.56071 0.0330987 0.359786
2.59902 0.0459562 0.323743
2.64683 0.0601735 0.289037
2.68569 0.0753105 0.371485
2.7296 0.0916122 0.355484
2.76255 0.105044 0.387032
2.80954 0.12214 0.348975
2.85321 0.138635 0.361136
2.88713 0.15107 0.351425
2.93299 0.170627 0.403098
2.97725 0.186794 0.350222
3.01701 0.202288 0.37156
3.05418 0.21564 0.344862
3.09824 0.230459 0.324413
3.14152 0.246167 0.348148
3.18063 0.260524 0.351829
3.22696 0.276842 0.33867
3.26374 0.290314 0.351096
3.3037 0.305465 0.362415
3.34506 0.323985 0.420967
3.36572 0.334159 0.457732
3.38978 0.345034 0.424521
3.41702 0.356019 0.383225
3.46127 0.373295 0.372276
3.50009 0.389194 0.388654
3.54405 0.406114 0.367473
3.58056 0.419937 0.361867
3.60965 0.431697 0.384267
3.64239 0.444059 0.361026
3.67735 0.458329 0.387536
3.70122 0.468192 0.391787
3.73954 0.484506 0.402452
3.78537 0.503672 0.396118
3.82959 0.521439 0.382073
3.87036 0.540601 0.439385
3.90302 0.556407 0.450627
3.92308 0.565671 0.432738
3.96015 0.581313 0.399264
3.98514 0.591861 0.399454
4.01069 0.602361 0.389935
4.04286 0.614656 0.365013
4.0752 0.628529 0.405282
4.09694 0.638779 0.440524
4.14076 0.657988 0.413071
4.1757 0.673399 0.415403
4.20223 0.685114 0.415845
4.22717 0.696602 0.431757
4.27049 0.717651 0.452279
4.29896 0.72953 0.395291
4.33425 0.743426 0.375157
4.36988 0.757939 0.386794
4.40479 0.770549 0.346632
4.42379 0.77727 0.339901
4.44214 0.782967 0.301095
4.46641 0.791229 0.328138
4.48526 0.797741 0.332631
4.5026 0.804534 0.373393
4.53081 0.816821 0.410678
4.55122 0.825372 0.396801
4.57483 0.835989 0.422639
4.58831 0.841301 0.375303
4.62615 0.855024 0.347915
4.64028 0.859547 0.309753
4.65711 0.864786 0.301778
4.65956 0.865616 0.32716
4.68059 0.873568 0.361484
4.70596 0.883341 0.367715
4.71393 0.886446 0.371535
4.72207 0.88953 0.361846
4.73603 0.894774 0.359568
4.74236 0.896953 0.331077
4.75416 0.901148 0.341723
4.76611 0.905321 0.336037
4.77496 0.908422 0.336776
4.795 0.917044 0.406383
4.80582 0.921753 0.410546
4.83 0.931706 0.390399
4.84855 0.938969 0.373285
4.87958 0.950077 0.343745
4.89388 0.954807 0.319348
4.90157 0.957252 0.30787
4.90463 0.958256 0.317272
4.91161 0.960499 0.310876
4.92213 0.963664 0.292232
4.93304 0.967076 0.303299
4.9354 0.967815 0.303057
4.94446 0.970819 0.320071
4.95966 0.974459 0.235005
4.97626 0.978626 0.245953
4.98585 0.981671 0.307437
4.98693 0.981992 0.291036
4.99128 0.983391 0.31083
5.00929 0.989787 0.341205
5.03087 0.998469 0.382477
5.04585 1.00498 0.410126
5.05551 1.00913 0.405263
5.06979 1.01459 0.365285
5.0766 1.01694 0.33301
5.08914 1.02121 0.32802
5.08785 1.02074 0.348619
5.09979 1.02552 0.381021
5.11802 1.03342 0.408887
5.13014 1.03887 0.422073
5.13474 1.04094 0.423138
5.14115 1.04365 0.400388
5.15151 1.04833 0.424125
5.16589 1.05444 0.401627
5.17702 1.05945 0.423215
5.18816 1.06451 0.426262
5.18745 1.0642 0.404268
5.18349 1.06249 0.407685
5.1944 1.06773 0.447541
5.22042 1.0802 0.44676
True
0.254453
