-5.48443 0.39536 0.0866972
-5.44351 0.399561 0.102285
-5.39569 0.405197 0.117324
-5.34931 0.41312 0.16919
-5.30896 0.420787 0.187803
-5.25981 0.429825 0.181821
-5.22222 0.43483 0.132378
-5.18834 0.439954 0.150149
-5.14434 0.446903 0.156613
-5.09967 0.452629 0.127475
-5.05091 0.45959 0.141822
-5.00157 0.463111 0.0712316
-4.95351 0.466062 0.0613314
-4.90625 0.469266 0.0677
-4.85651 0.472047 0.0558555
-4.80747 0.475142 0.0630296
-4.75768 0.479451 0.0863076
-4.70793 0.482692 0.0650663
-4.66967 0.485765 0.0801375
-4.61983 0.486234 0.00942006
-4.5705 0.48804 0.0365826
-4.5209 0.489983 0.0391567
-4.47834 0.494333 0.101871
-4.43028 0.493456 -0.0182389
-4.38351 0.494342 0.0189386
-4.33357 0.496622 0.0456222
-4.28426 0.499036 0.0489152
-4.23809 0.50125 0.0479042
-4.1962 0.503057 0.0431136
-4.14699 0.506885 0.0776358
-4.09747 0.512299 0.108907
-4.06471 0.51451 0.0673827
-4.01796 0.519211 0.100218
-3.98339 0.523287 0.117341
-3.93431 0.530152 0.138986
-3.88593 0.538563 0.172136
-3.84061 0.547372 0.191974
-3.79237 0.55594 0.175773
-3.74375 0.565323 0.190664
-3.70011 0.571544 0.141611
-3.67188 0.575311 0.132606
-3.63008 0.581512 0.147309
-3.58102 0.587846 0.12838
-3.53159 0.593506 0.114001
-3.48197 0.59958 0.121805
-3.43407 0.604132 0.0947386
-3.38979 0.611775 0.170941
-3.34083 0.620377 0.173941
-3.29541 0.627735 0.16059
-3.24597 0.632432 0.094702
-3.20042 0.635561 0.0686059
-3.1505 0.638405 0.0568986
-3.1006 0.64115 0.0549593
-3.05203 0.64475 0.0739764
-3.01009 0.646574 0.0434646
-2.97044 0.648952 0.0599033
-2.92104 0.65472 0.116234
-2.87513 0.658721 0.0869243
-2.82645 0.659331 0.0125428
-2.77661 0.660496 0.0233609
-2.72785 0.663552 0.0625867
-2.67805 0.666814 0.065416
-2.64316 0.669569 0.0788052
-2.59332 0.671859 0.0459055
-2.5457 0.673267 0.0295628
-2.50307 0.67325 -0.000405759
-2.45366 0.672086 -0.0235497
-2.40409 0.671851 -0.00473857
-2.3602 0.671606 -0.0055698
-2.32252 0.669832 -0.0470405
-2.27322 0.669297 -0.0108574
-2.22329 0.669373 0.00151316
-2.17333 0.671184 0.0362483
-2.12356 0.675639 0.0892593
-2.07423 0.676325 0.0139036
-2.02426 0.677888 0.031278
-1.97986 0.678635 0.0168159
-1.93145 0.68155 0.0601426
-1.89773 0.683059 0.0447243
-1.85711 0.683454 0.00971872
-1.80751 0.684143 0.0138951
-1.76127 0.68401 -0.00287662
-1.71685 0.682894 -0.025112
-1.66694 0.683584 0.0138331
-1.61966 0.684797 0.0256334
-1.57065 0.6872 0.049001
-1.52839 0.691824 0.108972
-1.48304 0.696572 0.104322
-1.44262 0.701364 0.117996
-1.39587 0.706569 0.1109
-1.3606 0.710472 0.110185
-1.31104 0.716971 0.130383
-1.26474 0.720987 0.0865196
-1.21989 0.726049 0.112401
-1.17027 0.731926 0.117892
-1.12453 0.740083 0.176499
-1.07554 0.74996 0.198927
-1.02726 0.761532 0.235259
-0.978882 0.771682 0.206803
-0.93639 0.780254 0.199065
-0.88854 0.790482 0.210576
-0.845178 0.799921 0.214337
-0.795937 0.808603 0.174532
-0.748592 0.81851 0.206264
-0.703879 0.828526 0.220361
-0.658181 0.840214 0.250407
-0.610147 0.853864 0.276874
-0.563604 0.867556 0.286099
-0.516922 0.881957 0.299243
-0.472072 0.896073 0.304915
-0.424282 0.910699 0.296996
-0.376786 0.924658 0.285849
-0.333629 0.937294 0.284828
-0.28707 0.952306 0.311917
-0.252299 0.962691 0.290224
-0.205841 0.978534 0.328647
-0.160426 0.994101 0.330226
-0.116936 1.00722 0.292918
-0.070419 1.02183 0.3044
-0.0276764 1.03407 0.278831
0.017486 1.04729 0.284844
0.0649449 1.06089 0.279095
0.108579 1.07297 0.270056
0.156409 1.08572 0.260467
0.204438 1.09755 0.241558
0.24361 1.10769 0.253292
0.292115 1.11955 0.239715
0.334355 1.13033 0.250022
0.382377 1.14379 0.273307
0.429871 1.15854 0.300991
0.476974 1.1738 0.313347
0.521036 1.18883 0.328716
0.550454 1.19839 0.314118
0.596084 1.21415 0.332703
0.641275 1.22929 0.323169
0.688583 1.2436 0.293745
0.722464 1.25361 0.287425
0.761025 1.26462 0.277904
0.808955 1.27845 0.281067
0.856654 1.29303 0.296538
0.903975 1.30778 0.30217
0.945854 1.31784 0.235842
0.9919 1.32857 0.228932
1.03741 1.33911 0.227482
1.08257 1.3486 0.207205
1.11895 1.35696 0.225872
1.16749 1.36747 0.213125
1.21372 1.37581 0.178482
1.26098 1.38304 0.151807
1.30692 1.38978 0.14583
1.35597 1.39723 0.150607
1.39605 1.40225 0.1246
1.43877 1.40762 0.125204
1.48795 1.41241 0.0970399
1.53354 1.41473 0.050754
1.58269 1.41704 0.0469402
1.63111 1.41905 0.0415163
1.68099 1.42227 0.0645913
1.72333 1.42415 0.0442241
1.77324 1.42154 -0.0521596
1.82035 1.4179 -0.0771303
1.86894 1.41684 -0.0218429
1.91882 1.4155 -0.0267667
1.96218 1.41291 -0.0597844
2.00941 1.4105 -0.0508395
2.05918 1.4071 -0.0683785
2.09929 1.40413 -0.073852
2.13971 1.40158 -0.062902
2.18596 1.39887 -0.0586164
2.22575 1.39629 -0.0646674
2.26768 1.39474 -0.0369274
2.31728 1.39154 -0.0644243
2.36668 1.38877 -0.0559857
2.41347 1.38598 -0.059761
2.45276 1.38156 -0.111807
2.50061 1.38016 -0.0292436
2.55025 1.38068 0.0103656
2.5967 1.3825 0.0392011
2.64302 1.38346 0.0207979
2.69144 1.38422 0.0156167
2.73995 1.38439 0.00339062
2.7878 1.38381 -0.0120671
2.83493 1.38331 -0.0106638
2.88367 1.38013 -0.065032
2.92734 1.37769 -0.0558561
2.97062 1.37414 -0.0817947
3.01031 1.37146 -0.0673521
3.05841 1.36701 -0.092255
3.10349 1.36255 -0.0987837
3.14145 1.35925 -0.0865751
3.18413 1.35589 -0.0784996
3.23119 1.35195 -0.083685
3.28012 1.34681 -0.104525
3.32897 1.34197 -0.0988446
3.36322 1.3384 -0.103954
3.39729 1.33504 -0.0982395
3.44471 1.32973 -0.111575
3.48678 1.32597 -0.0889215
3.52729 1.32434 -0.0402656
3.56672 1.32351 -0.0210625
3.61429 1.32176 -0.0368146
3.64077 1.32128 -0.018142
3.67801 1.31989 -0.0373921
3.71109 1.31924 -0.0194847
3.75126 1.31752 -0.042866
3.78151 1.31571 -0.0598553
3.79702 1.314 -0.109584
3.82154 1.31083 -0.128732
3.85834 1.30698 -0.104049
3.88624 1.30273 -0.151146
3.92448 1.29613 -0.171059
3.94264 1.29332 -0.153431
3.9741 1.28809 -0.164795
3.98846 1.28606 -0.140494
4.00214 1.28409 -0.14259
4.02985 1.28227 -0.0657656
4.03565 1.28188 -0.0666523
4.05287 1.28038 -0.0871468
4.06308 1.27939 -0.0966484
4.08238 1.2779 -0.0770443
4.10399 1.27651 -0.0642142
4.13755 1.27391 -0.0772599
4.17507 1.27056 -0.0889738
4.21851 1.26639 -0.0958487
4.25266 1.2632 -0.0928562
4.29741 1.25904 -0.0928705
4.33275 1.25714 -0.0537027
4.36259 1.25534 -0.060049
4.40827 1.2518 -0.0773943
4.44447 1.24872 -0.0849389
4.49129 1.24348 -0.11147
4.51427 1.24158 -0.0822269
4.54352 1.23799 -0.122342
4.56684 1.23498 -0.128352
4.58506 1.23227 -0.147659
4.60427 1.22951 -0.142384
4.61529 1.22815 -0.122788
4.62662 1.22684 -0.115753
4.63984 1.22544 -0.105356
4.66149 1.22349 -0.0897811
4.68671 1.22136 -0.0840394
4.70128 1.21954 -0.12424
4.72081 1.21625 -0.167276
4.7307 1.21382 -0.240567
4.73726 1.21223 -0.237421
4.74457 1.21082 -0.191442
4.77157 1.20529 -0.201822
4.77947 1.2038 -0.186362
4.79325 1.20125 -0.183386
4.81349 1.1984 -0.139973
4.84706 1.19385 -0.134677
4.87861 1.19158 -0.0716041
4.90749 1.19025 -0.0462532
4.9389 1.19039 0.00451845
4.95589 1.19061 0.0132542
4.96829 1.19083 0.0169927
4.99195 1.19172 0.037807
5.01067 1.19298 0.0671486
5.02379 1.19357 0.0450128
5.04648 1.19541 0.0808107
5.06772 1.1973 0.0889863
5.09993 1.20146 0.128378
5.10997 1.20307 0.159431
5.11223 1.20325 0.076692
5.11318 1.20332 0.0796395
5.11913 1.20389 0.0950679
5.12862 1.2051 0.126982
5.13735 1.20628 0.133902
5.14395 1.20709 0.121965
5.15181 1.20788 0.100718
5.16767 1.20922 0.0840245
5.17743 1.21034 0.114217
5.18743 1.21188 0.152561
5.19142 1.21262 0.184695
5.19164 1.21266 0.151848
5.19335 1.21292 0.154879
5.19837 1.21378 0.169974
5.20708 1.21526 0.16803
True
0.244933
