4.47034 -0.0121485 -2.75281
4.44105 -0.0272988 -2.66432
4.40081 -0.0540668 -2.55459
4.38115 -0.0701906 -2.45475
4.35464 -0.0918051 -2.45742
4.34043 -0.102933 -2.47749
4.31455 -0.123914 -2.46027
4.28731 -0.14712 -2.43597
4.26336 -0.168586 -2.41083
4.23937 -0.191489 -2.37944
4.21161 -0.220592 -2.33252
4.17878 -0.256588 -2.31027
4.14747 -0.295561 -2.24756
4.1157 -0.333222 -2.27158
4.08642 -0.37004 -2.2426
4.05919 -0.40339 -2.25548
4.03696 -0.434015 -2.19884
4.017 -0.461866 -2.19244
4.00296 -0.483331 -2.15016
3.97738 -0.522712 -2.14694
3.95687 -0.558098 -2.09604
3.93544 -0.599076 -2.05268
3.91664 -0.633103 -2.07559
3.90763 -0.649564 -2.07153
3.89162 -0.681542 -2.03492
3.87163 -0.717818 -2.0745
3.85932 -0.742748 -2.02945
3.84182 -0.777453 -2.03784
3.82614 -0.812092 -1.99572
3.81507 -0.83428 -2.0339
3.80317 -0.85809 -2.03426
3.7976 -0.869186 -2.03569
3.78655 -0.891417 -2.03197
3.76879 -0.926528 -2.03907
3.75346 -0.958809 -2.01433
3.74049 -0.985488 -2.02312
3.72095 -1.02912 -1.99181
3.70697 -1.06042 -1.99089
3.68709 -1.10364 -2.00204
3.66651 -1.14828 -2.00276
3.65027 -1.18908 -1.94965
3.63396 -1.22651 -1.98159
3.61714 -1.26699 -1.96472
3.59828 -1.31325 -1.95794
3.58356 -1.35086 -1.94378
3.56421 -1.39602 -1.97566
3.54813 -1.44042 -1.91821
3.53168 -1.48761 -1.90618
3.51615 -1.5311 -1.91374
3.50277 -1.56556 -1.94114
3.48632 -1.60814 -1.9396
3.46906 -1.64943 -1.96661
3.44968 -1.69552 -1.96883
3.42983 -1.74107 -1.98186
3.41106 -1.78634 -1.96389
3.39381 -1.82259 -2.01496
3.37132 -1.86694 -2.04005
3.35004 -1.90854 -2.04365
3.32862 -1.94887 -2.05908
3.3097 -1.98979 -2.00381
3.29696 -2.01525 -2.03472
3.27473 -2.05975 -2.03416
3.25447 -2.09951 -2.04211
3.23137 -2.14045 -2.08446
3.20962 -2.1758 -2.12226
3.1835 -2.21822 -2.12263
3.15498 -2.25929 -2.17792
3.1316 -2.29662 -2.13038
3.11164 -2.32315 -2.21572
3.08055 -2.35968 -2.27601
3.04865 -2.39802 -2.26456
3.01681 -2.43553 -2.27476
2.98479 -2.47393 -2.2659
2.95236 -2.51189 -2.27766
2.9248 -2.54557 -2.25673
2.89615 -2.57771 -2.2988
2.86387 -2.61578 -2.27412
2.83263 -2.65473 -2.24671
2.81018 -2.68366 -2.23061
2.77871 -2.72117 -2.26898
2.74755 -2.75654 -2.29306
2.71532 -2.79236 -2.30339
2.689 -2.819 -2.3501
2.67294 -2.83539 -2.34626
2.64506 -2.8626 -2.36834
2.61733 -2.8906 -2.35125
2.58652 -2.91885 -2.39952
2.54893 -2.95172 -2.4231
2.51463 -2.98043 -2.44475
2.4766 -3.00971 -2.48543
2.45353 -3.0286 -2.45539
2.41588 -3.05774 -2.48293
2.37972 -3.08257 -2.53999
2.35336 -3.09958 -2.56842
2.32919 -3.11687 -2.52062
2.28788 -3.14503 -2.54325
2.24949 -3.16926 -2.57863
2.21033 -3.19504 -2.55932
2.16946 -3.22096 -2.57641
2.13493 -3.24244 -2.58506
2.09656 -3.26361 -2.63753
2.07786 -3.27352 -2.65411
2.0359 -3.29751 -2.62239
2.00487 -3.31684 -2.58436
1.96134 -3.34141 -2.62778
1.91932 -3.36569 -2.61755
1.87586 -3.39009 -2.63003
1.83147 -3.41308 -2.66365
1.78727 -3.43644 -2.65548
1.74305 -3.45975 -2.65644
1.70711 -3.47907 -2.64833
1.6706 -3.50009 -2.61924
1.63343 -3.52094 -2.63035
1.59077 -3.54165 -2.68965
1.54713 -3.56602 -2.63225
1.51858 -3.58102 -2.65792
1.48004 -3.59957 -2.693
1.45274 -3.6126 -2.69617
1.40901 -3.63281 -2.70871
1.36295 -3.65224 -2.74246
1.31977 -3.66903 -2.77068
1.27686 -3.68267 -2.83377
1.24001 -3.69305 -2.86718
1.19943 -3.70565 -2.84056
1.15115 -3.71864 -2.87863
1.12365 -3.72568 -2.89123
1.09233 -3.73282 -2.91724
1.04623 -3.74596 -2.86391
1.0011 -3.75673 -2.9074
0.957784 -3.76685 -2.91212
0.915415 -3.77625 -2.92315
0.866055 -3.78422 -2.98151
0.817599 -3.79223 -2.97789
0.778766 -3.79727 -3.01257
0.749169 -3.80109 -3.01302
0.71141 -3.80669 -2.99448
0.661905 -3.81354 -3.0041
0.623234 -3.82024 -2.96992
0.580377 -3.82719 -2.98083
0.533091 -3.8336 -3.0068
0.483467 -3.83972 -3.0189
0.441676 -3.84581 -2.99696
0.392214 -3.85261 -3.005
0.356285 -3.85689 -3.02302
0.306631 -3.86273 -3.02455
0.264212 -3.86563 -3.07336
0.214396 -3.86874 -3.07909
0.169394 -3.87268 -3.05427
0.122968 -3.87607 -3.06874
0.0772901 -3.87976 -3.06101
0.0277051 -3.88265 -3.08343
-0.0185232 -3.8853 -3.08422
-0.0500191 -3.88562 -3.13153
-0.0993186 -3.88658 -3.12211
-0.147939 -3.88471 -3.18004
-0.190672 -3.88291 3.09946
-0.232724 -3.8805 3.08443
-0.275919 -3.87794 3.08246
-0.315602 -3.87599 3.09244
-0.360329 -3.8734 3.08361
-0.407084 -3.8699 3.06699
-0.45601 -3.86596 3.0612
-0.5013 -3.86158 3.04525
-0.550921 -3.85627 3.03489
-0.600094 -3.84888 2.99257
-0.648546 -3.84187 2.9978
-0.696193 -3.83609 3.0209
-0.74311 -3.83 3.01245
-0.765556 -3.82743 3.02753
-0.806724 -3.82415 3.06218
-0.856582 -3.8218 3.09442
-0.895806 -3.81968 3.08758
-0.940842 -3.8174 3.09103
-0.988169 -3.8154 3.0994
-1.0362 -3.81142 3.05895
-1.08169 -3.80673 3.03877
-1.13109 -3.80146 3.03545
-1.18049 -3.79601 3.03171
-1.22548 -3.79054 3.02057
-1.27301 -3.78471 3.01958
-1.31981 -3.77957 3.03218
-1.36735 -3.77144 2.97228
-1.41668 -3.76395 2.99089
-1.46582 -3.75824 3.02586
-1.51527 -3.75294 3.03488
-1.56492 -3.74709 3.02432
-1.59795 -3.74375 3.04065
-1.64768 -3.73872 3.04085
-1.69733 -3.73385 3.04372
-1.7466 -3.72938 3.05116
-1.79227 -3.72368 3.01751
-1.84223 -3.72202 3.10826
-1.89186 -3.71632 3.02734
-1.93783 -3.71283 3.06587
-1.98302 -3.7091 3.05921
-2.02857 -3.7061 3.07576
-2.07837 -3.70345 3.08855
-2.12794 -3.69891 3.05009
-2.17784 -3.69577 3.07884
-2.2257 -3.69313 3.08647
-2.26698 -3.69334 3.14666
-2.31008 -3.69166 -3.18051
-2.34769 -3.68907 3.07272
-2.39481 -3.68452 3.04536
-2.41923 -3.68109 3.00209
-2.45569 -3.67751 3.04366
-2.50462 -3.67129 3.01515
-2.52603 -3.66832 3.00394
-2.55872 -3.6623 2.95956
-2.60428 -3.65455 2.97293
-2.65066 -3.64677 2.97542
-2.6829 -3.64153 2.98059
-2.71333 -3.63708 2.99632
-2.75326 -3.63113 2.99375
-2.79363 -3.62749 3.05151
-2.83969 -3.62265 3.03693
-2.8771 -3.61923 3.05052
-2.9117 -3.61642 3.06064
-2.9452 -3.61229 3.01885
-2.96572 -3.60916 2.99004
-2.98538 -3.60587 2.97574
-2.98798 -3.60545 2.98246
-3.0067 -3.60242 2.9814
-3.0286 -3.59917 2.9939
-3.05316 -3.59482 2.96651
-3.05945 -3.59379 2.97957
-3.07351 -3.59117 2.95735
-3.10909 -3.58535 2.97945
-3.1393 -3.58309 3.06692
-3.17744 -3.58115 3.09074
-3.22272 -3.57962 3.10767
-3.24451 -3.57822 3.07748
-3.2873 -3.57617 3.09384
-3.31852 -3.57657 3.15443
-3.34528 -3.57706 -3.12336
-3.39441 -3.57722 -3.13828
-3.42662 -3.57769 -3.12727
-3.4707 -3.57871 -3.11833
-3.51324 -3.57871 -3.14161
-3.557 -3.57847 3.136
-3.59609 -3.57779 3.12423
-3.63874 -3.5759 3.09733
-3.68019 -3.57464 3.11127
-3.71567 -3.57252 3.08182
-3.75234 -3.56932 3.05452
-3.77809 -3.56649 3.03235
-3.81421 -3.56209 3.02021
-3.84847 -3.55779 3.01677
-3.87712 -3.55394 3.00819
-3.90052 -3.55064 3.00152
-3.92735 -3.54697 3.00554
-3.94854 -3.54346 2.97761
-3.97626 -3.53854 2.9659
-4.00066 -3.53433 2.97065
-4.03139 -3.52925 2.9777
-4.05382 -3.52544 2.97322
-4.08659 -3.51918 2.9528
-4.08729 -3.51907 2.98873
-4.10009 -3.51723 2.9994
-4.10931 -3.51559 2.96497
-4.1104 -3.51539 2.96054
-4.11564 -3.51434 2.94429
-4.12031 -3.51331 2.92365
-4.12379 -3.51242 2.89096
-4.1287 -3.51122 2.90166
-4.12905 -3.51111 2.86176
-4.1347 -3.50914 2.80548
-4.14269 -3.50644 2.81529
-4.16471 -3.4988 2.8077
-4.16682 -3.49812 2.82979
-4.17788 -3.49471 2.84235
-4.19481 -3.48992 2.86595
-4.20057 -3.48856 2.91017
-4.20653 -3.48728 2.92943
True
0.069564
