4.46852 0.00873643 2.87086
4.43659 0.0212388 2.76837
4.39392 0.0406339 2.71504
4.3553 0.0615801 2.64463
4.31508 0.0859692 2.59647
4.27533 0.111691 2.56721
4.23905 0.141376 2.45592
4.2072 0.168958 2.42784
4.17622 0.20143 2.33264
4.14344 0.236971 2.31585
4.12988 0.253516 2.25748
4.11506 0.273798 2.20161
4.08815 0.313086 2.17133
4.06509 0.348205 2.15194
4.03783 0.390103 2.14757
4.01716 0.427426 2.07651
3.99543 0.467193 2.07104
3.97206 0.510925 2.06149
3.95541 0.540465 2.08418
3.9313 0.583962 2.07696
3.90696 0.627116 2.08434
3.88877 0.666699 2.00144
3.87262 0.703194 1.98751
3.85372 0.749016 1.96191
3.8354 0.79494 1.95039
3.81972 0.835109 1.94302
3.8101 0.865393 1.87835
3.79817 0.904005 1.87037
3.78257 0.951314 1.8893
3.77411 0.976718 1.89232
3.76834 0.995183 1.87392
3.75876 1.02892 1.84734
3.747 1.0757 1.81715
3.73352 1.12385 1.84367
3.72287 1.17268 1.78564
3.71264 1.22089 1.77988
3.70219 1.25968 1.83393
3.68875 1.30725 1.84625
3.6757 1.3481 1.87994
3.66059 1.39551 1.87922
3.64697 1.4407 1.86361
3.63134 1.48815 1.88894
3.61337 1.53468 1.93934
3.59588 1.58055 1.93511
3.57852 1.62736 1.92597
3.5589 1.67322 1.97499
3.53974 1.71122 2.03783
3.51746 1.75151 2.07601
3.49857 1.78507 2.0834
3.47566 1.82941 2.0477
3.45723 1.86339 2.06771
3.43315 1.90569 2.08831
3.40683 1.94819 2.1254
3.38244 1.98944 2.10473
3.35653 2.03056 2.13299
3.34044 2.05635 2.12863
3.32293 2.08558 2.11058
3.29965 2.12371 2.11893
3.29961 2.12378 2.12846
3.28558 2.14651 2.12377
3.26338 2.18411 2.10402
3.23866 2.22343 2.13206
3.21242 2.26515 2.13222
3.19536 2.29338 2.1144
3.17533 2.32922 2.0805
3.14923 2.37187 2.11999
3.12799 2.40618 2.12505
3.10226 2.44414 2.16649
3.08713 2.46541 2.18894
3.05756 2.50246 2.24438
3.03677 2.53096 2.20111
3.00556 2.56891 2.25899
2.97282 2.60368 2.3262
2.9473 2.6308 2.32574
2.92125 2.65975 2.3037
2.89486 2.68841 2.31504
2.86583 2.7169 2.36548
2.838 2.74284 2.39128
2.80354 2.77757 2.35232
2.77466 2.80781 2.33311
2.75036 2.83478 2.3042
2.71845 2.86541 2.37676
2.68235 2.89977 2.3807
2.64634 2.93373 2.38558
2.61262 2.96608 2.37686
2.6042 2.9738 2.4001
2.57955 2.99712 2.3839
2.54879 3.02446 2.41485
2.51479 3.05707 2.37719
2.48172 3.08947 2.36635
2.44418 3.12249 2.42024
2.41356 3.14825 2.44208
2.37606 3.17851 2.46274
2.34729 3.19865 2.53074
2.31246 3.22403 2.5118
2.28418 3.24413 2.52383
2.24277 3.27199 2.54933
2.20072 3.29902 2.57023
2.16874 3.31839 2.59712
2.13424 3.33942 2.59413
2.09244 3.36458 2.59985
2.0654 3.38005 2.62189
2.03176 3.40084 2.58789
1.98949 3.4262 2.60125
1.95325 3.44896 2.58081
1.91019 3.47363 2.62137
1.87144 3.49526 2.63241
1.83208 3.51685 2.63986
1.79095 3.54146 2.60244
1.75572 3.56204 2.61282
1.71503 3.58761 2.5806
1.67572 3.61003 2.62329
1.63976 3.62969 2.6414
1.5972 3.64923 2.71099
1.55114 3.66779 2.75871
1.50952 3.68376 2.77508
1.47641 3.69867 2.71851
1.43046 3.71571 2.78654
1.39988 3.72738 2.77685
1.36028 3.74403 2.74373
1.31391 3.75852 2.83858
1.27001 3.77254 2.83259
1.22465 3.78601 2.85282
1.17688 3.80043 2.84846
1.1309 3.81578 2.81932
1.08568 3.82961 2.84478
1.03682 3.84016 2.9291
0.990751 3.84958 2.93971
0.94168 3.85916 2.94897
0.89252 3.86828 2.95801
0.844454 3.87669 2.96847
0.795223 3.88539 2.96674
0.745774 3.89271 2.99465
0.6973 3.90222 2.9477
0.648385 3.91232 2.93805
0.600044 3.92032 2.97748
0.551417 3.92747 2.99574
0.511316 3.9332 2.99962
0.464113 3.9393 3.01297
0.423373 3.94317 3.04699
0.375111 3.94882 3.02497
0.336847 3.95298 3.03344
0.287641 3.95882 3.02347
0.238087 3.96339 3.0497
0.190346 3.96837 3.03755
0.142464 3.97576 2.98849
0.0929906 3.98199 3.01635
0.0444953 3.98697 3.03918
-9.16108e-05 3.99118 3.04745
-0.0480644 3.99457 3.0711
-0.0974532 3.99887 3.05475
-0.147451 3.9988 3.143
-0.194912 3.99925 -3.15102
-0.230821 3.9974 3.19309
-0.274682 3.99567 -3.10224
-0.324031 3.98979 -3.023
-0.366532 3.98477 -3.02408
-0.41021 3.97935 -3.0182
-0.448813 3.97564 -3.04576
-0.490058 3.97008 -3.00743
-0.523589 3.96641 -3.03272
-0.573161 3.96051 -3.02302
-0.622785 3.95441 -3.01946
-0.67239 3.9484 -3.02084
-0.721589 3.94021 -2.97676
-0.760714 3.93303 -2.96009
-0.785004 3.92821 -2.94556
-0.822593 3.92111 -2.95497
-0.871732 3.91191 -2.95655
-0.914428 3.90328 -2.94203
-0.96292 3.89119 -2.89724
-1.01181 3.88096 -2.93539
-1.0524 3.87119 -2.90547
-1.10158 3.86233 -2.96329
-1.1472 3.85049 -2.88761
-1.19624 3.84094 -2.94924
-1.23 3.83382 -2.93386
-1.27408 3.82467 -2.93682
-1.30925 3.81596 -2.89905
-1.35309 3.80575 -2.91264
-1.39693 3.7954 -2.90968
-1.44555 3.78414 -2.91411
-1.49276 3.77144 -2.87887
-1.52022 3.76377 -2.86904
-1.56798 3.74959 -2.85307
-1.61056 3.73823 -2.88075
-1.65856 3.72436 -2.86046
-1.70506 3.71056 -2.85301
-1.75265 3.69541 -2.83342
-1.79878 3.67614 -2.74593
-1.84473 3.65723 -2.75104
-1.89055 3.6412 -2.80519
-1.92239 3.62859 -2.76459
-1.96455 3.61181 -2.7628
-2.00813 3.59578 -2.78909
-2.05298 3.57875 -2.77866
-2.0988 3.5611 -2.77381
-2.14061 3.5463 -2.80135
-2.17265 3.53433 -2.7843
-2.21888 3.51573 -2.75902
-2.26193 3.49781 -2.74704
-2.30769 3.47766 -2.72687
-2.34758 3.46017 -2.72839
-2.39357 3.441 -2.74665
-2.42756 3.42704 -2.75187
-2.46731 3.41051 -2.74743
-2.50409 3.39499 -2.74234
-2.53358 3.38183 -2.72198
-2.57601 3.36118 -2.68859
-2.61948 3.337 -2.63399
-2.66237 3.31251 -2.62271
-2.70349 3.28639 -2.5758
-2.74186 3.26096 -2.55619
-2.78323 3.23316 -2.54994
-2.81725 3.21054 -2.55488
-2.84684 3.19148 -2.56911
-2.87601 3.17274 -2.57059
-2.8977 3.1581 -2.54794
-2.93865 3.13162 -2.56757
-2.98046 3.10468 -2.56937
-3.01856 3.07801 -2.53078
-3.05015 3.05631 -2.53964
-3.06548 3.04517 -2.51307
-3.07421 3.03832 -2.47656
-3.08513 3.03019 -2.50159
-3.1009 3.01877 -2.51504
-3.11216 3.0115 -2.56853
-3.13826 2.99468 -2.56889
-3.14817 2.98809 -2.55496
-3.16268 2.97808 -2.53781
-3.1771 2.9675 -2.50857
-3.19612 2.95468 -2.54837
-3.21953 2.93877 -2.54485
-3.24572 2.92031 -2.52744
-3.27966 2.89788 -2.55774
-3.30094 2.88358 -2.54988
-3.32917 2.86209 -2.49089
-3.35106 2.84606 -2.50962
-3.37049 2.83229 -2.52477
-3.3935 2.81617 -2.53076
-3.41647 2.80072 -2.54948
-3.43595 2.78788 -2.55874
-3.44226 2.7842 -2.61358
-3.44634 2.78176 -2.60302
-3.46076 2.77334 -2.61292
-3.47395 2.76517 -2.58693
-3.47886 2.76204 -2.57485
-3.48996 2.75512 -2.58355
-3.50217 2.74704 -2.55687
-3.51589 2.73814 -2.56632
-3.53104 2.72815 -2.55867
-3.54624 2.71707 -2.51165
-3.56301 2.7052 -2.52582
-3.57263 2.69843 -2.52872
-3.58346 2.69176 -2.58927
-3.60703 2.67644 -2.56518
-3.6362 2.65878 -2.59711
-3.66587 2.64063 -2.59283
-3.6815 2.63089 -2.58436
-3.69268 2.62344 -2.55328
-3.70882 2.6117 -2.51263
-3.72483 2.6008 -2.54403
-3.74026 2.59091 -2.57173
-3.75785 2.57906 -2.54848
-3.77909 2.56273 -2.48638
-3.79037 2.55456 -2.51482
-3.80694 2.54289 -2.52779
-3.83567 2.52241 -2.52248
-3.86573 2.50199 -2.54485
-3.89353 2.48264 -2.53342
-3.91837 2.46424 -2.50417
-3.94017 2.4462 -2.45028
-3.9534 2.43422 -2.4056
-3.96347 2.42439 -2.3681
-3.97493 2.41312 -2.36432
-3.98206 2.40647 -2.39109
-3.99271 2.39662 -2.39538
-3.99709 2.39254 -2.39175
-3.99907 2.39076 -2.40938
-4.00537 2.38488 -2.39084
-4.0174 2.37343 -2.38099
-4.02226 2.36896 -2.39767
-4.02538 2.3659 -2.3656
-4.03296 2.35828 -2.35358
-4.03538 2.35571 -2.32653
-4.05305 2.33725 -2.33447
-4.06629 2.32246 -2.30095
-4.07892 2.30796 -2.28684
-4.08187 2.3047 -2.30722
-4.08471 2.30177 -2.34151
-4.09556 2.2915 -2.38341
-4.09751 2.28958 -2.3645
-4.10481 2.28227 -2.35574
-4.11252 2.27505 -2.38838
-4.12379 2.2662 -2.47591
-4.14069 2.25331 -2.49027
-4.15449 2.24338 -2.51782
-4.16019 2.23953 -2.54721
-4.1689 2.234 -2.57589
-4.17009 2.23322 -2.56301
-4.1746 2.23069 -2.63069
-4.17513 2.23037 -2.59003
-4.18886 2.22169 -2.57805
-4.19538 2.21829 -2.66097
-4.20446 2.21336 -2.64396
-4.22127 2.20373 -2.62139
-4.23745 2.19467 -2.63131
-4.2476 2.18923 -2.64883
-4.25807 2.18379 -2.6632
-4.2724 2.17617 -2.65302
True
0.186701
