-5.47811 -0.421895 -0.02868
-5.45317 -0.422528 -0.0253699
-5.41483 -0.423338 -0.021135
-5.36662 -0.425891 -0.0529014
-5.31715 -0.428083 -0.044296
-5.27116 -0.429713 -0.0354283
-5.22456 -0.43111 -0.0299668
-5.17593 -0.434146 -0.0623365
-5.12627 -0.435181 -0.0208444
-5.0817 -0.437333 -0.0482444
-5.03275 -0.440636 -0.0673701
-4.99731 -0.441942 -0.036836
-4.9475 -0.442104 -0.00325731
-4.8976 -0.444092 -0.0398199
-4.84772 -0.445982 -0.0378659
-4.79999 -0.449632 -0.0763299
-4.75072 -0.453217 -0.0726447
-4.70751 -0.455062 -0.0426718
-4.66908 -0.457683 -0.0680792
-4.62083 -0.461176 -0.0722768
-4.57394 -0.466019 -0.102902
-4.53476 -0.470486 -0.113527
-4.48872 -0.477792 -0.157405
-4.43947 -0.486382 -0.172659
-4.3943 -0.497102 -0.233005
-4.35223 -0.505002 -0.185639
-4.30539 -0.515021 -0.210729
-4.25901 -0.526412 -0.240822
-4.21108 -0.540281 -0.281663
-4.16946 -0.552549 -0.28661
-4.1397 -0.56033 -0.255741
-4.10183 -0.571553 -0.288128
-4.05738 -0.588467 -0.363588
-4.01544 -0.602961 -0.332737
-3.96857 -0.620079 -0.350213
-3.92175 -0.637553 -0.357181
-3.87521 -0.651659 -0.294304
-3.83908 -0.665549 -0.366997
-3.79365 -0.682781 -0.362541
-3.75329 -0.69527 -0.300142
-3.71161 -0.706453 -0.262091
-3.66382 -0.720823 -0.292118
-3.62257 -0.733297 -0.293673
-3.57628 -0.747943 -0.306421
-3.52866 -0.763169 -0.309466
-3.48647 -0.777976 -0.337475
-3.45139 -0.790476 -0.342353
-3.40449 -0.806741 -0.333795
-3.35647 -0.820657 -0.282069
-3.30875 -0.835355 -0.298799
-3.26103 -0.850156 -0.300766
-3.2222 -0.865259 -0.370952
-3.17653 -0.884567 -0.39994
-3.13334 -0.904715 -0.436539
-3.08712 -0.923427 -0.384628
-3.04025 -0.940316 -0.34589
-3.00107 -0.954381 -0.344605
-2.95459 -0.970211 -0.328295
-2.91163 -0.98684 -0.369298
-2.8724 -1.00266 -0.38342
-2.83367 -1.01742 -0.364088
-2.79158 -1.03218 -0.337128
-2.7444 -1.04866 -0.336207
-2.70582 -1.06523 -0.405719
-2.66274 -1.08347 -0.400451
-2.61708 -1.10384 -0.419488
-2.58278 -1.11884 -0.412274
-2.53721 -1.13844 -0.40628
-2.492 -1.15976 -0.440671
-2.4483 -1.18079 -0.448408
-2.40493 -1.19923 -0.402142
-2.35851 -1.21782 -0.3809
-2.32102 -1.23148 -0.349344
-2.27375 -1.24727 -0.322501
-2.22778 -1.26282 -0.326048
-2.18398 -1.27578 -0.28775
-2.13691 -1.28948 -0.28328
-2.09784 -1.3005 -0.274794
-2.05461 -1.31351 -0.292421
-2.01381 -1.32392 -0.249775
-1.97411 -1.33303 -0.225648
-1.92523 -1.34353 -0.211493
-1.88363 -1.35175 -0.195168
-1.84639 -1.35983 -0.213509
-1.80028 -1.36742 -0.163221
-1.75359 -1.37153 -0.0878748
-1.71442 -1.37524 -0.0944617
-1.6662 -1.38089 -0.116597
-1.62089 -1.38463 -0.0823765
-1.57516 -1.39035 -0.124278
-1.52753 -1.39559 -0.109752
-1.47804 -1.40056 -0.10005
-1.43789 -1.40294 -0.0590332
-1.39036 -1.40736 -0.0929054
-1.34046 -1.40985 -0.0498274
-1.29054 -1.41249 -0.0528368
-1.24081 -1.41381 -0.0265515
-1.19307 -1.41339 0.00880025
-1.14309 -1.41395 -0.011101
-1.09309 -1.41387 0.00149289
-1.04584 -1.4126 0.0268468
-0.996382 -1.40967 0.0591882
-0.954163 -1.40886 0.0192431
-0.908832 -1.40899 -0.00274607
-0.864809 -1.4089 0.00193603
-0.815024 -1.40842 0.00965656
-0.771778 -1.4095 -0.0249292
-0.723562 -1.41018 -0.0140508
-0.673791 -1.40881 0.0274373
-0.62697 -1.40811 0.0149503
-0.59297 -1.40829 -0.00523926
-0.543017 -1.40618 0.0421657
-0.494446 -1.40478 0.0288333
-0.44512 -1.40037 0.089259
-0.396289 -1.39488 0.111834
-0.35059 -1.39003 0.105709
-0.321622 -1.38821 0.0626669
-0.271813 -1.3854 0.0563961
-0.223959 -1.383 0.0502575
-0.176976 -1.38198 0.0216252
-0.131089 -1.38058 0.0305022
-0.0884382 -1.38191 -0.0311613
-0.0452222 -1.38382 -0.0442148
0.00211219 -1.38653 -0.0571514
0.05064 -1.39084 -0.088674
0.0916784 -1.39542 -0.110951
0.13596 -1.39816 -0.0619758
0.180941 -1.40142 -0.0723248
0.221695 -1.40298 -0.0381454
0.271287 -1.40836 -0.108059
0.319342 -1.41177 -0.0708282
0.3676 -1.41393 -0.0447023
0.417563 -1.41524 -0.0263819
0.467533 -1.41597 -0.0145739
0.509217 -1.41701 -0.0248395
0.558841 -1.41777 -0.0153006
0.607837 -1.41706 0.0143409
0.657666 -1.4194 -0.0467995
0.703713 -1.41945 -0.00112181
0.749948 -1.41768 0.0383521
0.796472 -1.4166 0.0231544
0.844233 -1.41665 -0.00100776
0.891578 -1.41635 0.0062594
0.924336 -1.41646 -0.00349563
0.967516 -1.41545 0.0234785
1.01195 -1.41649 -0.0233517
1.05698 -1.41906 -0.057035
1.10086 -1.42135 -0.0521806
1.14412 -1.42464 -0.0757722
1.19393 -1.4274 -0.0554886
1.2394 -1.4279 -0.0110114
1.28939 -1.42884 -0.0186975
1.33548 -1.43031 -0.0319517
1.36896 -1.43159 -0.0380379
1.41888 -1.43444 -0.0572012
1.46836 -1.43668 -0.04514
1.51828 -1.43839 -0.034223
1.55498 -1.43906 -0.0181888
1.60498 -1.43833 0.0145495
1.65472 -1.43749 0.0168667
1.70465 -1.43496 0.0505628
1.75263 -1.43242 0.0528433
1.79643 -1.42901 0.0778331
1.84637 -1.42684 0.0433429
1.89344 -1.42383 0.0639604
1.92467 -1.42172 0.0673368
1.9745 -1.41797 0.0751671
2.02396 -1.41324 0.0953901
2.07257 -1.41048 0.0565897
2.11357 -1.41019 0.00721684
2.16019 -1.40892 0.0271086
2.20849 -1.40857 0.00732535
2.25667 -1.40909 -0.0108658
2.30666 -1.40911 -0.000428873
2.35665 -1.41012 -0.0200308
2.40547 -1.40982 0.00607487
2.45464 -1.40835 0.0298941
2.50458 -1.40588 0.0493282
2.55457 -1.40579 0.0019559
2.60232 -1.40629 -0.0105548
2.64766 -1.40574 0.0120313
2.69376 -1.40375 0.0431777
2.74291 -1.40091 0.0578452
2.79271 -1.3968 0.0821556
2.84161 -1.39196 0.098858
2.88766 -1.38981 0.046469
2.93021 -1.3877 0.0495481
2.96729 -1.38689 0.0220111
3.01661 -1.38613 0.0153448
3.06303 -1.38516 0.0209892
3.10509 -1.38396 0.0284993
3.15405 -1.38226 0.0346219
3.18427 -1.3807 0.0514609
3.2223 -1.37969 0.0266051
3.26423 -1.37782 0.0446161
3.31385 -1.37982 -0.0401709
3.35316 -1.38033 -0.0131966
3.40115 -1.38006 0.00580177
3.44319 -1.38156 -0.0358079
3.47651 -1.38217 -0.0183238
3.51835 -1.38313 -0.0228689
3.55429 -1.38302 0.00292135
3.60296 -1.38314 -0.00240614
3.63236 -1.38304 0.00328971
3.65582 -1.38289 0.00670274
3.67919 -1.38249 0.0169606
3.72063 -1.382 0.0118039
3.75529 -1.37947 0.072998
3.78101 -1.37914 0.012788
3.81129 -1.3787 0.0144472
3.83567 -1.37913 -0.0176337
3.8483 -1.37981 -0.0539561
3.87066 -1.38068 -0.0385923
3.89647 -1.38064 0.00159362
3.92676 -1.37799 0.0872489
3.97062 -1.3728 0.117621
4.01076 -1.36922 0.0891407
4.05563 -1.36479 0.0982237
4.09871 -1.36041 0.101325
4.13587 -1.35719 0.0866102
4.16471 -1.35376 0.118207
4.20952 -1.34836 0.119863
4.25906 -1.34255 0.116778
4.29504 -1.33923 0.0920173
4.32533 -1.33686 0.0783486
4.36744 -1.33478 0.0493218
4.41336 -1.33199 0.0605528
4.45557 -1.33136 0.0149466
4.4863 -1.33084 0.017094
4.50348 -1.33056 0.0162869
4.51994 -1.33106 -0.0304079
4.53909 -1.33186 -0.0416514
4.56414 -1.33285 -0.0396431
4.58071 -1.33416 -0.0786844
4.60427 -1.33509 -0.0398153
4.62118 -1.3361 -0.0591929
4.63435 -1.33651 -0.0313571
4.64552 -1.33691 -0.0357156
4.65929 -1.33749 -0.0421377
4.66297 -1.33762 -0.0368312
4.67665 -1.33761 0.00136578
4.69489 -1.33741 0.0105022
4.7072 -1.33694 0.0382313
4.72414 -1.33581 0.0667414
4.75235 -1.33394 0.0663102
4.78408 -1.33205 0.0593458
4.81795 -1.33019 0.0550445
4.83764 -1.32906 0.0571748
4.8613 -1.32808 0.0412235
4.88223 -1.32764 0.0213925
4.89133 -1.32754 0.0110621
4.89556 -1.32752 0.00401574
4.89948 -1.32752 0.00052327
4.90716 -1.3273 0.0279862
4.92435 -1.32573 0.0909273
4.94237 -1.32385 0.104058
4.95155 -1.32324 0.0667282
4.95885 -1.32283 0.0557446
4.97177 -1.32254 0.0227944
4.99449 -1.32204 0.022003
5.00467 -1.32192 0.0116197
5.00991 -1.32172 0.0373141
5.02862 -1.32066 0.056759
5.03667 -1.31999 0.0831956
5.0415 -1.31967 0.0649872
5.04936 -1.31924 0.0554081
5.06457 -1.31791 0.0869434
5.06713 -1.31771 0.0798829
5.07746 -1.3173 0.0394291
5.08627 -1.31711 0.0209958
5.10978 -1.31635 0.0325957
5.10945 -1.31635 -0.00802925
5.11196 -1.31643 -0.0339886
5.11469 -1.31653 -0.0345799
5.11944 -1.31678 -0.0542845
5.13213 -1.31733 -0.0431798
5.1313 -1.31731 -0.0285566
5.12583 -1.31727 -0.00620053
5.13809 -1.31712 0.012437
5.14253 -1.31705 0.0167565
5.15241 -1.3167 0.0348534
5.15888 -1.31607 0.0978844
5.16327 -1.31579 0.0634698
5.17388 -1.31532 0.0443838
5.17246 -1.31539 0.0474645
5.17695 -1.31531 0.0173477
5.18602 -1.31513 0.0192293
5.19405 -1.31475 0.0480248
5.1912 -1.31504 0.10343
5.1939 -1.31475 0.107718
5.19288 -1.31489 0.130349
5.1947 -1.31467 0.115666
5.20241 -1.3135 0.15073
5.21268 -1.31229 0.117415
True
0.235192
