4.45871 0.00813715 2.947
4.42147 0.0178967 2.88527
4.3879 0.031451 2.75786
4.34713 0.0509046 2.69641
4.30382 0.0746174 2.6407
4.27197 0.0968205 2.5327
4.23489 0.126756 2.46244
4.19779 0.157561 2.4486
4.16282 0.188276 2.421
4.13591 0.212399 2.41069
4.10053 0.246934 2.3682
4.06797 0.283796 2.29435
4.03808 0.32118 2.24532
4.01441 0.351909 2.22703
3.99668 0.376341 2.1986
3.97429 0.406688 2.20642
3.96063 0.426189 2.18185
3.9437 0.452428 2.14398
3.93462 0.46553 2.17676
3.92048 0.48799 2.13268
3.90603 0.509967 2.15235
3.89133 0.537017 2.06856
3.8767 0.566073 2.03716
3.86196 0.596816 2.01804
3.84336 0.639108 1.98519
3.82582 0.682908 1.95169
3.81234 0.718242 1.93527
3.80333 0.743581 1.91234
3.79526 0.766808 1.90509
3.78665 0.790847 1.91493
3.77701 0.818422 1.9071
3.76678 0.846839 1.91631
3.75642 0.875965 1.91248
3.74261 0.91014 1.95474
3.72387 0.955576 1.96209
3.70585 0.994986 1.99951
3.69269 1.02713 1.95948
3.68043 1.05716 1.95835
3.66751 1.0894 1.95205
3.64873 1.13362 1.9724
3.62817 1.17853 2.00019
3.60729 1.22392 2.00188
3.58795 1.26305 2.02994
3.57009 1.30018 2.01898
3.55799 1.3274 1.98924
3.54245 1.36077 2.00638
3.52646 1.40024 1.95587
3.51011 1.44249 1.93996
3.4915 1.48859 1.95447
3.47376 1.53527 1.93407
3.45496 1.5802 1.96698
3.43647 1.62582 1.95583
3.41317 1.67006 2.05556
3.39141 1.71411 2.02982
3.36796 1.75827 2.05889
3.35252 1.78689 2.06552
3.3354 1.8158 2.10533
3.31054 1.85607 2.12392
3.2847 1.89474 2.15991
3.26367 1.9261 2.16132
3.23594 1.96716 2.16482
3.21207 2.00316 2.15626
3.18687 2.04255 2.14006
3.16089 2.08017 2.1752
3.13418 2.11818 2.18324
3.10677 2.15952 2.15626
3.08632 2.19324 2.11588
3.06153 2.22746 2.19775
3.03386 2.26642 2.1885
3.01439 2.29622 2.14959
2.98522 2.33683 2.19354
2.96073 2.37106 2.19182
2.93483 2.40745 2.18949
2.90778 2.44096 2.24988
2.89635 2.45514 2.24954
2.86422 2.49248 2.2811
2.83325 2.53142 2.24277
2.80254 2.57021 2.2404
2.77244 2.60486 2.286
2.74442 2.63544 2.31279
2.71174 2.66798 2.35835
2.67901 2.6986 2.38941
2.6408 2.73059 2.44444
2.60429 2.7645 2.39313
2.57018 2.79273 2.45041
2.53553 2.82182 2.44322
2.50477 2.84664 2.46246
2.47055 2.87255 2.49368
2.43058 2.9021 2.50503
2.39118 2.93288 2.47817
2.36338 2.95435 2.48408
2.32938 2.98093 2.47813
2.28834 3.00949 2.53357
2.25624 3.03457 2.4784
2.24163 3.04554 2.49762
2.21193 3.07001 2.45248
2.17168 3.09966 2.5066
2.13553 3.12573 2.51682
2.1058 3.14749 2.50971
2.08083 3.1658 2.50888
2.04593 3.19023 2.53098
2.00772 3.21696 2.5311
1.97852 3.23912 2.49258
1.94328 3.26472 2.51311
1.90301 3.2943 2.50818
1.86463 3.31915 2.56703
1.82271 3.34639 2.56527
1.78474 3.37087 2.56889
1.74582 3.3971 2.54873
1.70552 3.42146 2.59785
1.66255 3.44485 2.64314
1.6193 3.46845 2.64206
1.57921 3.49041 2.64041
1.53758 3.51365 2.63239
1.49876 3.53075 2.72674
1.45418 3.55324 2.6743
1.41583 3.57377 2.65022
1.3736 3.59295 2.71515
1.32941 3.61324 2.71125
1.28334 3.63262 2.74337
1.23734 3.65012 2.77808
1.20997 3.65888 2.8319
1.16942 3.67421 2.78002
1.14028 3.68555 2.7705
1.0927 3.70092 2.82915
1.04851 3.714 2.85372
1.00399 3.72794 2.83822
0.958593 3.73881 2.90659
0.910244 3.75144 2.88613
0.872171 3.76143 2.88503
0.831455 3.77026 2.92804
0.788121 3.77859 2.95152
0.755762 3.7864 2.90485
0.706732 3.79604 2.94743
0.663669 3.80173 3.01034
0.623021 3.80707 3.01085
0.575112 3.81419 2.99413
0.525503 3.82028 3.01941
0.47571 3.82482 3.05061
0.42675 3.82824 3.07193
0.378112 3.83191 3.06631
0.328172 3.83425 3.09476
0.283943 3.83512 3.12192
0.237975 3.83778 3.08374
0.188095 3.83953 3.10652
0.139526 3.84011 3.12961
0.0895853 3.84256 3.09269
0.0399107 3.84265 3.13965
-0.0100471 3.84191 3.15654
-0.0485246 3.84073 -3.111
-0.0956744 3.83857 -3.09577
-0.133417 3.83713 -3.10349
-0.171062 3.83688 -3.13509
-0.220815 3.83572 -3.11814
-0.270543 3.8339 -3.10512
-0.320293 3.83177 -3.09876
-0.369496 3.82883 -3.08194
-0.41937 3.82608 -3.08643
-0.469227 3.8223 -3.06606
-0.515363 3.81872 -3.06418
-0.558388 3.81564 -3.0701
-0.600549 3.81103 -3.03272
-0.639915 3.80817 -3.06898
-0.68204 3.80272 -3.01299
-0.729235 3.79655 -3.01157
-0.778857 3.79041 -3.0185
-0.828239 3.78258 -2.98434
-0.872836 3.77414 -2.95452
-0.921633 3.76324 -2.92185
-0.969861 3.7504 -2.88139
-1.01788 3.73646 -2.85897
-1.0604 3.72445 -2.86628
-1.10738 3.71091 -2.86099
-1.1533 3.69603 -2.82838
-1.19941 3.68086 -2.82369
-1.23315 3.66835 -2.78632
-1.2778 3.65181 -2.78692
-1.32385 3.63437 -2.77959
-1.36033 3.62026 -2.77253
-1.39898 3.60271 -2.71535
-1.43664 3.58606 -2.72532
-1.48165 3.56549 -2.713
-1.52667 3.54396 -2.69551
-1.5692 3.52211 -2.66691
-1.61435 3.50078 -2.70034
-1.65238 3.48269 -2.69743
-1.684 3.46814 -2.71044
-1.72474 3.44979 -2.71842
-1.75699 3.43446 -2.69774
-1.80109 3.41163 -2.66395
-1.84059 3.39049 -2.65016
-1.88181 3.36481 -2.58448
-1.9246 3.33909 -2.60032
-1.96267 3.31722 -2.62022
-2 3.29597 -2.6242
-2.04137 3.27433 -2.65946
-2.08385 3.2504 -2.62863
-2.10916 3.2361 -2.62732
-2.15144 3.20969 -2.58328
-2.18646 3.18751 -2.57706
-2.22662 3.16084 -2.55521
-2.26622 3.13069 -2.49095
-2.30487 3.09924 -2.45853
-2.34026 3.07335 -2.51005
-2.3773 3.0465 -2.51439
-2.41652 3.01783 -2.51018
-2.45392 2.99075 -2.51495
-2.49227 2.96253 -2.50721
-2.52528 2.93618 -2.46788
-2.56259 2.90674 -2.47374
-2.59759 2.87852 -2.46282
-2.63813 2.84927 -2.51661
-2.6724 2.82075 -2.4476
-2.7112 2.78974 -2.46732
-2.75034 2.75897 -2.47541
-2.78069 2.73494 -2.47191
-2.81556 2.707 -2.4659
-2.8439 2.68546 -2.49164
-2.87349 2.66183 -2.46791
-2.90122 2.63968 -2.46754
-2.92733 2.62116 -2.52476
-2.94788 2.60656 -2.52375
-2.98749 2.57794 -2.51586
-3.02541 2.55122 -2.52775
-3.04675 2.5358 -2.51606
-3.0618 2.5248 -2.51021
-3.087 2.50603 -2.5014
-3.12542 2.47878 -2.5248
-3.15498 2.45757 -2.51912
-3.18383 2.4357 -2.49309
-3.20645 2.41841 -2.48891
-3.24211 2.39123 -2.49034
-3.26466 2.3752 -2.52339
-3.28818 2.35818 -2.51533
-3.31057 2.34249 -2.53024
-3.32235 2.33297 -2.46199
-3.34089 2.31904 -2.49699
-3.35691 2.30717 -2.50401
-3.3755 2.29463 -2.54811
-3.39156 2.28303 -2.51636
-3.40379 2.27457 -2.53597
-3.4209 2.26285 -2.54117
-3.44823 2.24468 -2.55489
-3.46969 2.23 -2.54151
-3.48285 2.22082 -2.53248
-3.50432 2.20532 -2.51645
-3.52582 2.18902 -2.49284
-3.54302 2.17608 -2.49694
-3.56809 2.15782 -2.51184
-3.59363 2.13827 -2.48836
-3.61045 2.12433 -2.44968
-3.63402 2.10277 -2.40059
-3.64331 2.09456 -2.41788
-3.66735 2.07364 -2.42551
-3.68569 2.05742 -2.4174
-3.70825 2.03591 -2.38001
-3.72295 2.02189 -2.37981
-3.73933 2.0059 -2.36814
-3.74635 1.9992 -2.37983
-3.7476 1.99803 -2.39166
-3.7589 1.98826 -2.42838
-3.77392 1.97598 -2.45614
-3.78502 1.9671 -2.46718
-3.79052 1.9623 -2.42338
-3.80837 1.94804 -2.46748
-3.82059 1.93779 -2.44368
-3.83743 1.92336 -2.4334
-3.84878 1.91315 -2.40858
-3.86154 1.9014 -2.39759
-3.87313 1.89055 -2.38916
-3.88536 1.87929 -2.39752
-3.89351 1.87154 -2.38119
-3.90072 1.86433 -2.35634
-3.9045 1.86065 -2.36903
-3.91376 1.85094 -2.33258
-3.92237 1.84256 -2.36954
-3.92959 1.83585 -2.39296
-3.93068 1.83491 -2.43061
-3.93772 1.82931 -2.46983
-3.9547 1.81656 -2.49753
-3.96233 1.81119 -2.52849
-3.9751 1.80208 -2.52169
-3.99534 1.78935 -2.58014
-4.01366 1.77843 -2.60422
-4.03729 1.766 -2.65707
-4.05625 1.75616 -2.66331
-4.07452 1.74722 -2.68638
-4.08065 1.74433 -2.70079
-4.09009 1.73949 -2.66792
-4.10558 1.73155 -2.66761
-4.12095 1.72381 -2.67526
-4.13173 1.71798 -2.64618
-4.13938 1.71355 -2.61638
-4.14625 1.70969 -2.62957
-4.15808 1.70268 -2.60673
-4.17208 1.69385 -2.57871
-4.17837 1.68953 -2.54057
-4.1962 1.67826 -2.57786
-4.20184 1.67466 -2.57264
-4.20719 1.67143 -2.59904
-4.22019 1.66317 -2.5758
-4.22593 1.65932 -2.55022
-4.23063 1.65615 -2.54814
-4.23952 1.64982 -2.52272
-4.24048 1.64909 -2.49731
-4.24693 1.64456 -2.52881
-4.25556 1.6386 -2.53728
-4.26291 1.63378 -2.56092
True
0.0661929
