-5.4583 -1.28425 0.148667
-5.41682 -1.27986 0.10556
-5.36748 -1.27444 0.109345
-5.32684 -1.27202 0.0595044
-5.28154 -1.26869 0.0733303
-5.23155 -1.26757 0.0224831
-5.18429 -1.26398 0.0757814
-5.13499 -1.25932 0.0942889
-5.08595 -1.25466 0.0946328
-5.03681 -1.25118 0.0706514
-4.98746 -1.24659 0.0928442
-4.93857 -1.24502 0.032032
-4.89962 -1.24262 0.0615802
-4.86721 -1.23954 0.094725
-4.82299 -1.23446 0.114493
-4.77463 -1.22902 0.112
-4.72761 -1.22678 0.0475692
-4.67811 -1.22351 0.0659379
-4.62916 -1.21605 0.151307
-4.57976 -1.20984 0.124937
-4.53076 -1.20464 0.105734
-4.48345 -1.19982 0.101535
-4.43958 -1.19692 0.0659909
-4.39084 -1.19243 0.0918668
-4.34232 -1.18904 0.0697524
-4.29259 -1.18468 0.0874452
-4.24266 -1.18368 0.0201202
-4.20009 -1.18538 -0.0399814
-4.15071 -1.18726 -0.0379831
-4.10312 -1.1863 0.0201196
-4.05523 -1.18427 0.0422566
-4.00865 -1.183 0.0274208
-3.96544 -1.18159 0.0325764
-3.9163 -1.18337 -0.0363311
-3.87972 -1.18489 -0.0415207
-3.84644 -1.18616 -0.0380589
-3.80408 -1.18715 -0.0232252
-3.75746 -1.18802 -0.0188318
-3.70749 -1.18895 -0.0184899
-3.66949 -1.19019 -0.0326964
-3.6376 -1.18949 0.0219039
-3.58761 -1.19054 -0.0208669
-3.53823 -1.19253 -0.040365
-3.49882 -1.1932 -0.0169141
-3.44888 -1.19424 -0.0208866
-3.40008 -1.19717 -0.0600452
-3.35159 -1.19969 -0.051823
-3.31903 -1.20187 -0.0670016
-3.27243 -1.20568 -0.0814009
-3.22656 -1.20922 -0.0771715
-3.179 -1.21472 -0.115014
-3.12977 -1.22063 -0.119566
-3.08023 -1.22648 -0.117606
-3.03188 -1.23117 -0.0965961
-2.98266 -1.23417 -0.0608878
-2.94106 -1.23826 -0.0980054
-2.89559 -1.2414 -0.06906
-2.84605 -1.2477 -0.1263
-2.79669 -1.25321 -0.111264
-2.7602 -1.25752 -0.117552
-2.71357 -1.26433 -0.145131
-2.67065 -1.27174 -0.170848
-2.62311 -1.27804 -0.131755
-2.57494 -1.28442 -0.131587
-2.53311 -1.28969 -0.12547
-2.48362 -1.29636 -0.133832
-2.44036 -1.30283 -0.148488
-2.3916 -1.30953 -0.136598
-2.34539 -1.31559 -0.130486
-2.29645 -1.32561 -0.201865
-2.24919 -1.33456 -0.187157
-2.21027 -1.34153 -0.177195
-2.16578 -1.3484 -0.153313
-2.11654 -1.35645 -0.162014
-2.06707 -1.36137 -0.0991682
-2.01776 -1.36597 -0.0928715
-1.97861 -1.36782 -0.0472554
-1.93414 -1.36939 -0.0354288
-1.88513 -1.37339 -0.0814672
-1.83522 -1.3762 -0.0562335
-1.79638 -1.37976 -0.0912768
-1.74875 -1.38508 -0.111168
-1.70619 -1.38934 -0.0998936
-1.65868 -1.39526 -0.123852
-1.60876 -1.39801 -0.055123
-1.55965 -1.40023 -0.0451634
-1.51539 -1.40219 -0.0441896
-1.46542 -1.40352 -0.0266687
-1.41549 -1.40082 0.05403
-1.3655 -1.39992 0.0180343
-1.31604 -1.39666 0.065693
-1.28021 -1.39258 0.113482
-1.23575 -1.38419 0.186503
-1.19467 -1.37683 0.177285
-1.14548 -1.3679 0.179526
-1.09651 -1.36 0.159941
-1.04731 -1.3521 0.159265
-1.00896 -1.34496 0.184039
-0.964655 -1.33937 0.12546
-0.919183 -1.3325 0.15002
-0.87288 -1.32582 0.143402
-0.82341 -1.32007 0.115665
-0.776523 -1.3135 0.139253
-0.736818 -1.30848 0.125585
-0.692271 -1.30367 0.107697
-0.64307 -1.29623 0.149942
-0.597144 -1.28934 0.149057
-0.550597 -1.28086 0.180198
-0.502032 -1.27186 0.183218
-0.455227 -1.26448 0.156361
-0.413838 -1.25767 0.163024
-0.372867 -1.25175 0.143671
-0.326783 -1.2462 0.119847
-0.277475 -1.2397 0.130973
-0.227954 -1.2333 0.128591
-0.180137 -1.22691 0.13271
-0.130979 -1.21936 0.152398
-0.0838873 -1.21011 0.194129
-0.0372765 -1.20048 0.203638
0.00328745 -1.19015 0.249443
0.0504696 -1.17692 0.273296
0.0985969 -1.16531 0.236729
0.146642 -1.15338 0.243437
0.188231 -1.14312 0.241802
0.233755 -1.13226 0.234236
0.282414 -1.12184 0.210866
0.331009 -1.11235 0.192995
0.372196 -1.10339 0.214069
0.420676 -1.09123 0.245857
0.467153 -1.08196 0.196758
0.515043 -1.07063 0.232263
0.563239 -1.05874 0.242035
0.61075 -1.04776 0.227003
0.657341 -1.03829 0.200582
0.698163 -1.02747 0.259171
0.744901 -1.01098 0.339049
0.78338 -0.998825 0.306021
0.830494 -0.986009 0.265594
0.879192 -0.975614 0.210303
0.927544 -0.965121 0.213701
0.976393 -0.954693 0.210308
1.02452 -0.945065 0.197439
1.07145 -0.933699 0.23763
1.11897 -0.923002 0.221406
1.16726 -0.912558 0.213022
1.20638 -0.902361 0.254937
1.25393 -0.890004 0.25427
1.29618 -0.87806 0.275523
1.3211 -0.87175 0.247973
1.36762 -0.857804 0.291265
1.41556 -0.844337 0.273869
1.46321 -0.831011 0.272673
1.5082 -0.820143 0.237038
1.55431 -0.807305 0.271522
1.60262 -0.795137 0.246757
1.64992 -0.779017 0.328449
1.69742 -0.764956 0.287825
1.74424 -0.749644 0.316027
1.78552 -0.735353 0.333311
1.83186 -0.71783 0.361513
1.87929 -0.702091 0.320442
1.92671 -0.687131 0.305572
1.97262 -0.676531 0.226885
2.02066 -0.664084 0.253543
2.06233 -0.65268 0.267129
2.10065 -0.643029 0.24675
2.14722 -0.630802 0.25674
2.19562 -0.618488 0.249122
2.23755 -0.606719 0.27363
2.28399 -0.592228 0.302457
2.32391 -0.58137 0.265576
2.36715 -0.570096 0.255093
2.41535 -0.55803 0.245263
2.46237 -0.544461 0.28097
2.50943 -0.530176 0.294676
2.54812 -0.519067 0.279598
2.59511 -0.502054 0.347419
2.63512 -0.488108 0.335354
2.68311 -0.474441 0.27744
2.73127 -0.461738 0.257934
2.77785 -0.450769 0.231245
2.82676 -0.4404 0.208928
2.86956 -0.434247 0.142767
2.91013 -0.426168 0.196599
2.95261 -0.418133 0.186916
2.99806 -0.409233 0.193395
3.03372 -0.40219 0.194946
3.08097 -0.392445 0.203406
3.12658 -0.381036 0.245145
3.16637 -0.371157 0.243336
3.21513 -0.360272 0.219631
3.24396 -0.354016 0.213677
3.27915 -0.34662 0.207177
3.31873 -0.338459 0.203308
3.36353 -0.330284 0.180477
3.39817 -0.323356 0.197426
3.43348 -0.315682 0.214026
3.47378 -0.307209 0.207233
3.51911 -0.296931 0.222939
3.55974 -0.286997 0.23982
3.59927 -0.277241 0.241932
3.61661 -0.273573 0.208479
3.63395 -0.269556 0.227667
3.65318 -0.265944 0.185641
3.69173 -0.258849 0.182029
3.72347 -0.252427 0.199635
3.74873 -0.247982 0.174219
3.75962 -0.246244 0.1581
3.7715 -0.243955 0.190386
3.77749 -0.242798 0.190962
3.79083 -0.240217 0.191075
3.80473 -0.237454 0.196253
3.81765 -0.23531 0.164414
3.83499 -0.232514 0.159951
3.851 -0.229807 0.167439
3.87834 -0.22489 0.17794
3.90714 -0.219982 0.16881
3.92512 -0.216683 0.181484
3.93871 -0.213807 0.208514
3.97214 -0.206907 0.203527
3.99678 -0.202853 0.163062
4.01895 -0.19814 0.209438
4.03037 -0.195457 0.230802
4.04411 -0.191783 0.261367
4.05804 -0.187851 0.275144
4.06867 -0.184148 0.335136
4.10305 -0.172735 0.320459
4.13003 -0.163477 0.330556
4.15159 -0.15615 0.327691
4.18056 -0.145531 0.351357
4.21701 -0.131323 0.371647
4.23822 -0.12234 0.400535
4.27517 -0.106514 0.404677
4.31434 -0.0885246 0.430546
4.3483 -0.0739369 0.405783
4.37782 -0.061794 0.390247
4.40567 -0.0517567 0.345836
4.43473 -0.042374 0.312373
4.46526 -0.0340262 0.266868
4.50395 -0.0250199 0.228709
4.53612 -0.0181892 0.209214
4.57273 -0.0108842 0.196962
4.59938 -0.00623196 0.172805
4.61333 -0.00321232 0.21322
4.63713 0.00306109 0.257702
4.64715 0.00555741 0.24415
4.65951 0.00867524 0.247124
4.66855 0.0107773 0.228584
4.68345 0.0138745 0.204843
4.70829 0.0187588 0.194181
4.72064 0.0211577 0.191898
4.74564 0.0248156 0.145253
4.77642 0.0264177 0.0520184
4.79828 0.0260047 -0.018892
4.81083 0.0257091 -0.0235468
4.81914 0.0254718 -0.0285419
4.84552 0.0242641 -0.0457369
4.85469 0.0243833 0.012998
4.87076 0.0248768 0.0307124
4.88116 0.025298 0.0404732
4.89701 0.0257243 0.0268857
4.91074 0.0264635 0.0537695
4.94131 0.0274809 0.0332751
4.95732 0.0278365 0.0222033
4.98584 0.0280441 0.00727889
5.00525 0.0291358 0.0561715
5.01572 0.0301643 0.097976
5.03734 0.033484 0.152316
5.05628 0.0365962 0.162844
5.07434 0.0396938 0.169922
5.09293 0.0427502 0.162919
5.09517 0.0429652 0.0957386
5.09841 0.0432027 0.0732714
5.10045 0.0433424 0.0681579
5.10932 0.043969 0.0705406
5.11541 0.0445663 0.0978349
5.13034 0.0472406 0.177151
5.14862 0.0499958 0.149671
5.14879 0.050026 0.176731
5.15769 0.0512716 0.138963
5.17036 0.0527797 0.118462
5.18171 0.0539185 0.0999835
5.19314 0.0549695 0.0917377
5.19766 0.0554636 0.108849
5.19871 0.0555712 0.102084
5.21206 0.0569236 0.100938
True
0.258089
