-5.47998 0.78865 -0.0700314
-5.4394 0.787056 -0.0392767
-5.39064 0.785608 -0.0296859
-5.35236 0.784452 -0.0301786
-5.30262 0.780456 -0.0801554
-5.25303 0.77676 -0.0743951
-5.2098 0.774559 -0.0508763
-5.17918 0.773034 -0.0497573
-5.13794 0.770515 -0.0610214
-5.08853 0.770562 0.000957686
-5.03856 0.769594 -0.0193627
-4.99001 0.76747 -0.0437237
-4.94949 0.767923 0.0111671
-4.89977 0.770167 0.0451165
-4.85143 0.772592 0.0501049
-4.80747 0.77485 0.0513369
-4.76707 0.775607 0.0187261
-4.72192 0.776225 0.0136885
-4.67194 0.776198 -0.000538732
-4.62964 0.778436 0.0528441
-4.57982 0.779334 0.0180343
-4.54657 0.779203 -0.00394522
-4.50954 0.779937 0.0198292
-4.46217 0.782484 0.0537088
-4.41217 0.782614 0.00260693
-4.36452 0.783736 0.0235263
-4.31474 0.783581 -0.00310925
-4.26783 0.78325 -0.00704505
-4.21787 0.783507 0.0051437
-4.16943 0.783483 -0.000496063
-4.12134 0.781928 -0.0323338
-4.07162 0.778983 -0.0591642
-4.02401 0.776361 -0.0550127
-3.97899 0.77372 -0.058601
-3.92937 0.768169 -0.111391
-3.88067 0.764013 -0.0851543
-3.83307 0.758256 -0.120348
-3.78345 0.755815 -0.0491492
-3.73815 0.755232 -0.012873
-3.69663 0.753095 -0.0514178
-3.65456 0.750265 -0.0671778
-3.61006 0.747689 -0.057816
-3.56044 0.745146 -0.051203
-3.51058 0.744558 -0.0117936
-3.46274 0.742329 -0.0465542
-3.4218 0.740615 -0.0418501
-3.37218 0.740353 -0.00527899
-3.32243 0.739309 -0.0209692
-3.2726 0.739113 -0.00393203
-3.22463 0.738552 -0.0117002
-3.18613 0.739041 0.0126954
-3.13986 0.738666 -0.00811056
-3.09045 0.73725 -0.0286494
-3.04047 0.736231 -0.0203719
-3.0015 0.736326 0.00243329
-2.95373 0.735855 -0.00985267
-2.90542 0.737046 0.0246427
-2.85649 0.738874 0.0373368
-2.80777 0.740019 0.0234969
-2.75842 0.74145 0.0289891
-2.7256 0.741507 0.00174057
-2.67623 0.7431 0.0322542
-2.62837 0.743613 0.0107119
-2.58244 0.744906 0.0281663
-2.53444 0.745785 0.0182902
-2.48532 0.747714 0.0392584
-2.43615 0.748305 0.0120225
-2.39151 0.748951 0.0144616
-2.35709 0.749419 0.0136118
-2.31852 0.750257 0.0217097
-2.26858 0.751469 0.0242711
-2.22144 0.75003 -0.0305262
-2.18047 0.749301 -0.0177877
-2.13982 0.750885 0.0389375
-2.09132 0.754508 0.0745704
-2.04535 0.756246 0.0377957
-1.99545 0.756632 0.00773236
-1.95269 0.754753 -0.0439072
-1.90955 0.752372 -0.0551405
-1.85963 0.750628 -0.0349223
-1.82083 0.748886 -0.0448776
-1.77727 0.747424 -0.0335341
-1.72872 0.742587 -0.0993105
-1.68375 0.740159 -0.0539396
-1.63378 0.74133 0.0234355
-1.58501 0.742857 0.0313017
-1.5385 0.741452 -0.0302056
-1.49098 0.740076 -0.028949
-1.44613 0.740287 0.00470677
-1.39675 0.740375 0.0017822
-1.34685 0.739662 -0.0142886
-1.30279 0.739974 0.00708486
-1.26414 0.740575 0.0155315
-1.21619 0.742228 0.0344683
-1.1662 0.742291 0.00126679
-1.12317 0.740827 -0.0340123
-1.0859 0.739905 -0.024737
-1.04339 0.73699 -0.0684555
-0.999459 0.733367 -0.0823037
-0.962855 0.730066 -0.0899339
-0.913181 0.724713 -0.107352
-0.873316 0.719897 -0.120228
-0.824314 0.712736 -0.145101
-0.787177 0.707465 -0.140997
-0.746053 0.699249 -0.197189
-0.706903 0.692246 -0.176988
-0.662843 0.685939 -0.142202
-0.616973 0.674947 -0.235187
-0.568077 0.664504 -0.210411
-0.52496 0.656389 -0.186046
-0.479658 0.646727 -0.210117
-0.431891 0.636607 -0.208792
-0.383426 0.624358 -0.247549
-0.338579 0.613403 -0.239577
-0.293411 0.600835 -0.271386
-0.244915 0.588663 -0.245922
-0.216673 0.581673 -0.242599
-0.176219 0.569899 -0.283236
-0.137841 0.556598 -0.333623
-0.0933878 0.543513 -0.286256
-0.0518629 0.528327 -0.350596
-0.00715796 0.51049 -0.379656
0.0391593 0.491656 -0.386199
0.0852149 0.472987 -0.38511
0.131201 0.453604 -0.398914
0.177109 0.433927 -0.404919
0.221836 0.414449 -0.410729
0.265833 0.392947 -0.454576
0.312159 0.375351 -0.363002
0.353847 0.359005 -0.373685
0.394287 0.344028 -0.354682
0.432773 0.329714 -0.35607
0.479202 0.315355 -0.299932
0.526845 0.301067 -0.291371
0.571338 0.287654 -0.292806
0.619145 0.27481 -0.262449
0.666997 0.261529 -0.270729
0.713297 0.250448 -0.234917
0.761966 0.239183 -0.227451
0.810842 0.228768 -0.209964
0.851351 0.220766 -0.195013
0.895487 0.212958 -0.175101
0.944283 0.203557 -0.190327
0.99344 0.195127 -0.169849
1.03942 0.188081 -0.152048
1.08351 0.182193 -0.132764
1.13333 0.178422 -0.0755342
1.18181 0.174166 -0.0875819
1.22947 0.172122 -0.0428569
1.27864 0.168202 -0.0795444
1.32299 0.164944 -0.073341
1.37265 0.162726 -0.0446311
1.42263 0.161341 -0.02772
1.46586 0.161384 0.00100203
1.51272 0.162661 0.0272539
1.5547 0.163464 0.019109
1.60353 0.164321 0.0175521
1.65077 0.164962 0.0135829
1.69894 0.164077 -0.0183833
1.74462 0.164641 0.0123425
1.79325 0.166724 0.0428028
1.84083 0.165458 -0.0265914
1.88562 0.166213 0.0168456
1.93555 0.168766 0.0510981
1.97619 0.171048 0.0560989
2.02604 0.174216 0.0634632
2.07421 0.179466 0.108539
2.12142 0.185694 0.13118
2.17067 0.193191 0.15107
2.21833 0.199418 0.129907
2.26332 0.203871 0.0986551
2.28882 0.207593 0.144959
2.33245 0.213128 0.126167
2.38185 0.218339 0.105095
2.42843 0.224907 0.140107
2.47766 0.233543 0.173628
2.52698 0.241673 0.163385
2.57163 0.248093 0.142807
2.61195 0.251797 0.091593
2.65293 0.255106 0.0805897
2.70251 0.259658 0.0915557
2.75236 0.263317 0.0732624
2.8023 0.264287 0.0194271
2.85222 0.266638 0.0470524
2.89633 0.269862 0.0729633
2.94494 0.274216 0.0893308
2.99458 0.27934 0.102858
3.04429 0.284034 0.0941363
3.09404 0.288653 0.0925912
3.14127 0.293913 0.110908
3.19038 0.29897 0.102602
3.2338 0.303753 0.109719
3.26408 0.305194 0.0475376
3.30569 0.307635 0.0585993
3.3512 0.312772 0.112412
3.39501 0.317288 0.10271
3.44213 0.320971 0.0780051
3.49124 0.324552 0.0728016
3.53765 0.327326 0.0596853
3.57152 0.330025 0.0795366
3.61327 0.333674 0.0871735
3.65607 0.338081 0.102592
3.68263 0.341008 0.109802
3.71371 0.344387 0.108276
3.72361 0.345375 0.09946
3.73836 0.34645 0.0727919
3.74126 0.346702 0.0865594
3.76331 0.348758 0.0930033
3.79892 0.352532 0.105568
3.83252 0.356205 0.108875
3.85386 0.357666 0.0683561
3.89377 0.360554 0.0722467
3.93125 0.36525 0.124607
3.9711 0.371475 0.154976
4.00808 0.37713 0.151728
4.05331 0.385286 0.178434
4.08868 0.389704 0.124258
4.11977 0.393078 0.108097
4.1572 0.397388 0.11464
4.19665 0.401697 0.108805
4.2216 0.405044 0.13332
4.24817 0.407887 0.106603
4.26293 0.409462 0.106331
4.28979 0.41172 0.0838621
4.33125 0.414707 0.0719293
4.36117 0.416529 0.0608089
4.39004 0.418742 0.0765015
4.41098 0.420383 0.078223
4.44162 0.422745 0.0769364
4.46056 0.423438 0.0365477
4.48216 0.423517 0.00365113
4.51375 0.42329 -0.00715645
4.53951 0.423972 0.0264628
4.57423 0.427312 0.0959171
4.60319 0.429316 0.0690758
4.63412 0.432115 0.0902226
4.66269 0.435742 0.126294
4.69246 0.440096 0.14523
4.707 0.442329 0.152375
4.72018 0.4444 0.155834
4.7303 0.445968 0.15377
4.74338 0.448611 0.199438
4.75802 0.451953 0.224363
4.77617 0.455915 0.214904
4.79008 0.459545 0.255334
4.80834 0.464132 0.246135
4.8214 0.467617 0.260659
4.84031 0.472543 0.254852
4.85387 0.47647 0.281907
4.85969 0.478098 0.272724
4.87073 0.481385 0.289445
4.88146 0.484513 0.283563
4.9098 0.492693 0.281044
4.9292 0.497733 0.254066
4.95158 0.503439 0.249742
4.9624 0.506172 0.247347
4.97335 0.509227 0.272089
4.97541 0.509692 0.222391
4.98905 0.51273 0.219031
5.02268 0.519471 0.197848
5.03962 0.52326 0.220036
5.05336 0.526424 0.226272
5.07696 0.532374 0.246975
5.08123 0.533566 0.272388
5.08915 0.536316 0.334418
5.09464 0.538429 0.367017
5.10045 0.540896 0.401343
5.11116 0.544867 0.355148
5.11838 0.547465 0.345508
5.12351 0.549329 0.348604
5.12813 0.551108 0.367519
5.1266 0.550376 0.445344
5.15293 0.560657 0.37218
5.16682 0.565839 0.35713
5.17599 0.569265 0.357526
5.18829 0.574295 0.388173
5.19251 0.57594 0.371398
5.20182 0.579992 0.41083
5.20803 0.583106 0.464583
True
0.0665852
