-5.474 -1.00788 -0.0627631
-5.45587 -1.00912 -0.0682196
-5.43215 -1.01128 -0.0908281
-5.40287 -1.01453 -0.110551
-5.36403 -1.01696 -0.062459
-5.31738 -1.01994 -0.06377
-5.2678 -1.02104 -0.0223178
-5.21827 -1.02151 -0.00932184
-5.17095 -1.0218 -0.00624786
-5.12572 -1.01904 0.0609264
-5.07707 -1.02018 -0.0233643
-5.02893 -1.01912 0.0220402
-4.97897 -1.01725 0.0373263
-4.94871 -1.01642 0.0274967
-4.90934 -1.01521 0.0305939
-4.86701 -1.01467 0.012765
-4.8195 -1.014 0.014124
-4.76955 -1.01556 -0.0311269
-4.72055 -1.01951 -0.0804868
-4.6754 -1.02218 -0.059004
-4.62808 -1.02381 -0.0345237
-4.583 -1.02674 -0.0647726
-4.53409 -1.03085 -0.0838488
-4.48447 -1.03419 -0.0673081
-4.4411 -1.03669 -0.0574487
-4.39915 -1.03781 -0.0266803
-4.35597 -1.03726 0.012537
-4.30868 -1.03727 -2.83988e-05
-4.26419 -1.03771 -0.0100194
-4.22697 -1.03972 -0.0539551
-4.18827 -1.04305 -0.0858967
-4.144 -1.04752 -0.100503
-4.0978 -1.05085 -0.0718875
-4.04965 -1.05421 -0.0698335
-4.00979 -1.05696 -0.0688546
-3.96591 -1.06069 -0.0848133
-3.9313 -1.06202 -0.0382447
-3.89931 -1.06391 -0.0592036
-3.8724 -1.06554 -0.0604656
-3.83582 -1.06801 -0.0673108
-3.79487 -1.07172 -0.0902838
-3.7616 -1.07424 -0.0755856
-3.73806 -1.07612 -0.0797207
-3.7214 -1.07712 -0.0603819
-3.6949 -1.07952 -0.0901053
-3.66548 -1.08261 -0.104747
-3.64238 -1.08538 -0.119124
-3.62789 -1.08725 -0.128998
-3.60948 -1.09023 -0.160488
-3.583 -1.09498 -0.177244
-3.56037 -1.09834 -0.147484
-3.53385 -1.10198 -0.136483
-3.49492 -1.10694 -0.126563
-3.47051 -1.11153 -0.186113
-3.44433 -1.11598 -0.168144
-3.41525 -1.12028 -0.146899
-3.3927 -1.12372 -0.151304
-3.37763 -1.12594 -0.146782
-3.35914 -1.12813 -0.11768
-3.33917 -1.12996 -0.0913682
-3.31311 -1.1317 -0.0666218
-3.28042 -1.13425 -0.0777572
-3.257 -1.1361 -0.0788807
-3.22778 -1.13763 -0.0523836
-3.19522 -1.13828 -0.0198947
-3.15774 -1.13771 0.0152099
-3.12407 -1.13778 -0.00210197
-3.08786 -1.13834 -0.0155057
-3.06742 -1.13821 0.00656605
-3.03953 -1.13656 0.0588652
-3.01027 -1.13449 0.0705652
-2.98968 -1.13303 0.0708511
-2.96487 -1.13166 0.0552651
-2.93583 -1.13095 0.0244336
-2.90366 -1.13277 -0.0563612
-2.87357 -1.13387 -0.0368091
-2.84633 -1.13401 -0.00503162
-2.8186 -1.13293 0.0391355
-2.79325 -1.13136 0.061842
-2.77607 -1.1297 0.0961584
-2.76519 -1.12857 0.103801
-2.74365 -1.12614 0.111923
-2.73413 -1.12499 0.120223
-2.71319 -1.12222 0.131732
-2.6947 -1.11973 0.133789
-2.67555 -1.11692 0.145558
-2.66286 -1.11506 0.145748
-2.65044 -1.11345 0.128783
-2.63403 -1.111 0.148504
-2.62097 -1.10879 0.167287
-2.60515 -1.10689 0.119786
-2.59286 -1.10555 0.108516
-2.57835 -1.1039 0.113441
-2.5754 -1.1035 0.132658
-2.56901 -1.10247 0.159431
-2.55939 -1.10133 0.11863
-2.54491 -1.09977 0.107224
-2.51762 -1.09876 0.0368857
-2.49068 -1.09979 -0.0382373
-2.45973 -1.10368 -0.124998
-2.4264 -1.11084 -0.21168
-2.39995 -1.11803 -0.265106
-2.3668 -1.13007 -0.348574
-2.34366 -1.13965 -0.392302
-2.31935 -1.15247 -0.485542
-2.30451 -1.16124 -0.533347
-2.29589 -1.16664 -0.55997
-2.28144 -1.17677 -0.611473
-2.26577 -1.1878 -0.613231
-2.26037 -1.19164 -0.619161
-2.25303 -1.19684 -0.616101
-2.24527 -1.20257 -0.63618
-2.24374 -1.20373 -0.644949
-2.23729 -1.20903 -0.687748
-2.23412 -1.21174 -0.708376
-2.21157 -1.2326 -0.746579
-2.19232 -1.25132 -0.771217
-2.1719 -1.27236 -0.800601
-2.15105 -1.29577 -0.842993
-2.14229 -1.30688 -0.903165
-2.13098 -1.32205 -0.930138
-2.12088 -1.33842 -1.01799
-2.11695 -1.34503 -1.03503
-2.11652 -1.34585 -1.08599
-2.10571 -1.36763 -1.11022
-2.1042 -1.37102 -1.15084
-2.10083 -1.37831 -1.13727
-2.0994 -1.38165 -1.16715
-2.09692 -1.38837 -1.21668
-2.09192 -1.405 -1.27921
-2.09082 -1.40871 -1.28163
-2.09347 -1.39783 -1.33176
-2.09126 -1.40783 -1.35321
-2.0894 -1.41603 -1.34765
-2.08861 -1.41894 -1.30436
-2.08756 -1.42289 -1.31128
-2.08503 -1.43545 -1.37236
-2.08422 -1.44076 -1.41925
-2.08435 -1.43957 -1.46693
-2.08286 -1.45106 -1.44244
-2.08156 -1.4661 -1.4842
-2.07981 -1.48229 -1.46321
-2.07941 -1.48718 -1.48863
-2.07769 -1.50034 -1.44081
-2.07559 -1.51509 -1.42942
-2.07503 -1.51907 -1.43147
-2.07319 -1.53435 -1.45123
-2.07109 -1.56047 -1.49058
-2.06976 -1.57808 -1.49534
-2.06963 -1.58181 -1.53568
-2.06951 -1.58546 -1.53819
-2.06935 -1.59802 -1.55792
-2.06869 -1.60738 -1.5003
-2.06765 -1.6237 -1.50728
-2.06727 -1.63283 -1.5289
-2.06722 -1.63781 -1.56071
-2.06724 -1.64117 -1.57729
-2.06708 -1.66203 -1.56316
-2.06742 -1.68035 -1.58922
-2.06775 -1.69354 -1.59599
-2.06793 -1.70527 -1.5864
-2.06784 -1.70452 -1.68942
-2.06926 -1.71427 -1.71519
-2.07077 -1.72385 -1.72743
-2.07229 -1.73251 -1.74387
-2.07402 -1.74229 -1.74615
-2.07501 -1.74645 -1.80463
-2.08088 -1.76925 -1.82283
-2.08123 -1.77034 -1.8826
-2.0827 -1.77444 -1.91397
-2.08593 -1.78244 -1.95442
-2.08936 -1.7912 -1.94376
-2.09384 -1.80308 -1.93199
-2.09791 -1.81445 -1.91424
-2.09667 -1.81131 -1.94689
-2.09988 -1.81902 -1.96552
-2.10576 -1.83371 -1.95171
-2.10778 -1.83902 -1.93389
-2.11012 -1.84519 -1.93274
-2.11176 -1.84955 -1.93082
-2.11389 -1.8557 -1.90375
-2.11542 -1.85984 -1.92513
-2.11612 -1.86145 -1.98431
-2.12464 -1.87912 -2.01978
-2.13065 -1.89118 -2.03359
-2.13342 -1.89585 -2.10591
-2.13427 -1.89703 -2.19423
-2.13668 -1.89971 -2.30434
-2.14156 -1.90518 -2.29945
-2.15024 -1.91605 -2.24421
-2.15476 -1.92272 -2.1668
-2.16012 -1.93022 -2.19127
-2.16019 -1.9303 -2.22324
-2.15849 -1.92829 -2.27166
-2.16677 -1.93735 -2.31144
-2.17082 -1.94151 -2.34226
-2.17828 -1.94968 -2.31047
-2.18266 -1.95546 -2.22051
-2.18727 -1.96278 -2.13218
-2.18306 -1.95586 -2.11727
-2.18682 -1.9625 -2.08631
-2.1869 -1.96269 -1.97255
-2.18729 -1.96386 -1.88779
-2.19168 -1.97618 -1.91335
-2.19024 -1.97185 -1.89296
-2.19658 -1.99099 -1.89107
-2.19503 -1.98585 -1.86443
-2.20033 -2.00196 -1.8885
-2.20046 -2.0023 -1.94899
-2.20088 -2.00362 -1.87728
-2.20117 -2.00495 -1.78725
-2.20246 -2.01423 -1.70837
-2.2046 -2.0352 -1.67255
-2.20579 -2.05142 -1.64391
-2.20412 -2.08242 -1.51726
-2.2017 -2.098 -1.41663
-2.20239 -2.0956 -1.29176
-2.19899 -2.10364 -1.1703
-2.19817 -2.10515 -1.07391
-2.19324 -2.11223 -0.962927
-2.18435 -2.12203 -0.833817
-2.17346 -2.13236 -0.759004
-2.16606 -2.13875 -0.712626
-2.17034 -2.13539 -0.6655
-2.16631 -2.13818 -0.604761
-2.15747 -2.14369 -0.557445
-2.15647 -2.14422 -0.485951
-2.16149 -2.14176 -0.455072
-2.16049 -2.14217 -0.386225
-2.15753 -2.14322 -0.343316
-2.14581 -2.14692 -0.305134
-2.13117 -2.14988 -0.2
-2.14405 -2.14886 -0.0792155
-2.13506 -2.14867 0.0214036
-2.11661 -2.14611 0.137877
-2.12287 -2.14765 0.240639
-2.12026 -2.14672 0.340499
-2.12054 -2.14684 0.408024
-2.11778 -2.14543 0.471744
-2.1172 -2.14506 0.570624
-2.11241 -2.14115 0.685096
-2.10576 -2.1344 0.793144
-2.09401 -2.12163 0.826775
-2.08916 -2.11595 0.863987
-2.08867 -2.11535 0.880921
-2.09042 -2.11741 0.86714
-2.08908 -2.11562 0.929186
-2.08346 -2.10708 0.989611
-2.08334 -2.1069 0.971389
-2.08683 -2.11292 1.04535
-2.07771 -2.09503 1.09918
-2.07239 -2.08288 1.15852
-2.06836 -2.07323 1.17512
-2.06817 -2.07263 1.26291
-2.06362 -2.05726 1.28288
-2.05916 -2.03738 1.35002
-2.05522 -2.01898 1.35952
-2.05149 -1.99795 1.39559
-2.05169 -1.99943 1.4414
-2.05083 -1.99293 1.43944
-2.05083 -1.99293 1.53271
-2.05011 -1.98474 1.48352
-2.04992 -1.97923 1.53704
-2.04989 -1.97096 1.56629
-2.05101 -1.95145 1.62853
-2.0538 -1.92742 1.68623
-2.05536 -1.91489 1.69434
-2.05765 -1.89213 1.67114
-2.06077 -1.86471 1.68417
-2.06504 -1.83174 1.6997
-2.06693 -1.80687 1.64655
-2.06848 -1.79447 1.69525
-2.06904 -1.79139 1.75014
-2.06984 -1.78677 1.74154
-2.07268 -1.76546 1.70325
-2.07435 -1.74837 1.66854
-2.0775 -1.71586 1.66726
-2.08369 -1.68084 1.74589
-2.09265 -1.63982 1.78585
-2.09491 -1.62864 1.76986
-2.09669 -1.61753 1.73003
-2.09979 -1.59842 1.73138
-2.10296 -1.58004 1.7418
-2.10524 -1.56268 1.70136
-2.10595 -1.55717 1.69923
-2.10576 -1.55833 1.73178
-2.10737 -1.55004 1.76198
-2.10959 -1.54016 1.79171
-2.11038 -1.53644 1.77953
-2.11354 -1.52242 1.79295
-2.1208 -1.49254 1.80905
-2.12942 -1.46263 1.85144
-2.13827 -1.43156 1.84817
-2.14469 -1.40729 1.8293
-2.1526 -1.37112 1.78636
-2.16012 -1.33959 1.8048
-2.16528 -1.31563 1.78309
-2.16722 -1.30517 1.754
-2.1703 -1.28368 1.71309
-2.17323 -1.26262 1.7088
-2.17483 -1.25075 1.70507
-2.17574 -1.23959 1.65249
-2.17626 -1.23257 1.64389
-2.1768 -1.22082 1.61692
-2.17681 -1.21819 1.57332
-2.17679 -1.21524 1.56592
-2.17593 -1.1928 1.53244
-2.17608 -1.15875 1.57504
-2.17437 -1.11426 1.53252
-2.17212 -1.06911 1.52094
-2.16852 -1.01924 1.49871
-2.16381 -0.969524 1.4764
-2.1602 -0.927313 1.48534
-2.15573 -0.879697 1.47736
-2.14921 -0.831758 1.43564
-2.14481 -0.802916 1.41914
-2.13865 -0.764111 1.41355
-2.13149 -0.730696 1.35968
-2.12424 -0.699699 1.34108
-2.11273 -0.655314 1.31689
-2.10483 -0.631642 1.24895
-2.09182 -0.59329 1.24367
-2.07477 -0.555754 1.14438
-2.05201 -0.51156 1.09525
-2.02716 -0.471638 1.01409
-1.99917 -0.435319 0.914203
-1.96421 -0.399801 0.793212
-1.92651 -0.367261 0.712169
-1.88653 -0.339616 0.604973
-1.84344 -0.314254 0.531982
-1.79938 -0.290662 0.491587
-1.75737 -0.270309 0.451127
-1.71382 -0.25221 0.393868
-1.66743 -0.235056 0.354216
-1.6223 -0.222046 0.280633
-1.57394 -0.210675 0.230953
-1.52531 -0.201677 0.182949
-1.47688 -0.193867 0.159904
-1.42752 -0.187833 0.121649
-1.38594 -0.182995 0.115804
-1.34135 -0.182682 0.00703505
-1.2919 -0.185344 -0.0537958
-1.24457 -0.189859 -0.0951026
-1.19501 -0.195059 -0.104531
-1.14548 -0.201875 -0.136774
-1.10248 -0.208376 -0.150019
-1.05668 -0.213849 -0.118946
-1.0073 -0.219459 -0.113129
-0.957369 -0.221976 -0.0503693
-0.908842 -0.226614 -0.0952786
-0.864359 -0.230519 -0.0875538
-0.827623 -0.232737 -0.0603001
-0.781033 -0.237907 -0.110536
-0.73252 -0.243067 -0.105955
-0.68291 -0.24887 -0.116434
-0.634243 -0.255718 -0.139808
-0.590681 -0.261521 -0.132425
-0.542896 -0.269262 -0.160605
-0.495356 -0.277912 -0.179989
-0.44625 -0.28732 -0.189282
-0.402748 -0.296458 -0.207039
-0.354129 -0.304663 -0.167192
-0.304668 -0.311976 -0.146799
-0.262984 -0.317159 -0.123694
-0.223132 -0.322186 -0.125487
-0.173497 -0.328161 -0.119793
-0.124327 -0.333388 -0.105923
-0.0747033 -0.337331 -0.079276
-0.0251841 -0.344058 -0.13503
0.0240802 -0.352336 -0.166478
0.0711079 -0.358717 -0.134863
0.120368 -0.364954 -0.125936
0.168417 -0.371681 -0.139101
0.214922 -0.377536 -0.125245
0.263678 -0.383695 -0.125646
0.310706 -0.390886 -0.151748
0.358233 -0.39654 -0.118396
0.407708 -0.400754 -0.0849775
0.457133 -0.406003 -0.105797
0.504118 -0.411964 -0.1262
0.547033 -0.419759 -0.179691
0.596568 -0.426303 -0.131331
0.645691 -0.433758 -0.150621
0.694911 -0.442224 -0.170338
0.742301 -0.449944 -0.161493
0.785187 -0.45715 -0.166458
0.833799 -0.466243 -0.184918
0.878708 -0.474378 -0.1792
0.927543 -0.48467 -0.207708
0.961068 -0.489316 -0.137722
1.00709 -0.496083 -0.145993
1.05385 -0.505659 -0.20199
1.10058 -0.514027 -0.177188
1.14052 -0.522004 -0.197154
1.18988 -0.529661 -0.153882
1.23661 -0.539259 -0.202598
1.28391 -0.547726 -0.1771
1.33084 -0.555751 -0.169362
1.38027 -0.563295 -0.151469
1.42926 -0.570879 -0.153592
1.47811 -0.581393 -0.21197
1.5245 -0.590985 -0.203909
1.57308 -0.60146 -0.212379
1.62184 -0.612412 -0.220913
1.6693 -0.624651 -0.252433
1.71589 -0.637114 -0.261336
1.76081 -0.648639 -0.251189
1.80869 -0.66002 -0.233326
1.85748 -0.670707 -0.215654
1.90237 -0.680383 -0.212328
1.94368 -0.688556 -0.195318
1.99017 -0.699567 -0.232531
2.03676 -0.710928 -0.239205
2.07261 -0.720797 -0.268597
2.11482 -0.73319 -0.285615
2.15725 -0.745469 -0.281688
2.19117 -0.754642 -0.264117
2.22536 -0.761859 -0.208037
2.27227 -0.76974 -0.166417
2.31167 -0.777637 -0.197851
2.3479 -0.783993 -0.17366
2.39299 -0.791207 -0.15866
2.43757 -0.798232 -0.156261
2.48396 -0.805111 -0.147236
2.52715 -0.812183 -0.162297
2.57361 -0.817883 -0.122075
2.61166 -0.822614 -0.123709
2.65855 -0.830218 -0.160759
2.70221 -0.836379 -0.140178
2.75103 -0.845984 -0.194268
2.79925 -0.858309 -0.250257
2.84364 -0.867787 -0.210362
2.88841 -0.876505 -0.192323
2.93794 -0.88275 -0.125438
2.9854 -0.889035 -0.131655
3.0316 -0.89438 -0.115174
3.07695 -0.901025 -0.145469
3.12586 -0.907993 -0.141523
3.17523 -0.915882 -0.158444
3.21652 -0.921687 -0.139689
3.24913 -0.925695 -0.122325
3.28665 -0.933201 -0.197439
3.32226 -0.939463 -0.174078
3.37035 -0.945891 -0.132863
3.41828 -0.953344 -0.154248
3.45668 -0.95906 -0.147796
3.50153 -0.964923 -0.129984
3.54653 -0.970396 -0.121022
3.59218 -0.976087 -0.124022
3.63381 -0.982187 -0.1455
3.67863 -0.98865 -0.143205
3.72327 -0.995771 -0.158196
3.7619 -1.00138 -0.144251
3.79556 -1.0077 -0.185631
3.81958 -1.0121 -0.18118
3.84746 -1.01763 -0.195591
3.88682 -1.02497 -0.18451
3.92916 -1.03382 -0.205887
3.97718 -1.04439 -0.216789
4.01341 -1.05209 -0.209332
4.05823 -1.0614 -0.204855
4.0893 -1.06819 -0.215027
4.12979 -1.07721 -0.219265
4.17755 -1.08517 -0.165106
4.21007 -1.08938 -0.128848
4.24003 -1.09305 -0.121716
4.27059 -1.09651 -0.112817
4.30179 -1.09998 -0.11079
4.32955 -1.10256 -0.0928321
4.34427 -1.10346 -0.0605746
4.37163 -1.10512 -0.0608325
4.39478 -1.10663 -0.0648279
4.43259 -1.10831 -0.0445851
4.46612 -1.11133 -0.089844
4.48622 -1.11319 -0.0922108
4.51864 -1.11658 -0.104148
4.5465 -1.11995 -0.120188
4.56864 -1.12235 -0.108224
4.59651 -1.12542 -0.109496
4.61481 -1.1284 -0.161545
4.6224 -1.12939 -0.129635
4.64247 -1.13164 -0.11191
4.66227 -1.13326 -0.0813532
4.6859 -1.13532 -0.0871973
4.71817 -1.13721 -0.0583962
4.74739 -1.13916 -0.0667952
4.75768 -1.1399 -0.0714827
4.7742 -1.14234 -0.146556
4.78529 -1.14404 -0.152252
4.79774 -1.14601 -0.156937
4.821 -1.14935 -0.142752
4.82388 -1.14983 -0.162383
4.83685 -1.15256 -0.207697
4.84292 -1.15365 -0.178589
4.85675 -1.15592 -0.162616
4.87196 -1.15849 -0.166915
4.90088 -1.16257 -0.140347
4.91844 -1.16523 -0.150209
4.93092 -1.16704 -0.143623
4.95823 -1.17174 -0.17051
4.97332 -1.17451 -0.181519
4.99199 -1.17815 -0.192609
5.02346 -1.18412 -0.18764
5.03659 -1.18652 -0.180253
5.04605 -1.18792 -0.147598
5.05069 -1.18882 -0.189946
5.07215 -1.19252 -0.170858
5.08189 -1.19415 -0.165573
5.09971 -1.19703 -0.160548
5.11419 -1.19933 -0.157584
5.12557 -1.20121 -0.163325
5.14263 -1.20415 -0.171061
5.15977 -1.20542 -0.0739266
5.17109 -1.20613 -0.0623965
5.18874 -1.20733 -0.0677218
5.19728 -1.20764 -0.0360995
5.19888 -1.20766 -0.0135245
5.20384 -1.20758 0.0149709
True
0.0599983
