-5.45985 0.0305897 -0.275086
-5.41534 0.0164075 -0.308436
-5.37962 0.00585324 -0.287319
-5.34561 -0.00312089 -0.257994
-5.30161 -0.0164598 -0.294344
-5.25394 -0.0308079 -0.29236
-5.21 -0.0443162 -0.298254
-5.1658 -0.0579441 -0.299066
-5.11765 -0.069951 -0.24442
-5.07474 -0.0800012 -0.230057
-5.03001 -0.0901353 -0.222778
-4.98278 -0.0989899 -0.185341
-4.94011 -0.108397 -0.217003
-4.89297 -0.118849 -0.218165
-4.84652 -0.128038 -0.195326
-4.80319 -0.137026 -0.204528
-4.75971 -0.145935 -0.202075
-4.724 -0.154005 -0.222299
-4.67727 -0.164235 -0.215512
-4.62899 -0.176366 -0.246147
-4.58019 -0.186216 -0.199157
-4.54155 -0.196027 -0.248694
-4.49402 -0.209563 -0.277444
-4.45104 -0.221268 -0.265887
-4.40576 -0.231574 -0.223797
-4.3662 -0.2405 -0.221889
-4.31926 -0.249124 -0.181715
-4.27138 -0.258951 -0.202431
-4.22392 -0.270385 -0.236372
-4.18368 -0.279559 -0.224182
-4.13575 -0.292759 -0.268749
-4.0877 -0.30376 -0.225068
-4.04085 -0.316052 -0.256572
-3.99667 -0.328452 -0.273603
-3.95139 -0.340833 -0.266939
-3.90872 -0.350797 -0.229404
-3.86519 -0.361083 -0.232049
-3.8229 -0.371803 -0.248243
-3.77477 -0.382671 -0.222068
-3.72615 -0.394131 -0.231514
-3.67786 -0.403733 -0.196269
-3.62986 -0.412838 -0.187435
-3.58114 -0.423036 -0.206367
-3.53444 -0.432372 -0.197324
-3.4854 -0.441377 -0.181585
-3.4377 -0.452037 -0.219862
-3.39298 -0.462972 -0.239842
-3.35411 -0.47173 -0.221611
-3.30548 -0.48174 -0.20299
-3.26301 -0.492842 -0.255673
-3.21625 -0.505527 -0.264913
-3.16829 -0.518751 -0.269034
-3.12018 -0.531897 -0.266736
-3.07807 -0.542049 -0.236613
-3.04124 -0.550193 -0.217587
-2.99276 -0.560267 -0.204901
-2.94358 -0.569234 -0.180348
-2.89936 -0.579403 -0.226003
-2.85214 -0.587229 -0.164256
-2.80286 -0.595449 -0.165277
-2.75417 -0.603035 -0.154574
-2.71146 -0.610235 -0.166976
-2.67102 -0.617752 -0.183809
-2.62529 -0.626733 -0.193914
-2.57878 -0.634396 -0.163289
-2.53215 -0.642724 -0.176747
-2.48454 -0.652324 -0.198966
-2.43562 -0.662638 -0.207781
-2.38704 -0.669974 -0.149863
-2.33851 -0.679022 -0.184326
-2.2911 -0.688211 -0.191484
-2.24199 -0.697427 -0.185476
-2.19443 -0.705536 -0.168882
-2.15076 -0.715217 -0.218168
-2.10456 -0.722823 -0.163179
-2.05574 -0.732321 -0.192121
-2.02208 -0.739356 -0.206094
-1.98088 -0.748394 -0.215918
-1.94552 -0.75589 -0.208937
-1.91938 -0.760574 -0.177267
-1.88069 -0.768843 -0.210534
-1.84663 -0.775747 -0.200031
-1.80302 -0.783774 -0.182017
-1.76475 -0.790261 -0.167924
-1.72174 -0.798335 -0.18554
-1.67435 -0.807234 -0.185612
-1.6269 -0.816423 -0.191293
-1.5775 -0.82331 -0.138531
-1.53019 -0.831691 -0.175303
-1.48051 -0.835678 -0.0800886
-1.43427 -0.839983 -0.0928335
-1.3979 -0.841897 -0.05259
-1.34809 -0.846079 -0.0837565
-1.3071 -0.848807 -0.0664559
-1.25781 -0.854605 -0.117112
-1.20841 -0.861653 -0.141689
-1.15873 -0.865909 -0.0854572
-1.114 -0.870109 -0.093644
-1.06441 -0.876495 -0.128058
-1.02278 -0.879598 -0.074405
-0.976467 -0.883053 -0.0744694
-0.940287 -0.885987 -0.0809156
-0.892238 -0.888762 -0.0576775
-0.846213 -0.890975 -0.0480476
-0.797455 -0.892041 -0.0218584
-0.74751 -0.894356 -0.0463192
-0.704497 -0.896665 -0.0536295
-0.658712 -0.899131 -0.053823
-0.609105 -0.903717 -0.0921688
-0.561967 -0.908243 -0.0957363
-0.520919 -0.912774 -0.109943
-0.471524 -0.91831 -0.111603
-0.427003 -0.924484 -0.137804
-0.382452 -0.928554 -0.0910998
-0.335377 -0.933965 -0.114437
-0.295299 -0.938011 -0.100605
-0.245749 -0.943112 -0.102585
-0.197209 -0.945294 -0.0449216
-0.151649 -0.947219 -0.0422312
-0.104008 -0.94697 0.00523124
-0.0567516 -0.94693 0.00083209
-0.0121122 -0.950452 -0.0787308
0.0329566 -0.953166 -0.06015
0.0806403 -0.95595 -0.058321
0.13055 -0.958565 -0.0523384
0.177568 -0.9606 -0.0432611
0.224057 -0.96394 -0.0717272
0.273791 -0.968151 -0.0844553
0.32158 -0.972383 -0.0883348
0.368155 -0.977642 -0.112437
0.413562 -0.98261 -0.108969
0.460111 -0.987595 -0.106692
0.493937 -0.991571 -0.117008
0.541982 -0.997939 -0.131762
0.577045 -1.00485 -0.194619
0.618035 -1.01371 -0.212979
0.666594 -1.02554 -0.238816
0.715467 -1.03589 -0.208777
0.764179 -1.04559 -0.196605
0.812146 -1.05605 -0.214621
0.857836 -1.06435 -0.179754
0.899461 -1.07312 -0.20764
0.94796 -1.08308 -0.202544
0.994386 -1.09591 -0.269511
1.03979 -1.10845 -0.269557
1.07744 -1.11984 -0.293822
1.11964 -1.13451 -0.334483
1.16706 -1.14969 -0.309844
1.21109 -1.16666 -0.367884
1.25689 -1.18392 -0.360358
1.30179 -1.20281 -0.398227
1.34754 -1.21988 -0.357184
1.39145 -1.23579 -0.347699
1.43767 -1.25089 -0.315682
1.48398 -1.26726 -0.339699
1.52952 -1.28298 -0.332511
1.57506 -1.29889 -0.335928
1.61489 -1.31455 -0.374788
1.65391 -1.32792 -0.330099
1.70122 -1.34408 -0.329089
1.74236 -1.35588 -0.279299
1.78711 -1.37045 -0.314824
1.8338 -1.38253 -0.253149
1.88222 -1.39327 -0.218311
1.92824 -1.40262 -0.200501
1.97542 -1.41361 -0.228805
2.01737 -1.4237 -0.236098
2.06577 -1.436 -0.248768
2.11358 -1.4495 -0.275154
2.162 -1.46192 -0.251189
2.21005 -1.47573 -0.279863
2.25209 -1.48943 -0.314928
2.2996 -1.50455 -0.308195
2.33919 -1.51864 -0.341907
2.37898 -1.53424 -0.373689
2.4248 -1.554 -0.407041
2.46825 -1.57253 -0.403314
2.51481 -1.59041 -0.366545
2.56124 -1.60696 -0.34231
2.60824 -1.62398 -0.347514
2.65529 -1.64091 -0.345406
2.69924 -1.65535 -0.31746
2.74542 -1.67109 -0.328399
2.79008 -1.68877 -0.376969
2.83256 -1.70138 -0.288628
2.88001 -1.71701 -0.318277
2.92735 -1.73304 -0.326463
2.97344 -1.75024 -0.357151
3.01996 -1.76601 -0.326776
3.06205 -1.78017 -0.32469
3.10608 -1.79626 -0.350296
3.15252 -1.81272 -0.340632
3.19015 -1.82588 -0.336344
3.22669 -1.8376 -0.310399
3.2684 -1.85431 -0.38107
3.30445 -1.86834 -0.371189
3.34922 -1.88592 -0.374079
3.39137 -1.90181 -0.360584
3.42902 -1.91421 -0.318259
3.47339 -1.92863 -0.314074
3.51342 -1.94057 -0.289881
3.55797 -1.95339 -0.280355
3.60157 -1.96602 -0.281744
3.64511 -1.97755 -0.259046
3.68607 -1.98743 -0.236735
3.72674 -1.99672 -0.224427
3.77 -2.00486 -0.185986
3.7978 -2.01114 -0.222355
3.83852 -2.02114 -0.240612
3.87045 -2.03097 -0.298786
3.90872 -2.04312 -0.307422
3.95106 -2.05792 -0.33625
3.99183 -2.07153 -0.322229
4.03153 -2.08522 -0.332036
4.05419 -2.09286 -0.325167
4.07646 -2.10044 -0.32813
4.11228 -2.11223 -0.318011
4.15837 -2.12819 -0.333261
4.18692 -2.13818 -0.33676
4.22512 -2.15174 -0.340939
4.25327 -2.16203 -0.350511
4.28969 -2.17501 -0.342558
4.30469 -2.17988 -0.313595
4.31125 -2.18212 -0.329109
4.32989 -2.18851 -0.330383
4.34118 -2.19106 -0.221375
4.36185 -2.19507 -0.1921
4.37216 -2.19759 -0.238941
4.3932 -2.2036 -0.278234
4.40583 -2.20732 -0.287019
4.41405 -2.20953 -0.262493
4.4178 -2.21039 -0.224261
4.4305 -2.21343 -0.23545
4.45226 -2.21908 -0.253929
4.46665 -2.22304 -0.268302
4.49342 -2.22949 -0.23631
4.50966 -2.23218 -0.164373
4.51924 -2.23397 -0.185016
4.54431 -2.23908 -0.201012
4.56242 -2.24321 -0.224161
4.58632 -2.24915 -0.243454
4.61278 -2.25557 -0.238374
4.64566 -2.26456 -0.266662
4.68039 -2.27535 -0.301432
4.70682 -2.28351 -0.299348
4.71557 -2.28642 -0.321137
4.73321 -2.29252 -0.332545
4.74642 -2.29807 -0.39815
4.76009 -2.30426 -0.425178
4.77233 -2.30989 -0.43115
4.79895 -2.32184 -0.421909
4.81696 -2.33021 -0.435174
4.82049 -2.33183 -0.428984
4.82962 -2.33635 -0.459617
4.84355 -2.3433 -0.463015
4.85765 -2.35034 -0.463402
4.87599 -2.35943 -0.460022
4.90646 -2.37486 -0.468782
4.93255 -2.38899 -0.496255
4.96128 -2.40477 -0.502224
4.97911 -2.41625 -0.571945
4.99674 -2.42773 -0.577609
5.01221 -2.43827 -0.597955
5.02367 -2.44615 -0.601791
5.03073 -2.45115 -0.616227
5.04562 -2.46159 -0.611889
5.0622 -2.47403 -0.643776
5.07625 -2.48432 -0.6321
5.07814 -2.48565 -0.608941
5.08147 -2.48802 -0.619962
5.0921 -2.49609 -0.649038
5.10236 -2.50408 -0.662075
5.10556 -2.50672 -0.689975
5.10876 -2.50959 -0.7313
5.12379 -2.52557 -0.815764
5.13309 -2.53694 -0.885537
5.14469 -2.55236 -0.926017
5.16171 -2.57657 -0.957897
5.16589 -2.5824 -0.948535
5.17778 -2.59984 -0.972253
5.18377 -2.60851 -0.96613
5.18789 -2.61434 -0.956484
5.18973 -2.61686 -0.939398
5.19755 -2.62737 -0.930834
5.21317 -2.64818 -0.927108
True
0.268247
