-5.46397 -1.72981 0.219717
-5.43333 -1.72237 0.238409
-5.38878 -1.70916 0.288225
-5.34377 -1.69515 0.301669
-5.30672 -1.68305 0.315732
-5.25938 -1.66788 0.310123
-5.21857 -1.65338 0.341484
-5.17532 -1.63744 0.353064
-5.1296 -1.61972 0.369811
-5.08237 -1.60333 0.333984
-5.03775 -1.58935 0.303493
-4.99263 -1.57457 0.316739
-4.94724 -1.56175 0.275241
-4.90073 -1.54747 0.297874
-4.85277 -1.53351 0.283232
-4.80507 -1.51854 0.304029
-4.75778 -1.50269 0.323376
-4.72585 -1.49327 0.287022
-4.67772 -1.48017 0.265618
-4.63121 -1.46572 0.301311
-4.58611 -1.44915 0.352195
-4.53993 -1.43251 0.34583
-4.49372 -1.41604 0.342283
-4.44962 -1.40092 0.330377
-4.40766 -1.38583 0.3452
-4.36338 -1.371 0.323254
-4.31625 -1.3575 0.278953
-4.26839 -1.34477 0.259944
-4.22692 -1.33428 0.247691
-4.18734 -1.32554 0.217396
-4.14311 -1.3167 0.197293
-4.0972 -1.30769 0.193821
-4.04977 -1.29942 0.17253
-4.00326 -1.29401 0.115791
-3.96383 -1.29193 0.0527713
-3.92217 -1.2895 0.0582783
-3.87664 -1.28602 0.0761832
-3.82945 -1.282 0.0850448
-3.80651 -1.28093 0.0466895
-3.76411 -1.27818 0.0648018
-3.71969 -1.27715 0.023054
-3.67312 -1.27587 0.0274795
-3.62538 -1.27614 -0.0055878
-3.57942 -1.27655 -0.0089774
-3.52945 -1.27574 0.016302
-3.48555 -1.27401 0.0392976
-3.44221 -1.27406 -0.00109745
-3.39894 -1.27374 0.00742592
-3.35781 -1.27317 0.0137735
-3.30918 -1.27284 0.00683017
-3.27067 -1.27137 0.0381863
-3.22672 -1.27003 0.0304682
-3.17675 -1.26851 0.0304279
-3.13268 -1.26716 0.030575
-3.0938 -1.2659 0.032278
-3.04406 -1.26378 0.0425633
-2.99591 -1.26216 0.0337909
-2.94718 -1.25951 0.0542573
-2.90555 -1.25684 0.064109
-2.86118 -1.25332 0.0790816
-2.82145 -1.25227 0.0264511
-2.77182 -1.25247 -0.00399821
-2.72188 -1.25356 -0.0218132
-2.67197 -1.25571 -0.0431732
-2.62332 -1.25862 -0.0595744
-2.57363 -1.26205 -0.0689581
-2.52388 -1.26679 -0.0949562
-2.47591 -1.27124 -0.092565
-2.42631 -1.27684 -0.112452
-2.37643 -1.28037 -0.0706717
-2.33162 -1.28445 -0.0907364
-2.28178 -1.28739 -0.0588795
-2.24234 -1.29111 -0.0941951
-2.19245 -1.29405 -0.0588692
-2.1486 -1.29632 -0.0516094
-2.10812 -1.29935 -0.0746476
-2.05838 -1.3043 -0.0993196
-2.01893 -1.30912 -0.121607
-1.96945 -1.31613 -0.140621
-1.92235 -1.32194 -0.122853
-1.87288 -1.32903 -0.142291
-1.83529 -1.33222 -0.0847918
-1.79409 -1.33716 -0.119319
-1.74633 -1.34135 -0.0873391
-1.70405 -1.34244 -0.0257842
-1.65562 -1.34646 -0.0828592
-1.60637 -1.34997 -0.0711022
-1.56167 -1.35273 -0.0616623
-1.51194 -1.35726 -0.090898
-1.48082 -1.35871 -0.0465464
-1.43654 -1.35826 0.0102294
-1.38665 -1.35689 0.0274644
-1.33672 -1.35477 0.042344
-1.29017 -1.3507 0.0872158
-1.25631 -1.34576 0.144902
-1.2218 -1.33917 0.188688
-1.17585 -1.33118 0.172063
-1.14151 -1.32378 0.212351
-1.10316 -1.31376 0.255459
-1.05681 -1.29931 0.302369
-1.01277 -1.28635 0.286008
-0.974432 -1.27285 0.338642
-0.927925 -1.25707 0.327142
-0.881953 -1.24264 0.304272
-0.835152 -1.22855 0.292427
-0.788504 -1.21209 0.339086
-0.74243 -1.1961 0.334052
-0.698947 -1.17975 0.359667
-0.652436 -1.16481 0.310861
-0.605995 -1.14711 0.364146
-0.560781 -1.12742 0.410605
-0.518841 -1.10946 0.404662
-0.484494 -1.09764 0.331567
-0.437316 -1.08232 0.313863
-0.394729 -1.0652 0.382234
-0.34955 -1.04747 0.374106
-0.302964 -1.0296 0.366241
-0.256909 -1.01282 0.349421
-0.210737 -0.997011 0.329816
-0.163442 -0.980799 0.330228
-0.125531 -0.965484 0.383935
-0.077963 -0.950298 0.309016
-0.0309014 -0.933411 0.344506
0.0115072 -0.919801 0.310553
0.0555014 -0.904758 0.329472
0.096936 -0.891755 0.304075
0.142227 -0.877889 0.297087
0.186733 -0.865056 0.280736
0.223221 -0.856506 0.230179
0.271015 -0.847301 0.190257
0.318982 -0.83922 0.16691
0.364839 -0.830028 0.197836
0.413378 -0.821196 0.179989
0.450794 -0.812774 0.221382
0.498092 -0.799501 0.273603
0.539043 -0.78705 0.295149
0.582713 -0.775198 0.265019
0.629268 -0.761466 0.286828
0.676968 -0.746821 0.297883
0.724234 -0.730516 0.332194
0.770857 -0.712454 0.369603
0.816866 -0.692965 0.400671
0.863667 -0.676425 0.339706
0.911113 -0.660927 0.315721
0.956411 -0.647887 0.280285
0.997002 -0.635751 0.290541
1.0445 -0.621243 0.296467
1.09164 -0.607972 0.274382
1.13905 -0.592151 0.322069
1.18578 -0.578082 0.292438
1.2267 -0.565161 0.30587
1.27391 -0.549569 0.318962
1.31297 -0.536784 0.316387
1.35785 -0.521841 0.321368
1.40565 -0.507253 0.2962
1.45276 -0.49049 0.341921
1.50049 -0.477387 0.267881
1.53781 -0.465862 0.299533
1.58247 -0.453501 0.270026
1.62491 -0.441331 0.279298
1.67153 -0.427358 0.291192
1.71921 -0.412605 0.300049
1.75913 -0.397904 0.352906
1.80367 -0.381509 0.352637
1.85004 -0.364642 0.348915
1.89293 -0.348109 0.367939
1.93515 -0.332562 0.352824
1.98207 -0.315374 0.351112
2.02797 -0.300056 0.322079
2.07432 -0.285072 0.312723
2.10959 -0.273375 0.320235
2.15559 -0.256526 0.351074
2.20265 -0.241723 0.304766
2.24551 -0.228714 0.294695
2.29373 -0.215531 0.266857
2.33381 -0.203949 0.281307
2.38186 -0.191895 0.245776
2.41995 -0.181819 0.258629
2.46759 -0.167069 0.300253
2.50857 -0.154389 0.300079
2.55118 -0.140037 0.324892
2.59304 -0.125026 0.344323
2.6395 -0.108556 0.34068
2.68111 -0.0903002 0.413415
2.72698 -0.0707285 0.40329
2.76669 -0.0538094 0.402806
2.81328 -0.0376434 0.333942
2.86124 -0.0234863 0.287071
2.9093 -0.0101338 0.270989
2.95726 0.00306212 0.268515
3.00363 0.0195448 0.341499
3.04884 0.035888 0.346905
3.09527 0.0531423 0.355788
3.14207 0.0688762 0.324346
3.18558 0.0837928 0.330215
3.23033 0.099923 0.345965
3.27604 0.1162 0.342104
3.3198 0.134691 0.399825
3.36094 0.15147 0.387274
3.40697 0.168762 0.359333
3.4523 0.186981 0.382119
3.48997 0.20127 0.362621
3.53081 0.21712 0.370157
3.57646 0.236095 0.393951
3.61682 0.254014 0.417862
3.66193 0.275009 0.435619
3.70781 0.293556 0.38417
3.74321 0.308665 0.403362
3.76642 0.318452 0.399022
3.79545 0.329981 0.378076
3.83746 0.348632 0.417789
3.87946 0.367209 0.41647
3.91485 0.384424 0.452684
3.95484 0.406056 0.495922
3.99228 0.425487 0.47867
4.02147 0.440506 0.475284
4.05036 0.454527 0.451816
4.07032 0.465648 0.508281
4.10022 0.481272 0.481472
4.13166 0.497091 0.466264
4.15108 0.507472 0.490695
4.16662 0.515949 0.499645
4.1722 0.519116 0.516153
4.18073 0.523809 0.502942
4.18939 0.528545 0.500593
4.21322 0.542501 0.529804
4.24428 0.562004 0.560672
4.27604 0.582379 0.570372
4.30154 0.597843 0.545119
4.32718 0.613027 0.534595
4.3546 0.630069 0.556122
4.3646 0.63631 0.557873
4.38748 0.651539 0.587349
4.40445 0.662476 0.572515
4.40483 0.662701 0.531988
4.42679 0.675597 0.530933
4.4598 0.69486 0.528336
4.4847 0.709308 0.52577
4.50759 0.721376 0.48511
4.54455 0.741885 0.506627
4.57532 0.760016 0.532485
4.60097 0.774015 0.499485
4.61979 0.783858 0.481994
4.64019 0.793929 0.4585
4.66032 0.803753 0.453994
4.67577 0.810744 0.425055
4.68943 0.817027 0.431057
4.70354 0.823349 0.421142
4.72081 0.830687 0.401861
4.73169 0.835258 0.397631
4.74476 0.840909 0.408259
4.7512 0.843518 0.384598
4.75884 0.846491 0.370991
4.7726 0.8519 0.374577
4.78028 0.854874 0.369704
4.80206 0.863487 0.376516
4.81645 0.869981 0.424084
4.82192 0.872388 0.414464
4.83644 0.878906 0.421852
4.854 0.886562 0.411094
4.86068 0.889512 0.416064
4.86984 0.89352 0.412347
4.88348 0.899667 0.42342
4.8979 0.905503 0.384595
4.9211 0.914361 0.364802
4.9428 0.922468 0.357452
4.96433 0.929764 0.326702
4.98482 0.937293 0.352132
5.00619 0.944325 0.317887
5.01899 0.948698 0.329319
5.0295 0.952468 0.344317
5.05319 0.96191 0.379215
5.0662 0.96725 0.389681
5.07415 0.970744 0.414209
5.08099 0.974047 0.449855
5.09687 0.982014 0.464983
5.10317 0.985179 0.465456
5.10837 0.988025 0.501097
5.12499 0.996767 0.484129
5.1291 0.99903 0.50295
5.13775 1.00403 0.523995
5.14213 1.0066 0.531466
5.15252 1.01285 0.541168
5.15723 1.01585 0.567257
5.16333 1.01986 0.581274
5.17073 1.02483 0.591913
5.17658 1.02874 0.589985
5.1888 1.03664 0.573358
5.1967 1.04185 0.583466
5.20498 1.0472 0.573328
5.20952 1.05008 0.56626
5.21072 1.05075 0.50367
5.22358 1.05785 0.5048
5.23252 1.06177 0.41292
5.24899 1.06818 0.371456
True
0.253311
