-5.48729 -0.600679 0.052919
-5.44201 -0.595455 0.11485
-5.39241 -0.590362 0.102328
-5.34275 -0.584676 0.113992
-5.29317 -0.580309 0.0878429
-5.2433 -0.577071 0.0648489
-5.19626 -0.573287 0.080274
-5.14817 -0.571671 0.0335877
-5.0986 -0.570936 0.0148233
-5.05136 -0.570061 0.0185172
-5.00917 -0.569821 0.00569758
-4.95959 -0.57285 -0.0610238
-4.90988 -0.575109 -0.0454146
-4.86073 -0.575921 -0.0165276
-4.81376 -0.575439 0.0102728
-4.76453 -0.574205 0.0250656
-4.71522 -0.573813 0.00793776
-4.66989 -0.573321 0.0108632
-4.62165 -0.570939 0.049344
-4.57896 -0.568497 0.0571307
-4.53269 -0.567558 0.0202894
-4.49389 -0.566068 0.0383762
-4.44532 -0.562805 0.0670945
-4.39541 -0.560736 0.0414291
-4.34613 -0.560606 0.00263533
-4.29873 -0.560422 0.00386977
-4.26496 -0.561056 -0.0187708
-4.21697 -0.562839 -0.0371191
-4.1761 -0.563344 -0.0123709
-4.12625 -0.564283 -0.018821
-4.08125 -0.56332 0.0213961
-4.03319 -0.561729 0.0330837
-3.98367 -0.556981 0.0955729
-3.94262 -0.551299 0.137566
-3.89374 -0.544857 0.131031
-3.84447 -0.536421 0.169566
-3.79523 -0.527747 0.174364
-3.74769 -0.520036 0.160796
-3.70126 -0.512936 0.151751
-3.65729 -0.505071 0.176998
-3.60928 -0.494414 0.218461
-3.56151 -0.482533 0.243757
-3.51294 -0.470669 0.239591
-3.46498 -0.459304 0.232644
-3.42338 -0.449368 0.234483
-3.40124 -0.444895 0.199285
-3.35804 -0.43843 0.148554
-3.31168 -0.432637 0.124311
-3.27446 -0.427409 0.139553
-3.2248 -0.421548 0.117498
-3.17545 -0.413992 0.151936
-3.1293 -0.407061 0.149045
-3.08467 -0.398587 0.187652
-3.03544 -0.390986 0.153182
-2.99062 -0.382816 0.180322
-2.95511 -0.376394 0.178901
-2.90664 -0.364105 0.248313
-2.86002 -0.354013 0.213195
-2.81413 -0.344551 0.203315
-2.7647 -0.337031 0.150992
-2.72313 -0.330772 0.149429
-2.67844 -0.323434 0.162755
-2.63232 -0.313842 0.205061
-2.59079 -0.307328 0.155575
-2.5425 -0.297587 0.199049
-2.49391 -0.287544 0.203826
-2.44937 -0.278854 0.192674
-2.40655 -0.269829 0.207698
-2.35829 -0.258807 0.224555
-2.30895 -0.250717 0.162514
-2.25972 -0.243564 0.144297
-2.22284 -0.239895 0.0991467
-2.18538 -0.23578 0.109413
-2.14488 -0.231741 0.0994042
-2.09583 -0.22544 0.127762
-2.05605 -0.218538 0.171814
-2.01289 -0.212619 0.136297
-1.97226 -0.207171 0.133283
-1.9239 -0.200026 0.146675
-1.87574 -0.193446 0.135789
-1.84658 -0.189744 0.126309
-1.79665 -0.18706 0.053699
-1.75109 -0.182286 0.10439
-1.70131 -0.178191 0.0820703
-1.6524 -0.174981 0.0655457
-1.61171 -0.172317 0.0653898
-1.5619 -0.168025 0.0859419
-1.51603 -0.163604 0.0960911
-1.47115 -0.160971 0.0585916
-1.427 -0.159231 0.0393938
-1.37787 -0.158755 0.00969098
-1.33242 -0.158433 0.00708565
-1.28268 -0.157134 0.0261026
-1.23592 -0.158407 -0.0272018
-1.19068 -0.159337 -0.0205654
-1.14595 -0.159248 0.00200111
-1.11127 -0.158764 0.0139422
-1.06143 -0.156989 0.0355949
-1.01587 -0.156749 0.0052611
-0.971002 -0.155995 0.0168053
-0.92658 -0.155918 0.00173753
-0.879105 -0.156031 -0.0023699
-0.829817 -0.158697 -0.054054
-0.780754 -0.159643 -0.0192596
-0.732086 -0.159494 0.00304371
-0.694896 -0.158754 0.0199014
-0.6555 -0.158686 0.00174051
-0.611519 -0.159322 -0.014475
-0.566349 -0.159725 -0.00890502
-0.517001 -0.162386 -0.0538765
-0.46807 -0.164724 -0.0477552
-0.418629 -0.166118 -0.0281857
-0.368929 -0.169022 -0.0583655
-0.324151 -0.172311 -0.0733104
-0.275877 -0.174664 -0.0486983
-0.23894 -0.177397 -0.0738777
-0.195942 -0.180957 -0.0826029
-0.156798 -0.18483 -0.0986191
-0.107389 -0.190425 -0.112752
-0.0600991 -0.196234 -0.12223
-0.0106106 -0.200478 -0.0855571
0.0390654 -0.205338 -0.0975109
0.0884809 -0.210391 -0.101895
0.137906 -0.216537 -0.123727
0.186445 -0.22125 -0.0967866
0.236335 -0.22452 -0.0654617
0.280039 -0.227801 -0.0749297
0.328641 -0.229485 -0.0346391
0.368474 -0.230283 -0.0200302
0.417158 -0.231713 -0.0293561
0.466848 -0.236777 -0.101559
0.516467 -0.242698 -0.118763
0.555442 -0.246749 -0.103562
0.604182 -0.250144 -0.0695547
0.652916 -0.250971 -0.0169688
0.702833 -0.250446 0.01051
0.748699 -0.251011 -0.0123042
0.797113 -0.251452 -0.00911152
0.843492 -0.253104 -0.0356142
0.88626 -0.254483 -0.0322305
0.928519 -0.254918 -0.0102751
0.976451 -0.256571 -0.0344731
1.021 -0.257949 -0.030924
1.07099 -0.258437 -0.00976921
1.10526 -0.259139 -0.0204911
1.14212 -0.25919 -0.00137241
1.18479 -0.260029 -0.0196539
1.23466 -0.262894 -0.0573935
1.27351 -0.266614 -0.0954762
1.32044 -0.272213 -0.118734
1.36027 -0.276118 -0.0977352
1.403 -0.279703 -0.0836922
1.44846 -0.28227 -0.0564094
1.49784 -0.287254 -0.100586
1.53701 -0.290532 -0.083488
1.58323 -0.294273 -0.0807891
1.63149 -0.296489 -0.0458805
1.68013 -0.297922 -0.0294529
1.72901 -0.299329 -0.0287787
1.77665 -0.300591 -0.0264692
1.82625 -0.299857 0.0147948
1.85776 -0.299781 0.00240775
1.9077 -0.301343 -0.0312631
1.95748 -0.302668 -0.0266218
2.00089 -0.30617 -0.0804853
2.04886 -0.309089 -0.0607751
2.09262 -0.313528 -0.101117
2.14217 -0.319164 -0.113253
2.19029 -0.325969 -0.140472
2.23933 -0.332502 -0.132451
2.28808 -0.338997 -0.132429
2.33657 -0.342468 -0.0714725
2.38653 -0.343155 -0.0137486
2.43634 -0.347556 -0.0881297
2.48227 -0.352799 -0.113654
2.53146 -0.360082 -0.146986
2.58074 -0.366022 -0.119945
2.62692 -0.37187 -0.125984
2.6759 -0.380221 -0.16887
2.71572 -0.386634 -0.159674
2.76408 -0.396044 -0.192201
2.80455 -0.404894 -0.215246
2.8445 -0.412966 -0.19937
2.88216 -0.420654 -0.201395
2.93076 -0.432322 -0.235627
2.97303 -0.443675 -0.262402
3.0214 -0.456318 -0.25564
3.06265 -0.465825 -0.22652
3.11149 -0.475572 -0.196999
3.15598 -0.484982 -0.208416
3.20317 -0.493201 -0.172444
3.24982 -0.499395 -0.132001
3.2994 -0.505322 -0.118975
3.34834 -0.511031 -0.116116
3.39789 -0.513917 -0.0581971
3.44642 -0.517164 -0.0668014
3.47325 -0.519115 -0.0725968
3.51729 -0.522005 -0.0655212
3.56147 -0.524724 -0.0614683
3.59969 -0.526939 -0.0578896
3.63563 -0.529765 -0.0784529
3.68298 -0.533324 -0.0750327
3.72086 -0.53609 -0.0728936
3.76472 -0.538662 -0.058561
3.81045 -0.541956 -0.0719166
3.85192 -0.546055 -0.0985367
3.88593 -0.549597 -0.103746
3.91157 -0.553546 -0.152844
3.93124 -0.556448 -0.146499
3.95647 -0.559731 -0.129387
3.97782 -0.56284 -0.144552
3.99897 -0.565956 -0.146339
4.00726 -0.566749 -0.0953673
4.01754 -0.567004 -0.0248064
4.03497 -0.56694 0.00366683
4.06982 -0.567107 -0.00476712
4.08767 -0.567662 -0.0310934
4.10686 -0.568621 -0.0499684
4.12849 -0.569159 -0.0248632
4.14265 -0.569463 -0.0214508
4.16844 -0.569435 0.00108331
4.19172 -0.569526 -0.00388506
4.19901 -0.569276 0.0341827
4.22398 -0.568338 0.0375388
4.24838 -0.568981 -0.0263532
4.26886 -0.569794 -0.0396315
4.29335 -0.570774 -0.0400092
4.30517 -0.571636 -0.0727581
4.34562 -0.574645 -0.0742821
4.38608 -0.577659 -0.0743417
4.40043 -0.578309 -0.0453115
4.42269 -0.5793 -0.0444922
4.44683 -0.581034 -0.0716968
4.46376 -0.582719 -0.0992078
4.4903 -0.584704 -0.0746376
4.50343 -0.585538 -0.0634793
4.53363 -0.586751 -0.0401249
4.5613 -0.587512 -0.0274831
4.59316 -0.589114 -0.0502341
4.62934 -0.592096 -0.0822476
4.65621 -0.593541 -0.0537315
4.69044 -0.593558 -0.000498101
4.73241 -0.591317 0.0533482
4.76538 -0.589636 0.0509227
4.78106 -0.589274 0.0231276
4.80908 -0.588531 0.0264896
4.83068 -0.588388 0.00663346
4.8435 -0.588542 -0.0120183
4.86712 -0.590416 -0.0791718
4.88184 -0.591639 -0.0829236
4.90532 -0.593961 -0.0985638
4.92481 -0.596684 -0.13882
4.94554 -0.599578 -0.138722
4.95528 -0.600942 -0.139022
4.96851 -0.60299 -0.153582
4.98135 -0.605506 -0.193478
4.98591 -0.606635 -0.242774
5.0091 -0.612813 -0.260407
5.02069 -0.615747 -0.247979
5.03216 -0.618376 -0.225288
5.04108 -0.620506 -0.234309
5.04532 -0.621736 -0.282316
5.07176 -0.629284 -0.278113
5.08438 -0.632949 -0.28249
5.095 -0.636139 -0.292004
5.09584 -0.636373 -0.269769
5.1072 -0.639961 -0.306034
5.11577 -0.642867 -0.327005
5.12735 -0.646521 -0.30566
5.13594 -0.649102 -0.291677
5.13505 -0.648836 -0.288903
5.13746 -0.649626 -0.31693
5.15644 -0.655649 -0.307178
5.15829 -0.656272 -0.324728
5.16239 -0.657537 -0.299596
5.17216 -0.660696 -0.312543
5.18083 -0.663662 -0.329759
5.17903 -0.663019 -0.342909
5.18954 -0.666775 -0.343266
5.1993 -0.669212 -0.244661
5.20201 -0.669911 -0.251924
5.21135 -0.672523 -0.27275
True
0.0660495
