4.49809 0.000672801 2.80235
4.47825 0.0085935 2.76182
4.44698 0.0252467 2.65228
4.41826 0.0415683 2.62468
4.37795 0.0668532 2.58146
4.34727 0.0880736 2.53641
4.31157 0.114167 2.51048
4.27696 0.141624 2.47086
4.24018 0.173496 2.42756
4.20919 0.204511 2.35579
4.17666 0.242126 2.28393
4.15369 0.272542 2.21744
4.12665 0.313123 2.15866
4.09943 0.354943 2.14774
4.07389 0.395316 2.13479
4.05422 0.42918 2.09718
4.03127 0.47262 2.05675
4.0091 0.512393 2.07944
3.98773 0.554013 2.04507
3.96969 0.59578 1.9785
3.9529 0.64048 1.93006
3.93473 0.687025 1.94299
3.9181 0.731059 1.93202
3.89825 0.776903 1.97927
3.8799 0.82333 1.94717
3.86288 0.869552 1.92362
3.84359 0.913282 1.98624
3.83118 0.943572 1.95966
3.81415 0.987356 1.9419
3.79608 1.03393 1.94081
3.78231 1.06772 1.95789
3.76947 1.09757 1.9769
3.74996 1.14359 1.97178
3.72952 1.18894 1.99414
3.71439 1.21878 2.04018
3.69279 1.2605 2.04861
3.68367 1.27817 2.04724
3.66764 1.31472 1.98403
3.64754 1.35392 2.04453
3.63135 1.38807 2.0137
3.61138 1.43273 1.99119
3.59199 1.47414 2.00884
3.57574 1.51019 1.99423
3.55421 1.55454 2.02259
3.54288 1.5783 2.01602
3.52841 1.60803 2.02387
3.50781 1.64725 2.05424
3.4947 1.6735 2.03408
3.47127 1.71462 2.08869
3.45653 1.74189 2.06636
3.44837 1.75874 2.02214
3.44062 1.77313 2.0642
3.43033 1.79077 2.09921
3.41049 1.83011 2.03784
3.39543 1.85811 2.06416
3.37481 1.89871 2.04077
3.35204 1.94323 2.0436
3.32966 1.98299 2.08349
3.30335 2.02527 2.1273
3.27919 2.06434 2.12486
3.25873 2.10139 2.07525
3.23289 2.14385 2.11754
3.20897 2.18051 2.14885
3.17968 2.22062 2.20153
3.15155 2.25801 2.21577
3.12253 2.29397 2.24968
3.09128 2.33254 2.25185
3.06111 2.37086 2.23776
3.02998 2.40988 2.24423
3.00897 2.4341 2.28533
2.97899 2.47076 2.25621
2.95108 2.50521 2.25184
2.91937 2.54384 2.25801
2.88821 2.58294 2.24367
2.86054 2.61467 2.28795
2.83484 2.64757 2.23401
2.80597 2.68264 2.25948
2.77766 2.71805 2.24528
2.74459 2.75553 2.29364
2.71584 2.78893 2.28155
2.6923 2.81425 2.31986
2.66682 2.84111 2.33001
2.63255 2.87419 2.37376
2.5975 2.9098 2.34827
2.57406 2.9329 2.36359
2.54057 2.96648 2.35483
2.50601 3.00252 2.33514
2.47577 3.03468 2.32552
2.44003 3.06939 2.37091
2.40598 3.09824 2.43845
2.36786 3.13059 2.43805
2.3292 3.1623 2.45454
2.29238 3.19042 2.48939
2.25784 3.21685 2.48837
2.21877 3.24658 2.49113
2.19361 3.26451 2.52265
2.16019 3.28689 2.55142
2.12976 3.30689 2.56028
2.09117 3.3311 2.58121
2.04961 3.35755 2.57479
2.01276 3.38297 2.53782
1.9733 3.40908 2.55697
1.93153 3.43649 2.56093
1.88828 3.46158 2.61596
1.84878 3.48464 2.61313
1.80799 3.50735 2.63346
1.77337 3.52516 2.66662
1.73251 3.54314 2.727
1.68673 3.56157 2.75896
1.64735 3.57761 2.75479
1.60847 3.59466 2.72819
1.5631 3.61488 2.72239
1.53022 3.62713 2.78488
1.48846 3.64042 2.83346
1.44505 3.65729 2.77103
1.4098 3.66905 2.81951
1.36895 3.68257 2.82213
1.32433 3.69655 2.83792
1.29457 3.70586 2.83836
1.2482 3.72242 2.79854
1.21116 3.73543 2.80373
1.16629 3.74799 2.86872
1.11834 3.76217 2.85418
1.07027 3.77572 2.86676
1.02918 3.78788 2.85391
0.982735 3.7998 2.89027
0.934316 3.81187 2.8973
0.904059 3.8188 2.91645
0.855292 3.82957 2.92424
0.81865 3.83774 2.92236
0.771081 3.8494 2.90122
0.722776 3.86052 2.91527
0.674426 3.87253 2.89818
0.625473 3.88267 2.93729
0.576718 3.89239 2.94469
0.53451 3.89833 3.00197
0.487582 3.90417 3.01772
0.438852 3.91014 3.01967
0.389253 3.91463 3.05133
0.339371 3.91603 3.11346
0.289503 3.91963 3.06955
0.240551 3.92157 3.10195
0.191316 3.9259 3.054
0.142566 3.9297 3.06366
0.0927769 3.93268 3.08184
0.0429925 3.93678 3.05948
0.00596017 3.94142 3.01684
-0.0395748 3.94582 3.04534
-0.0841554 3.9482 3.08833
-0.133639 3.9482 3.14144
-0.172611 3.95001 3.09519
-0.212417 3.95249 3.07945
-0.2624 3.95272 3.13703
-0.310795 3.95086 3.18005
-0.352491 3.94828 -3.0798
-0.395767 3.94514 -3.06922
-0.444895 3.94217 -3.08124
-0.485286 3.93949 -3.07538
-0.535189 3.93673 -3.08624
-0.567916 3.93421 -3.06493
-0.613921 3.93069 -3.06519
-0.663239 3.92676 -3.06203
-0.702288 3.92153 -3.00845
-0.734908 3.91585 -2.96911
-0.777343 3.90787 -2.95588
-0.82169 3.89859 -2.93515
-0.868021 3.88961 -2.95016
-0.906779 3.88089 -2.92025
-0.952449 3.86975 -2.90248
-1.00003 3.85618 -2.86365
-1.04578 3.84266 -2.85439
-1.09278 3.8277 -2.83347
-1.13515 3.814 -2.82866
-1.18251 3.79805 -2.81689
-1.22233 3.78468 -2.81753
-1.2697 3.76874 -2.81708
-1.3172 3.75363 -2.83368
-1.36429 3.73686 -2.79941
-1.40176 3.72508 -2.83687
-1.44842 3.71126 -2.8537
-1.49389 3.69869 -2.87192
-1.54167 3.68413 -2.84567
-1.58572 3.67098 -2.85152
-1.6335 3.6564 -2.84548
-1.68133 3.64183 -2.84596
-1.7204 3.63049 -2.85916
-1.7608 3.61872 -2.85799
-1.80623 3.60494 -2.84705
-1.8461 3.59349 -2.86204
-1.8912 3.57965 -2.84377
-1.93833 3.5656 -2.85179
-1.97492 3.55435 -2.84333
-2.01927 3.54186 -2.86721
-2.05889 3.52762 -2.79649
-2.10098 3.51468 -2.84338
-2.14598 3.50083 -2.84297
-2.18772 3.4879 -2.84121
-2.22566 3.47537 -2.82268
-2.26892 3.46151 -2.83138
-2.29523 3.45352 -2.84699
-2.33144 3.44298 -2.85836
-2.37719 3.43031 -2.87142
-2.42335 3.41662 -2.85314
-2.46913 3.39841 -2.76319
-2.50781 3.38099 -2.7182
-2.55267 3.36147 -2.73117
-2.59278 3.3452 -2.75635
-2.62377 3.33314 -2.77049
-2.65904 3.31946 -2.77168
-2.68053 3.30998 -2.72599
-2.7214 3.29201 -2.72746
-2.75042 3.27842 -2.70334
-2.7711 3.26895 -2.71206
-2.78842 3.26097 -2.71038
-2.79782 3.25598 -2.6528
-2.80272 3.25349 -2.67175
-2.81846 3.24471 -2.63311
-2.82962 3.23875 -2.65072
-2.84362 3.23127 -2.65083
-2.88261 3.21043 -2.65079
-2.90648 3.1978 -2.65486
-2.93626 3.18248 -2.66642
-2.96074 3.16976 -2.66254
-2.98897 3.1561 -2.69082
-3.01878 3.14202 -2.70041
-3.04205 3.13174 -2.72541
-3.08627 3.11248 -2.73086
-3.12833 3.09249 -2.69783
-3.16763 3.07367 -2.69501
-3.19837 3.05753 -2.65833
-3.22775 3.04287 -2.6787
-3.25131 3.03075 -2.6664
-3.27073 3.02081 -2.66881
-3.28578 3.01358 -2.69313
-3.3033 3.00553 -2.71126
-3.31145 3.00176 -2.70784
-3.32988 2.99298 -2.69701
-3.34734 2.98378 -2.6568
-3.37678 2.97003 -2.70475
-3.39771 2.95932 -2.66837
-3.4112 2.95291 -2.69795
-3.426 2.94585 -2.69632
-3.44782 2.93513 -2.6853
-3.46414 2.92688 -2.6733
-3.49002 2.9134 -2.66135
-3.50881 2.90218 -2.6031
-3.53972 2.88311 -2.58899
-3.57633 2.85996 -2.57764
-3.6115 2.83891 -2.60236
-3.62775 2.82888 -2.58852
-3.64837 2.81695 -2.61705
-3.6691 2.80548 -2.63614
-3.69669 2.79101 -2.65865
-3.72584 2.77508 -2.64126
-3.76432 2.75373 -2.63508
-3.8032 2.73167 -2.62567
-3.83968 2.71126 -2.63134
-3.86408 2.69765 -2.63277
-3.88549 2.68495 -2.60644
-3.90791 2.67289 -2.64792
-3.91439 2.6694 -2.64737
-3.93701 2.65694 -2.6382
-3.94421 2.65318 -2.6603
-3.95405 2.64769 -2.63265
-3.97687 2.6348 -2.62735
-3.99232 2.62562 -2.60554
-3.99921 2.62191 -2.64835
-4.00954 2.61603 -2.62368
-4.02505 2.60792 -2.65965
-4.0428 2.5987 -2.66265
-4.05924 2.59016 -2.66241
-4.06656 2.58621 -2.64664
-4.07579 2.58126 -2.64936
-4.09338 2.57166 -2.64211
-4.10476 2.566 -2.6803
-4.11496 2.56132 -2.71139
-4.11542 2.56112 -2.72079
-4.12485 2.5574 -2.76646
-4.13793 2.55304 -2.81934
-4.14798 2.54961 -2.81289
-4.15801 2.54644 -2.83589
-4.1677 2.54373 -2.86841
-4.17095 2.54281 -2.86758
-4.1797 2.54089 -2.92492
-4.18664 2.53957 -2.95459
-4.19574 2.53779 -2.94799
-4.19303 2.53828 -2.96061
-4.19286 2.53831 -2.97057
-4.19584 2.53791 -3.00573
-4.19501 2.538 -3.0265
-4.19272 2.53821 -3.05335
-4.19859 2.53795 -3.09824
-4.20564 2.53749 -3.07582
-4.20858 2.53731 -3.08277
True
0.187705
