-5.47063 1.10432 0.018644
-5.43462 1.10456 0.00670082
-5.38908 1.10456 2.00109e-05
-5.34305 1.10518 0.0135771
-5.29311 1.10419 -0.0199194
-5.24359 1.10302 -0.0235186
-5.19734 1.09986 -0.0682995
-5.15487 1.09766 -0.0517409
-5.10542 1.09695 -0.0144579
-5.05797 1.0956 -0.0284415
-5.00814 1.0921 -0.070041
-4.95979 1.08809 -0.0827227
-4.91537 1.08461 -0.0782235
-4.86813 1.07827 -0.133477
-4.81821 1.07563 -0.0526877
-4.77095 1.07184 -0.080089
-4.72232 1.06923 -0.0537382
-4.67233 1.0691 -0.00253278
-4.62253 1.07072 0.0324447
-4.5833 1.07034 -0.00958455
-4.53333 1.0697 -0.0128051
-4.49094 1.06926 -0.0103102
-4.44636 1.06906 -0.00459372
-4.39686 1.06499 -0.0819644
-4.34765 1.06338 -0.0326757
-4.30282 1.06081 -0.0572345
-4.27716 1.05981 -0.0389514
-4.23268 1.0574 -0.0541873
-4.18419 1.05478 -0.0539078
-4.13661 1.05061 -0.0875471
-4.0871 1.04677 -0.0774408
-4.04024 1.0425 -0.0908087
-3.99701 1.03668 -0.133847
-3.94726 1.03196 -0.094653
-3.89956 1.0274 -0.0953157
-3.85323 1.02188 -0.118579
-3.8054 1.01586 -0.125062
-3.75589 1.01052 -0.107473
-3.70647 1.00371 -0.136863
-3.66534 0.999 -0.114128
-3.617 0.995003 -0.0825036
-3.57568 0.990403 -0.110842
-3.52881 0.983686 -0.142347
-3.48059 0.977323 -0.131224
-3.43343 0.97162 -0.120347
-3.38446 0.965368 -0.126983
-3.33608 0.958115 -0.148797
-3.3043 0.953388 -0.147662
-3.25754 0.948262 -0.109178
-3.20978 0.943317 -0.103197
-3.17395 0.940105 -0.0893934
-3.12425 0.937226 -0.0578604
-3.076 0.93335 -0.0801588
-3.0265 0.927298 -0.121666
-2.99237 0.922789 -0.131329
-2.9429 0.917142 -0.113668
-2.90416 0.912431 -0.121021
-2.85442 0.908581 -0.0772515
-2.80593 0.905603 -0.0613312
-2.75596 0.905386 -0.00433497
-2.72669 0.903645 -0.0594199
-2.67917 0.90199 -0.0347996
-2.63253 0.899855 -0.0457489
-2.58846 0.896521 -0.0754995
-2.54209 0.894882 -0.0353452
-2.49325 0.892579 -0.0471281
-2.44382 0.887433 -0.103722
-2.3964 0.883014 -0.0929133
-2.34722 0.878461 -0.0923125
-2.30187 0.875117 -0.0735934
-2.25193 0.873761 -0.0271517
-2.20829 0.870224 -0.0808683
-2.15962 0.865096 -0.104969
-2.12126 0.861997 -0.080639
-2.07406 0.859645 -0.0497862
-2.02997 0.85597 -0.0831531
-1.98036 0.85295 -0.0607871
-1.93364 0.850662 -0.0489513
-1.88367 0.849239 -0.0284611
-1.83785 0.848666 -0.012496
-1.79072 0.848234 -0.00917648
-1.74323 0.849477 0.0261641
-1.69527 0.846721 -0.057386
-1.6465 0.847342 0.0127187
-1.5965 0.847571 0.00458728
-1.54774 0.84722 -0.00719617
-1.4995 0.848197 0.0202419
-1.45136 0.846759 -0.0298671
-1.4098 0.845087 -0.0402036
-1.36908 0.843538 -0.0380334
-1.32385 0.842865 -0.0148704
-1.2812 0.842647 -0.00511771
-1.24097 0.841879 -0.0190778
-1.19109 0.84373 0.0370867
-1.14463 0.84314 -0.0126906
-1.11208 0.8426 -0.0165946
-1.06537 0.840194 -0.0514706
-1.01755 0.838941 -0.0261862
-0.968534 0.839182 0.00491713
-0.919702 0.837859 -0.0270981
-0.869752 0.835904 -0.0391114
-0.822227 0.836002 0.00206423
-0.772253 0.835609 -0.00786366
-0.723475 0.834829 -0.0159878
-0.674602 0.83391 -0.0188165
-0.631083 0.831414 -0.0572815
-0.581394 0.828984 -0.048863
-0.532249 0.826619 -0.0480951
-0.482517 0.825316 -0.0261981
-0.435641 0.824831 -0.0103472
-0.387428 0.826704 0.0388437
-0.337492 0.82918 0.0495283
-0.288925 0.831289 0.0434159
-0.239125 0.835642 0.0871849
-0.202684 0.839128 0.0953574
-0.15989 0.843029 0.0909167
-0.112448 0.846236 0.0674833
-0.0656983 0.849142 0.062092
-0.0177289 0.851986 0.0592168
0.0286684 0.85464 0.0571406
0.0698281 0.856897 0.0547832
0.119404 0.859029 0.042965
0.169396 0.859692 0.0132582
0.217334 0.858521 -0.0244155
0.258018 0.858433 -0.00215662
0.303593 0.858843 0.00899577
0.35333 0.856715 -0.042758
0.400024 0.855154 -0.0334336
0.444195 0.855995 0.0190546
0.486413 0.857723 0.0409133
0.53508 0.857744 0.000423335
0.583835 0.855136 -0.0534421
0.633117 0.853663 -0.0298898
0.676997 0.85388 0.00496587
0.72655 0.855206 0.026744
0.772473 0.854769 -0.00950656
0.81744 0.854667 -0.00227782
0.864866 0.856278 0.0339573
0.913862 0.85818 0.0388037
0.960318 0.859878 0.0365384
1.00689 0.861437 0.0334664
1.04852 0.863238 0.0432176
1.08988 0.865595 0.0569289
1.1397 0.869186 0.0719612
1.17432 0.873375 0.120395
1.22387 0.88007 0.134318
1.26882 0.885489 0.119959
1.31445 0.887878 0.0523217
1.36429 0.89033 0.0491542
1.41416 0.893755 0.0685838
1.45867 0.895506 0.0393051
1.50333 0.898882 0.075449
1.55132 0.901659 0.0578049
1.60094 0.90113 -0.0106542
1.64072 0.900689 -0.0110746
1.69067 0.899415 -0.0255149
1.73214 0.898639 -0.0187004
1.78211 0.897106 -0.0306615
1.83098 0.895163 -0.0397557
1.86778 0.8949 -0.00714017
1.9018 0.894138 -0.0223885
1.95064 0.892484 -0.0338677
1.99873 0.892644 0.00333256
2.04266 0.89187 -0.0176123
2.08525 0.891563 -0.00721399
2.13203 0.892261 0.0149268
2.17376 0.892299 0.000919508
2.22226 0.89132 -0.0201905
2.26755 0.888967 -0.0519133
2.31546 0.887736 -0.0256768
2.36326 0.887464 -0.00570321
2.3995 0.884914 -0.0702403
2.44823 0.882116 -0.0573528
2.49629 0.880397 -0.0357662
2.54459 0.880506 0.00227356
2.58772 0.880679 0.00400046
2.63767 0.882818 0.0427974
2.68622 0.886266 0.0709035
2.7362 0.885691 -0.0115047
2.77862 0.886412 0.0169936
2.82694 0.886528 0.00239563
2.87691 0.887 0.00945396
2.91814 0.887828 0.020077
2.96807 0.8865 -0.0266036
3.01717 0.88421 -0.0465983
3.06593 0.881813 -0.0491354
3.10582 0.880401 -0.0353822
3.1539 0.879156 -0.0258857
3.20084 0.879302 0.00312181
3.24998 0.878806 -0.010095
3.28805 0.879287 0.0126255
3.33158 0.879351 0.00147789
3.37886 0.879231 -0.00255226
3.42232 0.879283 0.00119787
3.47222 0.881126 0.0369289
3.50575 0.881889 0.0227302
3.53313 0.882411 0.0190631
3.54794 0.882334 -0.00514373
3.56848 0.882028 -0.0149034
3.59275 0.881375 -0.0268941
3.61283 0.88146 0.00420287
3.63013 0.881898 0.0253017
3.65537 0.881983 0.00336599
3.67877 0.882225 0.0103552
3.69171 0.882161 -0.00493058
3.71022 0.882615 0.0245191
3.74162 0.882281 -0.0106409
3.77298 0.883362 0.0344597
3.81646 0.883853 0.0112888
3.84731 0.883597 -0.00828788
3.87567 0.883232 -0.0128795
3.90278 0.881314 -0.0706299
3.91481 0.88059 -0.0600623
3.95112 0.880008 -0.0160425
3.98039 0.881463 0.0496761
4.01633 0.884918 0.0958204
4.05626 0.887523 0.0651602
4.07284 0.888382 0.0517254
4.08526 0.88924 0.0689891
4.10808 0.891537 0.100336
4.13445 0.894251 0.102547
4.16736 0.897813 0.107832
4.20692 0.90214 0.10893
4.2441 0.906015 0.103847
4.26834 0.908525 0.103156
4.29442 0.910656 0.081549
4.32135 0.914941 0.157743
4.34015 0.918858 0.205515
4.3755 0.924566 0.160086
4.39419 0.927518 0.156608
4.40351 0.928891 0.146279
4.41284 0.930402 0.160527
4.42228 0.931647 0.131188
4.43599 0.932564 0.0667456
4.45916 0.933392 0.0357391
4.47238 0.933664 0.0205777
4.48576 0.933848 0.0137236
4.5069 0.934459 0.0289277
4.52626 0.935324 0.0446281
4.54927 0.937024 0.0737443
4.58704 0.938573 0.0409895
4.61755 0.940228 0.0541789
4.66213 0.942974 0.0615247
4.69395 0.943825 0.0267574
4.71712 0.944401 0.0248297
4.74204 0.944857 0.018309
4.75401 0.945364 0.0423267
4.77528 0.945493 0.00608899
4.79076 0.945359 -0.0087024
4.80768 0.944023 -0.0787705
4.81204 0.943516 -0.115832
4.82612 0.941646 -0.132
4.85145 0.937722 -0.153671
4.86093 0.936482 -0.130243
4.88182 0.933794 -0.127945
4.90311 0.931099 -0.125863
4.93597 0.925944 -0.155655
4.95227 0.923262 -0.163051
4.96931 0.920999 -0.132025
4.97789 0.919709 -0.149094
4.98238 0.919058 -0.14434
4.99059 0.917729 -0.160367
4.99786 0.916552 -0.160601
5.00546 0.915102 -0.18848
5.00616 0.914957 -0.205724
5.01739 0.912569 -0.209333
5.02422 0.911072 -0.215846
5.04201 0.906669 -0.242661
5.05572 0.903295 -0.241432
5.07606 0.898383 -0.236916
5.09496 0.893863 -0.234719
5.09931 0.893007 -0.194531
5.10742 0.891732 -0.155759
5.11095 0.891355 -0.106258
5.11973 0.890809 -0.0621917
5.13558 0.889448 -0.0856237
5.16064 0.887536 -0.0761762
5.18587 0.885553 -0.078413
5.20256 0.884676 -0.0525137
5.22261 0.885274 0.0298248
5.24258 0.885915 0.0320681
True
0.0660056
