-5.48074 -0.219969 0.157384
-5.43829 -0.213253 0.156928
-5.40803 -0.209644 0.118683
-5.36005 -0.203269 0.132093
-5.31446 -0.195472 0.169401
-5.26542 -0.185783 0.19506
-5.2179 -0.177908 0.164219
-5.16951 -0.170322 0.155535
-5.12086 -0.161715 0.175073
-5.07411 -0.154875 0.145291
-5.02783 -0.146797 0.172787
-4.99155 -0.141933 0.133275
-4.9492 -0.136381 0.130366
-4.91315 -0.130643 0.15782
-4.86374 -0.123929 0.13509
-4.81505 -0.117841 0.124372
-4.76575 -0.109854 0.160611
-4.71656 -0.101382 0.170554
-4.66925 -0.0921949 0.191815
-4.62021 -0.0827964 0.18936
-4.57395 -0.0731718 0.205116
-4.52581 -0.0635276 0.197714
-4.47939 -0.0558424 0.164057
-4.43484 -0.0479192 0.176022
-4.38629 -0.0388927 0.183814
-4.33859 -0.0285249 0.214021
-4.29008 -0.0164046 0.244881
-4.2427 -0.00540279 0.228116
-4.19694 0.0057514 0.239102
-4.14888 0.0179333 0.248237
-4.10951 0.025966 0.201278
-4.06179 0.0374406 0.235973
-4.01557 0.0449902 0.161932
-3.96601 0.0515508 0.131614
-3.91618 0.0556192 0.0814635
-3.87534 0.0592075 0.0876299
-3.83294 0.0631564 0.0928774
-3.78563 0.065877 0.0574412
-3.7399 0.0669886 0.0243011
-3.69807 0.069577 0.0618016
-3.65412 0.0733245 0.0850659
-3.60516 0.0775998 0.0871003
-3.55762 0.0819655 0.0915586
-3.52043 0.084305 0.0628387
-3.47061 0.0868614 0.05126
-3.42087 0.0909307 0.081632
-3.37956 0.0940619 0.0756639
-3.33742 0.0972245 0.0749033
-3.2887 0.0998793 0.054433
-3.23946 0.103645 0.0763383
-3.19052 0.108676 0.102449
-3.14915 0.112188 0.0846734
-3.10135 0.115043 0.0596668
-3.0562 0.119364 0.0953945
-3.0065 0.124347 0.099926
-2.96182 0.12754 0.0713401
-2.91231 0.133101 0.111861
-2.86504 0.138425 0.112146
-2.81692 0.146426 0.164754
-2.77244 0.154041 0.169593
-2.72875 0.161729 0.174168
-2.68165 0.171513 0.204813
-2.63455 0.17883 0.154123
-2.58591 0.187307 0.17253
-2.54562 0.195236 0.194335
-2.49719 0.205914 0.217003
-2.44769 0.212986 0.141924
-2.39795 0.218037 0.101192
-2.35115 0.22448 0.136817
-2.32158 0.227966 0.117337
-2.28286 0.232688 0.121374
-2.23587 0.240606 0.166939
-2.1862 0.245746 0.103108
-2.13641 0.25014 0.0880271
-2.08675 0.255784 0.113153
-2.04267 0.262343 0.147728
-1.99372 0.270735 0.169785
-1.9466 0.280178 0.197764
-1.90293 0.287745 0.171564
-1.86602 0.295399 0.204501
-1.8175 0.307403 0.242537
-1.76995 0.31836 0.226469
-1.72535 0.326298 0.176141
-1.6891 0.332224 0.162071
-1.64299 0.340408 0.17562
-1.60061 0.348897 0.197711
-1.55181 0.358502 0.194335
-1.50594 0.368692 0.218626
-1.45995 0.377379 0.186653
-1.42183 0.384634 0.188063
-1.38466 0.391843 0.191587
-1.34407 0.398875 0.171544
-1.30065 0.40706 0.186346
-1.25246 0.416913 0.201675
-1.21692 0.424546 0.211544
-1.16893 0.432874 0.171813
-1.12099 0.442683 0.20183
-1.07356 0.451942 0.192799
-1.02714 0.45982 0.168097
-0.982987 0.467347 0.168868
-0.936043 0.476926 0.201272
-0.890652 0.486006 0.197449
-0.842633 0.495228 0.189735
-0.803649 0.505142 0.24902
-0.755782 0.514828 0.199667
-0.707906 0.525256 0.214454
-0.658902 0.53431 0.182704
-0.615018 0.542969 0.194817
-0.57007 0.550734 0.171056
-0.522025 0.560063 0.191784
-0.473045 0.568631 0.173182
-0.430862 0.574918 0.147957
-0.381182 0.580458 0.111056
-0.331503 0.583181 0.0547538
-0.285766 0.585677 0.0545104
-0.235966 0.589976 0.0861108
-0.186343 0.59593 0.119414
-0.136951 0.599769 0.0775861
-0.0919044 0.604402 0.102486
-0.0449721 0.610746 0.134347
0.0034466 0.616868 0.125773
0.0532766 0.620591 0.0745819
0.102933 0.626137 0.111223
0.150434 0.630875 0.0994175
0.18941 0.634545 0.0938752
0.238905 0.640986 0.129417
0.285385 0.644954 0.085149
0.334293 0.649873 0.100242
0.381605 0.6544 0.0954071
0.42931 0.660728 0.131874
0.47916 0.664485 0.0752125
0.523523 0.668939 0.10008
0.56328 0.673405 0.111855
0.613004 0.678623 0.104553
0.66165 0.684352 0.117228
0.707765 0.691636 0.156653
0.743544 0.696558 0.136726
0.788532 0.704711 0.179281
0.826674 0.710111 0.140633
0.874652 0.719467 0.192585
0.919417 0.724844 0.119539
0.961767 0.731784 0.162443
1.01105 0.739376 0.152841
1.05971 0.750045 0.215845
1.09896 0.757274 0.182165
1.13738 0.764684 0.190505
1.18545 0.772681 0.164861
1.23286 0.779075 0.134039
1.27883 0.785802 0.145292
1.32811 0.790221 0.0894328
1.3774 0.794831 0.0932707
1.42323 0.800785 0.129195
1.46985 0.806121 0.11397
1.51654 0.813948 0.166066
1.56611 0.820433 0.130084
1.60371 0.826608 0.16279
1.65012 0.835271 0.18456
1.69854 0.845594 0.210028
1.74234 0.854153 0.192997
1.7776 0.860237 0.170852
1.82629 0.869107 0.18019
1.87205 0.876967 0.170118
1.92087 0.884491 0.1529
1.97041 0.88965 0.103761
2.01613 0.895942 0.136778
2.06596 0.899839 0.0780473
2.11581 0.902087 0.0450655
2.16551 0.905011 0.0587704
2.21359 0.909346 0.0899175
2.25596 0.9146 0.123358
2.30528 0.921811 0.145169
2.35431 0.928975 0.14509
2.39651 0.935213 0.146765
2.44293 0.941563 0.135966
2.49218 0.947059 0.111127
2.54064 0.954296 0.14824
2.589 0.959137 0.0997625
2.63276 0.964294 0.11732
2.68091 0.969949 0.116922
2.7189 0.974218 0.111898
2.76821 0.980366 0.124029
2.80938 0.982227 0.0451628
2.84912 0.984199 0.0495883
2.89023 0.987732 0.0857283
2.93896 0.992744 0.102507
2.98103 0.997948 0.123077
3.02006 1.00367 0.14546
3.06861 1.01277 0.185341
3.11761 1.02151 0.176472
3.16532 1.0292 0.159856
3.20679 1.03587 0.159513
3.24333 1.04191 0.163752
3.28234 1.04795 0.153746
3.32711 1.0548 0.151677
3.3744 1.06003 0.110208
3.41832 1.06778 0.174744
3.46261 1.0746 0.152592
3.51032 1.08488 0.212403
3.55082 1.09462 0.235851
3.5854 1.10255 0.225591
3.61829 1.11047 0.236376
3.65763 1.11854 0.202343
3.69948 1.12779 0.217486
3.73353 1.13485 0.204282
3.76842 1.14215 0.206218
3.80339 1.15019 0.225968
3.84467 1.15969 0.22638
3.88274 1.16856 0.228728
3.92615 1.17935 0.243595
3.96151 1.18893 0.264743
4.00181 1.2002 0.272722
4.03032 1.20837 0.279062
4.0766 1.22148 0.276029
4.10119 1.22856 0.280173
4.14194 1.24069 0.289455
4.17845 1.25143 0.286101
4.2137 1.26235 0.3004
4.24969 1.272 0.261933
4.28146 1.28029 0.255055
4.3178 1.29037 0.270675
4.34226 1.29588 0.221689
4.37175 1.30272 0.227929
4.39353 1.30787 0.232154
4.41607 1.31272 0.211795
4.42596 1.31526 0.251343
4.4394 1.31929 0.291172
4.4624 1.32669 0.311554
4.47633 1.33122 0.313881
4.49326 1.33676 0.316708
4.51677 1.34443 0.3152
4.53314 1.34947 0.298501
4.54921 1.35383 0.265147
4.56571 1.35746 0.216721
4.5758 1.35994 0.240878
4.59278 1.36355 0.209587
4.60617 1.36663 0.226014
4.61807 1.36875 0.175869
4.64329 1.37407 0.207982
4.67488 1.38043 0.198587
4.69162 1.38328 0.168682
4.71233 1.38611 0.136058
4.73066 1.38867 0.138879
4.76444 1.39256 0.114481
4.78367 1.39511 0.132061
4.79539 1.39705 0.163994
4.81354 1.39999 0.160477
4.83797 1.4033 0.134829
4.85582 1.40564 0.130339
4.87437 1.40757 0.103513
4.90753 1.41218 0.138072
4.9216 1.41416 0.139766
4.94834 1.41865 0.166504
4.9659 1.42168 0.170679
4.9884 1.42553 0.16958
4.99643 1.42668 0.142513
5.00514 1.42841 0.195313
5.02394 1.43227 0.202802
5.05353 1.43769 0.181156
5.06865 1.43965 0.12869
5.10036 1.44332 0.115132
5.10974 1.44432 0.106602
5.11076 1.44442 0.0995332
5.12714 1.44565 0.0746699
5.1464 1.44666 0.0524439
5.14854 1.44674 0.0405431
5.15604 1.44735 0.0805019
5.1691 1.44818 0.063838
5.18737 1.44959 0.0766751
5.19953 1.45043 0.0689594
5.20457 1.45088 0.0893032
5.21189 1.45149 0.0833187
True
0.0674512
