-5.47971 0.801619 -0.200104
-5.43204 0.790311 -0.232868
-5.39669 0.780048 -0.28257
-5.35056 0.769442 -0.226005
-5.30254 0.759813 -0.197901
-5.25785 0.7511 -0.192549
-5.21383 0.741217 -0.220837
-5.16721 0.732193 -0.191217
-5.13243 0.724214 -0.225483
-5.08364 0.714014 -0.206086
-5.05579 0.709356 -0.165741
-5.00826 0.701718 -0.159335
-4.96459 0.695973 -0.130812
-4.92698 0.689913 -0.159752
-4.88055 0.684293 -0.120435
-4.83148 0.677628 -0.135005
-4.78181 0.672915 -0.0945947
-4.73432 0.668455 -0.0936648
-4.68943 0.662716 -0.127134
-4.64604 0.655719 -0.159872
-4.59667 0.648284 -0.149479
-4.54741 0.641503 -0.136807
-4.49804 0.633956 -0.15168
-4.45737 0.627567 -0.155857
-4.40968 0.620179 -0.153685
-4.36116 0.610637 -0.194184
-4.31251 0.599412 -0.226751
-4.26633 0.589044 -0.220844
-4.21752 0.57833 -0.216085
-4.1778 0.570529 -0.193947
-4.13249 0.564273 -0.137195
-4.09145 0.557282 -0.168735
-4.04298 0.548472 -0.17979
-3.99426 0.538741 -0.19713
-3.95605 0.529056 -0.248238
-3.91068 0.518428 -0.230121
-3.86253 0.509925 -0.174785
-3.8133 0.501215 -0.17508
-3.76821 0.49506 -0.135699
-3.71914 0.486974 -0.163296
-3.67203 0.479288 -0.161724
-3.62929 0.472634 -0.154447
-3.58561 0.46608 -0.148966
-3.53866 0.459141 -0.146716
-3.49443 0.45221 -0.155464
-3.44466 0.447487 -0.0946002
-3.4009 0.442547 -0.11241
-3.35152 0.4367 -0.117857
-3.30348 0.429704 -0.144604
-3.25385 0.423628 -0.121824
-3.21407 0.419745 -0.0973145
-3.16541 0.416569 -0.0651618
-3.11671 0.414127 -0.050104
-3.06802 0.411566 -0.0525473
-3.0205 0.409639 -0.0405325
-2.97343 0.407651 -0.0422046
-2.92405 0.404727 -0.0591543
-2.87604 0.402874 -0.0385836
-2.82861 0.400234 -0.0556019
-2.78364 0.398281 -0.0434002
-2.73507 0.395934 -0.0482861
-2.68668 0.394862 -0.0221397
-2.63791 0.392791 -0.0424478
-2.606 0.390462 -0.0728546
-2.55645 0.388037 -0.0488844
-2.51193 0.383995 -0.0905532
-2.46281 0.37908 -0.0997498
-2.41341 0.372333 -0.135737
-2.36434 0.365706 -0.134223
-2.31495 0.360352 -0.107986
-2.26775 0.355889 -0.0942577
-2.23038 0.351003 -0.130026
-2.19052 0.345872 -0.12804
-2.14108 0.339362 -0.130896
-2.09166 0.33306 -0.126858
-2.0419 0.328397 -0.0934175
-1.99321 0.322153 -0.12756
-1.94396 0.315253 -0.139192
-1.90474 0.308773 -0.163746
-1.85689 0.301822 -0.144245
-1.82174 0.296575 -0.148217
-1.77234 0.289083 -0.150503
-1.72636 0.283205 -0.127127
-1.68161 0.278327 -0.108608
-1.63526 0.274121 -0.0904754
-1.59646 0.270276 -0.0987875
-1.54689 0.264041 -0.125127
-1.49757 0.256854 -0.144697
-1.45322 0.250221 -0.148437
-1.40356 0.244865 -0.107439
-1.35804 0.23805 -0.148619
-1.31036 0.231595 -0.134585
-1.26308 0.222387 -0.192339
-1.22034 0.216026 -0.147726
-1.17058 0.211198 -0.0967423
-1.12311 0.20577 -0.113837
-1.07422 0.202253 -0.071828
-1.02628 0.199117 -0.0653035
-0.976325 0.197198 -0.0383914
-0.933179 0.195107 -0.048431
-0.884801 0.194379 -0.0150575
-0.83877 0.194601 0.00483002
-0.788863 0.193164 -0.0287928
-0.739265 0.190071 -0.062276
-0.693675 0.186752 -0.0726734
-0.648696 0.1834 -0.0743821
-0.602218 0.179415 -0.0855354
-0.552525 0.173949 -0.109557
-0.505245 0.168034 -0.124456
-0.455828 0.160794 -0.145476
-0.408602 0.154407 -0.134428
-0.385016 0.150518 -0.163415
-0.335806 0.141756 -0.176209
-0.296153 0.135193 -0.164008
-0.247164 0.126174 -0.18208
-0.197887 0.118857 -0.147404
-0.150997 0.112859 -0.127212
-0.101673 0.105558 -0.146962
-0.0519825 0.102144 -0.068599
-0.00220747 0.0974988 -0.0930539
0.0430299 0.092614 -0.107564
0.08948 0.0869282 -0.121801
0.137851 0.0808066 -0.125885
0.186228 0.0744362 -0.13093
0.233218 0.0683282 -0.12926
0.280486 0.0605368 -0.163367
0.329384 0.0507545 -0.197449
0.376854 0.0406627 -0.209472
0.423742 0.0309096 -0.205085
0.472659 0.0214692 -0.190644
0.517402 0.0118704 -0.211328
0.558515 0.00321175 -0.207574
0.60782 -0.00449279 -0.155009
0.656869 -0.0128032 -0.167838
0.706285 -0.0190294 -0.125336
0.750198 -0.0241804 -0.116767
0.793568 -0.0293375 -0.118349
0.821459 -0.0321142 -0.0992309
0.866342 -0.0384322 -0.139846
0.915808 -0.0453407 -0.138765
0.965207 -0.0518076 -0.130172
1.01417 -0.0573178 -0.112072
1.06348 -0.0655565 -0.165532
1.11206 -0.0756553 -0.204954
1.15665 -0.0827661 -0.15814
1.20574 -0.0910682 -0.16754
1.25372 -0.0982841 -0.149288
1.30041 -0.105107 -0.145105
1.34721 -0.110715 -0.119257
1.38557 -0.115852 -0.133122
1.43493 -0.122531 -0.134501
1.48222 -0.129583 -0.148029
1.53172 -0.136156 -0.132019
1.57885 -0.144408 -0.173332
1.62779 -0.154283 -0.199079
1.67625 -0.16392 -0.196309
1.7244 -0.177411 -0.273212
1.7714 -0.191218 -0.285686
1.81976 -0.203742 -0.253455
1.86781 -0.215526 -0.240474
1.91197 -0.224521 -0.200935
1.96031 -0.235127 -0.216005
2.00887 -0.246994 -0.239658
2.05683 -0.261113 -0.286276
2.09975 -0.274225 -0.29654
2.13715 -0.284455 -0.267014
2.18405 -0.298225 -0.285533
2.22921 -0.311336 -0.282583
2.27681 -0.326522 -0.308806
2.32475 -0.340686 -0.287298
2.37277 -0.353593 -0.262557
2.41615 -0.364922 -0.255479
2.46471 -0.373623 -0.177281
2.50774 -0.383033 -0.215307
2.55464 -0.393492 -0.219434
2.59563 -0.401392 -0.19039
2.63424 -0.408783 -0.189148
2.68205 -0.418183 -0.194103
2.73018 -0.428455 -0.210273
2.77887 -0.43863 -0.206054
2.82804 -0.447522 -0.178891
2.87124 -0.455897 -0.191499
2.91238 -0.462562 -0.160594
2.96064 -0.472534 -0.203746
3.00457 -0.48073 -0.184483
3.05019 -0.490721 -0.215581
3.09398 -0.499109 -0.189283
3.13327 -0.507137 -0.201527
3.1767 -0.513811 -0.152473
3.21526 -0.521313 -0.192179
3.26218 -0.529771 -0.178318
3.30468 -0.537762 -0.185871
3.35141 -0.546124 -0.17708
3.38629 -0.552867 -0.190947
3.4234 -0.559833 -0.185583
3.47044 -0.56939 -0.200445
3.51705 -0.578593 -0.194917
3.56452 -0.587534 -0.186176
3.61201 -0.597106 -0.198862
3.65504 -0.606644 -0.218183
3.69955 -0.616392 -0.215589
3.74037 -0.626601 -0.245074
3.77228 -0.633872 -0.224004
3.79992 -0.640514 -0.235847
3.84452 -0.652513 -0.26279
3.88574 -0.663839 -0.26821
3.91483 -0.670499 -0.224982
3.9489 -0.678093 -0.219319
3.97047 -0.68264 -0.207802
3.98206 -0.685185 -0.216244
3.9972 -0.688484 -0.21441
4.02502 -0.694551 -0.214744
4.05346 -0.700845 -0.217809
4.08162 -0.706223 -0.188696
4.09901 -0.708681 -0.140412
4.11338 -0.711215 -0.17457
4.14447 -0.716112 -0.156244
4.17707 -0.721562 -0.165632
4.19887 -0.725629 -0.184431
4.23336 -0.731258 -0.161766
4.27089 -0.738988 -0.20315
4.31577 -0.747621 -0.190045
4.3382 -0.752071 -0.195775
4.36419 -0.757593 -0.209388
4.39298 -0.763486 -0.20187
4.43922 -0.773684 -0.217112
4.47771 -0.780636 -0.178688
4.50923 -0.786849 -0.19459
4.54492 -0.793366 -0.180621
4.5754 -0.798082 -0.153505
4.60347 -0.802529 -0.157137
4.63159 -0.806356 -0.135253
4.67463 -0.811326 -0.11498
4.72072 -0.816687 -0.115778
4.76094 -0.820124 -0.0852383
4.79185 -0.824492 -0.140379
4.80639 -0.82656 -0.141353
4.83916 -0.831154 -0.139297
4.84936 -0.832292 -0.111136
4.86872 -0.834468 -0.111896
4.88323 -0.835982 -0.104012
4.89267 -0.837403 -0.149323
4.9222 -0.842022 -0.155143
4.93932 -0.844513 -0.144493
4.96643 -0.848737 -0.15457
4.98343 -0.850784 -0.119848
4.99525 -0.852356 -0.132195
4.99388 -0.852127 -0.165507
4.9991 -0.85314 -0.191718
5.01017 -0.855423 -0.203454
5.01082 -0.855574 -0.225392
5.01639 -0.856707 -0.200606
5.02723 -0.859546 -0.256165
5.04538 -0.864121 -0.246946
5.04789 -0.864819 -0.271396
5.05084 -0.865809 -0.324193
5.06039 -0.868986 -0.321016
5.0702 -0.872472 -0.341385
5.08947 -0.878797 -0.3172
5.10257 -0.882414 -0.269359
5.1173 -0.886652 -0.280108
5.12413 -0.888653 -0.285284
5.13626 -0.893025 -0.345881
5.15503 -0.900062 -0.3586
5.16437 -0.903666 -0.368214
5.16773 -0.904861 -0.341839
5.17711 -0.90754 -0.278342
5.19156 -0.911391 -0.260374
5.20073 -0.914304 -0.307652
5.20783 -0.917219 -0.389353
5.21201 -0.918967 -0.396913
True
0.280279
