4.47642 -0.00445922 -2.95468
4.45877 -0.00871909 -2.90473
4.44191 -0.0151303 -2.77829
4.42489 -0.023132 -2.70215
4.38478 -0.0440191 -2.66146
4.34544 -0.0704868 -2.54934
4.30517 -0.0975172 -2.55053
4.27218 -0.122568 -2.49211
4.23748 -0.154207 -2.40227
4.20263 -0.18872 -2.36101
4.17014 -0.225279 -2.29734
4.14457 -0.255631 -2.27099
4.11405 -0.295211 -2.22755
4.09216 -0.327811 -2.16222
4.06621 -0.370539 -2.11659
4.04278 -0.411264 -2.09277
4.02243 -0.45088 -2.04544
4.00305 -0.494203 -1.99138
3.98721 -0.533151 -1.95707
3.97183 -0.580095 -1.88737
3.95548 -0.624899 -1.92074
3.94011 -0.672479 -1.88319
3.9318 -0.694594 -1.93047
3.91717 -0.739907 -1.88304
3.9019 -0.787458 -1.88159
3.89063 -0.836134 -1.79827
3.88209 -0.872756 -1.80001
3.87215 -0.912863 -1.81375
3.86292 -0.947773 -1.82928
3.85454 -0.976529 -1.85414
3.84419 -1.01494 -1.83407
3.8301 -1.06279 -1.85719
3.82009 -1.09386 -1.88243
3.80452 -1.14034 -1.89398
3.78809 -1.18058 -1.95844
3.77054 -1.22682 -1.93357
3.75399 -1.26556 -1.97465
3.73662 -1.3124 -1.92577
3.71831 -1.35849 -1.94894
3.70263 -1.39825 -1.94641
3.68698 -1.44143 -1.91864
3.66728 -1.48464 -1.99846
3.65461 -1.51635 -1.95088
3.63919 -1.55572 -1.94414
3.63082 -1.57706 -1.94478
3.61806 -1.60947 -1.9458
3.60444 -1.6436 -1.95052
3.58631 -1.68721 -1.96487
3.56635 -1.72866 -2.01944
3.54366 -1.77264 -2.04724
3.52136 -1.81739 -2.03312
3.50117 -1.85919 -2.02075
3.47904 -1.90375 -2.03161
3.45568 -1.94775 -2.05889
3.43213 -1.99184 -2.06138
3.41294 -2.02841 -2.05392
3.3867 -2.07097 -2.12334
3.35976 -2.11152 -2.15721
3.33379 -2.14768 -2.19376
3.31262 -2.17761 -2.18639
3.28741 -2.21552 -2.15771
3.26431 -2.24933 -2.17003
3.23348 -2.28833 -2.23985
3.20631 -2.32446 -2.21538
3.19132 -2.34538 -2.19249
3.17398 -2.36954 -2.19369
3.14694 -2.40806 -2.18274
3.12019 -2.44848 -2.15532
3.09553 -2.4829 -2.19248
3.06527 -2.5227 -2.22091
3.04518 -2.54677 -2.2663
3.01172 -2.58389 -2.30435
2.9786 -2.62133 -2.29512
2.95409 -2.64766 -2.32041
2.92955 -2.67415 -2.31793
2.90054 -2.70648 -2.30216
2.87428 -2.73322 -2.34724
2.8436 -2.76434 -2.34893
2.81389 -2.79644 -2.31755
2.78273 -2.83007 -2.31816
2.75362 -2.85993 -2.3435
2.72576 -2.8886 -2.34179
2.69595 -2.91877 -2.3502
2.65926 -2.95244 -2.39911
2.62279 -2.98513 -2.41067
2.58934 -3.01375 -2.43394
2.55503 -3.04302 -2.43534
2.51778 -3.07161 -2.48698
2.47759 -3.10129 -2.50546
2.43956 -3.1287 -2.5172
2.3994 -3.15554 -2.55239
2.36172 -3.18251 -2.52027
2.32165 -3.2124 -2.50075
2.28141 -3.24154 -2.51476
2.24299 -3.26898 -2.52143
2.20686 -3.29452 -2.52619
2.16656 -3.32409 -2.50874
2.12576 -3.35213 -2.53936
2.08981 -3.37573 -2.56063
2.05095 -3.40199 -2.54732
2.00893 -3.42833 -2.58182
1.96703 -3.4556 -2.56458
1.92547 -3.48175 -2.57994
1.884 -3.5094 -2.55353
1.8407 -3.53442 -2.61772
1.81608 -3.54908 -2.60428
1.77367 -3.57541 -2.58603
1.73002 -3.59941 -2.63891
1.68807 -3.62503 -2.59334
1.65653 -3.641 -2.67288
1.61846 -3.65987 -2.68143
1.57819 -3.6791 -2.69604
1.53865 -3.69573 -2.74351
1.49283 -3.71532 -2.7375
1.44899 -3.73169 -2.78431
1.40179 -3.74802 -2.8085
1.36549 -3.76113 -2.79492
1.33197 -3.77394 -2.77654
1.30032 -3.78341 -2.85095
1.25591 -3.79811 -2.8219
1.21529 -3.8114 -2.8253
1.16821 -3.82518 -2.85699
1.12011 -3.83882 -2.86522
1.07308 -3.85056 -2.89695
1.02498 -3.86364 -2.87612
0.981545 -3.87624 -2.85929
0.945089 -3.88685 -2.85825
0.903214 -3.89718 -2.89971
0.855035 -3.9092 -2.89722
0.813776 -3.91706 -2.95338
0.769128 -3.92731 -2.91584
0.721392 -3.9391 -2.89947
0.675213 -3.94702 -2.97174
0.626436 -3.95667 -2.94626
0.581393 -3.96367 -2.98744
0.539148 -3.96842 -3.02965
0.49064 -3.97529 -3.00081
0.442745 -3.98099 -3.02309
0.401944 -3.98483 -3.04777
0.357281 -3.98845 -3.06086
0.314378 -3.99315 -3.0325
0.265439 -3.99831 -3.0365
0.220935 -4.00223 -3.05375
0.172875 -4.00668 -3.04919
0.12811 -4.01021 -3.06289
0.0860574 -4.01413 -3.04866
0.0403126 -4.0179 -3.05946
-0.0094607 -4.01902 -3.11904
-0.054842 -4.02005 -3.11895
-0.0941029 -4.01866 -3.17703
-0.1441 -4.01821 3.13266
-0.18246 -4.01544 3.06952
-0.229982 -4.01256 3.08107
-0.273846 -4.01018 3.08731
-0.322538 -4.00625 3.06105
-0.370149 -3.99992 3.00937
-0.414167 -3.99453 3.01977
-0.456361 -3.9886 3.00212
-0.505368 -3.98073 2.98241
-0.549865 -3.97364 2.98349
-0.598678 -3.96477 2.96177
-0.637214 -3.95779 2.96247
-0.677005 -3.94978 2.94306
-0.726287 -3.94135 2.97202
-0.764324 -3.9359 2.99939
-0.809665 -3.92962 3.00395
-0.847329 -3.92121 2.92177
-0.896317 -3.91202 2.95624
-0.944339 -3.90126 2.92111
-0.990692 -3.88922 2.8876
-1.03226 -3.87957 2.91337
-1.07636 -3.86799 2.88474
-1.12171 -3.85494 2.86152
-1.16923 -3.83973 2.83185
-1.21626 -3.82454 2.82906
-1.26203 -3.81091 2.85222
-1.30242 -3.79897 2.85419
-1.33783 -3.78715 2.8195
-1.38525 -3.77198 2.83191
-1.43077 -3.75624 2.80863
-1.47275 -3.74151 2.80409
-1.51972 -3.72625 2.82764
-1.56077 -3.71352 2.84066
-1.60764 -3.69632 2.79007
-1.6414 -3.68453 2.80538
-1.68486 -3.66949 2.80844
-1.73187 -3.65274 2.79934
-1.77635 -3.63641 2.78975
-1.81249 -3.62182 2.75799
-1.85681 -3.60149 2.71146
-1.90242 -3.58196 2.73695
-1.94392 -3.56347 2.72257
-1.98517 -3.54383 2.69716
-2.0303 -3.52263 2.70255
-2.07456 -3.5027 2.71838
-2.11725 -3.4803 2.65833
-2.15927 -3.45908 2.67399
-2.20261 -3.43415 2.61965
-2.24081 -3.41521 2.6813
-2.28417 -3.39328 2.6733
-2.3288 -3.37199 2.69646
-2.37324 -3.34908 2.66555
-2.41205 -3.33006 2.68598
-2.45144 -3.31089 2.68867
-2.49601 -3.28834 2.67316
-2.53614 -3.26656 2.64443
-2.57822 -3.24472 2.66277
-2.62204 -3.22202 2.66354
-2.65621 -3.20456 2.6694
-2.69087 -3.18724 2.6782
-2.73083 -3.16741 2.68094
-2.7573 -3.15333 2.65258
-2.79837 -3.13183 2.65936
-2.83665 -3.10939 2.61131
-2.87947 -3.08614 2.64419
-2.91401 -3.06528 2.5982
-2.94921 -3.04322 2.582
-2.98244 -3.02155 2.56368
-3.018 -2.99814 2.55943
-3.05408 -2.97436 2.55874
-3.09459 -2.9476 2.55784
-3.12121 -2.93018 2.562
-3.15176 -2.91063 2.5724
-3.17477 -2.89612 2.57894
-3.20131 -2.87805 2.54393
-3.22818 -2.85965 2.54123
-3.2439 -2.84946 2.56647
-3.2642 -2.83637 2.56886
-3.28806 -2.82099 2.56883
-3.29877 -2.81449 2.59618
-3.30725 -2.80942 2.60267
-3.3314 -2.7931 2.54728
-3.35685 -2.77565 2.54063
-3.37566 -2.76219 2.52038
-3.38753 -2.75466 2.57653
-3.42348 -2.7313 2.5654
-3.45677 -2.71023 2.57714
-3.47022 -2.70121 2.55113
-3.48125 -2.69349 2.53107
-3.48751 -2.68925 2.54621
-3.50299 -2.67887 2.55078
-3.51257 -2.67176 2.50316
-3.52876 -2.65944 2.49083
-3.54987 -2.64443 2.52358
-3.57672 -2.62491 2.51316
-3.6031 -2.60543 2.5055
-3.62152 -2.59116 2.48223
-3.64609 -2.57127 2.46113
-3.6658 -2.55674 2.5064
-3.68234 -2.54388 2.48073
-3.70104 -2.53017 2.5088
-3.71215 -2.52159 2.48439
-3.72801 -2.50982 2.50292
-3.73993 -2.50128 2.52002
-3.75124 -2.49363 2.5472
-3.75287 -2.49255 2.55472
-3.76118 -2.48712 2.56308
-3.76762 -2.48254 2.52325
-3.77841 -2.4749 2.52533
-3.79324 -2.4645 2.53023
-3.81512 -2.44792 2.4931
-3.82855 -2.43729 2.47216
-3.84454 -2.42401 2.44813
-3.86182 -2.4099 2.45718
-3.87954 -2.3944 2.42262
-3.89519 -2.38007 2.40018
-3.9035 -2.37249 2.40252
-3.91168 -2.36528 2.41908
-3.9241 -2.35426 2.41601
-3.93681 -2.34382 2.45344
-3.94526 -2.33687 2.45402
-3.9651 -2.32199 2.49816
-3.9846 -2.30726 2.49443
-4.00838 -2.29002 2.51445
-4.03338 -2.27203 2.51793
-4.06243 -2.25012 2.49513
-4.07178 -2.24321 2.50529
-4.08575 -2.23252 2.48852
-4.09107 -2.22794 2.43085
-4.09703 -2.22218 2.37299
-4.1023 -2.21688 2.35417
-4.11489 -2.20301 2.3077
-4.11591 -2.20175 2.25291
-4.12577 -2.18979 2.25988
-4.13433 -2.18049 2.31484
-4.14123 -2.17331 2.33654
-4.14359 -2.17101 2.36943
-4.1567 -2.15852 2.38018
-4.15969 -2.15547 2.34626
-4.16609 -2.1487 2.32871
-4.17034 -2.14394 2.29966
-4.1773 -2.13678 2.34165
-4.18309 -2.13092 2.35005
-4.19048 -2.12349 2.35373
-4.1884 -2.12546 2.38403
-4.19497 -2.1191 2.37245
-4.20999 -2.10517 2.39391
-4.22164 -2.09453 2.40131
True
0.185656
