-5.4973 0.821752 -0.257709
-5.49452 0.821015 -0.259831
-5.47273 0.815564 -0.245099
-5.43508 0.806589 -0.233974
-5.39203 0.796875 -0.22196
-5.34325 0.786345 -0.212595
-5.29837 0.776971 -0.205881
-5.25713 0.768251 -0.208416
-5.20995 0.759734 -0.178581
-5.16116 0.748804 -0.220413
-5.11282 0.737356 -0.232534
-5.06685 0.728306 -0.194345
-5.01909 0.719839 -0.175479
-4.96966 0.712617 -0.145072
-4.9221 0.706149 -0.135175
-4.88138 0.698821 -0.178034
-4.83712 0.691889 -0.155395
-4.79169 0.684867 -0.15334
-4.74316 0.675275 -0.195146
-4.69742 0.665476 -0.211018
-4.65454 0.657147 -0.191842
-4.60545 0.649627 -0.152004
-4.5566 0.641271 -0.169442
-4.51215 0.637254 -0.0901199
-4.46867 0.634869 -0.0547827
-4.42038 0.632875 -0.0412817
-4.38195 0.631549 -0.0344851
-4.34078 0.629401 -0.0521338
-4.29544 0.626967 -0.0536358
-4.24798 0.621282 -0.119203
-4.19861 0.615031 -0.125933
-4.1511 0.608808 -0.130237
-4.10284 0.601106 -0.15827
-4.05954 0.590982 -0.229689
-4.01014 0.583382 -0.152643
-3.9621 0.577399 -0.123904
-3.91518 0.571639 -0.122157
-3.87142 0.565885 -0.130736
-3.83074 0.558983 -0.168044
-3.78213 0.547673 -0.228608
-3.73673 0.537966 -0.210652
-3.68884 0.527524 -0.214701
-3.64007 0.516594 -0.220467
-3.59486 0.50753 -0.197839
-3.55091 0.498444 -0.203858
-3.50665 0.487973 -0.232299
-3.46548 0.478692 -0.221771
-3.42092 0.468163 -0.232033
-3.38594 0.45794 -0.284306
-3.34093 0.44494 -0.281166
-3.29341 0.430648 -0.292148
-3.24689 0.416572 -0.293824
-3.20237 0.402882 -0.298353
-3.15453 0.388458 -0.292796
-3.11688 0.377362 -0.286606
-3.07343 0.367678 -0.219319
-3.02713 0.356123 -0.244556
-2.98557 0.346756 -0.221672
-2.94273 0.336352 -0.238271
-2.89463 0.326967 -0.192685
-2.84726 0.316692 -0.2136
-2.79836 0.306479 -0.205879
-2.7513 0.294825 -0.242785
-2.7035 0.282325 -0.255764
-2.65758 0.271358 -0.234471
-2.61925 0.263508 -0.201973
-2.57166 0.253947 -0.198247
-2.5227 0.243963 -0.201197
-2.4798 0.235761 -0.188899
-2.43173 0.224701 -0.226141
-2.38518 0.213367 -0.23882
-2.33817 0.200925 -0.258771
-2.28985 0.190746 -0.207587
-2.24183 0.17974 -0.22532
-2.19338 0.167624 -0.245065
-2.14413 0.159061 -0.172151
-2.09474 0.15132 -0.155468
-2.04843 0.142865 -0.180557
-2.0028 0.134581 -0.179613
-1.96576 0.125406 -0.242815
-1.91762 0.111904 -0.273461
-1.87462 0.0976951 -0.319115
-1.82906 0.0843979 -0.283982
-1.78095 0.0708799 -0.273905
-1.73789 0.0601936 -0.243296
-1.69305 0.0495824 -0.232333
-1.65021 0.0356363 -0.314709
-1.6032 0.0197824 -0.325324
-1.56397 0.00882044 -0.272454
-1.52129 -0.00266988 -0.262993
-1.47429 -0.0140148 -0.236836
-1.42867 -0.0262137 -0.261304
-1.38664 -0.0371752 -0.255099
-1.34438 -0.0481731 -0.254582
-1.29793 -0.0635801 -0.320321
-1.25704 -0.0757872 -0.290107
-1.21304 -0.0888318 -0.288187
-1.16942 -0.100869 -0.269254
-1.12254 -0.112695 -0.247119
-1.0753 -0.123317 -0.221167
-1.02692 -0.131588 -0.169324
-0.978643 -0.142736 -0.226942
-0.931742 -0.150232 -0.158476
-0.883093 -0.161774 -0.232946
-0.834673 -0.172285 -0.213755
-0.78733 -0.183842 -0.239431
-0.741524 -0.194236 -0.223133
-0.699822 -0.205705 -0.268402
-0.667103 -0.215097 -0.279521
-0.620797 -0.226932 -0.250218
-0.574891 -0.239808 -0.273475
-0.527838 -0.25027 -0.218777
-0.493721 -0.257793 -0.217021
-0.445587 -0.268593 -0.220735
-0.400765 -0.27984 -0.245846
-0.359744 -0.289768 -0.237451
-0.313285 -0.301454 -0.246422
-0.270129 -0.315239 -0.309187
-0.2247 -0.329318 -0.300509
-0.179374 -0.343448 -0.302198
-0.132319 -0.359105 -0.321216
-0.0853365 -0.37457 -0.31799
-0.0376066 -0.388897 -0.291624
0.0108001 -0.401156 -0.248036
0.0588892 -0.412338 -0.228457
0.106736 -0.426352 -0.284931
0.139171 -0.435478 -0.274253
0.187087 -0.448829 -0.271751
0.22836 -0.46046 -0.274689
0.267846 -0.469274 -0.219618
0.311275 -0.478272 -0.204283
0.358358 -0.485958 -0.161834
0.407756 -0.493015 -0.141881
0.442927 -0.499436 -0.180575
0.480286 -0.508737 -0.244008
0.528642 -0.519979 -0.228427
0.577242 -0.530107 -0.205451
0.619208 -0.537615 -0.177056
0.66788 -0.548292 -0.215933
0.714893 -0.560334 -0.250753
0.76359 -0.570894 -0.213553
0.804441 -0.580372 -0.227969
0.853587 -0.58935 -0.180687
0.887342 -0.596597 -0.211484
0.936 -0.607744 -0.225196
0.983554 -0.617898 -0.210378
1.02557 -0.625443 -0.177661
1.07359 -0.635561 -0.207686
1.12227 -0.644827 -0.188072
1.17141 -0.653281 -0.170386
1.21868 -0.661875 -0.179864
1.26255 -0.671904 -0.22472
1.30977 -0.685431 -0.279032
1.35546 -0.698844 -0.285511
1.38705 -0.709619 -0.328725
1.43386 -0.726933 -0.354255
1.476 -0.742442 -0.352638
1.5203 -0.756363 -0.304482
1.56699 -0.771089 -0.305545
1.61489 -0.783808 -0.259562
1.66324 -0.795553 -0.238286
1.70509 -0.804433 -0.20906
1.74447 -0.811236 -0.171064
1.7929 -0.819836 -0.175755
1.83942 -0.827596 -0.165273
1.87784 -0.833088 -0.141981
1.92586 -0.841347 -0.170337
1.9735 -0.847815 -0.134953
2.02212 -0.856768 -0.182103
2.05968 -0.864522 -0.203581
2.10105 -0.874774 -0.242924
2.14957 -0.885373 -0.21506
2.19389 -0.893874 -0.189525
2.24236 -0.905602 -0.237364
2.28999 -0.917299 -0.240817
2.33771 -0.929134 -0.243116
2.38022 -0.940176 -0.254125
2.4116 -0.948583 -0.261746
2.45148 -0.958508 -0.243967
2.49911 -0.971207 -0.260543
2.54809 -0.981264 -0.202513
2.59306 -0.991152 -0.216427
2.63891 -0.998792 -0.165111
2.68428 -1.00876 -0.216302
2.73144 -1.02 -0.233973
2.77685 -1.03183 -0.254728
2.81924 -1.04087 -0.210292
2.8654 -1.05154 -0.227165
2.9131 -1.06299 -0.235533
2.94406 -1.07171 -0.274365
2.9925 -1.08352 -0.23921
3.04127 -1.09452 -0.221821
3.09 -1.10509 -0.213726
3.13838 -1.11733 -0.247737
3.1837 -1.12789 -0.228802
3.23192 -1.14038 -0.253458
3.27504 -1.14819 -0.17932
3.32451 -1.15483 -0.133438
3.36497 -1.16031 -0.134502
3.41213 -1.16865 -0.175118
3.46027 -1.17487 -0.128548
3.50499 -1.18115 -0.139358
3.54777 -1.18835 -0.166909
3.58036 -1.1929 -0.138643
3.6193 -1.1978 -0.125039
3.65571 -1.20351 -0.155672
3.69162 -1.21026 -0.185747
3.73685 -1.21908 -0.192662
3.7825 -1.2291 -0.216073
3.82956 -1.24108 -0.249152
3.87601 -1.25208 -0.232532
3.92 -1.26162 -0.213606
3.93988 -1.26655 -0.243109
3.96938 -1.27373 -0.23872
3.9872 -1.27808 -0.239393
4.01717 -1.28551 -0.243185
4.04693 -1.29325 -0.254301
4.07085 -1.30047 -0.293135
4.1087 -1.31386 -0.339977
4.1295 -1.32052 -0.310276
4.16102 -1.33204 -0.350115
4.19343 -1.34345 -0.338687
4.23276 -1.35759 -0.345085
4.26841 -1.37127 -0.366391
4.30399 -1.38505 -0.369597
4.33682 -1.398 -0.375766
4.38182 -1.41749 -0.408664
4.41034 -1.42744 -0.335611
4.43899 -1.43741 -0.334956
4.45588 -1.4428 -0.308551
4.47948 -1.44996 -0.294678
4.49887 -1.45588 -0.296349
4.51815 -1.46122 -0.270503
4.55074 -1.46888 -0.230809
4.57512 -1.47474 -0.23574
4.60042 -1.48056 -0.226027
4.61086 -1.48291 -0.221466
4.63318 -1.48781 -0.216254
4.65124 -1.49238 -0.247819
4.66066 -1.49457 -0.228149
4.67467 -1.49824 -0.256635
4.68534 -1.50096 -0.248856
4.69185 -1.50268 -0.258609
4.71347 -1.50837 -0.257153
4.73017 -1.51285 -0.262228
4.75058 -1.51824 -0.258309
4.75739 -1.52013 -0.270716
4.7747 -1.52489 -0.268284
4.78501 -1.52772 -0.267844
4.80397 -1.53239 -0.241609
4.81167 -1.53432 -0.245144
4.82017 -1.5363 -0.229221
4.84143 -1.54127 -0.229713
4.85377 -1.54421 -0.233473
4.85989 -1.54562 -0.227458
4.86622 -1.54703 -0.218545
4.87608 -1.54901 -0.198093
4.89978 -1.55392 -0.204291
4.92333 -1.5591 -0.216715
4.92825 -1.56017 -0.213498
4.93903 -1.56233 -0.197471
4.95402 -1.5656 -0.215072
4.97234 -1.56918 -0.193105
4.98647 -1.57197 -0.194959
5.00843 -1.57605 -0.183448
5.02716 -1.57959 -0.18698
5.04831 -1.58456 -0.230783
5.05626 -1.58682 -0.277259
5.06901 -1.59036 -0.270547
5.0879 -1.59569 -0.275167
5.10158 -1.5991 -0.244437
5.10948 -1.60099 -0.234383
5.11748 -1.60266 -0.205355
5.11935 -1.60307 -0.219153
5.12066 -1.60335 -0.207736
5.12451 -1.60429 -0.239631
5.13511 -1.60723 -0.270618
5.13752 -1.60795 -0.291188
5.14133 -1.60907 -0.285647
5.14396 -1.60985 -0.288561
5.14865 -1.61126 -0.291281
5.15627 -1.61345 -0.279889
5.16566 -1.61624 -0.28935
5.17439 -1.61866 -0.270368
5.18 -1.6203 -0.28327
5.19262 -1.62359 -0.255412
5.1921 -1.62347 -0.227904
5.20138 -1.62535 -0.199542
5.20858 -1.62677 -0.195226
5.2165 -1.62832 -0.193061
True
0.0656124
