4.4839 0.000274159 3.12457
4.47376 0.000239469 3.14502
4.4577 -0.00019459 -3.11459
4.4341 -0.000807653 -3.11561
4.42636 -0.000701944 -3.15524
4.41117 -0.000653544 3.13841
4.40199 -0.00048322 3.12303
4.38957 0.000124526 3.09272
4.37296 0.00166664 3.04903
4.35628 0.00288851 3.06844
4.33795 0.00369809 3.09746
4.3207 0.00447548 3.09656
4.30366 0.00506917 3.10677
4.28774 0.00576375 3.09797
4.27119 0.00627964 3.11044
4.2608 0.00613822 3.1552
4.25422 0.00596832 -3.11577
4.23003 0.00729243 -3.19628
4.22137 0.0081582 3.04202
4.19304 0.0122011 2.99983
4.18837 0.0128832 2.99673
4.17303 0.0142544 3.0524
4.16311 0.0153411 3.03247
4.15228 0.0172201 2.96979
4.13756 0.0201022 2.94834
4.12442 0.022137 2.98788
4.12565 0.0219129 2.96099
4.12153 0.0225599 2.9857
4.11817 0.0231297 2.97395
4.10977 0.0249847 2.9242
4.10463 0.0260747 2.9326
4.09066 0.0289967 2.93535
4.08685 0.0297506 2.94628
4.08029 0.0313301 2.90555
4.07098 0.0339412 2.86806
4.06471 0.036009 2.82282
4.04805 0.0422667 2.7823
4.00886 0.0593599 2.73031
3.98034 0.0756089 2.62378
3.96241 0.0872272 2.56663
3.94039 0.102915 2.52248
3.92759 0.112711 2.48839
3.90064 0.135655 2.43637
3.89305 0.142391 2.41542
3.88689 0.148749 2.34067
3.88114 0.154855 2.32626
3.87404 0.163031 2.28549
3.86433 0.175027 2.25151
3.86046 0.18062 2.17573
3.84553 0.201186 2.1988
3.84279 0.205478 2.13917
3.83289 0.224966 2.04092
3.81236 0.269714 2.00093
3.79687 0.317246 1.88581
3.78219 0.36458 1.87156
3.77772 0.382706 1.81253
3.77043 0.416358 1.78417
3.76013 0.463482 1.78585
3.75219 0.508653 1.74493
3.74412 0.552276 1.75369
3.73799 0.599973 1.69859
3.72971 0.64712 1.74458
3.72427 0.67901 1.73997
3.7187 0.71784 1.71322
3.71423 0.750161 1.70826
3.70873 0.783764 1.73278
3.70441 0.810534 1.7311
3.70176 0.826145 1.73848
3.69643 0.855512 1.75058
3.68582 0.904372 1.7846
3.67913 0.937085 1.77252
3.66959 0.982919 1.77596
3.66117 1.02691 1.75998
3.65119 1.07522 1.77444
3.64218 1.11825 1.77719
3.63429 1.1477 1.83258
3.62204 1.19573 1.82051
3.60999 1.24422 1.81436
3.60035 1.27684 1.85828
3.59104 1.30803 1.86067
3.58014 1.33939 1.90535
3.57019 1.36619 1.92628
3.55522 1.40102 1.97682
3.54144 1.43225 1.98638
3.53206 1.45227 2.00902
3.51594 1.4857 2.02013
3.50727 1.50379 2.01768
3.48779 1.54566 2.00616
3.47145 1.58058 2.00847
3.45441 1.61863 1.99194
3.43621 1.65671 2.01656
3.42371 1.68284 2.01707
3.40704 1.71873 2.00557
3.38569 1.76394 2.01203
3.36708 1.80063 2.04005
3.34452 1.84485 2.0426
3.32305 1.88454 2.06678
3.30304 1.92395 2.04064
3.28479 1.95911 2.04956
3.25936 2.00032 2.12358
3.23731 2.03488 2.13878
3.2124 2.07822 2.09246
3.18958 2.11734 2.09874
3.16639 2.15219 2.15795
3.14602 2.18208 2.16916
3.12183 2.21894 2.15165
3.10145 2.24876 2.17006
3.07774 2.28221 2.18748
3.05027 2.31732 2.23478
3.01971 2.35616 2.23736
2.99581 2.38968 2.19013
2.96731 2.4307 2.17813
2.93796 2.47115 2.1984
2.90713 2.50827 2.26388
2.87647 2.54318 2.29159
2.84699 2.57627 2.29864
2.81604 2.61262 2.27597
2.78531 2.64888 2.27386
2.75506 2.68545 2.26192
2.72759 2.71505 2.31885
2.6943 2.75236 2.2994
2.66997 2.78049 2.28377
2.65936 2.79186 2.32139
2.65085 2.80112 2.31471
2.62913 2.82359 2.33911
2.59404 2.85918 2.34905
2.5577 2.89261 2.39784
2.52096 2.92561 2.40985
2.4858 2.95688 2.41471
2.45308 2.98709 2.39605
2.41525 3.01964 2.43101
2.37679 3.04931 2.48449
2.34082 3.07642 2.4959
2.30072 3.10629 2.50124
2.26948 3.12879 2.51743
2.22939 3.15696 2.52923
2.18927 3.18594 2.51588
2.14824 3.21452 2.53315
2.11021 3.24126 2.52884
2.06968 3.26947 2.53355
2.02914 3.2987 2.51703
1.99298 3.32136 2.58168
1.95558 3.34166 2.64421
1.91559 3.36385 2.63501
1.89591 3.37432 2.65272
1.86682 3.39038 2.63708
1.82994 3.40898 2.67457
1.7893 3.42838 2.69612
1.74394 3.44836 2.72683
1.69784 3.4676 2.74609
1.65808 3.48374 2.75607
1.6229 3.49726 2.77459
1.58007 3.51353 2.7787
1.53338 3.53142 2.77566
1.5044 3.54075 2.83008
1.45857 3.55594 2.82147
1.41134 3.57051 2.84251
1.37639 3.58224 2.81758
1.33504 3.59687 2.8016
1.29059 3.60996 2.85518
1.2584 3.62173 2.79114
1.2251 3.6312 2.86431
1.18065 3.64536 2.83323
1.14012 3.65721 2.85715
1.09467 3.66973 2.87293
1.04664 3.68361 2.86029
0.99876 3.6945 2.9178
0.949636 3.70383 2.95406
0.910962 3.71166 2.9417
0.870486 3.7181 2.98378
0.826012 3.72592 2.96747
0.781289 3.73311 2.98239
0.733571 3.74092 2.97928
0.687798 3.74697 3.01018
0.638591 3.75504 2.97908
0.603864 3.76022 2.99358
0.565192 3.76933 2.91003
0.52097 3.77998 2.90524
0.474275 3.79026 2.92493
0.425856 3.79988 2.94549
0.377319 3.80615 3.01312
0.334699 3.81351 2.97066
0.284905 3.81804 3.05094
0.234943 3.81995 3.10328
0.187515 3.82129 3.11341
0.142113 3.82505 3.05898
0.0951161 3.8287 3.064
0.0520545 3.83094 3.08965
0.00212978 3.83346 3.09121
-0.0446664 3.83573 3.09298
-0.0917489 3.83639 3.12767
-0.137017 3.83629 3.14368
-0.179072 3.83432 -3.0946
-0.227925 3.83273 -3.10905
-0.273914 3.82884 -3.05736
-0.319884 3.82649 -3.09043
-0.356372 3.8247 -3.09257
-0.389206 3.82369 -3.11087
-0.42772 3.82196 -3.0968
-0.454239 3.81971 -3.05665
-0.489655 3.81605 -3.03884
-0.539195 3.8119 -3.05802
-0.565961 3.80974 -3.06096
-0.614118 3.80201 -2.98231
-0.663387 3.7935 -2.97064
-0.71207 3.78449 -2.95865
-0.759939 3.77724 -2.99125
-0.804395 3.7703 -2.98664
-0.847159 3.76371 -2.98884
-0.896297 3.75488 -2.96369
-0.945592 3.74651 -2.97344
-0.987962 3.73934 -2.97394
-1.03172 3.7305 -2.9424
-1.06486 3.72275 -2.91179
-1.10904 3.71265 -2.91674
-1.15693 3.69982 -2.87991
-1.1933 3.68979 -2.87251
-1.23313 3.67537 -2.79404
-1.27181 3.66013 -2.7665
-1.31723 3.64147 -2.75178
-1.36009 3.62402 -2.75493
-1.38843 3.61111 -2.71388
-1.43452 3.59196 -2.748
-1.48038 3.57206 -2.73211
-1.51216 3.55741 -2.70956
-1.55329 3.53931 -2.72699
-1.59649 3.51863 -2.69512
-1.64124 3.49761 -2.70261
-1.68502 3.47363 -2.64036
-1.72868 3.44942 -2.63533
-1.77114 3.42718 -2.65914
-1.80118 3.41139 -2.6575
-1.83912 3.39299 -2.69007
-1.88059 3.37162 -2.66569
-1.92298 3.34945 -2.65987
-1.96716 3.32605 -2.65452
-2.00623 3.30462 -2.63982
-2.04011 3.2856 -2.63002
-2.08251 3.25933 -2.58699
-2.11833 3.2358 -2.56037
-2.1582 3.2121 -2.6053
-2.19886 3.18559 -2.56385
-2.23287 3.16404 -2.57671
-2.27201 3.13663 -2.53072
-2.30712 3.111 -2.51087
-2.34826 3.0826 -2.53738
-2.38553 3.05719 -2.54333
-2.42665 3.02887 -2.53838
-2.46316 2.99994 -2.47161
-2.49205 2.97683 -2.46685
-2.52962 2.94755 -2.47966
-2.56971 2.91768 -2.50124
-2.6024 2.89367 -2.50799
-2.64158 2.86273 -2.47327
-2.68035 2.83347 -2.49507
-2.71772 2.80095 -2.42534
-2.75389 2.767 -2.38786
-2.78883 2.73193 -2.35441
-2.81832 2.69977 -2.31283
-2.85018 2.66465 -2.30772
-2.88042 2.63055 -2.29621
-2.91226 2.59277 -2.27107
-2.94194 2.55504 -2.23728
-2.96995 2.51757 -2.21269
-2.99968 2.47736 -2.20754
-3.02878 2.43793 -2.20662
-3.04907 2.41429 -2.28008
-3.07413 2.3813 -2.22043
-3.10297 2.3406 -2.18722
-3.12843 2.3036 -2.17358
-3.15738 2.26319 -2.19232
-3.18464 2.22487 -2.18916
-3.21056 2.18696 -2.17057
-3.23865 2.14872 -2.2044
-3.26716 2.10774 -2.17844
-3.2918 2.0744 -2.20734
-3.32042 2.03541 -2.20407
-3.34473 2.00091 -2.18458
-3.36931 1.96531 -2.17497
-3.39596 1.92501 -2.15515
-3.41829 1.89515 -2.21306
-3.44295 1.86111 -2.19756
-3.46227 1.83439 -2.19693
-3.48322 1.80608 -2.2078
-3.5047 1.77652 -2.19935
-3.53178 1.74214 -2.23801
-3.55828 1.70821 -2.23366
-3.58388 1.67535 -2.23283
-3.61394 1.63902 -2.26202
-3.63802 1.60989 -2.26143
-3.66638 1.57349 -2.23262
-3.68781 1.54678 -2.24711
-3.71577 1.50919 -2.21043
-3.73685 1.48008 -2.19739
-3.75814 1.44924 -2.17501
-3.78151 1.41497 -2.16926
-3.80275 1.3838 -2.16895
-3.82662 1.34782 -2.15668
-3.8494 1.31705 -2.20807
-3.86751 1.29321 -2.22027
-3.87874 1.27827 -2.21577
-3.88926 1.26365 -2.19437
-3.89516 1.25478 -2.15752
-3.90528 1.23914 -2.1453
-3.91486 1.2234 -2.1172
-3.93223 1.19481 -2.1169
-3.94629 1.17215 -2.12602
-3.96065 1.14687 -2.08738
-3.96874 1.1329 -2.09588
-3.97882 1.11444 -2.07057
-3.98925 1.09384 -2.03959
-3.99537 1.08085 -2.01093
-4.00529 1.06008 -2.0164
-4.01622 1.03916 -2.05205
-4.02344 1.0266 -2.09278
-4.02984 1.01552 -2.09453
-4.04426 0.991275 -2.10733
-4.06382 0.957683 -2.09803
-4.07706 0.934995 -2.09921
-4.09502 0.904406 -2.10165
-4.11081 0.877218 -2.09699
-4.12072 0.860558 -2.1075
-4.13272 0.841186 -2.12534
-4.1384 0.832076 -2.12792
-4.1477 0.816415 -2.10686
-4.16171 0.794412 -2.13781
-4.17617 0.772156 -2.14704
-4.19155 0.748079 -2.13928
-4.2023 0.731397 -2.14322
-4.21331 0.71375 -2.12838
-4.22295 0.699393 -2.16206
-4.23414 0.68442 -2.21266
-4.24209 0.673555 -2.20256
-4.25103 0.661029 -2.19059
-4.25394 0.656734 -2.16667
-4.25743 0.65115 -2.12904
-4.26345 0.640889 -2.10112
-4.268 0.633342 -2.11363
-4.27433 0.622027 -2.0812
-4.27799 0.614798 -2.03934
-4.28625 0.599043 -2.05362
-4.29223 0.587311 -2.04211
-4.29711 0.577762 -2.04318
-4.29842 0.575364 -2.06959
-4.30252 0.568 -2.07904
-4.30589 0.562534 -2.12381
-4.3087 0.557788 -2.10579
-4.3254 0.529729 -2.10748
-4.33277 0.516729 -2.08689
-4.3378 0.506946 -2.04515
-4.34111 0.499977 -2.01428
-4.34161 0.499 -2.05062
-4.34566 0.491727 -2.07873
-4.34988 0.483948 -2.06706
-4.35082 0.482186 -2.06365
-4.35299 0.478143 -2.06383
-4.35505 0.474442 -2.07887
-4.35967 0.466619 -2.10413
True
0.0670785
