4.48896 -0.00137629 -3.01755
4.47464 -0.00390334 -2.9669
4.453 -0.00960473 -2.88398
4.4278 -0.0179011 -2.82363
4.39022 -0.0333891 -2.75064
4.35265 -0.0507928 -2.70776
4.31908 -0.0714856 -2.58926
4.28713 -0.0923689 -2.56263
4.25114 -0.120916 -2.47107
4.2185 -0.150741 -2.40117
4.18826 -0.186227 -2.27656
4.17159 -0.207326 -2.23943
4.14261 -0.246514 -2.20761
4.11905 -0.281522 -2.16306
4.09456 -0.318407 -2.15698
4.0739 -0.353338 -2.10483
4.0492 -0.394576 -2.11051
4.03223 -0.425635 -2.07092
4.01283 -0.461725 -2.06404
3.99308 -0.501577 -2.03076
3.97424 -0.542584 -2.00144
3.96093 -0.573448 -1.97803
3.94358 -0.618562 -1.9379
3.92941 -0.656451 -1.92872
3.91235 -0.70306 -1.92165
3.89705 -0.749217 -1.89102
3.88218 -0.791184 -1.91129
3.86688 -0.837164 -1.89206
3.85304 -0.878565 -1.8933
3.84213 -0.91349 -1.87369
3.83233 -0.950309 -1.83082
3.82086 -0.992261 -1.83778
3.80934 -1.03468 -1.83598
3.79831 -1.07047 -1.86965
3.78723 -1.10672 -1.86754
3.77195 -1.15433 -1.8812
3.759 -1.19184 -1.90317
3.74388 -1.2395 -1.87804
3.72721 -1.28644 -1.91213
3.71135 -1.32956 -1.92332
3.71009 -1.33283 -1.93741
3.708 -1.33861 -1.9179
3.69177 -1.37996 -1.94483
3.68754 -1.39188 -1.91134
3.68247 -1.406 -1.91608
3.66601 -1.4532 -1.9063
3.64913 -1.5002 -1.91553
3.63062 -1.54477 -1.96436
3.61378 -1.59178 -1.91493
3.59658 -1.63714 -1.93318
3.57721 -1.68316 -1.96917
3.55696 -1.72702 -2.00338
3.53709 -1.76759 -2.02615
3.51988 -1.8051 -2.00098
3.49889 -1.84877 -2.01887
3.48231 -1.88626 -1.98706
3.46122 -1.93147 -2.00732
3.43742 -1.9746 -2.07503
3.41379 -2.01772 -2.07217
3.39617 -2.0508 -2.06009
3.373 -2.09296 -2.07343
3.35024 -2.13239 -2.0942
3.32425 -2.17501 -2.11848
3.29499 -2.21554 -2.19599
3.27495 -2.24205 -2.21815
3.25196 -2.27093 -2.24333
3.23125 -2.29881 -2.20956
3.20051 -2.33822 -2.23325
3.17209 -2.37517 -2.22641
3.15563 -2.3959 -2.24179
3.1351 -2.42487 -2.1873
3.10331 -2.46328 -2.26232
3.06964 -2.50024 -2.30959
3.04292 -2.52869 -2.32484
3.01082 -2.56246 -2.33076
2.98354 -2.59387 -2.28601
2.96249 -2.61783 -2.29175
2.93462 -2.65181 -2.25768
2.90389 -2.68766 -2.27955
2.87672 -2.71949 -2.27712
2.84403 -2.75618 -2.29869
2.81445 -2.78889 -2.30594
2.7849 -2.82434 -2.26577
2.75232 -2.85814 -2.33782
2.71654 -2.89265 -2.37417
2.68102 -2.92704 -2.37242
2.64513 -2.96056 -2.39041
2.61017 -2.98912 -2.45647
2.57647 -3.01559 -2.47568
2.53855 -3.0454 -2.4755
2.50922 -3.06995 -2.44461
2.47251 -3.10063 -2.44547
2.44013 -3.12547 -2.48713
2.41713 -3.14419 -2.45857
2.3873 -3.16732 -2.48197
2.34646 -3.19615 -2.52694
2.32011 -3.21569 -2.50349
2.27983 -3.24526 -2.50843
2.23928 -3.27437 -2.51892
2.19935 -3.30445 -2.49599
2.16076 -3.33344 -2.49735
2.12036 -3.36091 -2.54427
2.07938 -3.38955 -2.53173
2.04524 -3.41173 -2.56541
2.01067 -3.43293 -2.59147
1.97023 -3.45472 -2.64748
1.92619 -3.47631 -2.68569
1.88256 -3.49584 -2.72075
1.84141 -3.51466 -2.71269
1.79612 -3.53361 -2.74523
1.7505 -3.55337 -2.7328
1.70795 -3.57209 -2.72713
1.66667 -3.58973 -2.73778
1.62237 -3.60985 -2.71532
1.57669 -3.62954 -2.73461
1.53539 -3.64479 -2.78782
1.49009 -3.66228 -2.77314
1.4462 -3.67849 -2.78782
1.40625 -3.69356 -2.78088
1.36796 -3.70729 -2.7972
1.32319 -3.72176 -2.829
1.27649 -3.73946 -2.77944
1.24158 -3.75234 -2.78802
1.19471 -3.76977 -2.78547
1.15466 -3.78322 -2.8178
1.10781 -3.80071 -2.78424
1.0703 -3.81254 -2.83603
1.03047 -3.82445 -2.85112
0.98313 -3.83735 -2.87557
0.9347 -3.84941 -2.89749
0.894132 -3.85677 -2.96215
0.84916 -3.8673 -2.9116
0.817916 -3.87272 -2.96991
0.77449 -3.88154 -2.94111
0.726201 -3.89059 -2.95637
0.676793 -3.89813 -2.99016
0.628472 -3.9051 -2.99831
0.579489 -3.91421 -2.9577
0.529819 -3.91871 -3.05126
0.479946 -3.92021 -3.11153
0.431091 -3.92188 -3.10749
0.386432 -3.92396 -3.09485
0.340256 -3.92488 -3.12167
0.290315 -3.92727 -3.09396
0.240934 -3.92753 -3.13614
0.19144 -3.92927 -3.1065
0.156025 -3.93118 -3.08786
0.106409 -3.93459 -3.07284
0.0600548 -3.9364 -3.10263
0.0109719 -3.93905 -3.08756
-0.0389956 -3.94086 -3.10557
-0.088812 -3.94365 -3.08549
-0.137337 -3.94404 -3.13362
-0.176631 -3.94614 -3.08826
-0.226606 -3.94702 -3.12397
-0.276597 -3.94698 -3.14243
-0.325877 -3.94755 3.15318
-0.375298 -3.9433 -3.22732
-0.409371 -3.94059 3.06224
-0.457687 -3.9379 3.08599
-0.506112 -3.93472 3.07599
-0.544453 -3.93089 3.04194
-0.5928 -3.92563 3.03318
-0.642241 -3.91821 2.99279
-0.682146 -3.91351 3.02435
-0.72623 -3.90647 2.98326
-0.768781 -3.90134 3.02157
-0.814137 -3.89361 2.97267
-0.849437 -3.88791 2.98148
-0.898323 -3.87741 2.93019
-0.941971 -3.86669 2.90074
-0.990483 -3.85642 2.93299
-1.03576 -3.84568 2.90856
-1.08097 -3.83528 2.91548
-1.13003 -3.82566 2.94802
-1.16639 -3.81778 2.92799
-1.21454 -3.80464 2.87533
-1.26182 -3.78981 2.83759
-1.30499 -3.77762 2.8664
-1.353 -3.76364 2.85825
-1.40016 -3.74706 2.8036
-1.44596 -3.72704 2.72937
-1.49153 -3.70654 2.71901
-1.5357 -3.68787 2.74153
-1.57209 -3.67504 2.80279
-1.61864 -3.65753 2.78176
-1.66463 -3.63793 2.7386
-1.7041 -3.62132 2.74347
-1.74862 -3.60012 2.69702
-1.78706 -3.58328 2.72863
-1.82913 -3.56348 2.70173
-1.87444 -3.54242 2.70663
-1.90979 -3.52502 2.68414
-1.94761 -3.50497 2.65401
-1.98208 -3.48818 2.68842
-2.02535 -3.46312 2.61665
-2.06172 -3.44134 2.60195
-2.09802 -3.41951 2.60028
-2.14135 -3.39459 2.61971
-2.18018 -3.37295 2.63303
-2.22199 -3.34913 2.62375
-2.26359 -3.32562 2.62722
-2.30174 -3.30421 2.63021
-2.34098 -3.28161 2.61901
-2.38224 -3.25637 2.59257
-2.42467 -3.23117 2.60565
-2.46578 -3.20846 2.63704
-2.50109 -3.18705 2.5964
-2.54203 -3.16176 2.58833
-2.58104 -3.13571 2.55264
-2.61182 -3.11263 2.49827
-2.63704 -3.09217 2.45996
-2.6662 -3.06837 2.45725
-2.70379 -3.03825 2.466
-2.74189 -3.00644 2.44602
-2.77479 -2.97723 2.41541
-2.81171 -2.94378 2.40546
-2.84955 -2.9111 2.42929
-2.88301 -2.8803 2.39753
-2.91741 -2.8475 2.38
-2.95083 -2.81394 2.35411
-2.98802 -2.78059 2.4105
-3.0194 -2.75144 2.39306
-3.04945 -2.72549 2.42935
-3.08551 -2.69196 2.39256
-3.11817 -2.66055 2.3756
-3.15454 -2.6267 2.39217
-3.18476 -2.59776 2.37786
-3.21719 -2.56534 2.35626
-3.23654 -2.54541 2.34121
-3.26478 -2.51532 2.32465
-3.28716 -2.48973 2.28932
-3.3044 -2.47118 2.3196
-3.30856 -2.46609 2.25628
-3.32084 -2.45086 2.24941
-3.32319 -2.44806 2.26745
-3.32828 -2.44201 2.27112
-3.33632 -2.43262 2.27876
-3.35285 -2.41359 2.28595
-3.36177 -2.40324 2.28223
-3.38219 -2.37834 2.25766
-3.39813 -2.35893 2.25834
-3.42428 -2.32711 2.2588
-3.44564 -2.30215 2.27831
-3.46736 -2.27579 2.26007
-3.47889 -2.26244 2.28326
-3.49556 -2.24288 2.27686
-3.51207 -2.2227 2.25623
-3.52534 -2.20537 2.22409
-3.54737 -2.17556 2.20733
-3.56174 -2.1571 2.23243
-3.58056 -2.13371 2.24822
-3.59886 -2.10981 2.22429
-3.61376 -2.0917 2.25915
-3.62993 -2.07416 2.31555
-3.64235 -2.06185 2.36076
-3.65234 -2.05183 2.35471
-3.66668 -2.03734 2.35098
-3.69174 -2.01108 2.33276
-3.70916 -1.99245 2.32277
-3.73588 -1.96411 2.32679
-3.75784 -1.93993 2.30809
-3.782 -1.91187 2.28156
-3.80711 -1.88116 2.25631
-3.82002 -1.86534 2.25535
-3.82865 -1.85452 2.24389
-3.83482 -1.84707 2.26301
-3.84493 -1.83512 2.27302
-3.85758 -1.81816 2.21129
-3.86997 -1.80169 2.21578
-3.8816 -1.78508 2.182
-3.895 -1.76671 2.20099
-3.91503 -1.74101 2.23269
-3.93333 -1.71616 2.20562
-3.95672 -1.68414 2.20172
-3.98025 -1.65056 2.18184
-3.99838 -1.62422 2.17378
-4.01823 -1.59582 2.18078
-4.03328 -1.57261 2.14612
-4.05124 -1.54383 2.12879
-4.0653 -1.52324 2.16972
-4.07715 -1.50622 2.17908
-4.08512 -1.49444 2.16562
-4.09407 -1.48125 2.16686
-4.10312 -1.46773 2.16043
-4.10303 -1.46786 2.15705
-4.11061 -1.4571 2.18482
-4.11604 -1.44815 2.11607
-4.12428 -1.43415 2.10254
-4.13287 -1.41944 2.09926
-4.14075 -1.40492 2.06838
-4.14658 -1.39423 2.06981
-4.15521 -1.37735 2.04332
-4.16409 -1.36062 2.05883
-4.17072 -1.34681 2.01878
-4.17642 -1.33489 2.01653
-4.17831 -1.33085 2.00841
-4.18131 -1.32427 1.99834
-4.18195 -1.3229 2.01017
-4.19001 -1.30569 2.00852
-4.19718 -1.29112 2.02818
-4.20419 -1.27668 2.02297
-4.20474 -1.27555 2.02043
-4.20682 -1.27079 1.98357
-4.21024 -1.26261 1.96621
-4.21114 -1.2604 1.95957
-4.21473 -1.2517 1.96194
-4.21509 -1.25093 2.00351
-4.21751 -1.2457 2.00465
-4.21899 -1.24232 1.98363
-4.22219 -1.23558 2.01434
-4.22811 -1.22381 2.03641
-4.23082 -1.21838 2.03496
-4.23699 -1.20465 1.99291
-4.24082 -1.19611 1.99241
-4.24579 -1.18391 1.95731
-4.25327 -1.16213 1.90183
-4.26019 -1.14139 1.89266
-4.26227 -1.13458 1.86743
True
0.17087
