4.47742 -0.00181959 -3.06117
4.46212 -0.00317491 -3.05327
4.44903 -0.00468902 -3.02644
4.43121 -0.00718542 -3.00242
4.41848 -0.00968255 -2.94778
4.40603 -0.0119545 -2.96108
4.39204 -0.0148124 -2.94008
4.37905 -0.0175965 -2.93052
4.35202 -0.0240207 -2.90829
4.31699 -0.0318671 -2.92124
4.28983 -0.0389777 -2.88548
4.26425 -0.0457095 -2.88427
4.23599 -0.0531035 -2.88566
4.21083 -0.0600915 -2.87068
4.17858 -0.0724508 -2.77566
4.14274 -0.0888997 -2.71136
4.09822 -0.111392 -2.67379
4.05722 -0.137434 -2.57566
4.03069 -0.158138 -2.47901
4.00597 -0.180636 -2.40312
3.97072 -0.216059 -2.35376
3.94968 -0.237642 -2.3435
3.91943 -0.276108 -2.23717
3.89528 -0.310646 -2.18103
3.87787 -0.340791 -2.09458
3.85515 -0.385321 -2.04244
3.83445 -0.426719 -2.03452
3.8142 -0.472371 -1.98839
3.7978 -0.519603 -1.905
3.78503 -0.564174 -1.84969
3.77456 -0.603323 -1.83227
3.762 -0.651712 -1.82465
3.75134 -0.691985 -1.82964
3.7389 -0.739846 -1.82512
3.72713 -0.78694 -1.81571
3.71571 -0.832238 -1.81776
3.70404 -0.880675 -1.80727
3.70082 -0.896963 -1.76575
3.69018 -0.945795 -1.78538
3.68173 -0.994951 -1.74091
3.67388 -1.03974 -1.7443
3.66303 -1.08668 -1.79795
3.65947 -1.10571 -1.75569
3.64554 -1.15366 -1.85357
3.63285 -1.19686 -1.85663
3.61988 -1.24502 -1.83369
3.60705 -1.29089 -1.84354
3.59579 -1.33449 -1.82355
3.5838 -1.37477 -1.86022
3.57208 -1.41557 -1.85042
3.55886 -1.46192 -1.84873
3.54519 -1.50827 -1.8575
3.53837 -1.53177 -1.85319
3.5239 -1.57948 -1.86544
3.51161 -1.61505 -1.90329
3.50055 -1.6448 -1.92669
3.48845 -1.67624 -1.93839
3.47267 -1.7178 -1.93351
3.4536 -1.76355 -1.96577
3.43388 -1.80769 -1.99103
3.42107 -1.83727 -1.97951
3.4126 -1.85749 -1.96733
3.39477 -1.89587 -2.00579
3.37651 -1.93223 -2.0362
3.35488 -1.97334 -2.05512
3.33213 -2.01701 -2.05102
3.31239 -2.05024 -2.10676
3.29449 -2.07799 -2.14379
3.27235 -2.10736 -2.21668
3.24318 -2.14748 -2.19947
3.21808 -2.17921 -2.23992
3.1948 -2.20999 -2.2185
3.16564 -2.24589 -2.25304
3.13528 -2.28188 -2.27138
3.10449 -2.319 -2.26343
3.07508 -2.3536 -2.27527
3.04417 -2.39097 -2.26178
3.01393 -2.42696 -2.26968
2.98307 -2.46454 -2.25827
2.95387 -2.49804 -2.28773
2.9232 -2.53678 -2.24044
2.89535 -2.56919 -2.2807
2.86816 -2.60172 -2.26706
2.83986 -2.63597 -2.26127
2.81049 -2.66982 -2.28531
2.77962 -2.70482 -2.29364
2.74654 -2.7409 -2.31289
2.72178 -2.76752 -2.32014
2.69809 -2.79163 -2.34724
2.67172 -2.81669 -2.38157
2.63494 -2.85054 -2.39769
2.59795 -2.88403 -2.40589
2.562 -2.9176 -2.39033
2.52708 -2.9507 -2.38311
2.49203 -2.98263 -2.40259
2.45603 -3.0173 -2.37507
2.42063 -3.04848 -2.41949
2.3825 -3.0808 -2.43859
2.35409 -3.10205 -2.49931
2.32045 -3.12588 -2.52518
2.28231 -3.15371 -2.51116
2.24483 -3.1834 -2.47184
2.20691 -3.21367 -2.46783
2.16696 -3.2436 -2.49855
2.13071 -3.27182 -2.48016
2.09691 -3.29665 -2.50795
2.06323 -3.32028 -2.52986
2.02915 -3.34472 -2.51933
1.99993 -3.36432 -2.55104
1.9653 -3.38728 -2.55583
1.92297 -3.41312 -2.59365
1.89664 -3.42859 -2.6103
1.85179 -3.4507 -2.68363
1.82364 -3.46377 -2.7068
1.786 -3.48032 -2.72743
1.74423 -3.4996 -2.7091
1.7005 -3.52199 -2.66841
1.65684 -3.53969 -2.75649
1.61888 -3.55362 -2.78983
1.57242 -3.57212 -2.76271
1.52987 -3.58964 -2.75096
1.48754 -3.60543 -2.78444
1.44695 -3.62083 -2.77898
1.4018 -3.63888 -2.76128
1.35821 -3.65517 -2.78409
1.31105 -3.67172 -2.80398
1.27368 -3.68249 -2.86107
1.23682 -3.69248 -2.87678
1.21343 -3.69869 -2.88211
1.17197 -3.70838 -2.91205
1.12475 -3.72191 -2.86257
1.07678 -3.73595 -2.85686
1.04518 -3.74502 -2.86214
0.996334 -3.75504 -2.93929
0.957618 -3.76306 -2.93721
0.910441 -3.77124 -2.97002
0.861349 -3.78055 -2.95403
0.81786 -3.78906 -2.94856
0.777897 -3.79604 -2.9685
0.745271 -3.80059 -3.00309
0.69552 -3.80554 -3.04241
0.657936 -3.80865 -3.05896
0.608268 -3.81441 -3.0263
0.564075 -3.81971 -3.02214
0.520612 -3.82219 -3.08458
0.470873 -3.82729 -3.03938
0.421389 -3.83222 -3.04242
0.38318 -3.8361 -3.04022
0.344775 -3.84019 -3.03549
0.295381 -3.84753 -2.99403
0.250704 -3.85229 -3.03564
0.212092 -3.85505 -3.07005
0.172349 -3.8577 -3.07506
0.124169 -3.8629 -3.0341
0.0823478 -3.86635 -3.05931
0.0324459 -3.86945 -3.07944
-0.0143091 -3.87157 -3.09637
-0.0642754 -3.8723 -3.12702
-0.113455 -3.87451 -3.09671
-0.149233 -3.87412 -3.15244
-0.199198 -3.87279 3.11505
-0.243326 -3.86915 3.05916
-0.287996 -3.86539 3.05777
-0.318027 -3.86126 3.00478
-0.358677 -3.85458 2.97884
-0.388283 -3.84927 2.96387
-0.434345 -3.84385 3.0246
-0.468206 -3.83789 2.96733
-0.5138 -3.83074 2.98596
-0.562645 -3.82274 2.97927
-0.60243 -3.81587 2.97071
-0.639973 -3.80864 2.95117
-0.687534 -3.79867 2.93496
-0.736142 -3.78746 2.91509
-0.769926 -3.78187 2.97744
-0.816472 -3.77351 2.96394
-0.853904 -3.76704 2.97044
-0.901511 -3.7574 2.94179
-0.93371 -3.75101 2.94582
-0.982737 -3.74164 2.95256
-1.02074 -3.73334 2.92679
-1.06374 -3.7225 2.89461
-1.11041 -3.70989 2.87768
-1.15478 -3.69891 2.89902
-1.20265 -3.68449 2.84886
-1.24424 -3.67283 2.86839
-1.29245 -3.65959 2.87357
-1.33961 -3.64781 2.89685
-1.38742 -3.6338 2.85647
-1.42791 -3.62087 2.83256
-1.47538 -3.60517 2.82216
-1.52194 -3.58872 2.8019
-1.56845 -3.57158 2.78864
-1.61513 -3.55368 2.7754
-1.65713 -3.53797 2.78367
-1.69392 -3.52372 2.77211
-1.7388 -3.50168 2.6849
-1.77862 -3.47949 2.63324
-1.81525 -3.45875 2.62639
-1.85805 -3.43291 2.59854
-1.8827 -3.41851 2.61273
-1.91311 -3.39866 2.56329
-1.94857 -3.37513 2.55566
-1.99072 -3.34833 2.57537
-2.02868 -3.32451 2.58123
-2.06297 -3.30324 2.58633
-2.10446 -3.27839 2.60195
-2.14492 -3.25292 2.57969
-2.17728 -3.2329 2.58767
-2.20789 -3.21282 2.56104
-2.24892 -3.1844 2.53573
-2.28929 -3.15524 2.51603
-2.32712 -3.12604 2.48422
-2.36383 -3.09807 2.49048
-2.40246 -3.06657 2.45758
-2.43982 -3.03411 2.42626
-2.47568 -3.00441 2.44981
-2.51252 -2.97087 2.40316
-2.55117 -2.93966 2.46235
-2.5907 -2.90963 2.49187
-2.62538 -2.88038 2.44098
-2.6622 -2.84955 2.4445
-2.69831 -2.815 2.37816
-2.73417 -2.78059 2.37677
-2.75827 -2.75768 2.38178
-2.78618 -2.72852 2.33414
-2.81316 -2.69723 2.28237
-2.84356 -2.66239 2.28832
-2.87595 -2.62563 2.29303
-2.90555 -2.58915 2.25236
-2.93519 -2.55349 2.26434
-2.96491 -2.5153 2.23219
-2.9947 -2.4804 2.27722
-3.01952 -2.45069 2.2669
-3.04249 -2.4248 2.29649
-3.07154 -2.39065 2.27571
-3.10334 -2.35237 2.26394
-3.12743 -2.32367 2.26915
-3.16037 -2.28609 2.29042
-3.19165 -2.25217 2.31571
-3.226 -2.21646 2.33677
-3.25487 -2.18591 2.32789
-3.28838 -2.152 2.35039
-3.31597 -2.12201 2.31439
-3.34639 -2.08903 2.31582
-3.37012 -2.06373 2.32429
-3.39685 -2.03588 2.33572
-3.41724 -2.01542 2.3544
-3.44016 -1.99363 2.3816
-3.4603 -1.97312 2.34681
-3.47867 -1.95261 2.30141
-3.49027 -1.93924 2.28556
-3.5193 -1.90769 2.31454
-3.55034 -1.87202 2.28687
-3.58214 -1.836 2.29411
-3.60373 -1.81072 2.27769
-3.6316 -1.77546 2.23973
-3.66024 -1.7374 2.2158
-3.68186 -1.7076 2.19847
-3.70635 -1.67421 2.20352
-3.72259 -1.65181 2.19825
-3.7342 -1.63646 2.21834
-3.74434 -1.62222 2.18939
-3.75713 -1.60419 2.18786
-3.77075 -1.58684 2.23623
-3.79155 -1.56315 2.29146
-3.81695 -1.53134 2.24464
-3.8448 -1.49776 2.26309
-3.85864 -1.47951 2.21971
-3.87482 -1.45754 2.20568
-3.8938 -1.4306 2.18458
-3.90823 -1.41028 2.18787
-3.9234 -1.38873 2.18424
-3.93657 -1.37101 2.20984
-3.94508 -1.35938 2.20274
-3.94895 -1.35377 2.176
-3.9549 -1.34525 2.18007
-3.95828 -1.34052 2.1905
-3.96879 -1.32657 2.21658
-3.97622 -1.31582 2.17572
-3.98918 -1.29896 2.22619
-3.9961 -1.28993 2.22415
-4.00303 -1.28122 2.24322
-4.00826 -1.27343 2.16201
-4.01078 -1.26988 2.18737
-4.01849 -1.2596 2.21469
-4.03114 -1.24225 2.20069
-4.04145 -1.22787 2.19269
-4.0521 -1.21299 2.1923
-4.06458 -1.19528 2.1846
-4.06928 -1.1884 2.17059
-4.08421 -1.16593 2.15696
-4.0897 -1.1575 2.14882
-4.09918 -1.14313 2.15389
-4.10981 -1.12544 2.11179
-4.11623 -1.11385 2.07619
-4.1216 -1.10433 2.08518
-4.12179 -1.104 2.08176
-4.12428 -1.09939 2.06651
-4.12869 -1.09123 2.06572
-4.13188 -1.08512 2.05195
-4.13382 -1.0815 2.06458
-4.14321 -1.06447 2.07443
-4.15456 -1.04173 2.03392
-4.16307 -1.025 2.04143
-4.16913 -1.01311 2.04162
-4.17701 -0.998719 2.07164
-4.18552 -0.983139 2.07075
-4.19075 -0.973024 2.04841
-4.20076 -0.954378 2.06328
-4.20692 -0.942417 2.04665
-4.21828 -0.920286 2.04485
-4.22737 -0.904782 2.10143
-4.23356 -0.89553 2.16007
-4.24069 -0.884901 2.16154
-4.25143 -0.867296 2.11869
-4.2592 -0.853421 2.0812
-4.26188 -0.84841 2.06186
-4.27151 -0.82967 2.04538
-4.27703 -0.819133 2.0533
-4.28098 -0.811521 2.05017
-4.28561 -0.801514 2.00377
-4.29353 -0.785189 2.02246
-4.29524 -0.781232 1.97956
-4.3036 -0.762217 1.98502
-4.31342 -0.741404 2.01152
-4.31986 -0.727724 2.01067
True
0.0661556
