4.46516 0.0108914 2.83859
4.43839 0.0202659 2.80482
4.39283 0.040871 2.71682
4.34889 0.0643512 2.65085
4.3129 0.0855918 2.60846
4.27185 0.113779 2.53981
4.23115 0.142612 2.52524
4.19651 0.168029 2.50856
4.1856 0.177218 2.44162
4.15256 0.208601 2.38188
4.12121 0.242725 2.31384
4.09132 0.278372 2.26868
4.06281 0.31469 2.23635
4.03745 0.351923 2.16871
4.00925 0.393203 2.17005
3.98943 0.427329 2.09711
3.9674 0.464208 2.10926
3.94625 0.502789 2.07226
3.92351 0.546277 2.05259
3.9046 0.58075 2.07243
3.88594 0.616911 2.04713
3.86569 0.656528 2.04345
3.84365 0.701404 2.02733
3.83413 0.721072 2.02125
3.81972 0.757719 1.94564
3.80075 0.803229 1.9657
3.78046 0.848753 1.98998
3.76344 0.895761 1.91822
3.74672 0.936895 1.95682
3.73228 0.97074 1.97407
3.72161 1.00075 1.91257
3.70667 1.0479 1.87764
3.69373 1.08569 1.90059
3.68439 1.11739 1.85726
3.67525 1.15672 1.79932
3.66525 1.18985 1.86377
3.65675 1.21847 1.85948
3.64221 1.26274 1.88811
3.62703 1.3103 1.87988
3.61008 1.35734 1.91666
3.59899 1.38668 1.93212
3.58614 1.41785 1.96187
3.57004 1.4536 1.99396
3.55355 1.49276 1.96932
3.53336 1.53851 1.98633
3.51493 1.57752 2.01229
3.49346 1.62261 2.01507
3.47139 1.66741 2.02857
3.46373 1.68185 2.05845
3.44478 1.72025 2.02924
3.42119 1.76426 2.06284
3.39869 1.80866 2.03987
3.37676 1.85153 2.04361
3.35381 1.89405 2.06568
3.33265 1.92922 2.11255
3.30836 1.97288 2.07843
3.28443 2.00781 2.17157
3.2608 2.04286 2.16383
3.23825 2.0753 2.17833
3.21001 2.11553 2.18279
3.18344 2.1551 2.16223
3.16131 2.18675 2.18084
3.1306 2.22616 2.2328
3.1021 2.26357 2.22184
3.06957 2.30153 2.27928
3.03908 2.34112 2.22703
3.00619 2.37878 2.28873
2.97892 2.41315 2.24153
2.95318 2.44613 2.23352
2.92185 2.48509 2.24807
2.8916 2.52001 2.28458
2.86092 2.55425 2.30141
2.82934 2.5901 2.29301
2.79839 2.62478 2.29949
2.76676 2.65835 2.32643
2.73286 2.6951 2.31574
2.70423 2.72407 2.35048
2.66766 2.75764 2.39892
2.62901 2.78935 2.45449
2.59167 2.8226 2.41401
2.55828 2.85098 2.43708
2.52594 2.87772 2.45061
2.48793 2.90652 2.49342
2.44796 2.93656 2.49699
2.42831 2.95138 2.49551
2.38932 2.98265 2.46561
2.35994 3.00546 2.48132
2.33432 3.0254 2.48014
2.3145 3.0402 2.50021
2.27524 3.071 2.47647
2.24137 3.09765 2.47491
2.20284 3.12836 2.46868
2.16269 3.15806 2.50466
2.12308 3.18832 2.4892
2.08582 3.217 2.4857
2.05846 3.23587 2.53769
2.01757 3.26463 2.52863
1.97761 3.29393 2.50889
1.95133 3.31364 2.49802
1.91556 3.34077 2.49281
1.88551 3.36542 2.45456
1.84518 3.39484 2.51135
1.80656 3.41874 2.58749
1.76267 3.44263 2.64298
1.72284 3.46088 2.71207
1.69118 3.47438 2.73836
1.64459 3.49248 2.77123
1.61318 3.50337 2.80784
1.58003 3.51597 2.77835
1.53483 3.53355 2.77049
1.50188 3.54779 2.73386
1.45774 3.5654 2.76188
1.41092 3.58287 2.78447
1.37575 3.59513 2.80627
1.34067 3.60672 2.82254
1.29694 3.62064 2.83328
1.2492 3.63381 2.87256
1.20099 3.64644 2.8852
1.15224 3.65753 2.91807
1.11403 3.66471 2.9559
1.07446 3.67426 2.90468
1.02589 3.68601 2.90419
0.980098 3.69557 2.93576
0.934974 3.70641 2.90598
0.892137 3.71549 2.93266
0.842856 3.72388 2.97301
0.807378 3.73145 2.93136
0.781216 3.73731 2.92125
0.739087 3.74624 2.93264
0.693339 3.7561 2.92918
0.644061 3.76365 2.98973
0.594666 3.77043 3.00506
0.546606 3.77765 2.99263
0.49738 3.7864 2.96553
0.448789 3.79436 2.97932
0.39944 3.80236 2.98077
0.382254 3.80559 2.95627
0.334356 3.81052 3.03901
0.284601 3.81531 3.04548
0.235066 3.81788 3.0899
0.185739 3.82241 3.04985
0.141014 3.82467 3.0913
0.0938634 3.82612 3.11069
0.0638429 3.82629 3.13604
0.0339749 3.8261 3.14798
-0.0118518 3.82642 -3.14871
-0.0484852 3.82855 3.0836
-0.0943273 3.83174 3.07207
-0.139078 3.83349 3.10257
-0.189017 3.8353 3.1054
-0.23472 3.83552 3.13682
-0.284163 3.83553 3.14141
-0.334155 3.83482 3.15576
-0.377762 3.83367 -3.11517
-0.418161 3.83096 -3.07466
-0.464518 3.82883 -3.09577
-0.509547 3.82506 -3.05791
-0.558054 3.82021 -3.04203
-0.607447 3.81383 -3.01318
-0.647517 3.80827 -3.0037
-0.695172 3.80021 -2.97397
-0.733321 3.7917 -2.92219
-0.770062 3.78324 -2.91528
-0.818767 3.77301 -2.93455
-0.853638 3.76445 -2.90087
-0.901763 3.75399 -2.92764
-0.948825 3.74397 -2.93178
-0.99343 3.73258 -2.89159
-1.04109 3.71799 -2.84449
-1.08614 3.70304 -2.82114
-1.13248 3.68652 -2.79913
-1.17692 3.67126 -2.81093
-1.21821 3.65468 -2.75977
-1.26481 3.63851 -2.80755
-1.31148 3.62388 -2.83776
-1.35852 3.60783 -2.8128
-1.40593 3.59202 -2.81975
-1.45155 3.57528 -2.78991
-1.49768 3.55738 -2.77147
-1.54385 3.53948 -2.77166
-1.58556 3.51969 -2.69863
-1.62692 3.5004 -2.70512
-1.66993 3.48051 -2.70839
-1.70405 3.46435 -2.69942
-1.74306 3.44621 -2.70639
-1.78722 3.42772 -2.7449
-1.83085 3.40825 -2.72198
-1.87579 3.38734 -2.70601
-1.91502 3.36689 -2.66103
-1.9602 3.34638 -2.71558
-2.00176 3.3279 -2.7232
-2.04728 3.30722 -2.71513
-2.09183 3.28771 -2.72884
-2.12523 3.27349 -2.73886
-2.15756 3.26015 -2.75025
-2.20339 3.24077 -2.74163
-2.24772 3.22184 -2.73805
-2.27911 3.20806 -2.72771
-2.324 3.1862 -2.68847
-2.36524 3.16693 -2.70444
-2.40545 3.1447 -2.63667
-2.44661 3.12227 -2.64263
-2.48415 3.10104 -2.62696
-2.52394 3.07759 -2.60909
-2.56621 3.05257 -2.60704
-2.59824 3.03097 -2.54841
-2.64017 3.00542 -2.59421
-2.68308 2.9815 -2.63318
-2.72049 2.95994 -2.61857
-2.75811 2.93913 -2.63641
-2.80109 2.91445 -2.62039
-2.83437 2.89508 -2.61436
-2.86714 2.87619 -2.61885
-2.89959 2.856 -2.58497
-2.93351 2.83446 -2.57577
-2.97468 2.80838 -2.577
-3.00852 2.78838 -2.60777
-3.0318 2.77417 -2.59361
-3.05978 2.75819 -2.62271
-3.10158 2.73419 -2.62036
-3.14402 2.71096 -2.64066
-3.18309 2.68949 -2.6392
-3.20548 2.6774 -2.64623
-3.24372 2.65671 -2.64573
-3.27773 2.63628 -2.60077
-3.31765 2.61069 -2.57148
-3.35037 2.59028 -2.58374
-3.37586 2.57495 -2.60041
-3.41148 2.55595 -2.65167
-3.45033 2.53686 -2.68475
-3.48935 2.51828 -2.69723
-3.52871 2.49905 -2.68707
-3.55357 2.48771 -2.71384
-3.57997 2.47582 -2.7181
-3.60632 2.46323 -2.69594
-3.62448 2.45492 -2.71264
-3.64841 2.44558 -2.7692
-3.68564 2.43165 -2.78371
-3.70639 2.42329 -2.75841
-3.72161 2.41614 -2.70258
-3.74693 2.40395 -2.69303
-3.76471 2.39564 -2.70432
-3.77665 2.39023 -2.71597
-3.78306 2.38736 -2.71993
-3.79133 2.38326 -2.68146
-3.81574 2.36973 -2.63562
-3.83826 2.35659 -2.61342
-3.8625 2.34316 -2.63573
-3.89125 2.32925 -2.69097
-3.90765 2.32164 -2.70715
-3.93289 2.31003 -2.71021
-3.95331 2.30025 -2.6953
-3.97622 2.28914 -2.68975
-3.99866 2.27802 -2.68183
-4.0268 2.26623 -2.74485
-4.05629 2.25478 -2.77115
-4.08445 2.24376 -2.7686
-4.10678 2.23513 -2.77279
-4.12167 2.22815 -2.70321
-4.13549 2.22199 -2.72182
-4.14655 2.21658 -2.68746
-4.16427 2.20908 -2.74072
-4.16811 2.20733 -2.71521
-4.17546 2.20412 -2.72961
-4.19501 2.197 -2.79223
-4.20411 2.19394 -2.81746
-4.2054 2.19353 -2.83329
-4.20873 2.19227 -2.78074
-4.21198 2.19077 -2.70838
-4.20847 2.19257 -2.66796
-4.2081 2.19277 -2.64002
-4.21298 2.18991 -2.61208
-4.22 2.18568 -2.59875
-4.22531 2.18232 -2.57837
-4.2306 2.17882 -2.5565
-4.23606 2.17537 -2.57785
True
0.0690614
