-5.45989 1.24003 -0.0916192
-5.4191 1.23762 -0.0589947
-5.36918 1.23641 -0.0242937
-5.32457 1.23363 -0.0621819
-5.27765 1.23023 -0.0723593
-5.22854 1.22447 -0.116645
-5.17891 1.21847 -0.120279
-5.13515 1.21409 -0.0999189
-5.08545 1.20877 -0.106669
-5.03582 1.20294 -0.116947
-4.99964 1.19849 -0.122136
-4.95171 1.19259 -0.122595
-4.90847 1.18665 -0.136548
-4.85913 1.17904 -0.153075
-4.8192 1.17224 -0.168561
-4.77029 1.16367 -0.173366
-4.72827 1.1574 -0.148222
-4.67988 1.14842 -0.18343
-4.63765 1.14097 -0.174605
-4.60061 1.13453 -0.172325
-4.55174 1.12421 -0.208075
-4.50371 1.11501 -0.189315
-4.46324 1.10919 -0.142636
-4.41495 1.09982 -0.191672
-4.36867 1.09132 -0.181646
-4.32847 1.08523 -0.150511
-4.29481 1.08007 -0.151984
-4.24577 1.0707 -0.188876
-4.20292 1.06382 -0.159117
-4.15559 1.05917 -0.0978795
-4.1079 1.05157 -0.158084
-4.0618 1.04371 -0.168879
-4.01226 1.03708 -0.13295
-3.97983 1.03153 -0.169538
-3.93043 1.02593 -0.113032
-3.88289 1.0202 -0.119851
-3.84202 1.01487 -0.129645
-3.79607 1.00931 -0.120428
-3.7528 1.00247 -0.156798
-3.71185 0.997 -0.132806
-3.66237 0.990851 -0.123643
-3.61551 0.983361 -0.158497
-3.56689 0.972255 -0.224589
-3.52556 0.96384 -0.200856
-3.47951 0.955839 -0.172034
-3.43036 0.946967 -0.178559
-3.38151 0.936403 -0.212989
-3.3322 0.9282 -0.164845
-3.28549 0.920847 -0.156122
-3.24181 0.91575 -0.116175
-3.19955 0.912511 -0.0765113
-3.15307 0.90687 -0.120759
-3.10641 0.900453 -0.136683
-3.0637 0.892447 -0.185278
-3.01481 0.883242 -0.18611
-2.96767 0.873854 -0.196568
-2.92001 0.864959 -0.184504
-2.87077 0.856589 -0.168383
-2.82118 0.851589 -0.100506
-2.77365 0.84867 -0.0613163
-2.72418 0.84534 -0.0672271
-2.67491 0.84164 -0.0749465
-2.629 0.84111 -0.0115361
-2.58025 0.839613 -0.0307074
-2.53417 0.836834 -0.0602226
-2.48717 0.834084 -0.0584521
-2.44175 0.832535 -0.0340864
-2.39245 0.834032 0.0303591
-2.34278 0.837969 0.0791014
-2.30898 0.840066 0.0619726
-2.25899 0.839779 -0.00575317
-2.22534 0.839161 -0.0183511
-2.18407 0.83566 -0.0846377
-2.13423 0.831745 -0.078369
-2.08455 0.826366 -0.107873
-2.03458 0.82478 -0.0317417
-1.99566 0.823739 -0.0267371
-1.94578 0.823538 -0.00401735
-1.90465 0.822083 -0.0353755
-1.85568 0.82169 -0.0080193
-1.80982 0.820887 -0.0175002
-1.76162 0.818654 -0.0463047
-1.71268 0.816145 -0.0512178
-1.66276 0.813722 -0.0484854
-1.61277 0.812972 -0.0150076
-1.5635 0.809854 -0.063216
-1.52185 0.80698 -0.0688842
-1.47456 0.803893 -0.0651941
-1.42976 0.800089 -0.0846848
-1.38001 0.796468 -0.0726632
-1.34099 0.792957 -0.089736
-1.29132 0.788928 -0.0809554
-1.24182 0.785081 -0.0775533
-1.19647 0.782246 -0.0624253
-1.14669 0.777731 -0.0904479
-1.09721 0.773137 -0.0925947
-1.05137 0.77034 -0.0609337
-1.01206 0.766507 -0.097202
-0.968788 0.760024 -0.148715
-0.923309 0.753154 -0.149932
-0.873718 0.747568 -0.11215
-0.83321 0.744419 -0.0775961
-0.783334 0.740948 -0.0694776
-0.735849 0.734547 -0.133998
-0.689199 0.728512 -0.128655
-0.650776 0.723156 -0.138494
-0.60158 0.714493 -0.174315
-0.554628 0.704831 -0.202941
-0.50991 0.69314 -0.255717
-0.472443 0.68402 -0.238779
-0.423577 0.673478 -0.212466
-0.382353 0.665278 -0.196357
-0.333824 0.656401 -0.180912
-0.287342 0.647977 -0.179301
-0.239037 0.638236 -0.198989
-0.197379 0.628595 -0.227432
-0.150525 0.6179 -0.224398
-0.108164 0.608721 -0.213405
-0.0597599 0.598811 -0.201926
-0.0110633 0.588379 -0.211038
0.0368586 0.578886 -0.195575
0.0848504 0.569109 -0.20096
0.132396 0.5623 -0.142247
0.177951 0.5538 -0.184472
0.223076 0.546901 -0.151703
0.260452 0.541278 -0.149317
0.303012 0.534602 -0.155602
0.350529 0.527135 -0.155874
0.399572 0.520822 -0.128017
0.44662 0.512682 -0.171308
0.4942 0.504888 -0.162373
0.541394 0.499937 -0.104533
0.58645 0.494862 -0.112166
0.626361 0.49059 -0.106613
0.664604 0.485194 -0.140183
0.700858 0.47977 -0.148495
0.748953 0.475977 -0.0787125
0.792939 0.470531 -0.12318
0.842005 0.46461 -0.120096
0.8912 0.460179 -0.0898374
0.940799 0.456119 -0.0816727
0.985428 0.451484 -0.103488
1.03493 0.44557 -0.118915
1.08438 0.438453 -0.142912
1.13113 0.430574 -0.166968
1.17846 0.419268 -0.234522
1.22315 0.408734 -0.231465
1.26586 0.39841 -0.237189
1.31242 0.388436 -0.211038
1.35978 0.375262 -0.271284
1.40724 0.362384 -0.264972
1.45125 0.352564 -0.219518
1.49371 0.343521 -0.209817
1.54231 0.332548 -0.222107
1.58787 0.321109 -0.245948
1.63092 0.309512 -0.263129
1.67529 0.29692 -0.276578
1.7205 0.285407 -0.249361
1.76688 0.272828 -0.264844
1.80799 0.262286 -0.25099
1.85652 0.250271 -0.242691
1.90422 0.239731 -0.217472
1.94513 0.228681 -0.263847
1.99185 0.216356 -0.257883
2.03781 0.206231 -0.21685
2.07923 0.197066 -0.217766
2.11656 0.188925 -0.214745
2.16511 0.177107 -0.238743
2.21068 0.166463 -0.229499
2.25136 0.161527 -0.12074
2.29977 0.156709 -0.0992028
2.34967 0.153634 -0.0615313
2.3987 0.147894 -0.116557
2.44314 0.142897 -0.111967
2.48735 0.135084 -0.17489
2.52978 0.128933 -0.143972
2.57675 0.12207 -0.145084
2.62049 0.115296 -0.153657
2.66285 0.108127 -0.167653
2.71264 0.103571 -0.091241
2.76258 0.101233 -0.046781
2.81205 0.0986351 -0.0524802
2.86175 0.0945213 -0.0825833
2.91144 0.0915255 -0.060211
2.95113 0.0884818 -0.0765517
2.99705 0.0838177 -0.101211
3.04282 0.0805834 -0.070546
3.08963 0.0762034 -0.0932977
3.13177 0.0729789 -0.0763737
3.17869 0.0676416 -0.11327
3.20658 0.0638914 -0.133675
3.23905 0.0594045 -0.137287
3.28122 0.0527423 -0.156696
3.32557 0.0469743 -0.12934
3.3608 0.0426439 -0.122301
3.39779 0.0379094 -0.12728
3.44399 0.0316529 -0.134621
3.48328 0.0279495 -0.0939771
3.51692 0.0242183 -0.110462
3.54358 0.0208226 -0.126677
3.55727 0.0192061 -0.117587
3.59281 0.0149605 -0.118886
3.62992 0.0102753 -0.125601
3.67208 0.00316321 -0.167103
3.70225 -0.00450723 -0.248974
3.71598 -0.00753118 -0.216759
3.74034 -0.0119149 -0.178028
3.7836 -0.0208869 -0.204536
3.80638 -0.0253743 -0.194477
3.83156 -0.0313439 -0.23275
3.86582 -0.0385029 -0.206014
3.91235 -0.0460441 -0.16067
3.9381 -0.0507103 -0.179296
3.96485 -0.0565068 -0.213371
4.01169 -0.0655927 -0.191576
4.04327 -0.0706587 -0.159101
4.08102 -0.0760551 -0.141959
4.12653 -0.0826235 -0.143361
4.16585 -0.0873036 -0.118449
4.1945 -0.090722 -0.118787
4.23553 -0.0968638 -0.148576
4.28237 -0.105251 -0.177181
4.31317 -0.111197 -0.190704
4.35558 -0.117955 -0.158026
4.40209 -0.126137 -0.174126
4.44681 -0.134168 -0.177685
4.48378 -0.139833 -0.152095
4.50804 -0.142958 -0.128096
4.51964 -0.144427 -0.125874
4.54168 -0.146894 -0.111495
4.56278 -0.148871 -0.0933894
4.58003 -0.14971 -0.0486461
4.59067 -0.150071 -0.0338645
4.60953 -0.150144 -0.00389489
4.63586 -0.148612 0.0581167
4.65824 -0.146467 0.0955964
4.67266 -0.1452 0.0875553
4.68576 -0.143956 0.0947769
4.70517 -0.14219 0.0906842
4.72738 -0.139541 0.118754
4.75645 -0.135835 0.12679
4.78091 -0.13252 0.134712
4.81654 -0.128644 0.108365
4.84466 -0.125537 0.110034
4.8766 -0.121859 0.114659
4.90055 -0.120107 0.07301
4.91066 -0.119736 0.0366841
4.91607 -0.119573 0.0300082
4.92662 -0.119089 0.0458136
4.9335 -0.118862 0.0329857
4.95591 -0.117067 0.0799734
4.96714 -0.115464 0.141751
4.98375 -0.11383 0.098035
5.00412 -0.112121 0.0837246
5.01535 -0.111694 0.037958
5.02478 -0.11153 0.0173891
5.02891 -0.111486 0.010692
5.04471 -0.111024 0.0292411
5.06158 -0.110127 0.0530803
5.07629 -0.109268 0.0583571
5.07231 -0.109383 0.0289983
5.07686 -0.109225 0.0347174
5.08796 -0.108858 0.0330467
5.09568 -0.108634 0.0290241
5.09853 -0.10841 0.0788076
5.10978 -0.107639 0.0683956
5.11996 -0.106717 0.0903573
5.12868 -0.105841 0.100024
5.13663 -0.104821 0.127652
5.14242 -0.103898 0.158195
5.14851 -0.10307 0.134997
5.16782 -0.0997779 0.16888
5.17213 -0.0989651 0.186432
5.17926 -0.0971007 0.255725
5.18817 -0.0947639 0.256436
5.19083 -0.0940631 0.257604
5.19108 -0.0940101 0.211402
5.2018 -0.0916155 0.219743
5.21351 -0.0892377 0.200274
True
0.262736
