-5.47512 0.159793 0.159948
-5.44416 0.164646 0.155475
-5.40447 0.171113 0.161525
-5.35534 0.180235 0.183581
-5.30689 0.189645 0.191821
-5.25764 0.197926 0.166585
-5.21762 0.205358 0.183633
-5.17078 0.216697 0.237513
-5.12484 0.22538 0.186773
-5.08218 0.233648 0.19148
-5.03396 0.241774 0.166916
-4.98535 0.250409 0.175822
-4.9371 0.259241 0.181042
-4.89463 0.265764 0.152412
-4.85063 0.27159 0.131646
-4.80139 0.27991 0.167361
-4.75549 0.289269 0.201154
-4.70677 0.299359 0.204209
-4.66285 0.308129 0.19709
-4.61691 0.317871 0.20897
-4.57701 0.324922 0.174928
-4.53762 0.331566 0.167069
-4.48856 0.341214 0.194192
-4.43972 0.3519 0.215381
-4.39164 0.360834 0.183721
-4.34276 0.370169 0.188708
-4.29365 0.37879 0.173764
-4.25115 0.386957 0.189887
-4.20277 0.396205 0.188887
-4.15767 0.404257 0.17664
-4.11404 0.41077 0.148213
-4.06877 0.416587 0.127761
-4.02348 0.422084 0.120807
-3.98828 0.426327 0.119952
-3.93917 0.432757 0.130183
-3.89465 0.437557 0.107414
-3.84715 0.443272 0.119736
-3.79733 0.447378 0.0822225
-3.74848 0.45366 0.127913
-3.69911 0.460879 0.145197
-3.65182 0.465476 0.0968974
-3.60245 0.468933 0.0699083
-3.55673 0.473232 0.0937414
-3.51749 0.474255 0.0260736
-3.46756 0.476887 0.0526688
-3.41993 0.480051 0.0663354
-3.37416 0.484504 0.0969713
-3.32475 0.490271 0.116194
-3.2768 0.4947 0.0921133
-3.22738 0.498821 0.083182
-3.17765 0.504029 0.104369
-3.12836 0.507126 0.0627361
-3.07928 0.511192 0.0826432
-3.03049 0.515894 0.0960911
-2.98093 0.520335 0.0893664
-2.9344 0.524617 0.0917845
-2.89512 0.528048 0.0871167
-2.84593 0.532233 0.0848754
-2.7968 0.539114 0.139144
-2.74863 0.545113 0.123915
-2.70724 0.550607 0.131956
-2.67693 0.554264 0.120074
-2.63631 0.559036 0.11694
-2.58724 0.563029 0.0811985
-2.55138 0.565855 0.0786254
-2.50567 0.568386 0.0553312
-2.45639 0.571169 0.0564011
-2.40746 0.576079 0.100018
-2.3629 0.580808 0.105717
-2.31949 0.587638 0.156076
-2.27569 0.595214 0.171265
-2.22802 0.602448 0.150604
-2.17992 0.60986 0.152905
-2.13072 0.618181 0.167541
-2.08185 0.626775 0.17408
-2.03915 0.636949 0.233889
-1.99385 0.646443 0.206593
-1.95441 0.653505 0.177177
-1.91024 0.662093 0.192041
-1.86134 0.671969 0.19926
-1.81325 0.682844 0.222429
-1.76955 0.693465 0.238399
-1.72413 0.703844 0.224657
-1.67701 0.715683 0.246158
-1.62961 0.726379 0.221948
-1.58131 0.73921 0.259669
-1.53478 0.751113 0.250392
-1.48744 0.763254 0.251081
-1.43884 0.77411 0.219744
-1.40734 0.779913 0.18221
-1.36813 0.786483 0.166035
-1.32317 0.795134 0.19007
-1.27421 0.80469 0.192778
-1.22637 0.8135 0.18208
-1.17779 0.822375 0.180704
-1.13559 0.830816 0.197432
-1.08967 0.841128 0.220892
-1.0419 0.852777 0.239181
-0.995218 0.864109 0.238152
-0.949337 0.874763 0.228175
-0.917567 0.881859 0.21975
-0.870394 0.893972 0.251344
-0.831999 0.902403 0.216155
-0.792217 0.911218 0.218067
-0.743646 0.922546 0.229122
-0.695163 0.9346 0.243684
-0.651752 0.947114 0.280669
-0.60433 0.962795 0.319341
-0.563138 0.974983 0.287685
-0.514924 0.988179 0.267145
-0.469578 0.99898 0.233836
-0.421135 1.00842 0.192555
-0.37458 1.01878 0.218859
-0.325591 1.02878 0.201304
-0.278485 1.03763 0.185835
-0.230965 1.04808 0.216318
-0.181954 1.05772 0.194368
-0.132725 1.06645 0.175375
-0.0838396 1.07503 0.17379
-0.0379713 1.08328 0.178067
0.0103313 1.09213 0.181126
0.0595421 1.10015 0.161486
0.10418 1.10835 0.181834
0.147023 1.11485 0.150462
0.192661 1.1224 0.164014
0.234566 1.13044 0.189519
0.283602 1.14021 0.196634
0.332361 1.15128 0.223204
0.369989 1.1608 0.247926
0.400185 1.16742 0.215868
0.439665 1.17934 0.293238
0.474654 1.19085 0.317804
0.519096 1.20539 0.316054
0.563523 1.21784 0.273201
0.609189 1.2323 0.30666
0.649248 1.24347 0.272034
0.696145 1.25562 0.253443
0.744886 1.26673 0.224221
0.779715 1.27447 0.218555
0.826024 1.28551 0.233976
0.863302 1.29608 0.276269
0.910691 1.30756 0.237755
0.956572 1.31867 0.237632
1.00237 1.33035 0.249778
1.05132 1.34016 0.197775
1.10073 1.3478 0.153372
1.14786 1.35478 0.147021
1.18886 1.35784 0.0744372
1.22695 1.36086 0.0791273
1.26097 1.36328 0.0709101
1.30576 1.36799 0.104863
1.35549 1.37196 0.0797277
1.4048 1.37652 0.0920797
1.45361 1.37924 0.0557463
1.50215 1.38247 0.0664416
1.54662 1.3875 0.112575
1.58616 1.39137 0.0975724
1.62999 1.39467 0.0752233
1.6652 1.39646 0.0506152
1.71513 1.39801 0.0310525
1.7651 1.39956 0.0310028
1.81088 1.40153 0.0430701
1.84405 1.40234 0.0243733
1.89368 1.40501 0.0537272
1.94176 1.40565 0.0133521
1.99175 1.40646 0.0161672
2.03714 1.40679 0.00732661
2.08651 1.40588 -0.0185087
2.13628 1.40431 -0.0313597
2.1834 1.40562 0.0277584
2.23163 1.40887 0.0673228
2.28117 1.41147 0.0522609
2.32821 1.41529 0.0811531
2.37817 1.41742 0.0425178
2.42344 1.41936 0.0427849
2.47317 1.42196 0.0522235
2.51942 1.42321 0.027119
2.56641 1.4264 0.0676996
2.61358 1.42989 0.0738687
2.66266 1.43265 0.0562467
2.71114 1.43528 0.0540983
2.76084 1.43673 0.0292454
2.80914 1.43762 0.0183372
2.85434 1.43698 -0.0140576
2.90045 1.43634 -0.0138565
2.94181 1.43453 -0.0436415
2.98474 1.43269 -0.0429154
3.03415 1.4304 -0.0462696
3.084 1.4304 -2.94223e-05
3.1325 1.42987 -0.0109791
3.17594 1.43036 0.0111803
3.22089 1.43135 0.0221096
3.26376 1.43446 0.0723833
3.30929 1.43731 0.0625823
3.35213 1.43972 0.0562879
3.3948 1.44289 0.0739993
3.43792 1.44587 0.069147
3.47543 1.44745 0.0419334
3.51024 1.44949 0.0585218
3.55641 1.45362 0.0893309
3.60492 1.45896 0.10952
3.64395 1.46457 0.142937
3.6867 1.47301 0.194902
3.72129 1.47941 0.1828
3.75251 1.48543 0.190681
3.77897 1.49078 0.199404
3.81681 1.4984 0.198639
3.85465 1.50445 0.158625
3.88798 1.51014 0.169188
3.92338 1.51624 0.170529
3.95121 1.52053 0.152822
3.98427 1.52526 0.142126
3.99801 1.52686 0.115955
4.0047 1.5275 0.0954601
4.00945 1.52812 0.129341
4.02385 1.52953 0.0975947
4.04325 1.53097 0.0741685
4.07323 1.53383 0.0951817
4.10172 1.53738 0.124069
4.13048 1.54203 0.16028
4.1695 1.54899 0.176368
4.20153 1.55505 0.187097
4.24116 1.56316 0.201764
4.28651 1.57333 0.220715
4.32526 1.58225 0.226261
4.36854 1.59147 0.20986
4.40866 1.60015 0.213087
4.44126 1.60531 0.156849
4.46403 1.60871 0.148406
4.48957 1.61219 0.135242
4.51125 1.6151 0.133605
4.52234 1.61675 0.147315
4.54259 1.61934 0.127542
4.55499 1.62078 0.115307
4.57311 1.62279 0.110517
4.60367 1.62608 0.107366
4.62477 1.6283 0.104671
4.64471 1.63042 0.105811
4.67392 1.63444 0.136908
4.69996 1.63682 0.0910468
4.73245 1.64026 0.105366
4.76049 1.64363 0.119899
4.77458 1.64497 0.09491
4.78419 1.64588 0.0935559
4.79046 1.64643 0.0884292
4.79705 1.64709 0.0990415
4.80135 1.64741 0.074457
4.81271 1.64849 0.094966
4.82403 1.64981 0.115813
4.84968 1.65312 0.128505
4.8538 1.65344 0.0781604
4.86587 1.65436 0.0756781
4.87568 1.65505 0.0706599
4.89129 1.65554 0.0310725
4.90266 1.65587 0.0287208
4.90916 1.65638 0.0791707
4.9182 1.65744 0.116268
4.91994 1.65765 0.12302
4.94334 1.66023 0.109724
4.95327 1.66108 0.0853788
4.96107 1.66195 0.111265
4.97066 1.66299 0.108019
4.97596 1.66367 0.127766
4.99231 1.66601 0.141955
5.01614 1.66949 0.145234
5.03914 1.67217 0.115861
5.0643 1.67599 0.150631
5.08699 1.67993 0.172044
5.10524 1.68307 0.170103
5.11817 1.6862 0.237447
5.12943 1.68944 0.280543
5.13596 1.69151 0.306879
5.14893 1.69562 0.306822
5.16119 1.70059 0.385308
5.17057 1.70484 0.425675
5.17995 1.70907 0.423017
5.17879 1.70861 0.376268
5.18625 1.71142 0.359729
5.19837 1.71628 0.381885
5.19727 1.71584 0.384969
5.20348 1.71839 0.389588
True
0.244391
