-5.4785 1.51156 -0.0770879
-5.43389 1.50888 -0.0599826
-5.38418 1.50421 -0.0937641
-5.34008 1.50108 -0.0708428
-5.29087 1.49815 -0.0594813
-5.24229 1.4945 -0.0749834
-5.20212 1.491 -0.0869512
-5.15291 1.48682 -0.0846548
-5.10299 1.48542 -0.0281041
-5.05698 1.4856 0.00383379
-5.01369 1.48688 0.0295494
-4.96775 1.48841 0.0333436
-4.92756 1.4881 -0.00773431
-4.87824 1.48782 -0.00568079
-4.8293 1.48395 -0.0789009
-4.78842 1.48149 -0.0600616
-4.7396 1.47893 -0.0523266
-4.6914 1.47577 -0.0655342
-4.64415 1.47501 -0.0160858
-4.59415 1.47585 0.0168954
-4.54492 1.47651 0.0133631
-4.50258 1.4759 -0.0144287
-4.45431 1.47722 0.0273403
-4.40505 1.47986 0.0535796
-4.35505 1.47969 -0.00344223
-4.31625 1.47788 -0.0465658
-4.26797 1.47365 -0.087481
-4.22425 1.46937 -0.0974662
-4.18679 1.46411 -0.139612
-4.13746 1.45853 -0.112608
-4.08921 1.45222 -0.130075
-4.04275 1.44775 -0.0958673
-3.99488 1.44485 -0.0605764
-3.95412 1.44206 -0.0681733
-3.90802 1.43712 -0.106891
-3.86176 1.43137 -0.123631
-3.81879 1.42674 -0.107292
-3.77512 1.42089 -0.133173
-3.72587 1.41462 -0.126723
-3.67637 1.40764 -0.139928
-3.62724 1.40294 -0.0954712
-3.57727 1.40158 -0.027071
-3.52913 1.39868 -0.0602921
-3.48021 1.3963 -0.0485933
-3.43226 1.3914 -0.1019
-3.39317 1.38705 -0.110633
-3.34424 1.3801 -0.141157
-3.29583 1.37385 -0.128342
-3.24846 1.36712 -0.141108
-3.20645 1.36048 -0.156834
-3.16369 1.35518 -0.123275
-3.11504 1.34815 -0.1435
-3.07253 1.34242 -0.133974
-3.02437 1.33717 -0.108603
-2.97902 1.33409 -0.0677792
-2.92956 1.32931 -0.0965296
-2.87973 1.32527 -0.0808606
-2.83749 1.3226 -0.063025
-2.78787 1.32069 -0.0385267
-2.74202 1.31858 -0.0459567
-2.70534 1.31774 -0.022919
-2.65574 1.31584 -0.0383716
-2.60986 1.31166 -0.0907793
-2.56013 1.30777 -0.0780536
-2.51092 1.30252 -0.106277
-2.46125 1.29867 -0.0774543
-2.41885 1.29688 -0.0421316
-2.36997 1.29294 -0.0804628
-2.32599 1.29165 -0.0293273
-2.2761 1.28871 -0.058748
-2.22645 1.28457 -0.0831894
-2.17696 1.27949 -0.102256
-2.12726 1.27615 -0.0672568
-2.07888 1.27303 -0.0643726
-2.03766 1.27126 -0.0428259
-1.99122 1.26868 -0.0555275
-1.95989 1.26884 0.00494838
-1.91501 1.26839 -0.00983033
-1.86992 1.2663 -0.0463018
-1.82223 1.26497 -0.0279853
-1.78286 1.26369 -0.0325828
-1.73306 1.26206 -0.0326066
-1.68307 1.26124 -0.0163697
-1.6381 1.26101 -0.00517874
-1.58811 1.26075 -0.00524354
-1.53907 1.26162 0.0176717
-1.48959 1.26262 0.020349
-1.43996 1.26317 0.0110375
-1.39613 1.26394 0.0175183
-1.36005 1.2661 0.0597772
-1.31875 1.26722 0.0271208
-1.27583 1.26651 -0.0164779
-1.22697 1.26576 -0.0152684
-1.17963 1.26524 -0.0110269
-1.13481 1.26388 -0.0303556
-1.08495 1.26386 -0.000338957
-1.03637 1.26189 -0.0406071
-1.00095 1.26256 0.0189057
-0.950952 1.2631 0.0107323
-0.901106 1.26487 0.0355004
-0.862947 1.26459 -0.007367
-0.813032 1.26499 0.00800045
-0.763054 1.26635 0.0272882
-0.717123 1.26506 -0.0281159
-0.667298 1.26484 -0.00437061
-0.617585 1.26758 0.0550936
-0.569094 1.27178 0.0863597
-0.523239 1.27438 0.0566384
-0.478379 1.27694 0.0570594
-0.431697 1.28075 0.0813337
-0.381808 1.28399 0.0649085
-0.332024 1.28823 0.0849741
-0.298507 1.29038 0.0639859
-0.262048 1.29394 0.097457
-0.218968 1.30087 0.159469
-0.170111 1.31081 0.200639
-0.137364 1.31614 0.161328
-0.0882357 1.32468 0.172218
-0.0443587 1.33126 0.148871
0.00481792 1.33921 0.160148
0.0501238 1.34546 0.137139
0.0914996 1.351 0.133211
0.12621 1.35468 0.105552
0.175741 1.36064 0.119642
0.219402 1.36473 0.0935196
0.269026 1.36957 0.0971581
0.315335 1.37353 0.0853177
0.361226 1.37667 0.0683789
0.405492 1.3777 0.023302
0.455389 1.37749 -0.00423742
0.504716 1.37889 0.0283911
0.552393 1.38049 0.0335246
0.600308 1.38191 0.0296671
0.650307 1.38231 0.00803457
0.691732 1.38265 0.00805447
0.741633 1.38434 0.0339821
0.791327 1.38604 0.034096
0.836967 1.38874 0.0590599
0.884058 1.39059 0.0393237
0.928777 1.39107 0.010757
0.978337 1.39167 0.011983
1.02485 1.39184 0.00373926
1.07302 1.39235 0.0106637
1.1228 1.39452 0.0435472
1.16988 1.3954 0.0186957
1.21911 1.398 0.0526988
1.2605 1.40077 0.0669021
1.31016 1.40564 0.0976991
1.34594 1.4079 0.063188
1.39475 1.41199 0.083552
1.44328 1.41503 0.0626223
1.48915 1.41744 0.0523175
1.53697 1.41924 0.037678
1.57737 1.4196 0.00902114
1.61771 1.41829 -0.0326544
1.66306 1.41675 -0.0338824
1.713 1.41417 -0.0515725
1.75253 1.41206 -0.053259
1.80055 1.40813 -0.0818035
1.84276 1.4046 -0.0833599
1.88387 1.39923 -0.130007
1.93211 1.39543 -0.0784979
1.98181 1.39336 -0.041693
2.02829 1.39123 -0.0458055
2.07797 1.38634 -0.0981487
2.12614 1.38047 -0.121121
2.1758 1.3746 -0.117616
2.22362 1.36799 -0.13755
2.27333 1.36274 -0.105114
2.32248 1.35621 -0.132057
2.36294 1.35086 -0.131585
2.41239 1.34433 -0.131168
2.45543 1.33974 -0.106208
2.49781 1.3342 -0.130009
2.53935 1.32722 -0.166668
2.58871 1.31963 -0.152403
2.63832 1.31378 -0.117484
2.6877 1.3083 -0.110468
2.71839 1.30488 -0.11104
2.76806 1.30155 -0.0669916
2.81767 1.29664 -0.0985649
2.85873 1.29101 -0.136285
2.90811 1.28335 -0.153849
2.95767 1.27725 -0.122507
3.00389 1.27003 -0.155018
3.05124 1.26036 -0.20139
3.09807 1.25135 -0.190069
3.14256 1.24214 -0.204177
3.1869 1.23275 -0.208577
3.23012 1.22253 -0.232199
3.26874 1.21361 -0.227167
3.31518 1.20096 -0.265817
3.35584 1.19201 -0.216612
3.39819 1.18282 -0.213866
3.43782 1.17244 -0.25601
3.48105 1.16389 -0.195447
3.52651 1.15529 -0.186848
3.55231 1.15087 -0.169883
3.56918 1.14849 -0.139636
3.59997 1.14492 -0.115452
3.63655 1.13947 -0.148095
3.6856 1.13307 -0.12977
3.72005 1.12943 -0.105276
3.74605 1.12694 -0.0951565
3.78139 1.12428 -0.0753313
3.81417 1.12124 -0.0924709
3.85931 1.1164 -0.106742
3.90455 1.11202 -0.0964963
3.94365 1.10858 -0.0877512
3.97989 1.10585 -0.0750946
4.01989 1.1005 -0.133045
4.05768 1.09486 -0.14823
4.10035 1.08738 -0.173572
4.13887 1.08161 -0.148536
4.16254 1.07833 -0.137723
4.19687 1.07366 -0.135121
4.23598 1.06816 -0.139738
4.26879 1.06462 -0.107578
4.30377 1.06062 -0.113847
4.33904 1.05635 -0.120402
4.38271 1.05014 -0.141304
4.42088 1.04294 -0.186495
4.45268 1.03702 -0.184125
4.47086 1.03357 -0.187049
4.50778 1.02791 -0.152326
4.54127 1.02309 -0.142951
4.57 1.01864 -0.153474
4.59197 1.01571 -0.13258
4.6258 1.01101 -0.137971
4.63878 1.00912 -0.144647
4.65648 1.00652 -0.146337
4.6766 1.0037 -0.138929
4.68694 1.0023 -0.135208
4.69344 1.00151 -0.120956
4.71386 0.998773 -0.133015
4.72477 0.997677 -0.100094
4.74378 0.995022 -0.138816
4.74669 0.994565 -0.155421
4.75862 0.992786 -0.148022
4.76382 0.991992 -0.151639
4.78465 0.98926 -0.13042
4.78936 0.98894 -0.0677892
4.78802 0.989003 -0.0462448
4.7888 0.988953 -0.0636684
4.80285 0.988225 -0.0517182
4.82356 0.986998 -0.0591603
4.8451 0.986204 -0.0368741
4.86552 0.985057 -0.0561274
4.88016 0.984348 -0.0483864
4.89737 0.983269 -0.0626239
4.93155 0.982911 -0.010476
4.96016 0.981873 -0.0362394
4.98668 0.981905 0.00120493
5.02774 0.981042 -0.0210164
5.06045 0.982041 0.0305261
5.0786 0.982286 0.0135111
5.09749 0.98251 0.0118885
5.10838 0.982475 -0.00325485
5.12359 0.982245 -0.0150805
5.1397 0.981781 -0.0288386
5.16231 0.981128 -0.0288561
5.17732 0.980364 -0.0508733
5.18356 0.979841 -0.0835143
5.18928 0.979582 -0.0453662
5.19844 0.979143 -0.0478916
5.20259 0.978962 -0.0434789
5.21014 0.978649 -0.0414383
5.21542 0.978338 -0.0588735
5.23441 0.977316 -0.0537636
True
0.241539
