4.46729 0.00757511 2.91399
4.43748 0.0159276 2.86844
4.41258 0.025611 2.77067
4.4008 0.0309787 2.71399
4.37809 0.04257 2.66972
4.34965 0.0607902 2.57188
4.31163 0.0896415 2.49239
4.27253 0.120399 2.47506
4.23659 0.151687 2.42532
4.21348 0.171661 2.42889
4.1906 0.192019 2.41435
4.15751 0.228449 2.30817
4.1256 0.266893 2.2637
4.10379 0.296215 2.21015
4.08 0.331895 2.159
4.05252 0.373556 2.15387
4.02724 0.413522 2.13477
4.00263 0.456786 2.08807
3.97938 0.500626 2.05839
3.95948 0.539043 2.04863
3.93749 0.582379 2.0404
3.91967 0.623449 1.98017
3.90085 0.668566 1.96609
3.88388 0.711696 1.94566
3.86492 0.757957 1.95975
3.84645 0.80431 1.94993
3.83655 0.830117 1.93701
3.83018 0.847134 1.9289
3.819 0.875855 1.94204
3.81311 0.895459 1.86264
3.79893 0.942502 1.86361
3.78574 0.984827 1.87295
3.77091 1.02929 1.89269
3.75455 1.07616 1.90668
3.74084 1.11657 1.89772
3.72754 1.15138 1.93593
3.72123 1.17089 1.88329
3.71138 1.20467 1.85471
3.69649 1.25113 1.88092
3.68142 1.29757 1.88463
3.66542 1.3444 1.89997
3.65251 1.38208 1.9009
3.64769 1.39444 1.94209
3.63633 1.42205 1.96119
3.62123 1.45769 1.97166
3.61124 1.48297 1.94709
3.59427 1.52384 1.96446
3.5749 1.56947 1.97221
3.55775 1.61055 1.96614
3.54113 1.65638 1.91882
3.52631 1.69556 1.93235
3.50768 1.74181 1.95383
3.48785 1.78767 1.97891
3.47164 1.81945 2.04233
3.44668 1.86277 2.09341
3.42222 1.90637 2.08216
3.39806 1.95001 2.07642
3.38111 1.98056 2.07741
3.36031 2.01686 2.09101
3.33514 2.05815 2.11836
3.30931 2.09838 2.14161
3.282 2.14023 2.14886
3.25543 2.1813 2.14494
3.23161 2.21653 2.16547
3.20617 2.25913 2.10915
3.18273 2.29271 2.18025
3.15484 2.33007 2.212
3.12487 2.37009 2.2136
3.09583 2.40961 2.20445
3.0724 2.44407 2.16793
3.04627 2.48548 2.13369
3.01929 2.52659 2.15152
2.99329 2.56645 2.1489
2.98149 2.58462 2.1465
2.97128 2.60027 2.14885
2.94569 2.64234 2.11733
2.92704 2.66997 2.16454
2.89947 2.70868 2.18965
2.87671 2.73674 2.25228
2.84555 2.77408 2.26626
2.8145 2.8117 2.26077
2.78171 2.84745 2.31306
2.7473 2.88309 2.3387
2.71028 2.91669 2.40454
2.67289 2.94981 2.41668
2.63862 2.97997 2.41986
2.60203 3.01051 2.44611
2.56776 3.03793 2.46684
2.53095 3.06662 2.47945
2.49383 3.09519 2.4857
2.45502 3.12662 2.46077
2.41726 3.15678 2.46767
2.38056 3.1853 2.48106
2.34338 3.21771 2.42455
2.31113 3.24403 2.45713
2.27737 3.27024 2.48141
2.23699 3.29974 2.51065
2.19668 3.32931 2.50867
2.15674 3.35924 2.49846
2.12027 3.38748 2.48273
2.08196 3.41605 2.50091
2.04158 3.44526 2.51525
2.00086 3.4702 2.59205
1.97357 3.48634 2.60749
1.92968 3.51031 2.64181
1.89031 3.53195 2.63893
1.84514 3.55322 2.70158
1.81037 3.57045 2.68136
1.7711 3.58981 2.68379
1.72744 3.61281 2.65663
1.69168 3.62952 2.70451
1.65453 3.64878 2.66316
1.62422 3.66453 2.66242
1.57943 3.68674 2.68125
1.53532 3.70856 2.68227
1.48944 3.72703 2.75887
1.44694 3.74197 2.80356
1.40145 3.75833 2.79627
1.36365 3.77156 2.80499
1.32312 3.78475 2.82701
1.2787 3.79917 2.82766
1.23304 3.81275 2.85252
1.18536 3.82645 2.86175
1.14028 3.83619 2.92885
1.09396 3.84549 2.94345
1.04662 3.85379 2.96797
0.997468 3.86295 2.95729
0.948227 3.87163 2.96722
0.904618 3.88016 2.94832
0.859625 3.88719 2.98667
0.811932 3.89571 2.96483
0.769314 3.9016 3.00425
0.719934 3.90942 2.98459
0.670437 3.91471 3.03499
0.620753 3.91971 3.04144
0.573341 3.92108 3.1127
0.534942 3.92524 3.03353
0.4866 3.92753 3.09431
0.436602 3.9273 3.14627
0.386651 3.92518 -3.09931
0.336656 3.92588 -3.15562
0.287364 3.92688 3.12136
0.237396 3.92864 3.10647
0.194575 3.93161 3.07217
0.146434 3.93438 3.08425
0.0999768 3.935 3.12818
0.0509258 3.93546 3.13228
0.00267827 3.93429 3.16574
-0.0472627 3.93628 -3.18141
-0.0928788 3.93784 3.10752
-0.132691 3.93879 3.11765
-0.177285 3.9394 3.12793
-0.225627 3.93961 3.13727
-0.275599 3.9399 3.13584
-0.32557 3.93855 3.16846
-0.374951 3.93439 -3.05741
-0.418197 3.93237 -3.09489
-0.459946 3.93176 -3.12702
-0.50127 3.93008 -3.10093
-0.54636 3.92735 -3.08117
-0.595975 3.92115 -3.01735
-0.645035 3.9156 -3.02892
-0.690304 3.90987 -3.01574
-0.739732 3.90409 -3.0251
-0.789212 3.89809 -3.02091
-0.837497 3.89211 -3.01846
-0.878488 3.88396 -2.94533
-0.922608 3.87309 -2.89987
-0.964785 3.86213 -2.88745
-1.00474 3.85152 -2.88216
-1.05227 3.836 -2.82584
-1.09799 3.82283 -2.86113
-1.14558 3.80754 -2.83071
-1.19252 3.79045 -2.79252
-1.23841 3.77436 -2.80423
-1.28549 3.7585 -2.81666
-1.32692 3.74344 -2.79298
-1.37424 3.72737 -2.8142
-1.41781 3.71153 -2.79287
-1.46468 3.69472 -2.79733
-1.5071 3.67896 -2.78587
-1.55055 3.66293 -2.78807
-1.59745 3.64636 -2.80203
-1.63618 3.63123 -2.76927
-1.68026 3.61591 -2.80711
-1.72341 3.59989 -2.78608
-1.77068 3.58367 -2.8111
-1.81574 3.56519 -2.75238
-1.8608 3.54553 -2.73
-1.90481 3.52553 -2.71521
-1.94848 3.50388 -2.68128
-1.99309 3.48139 -2.67457
-2.03716 3.46008 -2.69127
-2.08223 3.43845 -2.69409
-2.12606 3.41733 -2.6926
-2.17058 3.39463 -2.67006
-2.21494 3.37157 -2.66221
-2.25618 3.34985 -2.65691
-2.29989 3.32671 -2.65464
-2.33803 3.30795 -2.68442
-2.37038 3.29237 -2.69282
-2.41584 3.27158 -2.71272
-2.45923 3.25166 -2.71119
-2.50185 3.23034 -2.67771
-2.54601 3.20855 -2.68316
-2.58993 3.18539 -2.65634
-2.63329 3.16073 -2.62455
-2.65592 3.14645 -2.57856
-2.69743 3.11958 -2.56708
-2.73545 3.0925 -2.52276
-2.77535 3.06441 -2.52813
-2.81456 3.03662 -2.52507
-2.85595 3.01022 -2.57381
-2.89739 2.98343 -2.56762
-2.93666 2.95717 -2.55217
-2.97131 2.93339 -2.54012
-3.00955 2.90708 -2.53893
-3.03649 2.8895 -2.56351
-3.07521 2.86449 -2.56805
-3.10576 2.84364 -2.54299
-3.12918 2.82738 -2.53451
-3.15343 2.8103 -2.5279
-3.18217 2.78896 -2.50279
-3.20631 2.7693 -2.45827
-3.2393 2.74178 -2.44644
-3.27307 2.71613 -2.49193
-3.29126 2.7024 -2.49508
-3.30037 2.6953 -2.47966
-3.31338 2.68449 -2.44782
-3.33601 2.66483 -2.42658
-3.35794 2.64753 -2.4736
-3.37022 2.63726 -2.44504
-3.37517 2.63326 -2.46203
-3.3851 2.62548 -2.47678
-3.40207 2.61249 -2.48815
-3.42029 2.59838 -2.48294
-3.43376 2.58754 -2.46386
-3.4437 2.57899 -2.43099
-3.45458 2.56935 -2.41697
-3.4684 2.55681 -2.40464
-3.48393 2.54262 -2.40111
-3.49704 2.53027 -2.38595
-3.51875 2.5106 -2.40549
-3.53988 2.49133 -2.40232
-3.56284 2.46842 -2.35721
-3.57735 2.455 -2.39506
-3.60034 2.43407 -2.40312
-3.61946 2.41633 -2.39365
-3.63117 2.40546 -2.3934
-3.64645 2.39142 -2.3987
-3.65465 2.38249 -2.31318
-3.65155 2.38561 -2.35287
-3.65499 2.3821 -2.34619
-3.66531 2.37176 -2.35544
-3.67321 2.36387 -2.35626
-3.67636 2.36073 -2.35895
-3.68649 2.35093 -2.37247
-3.69324 2.34423 -2.36034
-3.69772 2.33919 -2.29753
-3.7089 2.32654 -2.29428
-3.70928 2.32617 -2.36494
-3.71715 2.31851 -2.36999
-3.73394 2.3029 -2.39243
-3.75286 2.28453 -2.37112
-3.76703 2.27059 -2.36436
-3.7821 2.25476 -2.33163
-3.782 2.25487 -2.3151
-3.80111 2.23666 -2.3805
-3.80939 2.22922 -2.40948
-3.82871 2.21265 -2.43285
-3.85122 2.19074 -2.36948
-3.86222 2.1794 -2.34098
-3.87698 2.16279 -2.29739
-3.88101 2.1587 -2.34851
-3.89241 2.14694 -2.34074
-3.90378 2.13514 -2.33748
-3.90811 2.13047 -2.31902
-3.91597 2.1218 -2.30715
-3.92326 2.11395 -2.31891
-3.92449 2.1126 -2.31045
-3.93391 2.10237 -2.31518
-3.94306 2.09295 -2.34122
-3.95332 2.08217 -2.33189
-3.96379 2.07203 -2.37227
-3.96997 2.06609 -2.37613
-3.97294 2.06326 -2.37945
-3.97539 2.06076 -2.34568
-3.98438 2.05074 -2.3021
-3.99786 2.03515 -2.28393
-4.0143 2.01861 -2.35285
-4.03033 2.00156 -2.32546
-4.03547 1.99601 -2.3182
-4.0399 1.99151 -2.34833
-4.0454 1.98564 -2.32342
-4.0604 1.96943 -2.31742
-4.0727 1.95629 -2.32304
-4.08964 1.93844 -2.33035
-4.10049 1.92693 -2.32649
-4.11251 1.91533 -2.37391
-4.12275 1.90541 -2.3721
-4.13419 1.89344 -2.33337
-4.13902 1.88701 -2.21554
-4.14677 1.87575 -2.17351
-4.15341 1.8663 -2.18329
-4.16005 1.85674 -2.17812
-4.1624 1.85375 -2.23601
-4.16737 1.84784 -2.26999
-4.1784 1.83547 -2.29911
-4.19105 1.82109 -2.29243
-4.20471 1.8065 -2.32319
-4.2075 1.80311 -2.25928
-4.20628 1.80448 -2.30177
-4.20517 1.80579 -2.27358
-4.20796 1.80239 -2.2579
-4.2095 1.8005 -2.25721
-4.21552 1.79279 -2.23357
-4.22499 1.78072 -2.2361
-4.2319 1.7722 -2.25208
-4.24407 1.75759 -2.26538
-4.25679 1.74254 -2.27241
True
0.172374
