-5.47637 1.0882 -0.0175448
-5.46509 1.08862 0.0370045
-5.42493 1.08831 -0.0077141
-5.37504 1.09124 0.0587224
-5.33592 1.09282 0.0403649
-5.28827 1.09629 0.0727353
-5.24743 1.09846 0.052903
-5.19774 1.10217 0.0745719
-5.14805 1.10435 0.0439133
-5.10803 1.10534 0.024623
-5.05871 1.10744 0.0425217
-5.01654 1.10862 0.0281714
-4.97998 1.10876 0.00365918
-4.93228 1.10675 -0.0419578
-4.88417 1.10373 -0.0628406
-4.83487 1.10151 -0.04485
-4.7963 1.09877 -0.0711503
-4.75442 1.09633 -0.0581171
-4.70954 1.09166 -0.103777
-4.66773 1.08531 -0.150693
-4.61836 1.07757 -0.155471
-4.57247 1.06802 -0.205186
-4.52477 1.06034 -0.159577
-4.47553 1.05175 -0.172689
-4.4269 1.04289 -0.180312
-4.38128 1.03429 -0.186393
-4.33446 1.02725 -0.149156
-4.28628 1.01929 -0.163659
-4.25192 1.01515 -0.119947
-4.2024 1.00855 -0.132572
-4.1533 1.00482 -0.0757972
-4.10883 1.00093 -0.0873096
-4.06329 0.998633 -0.050329
-4.01702 0.997641 -0.0214338
-3.96961 0.998606 0.0203433
-3.91971 1.00124 0.0527754
-3.87477 1.00391 0.0593155
-3.82643 1.00558 0.0345993
-3.78945 1.00713 0.0419105
-3.74306 1.00915 0.0434421
-3.69473 1.01255 0.0702881
-3.64616 1.01415 0.0327939
-3.60352 1.01414 -0.000227854
-3.55374 1.01428 0.00280444
-3.51481 1.01378 -0.0128705
-3.46493 1.01187 -0.0381791
-3.4156 1.01039 -0.0300652
-3.36592 1.00822 -0.0436675
-3.31609 1.00743 -0.0157351
-3.27064 1.00634 -0.0239232
-3.22425 1.0063 -0.00105148
-3.17431 1.00855 0.04508
-3.12665 1.01066 0.0443789
-3.07698 1.01324 0.0518967
-3.03354 1.01403 0.0179968
-2.98481 1.01465 0.0128068
-2.93911 1.01354 -0.0243935
-2.89448 1.01097 -0.0573505
-2.84732 1.0075 -0.0734294
-2.79753 1.00303 -0.0896833
-2.75626 1.00011 -0.0705805
-2.70984 0.995872 -0.0910153
-2.67375 0.993879 -0.0551821
-2.62526 0.992522 -0.0279766
-2.5781 0.989274 -0.0687495
-2.53673 0.987772 -0.0362941
-2.50376 0.986422 -0.0409424
-2.4547 0.985327 -0.0223125
-2.4165 0.983486 -0.0481357
-2.36668 0.980122 -0.0674336
-2.32455 0.97538 -0.112095
-2.27635 0.970771 -0.0953305
-2.2441 0.968078 -0.0833134
-2.19463 0.965653 -0.0489733
-2.16292 0.964822 -0.0261846
-2.11552 0.961764 -0.0644411
-2.06566 0.958181 -0.0717497
-2.02618 0.955414 -0.0699605
-1.97699 0.951901 -0.0712973
-1.93029 0.94934 -0.0547868
-1.88281 0.946444 -0.0609173
-1.83333 0.941715 -0.0952735
-1.78343 0.940159 -0.0311784
-1.73796 0.940069 -0.00197677
-1.69875 0.940657 0.0149946
-1.64888 0.94226 0.0321312
-1.60401 0.944078 0.0404969
-1.55909 0.946138 0.0458244
-1.50947 0.945969 -0.00341049
-1.45991 0.947847 0.0378883
-1.40993 0.946816 -0.0206332
-1.36664 0.945654 -0.0268382
-1.32512 0.944592 -0.0255573
-1.27513 0.943703 -0.0177909
-1.22777 0.941597 -0.0444291
-1.1799 0.939071 -0.0527268
-1.13422 0.937954 -0.0244414
-1.08511 0.937534 -0.00855042
-1.04015 0.937955 0.00935182
-0.991439 0.938504 0.0112758
-0.944451 0.938837 0.00709565
-0.894475 0.939272 0.00868748
-0.848341 0.938723 -0.0118997
-0.801257 0.938102 -0.0131888
-0.754432 0.935723 -0.0507463
-0.70467 0.932761 -0.059451
-0.662646 0.93161 -0.0273836
-0.612799 0.927895 -0.0743909
-0.563533 0.922968 -0.0996809
-0.515116 0.919294 -0.0757382
-0.468474 0.916071 -0.0689865
-0.422731 0.912622 -0.0752565
-0.373032 0.908526 -0.0822411
-0.323295 0.905359 -0.0635924
-0.27375 0.904335 -0.0206557
-0.236327 0.903636 -0.0186884
-0.192546 0.903463 -0.00393659
-0.144301 0.900706 -0.0570806
-0.0960266 0.899939 -0.0159039
-0.0524155 0.898607 -0.030515
-0.00499899 0.900057 0.0305685
0.0447932 0.903198 0.0630032
0.0943334 0.906732 0.0712081
0.141502 0.908299 0.0332088
0.185691 0.910163 0.0421494
0.235623 0.910755 0.0118665
0.285522 0.912206 0.0290582
0.335397 0.911733 -0.00948128
0.383054 0.914175 0.0511978
0.432116 0.915206 0.02101
0.477617 0.916853 0.0361903
0.526898 0.918356 0.0304785
0.576848 0.91938 0.0205059
0.624721 0.921223 0.0384718
0.673992 0.92298 0.0356497
0.72378 0.923719 0.0148453
0.764356 0.923986 0.00658839
0.814329 0.923821 -0.00331737
0.861495 0.923578 -0.00515042
0.911144 0.923155 -0.00851795
0.95671 0.925267 0.0463294
1.00642 0.928938 0.0737032
1.05502 0.932541 0.0739892
1.10459 0.938876 0.127141
1.15285 0.941888 0.0623307
1.19544 0.944947 0.0716963
1.24534 0.947932 0.0597446
1.28963 0.949472 0.0347504
1.33961 0.949357 -0.00229857
1.38542 0.94887 -0.0106163
1.43276 0.948091 -0.0164676
1.48181 0.947651 -0.00896405
1.5289 0.947928 0.0058739
1.57888 0.948617 0.0137876
1.62886 0.949391 0.0154778
1.67883 0.950867 0.0295345
1.72749 0.953382 0.0516375
1.77082 0.955328 0.0448794
1.81801 0.95691 0.0335114
1.86429 0.956667 -0.00525111
1.89962 0.957122 0.0128946
1.9487 0.958879 0.0357856
1.99518 0.961753 0.0617381
2.04024 0.962416 0.0147324
2.08957 0.965071 0.0537741
2.12787 0.96635 0.0333598
2.16997 0.969027 0.0635191
2.21972 0.971618 0.0520279
2.26133 0.974863 0.0778276
2.31005 0.979175 0.0882813
2.3569 0.98388 0.100087
2.40599 0.990785 0.139743
2.45339 0.995393 0.0968949
2.50317 0.99923 0.0769328
2.55078 1.00148 0.0472411
2.59708 1.00314 0.0359262
2.64412 1.00672 0.0759419
2.68522 1.0074 0.0163605
2.73005 1.00781 0.0091569
2.77991 1.01038 0.0515411
2.82236 1.01254 0.0508444
2.86654 1.01352 0.0221116
2.91589 1.01569 0.0439255
2.95605 1.01696 0.0318406
2.99463 1.01974 0.0717586
3.02759 1.02121 0.0445707
3.0672 1.0226 0.035045
3.11201 1.0244 0.0403252
3.15856 1.02483 0.00917549
3.20443 1.02552 0.0149096
3.24396 1.02675 0.0311135
3.29136 1.02751 0.0160597
3.33923 1.0291 0.0332469
3.3818 1.0293 0.00480873
3.42139 1.02988 0.0144192
3.46488 1.03124 0.0313043
3.50478 1.03447 0.0808244
3.55118 1.03656 0.0449575
3.59088 1.03831 0.0442204
3.63475 1.04228 0.090147
3.66466 1.04647 0.139081
3.69754 1.04984 0.102418
3.72902 1.0536 0.118849
3.75621 1.05561 0.0737429
3.77184 1.0568 0.0758829
3.78591 1.05815 0.0952777
3.80134 1.05929 0.0742746
3.82983 1.06209 0.0979668
3.86941 1.06616 0.102313
3.91154 1.06929 0.074321
3.95098 1.07133 0.0515761
3.99563 1.07166 0.00740467
4.02015 1.07191 0.0101468
4.05009 1.07392 0.067023
4.08107 1.07632 0.0773126
4.10769 1.07803 0.0641708
4.14417 1.08113 0.0848298
4.1809 1.08398 0.0773824
4.21662 1.08522 0.0345914
4.25562 1.08666 0.037026
4.29564 1.08671 0.00117566
4.33592 1.08397 -0.0679476
4.37204 1.08126 -0.0746771
4.39405 1.08038 -0.0403596
4.43071 1.0799 -0.0129357
4.47214 1.08164 0.0418823
4.50808 1.08281 0.0326542
4.53317 1.08431 0.0595244
4.55708 1.086 0.0705589
4.5865 1.08771 0.0581674
4.60167 1.08809 0.0248176
4.62355 1.08892 0.0381564
4.6615 1.08964 0.0189656
4.69921 1.0898 0.0040702
4.73069 1.0895 -0.00939561
4.74876 1.08919 -0.0173128
4.76577 1.08817 -0.0596005
4.77871 1.08744 -0.056148
4.79013 1.08669 -0.0655849
4.80176 1.08585 -0.0723319
4.81616 1.08447 -0.0954584
4.82943 1.08296 -0.113562
4.84396 1.08136 -0.109735
4.8574 1.08014 -0.0905547
4.87446 1.07848 -0.0966385
4.87761 1.07811 -0.11675
4.89439 1.07589 -0.131947
4.90347 1.07495 -0.102929
4.90828 1.07453 -0.0880092
4.91757 1.07372 -0.0865196
4.93647 1.07304 -0.0357086
4.9568 1.07333 0.0139626
4.99414 1.07446 0.0303089
5.01699 1.07605 0.069338
5.02921 1.07703 0.0805598
5.04244 1.07843 0.105291
5.05075 1.07937 0.112926
5.05206 1.07948 0.0799984
5.06317 1.08008 0.0536983
5.066 1.08017 0.0341349
5.06898 1.08042 0.0814222
5.08016 1.08167 0.111948
5.0925 1.08282 0.0923422
5.10176 1.08399 0.125733
5.10857 1.0846 0.0902236
5.12111 1.0858 0.0950389
5.12411 1.08607 0.0896971
5.13336 1.08706 0.106444
5.14894 1.08938 0.147926
5.15834 1.09115 0.186577
5.15972 1.09133 0.131569
5.1702 1.09255 0.115253
5.18349 1.09383 0.0965357
5.20379 1.0953 0.0719563
5.2021 1.09519 0.0644031
5.20456 1.09547 0.113657
5.22444 1.09821 0.137074
True
0.259757
