-5.48088 0.62937 -0.17112
-5.43176 0.620968 -0.169402
-5.39179 0.614427 -0.162207
-5.34612 0.607854 -0.142933
-5.29799 0.602744 -0.105789
-5.26024 0.597435 -0.139703
-5.21448 0.590964 -0.140507
-5.1654 0.581643 -0.187689
-5.11615 0.573205 -0.169674
-5.07655 0.567012 -0.155122
-5.03571 0.559109 -0.191139
-4.99528 0.550771 -0.20342
-4.94981 0.543165 -0.165718
-4.90749 0.536131 -0.164699
-4.85861 0.527692 -0.170948
-4.80986 0.516613 -0.223501
-4.76228 0.504887 -0.241622
-4.71366 0.493356 -0.232881
-4.66714 0.481713 -0.245208
-4.61807 0.472157 -0.192332
-4.57131 0.467253 -0.1045
-4.52192 0.461351 -0.11894
-4.47321 0.45582 -0.113048
-4.42442 0.447088 -0.17712
-4.38929 0.441331 -0.162455
-4.34186 0.435639 -0.119408
-4.30108 0.430316 -0.129794
-4.26127 0.423739 -0.163746
-4.23135 0.419764 -0.132073
-4.18151 0.416143 -0.0725163
-4.14026 0.41249 -0.0883314
-4.09317 0.407385 -0.107995
-4.04428 0.399908 -0.151739
-3.99566 0.391008 -0.181075
-3.94909 0.384886 -0.130716
-3.90476 0.378247 -0.14862
-3.86467 0.368755 -0.232538
-3.82384 0.362222 -0.158657
-3.77402 0.357983 -0.0848849
-3.72509 0.351827 -0.125127
-3.67717 0.346069 -0.119589
-3.62735 0.341927 -0.0829512
-3.58351 0.338731 -0.0727885
-3.53599 0.332725 -0.125709
-3.48659 0.325188 -0.151416
-3.44083 0.317225 -0.172294
-3.39332 0.308387 -0.183904
-3.348 0.300634 -0.169432
-3.3049 0.292948 -0.17646
-3.26334 0.285695 -0.172789
-3.22235 0.27837 -0.176866
-3.17644 0.269076 -0.199718
-3.13214 0.261298 -0.173822
-3.08309 0.253228 -0.163044
-3.03332 0.248803 -0.0886738
-2.98692 0.243118 -0.121922
-2.9408 0.236029 -0.152511
-2.89569 0.230731 -0.116919
-2.84642 0.223508 -0.145561
-2.79676 0.218814 -0.0942346
-2.74716 0.212527 -0.126103
-2.69766 0.206335 -0.124427
-2.64906 0.201461 -0.099959
-2.60065 0.195667 -0.119117
-2.55084 0.191492 -0.0836135
-2.50245 0.188289 -0.06611
-2.45378 0.187388 -0.0185097
-2.40761 0.188231 0.0182598
-2.38118 0.18918 0.0358923
-2.3444 0.18826 -0.0250249
-2.29773 0.186416 -0.0394968
-2.24825 0.180743 -0.114124
-2.1993 0.174151 -0.133878
-2.15015 0.165556 -0.173122
-2.1008 0.157673 -0.158406
-2.0555 0.148343 -0.203117
-2.00676 0.137295 -0.222881
-1.96761 0.129717 -0.191242
-1.92023 0.119561 -0.211153
-1.88466 0.112216 -0.203648
-1.83529 0.10442 -0.156601
-1.78944 0.0999661 -0.0968318
-1.7402 0.0932387 -0.13578
-1.69219 0.0858522 -0.152662
-1.64662 0.0820923 -0.0823224
-1.59746 0.0778294 -0.0864975
-1.54783 0.0718995 -0.118914
-1.50264 0.0647196 -0.157569
-1.45394 0.0549867 -0.197252
-1.40707 0.0468408 -0.17209
-1.36129 0.0371173 -0.209269
-1.31888 0.0277632 -0.217108
-1.27137 0.0183373 -0.195857
-1.225 0.00682312 -0.243383
-1.1831 -0.00286831 -0.227293
-1.13469 -0.0153968 -0.253273
-1.09153 -0.0244762 -0.207328
-1.04336 -0.035808 -0.231032
-0.997757 -0.0471685 -0.244162
-0.954904 -0.0574176 -0.234753
-0.915121 -0.0669786 -0.235858
-0.868942 -0.0775786 -0.225634
-0.831849 -0.0836156 -0.161336
-0.784117 -0.0928725 -0.191557
-0.745939 -0.101366 -0.2189
-0.703408 -0.112211 -0.249671
-0.655834 -0.124296 -0.248765
-0.61437 -0.136033 -0.275844
-0.566425 -0.150084 -0.285088
-0.537506 -0.158907 -0.296123
-0.490094 -0.170051 -0.23085
-0.444249 -0.181271 -0.240025
-0.404756 -0.190315 -0.225118
-0.362065 -0.19948 -0.211469
-0.323131 -0.208628 -0.230774
-0.284079 -0.218898 -0.257175
-0.23676 -0.229876 -0.227974
-0.195466 -0.238371 -0.202876
-0.147701 -0.249679 -0.232472
-0.103033 -0.260229 -0.231933
-0.0546745 -0.270888 -0.216952
-0.00767839 -0.279342 -0.177976
0.0406627 -0.287738 -0.171967
0.0855651 -0.297093 -0.205395
0.125556 -0.306744 -0.236809
0.169026 -0.315104 -0.189993
0.212653 -0.324316 -0.208102
0.256555 -0.33273 -0.189362
0.305943 -0.339573 -0.137668
0.353126 -0.346015 -0.135692
0.396772 -0.353203 -0.163228
0.439539 -0.3601 -0.159904
0.48594 -0.371099 -0.232741
0.524381 -0.379764 -0.221707
0.572945 -0.39127 -0.232633
0.621009 -0.400433 -0.188384
0.664448 -0.408176 -0.176391
0.706678 -0.418291 -0.235104
0.747845 -0.426638 -0.200029
0.793767 -0.434987 -0.179849
0.842159 -0.443382 -0.171767
0.890352 -0.451544 -0.167776
0.937131 -0.460535 -0.189884
0.986496 -0.467688 -0.143893
1.03002 -0.474511 -0.155522
1.07836 -0.48421 -0.198002
1.1174 -0.490931 -0.17048
1.16428 -0.497791 -0.145291
1.20993 -0.504059 -0.136448
1.25787 -0.511025 -0.144307
1.30528 -0.517841 -0.142775
1.35285 -0.526931 -0.188817
1.40199 -0.534068 -0.144228
1.45041 -0.545369 -0.22932
1.49705 -0.55506 -0.204856
1.53802 -0.565031 -0.238722
1.58405 -0.57616 -0.237245
1.62467 -0.585365 -0.222808
1.66703 -0.595725 -0.23987
1.71083 -0.605545 -0.220551
1.75856 -0.616555 -0.226752
1.80584 -0.626289 -0.203039
1.84712 -0.63504 -0.208876
1.895 -0.644163 -0.188285
1.94335 -0.65407 -0.202113
1.9917 -0.662272 -0.168038
2.03566 -0.6696 -0.16515
2.08113 -0.678366 -0.190485
2.12945 -0.688086 -0.198481
2.17365 -0.697427 -0.208293
2.22029 -0.705492 -0.171204
2.26571 -0.711781 -0.137611
2.3121 -0.717253 -0.11741
2.36071 -0.722959 -0.116847
2.40735 -0.727201 -0.0906923
2.44533 -0.731041 -0.100777
2.48592 -0.735117 -0.100077
2.53118 -0.740883 -0.126722
2.58044 -0.74698 -0.12314
2.62346 -0.7522 -0.120751
2.6676 -0.757179 -0.112324
2.70576 -0.762779 -0.145729
2.74605 -0.766466 -0.0912402
2.79442 -0.772692 -0.12804
2.83516 -0.777752 -0.123552
2.8712 -0.78306 -0.146233
2.92063 -0.789803 -0.135575
2.9686 -0.798187 -0.173018
3.01226 -0.805778 -0.172145
3.05175 -0.813611 -0.195788
3.09796 -0.823277 -0.206256
3.14073 -0.831801 -0.19671
3.18603 -0.841293 -0.206516
3.22816 -0.85105 -0.227592
3.27481 -0.861808 -0.226664
3.31739 -0.87044 -0.200017
3.36618 -0.880725 -0.207763
3.40496 -0.889151 -0.213963
3.45405 -0.898398 -0.186192
3.48222 -0.903689 -0.185634
3.52389 -0.909794 -0.145462
3.56594 -0.914334 -0.107547
3.60586 -0.917452 -0.0779571
3.64443 -0.9219 -0.114799
3.68375 -0.926633 -0.119814
3.70029 -0.927652 -0.0615156
3.74045 -0.930159 -0.062348
3.78543 -0.933014 -0.0633786
3.82936 -0.93718 -0.0945561
3.84216 -0.938682 -0.116852
3.86075 -0.9414 -0.145143
3.88026 -0.943303 -0.0972786
3.90963 -0.944985 -0.0572025
3.93596 -0.946486 -0.0569187
3.94806 -0.947077 -0.048844
3.95518 -0.947468 -0.0548701
3.98607 -0.948731 -0.0408352
4.01526 -0.949485 -0.0258505
4.04425 -0.951428 -0.0669162
4.08113 -0.955187 -0.101579
4.11279 -0.958235 -0.0959562
4.12709 -0.959909 -0.116531
4.16688 -0.964967 -0.126428
4.18918 -0.968101 -0.139624
4.2295 -0.974978 -0.168973
4.26472 -0.980884 -0.166129
4.29095 -0.985445 -0.172194
4.33075 -0.994002 -0.211767
4.37402 -1.00299 -0.204707
4.40932 -1.01027 -0.203392
4.42947 -1.01406 -0.185883
4.45701 -1.0201 -0.216169
4.48487 -1.02644 -0.223711
4.51061 -1.03199 -0.212258
4.52526 -1.03524 -0.218574
4.53012 -1.03642 -0.23729
4.53789 -1.03852 -0.264285
4.55299 -1.04233 -0.246759
4.58402 -1.05012 -0.246087
4.61497 -1.05906 -0.281158
4.62981 -1.06344 -0.28742
4.64354 -1.06822 -0.334701
4.6538 -1.0716 -0.318443
4.66956 -1.07684 -0.320589
4.6801 -1.08036 -0.322867
4.6861 -1.08231 -0.314521
4.70171 -1.08745 -0.318103
4.72634 -1.09575 -0.325111
4.74273 -1.10147 -0.335727
4.76434 -1.10897 -0.333741
4.77925 -1.11449 -0.354891
4.78826 -1.11767 -0.33954
4.79821 -1.12094 -0.316951
4.81921 -1.12767 -0.310334
4.83936 -1.13505 -0.350886
4.85783 -1.14224 -0.371312
4.88903 -1.15519 -0.393406
4.92909 -1.17155 -0.387692
4.95509 -1.18198 -0.381763
4.97918 -1.191 -0.357954
5.01265 -1.20185 -0.313499
5.0285 -1.20683 -0.304668
5.04201 -1.21088 -0.29154
5.05199 -1.21384 -0.288072
5.06021 -1.21599 -0.255747
5.07279 -1.21921 -0.250017
5.07702 -1.22007 -0.202105
5.08843 -1.22239 -0.200147
5.10814 -1.22554 -0.158659
5.12231 -1.22811 -0.179649
5.13494 -1.23078 -0.207756
5.14363 -1.23244 -0.189374
5.15493 -1.2356 -0.272716
5.16174 -1.23764 -0.290854
5.16184 -1.23768 -0.324996
5.18163 -1.24354 -0.288038
5.18833 -1.2454 -0.271226
5.19186 -1.24631 -0.251418
5.19686 -1.24751 -0.236803
5.20314 -1.24896 -0.226141
5.21182 -1.25054 -0.180265
True
0.0667233
