-5.48247 -0.471473 -0.119574
-5.45633 -0.474296 -0.107586
-5.40974 -0.478151 -0.0825563
-5.36149 -0.4834 -0.108378
-5.3118 -0.486333 -0.0589489
-5.26389 -0.48828 -0.0406086
-5.21501 -0.491804 -0.0719699
-5.16609 -0.49466 -0.0583074
-5.11634 -0.49806 -0.0682494
-5.07129 -0.499905 -0.0409381
-5.02365 -0.500599 -0.0145536
-4.97382 -0.502384 -0.0358164
-4.9255 -0.506116 -0.0770634
-4.87803 -0.508491 -0.0499935
-4.82857 -0.511337 -0.0574667
-4.78658 -0.513525 -0.052076
-4.73697 -0.516618 -0.0622705
-4.68727 -0.51711 -0.00989114
-4.64204 -0.516259 0.0188111
-4.59291 -0.515064 0.0243168
-4.55712 -0.512893 0.060591
-4.50733 -0.510641 0.0451836
-4.45916 -0.510566 0.00156189
-4.41443 -0.511676 -0.0248126
-4.3683 -0.513794 -0.0458706
-4.31851 -0.512752 0.020913
-4.27091 -0.513376 -0.0130972
-4.22092 -0.514634 -0.0251725
-4.17096 -0.515859 -0.0245107
-4.12544 -0.517058 -0.0263216
-4.07561 -0.51773 -0.0134944
-4.02779 -0.517801 -0.00149279
-3.97803 -0.520643 -0.0570388
-3.93074 -0.520387 0.00542392
-3.88307 -0.520181 0.00432262
-3.83627 -0.521101 -0.0196586
-3.78893 -0.52315 -0.0432615
-3.73908 -0.52429 -0.0228687
-3.68917 -0.526847 -0.0511861
-3.64677 -0.528329 -0.0349515
-3.60406 -0.530857 -0.0591011
-3.55481 -0.531958 -0.0223569
-3.50793 -0.535384 -0.0729646
-3.45869 -0.53917 -0.0767411
-3.41089 -0.544975 -0.120832
-3.36104 -0.548567 -0.0719528
-3.31261 -0.553725 -0.106096
-3.26539 -0.558866 -0.108425
-3.22319 -0.563661 -0.113149
-3.1852 -0.567959 -0.112665
-3.14486 -0.574313 -0.156214
-3.09533 -0.580398 -0.122252
-3.0629 -0.585925 -0.168779
-3.01519 -0.594149 -0.170715
-2.96578 -0.601179 -0.141318
-2.91611 -0.606738 -0.111454
-2.86675 -0.614056 -0.147198
-2.82292 -0.620803 -0.152739
-2.78611 -0.625494 -0.12675
-2.74184 -0.63029 -0.107932
-2.69534 -0.636399 -0.130626
-2.64691 -0.639656 -0.0671482
-2.5972 -0.645007 -0.107233
-2.54761 -0.647626 -0.0527528
-2.50127 -0.649633 -0.0433023
-2.45185 -0.654047 -0.0890567
-2.40398 -0.657269 -0.0672193
-2.3557 -0.66025 -0.0616669
-2.30586 -0.662601 -0.0471154
-2.25608 -0.666914 -0.0864467
-2.20759 -0.671734 -0.0990729
-2.15861 -0.673683 -0.039776
-2.10889 -0.67683 -0.063193
-2.06405 -0.678195 -0.0304443
-2.01414 -0.679851 -0.0331642
-1.9643 -0.681821 -0.0395
-1.92505 -0.682551 -0.0186027
-1.87536 -0.683014 -0.0093118
-1.82584 -0.686959 -0.0794923
-1.78538 -0.68911 -0.053119
-1.73544 -0.691423 -0.0462848
-1.68547 -0.692915 -0.0298594
-1.63548 -0.693496 -0.0116146
-1.58577 -0.696181 -0.0539701
-1.54125 -0.696043 0.00310672
-1.4941 -0.696354 -0.00660379
-1.44919 -0.695757 0.0133085
-1.39998 -0.696195 -0.00890529
-1.35145 -0.696878 -0.0140813
-1.30471 -0.698624 -0.0373368
-1.25678 -0.703829 -0.108163
-1.21121 -0.706034 -0.0483583
-1.16129 -0.708154 -0.0424476
-1.11152 -0.712423 -0.0855532
-1.0721 -0.716026 -0.0911456
-1.02718 -0.719263 -0.0719366
-0.986138 -0.72082 -0.0379245
-0.938875 -0.722664 -0.0389776
-0.889196 -0.722136 0.0106223
-0.846186 -0.72229 -0.00358046
-0.801198 -0.722335 -0.000998173
-0.756413 -0.724626 -0.051111
-0.715742 -0.726786 -0.0530669
-0.670431 -0.729896 -0.0685275
-0.623195 -0.732616 -0.0575295
-0.576757 -0.735679 -0.0658603
-0.527307 -0.737764 -0.0421446
-0.478067 -0.738796 -0.0209456
-0.43619 -0.741241 -0.0583197
-0.388039 -0.743802 -0.0531268
-0.341687 -0.746778 -0.0641343
-0.293595 -0.749578 -0.0581586
-0.245572 -0.753452 -0.0804936
-0.202925 -0.756754 -0.0772614
-0.153101 -0.760928 -0.0835849
-0.104379 -0.767716 -0.13843
-0.0552413 -0.773119 -0.109521
-0.0149393 -0.776632 -0.0869296
0.0349975 -0.779039 -0.0481671
0.0828127 -0.782883 -0.080227
0.129386 -0.788271 -0.115183
0.179291 -0.79122 -0.0590176
0.228989 -0.793548 -0.0468046
0.277588 -0.795083 -0.0315711
0.325424 -0.799298 -0.0878929
0.371979 -0.802907 -0.0773579
0.417683 -0.804698 -0.0391808
0.466385 -0.808643 -0.0808224
0.513372 -0.810286 -0.0349479
0.559947 -0.814359 -0.0872368
0.609608 -0.819796 -0.109045
0.65868 -0.822977 -0.0647418
0.701921 -0.825298 -0.0536265
0.74967 -0.827853 -0.0534491
0.798803 -0.82845 -0.0121481
0.846112 -0.829854 -0.0296773
0.894396 -0.832364 -0.0519342
0.943818 -0.832583 -0.00443514
0.993316 -0.832691 -0.00217742
1.04302 -0.833715 -0.0205898
1.08921 -0.834822 -0.0239772
1.13539 -0.837933 -0.0672589
1.18278 -0.840412 -0.0522641
1.22755 -0.842226 -0.0404981
1.26781 -0.842646 -0.0104252
1.30462 -0.843671 -0.0278468
1.35137 -0.845612 -0.0414955
1.39341 -0.846197 -0.013915
1.44212 -0.846187 0.000207764
1.4893 -0.845199 0.0209386
1.53527 -0.845049 0.00326193
1.58377 -0.84671 -0.0342256
1.63186 -0.848756 -0.0425127
1.68111 -0.851818 -0.0621159
1.73089 -0.856456 -0.0928982
1.78007 -0.86331 -0.138475
1.82975 -0.868786 -0.109779
1.87915 -0.875491 -0.134902
1.92059 -0.878937 -0.0829664
1.9686 -0.880864 -0.0401149
2.01736 -0.884763 -0.0797763
2.06713 -0.885898 -0.0228118
2.11712 -0.886311 -0.00825672
2.16362 -0.885825 0.010455
2.21327 -0.882298 0.0709203
2.24588 -0.880784 0.0463772
2.29544 -0.877223 0.0717275
2.34073 -0.874139 0.0679956
2.39066 -0.871488 0.0530517
2.43981 -0.870574 0.0185769
2.48702 -0.869828 0.0158074
2.53272 -0.87285 -0.0660397
2.57149 -0.875466 -0.067364
2.61241 -0.880389 -0.119722
2.66052 -0.883793 -0.0706534
2.69947 -0.886867 -0.0787584
2.74616 -0.89026 -0.0725413
2.78591 -0.892216 -0.049147
2.82835 -0.893448 -0.0290353
2.86948 -0.895737 -0.0555961
2.91286 -0.896987 -0.0288002
2.95576 -0.899392 -0.0559962
3.00195 -0.902003 -0.0564676
3.04282 -0.904419 -0.0590433
3.08702 -0.907916 -0.0789672
3.12856 -0.910225 -0.0555291
3.17641 -0.912842 -0.0546324
3.22605 -0.91593 -0.0621357
3.25248 -0.919311 -0.12719
3.28417 -0.923634 -0.135596
3.32001 -0.928904 -0.146007
3.36434 -0.935765 -0.153544
3.40058 -0.942294 -0.178248
3.43627 -0.949057 -0.187303
3.47743 -0.956987 -0.190326
3.51071 -0.963626 -0.196894
3.54994 -0.971277 -0.192584
3.57882 -0.976462 -0.17767
3.61987 -0.981383 -0.119311
3.66384 -0.990252 -0.199041
3.70361 -0.999798 -0.235546
3.74407 -1.01033 -0.254764
3.78405 -1.02083 -0.25682
3.82711 -1.03251 -0.264744
3.87221 -1.04554 -0.281276
3.90681 -1.05563 -0.283935
3.94855 -1.06812 -0.290674
3.99305 -1.08048 -0.27098
4.03088 -1.08859 -0.210992
4.06306 -1.09499 -0.19634
4.09562 -1.10169 -0.203099
4.13221 -1.10921 -0.202538
4.16768 -1.11575 -0.182414
4.19817 -1.12097 -0.169739
4.23646 -1.12788 -0.178499
4.27393 -1.13574 -0.206615
4.29675 -1.14075 -0.216459
4.32374 -1.14568 -0.180444
4.36267 -1.15287 -0.18257
4.40684 -1.16014 -0.163306
4.44951 -1.16811 -0.184658
4.48937 -1.17617 -0.199401
4.53616 -1.1862 -0.211136
4.573 -1.19322 -0.188376
4.60252 -1.19944 -0.207531
4.64766 -1.20918 -0.212549
4.67669 -1.21584 -0.22542
4.70653 -1.2235 -0.251493
4.7406 -1.23277 -0.265616
4.77902 -1.24354 -0.273161
4.81427 -1.25176 -0.229324
4.83973 -1.2579 -0.236551
4.84853 -1.25954 -0.184447
4.86763 -1.26317 -0.187623
4.89165 -1.26779 -0.189997
4.91162 -1.27074 -0.14663
4.91538 -1.27115 -0.108007
4.92365 -1.27176 -0.0747642
4.93761 -1.27306 -0.0927526
4.95216 -1.27401 -0.0651245
4.96419 -1.27449 -0.0393219
4.98841 -1.27551 -0.0421173
4.99558 -1.27598 -0.0662734
5.01267 -1.27691 -0.0541667
5.02087 -1.27663 0.0339212
5.03658 -1.27633 0.0194269
5.05786 -1.2755 0.038848
5.07544 -1.27441 0.0619785
5.07527 -1.27442 0.049529
5.08503 -1.27381 0.0623278
5.10263 -1.27302 0.0444773
5.12873 -1.27169 0.0510542
5.13896 -1.27178 -0.00870458
5.14897 -1.27114 0.0633328
5.16605 -1.26973 0.0826237
5.17218 -1.26924 0.0797454
5.18415 -1.26831 0.0774166
5.18773 -1.26814 0.0489435
5.1984 -1.268 0.0127561
5.20757 -1.26774 0.0282057
5.22218 -1.26748 0.0177211
5.22936 -1.26723 0.0349018
5.23661 -1.26681 0.0577363
True
0.275151
