-5.47364 1.37154 -0.359952
-5.43577 1.35785 -0.346869
-5.39704 1.34369 -0.350544
-5.34995 1.32696 -0.341399
-5.3055 1.30828 -0.397829
-5.25893 1.29007 -0.372817
-5.21682 1.27305 -0.383971
-5.17407 1.25924 -0.312491
-5.12874 1.24311 -0.341778
-5.09052 1.22989 -0.333103
-5.04679 1.21471 -0.334156
-4.99908 1.20016 -0.295988
-4.96174 1.18791 -0.316937
-4.91813 1.17289 -0.331757
-4.87206 1.15761 -0.320161
-4.83085 1.14383 -0.322741
-4.7841 1.12656 -0.353867
-4.73758 1.11048 -0.332734
-4.6915 1.09168 -0.387482
-4.6475 1.07481 -0.366105
-4.60177 1.05564 -0.396952
-4.55502 1.03797 -0.361315
-4.50941 1.02087 -0.358762
-4.46577 1.00325 -0.383696
-4.42129 0.985169 -0.386096
-4.3758 0.966559 -0.38832
-4.32902 0.949128 -0.356687
-4.2848 0.933183 -0.346039
-4.23797 0.915849 -0.354568
-4.19825 0.900622 -0.366068
-4.15219 0.8813 -0.397154
-4.10828 0.864443 -0.366564
-4.06951 0.847754 -0.406497
-4.02466 0.826126 -0.449307
-3.98404 0.808155 -0.416514
-3.94501 0.793764 -0.353243
-3.89976 0.775953 -0.375006
-3.85321 0.758303 -0.362429
-3.80861 0.742458 -0.341336
-3.76246 0.725987 -0.342877
-3.71642 0.706986 -0.391381
-3.66996 0.689229 -0.365081
-3.6244 0.672913 -0.343883
-3.58463 0.65861 -0.345265
-3.54306 0.64621 -0.28989
-3.49644 0.629195 -0.349921
-3.45279 0.612661 -0.36205
-3.40915 0.59579 -0.368914
-3.3679 0.578509 -0.396731
-3.32254 0.561985 -0.349364
-3.28365 0.546909 -0.369845
-3.23871 0.531501 -0.330284
-3.19364 0.514516 -0.36037
-3.14755 0.496527 -0.372092
-3.10269 0.479329 -0.366122
-3.06007 0.461412 -0.397982
-3.02193 0.444368 -0.420232
-2.97811 0.422374 -0.465148
-2.93283 0.401297 -0.435718
-2.88903 0.381242 -0.429385
-2.84531 0.360883 -0.435792
-2.80581 0.342522 -0.435064
-2.76392 0.325158 -0.392996
-2.7224 0.307215 -0.407917
-2.68041 0.290026 -0.388538
-2.63389 0.272404 -0.362078
-2.58754 0.253908 -0.379683
-2.5451 0.237161 -0.375877
-2.51304 0.224477 -0.376697
-2.47207 0.211641 -0.3036
-2.42448 0.196381 -0.310313
-2.37854 0.180061 -0.341363
-2.33236 0.163262 -0.348846
-2.28678 0.147158 -0.339643
-2.24242 0.132642 -0.316282
-2.19535 0.115871 -0.342251
-2.1481 0.0998319 -0.327286
-2.10598 0.0838554 -0.362467
-2.06022 0.0677847 -0.337782
-2.01336 0.0526859 -0.311682
-1.96787 0.0375082 -0.32202
-1.92911 0.0238709 -0.338373
-1.88735 0.0093678 -0.334225
-1.84604 -0.00694253 -0.37603
-1.81788 -0.0175041 -0.358848
-1.77328 -0.0352648 -0.378987
-1.7262 -0.0516098 -0.334128
-1.67967 -0.0695019 -0.36713
-1.63211 -0.0845682 -0.306765
-1.5852 -0.100425 -0.326013
-1.53915 -0.117871 -0.362147
-1.49367 -0.136565 -0.389975
-1.44821 -0.154526 -0.376257
-1.40678 -0.172325 -0.405763
-1.36004 -0.189936 -0.360301
-1.31383 -0.208872 -0.388929
-1.27734 -0.225079 -0.417964
-1.23338 -0.246348 -0.450676
-1.18906 -0.268889 -0.470482
-1.14588 -0.291516 -0.482682
-1.10786 -0.310077 -0.454101
-1.06492 -0.329848 -0.431525
-1.0208 -0.350495 -0.437724
-0.975973 -0.372637 -0.458764
-0.933739 -0.392549 -0.440582
-0.897972 -0.409449 -0.44139
-0.857825 -0.427707 -0.426826
-0.822983 -0.443766 -0.431878
-0.786936 -0.459386 -0.408905
-0.742942 -0.480629 -0.449842
-0.697784 -0.500733 -0.41886
-0.652634 -0.52196 -0.439465
-0.60756 -0.543205 -0.440462
-0.56929 -0.560137 -0.416551
-0.524314 -0.579494 -0.406423
-0.47802 -0.598374 -0.387219
-0.44217 -0.611675 -0.355281
-0.398024 -0.628201 -0.358209
-0.3501 -0.642419 -0.288409
-0.302667 -0.65823 -0.321752
-0.256785 -0.672025 -0.292062
-0.211343 -0.686225 -0.302866
-0.163863 -0.701142 -0.304411
-0.121397 -0.713911 -0.292081
-0.0794865 -0.725253 -0.264304
-0.0315784 -0.738859 -0.276712
0.0171694 -0.749664 -0.218121
0.0651713 -0.763278 -0.276354
0.107561 -0.776331 -0.298734
0.153956 -0.794608 -0.375275
0.197946 -0.811019 -0.357068
0.244706 -0.828447 -0.356754
0.28993 -0.846744 -0.384467
0.328219 -0.860225 -0.338515
0.375645 -0.876058 -0.322225
0.418278 -0.891815 -0.354008
0.465519 -0.90819 -0.333679
0.507878 -0.924796 -0.373617
0.53846 -0.937347 -0.389439
0.578787 -0.952627 -0.362178
0.621298 -0.968589 -0.359208
0.664604 -0.98494 -0.36102
0.706164 -1.00155 -0.380248
0.748295 -1.01821 -0.376573
0.792411 -1.0352 -0.367476
0.838943 -1.0524 -0.354144
0.881375 -1.07083 -0.40969
0.925519 -1.08992 -0.408317
0.972872 -1.1059 -0.325368
1.01504 -1.12068 -0.337165
1.06045 -1.13377 -0.280602
1.1059 -1.14648 -0.272711
1.14862 -1.15894 -0.283743
1.18759 -1.17126 -0.306279
1.2317 -1.18758 -0.354278
1.27929 -1.20291 -0.311825
1.32703 -1.21746 -0.295644
1.36839 -1.2293 -0.278969
1.41488 -1.24141 -0.254761
1.46127 -1.25383 -0.261536
1.50687 -1.26687 -0.278652
1.55301 -1.27875 -0.25186
1.59388 -1.29005 -0.269921
1.63983 -1.30079 -0.229593
1.67939 -1.31021 -0.23372
1.72646 -1.3257 -0.317909
1.76437 -1.3373 -0.296814
1.80954 -1.35141 -0.302887
1.85695 -1.36678 -0.313572
1.90212 -1.38066 -0.298088
1.94408 -1.39146 -0.251926
1.99168 -1.40625 -0.301271
2.03668 -1.41993 -0.295065
2.07683 -1.43403 -0.337799
2.11313 -1.44625 -0.324654
2.1566 -1.46031 -0.312769
2.187 -1.46964 -0.297878
2.22012 -1.48168 -0.34871
2.26767 -1.49675 -0.306888
2.30854 -1.50709 -0.24781
2.34916 -1.51692 -0.237331
2.39593 -1.52855 -0.24383
2.43999 -1.54166 -0.289166
2.48653 -1.55405 -0.260127
2.53195 -1.5681 -0.300037
2.57944 -1.58322 -0.308231
2.62314 -1.60081 -0.38273
2.66994 -1.61828 -0.357229
2.71425 -1.63345 -0.329743
2.75613 -1.64796 -0.333532
2.79881 -1.66408 -0.361192
2.8437 -1.68043 -0.34929
2.89048 -1.69737 -0.347417
2.93434 -1.71448 -0.371957
2.97841 -1.73209 -0.380189
3.01495 -1.74741 -0.396983
3.06088 -1.76715 -0.405868
3.10551 -1.78527 -0.385771
3.1433 -1.80159 -0.407758
3.18801 -1.82166 -0.421926
3.23307 -1.84296 -0.441506
3.27848 -1.86139 -0.385508
3.3148 -1.87425 -0.340393
3.3613 -1.89227 -0.369589
3.40738 -1.90962 -0.360144
3.44008 -1.92307 -0.390125
3.4853 -1.94122 -0.381651
3.52916 -1.95885 -0.382325
3.57245 -1.97539 -0.365027
3.61396 -1.99281 -0.397142
3.66013 -2.01176 -0.389581
3.69849 -2.02825 -0.40592
3.73935 -2.04536 -0.396755
3.7797 -2.06299 -0.411862
3.79544 -2.06929 -0.38032
3.82678 -2.08198 -0.384831
3.85274 -2.09347 -0.416595
3.88198 -2.10774 -0.454052
3.92542 -2.12572 -0.392394
3.94308 -2.13192 -0.337858
3.98237 -2.146 -0.344202
4.01768 -2.15809 -0.329709
4.05642 -2.17317 -0.371231
4.10126 -2.18949 -0.349176
4.13061 -2.19931 -0.322732
4.15215 -2.20619 -0.309249
4.18196 -2.21581 -0.312118
4.21671 -2.22699 -0.311161
4.25449 -2.24072 -0.348729
4.29299 -2.25489 -0.35265
4.33376 -2.27051 -0.36586
4.35771 -2.28047 -0.393896
4.37473 -2.2875 -0.3922
4.40175 -2.2994 -0.414834
4.41427 -2.30511 -0.427608
4.4182 -2.30691 -0.42938
4.43251 -2.31372 -0.444061
4.44772 -2.32061 -0.42567
4.46313 -2.32733 -0.410754
4.47299 -2.33116 -0.37106
4.48552 -2.3364 -0.396058
4.51141 -2.34622 -0.362608
4.53466 -2.3557 -0.386976
4.57373 -2.37238 -0.403428
4.61648 -2.39271 -0.443965
4.65514 -2.41136 -0.449405
4.68289 -2.42464 -0.446578
4.70753 -2.43588 -0.427843
4.71443 -2.4392 -0.448892
4.72763 -2.44563 -0.453296
4.76125 -2.46368 -0.49262
4.79618 -2.48157 -0.473239
4.83238 -2.49961 -0.462457
4.87199 -2.51918 -0.458879
4.90723 -2.53577 -0.440015
4.93306 -2.54755 -0.42776
4.9524 -2.55684 -0.447738
4.95355 -2.55739 -0.447967
4.96732 -2.56413 -0.455167
4.98248 -2.57116 -0.434465
4.99803 -2.57785 -0.405927
5.00301 -2.57986 -0.384411
5.00134 -2.57918 -0.386141
5.00691 -2.58147 -0.389877
5.02866 -2.59048 -0.392641
5.0427 -2.59616 -0.384436
5.05681 -2.6022 -0.404453
5.07005 -2.60762 -0.388592
5.09065 -2.61614 -0.392206
5.09762 -2.61889 -0.375954
5.11053 -2.62443 -0.405099
5.11888 -2.62768 -0.371517
5.12386 -2.62973 -0.390922
5.14003 -2.63659 -0.401059
5.14293 -2.63784 -0.407484
5.15314 -2.64235 -0.416097
5.1603 -2.64572 -0.438853
5.16943 -2.64979 -0.42005
5.17485 -2.65245 -0.455509
5.17918 -2.65456 -0.454613
5.18861 -2.65949 -0.481353
5.20036 -2.66522 -0.453271
True
0.0696316
