-5.46427 -0.222826 -0.033355
-5.4145 -0.223537 -0.0142857
-5.36473 -0.223336 0.00404407
-5.3151 -0.220854 0.049979
-5.26804 -0.220072 0.0166061
-5.21911 -0.219891 0.00369553
-5.1695 -0.220935 -0.0210326
-5.12031 -0.220985 -0.00101274
-5.0804 -0.220898 0.00217133
-5.03455 -0.221882 -0.0214603
-4.98571 -0.223908 -0.0414586
-4.93692 -0.22678 -0.0587913
-4.888 -0.227809 -0.0210326
-4.83833 -0.232413 -0.0924374
-4.78841 -0.233858 -0.0289259
-4.73902 -0.234661 -0.0162652
-4.70286 -0.237084 -0.0669084
-4.65725 -0.23781 -0.0159184
-4.61256 -0.238821 -0.0226263
-4.56272 -0.240408 -0.0318309
-4.51992 -0.243056 -0.061794
-4.47203 -0.246108 -0.0636451
-4.42556 -0.251603 -0.117694
-4.38185 -0.256511 -0.11181
-4.34402 -0.25847 -0.0517445
-4.29479 -0.25994 -0.0298465
-4.24589 -0.259145 0.0162486
-4.20373 -0.258732 0.00980987
-4.16379 -0.25655 0.0545666
-4.1214 -0.252999 0.0835709
-4.0788 -0.248957 0.0946249
-4.03154 -0.243079 0.123729
-3.98299 -0.235358 0.15772
-3.93923 -0.22856 0.154103
-3.88957 -0.222758 0.116306
-3.84001 -0.216565 0.124324
-3.80029 -0.212987 0.0898291
-3.75196 -0.210431 0.0528468
-3.7032 -0.208384 0.0419557
-3.65435 -0.209032 -0.0132622
-3.60439 -0.210772 -0.03482
-3.55534 -0.211715 -0.0192212
-3.5127 -0.213693 -0.0463622
-3.46929 -0.213669 0.000545897
-3.41931 -0.212506 0.0232809
-3.3713 -0.210497 0.0418291
-3.32504 -0.206837 0.0789263
-3.28469 -0.203495 0.0826494
-3.24167 -0.19899 0.104331
-3.19628 -0.193339 0.123881
-3.14681 -0.187668 0.114117
-3.09717 -0.183386 0.0860641
-3.05097 -0.179308 0.0880442
-3.00436 -0.173826 0.117077
-2.95469 -0.168901 0.0988326
-2.90704 -0.165166 0.0782043
-2.85842 -0.161245 0.0804846
-2.80882 -0.156614 0.0931054
-2.75893 -0.15508 0.0307301
-2.71056 -0.155208 -0.00265565
-2.67007 -0.154742 0.0115086
-2.62025 -0.153665 0.0216198
-2.57078 -0.150888 0.0560768
-2.52079 -0.15056 0.00655504
-2.47158 -0.14898 0.0321083
-2.43986 -0.148275 0.0222297
-2.39059 -0.146215 0.0417772
-2.34066 -0.144208 0.0401901
-2.29354 -0.141635 0.0545311
-2.24855 -0.137709 0.0870395
-2.19882 -0.132589 0.102605
-2.15216 -0.126144 0.137272
-2.10348 -0.122238 0.0800611
-2.0589 -0.119377 0.0640858
-2.00899 -0.116308 0.0614151
-1.95904 -0.114431 0.0375586
-1.91079 -0.112657 0.0367442
-1.86209 -0.11181 0.0173968
-1.82089 -0.111971 -0.00389561
-1.77696 -0.111341 0.0143312
-1.73735 -0.111573 -0.00586317
-1.6954 -0.113428 -0.0441779
-1.64586 -0.113661 -0.00470251
-1.59741 -0.116991 -0.0686201
-1.54839 -0.120776 -0.0770768
-1.5022 -0.125605 -0.104163
-1.45492 -0.131379 -0.12152
-1.4137 -0.135125 -0.090638
-1.36799 -0.140485 -0.116729
-1.32377 -0.14544 -0.111564
-1.27467 -0.152887 -0.150527
-1.22541 -0.15917 -0.126863
-1.18149 -0.167264 -0.182244
-1.1324 -0.176091 -0.177926
-1.08552 -0.184345 -0.174289
-1.04344 -0.192734 -0.196762
-0.994034 -0.199909 -0.144221
-0.948908 -0.204067 -0.0918711
-0.90364 -0.208187 -0.0907604
-0.856521 -0.211077 -0.0612594
-0.80815 -0.216353 -0.108656
-0.758424 -0.220924 -0.0916573
-0.727076 -0.223289 -0.0753106
-0.682523 -0.227657 -0.0977251
-0.64957 -0.233237 -0.167753
-0.602302 -0.241514 -0.173352
-0.553478 -0.249659 -0.165304
-0.504302 -0.258416 -0.176216
-0.455019 -0.266782 -0.168149
-0.405824 -0.275421 -0.173831
-0.356298 -0.281866 -0.129411
-0.306948 -0.286609 -0.0958261
-0.263196 -0.290971 -0.0993727
-0.218221 -0.295635 -0.10333
-0.171577 -0.302067 -0.137022
-0.124097 -0.311054 -0.187072
-0.0753313 -0.321523 -0.211465
-0.0268991 -0.330725 -0.187755
0.02175 -0.340456 -0.197422
0.0526304 -0.34598 -0.177004
0.101548 -0.354101 -0.164524
0.146478 -0.360855 -0.149205
0.195739 -0.369132 -0.166475
0.240605 -0.374805 -0.125764
0.279518 -0.38055 -0.146587
0.328196 -0.389159 -0.175034
0.377224 -0.398177 -0.181908
0.425991 -0.406235 -0.163763
0.474403 -0.414887 -0.176849
0.523701 -0.422527 -0.15375
0.572502 -0.433392 -0.219068
0.621166 -0.441335 -0.1618
0.6703 -0.450505 -0.184512
0.713293 -0.458409 -0.181797
0.745185 -0.463619 -0.161949
0.79381 -0.471262 -0.155897
0.84215 -0.480087 -0.18057
0.886461 -0.485893 -0.130301
0.935947 -0.491674 -0.116288
0.984917 -0.49933 -0.155086
1.0339 -0.5074 -0.163293
1.08316 -0.514887 -0.150842
1.12447 -0.521825 -0.166383
1.16584 -0.529291 -0.17852
1.20796 -0.535327 -0.142346
1.25125 -0.539073 -0.0863357
1.29956 -0.544348 -0.108739
1.34544 -0.549977 -0.122095
1.39307 -0.556421 -0.134461
1.42925 -0.561297 -0.133962
1.47873 -0.568485 -0.144271
1.52345 -0.574112 -0.125193
1.57228 -0.579964 -0.119271
1.61373 -0.584743 -0.114759
1.66195 -0.590925 -0.127503
1.71097 -0.596802 -0.119326
1.74748 -0.604167 -0.199068
1.78425 -0.60867 -0.121851
1.82824 -0.613876 -0.117813
1.87711 -0.619527 -0.115105
1.91591 -0.623651 -0.105878
1.96555 -0.629217 -0.111679
2.01538 -0.632927 -0.0743056
2.05547 -0.636669 -0.0930827
2.09529 -0.639574 -0.0728194
2.14522 -0.641953 -0.0476109
2.19313 -0.640716 0.0258229
2.23839 -0.640905 -0.00419129
2.28805 -0.645247 -0.0872077
2.33761 -0.65116 -0.118732
2.38714 -0.657697 -0.131254
2.4274 -0.66335 -0.139473
2.47203 -0.668615 -0.117432
2.51238 -0.67423 -0.138247
2.548 -0.679049 -0.134518
2.59737 -0.686834 -0.156387
2.64508 -0.690753 -0.0819481
2.69435 -0.697307 -0.132262
2.736 -0.702251 -0.118144
2.78169 -0.70771 -0.118904
2.82939 -0.71448 -0.141016
2.87645 -0.720481 -0.126822
2.92476 -0.728011 -0.154601
2.97177 -0.736447 -0.177578
3.01399 -0.742356 -0.13906
3.0632 -0.75053 -0.164608
3.11024 -0.757294 -0.142809
3.15394 -0.763989 -0.152009
3.20361 -0.76955 -0.111494
3.23932 -0.773119 -0.0996208
3.28904 -0.777242 -0.082734
3.3382 -0.780321 -0.0625503
3.37172 -0.782769 -0.0729001
3.40686 -0.783402 -0.0179974
3.45133 -0.785447 -0.0459737
3.49455 -0.788344 -0.0669232
3.54415 -0.793362 -0.100809
3.57957 -0.797005 -0.102504
3.62046 -0.801045 -0.0984976
3.6594 -0.805122 -0.10431
3.69457 -0.810458 -0.150574
3.74011 -0.816688 -0.135939
3.77008 -0.821311 -0.153063
3.80242 -0.826192 -0.149828
3.8286 -0.831454 -0.1983
3.85584 -0.83712 -0.205072
3.8725 -0.840379 -0.19322
3.8918 -0.844289 -0.199851
3.91144 -0.849217 -0.24587
3.93064 -0.854624 -0.27455
3.95056 -0.859238 -0.22752
3.98271 -0.867546 -0.252964
4.00733 -0.87311 -0.222174
4.02582 -0.877856 -0.251361
4.04974 -0.883947 -0.249305
4.08462 -0.892968 -0.253067
4.12035 -0.90403 -0.30029
4.15258 -0.913689 -0.291137
4.17891 -0.921833 -0.300033
4.18882 -0.924457 -0.258718
4.2047 -0.927889 -0.2129
4.22739 -0.933067 -0.224335
4.26576 -0.941724 -0.221928
4.30861 -0.952038 -0.236163
4.34557 -0.960145 -0.215935
4.36998 -0.964778 -0.18757
4.38272 -0.967095 -0.179843
4.39302 -0.969295 -0.210439
4.41806 -0.973745 -0.175895
4.44219 -0.977672 -0.161353
4.45698 -0.98062 -0.196722
4.47189 -0.983064 -0.162451
4.49802 -0.986106 -0.115934
4.51722 -0.98882 -0.140391
4.53632 -0.990771 -0.101788
4.54333 -0.991259 -0.0694928
4.5535 -0.99218 -0.0902592
4.57287 -0.993697 -0.0782125
4.58366 -0.994732 -0.0955442
4.59981 -0.996068 -0.0825667
4.61397 -0.998378 -0.161628
4.63506 -1.0019 -0.165575
4.65686 -1.00548 -0.162885
4.6831 -1.00956 -0.154286
4.69883 -1.01167 -0.133223
4.73003 -1.01554 -0.123327
4.75046 -1.01795 -0.117526
4.76761 -1.01999 -0.118261
4.78122 -1.02146 -0.107895
4.78669 -1.02198 -0.0939346
4.79489 -1.02264 -0.0799299
4.80794 -1.02392 -0.0976776
4.8186 -1.02483 -0.0855831
4.83508 -1.02584 -0.0612567
4.84885 -1.0269 -0.0764728
4.85901 -1.02769 -0.0782661
4.87593 -1.02871 -0.0603603
4.89404 -1.02956 -0.0465287
4.9094 -1.03025 -0.0449725
4.92789 -1.03068 -0.0232404
4.94479 -1.03148 -0.0471921
4.95369 -1.03184 -0.0406595
4.95859 -1.03241 -0.11618
4.97736 -1.03525 -0.14998
4.99311 -1.0378 -0.160944
5.00642 -1.03944 -0.12206
5.01394 -1.04018 -0.0982599
5.02826 -1.04116 -0.0685404
5.04069 -1.04175 -0.0469102
5.05289 -1.04245 -0.0573512
5.05574 -1.04265 -0.0725531
5.06662 -1.04353 -0.0800741
5.07159 -1.04387 -0.0698006
5.08145 -1.04504 -0.118227
5.08394 -1.0452 -0.0640256
5.08253 -1.0451 -0.0750418
5.10667 -1.04601 -0.0376443
5.11223 -1.04624 -0.0411058
5.12764 -1.047 -0.0492928
5.13765 -1.04726 -0.0259978
5.15 -1.04768 -0.0340778
5.16387 -1.04757 0.00774003
5.17693 -1.04707 0.0383886
5.19381 -1.04679 0.0167486
5.20088 -1.04653 0.0366054
5.21143 -1.04622 0.0288431
True
0.0672637
