-5.46436 0.691381 0.19777
-5.42321 0.698856 0.179699
-5.37628 0.709667 0.226424
-5.32797 0.721774 0.245521
-5.28044 0.732429 0.220566
-5.24377 0.742215 0.260776
-5.1952 0.753545 0.229153
-5.147 0.766778 0.267974
-5.09899 0.780511 0.278578
-5.05285 0.794397 0.292345
-5.0055 0.810194 0.321973
-4.95727 0.821544 0.231134
-4.91085 0.830406 0.188646
-4.86266 0.84047 0.205859
-4.81419 0.85082 0.210417
-4.77058 0.860176 0.211323
-4.7247 0.868324 0.175753
-4.67562 0.877892 0.192543
-4.63021 0.88566 0.169415
-4.58352 0.892411 0.14359
-4.53447 0.902125 0.195532
-4.48592 0.91071 0.175008
-4.43714 0.921351 0.214778
-4.38844 0.932214 0.219465
-4.33929 0.941226 0.181349
-4.29147 0.950105 0.183567
-4.24591 0.957108 0.152517
-4.19855 0.963908 0.142638
-4.15082 0.973047 0.189159
-4.10262 0.982438 0.192423
-4.05538 0.993374 0.227483
-4.01074 1.00179 0.186336
-3.96269 1.01134 0.196243
-3.91369 1.0205 0.184761
-3.86495 1.02753 0.143244
-3.81649 1.03524 0.15776
-3.76824 1.04206 0.140392
-3.72303 1.04976 0.168743
-3.67436 1.05817 0.171195
-3.63098 1.06626 0.184199
-3.58699 1.07402 0.174702
-3.53797 1.08268 0.174897
-3.48884 1.09183 0.184135
-3.45268 1.09689 0.139036
-3.40347 1.10577 0.178518
-3.3577 1.11305 0.157635
-3.30866 1.12071 0.155035
-3.26232 1.12649 0.12412
-3.21556 1.13308 0.139944
-3.17076 1.13853 0.12115
-3.12223 1.14381 0.108265
-3.08574 1.14766 0.105024
-3.03719 1.15421 0.13412
-2.9993 1.16047 0.163815
-2.95028 1.16876 0.167467
-2.90263 1.17465 0.123121
-2.85499 1.18108 0.13418
-2.8059 1.18963 0.172355
-2.75806 1.19937 0.200816
-2.71158 1.20824 0.188674
-2.66432 1.21768 0.197099
-2.62194 1.22561 0.184881
-2.59087 1.23187 0.198914
-2.54221 1.24015 0.168623
-2.4993 1.24649 0.146637
-2.45021 1.2548 0.16778
-2.40113 1.26405 0.18607
-2.35585 1.27096 0.151453
-2.31533 1.27598 0.123437
-2.27848 1.28018 0.11347
-2.23295 1.28766 0.162876
-2.18559 1.29654 0.185275
-2.136 1.30221 0.113773
-2.08913 1.30758 0.114175
-2.03941 1.31145 0.0775595
-1.99058 1.31337 0.0393081
-1.94686 1.31655 0.0727431
-1.89686 1.31644 -0.00219897
-1.85269 1.31454 -0.0429901
-1.80365 1.31184 -0.0551168
-1.76573 1.31086 -0.0258812
-1.72085 1.30932 -0.0341315
-1.67344 1.30975 0.00890965
-1.62356 1.31217 0.0485696
-1.57994 1.31398 0.041452
-1.53479 1.31837 0.0969256
-1.49477 1.32294 0.113851
-1.44612 1.32775 0.0985325
-1.39638 1.33195 0.0842191
-1.34733 1.3368 0.0984586
-1.3113 1.34085 0.111888
-1.26772 1.34438 0.0809202
-1.22614 1.34767 0.0789718
-1.18149 1.35277 0.113642
-1.13175 1.35734 0.0917285
-1.08252 1.36364 0.127276
-1.03776 1.37072 0.156805
-0.998641 1.37749 0.171377
-0.949236 1.3848 0.146883
-0.90336 1.39172 0.149694
-0.85379 1.39806 0.127189
-0.804572 1.40599 0.15984
-0.755741 1.41572 0.196696
-0.706615 1.42311 0.149238
-0.658401 1.43005 0.143042
-0.6237 1.43678 0.191483
-0.579227 1.44662 0.217752
-0.531928 1.45709 0.217919
-0.485471 1.46669 0.2038
-0.439542 1.47597 0.199317
-0.396039 1.4861 0.228783
-0.350196 1.49507 0.193188
-0.312808 1.50159 0.172553
-0.263487 1.50969 0.162853
-0.218779 1.5177 0.177197
-0.170463 1.52453 0.140437
-0.121971 1.53283 0.16964
-0.0807667 1.53987 0.169084
-0.0333342 1.54857 0.181365
0.0151327 1.55747 0.181698
0.0524743 1.56376 0.166824
0.101834 1.57173 0.160211
0.148307 1.57579 0.0870177
0.197693 1.58207 0.126558
0.246592 1.58954 0.151638
0.296269 1.59521 0.113619
0.341636 1.5997 0.0984926
0.366037 1.60209 0.0979671
0.396383 1.60526 0.103869
0.446098 1.60956 0.0862936
0.482009 1.61274 0.0884234
0.531215 1.61932 0.132868
0.580695 1.62521 0.118438
0.62737 1.63096 0.122612
0.670614 1.63587 0.11316
0.7195 1.6415 0.11469
0.764843 1.64605 0.099951
0.814179 1.64979 0.075546
0.862318 1.65356 0.078151
0.912049 1.65859 0.100796
0.956918 1.66388 0.117382
1.0047 1.66904 0.107577
1.0544 1.67363 0.0921136
1.09881 1.67972 0.136414
1.14087 1.68494 0.123392
1.19055 1.69039 0.109225
1.23955 1.69902 0.174333
1.28282 1.70652 0.171583
1.33143 1.71451 0.162971
1.37315 1.72011 0.133365
1.4196 1.72861 0.180979
1.46439 1.73663 0.177313
1.5137 1.74416 0.151502
1.56149 1.75545 0.23199
1.60938 1.76611 0.219031
1.65086 1.77479 0.206319
1.70008 1.78137 0.132746
1.74965 1.78791 0.131262
1.79821 1.79359 0.116463
1.83983 1.79883 0.125274
1.87689 1.80716 0.221071
1.92586 1.81726 0.20331
1.97179 1.82685 0.205832
2.01323 1.83404 0.171759
2.05692 1.84115 0.161493
2.09685 1.84888 0.19109
2.13613 1.85685 0.200132
2.1851 1.86637 0.192087
2.22669 1.87574 0.221681
2.27458 1.88989 0.287239
2.32279 1.9017 0.240192
2.36501 1.91306 0.262864
2.41284 1.92595 0.263353
2.45121 1.93773 0.297678
2.49897 1.95252 0.300439
2.54624 1.96832 0.322571
2.58913 1.98274 0.324198
2.63615 1.99886 0.33035
2.68038 2.01507 0.351314
2.71327 2.02779 0.36892
2.75589 2.0442 0.367605
2.79686 2.05827 0.330864
2.84254 2.07386 0.328833
2.8869 2.08781 0.304794
2.93164 2.10026 0.271346
2.9746 2.11191 0.264692
3.02019 2.12532 0.286044
3.06799 2.13963 0.291038
3.11626 2.15216 0.253956
3.14577 2.16147 0.305418
3.18589 2.17487 0.322389
3.23398 2.18846 0.275402
3.2823 2.20108 0.255604
3.32542 2.20937 0.189723
3.37146 2.21756 0.176183
3.40656 2.22567 0.226959
3.45503 2.2375 0.239499
3.49354 2.24883 0.286144
3.5384 2.26038 0.25184
3.57605 2.27039 0.259904
3.62513 2.27869 0.16764
3.6585 2.28508 0.189143
3.69186 2.29224 0.211256
3.72362 2.29788 0.175753
3.75315 2.30094 0.103223
3.78503 2.30397 0.0950219
3.79819 2.30493 0.072631
3.81962 2.30698 0.0952815
3.83953 2.30939 0.120701
3.86958 2.31334 0.130475
3.89573 2.31661 0.124473
3.93883 2.32163 0.116059
3.97776 2.32816 0.166178
4.00171 2.33292 0.19616
4.01762 2.33584 0.181347
4.04161 2.34027 0.182484
4.06531 2.34377 0.146664
4.09105 2.34752 0.144853
4.12459 2.35199 0.132419
4.16335 2.35908 0.18089
4.2072 2.36839 0.209211
4.24168 2.37684 0.240397
4.27987 2.38712 0.26283
4.29384 2.39068 0.249467
4.33473 2.40075 0.241577
4.36444 2.40803 0.240133
4.3926 2.41619 0.282287
4.43245 2.42752 0.276907
4.44933 2.43315 0.321993
4.4634 2.43831 0.351532
4.47446 2.44243 0.356298
4.49805 2.45 0.310755
4.51555 2.45521 0.289414
4.53008 2.45939 0.279765
4.54496 2.46332 0.25791
4.55312 2.46539 0.249378
4.56242 2.4675 0.223339
4.56796 2.46869 0.210621
4.58185 2.47145 0.196083
4.62084 2.47812 0.169479
4.64604 2.48209 0.15608
4.66367 2.48475 0.150223
4.67474 2.48644 0.15125
4.69005 2.48881 0.153347
4.70632 2.49162 0.170844
4.72921 2.49606 0.191893
4.73861 2.4983 0.233736
4.76027 2.5039 0.253006
4.76699 2.50567 0.257469
4.77979 2.50898 0.253177
4.79623 2.51291 0.23482
4.80047 2.51426 0.306067
4.81307 2.51854 0.327786
4.82127 2.52181 0.37942
4.83642 2.52786 0.379999
4.84988 2.53404 0.43058
4.85901 2.5382 0.42707
4.86939 2.54314 0.44415
4.87383 2.54505 0.407236
4.88143 2.54856 0.432344
4.89268 2.55393 0.445507
4.91853 2.56705 0.469842
4.93616 2.57549 0.446377
4.9565 2.58571 0.465451
4.96441 2.58956 0.45305
4.98421 2.59881 0.43686
5.00233 2.60738 0.442045
5.01758 2.61427 0.42435
5.02424 2.61726 0.422231
5.02655 2.61837 0.444092
5.03409 2.62158 0.402739
5.03494 2.62194 0.402682
5.04087 2.62447 0.402645
5.05873 2.63094 0.347713
5.0806 2.63855 0.335083
5.09424 2.643 0.315103
5.10186 2.64556 0.324181
5.11297 2.64898 0.298787
5.1157 2.64975 0.275362
5.12634 2.65287 0.284839
5.13479 2.65509 0.257329
5.14627 2.65851 0.289637
5.1548 2.66106 0.290414
5.15897 2.66224 0.275799
5.16539 2.66379 0.235791
5.17267 2.66553 0.235448
5.17708 2.66654 0.224851
5.19269 2.66971 0.200422
5.20452 2.67233 0.217643
5.21209 2.67415 0.236216
5.21728 2.67518 0.196634
5.22638 2.67768 0.267063
5.23403 2.67982 0.27304
5.24196 2.68176 0.240746
5.2618 2.68646 0.232406
True
0.0641792
