4.46887 -0.00741617 -2.90774
4.43354 -0.0181115 -2.84761
4.39245 -0.0318061 -2.8199
4.35561 -0.0479062 -2.72958
4.31661 -0.067861 -2.66862
4.27819 -0.0921371 -2.57806
4.23925 -0.123469 -2.46404
4.20201 -0.156462 -2.41658
4.17028 -0.186909 -2.37693
4.14166 -0.218313 -2.30984
4.10882 -0.255768 -2.29063
4.07755 -0.2946 -2.2487
4.05664 -0.323051 -2.20454
4.0361 -0.351917 -2.18941
4.0094 -0.391784 -2.16085
3.98346 -0.433953 -2.12226
3.9686 -0.458985 -2.10641
3.94901 -0.493534 -2.08681
3.92873 -0.531235 -2.0642
3.91366 -0.563676 -2.00582
3.89515 -0.599437 -2.04824
3.87543 -0.638032 -2.04334
3.85584 -0.680476 -2.0031
3.83982 -0.714769 -2.00782
3.82137 -0.755982 -1.99166
3.80283 -0.801902 -1.9546
3.79068 -0.833765 -1.93498
3.77157 -0.879967 -1.96303
3.75959 -0.911482 -1.93405
3.74071 -0.956717 -1.96615
3.72265 -0.998352 -1.98022
3.70697 -1.03952 -1.93453
3.69453 -1.07472 -1.91073
3.68806 -1.09142 -1.94026
3.67532 -1.12604 -1.92329
3.6605 -1.17146 -1.8862
3.64579 -1.2192 -1.86972
3.6331 -1.25155 -1.94462
3.61838 -1.29758 -1.88035
3.60562 -1.33845 -1.87348
3.58816 -1.38526 -1.92782
3.57148 -1.42841 -1.9396
3.55581 -1.46843 -1.94395
3.54346 -1.50031 -1.94035
3.5288 -1.53766 -1.94488
3.52102 -1.55754 -1.94388
3.50384 -1.59453 -2.0056
3.48629 -1.63045 -2.02531
3.47095 -1.66028 -2.04574
3.45397 -1.69368 -2.04118
3.43391 -1.73456 -2.02694
3.41074 -1.77752 -2.06545
3.39087 -1.81143 -2.10078
3.36538 -1.85286 -2.12245
3.33986 -1.89241 -2.14368
3.31578 -1.9356 -2.0794
3.29121 -1.97883 -2.08772
3.27222 -2.00802 -2.14764
3.25026 -2.04405 -2.11796
3.2375 -2.06204 -2.18785
3.2243 -2.08408 -2.11058
3.20538 -2.11397 -2.13494
3.17787 -2.15572 -2.15346
3.15023 -2.19732 -2.15719
3.12751 -2.23515 -2.11165
3.10053 -2.27671 -2.14662
3.0805 -2.3084 -2.13438
3.05265 -2.34991 -2.16179
3.02646 -2.38971 -2.1528
3.01684 -2.40379 -2.17038
2.98754 -2.44431 -2.19678
2.95651 -2.4821 -2.25831
2.92477 -2.52 -2.26798
2.89285 -2.55772 -2.27306
2.86249 -2.59018 -2.32278
2.83042 -2.62593 -2.30207
2.81038 -2.64831 -2.30096
2.77773 -2.68291 -2.32726
2.74426 -2.7156 -2.3679
2.70946 -2.75146 -2.34132
2.67195 -2.78453 -2.41893
2.64933 -2.80337 -2.44701
2.62826 -2.82169 -2.42606
2.59071 -2.85373 -2.43517
2.55249 -2.88596 -2.44103
2.51633 -2.917 -2.43216
2.47819 -2.948 -2.45913
2.44784 -2.97389 -2.4355
2.42103 -2.99775 -2.41434
2.40037 -3.01419 -2.46946
2.37081 -3.0387 -2.44931
2.33084 -3.06873 -2.49719
2.30867 -3.0848 -2.51428
2.26649 -3.11156 -2.57637
2.2344 -3.13304 -2.55167
2.19687 -3.15902 -2.53606
2.15701 -3.18892 -2.49813
2.11494 -3.21595 -2.57041
2.07235 -3.24209 -2.59112
2.04204 -3.26 -2.60782
1.99884 -3.28517 -2.61411
1.95476 -3.30876 -2.65019
1.92328 -3.32572 -2.6473
1.88819 -3.34363 -2.66965
1.86188 -3.35826 -2.63421
1.82919 -3.37651 -2.63248
1.79705 -3.39461 -2.62866
1.75469 -3.41986 -2.60414
1.71068 -3.44358 -2.64711
1.67603 -3.46349 -2.62019
1.63981 -3.48389 -2.62859
1.61297 -3.49819 -2.65215
1.58387 -3.51467 -2.62618
1.5535 -3.53023 -2.66823
1.51088 -3.55052 -2.69718
1.46504 -3.57047 -2.73118
1.43095 -3.58376 -2.76976
1.39305 -3.59982 -2.74099
1.34626 -3.61703 -2.78895
1.30267 -3.63403 -2.76983
1.26531 -3.6476 -2.7933
1.21837 -3.66483 -2.78974
1.17607 -3.67916 -2.81498
1.12862 -3.69492 -2.82085
1.09217 -3.70769 -2.80466
1.04611 -3.72287 -2.82324
1.02592 -3.72889 -2.85195
0.981195 -3.74197 -2.85695
0.93891 -3.75438 -2.85614
0.898603 -3.76533 -2.87634
0.850372 -3.77827 -2.87948
0.802105 -3.79131 -2.87771
0.75405 -3.80081 -2.94645
0.706813 -3.81124 -2.92433
0.671468 -3.81684 -2.98453
0.62206 -3.82448 -2.98801
0.580689 -3.83051 -2.99707
0.536144 -3.83986 -2.93459
0.48831 -3.84674 -2.99877
0.441014 -3.85527 -2.96309
0.391572 -3.86272 -2.99215
0.342594 -3.87117 -2.97065
0.293574 -3.8792 -2.97918
0.249659 -3.88537 -3.00212
0.204016 -3.88923 -3.0572
0.154178 -3.89257 -3.0747
0.106404 -3.893 -3.13262
0.0583987 -3.89437 -3.11296
0.00902573 -3.89669 -3.09467
-0.0390672 -3.89917 -3.09005
-0.0890237 -3.90123 -3.10048
-0.129948 -3.90159 -3.1326
-0.17225 -3.90129 -3.14887
-0.216596 -3.90141 3.14434
-0.242168 -3.90065 -3.17134
-0.287812 -3.89804 3.08459
-0.334071 -3.89336 3.04076
-0.378101 -3.89007 3.06691
-0.426794 -3.88379 3.01346
-0.474689 -3.8766 2.99257
-0.513406 -3.87032 2.98079
-0.555208 -3.86317 2.9721
-0.60032 -3.85681 3.00158
-0.649315 -3.84979 2.99922
-0.68839 -3.84328 2.97651
-0.73678 -3.83554 2.98309
-0.785439 -3.82405 2.90957
-0.834887 -3.81675 2.99498
-0.867792 -3.81105 2.97014
-0.916057 -3.80224 2.96108
-0.964806 -3.79138 2.92247
-1.00075 -3.78154 2.8742
-1.04819 -3.76896 2.88246
-1.09638 -3.75579 2.87486
-1.14364 -3.74006 2.82016
-1.18405 -3.72676 2.82378
-1.22152 -3.71468 2.82972
-1.26059 -3.70299 2.85083
-1.28704 -3.69385 2.80864
-1.31861 -3.6816 2.7716
-1.36444 -3.6617 2.73191
-1.4093 -3.64106 2.7105
-1.45493 -3.62061 2.72014
-1.49942 -3.59987 2.70543
-1.54352 -3.57754 2.67287
-1.58719 -3.55318 2.63267
-1.61598 -3.53859 2.67284
-1.65993 -3.51475 2.64438
-1.69506 -3.49449 2.6185
-1.73374 -3.4731 2.63659
-1.77135 -3.44992 2.58922
-1.80639 -3.42998 2.62412
-1.84792 -3.40635 2.62427
-1.88938 -3.38216 2.61346
-1.92679 -3.35872 2.58187
-1.96785 -3.33199 2.56457
-2.00851 -3.30382 2.53557
-2.04504 -3.27867 2.53877
-2.08449 -3.24953 2.50531
-2.12446 -3.21974 2.50119
-2.16143 -3.19514 2.55453
-2.20159 -3.16675 2.5262
-2.24225 -3.1379 2.52438
-2.28245 -3.1098 2.53172
-2.32072 -3.08299 2.5304
-2.36074 -3.05765 2.57715
-2.39409 -3.0353 2.55116
-2.43468 -3.00643 2.52324
-2.4754 -2.97743 2.52279
-2.51217 -2.95078 2.51449
-2.54551 -2.92728 2.5275
-2.57828 -2.90466 2.53749
-2.61546 -2.8767 2.49678
-2.65501 -2.84616 2.48412
-2.69366 -2.81566 2.47352
-2.71969 -2.79608 2.49674
-2.74818 -2.77258 2.45184
-2.7804 -2.74563 2.44491
-2.81757 -2.71289 2.41954
-2.83965 -2.69307 2.41013
-2.87191 -2.66614 2.44606
-2.90955 -2.63542 2.45695
-2.93875 -2.61462 2.5226
-2.97252 -2.58924 2.49709
-3.00557 -2.56525 2.51368
-3.03909 -2.54054 2.50647
-3.05988 -2.52436 2.48037
-3.08665 -2.50258 2.45851
-3.1087 -2.48498 2.46796
-3.14255 -2.45621 2.43716
-3.17081 -2.43353 2.46516
-3.20256 -2.41037 2.51144
-3.23088 -2.38992 2.51606
-3.26916 -2.3647 2.55913
-3.30806 -2.33883 2.55475
-3.32373 -2.3284 2.55447
-3.35664 -2.30918 2.61289
-3.38782 -2.29223 2.64379
-3.40455 -2.28381 2.67505
-3.43293 -2.26955 2.67603
-3.46746 -2.252 2.67132
-3.48396 -2.24339 2.66097
-3.51651 -2.22609 2.65286
-3.55246 -2.2077 2.66895
-3.58846 -2.18852 2.65191
-3.62045 -2.17019 2.6213
-3.64801 -2.15411 2.61342
-3.68088 -2.13593 2.63627
-3.7095 -2.1215 2.67475
-3.74448 -2.10336 2.66323
-3.78151 -2.08498 2.68078
-3.80143 -2.07462 2.66204
-3.8334 -2.05793 2.66036
-3.85165 -2.04707 2.60532
-3.87194 -2.03504 2.60629
-3.88233 -2.02828 2.56414
-3.88545 -2.02616 2.5467
-3.89311 -2.02084 2.53395
-3.91659 -2.0043 2.52815
-3.93175 -1.99327 2.51223
-3.95626 -1.9758 2.52251
-3.98796 -1.95392 2.53743
-4.00313 -1.94391 2.55809
-4.02188 -1.93155 2.55885
-4.04093 -1.91888 2.55465
-4.04934 -1.91331 2.55699
-4.05423 -1.90989 2.53158
-4.05808 -1.9073 2.54877
-4.06887 -1.90027 2.56434
-4.07608 -1.89555 2.5609
-4.10351 -1.87794 2.5712
-4.12385 -1.86543 2.58999
-4.13807 -1.85667 2.58946
-4.15657 -1.84486 2.57337
-4.17195 -1.83335 2.49914
-4.18566 -1.82195 2.44813
-4.19692 -1.81238 2.43732
-4.2078 -1.80296 2.42779
-4.21593 -1.79607 2.43821
-4.22644 -1.78806 2.49069
-4.22975 -1.7859 2.56307
-4.24329 -1.77798 2.61232
-4.25714 -1.77041 2.64138
-4.27148 -1.76351 2.69323
-4.2745 -1.76223 2.74007
-4.28584 -1.75706 2.71374
True
0.0690446
