4.48297 -0.00084763 -3.09186
4.47166 -0.00153456 -3.08093
4.45943 -0.00266077 -3.04975
4.45132 -0.00322185 -3.07255
4.43566 -0.00442579 -3.06487
4.41867 -0.00614709 -3.04061
4.40778 -0.00726757 -3.03902
4.38996 -0.00992216 -2.99374
4.36669 -0.0147903 -2.9354
4.34267 -0.0200897 -2.92444
4.32169 -0.0252877 -2.89867
4.29753 -0.0316668 -2.88347
4.28062 -0.0369226 -2.84022
4.27927 -0.0373729 -2.82064
4.24631 -0.0526704 -2.70697
4.2159 -0.0700908 -2.62139
4.17579 -0.095504 -2.57685
4.13767 -0.12706 -2.45015
4.12233 -0.14152 -2.3858
4.10634 -0.159595 -2.29501
4.08551 -0.183217 -2.29344
4.0647 -0.209479 -2.24099
4.04194 -0.242495 -2.17423
4.03053 -0.25818 -2.19976
4.00836 -0.291853 -2.15306
3.9832 -0.335033 -2.09833
3.95807 -0.378255 -2.09746
3.93671 -0.420565 -2.03843
3.92047 -0.454272 -2.01975
3.90064 -0.50014 -1.97878
3.88586 -0.538501 -1.93861
3.87077 -0.578203 -1.93408
3.86265 -0.607588 -1.84018
3.86064 -0.616015 -1.80512
3.85427 -0.6417 -1.8138
3.85178 -0.651411 -1.82204
3.84108 -0.696462 -1.8041
3.82916 -0.740918 -1.83273
3.81844 -0.789753 -1.78682
3.80883 -0.824812 -1.83823
3.79746 -0.870466 -1.81501
3.78833 -0.913926 -1.77782
3.77944 -0.950166 -1.81144
3.77021 -0.992257 -1.78649
3.76117 -1.04005 -1.75782
3.75365 -1.07247 -1.79871
3.74787 -1.09635 -1.80824
3.73996 -1.12357 -1.85363
3.73107 -1.15339 -1.86048
3.71693 -1.20034 -1.8633
3.70416 -1.23428 -1.93075
3.68644 -1.28091 -1.93394
3.67469 -1.31388 -1.91317
3.66332 -1.3441 -1.93069
3.65473 -1.36895 -1.9036
3.64088 -1.40995 -1.89655
3.62936 -1.44318 -1.90461
3.61712 -1.47569 -1.93084
3.59885 -1.52219 -1.9452
3.58253 -1.56002 -1.97793
3.57024 -1.58697 -1.99875
3.55327 -1.62582 -1.98262
3.53915 -1.66053 -1.95719
3.52804 -1.68278 -2.034
3.51687 -1.70559 -2.02598
3.49873 -1.74751 -1.97914
3.4787 -1.78683 -2.04208
3.47198 -1.79952 -2.05799
3.45434 -1.83803 -2.00034
3.43898 -1.86913 -2.02938
3.42244 -1.90653 -1.98726
3.40186 -1.95081 -2.00581
3.37922 -1.99357 -2.05783
3.36104 -2.02657 -2.0742
3.33584 -2.06976 -2.09899
3.31068 -2.11279 -2.09995
3.28679 -2.15386 -2.09754
3.26053 -2.19637 -2.12423
3.2342 -2.23816 -2.13301
3.21027 -2.27777 -2.1142
3.18608 -2.31381 -2.16193
3.17538 -2.32928 -2.17573
3.16056 -2.35098 -2.17014
3.14753 -2.36968 -2.17935
3.12661 -2.4039 -2.1194
3.10359 -2.4388 -2.15408
3.07949 -2.4723 -2.19429
3.04957 -2.51108 -2.22799
3.02219 -2.55213 -2.15893
2.99394 -2.59096 -2.19975
2.96816 -2.62515 -2.21689
2.93704 -2.66317 -2.25673
2.90448 -2.70111 -2.28001
2.87077 -2.73661 -2.33049
2.83657 -2.77007 -2.36714
2.8067 -2.79984 -2.35797
2.78153 -2.82548 -2.34676
2.74699 -2.86055 -2.34857
2.71862 -2.88913 -2.35252
2.68447 -2.92435 -2.34068
2.67299 -2.93707 -2.30506
2.63906 -2.97374 -2.31744
2.60443 -3.00942 -2.34127
2.57155 -3.04289 -2.34737
2.53658 -3.07862 -2.3454
2.50165 -3.11418 -2.34715
2.48051 -3.13496 -2.36491
2.44439 -3.1663 -2.42695
2.42745 -3.17962 -2.47522
2.3914 -3.20882 -2.46089
2.35671 -3.23843 -2.43498
2.32124 -3.26504 -2.49794
2.28775 -3.28869 -2.52678
2.24617 -3.31647 -2.55255
2.21092 -3.33827 -2.58784
2.16952 -3.36589 -2.55317
2.13366 -3.38727 -2.60401
2.09868 -3.40866 -2.59269
2.05534 -3.43355 -2.62041
2.01531 -3.45689 -2.61361
1.99272 -3.47081 -2.58936
1.95217 -3.49371 -2.62746
1.91014 -3.52009 -2.58102
1.86972 -3.54422 -2.60349
1.82877 -3.57154 -2.55318
1.78876 -3.59575 -2.59745
1.755 -3.61701 -2.57974
1.72093 -3.63627 -2.62704
1.68386 -3.65523 -2.66879
1.65239 -3.6682 -2.75057
1.61388 -3.68272 -2.78103
1.57077 -3.69838 -2.79325
1.52371 -3.71526 -2.79722
1.48117 -3.72934 -2.8219
1.43339 -3.74399 -2.84403
1.38602 -3.7576 -2.86177
1.34005 -3.77521 -2.77597
1.29375 -3.78825 -2.86686
1.26629 -3.79601 -2.86621
1.21881 -3.80763 -2.90171
1.18163 -3.81688 -2.8977
1.13314 -3.82627 -2.95037
1.09082 -3.83582 -2.9197
1.05015 -3.84476 -2.92496
1.00213 -3.8549 -2.93352
0.954412 -3.86356 -2.96216
0.905164 -3.87208 -2.97019
0.857843 -3.88129 -2.94949
0.809231 -3.89139 -2.93669
0.761338 -3.90304 -2.90302
0.714569 -3.91363 -2.91895
0.665754 -3.92445 -2.9234
0.63131 -3.93121 -2.94767
0.586815 -3.9394 -2.95963
0.541028 -3.94812 -2.95346
0.497757 -3.95695 -2.94033
0.449066 -3.96558 -2.96617
0.407955 -3.97146 -2.99941
0.374266 -3.97608 -3.00544
0.341997 -3.97996 -3.02197
0.293291 -3.98328 -3.07337
0.243471 -3.98725 -3.06215
0.206503 -3.98786 -3.12505
0.156657 -3.99114 -3.07588
0.106724 -3.99217 -3.12096
0.0619543 -3.99433 -3.09347
0.0133691 -3.99536 -3.12033
-0.0358203 -3.99657 -3.11698
-0.0809575 -3.99585 -3.1576
-0.116641 -3.99638 3.15649
-0.161152 -3.99729 -3.12122
-0.207202 -3.99675 -3.1533
-0.255861 -3.99381 3.08137
-0.301346 -3.99163 3.0936
-0.349272 -3.99058 3.11964
-0.398543 -3.98792 3.08765
-0.438723 -3.98381 3.03977
-0.469185 -3.97983 3.01171
-0.510387 -3.97418 3.00529
-0.551176 -3.96959 3.02955
-0.590525 -3.96472 3.01827
-0.639482 -3.95486 2.9429
-0.688528 -3.94525 2.94813
-0.737093 -3.93337 2.9018
-0.778229 -3.92277 2.88924
-0.826444 -3.9109 2.90022
-0.869077 -3.90123 2.91852
-0.917713 -3.89046 2.92368
-0.957076 -3.8826 2.94446
-1.00139 -3.87163 2.89904
-1.04966 -3.86029 2.91072
-1.09724 -3.84737 2.87662
-1.12264 -3.8414 2.91052
-1.16179 -3.83085 2.87853
-1.20426 -3.82026 2.89715
-1.24129 -3.80986 2.8678
-1.28935 -3.79605 2.86183
-1.33688 -3.78062 2.82771
-1.37327 -3.76815 2.81138
-1.41798 -3.75161 2.78714
-1.45731 -3.73862 2.82269
-1.5022 -3.72239 2.79465
-1.54771 -3.70812 2.83778
-1.58686 -3.69369 2.78849
-1.62318 -3.68062 2.79598
-1.66186 -3.66728 2.80969
-1.70285 -3.65123 2.76823
-1.74909 -3.63262 2.75905
-1.79 -3.61697 2.77619
-1.83562 -3.5978 2.74384
-1.8809 -3.57739 2.71801
-1.92209 -3.55744 2.69068
-1.96583 -3.53324 2.63619
-2.00309 -3.51085 2.60052
-2.04272 -3.48614 2.58399
-2.08202 -3.46224 2.59535
-2.1084 -3.44754 2.63303
-2.14773 -3.42211 2.56763
-2.1894 -3.39523 2.56882
-2.23029 -3.37023 2.59274
-2.26675 -3.34707 2.57564
-2.30571 -3.31932 2.52268
-2.34478 -3.29017 2.50053
-2.37999 -3.26364 2.49601
-2.41421 -3.23757 2.4904
-2.4471 -3.21474 2.53486
-2.47812 -3.19248 2.51912
-2.50242 -3.1744 2.50211
-2.53869 -3.14587 2.47505
-2.56649 -3.12443 2.4846
-2.60371 -3.09691 2.50489
-2.63891 -3.07297 2.54445
-2.67977 -3.04484 2.53858
-2.71232 -3.02017 2.4931
-2.75215 -2.99024 2.49712
-2.78526 -2.96392 2.4701
-2.8168 -2.9372 2.43869
-2.85466 -2.90556 2.4454
-2.8898 -2.87289 2.39258
-2.92446 -2.84327 2.43433
-2.96259 -2.81093 2.43834
-2.99968 -2.77862 2.42486
-3.03661 -2.74528 2.40728
-3.06763 -2.71629 2.39005
-3.10509 -2.68355 2.42321
-3.14091 -2.64875 2.37073
-3.17333 -2.61838 2.38892
-3.20835 -2.58624 2.39897
-3.23515 -2.5625 2.41653
-3.26449 -2.53408 2.37224
-3.29659 -2.49836 2.30293
-3.3275 -2.46567 2.32817
-3.35709 -2.43042 2.26911
-3.38081 -2.40161 2.25971
-3.41256 -2.36357 2.26627
-3.44412 -2.3249 2.25526
-3.47339 -2.28477 2.20094
-3.49732 -2.24923 2.16342
-3.52355 -2.2086 2.14401
-3.548 -2.17013 2.13706
-3.57287 -2.13283 2.15882
-3.59597 -2.09998 2.18354
-3.61582 -2.07125 2.17542
-3.63541 -2.04165 2.15541
-3.65267 -2.01264 2.10755
-3.67647 -1.97238 2.10471
-3.6906 -1.94939 2.12186
-3.70781 -1.92211 2.13379
-3.72641 -1.89428 2.15988
-3.74618 -1.86494 2.16372
-3.7528 -1.85454 2.13799
-3.76052 -1.84175 2.11363
-3.76858 -1.82871 2.12466
-3.78245 -1.80596 2.11805
-3.79579 -1.78464 2.12995
-3.80742 -1.76467 2.09839
-3.81959 -1.74161 2.05632
-3.83195 -1.71364 1.98688
-3.85057 -1.67084 1.98118
-3.86316 -1.64064 1.96573
-3.88025 -1.6035 2.00197
-3.89206 -1.57622 1.97927
-3.91066 -1.53569 2.0012
-3.92466 -1.5024 1.96872
-3.93504 -1.47964 1.99897
-3.93941 -1.46983 1.98974
-3.94597 -1.45547 1.99899
-3.95224 -1.4421 2.00946
-3.95869 -1.42842 2.01167
-3.96755 -1.40987 2.01611
-3.97143 -1.40189 2.02309
-3.97625 -1.39194 2.02255
-3.98437 -1.37313 1.97837
-3.99433 -1.34852 1.95501
-3.9991 -1.33438 1.89649
-4.0068 -1.30899 1.86523
-4.01397 -1.28749 1.89255
-4.02159 -1.26398 1.8844
-4.02475 -1.25443 1.8904
-4.03024 -1.23225 1.81326
-4.03845 -1.19999 1.81999
-4.0482 -1.16879 1.87384
-4.05261 -1.15293 1.84157
-4.05793 -1.1363 1.88044
-4.06489 -1.11763 1.92772
-4.07157 -1.09858 1.90825
-4.07819 -1.0799 1.9114
-4.08444 -1.06155 1.89916
-4.08968 -1.04665 1.90872
-4.10062 -1.01988 1.95873
-4.1123 -0.993348 1.98567
-4.12044 -0.970597 1.91406
-4.12349 -0.960484 1.86384
-4.1299 -0.939883 1.8725
-4.13537 -0.921106 1.85414
-4.13823 -0.908813 1.79997
-4.141 -0.898084 1.82342
-4.14728 -0.876467 1.85362
-4.15428 -0.853644 1.86837
-4.16023 -0.83375 1.86112
-4.16653 -0.813616 1.87402
-4.17082 -0.799518 1.86636
-4.18049 -0.769099 1.87875
-4.18302 -0.761246 1.88149
-4.19144 -0.736127 1.89436
-4.19858 -0.718981 1.96554
-4.20432 -0.706351 1.99708
-4.20751 -0.699568 2.01074
-4.2101 -0.693917 2.00068
-4.21449 -0.684953 2.02587
-4.2195 -0.675493 2.0582
-4.22729 -0.661259 2.07129
-4.2282 -0.659683 2.09656
-4.23445 -0.64851 2.08044
-4.24016 -0.639129 2.11772
-4.24231 -0.635522 2.10858
-4.24841 -0.625147 2.10239
-4.25848 -0.607673 2.09351
-4.26199 -0.601153 2.06448
-4.26337 -0.598251 2.01471
-4.26702 -0.590119 1.99275
-4.26927 -0.585386 2.01544
-4.27613 -0.570668 2.00673
-4.27702 -0.568812 2.01885
-4.28235 -0.556446 1.97745
-4.28599 -0.546765 1.93075
-4.28789 -0.5411 1.89374
-4.29004 -0.534667 1.89369
-4.2942 -0.52208 1.88983
-4.29904 -0.508945 1.9238
-4.29924 -0.508397 1.9223
-4.29817 -0.511379 1.91576
-4.29939 -0.508225 1.9413
-4.301 -0.504271 1.9583
-4.30096 -0.504401 1.90809
-4.30182 -0.50181 1.89312
-4.30467 -0.494159 1.92744
-4.31228 -0.474331 1.93697
-4.31779 -0.458021 1.89646
True
0.171487
