4.4822 0.00443417 2.89744
4.47134 0.0077106 2.84853
4.46122 0.0110752 2.82074
4.43161 0.0229047 2.76151
4.40286 0.0357666 2.72084
4.3634 0.0576011 2.63628
4.32264 0.0848979 2.55143
4.28715 0.113898 2.45655
4.25826 0.139189 2.42249
4.22597 0.170105 2.378
4.20214 0.192008 2.3981
4.16901 0.22945 2.29525
4.14062 0.26345 2.26647
4.11278 0.298883 2.23674
4.08293 0.338524 2.21626
4.05652 0.376051 2.18399
4.03154 0.414305 2.1493
4.00856 0.451242 2.12734
3.98612 0.491744 2.07686
3.96545 0.536894 1.99997
3.94714 0.578285 1.98738
3.93241 0.613688 1.96517
3.91195 0.659145 1.99359
3.90207 0.683871 1.95101
3.88623 0.731082 1.89446
3.87347 0.766094 1.92034
3.86065 0.801487 1.91845
3.8501 0.828251 1.94618
3.83874 0.859217 1.92234
3.83033 0.880642 1.94495
3.82706 0.888987 1.9444
3.81453 0.923742 1.91672
3.80733 0.94612 1.8822
3.79763 0.975862 1.88589
3.78544 1.01224 1.8943
3.77693 1.04295 1.841
3.76367 1.08637 1.86714
3.75333 1.11795 1.88735
3.73814 1.16557 1.87953
3.72293 1.20755 1.9184
3.7027 1.25323 1.98781
3.68281 1.29882 1.98206
3.66646 1.33864 1.96051
3.64921 1.38421 1.9326
3.63661 1.41599 1.94828
3.61992 1.45777 1.95089
3.60579 1.48911 1.99426
3.5844 1.53398 2.01577
3.56457 1.57966 1.98017
3.5442 1.62074 2.0312
3.52663 1.65518 2.04269
3.50582 1.69262 2.07804
3.48745 1.7248 2.08956
3.46424 1.76375 2.10806
3.44503 1.79513 2.12021
3.42441 1.83277 2.07198
3.39727 1.87455 2.14678
3.37111 1.91716 2.1215
3.34432 1.95779 2.15359
3.3217 1.99477 2.11988
3.29707 2.03486 2.12169
3.27589 2.07106 2.10028
3.25167 2.11446 2.07982
3.23331 2.14317 2.13965
3.21225 2.17736 2.12291
3.18592 2.21727 2.15392
3.15966 2.25704 2.15449
3.13906 2.28937 2.13809
3.11328 2.33207 2.11386
3.08892 2.37573 2.0798
3.06413 2.41633 2.1189
3.04288 2.44855 2.15393
3.03176 2.46342 2.21271
3.01054 2.49515 2.1603
2.98594 2.52736 2.22297
2.96012 2.56445 2.17888
2.94013 2.59415 2.16341
2.91411 2.62926 2.20849
2.88492 2.66935 2.2001
2.86086 2.7012 2.21783
2.83123 2.74 2.22305
2.79971 2.77879 2.25313
2.76815 2.81758 2.2538
2.74295 2.84811 2.2609
2.71606 2.87705 2.31947
2.68154 2.91249 2.34304
2.64602 2.94592 2.38645
2.61143 2.98184 2.3373
2.57663 3.01416 2.393
2.54603 3.04269 2.39138
2.52959 3.05826 2.38316
2.49195 3.09114 2.4236
2.45452 3.12184 2.45469
2.41985 3.15001 2.4593
2.38123 3.17932 2.49243
2.34127 3.20898 2.50308
2.3046 3.23532 2.51864
2.26354 3.26378 2.53536
2.22175 3.29031 2.57605
2.19198 3.31025 2.5514
2.1508 3.33814 2.54625
2.10798 3.36378 2.60218
2.06491 3.38891 2.61341
2.02072 3.41199 2.66025
1.99675 3.42664 2.59311
1.9529 3.45057 2.642
1.91064 3.47254 2.66214
1.86563 3.4943 2.69123
1.82544 3.51361 2.69375
1.78195 3.53396 2.7038
1.76433 3.54357 2.64243
1.72535 3.56206 2.69888
1.68117 3.58548 2.65407
1.63531 3.60538 2.7321
1.59402 3.62494 2.69917
1.55465 3.64245 2.72313
1.50936 3.66106 2.75188
1.47428 3.67662 2.7239
1.42774 3.69491 2.76722
1.38341 3.71155 2.78248
1.34499 3.72743 2.74952
1.29804 3.7446 2.7911
1.25034 3.75961 2.83675
1.20625 3.77445 2.81695
1.17204 3.78397 2.87017
1.12339 3.79543 2.91014
1.07504 3.80674 2.91177
1.02647 3.81615 2.95037
0.981269 3.82786 2.88812
0.9356 3.83622 2.9604
0.892506 3.84677 2.90147
0.843704 3.85697 2.9356
0.809011 3.86289 2.97256
0.780912 3.86859 2.94136
0.732164 3.87827 2.94567
0.68258 3.88466 3.01345
0.635496 3.89087 3.01034
0.588271 3.8953 3.04816
0.542533 3.90037 3.03111
0.496328 3.90633 3.01338
0.454056 3.91264 2.99332
0.405112 3.92185 2.95559
0.360039 3.9298 2.96713
0.311163 3.93968 2.94202
0.265706 3.94922 2.93479
0.222329 3.95697 2.96476
0.175463 3.96475 2.97717
0.131088 3.97004 3.023
0.0813738 3.97466 3.04889
0.0435304 3.97747 3.06746
0.0116569 3.98037 3.05097
-0.0351007 3.98317 3.08167
-0.0849093 3.98588 3.08723
-0.134853 3.98704 3.1184
-0.184615 3.98953 3.09151
-0.23013 3.98905 3.15223
-0.279976 3.98547 -3.06986
-0.32979 3.98248 -3.08173
-0.376558 3.97638 -3.0118
-0.413668 3.97193 -3.02236
-0.437285 3.96876 -3.00796
-0.485737 3.96135 -2.9899
-0.534874 3.95222 -2.95777
-0.580621 3.94471 -2.97894
-0.623137 3.93799 -2.98482
-0.669566 3.92693 -2.90776
-0.70264 3.92054 -2.95072
-0.744496 3.91241 -2.94987
-0.792473 3.90298 -2.94737
-0.840726 3.89006 -2.88011
-0.888934 3.87683 -2.87374
-0.935337 3.86605 -2.91326
-0.971757 3.85663 -2.88856
-1.02011 3.84412 -2.88828
-1.06803 3.82984 -2.85202
-1.11267 3.81692 -2.85981
-1.15572 3.80385 -2.84702
-1.2018 3.78859 -2.82174
-1.24618 3.77292 -2.80208
-1.28944 3.75556 -2.76006
-1.3366 3.73971 -2.81738
-1.3763 3.72369 -2.75801
-1.42102 3.70667 -2.7779
-1.4662 3.68525 -2.69898
-1.50981 3.66582 -2.72242
-1.54356 3.65019 -2.70771
-1.58925 3.63062 -2.7371
-1.63432 3.60909 -2.6959
-1.6776 3.58861 -2.69945
-1.72108 3.56435 -2.63272
-1.76216 3.54193 -2.64213
-1.79696 3.52348 -2.65397
-1.83176 3.50326 -2.61525
-1.87244 3.48143 -2.64914
-1.91618 3.45746 -2.64021
-1.95625 3.43616 -2.6531
-1.99759 3.41308 -2.63241
-2.03473 3.39045 -2.59423
-2.07284 3.36646 -2.57991
-2.11541 3.34028 -2.5902
-2.15826 3.3146 -2.60175
-2.19771 3.29314 -2.64331
-2.23176 3.27362 -2.6209
-2.27122 3.25094 -2.61999
-2.3143 3.22564 -2.61061
-2.35737 3.20029 -2.60956
-2.39393 3.17742 -2.5826
-2.43612 3.15058 -2.57504
-2.47848 3.12442 -2.58843
-2.51761 3.09591 -2.51188
-2.55851 3.06728 -2.5308
-2.59774 3.03901 -2.51725
-2.63913 3.01275 -2.57619
-2.66958 2.99368 -2.58219
-2.70946 2.96799 -2.56923
-2.75126 2.94063 -2.562
-2.78953 2.9151 -2.55339
-2.82462 2.88942 -2.50975
-2.86293 2.85949 -2.47839
-2.89819 2.82963 -2.43888
-2.93198 2.79829 -2.39387
-2.96841 2.76838 -2.4541
-3.0003 2.7434 -2.47706
-3.02994 2.71844 -2.4418
-3.05696 2.69499 -2.42674
-3.09182 2.6605 -2.3616
-3.12244 2.63077 -2.37095
-3.15092 2.6007 -2.32905
-3.16065 2.5904 -2.32744
-3.17565 2.57519 -2.34931
-3.18392 2.56656 -2.33496
-3.19062 2.55981 -2.35245
-3.21084 2.53833 -2.32601
-3.23246 2.51562 -2.33164
-3.24824 2.49989 -2.35758
-3.27039 2.47917 -2.38978
-3.29953 2.45162 -2.38415
-3.30807 2.44344 -2.37718
-3.32645 2.42433 -2.33686
-3.34164 2.4094 -2.3649
-3.35043 2.40084 -2.36966
-3.37693 2.3721 -2.31564
-3.39851 2.34765 -2.29385
-3.42754 2.31756 -2.33841
-3.45477 2.28827 -2.31974
-3.48332 2.25846 -2.33436
-3.50919 2.22877 -2.2876
-3.53269 2.2031 -2.31208
-3.54731 2.18752 -2.32457
-3.5521 2.18219 -2.30301
-3.56455 2.1682 -2.2979
-3.59303 2.1374 -2.31716
-3.61794 2.1132 -2.37059
-3.63227 2.09895 -2.35922
-3.64669 2.08441 -2.35185
-3.66107 2.07019 -2.36179
-3.6713 2.05978 -2.34731
-3.68336 2.04695 -2.32537
-3.69753 2.03198 -2.32888
-3.7149 2.01322 -2.31781
-3.73536 1.99065 -2.30726
-3.75272 1.97176 -2.31374
-3.76729 1.95713 -2.35413
-3.77888 1.94568 -2.36269
-3.79519 1.93049 -2.39161
-3.81118 1.91664 -2.42787
-3.83095 1.9006 -2.45967
-3.85078 1.8854 -2.48792
-3.87054 1.87173 -2.53637
-3.87799 1.86665 -2.54229
-3.8938 1.85619 -2.5572
-3.90462 1.84873 -2.5383
-3.91282 1.84302 -2.53339
-3.9299 1.83049 -2.50866
-3.95547 1.81232 -2.5238
-3.97873 1.79432 -2.48302
-3.99084 1.78426 -2.44845
-4.00625 1.77132 -2.44283
-4.02437 1.75529 -2.41725
-4.03858 1.74259 -2.41267
-4.05451 1.72698 -2.36638
-4.06907 1.71184 -2.33623
-4.09471 1.68455 -2.32512
-4.11929 1.65837 -2.32472
-4.13739 1.63853 -2.31025
-4.15132 1.62356 -2.32017
-4.1636 1.61162 -2.37025
-4.18344 1.59216 -2.36614
-4.19738 1.57863 -2.37064
-4.20915 1.56614 -2.32706
-4.21182 1.56318 -2.30356
-4.2165 1.55847 -2.3526
-4.21983 1.55516 -2.35895
-4.23004 1.54432 -2.32664
-4.23789 1.53596 -2.32477
-4.24313 1.53014 -2.30389
-4.25025 1.5228 -2.34045
-4.25267 1.52031 -2.34196
-4.25906 1.51405 -2.36669
-4.2642 1.50872 -2.33811
-4.28107 1.48993 -2.30251
-4.28376 1.48689 -2.29358
-4.29111 1.47853 -2.29257
-4.29201 1.47744 -2.26078
-4.29832 1.46986 -2.26444
-4.30591 1.4598 -2.21737
-4.31285 1.45053 -2.21395
-4.31239 1.45118 -2.18849
-4.3138 1.44922 -2.19305
-4.31713 1.4445 -2.1861
-4.31923 1.44154 -2.18538
-4.3244 1.43553 -2.2815
True
0.205371
