-5.46128 -0.445454 0.0903075
-5.42531 -0.441501 0.109486
-5.37635 -0.436995 0.09178
-5.33218 -0.432683 0.0973054
-5.2849 -0.428632 0.085466
-5.23819 -0.42391 0.10075
-5.18932 -0.420162 0.0765347
-5.14942 -0.417449 0.0678873
-5.09995 -0.416888 0.0113523
-5.05631 -0.415886 0.0229509
-5.01173 -0.415599 0.00644067
-4.96406 -0.413372 0.0466835
-4.9154 -0.411637 0.0356447
-4.86636 -0.408865 0.0564713
-4.82707 -0.405775 0.0784729
-4.78573 -0.404035 0.0420531
-4.74038 -0.402478 0.0343327
-4.69119 -0.401874 0.0122708
-4.64137 -0.401417 0.00916597
-4.5917 -0.401963 -0.0109851
-4.54578 -0.402948 -0.0214377
-4.4958 -0.401418 0.0306003
-4.44903 -0.399494 0.041114
-4.3995 -0.395414 0.0821779
-4.3522 -0.390583 0.101795
-4.30268 -0.384414 0.123933
-4.26507 -0.380516 0.103264
-4.21892 -0.37563 0.105483
-4.17362 -0.368909 0.147286
-4.12619 -0.360876 0.167769
-4.07692 -0.354108 0.136537
-4.02785 -0.347062 0.142585
-3.9887 -0.34 0.178479
-3.9396 -0.331886 0.163766
-3.89237 -0.32282 0.189654
-3.84345 -0.312817 0.201697
-3.79685 -0.304545 0.175692
-3.74813 -0.295989 0.173831
-3.69888 -0.287668 0.167389
-3.64931 -0.281602 0.121768
-3.60373 -0.274131 0.16247
-3.55931 -0.267004 0.159059
-3.5172 -0.259218 0.182845
-3.48803 -0.252605 0.222971
-3.4436 -0.241534 0.24418
-3.40021 -0.230126 0.257145
-3.35457 -0.216965 0.280716
-3.30741 -0.206022 0.228014
-3.25906 -0.193347 0.256393
-3.21768 -0.181647 0.275538
-3.17409 -0.169471 0.272359
-3.13051 -0.157622 0.26551
-3.08995 -0.146638 0.26443
-3.04994 -0.135604 0.269143
-3.00266 -0.120095 0.316915
-2.95554 -0.105781 0.294969
-2.91238 -0.0920921 0.307079
-2.86902 -0.077153 0.331807
-2.82594 -0.0602032 0.374848
-2.77963 -0.0429227 0.357154
-2.73588 -0.0288242 0.311755
-2.69001 -0.0145394 0.301912
-2.64163 -0.00211821 0.251288
-2.59422 0.00909047 0.23219
-2.54719 0.0223522 0.274834
-2.49985 0.0354768 0.270444
-2.46043 0.0482412 0.313111
-2.41402 0.0634491 0.316689
-2.37447 0.0771519 0.333487
-2.32734 0.0933531 0.331145
-2.28287 0.106323 0.283774
-2.24349 0.119383 0.32021
-2.19554 0.133255 0.281604
-2.1543 0.145418 0.286792
-2.10847 0.160658 0.321073
-2.06453 0.171658 0.245266
-2.02307 0.182264 0.25045
-1.97442 0.193502 0.227013
-1.92516 0.201684 0.164592
-1.87647 0.20979 0.164978
-1.8305 0.215903 0.132206
-1.78089 0.222054 0.12335
-1.73225 0.226784 0.0969281
-1.68337 0.232044 0.107217
-1.6338 0.23658 0.0912641
-1.58591 0.23953 0.061503
-1.53618 0.243624 0.0821507
-1.49146 0.247442 0.0851724
-1.44177 0.251797 0.0874087
-1.39752 0.253439 0.0370886
-1.35497 0.254074 0.0149168
-1.30659 0.253907 -0.00343741
-1.25977 0.250818 -0.0659001
-1.21009 0.246011 -0.0964305
-1.17048 0.240928 -0.127635
-1.12482 0.233563 -0.159917
-1.07816 0.229271 -0.091742
-1.02937 0.222822 -0.131414
-0.998675 0.219096 -0.1208
-0.953758 0.214813 -0.0950654
-0.90595 0.207963 -0.142307
-0.857233 0.200297 -0.156092
-0.816847 0.192548 -0.189561
-0.770146 0.183973 -0.181581
-0.721166 0.176915 -0.143134
-0.676577 0.169226 -0.170759
-0.630293 0.162985 -0.134021
-0.592741 0.158896 -0.108473
-0.55159 0.153838 -0.12229
-0.501996 0.147576 -0.125599
-0.452623 0.139713 -0.157939
-0.403583 0.130003 -0.195463
-0.362902 0.1231 -0.168094
-0.315115 0.113973 -0.188723
-0.267521 0.10356 -0.215396
-0.218375 0.0948992 -0.17443
-0.169155 0.0864552 -0.169901
-0.135126 0.0804394 -0.174976
-0.0933011 0.0731 -0.173712
-0.0437819 0.066862 -0.125311
0.00547943 0.0585533 -0.167093
0.0495107 0.0498064 -0.196098
0.0951078 0.0415544 -0.17904
0.142509 0.0310978 -0.217119
0.191351 0.0205144 -0.213387
0.232538 0.0108562 -0.230334
0.277968 -0.000582945 -0.24667
0.327019 -0.0100297 -0.19026
0.375583 -0.0207104 -0.216485
0.424061 -0.0314817 -0.21864
0.468758 -0.0428939 -0.249981
0.517016 -0.0559463 -0.26415
0.557084 -0.0677697 -0.286944
0.595134 -0.0804414 -0.321472
0.631482 -0.0907927 -0.27744
0.677424 -0.103975 -0.27942
0.724913 -0.118451 -0.295879
0.763502 -0.130552 -0.303874
0.805494 -0.1456 -0.344108
0.843914 -0.158728 -0.329261
0.891604 -0.173711 -0.304406
0.936969 -0.186831 -0.281523
0.979483 -0.198304 -0.263591
1.01617 -0.210026 -0.309269
1.0535 -0.218431 -0.221422
1.10205 -0.230263 -0.239074
1.13966 -0.23891 -0.225987
1.18858 -0.248663 -0.196793
1.23269 -0.256308 -0.171589
1.28159 -0.266368 -0.202904
1.33138 -0.270937 -0.0915307
1.38098 -0.276791 -0.117479
1.42957 -0.282837 -0.123779
1.47537 -0.286423 -0.0781263
1.52171 -0.288096 -0.0360878
1.56393 -0.288551 -0.0107836
1.6106 -0.286988 0.033475
1.65456 -0.286284 0.016009
1.6914 -0.285723 0.0152436
1.73581 -0.284789 0.0210279
1.78579 -0.283823 0.0193142
1.83353 -0.282759 0.0222836
1.88345 -0.282197 0.0112709
1.93334 -0.28232 -0.00247939
1.98315 -0.282228 0.00185977
2.03131 -0.279048 0.065922
2.08097 -0.274101 0.0993072
2.12683 -0.267869 0.135052
2.16888 -0.261084 0.159961
2.21857 -0.255525 0.111421
2.2683 -0.250524 0.100239
2.31425 -0.24463 0.127535
2.3639 -0.238962 0.113686
2.41334 -0.231699 0.145869
2.45965 -0.224291 0.1586
2.50368 -0.216089 0.184178
2.55212 -0.205659 0.212072
2.588 -0.198225 0.204292
2.63595 -0.184044 0.287584
2.68166 -0.17284 0.240364
2.72495 -0.162491 0.234642
2.77096 -0.152732 0.209019
2.81849 -0.143436 0.193162
2.86791 -0.13589 0.15151
2.91297 -0.130357 0.122167
2.95639 -0.124798 0.127344
2.99577 -0.119786 0.126595
3.0423 -0.113728 0.129451
3.08698 -0.107776 0.132452
3.12268 -0.102406 0.149293
3.16881 -0.0954028 0.150654
3.21417 -0.0882126 0.157231
3.25628 -0.0803058 0.185595
3.30428 -0.0722822 0.165617
3.34827 -0.0625453 0.217846
3.3742 -0.0569515 0.212436
3.39885 -0.0513067 0.225118
3.4378 -0.0436587 0.193912
3.4778 -0.0343301 0.229124
3.52106 -0.0233084 0.249473
3.56175 -0.0137333 0.231093
3.59334 -0.0071826 0.204457
3.60435 -0.0048842 0.205833
3.61126 -0.00374425 0.163612
3.6499 0.000576523 0.11134
3.68892 0.00484146 0.108865
3.72323 0.00646549 0.0473008
3.75387 0.00754254 0.0351422
3.79376 0.00876089 0.0305355
3.82757 0.00811469 -0.0191098
3.85257 0.00775678 -0.0143114
3.87983 0.00836969 0.0224855
3.91188 0.00926408 0.0278946
3.95271 0.011284 0.0494319
3.97683 0.0141762 0.119334
4.01022 0.0194863 0.157719
4.03933 0.0221387 0.0908584
4.06962 0.0254962 0.110407
4.08683 0.0275655 0.11968
4.11221 0.0309987 0.13446
4.13646 0.0333471 0.0965363
4.17531 0.0375522 0.107803
4.22127 0.0428554 0.114881
4.25855 0.0477546 0.130664
4.29045 0.0494899 0.0543585
4.33236 0.0499323 0.0105543
4.36916 0.0512725 0.0364004
4.41216 0.053074 0.0418718
4.45642 0.0558199 0.0619586
4.4841 0.0573608 0.0556085
4.51045 0.0587856 0.0540206
4.53698 0.0599067 0.0422379
4.56177 0.0618425 0.0779206
4.57447 0.0625973 0.0593608
4.59546 0.0647575 0.102546
4.6222 0.0675473 0.103948
4.63633 0.0685657 0.0719693
4.66502 0.0701759 0.0560684
4.67341 0.0707994 0.07414
4.6888 0.0719187 0.0726273
4.70534 0.0739579 0.12266
4.72378 0.0762483 0.123597
4.73548 0.0778711 0.137803
4.7674 0.0818087 0.122744
4.7973 0.084774 0.0988479
4.81371 0.086103 0.0807799
4.82529 0.0867972 0.0598702
4.83755 0.0875446 0.0609118
4.85003 0.0883332 0.0631166
4.8635 0.089798 0.108265
4.89155 0.0924205 0.0932199
4.90633 0.0940994 0.113142
4.91932 0.0954215 0.101438
4.92152 0.0956846 0.118999
4.93635 0.0978107 0.14239
4.95688 0.101276 0.16722
4.98118 0.106847 0.225332
4.99223 0.109165 0.206935
5.00583 0.112442 0.236393
5.01387 0.114263 0.222628
5.01991 0.115261 0.163691
5.02518 0.116221 0.180331
5.0343 0.118073 0.200199
5.04764 0.120351 0.169221
5.05226 0.121257 0.19361
5.07229 0.124292 0.150369
5.08623 0.126743 0.174047
5.10837 0.131229 0.1999
5.1218 0.133795 0.188887
5.13358 0.135272 0.124746
5.13945 0.135992 0.121944
5.14636 0.137057 0.152885
5.15051 0.137861 0.191133
5.15691 0.1394 0.236021
5.16657 0.142086 0.271481
5.17618 0.144568 0.25265
5.18461 0.146497 0.225028
5.189 0.147055 0.126371
5.19515 0.147522 0.0756877
5.20484 0.147698 0.0181348
5.21886 0.147396 -0.0215443
True
0.260524
