4.48192 -0.00619151 -2.81163
4.47127 -0.0110803 -2.71137
4.4368 -0.0307125 -2.62383
4.42309 -0.0387216 -2.61279
4.39983 -0.0542523 -2.55299
4.36624 -0.077852 -2.52911
4.32787 -0.107575 -2.48253
4.28944 -0.139229 -2.45254
4.25456 -0.171728 -2.39151
4.22111 -0.208845 -2.30427
4.19602 -0.240059 -2.2479
4.16883 -0.274665 -2.23679
4.13869 -0.314131 -2.22304
4.11181 -0.356291 -2.13838
4.08866 -0.396329 -2.09491
4.06439 -0.43849 -2.09323
4.04197 -0.482673 -2.0404
4.0193 -0.527228 -2.04145
3.99737 -0.570319 -2.04151
3.97984 -0.6042 -2.04813
3.96352 -0.638429 -2.0159
3.95032 -0.670128 -1.96527
3.93771 -0.698735 -1.98589
3.91802 -0.743401 -1.98606
3.90558 -0.771683 -1.98528
3.89603 -0.793764 -1.97869
3.87796 -0.835172 -1.98239
3.86159 -0.877312 -1.94133
3.85126 -0.903468 -1.94674
3.83549 -0.949466 -1.90117
3.8204 -0.985321 -1.96912
3.80329 -1.02802 -1.95195
3.78805 -1.07054 -1.91492
3.77269 -1.11129 -1.93119
3.75673 -1.15813 -1.89928
3.73881 -1.20479 -1.93739
3.72289 -1.24535 -1.94493
3.70631 -1.29252 -1.90873
3.69072 -1.33857 -1.89727
3.67936 -1.36807 -1.93833
3.66606 -1.40658 -1.90339
3.65396 -1.43746 -1.94413
3.63951 -1.47104 -1.9772
3.62427 -1.50654 -1.97632
3.60627 -1.54548 -2.00381
3.58462 -1.5895 -2.02783
3.56681 -1.62859 -1.99829
3.55552 -1.65116 -2.03475
3.53436 -1.69634 -2.00888
3.52262 -1.72309 -1.98432
3.51576 -1.73946 -1.96728
3.49571 -1.78062 -2.02417
3.47601 -1.82309 -2.00502
3.45993 -1.85809 -2.00151
3.43891 -1.9034 -2.00516
3.41701 -1.94799 -2.02743
3.39915 -1.98096 -2.06719
3.38012 -2.01848 -2.04015
3.36104 -2.05931 -2.00789
3.34593 -2.09262 -1.99687
3.32747 -2.13751 -1.96095
3.31229 -2.18079 -1.9081
3.29742 -2.22148 -1.92113
3.28015 -2.2684 -1.92351
3.26095 -2.31454 -1.96512
3.24128 -2.35558 -2.01759
3.22524 -2.38458 -2.07611
3.19936 -2.42724 -2.1162
3.17233 -2.46896 -2.14562
3.14729 -2.50373 -2.19494
3.12133 -2.54139 -2.17431
3.09004 -2.58022 -2.24896
3.06226 -2.61442 -2.25316
3.0292 -2.65183 -2.29458
2.99867 -2.68564 -2.30524
2.96627 -2.72274 -2.28864
2.93715 -2.75455 -2.31206
2.90662 -2.78687 -2.32769
2.87592 -2.81585 -2.38499
2.84316 -2.84953 -2.34228
2.80979 -2.8852 -2.32306
2.77365 -2.91972 -2.37906
2.73926 -2.95288 -2.37441
2.70901 -2.98336 -2.35235
2.67478 -3.01853 -2.34272
2.64231 -3.05047 -2.36435
2.60899 -3.08676 -2.31356
2.57448 -3.12261 -2.33712
2.53991 -3.15874 -2.33417
2.51371 -3.18436 -2.36741
2.48765 -3.20823 -2.40001
2.4493 -3.23933 -2.46031
2.4233 -3.26171 -2.43084
2.38335 -3.29112 -2.50704
2.34839 -3.31649 -2.51371
2.30743 -3.34515 -2.5311
2.28251 -3.3623 -2.53873
2.24229 -3.38918 -2.55249
2.20651 -3.41279 -2.55834
2.16875 -3.43876 -2.53909
2.13557 -3.4613 -2.54484
2.09446 -3.48977 -2.53603
2.05703 -3.51466 -2.55453
2.01634 -3.53959 -2.59212
1.98875 -3.55528 -2.6244
1.94448 -3.57809 -2.66576
1.92579 -3.58616 -2.73395
1.87923 -3.60431 -2.76989
1.83389 -3.62251 -2.75993
1.78688 -3.6392 -2.80048
1.74755 -3.65303 -2.80328
1.69992 -3.66692 -2.85787
1.66287 -3.67935 -2.81798
1.61622 -3.69321 -2.85281
1.56933 -3.70808 -2.83443
1.5305 -3.72097 -2.82115
1.4865 -3.73483 -2.83636
1.43854 -3.74898 -2.85465
1.40163 -3.75897 -2.87734
1.35485 -3.7744 -2.82306
1.31045 -3.78753 -2.85407
1.26497 -3.79918 -2.89079
1.22112 -3.81223 -2.85238
1.18216 -3.82395 -2.84938
1.14418 -3.83442 -2.87266
1.09581 -3.84711 -2.88494
1.05224 -3.8561 -2.93822
1.01078 -3.86567 -2.91456
0.969044 -3.87663 -2.88476
0.920953 -3.88895 -2.89088
0.872814 -3.90011 -2.91378
0.824609 -3.91337 -2.87311
0.781023 -3.92622 -2.85488
0.733489 -3.9383 -2.89288
0.687198 -3.9474 -2.94737
0.64675 -3.95523 -2.95033
0.604279 -3.96342 -2.95107
0.555422 -3.97404 -2.92758
0.514541 -3.98152 -2.96059
0.467335 -3.98958 -2.97263
0.424751 -3.99637 -2.98347
0.375308 -4.00379 -2.99262
0.32595 -4.01069 -3.0026
0.288822 -4.01507 -3.02412
0.239637 -4.02112 -3.01928
0.193445 -4.02748 -3.00486
0.146143 -4.03289 -3.02765
0.103278 -4.03534 -3.08457
0.0539832 -4.03705 -3.10683
0.00882994 -4.03753 -3.13102
-0.0411365 -4.03925 -3.10717
-0.090578 -4.04121 -3.10199
-0.137311 -4.04239 -3.11631
-0.182433 -4.04192 -3.15195
-0.232314 -4.04217 3.14668
-0.281502 -4.04019 -3.18193
-0.330395 -4.03912 3.11982
-0.374708 -4.03971 3.15489
-0.423427 -4.03891 -3.15819
-0.465728 -4.037 3.09669
-0.51514 -4.03537 3.10858
-0.558139 -4.03295 3.08533
-0.606868 -4.03016 3.08432
-0.653799 -4.02721 3.07887
-0.702479 -4.02383 3.07221
-0.738471 -4.0206 3.0521
-0.784486 -4.01692 3.06194
-0.833196 -4.01145 3.02962
-0.88091 -4.00773 3.06385
-0.921842 -4.00307 3.02812
-0.968412 -3.99738 3.02001
-1.0177 -3.99181 3.02921
-1.05775 -3.98781 3.04206
-1.09952 -3.98368 3.04285
-1.14579 -3.97838 3.02772
-1.19529 -3.97137 3.0008
-1.22848 -3.96615 2.98559
-1.2575 -3.96141 2.97985
-1.3065 -3.9515 2.94202
-1.35146 -3.94315 2.958
-1.39735 -3.93404 2.94564
-1.44404 -3.92539 2.95829
-1.48989 -3.91928 3.0092
-1.53813 -3.91224 2.9966
-1.58706 -3.90226 2.94046
-1.62941 -3.89313 2.92919
-1.67793 -3.88227 2.92145
-1.725 -3.87214 2.92949
-1.7731 -3.86164 2.92668
-1.81417 -3.85258 2.92457
-1.85805 -3.84166 2.89761
-1.90196 -3.82893 2.85951
-1.95024 -3.81614 2.88266
-1.99611 -3.8032 2.86651
-2.04185 -3.78771 2.81521
-2.08946 -3.77317 2.84516
-2.13326 -3.75868 2.82209
-2.17468 -3.74523 2.82753
-2.20668 -3.73249 2.76274
-2.24979 -3.715 2.75608
-2.28705 -3.69933 2.74361
-2.32336 -3.685 2.76561
-2.36807 -3.66723 2.76338
-2.40954 -3.64885 2.72425
-2.44753 -3.63197 2.72354
-2.48797 -3.61384 2.72019
-2.53335 -3.59355 2.72105
-2.57347 -3.57622 2.73398
-2.60718 -3.56293 2.76615
-2.65263 -3.54486 2.76305
-2.68959 -3.52977 2.75393
-2.73115 -3.51254 2.7487
-2.76744 -3.49806 2.76182
-2.80503 -3.48224 2.74323
-2.83431 -3.46928 2.72486
-2.8688 -3.45253 2.68953
-2.90191 -3.43614 2.68197
-2.94127 -3.4159 2.66656
-2.97602 -3.39975 2.70668
-3.00738 -3.38435 2.68513
-3.04084 -3.36788 2.68414
-3.08367 -3.34737 2.695
-3.11973 -3.33013 2.69563
-3.16053 -3.31268 2.73736
-3.19093 -3.29953 2.73346
-3.21135 -3.29057 2.72786
-3.22146 -3.28573 2.69511
-3.23451 -3.27948 2.69512
-3.25838 -3.26777 2.68562
-3.28685 -3.25518 2.72505
-3.31221 -3.24483 2.75404
-3.33591 -3.23572 2.77492
-3.3439 -3.2324 2.74764
-3.35907 -3.22617 2.7516
-3.38478 -3.21455 2.71737
-3.40754 -3.20316 2.67733
-3.44147 -3.18638 2.68248
-3.46732 -3.1732 2.67
-3.50393 -3.15426 2.66413
-3.53621 -3.13751 2.66303
-3.56383 -3.12427 2.69441
-3.59046 -3.11213 2.7141
-3.61485 -3.10272 2.77318
-3.63231 -3.09694 2.82195
-3.63473 -3.09614 2.82299
-3.65925 -3.0881 2.82486
-3.68499 -3.07933 2.8131
-3.72263 -3.06966 2.88996
-3.76986 -3.05622 2.86456
-3.81089 -3.04451 2.86343
-3.82915 -3.03951 2.87442
-3.85663 -3.0312 2.84788
-3.88342 -3.02299 2.8444
-3.90866 -3.01497 2.83386
-3.93 -3.00734 2.79817
-3.94138 -3.00322 2.79461
-3.95515 -2.998 2.779
-3.97231 -2.99102 2.75523
-3.98078 -2.98738 2.73608
-3.98621 -2.98524 2.76518
-4.00328 -2.97866 2.77376
-4.01785 -2.97423 2.84636
-4.02973 -2.97106 2.88067
-4.04053 -2.96826 2.88785
-4.05313 -2.96486 2.87836
-4.06912 -2.96127 2.92084
-4.07506 -2.96008 2.94329
-4.08426 -2.95795 2.91431
-4.08645 -2.95739 2.89089
-4.08951 -2.95674 2.93171
-4.1111 -2.95184 2.9185
-4.13316 -2.94739 2.9428
-4.15434 -2.94326 2.94872
-4.16375 -2.94176 2.98377
-4.16273 -2.94192 2.99106
-4.16544 -2.94144 2.96718
-4.16999 -2.94069 2.97888
-4.16968 -2.94072 3.03952
-4.18373 -2.93941 3.04808
-4.19463 -2.93875 3.08158
-4.19791 -2.93871 3.12788
-4.19617 -2.93875 3.11662
-4.21659 -2.93804 3.10684
True
0.194047
