-5.45008 1.90435 0.0481481
-5.40339 1.90533 0.0210594
-5.35606 1.90654 0.0254952
-5.31476 1.90983 0.0796297
-5.27026 1.91219 0.0529055
-5.22541 1.91607 0.086372
-5.17908 1.92024 0.0897642
-5.13505 1.92366 0.0773713
-5.08646 1.92722 0.0731514
-5.04208 1.93062 0.0765736
-4.99227 1.93488 0.0852841
-4.95738 1.93499 0.00320507
-4.90857 1.93729 0.0470619
-4.85868 1.93962 0.0466503
-4.80902 1.9411 0.0298351
-4.77461 1.94248 0.0398623
-4.72768 1.94733 0.103087
-4.678 1.94981 0.0497945
-4.63489 1.95241 0.0602456
-4.59083 1.9525 0.00204149
-4.54324 1.95287 0.00791985
-4.49389 1.95061 -0.0458823
-4.44389 1.95028 -0.00659686
-4.39978 1.94961 -0.0152003
-4.35496 1.95057 0.0215557
-4.31135 1.9529 0.0533371
-4.26747 1.95752 0.104772
-4.21815 1.96203 0.0913349
-4.18035 1.96419 0.0569053
-4.13365 1.96833 0.088439
-4.08556 1.97118 0.0591875
-4.04724 1.97286 0.0438448
-3.99736 1.97492 0.0413109
-3.94869 1.974 -0.0189631
-3.89998 1.97301 -0.0202332
-3.85329 1.971 -0.0431416
-3.8043 1.96943 -0.0318882
-3.76187 1.96616 -0.0769826
-3.72164 1.9646 -0.0388224
-3.67897 1.96204 -0.0598236
-3.62975 1.96106 -0.0199638
-3.58085 1.95861 -0.0500807
-3.5391 1.95738 -0.0295388
-3.50588 1.95556 -0.0546441
-3.45764 1.95661 0.0218669
-3.40808 1.95633 -0.00570657
-3.36122 1.95483 -0.0320861
-3.3122 1.95324 -0.0323364
-3.26263 1.95126 -0.0398561
-3.21352 1.94725 -0.0816187
-3.16461 1.94267 -0.0932718
-3.11808 1.94023 -0.052516
-3.06839 1.93586 -0.0876622
-3.01913 1.93129 -0.0925924
-2.97588 1.93039 -0.0206917
-2.92635 1.93008 -0.00619631
-2.87791 1.93021 0.00252603
-2.83379 1.93157 0.0308205
-2.78721 1.93019 -0.0295784
-2.73727 1.92801 -0.0435695
-2.69085 1.928 -0.000209924
-2.64088 1.92621 -0.0358235
-2.59915 1.92374 -0.0590888
-2.56094 1.92333 -0.0108788
-2.51112 1.92005 -0.0656505
-2.46217 1.91699 -0.0624263
-2.41421 1.91182 -0.107403
-2.36485 1.90713 -0.0947659
-2.32417 1.90306 -0.099664
-2.28968 1.89918 -0.111912
-2.24016 1.89271 -0.129903
-2.19127 1.88443 -0.167826
-2.14431 1.87846 -0.12648
-2.09609 1.87193 -0.134709
-2.04658 1.86499 -0.139126
-2.00528 1.85805 -0.166599
-1.96503 1.85176 -0.155066
-1.92214 1.84559 -0.142826
-1.87392 1.84155 -0.0835083
-1.82426 1.83692 -0.0929976
-1.77479 1.83215 -0.0962097
-1.73584 1.83077 -0.0353434
-1.68589 1.83019 -0.0115397
-1.6371 1.82926 -0.0191482
-1.58819 1.82709 -0.0443163
-1.53954 1.82441 -0.055105
-1.49059 1.82204 -0.048245
-1.44092 1.82047 -0.0316545
-1.39145 1.81837 -0.0423727
-1.34697 1.81615 -0.0499022
-1.29888 1.81351 -0.0548215
-1.25004 1.80896 -0.092916
-1.21661 1.80712 -0.0550843
-1.16684 1.80632 -0.016068
-1.13407 1.80644 0.003837
-1.09212 1.80568 -0.018261
-1.04679 1.80357 -0.0464013
-0.999519 1.80302 -0.0116542
-0.952338 1.8034 0.00809789
-0.912001 1.80292 -0.0119924
-0.86525 1.8005 -0.0517717
-0.827319 1.79654 -0.103994
-0.797442 1.79407 -0.082358
-0.761876 1.79143 -0.0741228
-0.724732 1.7889 -0.068046
-0.686933 1.7867 -0.0580547
-0.645 1.78609 -0.0145719
-0.608539 1.78643 0.00937731
-0.585835 1.78648 0.00219529
-0.571135 1.7863 -0.0121933
-0.550395 1.78528 -0.0493457
-0.525829 1.78347 -0.0735569
-0.481046 1.78092 -0.0567724
-0.439898 1.77792 -0.0729147
-0.401676 1.77423 -0.0962573
-0.371527 1.77022 -0.132124
-0.341799 1.76732 -0.097268
-0.316909 1.76453 -0.111498
-0.300708 1.76255 -0.121969
-0.283441 1.76076 -0.102977
-0.259316 1.75787 -0.119259
-0.24264 1.75625 -0.0971467
-0.217662 1.75467 -0.0630416
-0.197329 1.75394 -0.0359305
-0.178085 1.75331 -0.0325562
-0.15169 1.75228 -0.0389629
-0.12764 1.75059 -0.0703642
-0.101401 1.74892 -0.0634597
-0.075861 1.74733 -0.0621827
-0.05155 1.74643 -0.0370771
-0.0308155 1.7463 -0.00642981
-0.0138069 1.7455 -0.0470225
-0.00198845 1.74465 -0.0710571
0.0255148 1.74353 -0.0410024
0.0552508 1.7435 -0.000724919
0.0794186 1.74321 -0.0121388
0.100365 1.74333 0.0059058
0.118605 1.74343 0.00541996
0.143864 1.74309 -0.0134484
0.161386 1.74285 -0.0137694
0.181799 1.74312 0.0132833
0.198755 1.7443 0.0691733
0.214223 1.74537 0.0694059
0.22817 1.74648 0.0788312
0.241587 1.74746 0.0731169
0.256789 1.74847 0.0665444
0.274079 1.74963 0.0669999
0.290301 1.75084 0.0742835
0.307378 1.7518 0.0559883
0.328483 1.75285 0.049823
0.337349 1.75339 0.0606751
0.352194 1.75405 0.0443196
0.358359 1.75432 0.0446934
0.36507 1.7546 0.0422051
0.384227 1.75503 0.0222657
0.405202 1.75592 0.0425845
0.425373 1.75751 0.078227
0.443299 1.7596 0.116129
0.459343 1.76141 0.11274
0.485649 1.76546 0.15258
0.507188 1.76905 0.165077
0.51544 1.77042 0.165174
0.533455 1.77212 0.0941628
0.541337 1.7725 0.0472124
0.560985 1.7735 0.0511842
0.584093 1.77591 0.103929
0.595884 1.77813 0.186162
0.603486 1.78015 0.259398
0.623886 1.78694 0.321179
0.638887 1.79233 0.344978
0.648299 1.79584 0.356957
0.668337 1.80451 0.408581
0.681134 1.80954 0.37453
0.689081 1.81176 0.271637
0.702396 1.81454 0.205974
0.72071 1.81639 0.100759
0.736559 1.8163 -0.00567871
0.745356 1.81549 -0.0921354
0.758222 1.81402 -0.113478
0.767412 1.81248 -0.166794
0.7741 1.81154 -0.138807
0.783461 1.81106 -0.0514277
0.782717 1.81103 0.034899
0.790557 1.81166 0.08026
0.79452 1.8118 0.0344289
0.80207 1.81238 0.0763424
0.806198 1.81291 0.128089
0.813316 1.81363 0.101244
0.816263 1.81403 0.133831
0.821062 1.81502 0.20459
0.8336 1.81738 0.185857
0.849197 1.82006 0.170305
0.852398 1.82051 0.138376
0.859134 1.82068 0.0246757
0.868465 1.8198 -0.0938109
0.888066 1.81564 -0.208933
0.882288 1.81725 -0.271482
0.889741 1.81446 -0.358666
0.88763 1.81548 -0.452893
0.888617 1.81489 -0.544695
0.887935 1.81537 -0.618215
0.898578 1.80591 -0.726819
0.913947 1.79021 -0.795855
0.916292 1.78719 -0.911658
0.920338 1.78125 -0.97268
0.921199 1.77991 -0.999163
0.932516 1.75774 -1.09885
0.940673 1.7407 -1.12435
0.944402 1.73274 -1.13273
0.94713 1.725 -1.23199
0.950691 1.71196 -1.30417
0.953024 1.69818 -1.40312
0.953575 1.69085 -1.49565
0.954111 1.67929 -1.52446
0.953699 1.66531 -1.60032
0.953046 1.65663 -1.64577
0.951158 1.63407 -1.65432
0.949997 1.62046 -1.65586
0.947376 1.60022 -1.69958
0.942656 1.57467 -1.75353
0.940093 1.56372 -1.8006
0.936735 1.54923 -1.79855
0.935084 1.54269 -1.81791
0.933718 1.53696 -1.80495
0.931547 1.5279 -1.80589
0.92786 1.51374 -1.82555
0.925295 1.50163 -1.77963
0.923279 1.49003 -1.74275
0.918101 1.45415 -1.71416
0.913989 1.42585 -1.71505
0.908969 1.38868 -1.70505
0.902191 1.35158 -1.7515
0.899895 1.34002 -1.7668
0.899653 1.33866 -1.74787
0.896869 1.32366 -1.75427
0.896582 1.3221 -1.75187
0.895613 1.31549 -1.71666
0.893811 1.30378 -1.72339
0.89198 1.29157 -1.71959
0.890877 1.28441 -1.7238
0.88842 1.26778 -1.71745
0.88715 1.2569 -1.68705
0.88521 1.24018 -1.68631
0.883964 1.22682 -1.66375
0.882577 1.21493 -1.68693
0.881809 1.20876 -1.69453
0.880078 1.19814 -1.7325
0.878726 1.18766 -1.69915
0.877876 1.17828 -1.66113
0.877363 1.16865 -1.62399
0.876791 1.15615 -1.6165
0.876218 1.14951 -1.657
0.876174 1.1492 -1.7115
0.874675 1.13878 -1.71369
0.873154 1.12991 -1.74043
0.871055 1.11566 -1.7171
0.870795 1.11199 -1.6415
0.870279 1.10294 -1.62777
0.870221 1.09701 -1.58068
0.869397 1.07669 -1.61133
0.869156 1.06991 -1.60632
0.869155 1.06505 -1.57098
0.868764 1.05534 -1.61104
0.868296 1.04877 -1.64192
0.86813 1.04526 -1.61795
0.868176 1.03839 -1.56416
0.86822 1.03775 -1.5011
0.868422 1.03566 -1.47502
0.871044 1.02203 -1.38067
0.871807 1.01949 -1.27957
0.877074 1.00597 -1.19928
0.878792 1.0025 -1.11117
0.882541 0.99446 -1.13426
0.88271 0.993934 -1.2598
0.882159 0.996673 -1.37229
0.882034 0.997909 -1.46948
0.882333 0.992177 -1.51859
0.882533 0.986101 -1.53794
0.882663 0.979897 -1.54989
0.883484 0.966551 -1.50931
0.883826 0.963533 -1.45821
0.884487 0.958645 -1.43625
0.886007 0.947376 -1.43678
0.886858 0.939133 -1.46787
0.887185 0.93403 -1.50686
0.888119 0.919495 -1.50665
0.888325 0.914384 -1.53047
0.888323 0.913259 -1.57251
0.888274 0.900108 -1.57454
0.889422 0.88098 -1.51085
0.892245 0.861036 -1.43016
0.894857 0.849684 -1.34462
0.902303 0.827484 -1.2472
0.902691 0.826479 -1.20178
0.90587 0.818753 -1.18047
0.912111 0.804329 -1.16246
0.918775 0.78807 -1.1818
0.919527 0.785594 -1.27588
0.920931 0.780798 -1.28614
0.920575 0.782195 -1.32179
0.925678 0.749819 -1.41446
0.931303 0.726004 -1.33888
0.931339 0.725852 -1.33888
0.934566 0.713317 -1.31877
0.933695 0.717202 -1.3501
0.93684 0.697994 -1.40847
0.944387 0.656393 -1.39135
0.954422 0.614464 -1.33589
0.970778 0.567783 -1.23379
0.989751 0.521622 -1.18082
1.00149 0.495956 -1.14168
1.02609 0.452527 -1.05546
1.04943 0.419513 -0.955513
1.07891 0.381886 -0.90622
1.1128 0.3481 -0.783791
1.14975 0.31543 -0.724044
1.18593 0.288153 -0.646042
1.22311 0.265302 -0.551086
1.26685 0.243019 -0.471156
1.31205 0.222194 -0.431674
1.35769 0.203905 -0.381164
1.40539 0.188958 -0.303696
1.45339 0.176858 -0.246897
1.50173 0.167344 -0.194361
1.55143 0.163925 -0.0686677
1.59981 0.162135 -0.0369826
1.64889 0.162671 0.0109083
1.69887 0.161676 -0.0198934
1.74484 0.163283 0.0349296
1.79231 0.168844 0.116623
1.83908 0.175796 0.147552
1.88663 0.186729 0.225999
1.92466 0.195608 0.229375
1.97275 0.209313 0.277659
2.01355 0.220716 0.272487
2.05447 0.233294 0.298258
2.10079 0.248444 0.316074
2.1481 0.264356 0.324461
2.19511 0.28137 0.347243
2.24149 0.29821 0.348284
2.28653 0.317748 0.409317
2.32874 0.335557 0.39925
2.3741 0.356032 0.424023
2.41824 0.378937 0.478674
2.46125 0.3995 0.445979
2.50532 0.422252 0.476548
2.54885 0.445996 0.4994
2.57408 0.460118 0.510137
2.61753 0.481655 0.460178
2.66225 0.503687 0.45777
2.70102 0.521945 0.440177
2.74035 0.539658 0.423113
2.77829 0.557181 0.432723
2.82284 0.577112 0.420692
2.86896 0.595952 0.387741
2.91103 0.61592 0.443161
2.95285 0.634804 0.424167
2.99857 0.6545 0.406792
3.04453 0.67418 0.404597
3.0904 0.693065 0.390546
3.12945 0.708584 0.378274
3.16335 0.722521 0.390007
3.20281 0.740391 0.425234
3.24748 0.760149 0.416475
3.2879 0.777125 0.397583
3.33245 0.799794 0.47071
3.37831 0.819708 0.409709
3.41699 0.838184 0.445617
3.45139 0.856771 0.495367
3.49618 0.878961 0.459962
3.54012 0.902148 0.485575
3.57899 0.923005 0.492513
3.62272 0.943747 0.442857
3.64341 0.952247 0.389747
3.66329 0.961263 0.425901
3.70703 0.981076 0.425307
3.7293 0.990683 0.407261
3.75673 1.00141 0.372611
3.79567 1.01741 0.389917
3.82409 1.02796 0.355596
3.85181 1.03794 0.345439
3.85779 1.04022 0.365116
3.88218 1.04984 0.375671
3.91364 1.06211 0.371741
3.95178 1.07776 0.389353
3.97619 1.08901 0.43204
4.01287 1.10706 0.457339
4.05086 1.12541 0.449981
4.09104 1.14684 0.489834
4.12823 1.16816 0.52061
4.15455 1.1833 0.52185
4.18016 1.19669 0.481762
4.20067 1.20745 0.483425
4.20876 1.21161 0.474558
4.22952 1.22301 0.502366
4.24153 1.22974 0.510339
4.2671 1.24479 0.532071
4.28055 1.25268 0.530573
4.31009 1.26941 0.515246
4.33576 1.28377 0.510087
4.37148 1.30484 0.53291
4.40639 1.32388 0.499312
4.42602 1.33349 0.455367
4.44265 1.3404 0.393751
4.46817 1.34994 0.357529
4.48844 1.35737 0.351442
4.51243 1.36627 0.355321
4.54478 1.37784 0.343418
4.58755 1.394 0.361346
4.63264 1.41278 0.394584
4.66708 1.42663 0.382492
4.68864 1.43594 0.407653
4.69612 1.43868 0.350723
4.72363 1.44801 0.326965
4.7674 1.46349 0.339971
4.79747 1.47502 0.366003
4.82731 1.48653 0.368213
4.86262 1.50003 0.365265
4.89565 1.51297 0.373182
4.9229 1.52344 0.367111
4.95289 1.53339 0.320307
4.97821 1.54088 0.287689
5.00272 1.54757 0.266537
5.01243 1.55037 0.280314
5.02329 1.55393 0.316667
5.03577 1.55829 0.335833
5.04547 1.56196 0.362087
5.05137 1.56415 0.354632
5.06204 1.56782 0.331836
5.08031 1.57335 0.293677
5.08401 1.57448 0.297519
5.092 1.5771 0.316422
5.09804 1.57948 0.375936
5.11324 1.58593 0.401237
5.11936 1.58874 0.430842
5.13169 1.59466 0.44727
5.14353 1.60009 0.43032
5.15586 1.60619 0.45974
5.16214 1.60965 0.503411
5.17215 1.61579 0.55022
5.17637 1.61845 0.561885
5.18728 1.62571 0.58723
5.20098 1.63488 0.589623
5.21017 1.64104 0.590482
5.22005 1.6481 0.620137
5.23979 1.66248 0.629641
5.25446 1.67387 0.66036
5.26308 1.6807 0.669769
5.26619 1.68321 0.679363
True
0.0501424
