-5.47425 -1.19434 -0.18306
-5.42797 -1.20264 -0.177358
-5.37906 -1.21298 -0.208402
-5.33551 -1.22136 -0.190062
-5.29757 -1.22982 -0.219469
-5.25097 -1.23935 -0.201791
-5.20713 -1.24614 -0.153582
-5.16835 -1.25177 -0.144098
-5.11935 -1.25761 -0.11875
-5.07001 -1.26461 -0.140768
-5.02608 -1.27032 -0.129443
-4.97634 -1.27526 -0.0989322
-4.92781 -1.27896 -0.0760755
-4.88274 -1.28305 -0.0904268
-4.83328 -1.28639 -0.0675036
-4.78373 -1.2931 -0.134493
-4.73917 -1.29902 -0.132186
-4.70168 -1.30312 -0.108919
-4.65581 -1.30676 -0.0791128
-4.60594 -1.30878 -0.0406242
-4.55619 -1.31181 -0.0607367
-4.51479 -1.31498 -0.0763711
-4.48252 -1.31546 -0.0150245
-4.43695 -1.31574 -0.00607562
-4.39453 -1.31673 -0.0234489
-4.34494 -1.31726 -0.0106722
-4.29562 -1.31872 -0.0295536
-4.2468 -1.31977 -0.0214397
-4.1968 -1.31993 -0.00318918
-4.1484 -1.32011 -0.00382558
-4.09965 -1.32034 -0.00471236
-4.05549 -1.32201 -0.0376408
-4.00855 -1.32368 -0.0355751
-3.97358 -1.32544 -0.050257
-3.92481 -1.32967 -0.0866449
-3.87524 -1.33606 -0.128226
-3.82733 -1.34172 -0.117651
-3.7969 -1.34585 -0.134733
-3.75126 -1.35199 -0.133696
-3.70237 -1.35908 -0.144009
-3.65295 -1.36555 -0.130305
-3.60922 -1.36962 -0.0926116
-3.56052 -1.37429 -0.0956921
-3.51108 -1.37808 -0.0765718
-3.46138 -1.38291 -0.0967593
-3.42046 -1.38726 -0.106061
-3.38275 -1.39062 -0.0888789
-3.33584 -1.39445 -0.0814391
-3.28638 -1.4002 -0.115659
-3.24129 -1.40555 -0.11808
-3.19897 -1.40862 -0.07236
-3.14913 -1.40923 -0.0122686
-3.11264 -1.41236 -0.0855532
-3.06275 -1.41436 -0.0401879
-3.01326 -1.41647 -0.0424418
-2.96351 -1.42077 -0.086269
-2.92209 -1.42518 -0.10606
-2.87236 -1.4304 -0.104572
-2.82628 -1.4351 -0.10176
-2.77968 -1.4413 -0.132243
-2.73708 -1.4469 -0.130566
-2.68816 -1.45624 -0.188695
-2.64075 -1.46486 -0.179911
-2.59163 -1.47334 -0.170938
-2.54212 -1.48 -0.133678
-2.49291 -1.4878 -0.157238
-2.45067 -1.49238 -0.108147
-2.40344 -1.49673 -0.0917118
-2.3538 -1.50266 -0.118978
-2.31792 -1.50592 -0.0904984
-2.26875 -1.51216 -0.126352
-2.2366 -1.51633 -0.129004
-2.19314 -1.5214 -0.116014
-2.14362 -1.52757 -0.123984
-2.09416 -1.53245 -0.0983986
-2.04446 -1.53534 -0.058073
-1.99478 -1.5401 -0.0954358
-1.945 -1.54185 -0.0352335
-1.90585 -1.54312 -0.0324475
-1.85864 -1.54509 -0.0417038
-1.80912 -1.5486 -0.0706749
-1.76168 -1.55058 -0.0417449
-1.71564 -1.55453 -0.0854566
-1.66753 -1.55643 -0.039489
-1.61763 -1.55857 -0.0430087
-1.56989 -1.55975 -0.0246281
-1.52207 -1.55958 0.00362189
-1.47335 -1.56045 -0.0179278
-1.4424 -1.56187 -0.0460258
-1.39563 -1.56361 -0.0370336
-1.34621 -1.56605 -0.04943
-1.29649 -1.56998 -0.0788331
-1.25597 -1.57268 -0.0666114
-1.20607 -1.57558 -0.0580136
-1.15787 -1.57794 -0.0489079
-1.12749 -1.57973 -0.0588668
-1.08367 -1.58017 -0.00999643
-1.03706 -1.58213 -0.0419387
-1.00975 -1.58244 -0.011541
-0.960203 -1.58272 -0.00567746
-0.915749 -1.58358 -0.0193383
-0.867712 -1.58365 -0.00151693
-0.821514 -1.58475 -0.0237866
-0.773046 -1.5865 -0.0360021
-0.723064 -1.58733 -0.0165692
-0.673117 -1.5887 -0.0275467
-0.624286 -1.58959 -0.0180839
-0.574295 -1.58907 0.0103579
-0.527722 -1.58927 -0.00435472
-0.482329 -1.59058 -0.0287636
-0.432522 -1.59198 -0.0280977
-0.382591 -1.59429 -0.0462126
-0.333349 -1.59657 -0.0464196
-0.290749 -1.59805 -0.0347001
-0.241105 -1.59994 -0.038054
-0.194895 -1.60053 -0.0126135
-0.154291 -1.60208 -0.0381865
-0.106498 -1.60357 -0.0311604
-0.0615425 -1.60531 -0.0387881
-0.0116047 -1.6058 -0.0098688
0.0383416 -1.60527 0.0107205
0.0880331 -1.60423 0.0208133
0.137747 -1.60226 0.039641
0.187519 -1.60039 0.0376419
0.231712 -1.60123 -0.0190606
0.277494 -1.60315 -0.0419712
0.315563 -1.60424 -0.0285094
0.363204 -1.60786 -0.0758475
0.411355 -1.61071 -0.0591263
0.460931 -1.61308 -0.0477399
0.510546 -1.61562 -0.0512134
0.549526 -1.61704 -0.0364217
0.59493 -1.61949 -0.0538449
0.644197 -1.62271 -0.065383
0.693103 -1.62774 -0.10232
0.742401 -1.63251 -0.0965372
0.792306 -1.63556 -0.0609968
0.836035 -1.63712 -0.0357961
0.878443 -1.63816 -0.0244927
0.923842 -1.64084 -0.058837
0.969355 -1.64573 -0.107072
1.01896 -1.64877 -0.0612336
1.06865 -1.65203 -0.0655956
1.10722 -1.65449 -0.0635745
1.15697 -1.65801 -0.0706572
1.19417 -1.66104 -0.0812651
1.23364 -1.66294 -0.0479867
1.28337 -1.66675 -0.0766091
1.32662 -1.67136 -0.106073
1.37401 -1.67762 -0.131342
1.42381 -1.6821 -0.0897405
1.46364 -1.68473 -0.066015
1.51323 -1.68752 -0.0561468
1.5629 -1.69199 -0.0896716
1.6128 -1.69425 -0.0453694
1.65426 -1.69735 -0.0744829
1.6956 -1.70092 -0.0863004
1.7453 -1.70336 -0.049069
1.78444 -1.70516 -0.0459216
1.82835 -1.70697 -0.041079
1.8776 -1.70799 -0.02075
1.92431 -1.71096 -0.0634449
1.97429 -1.71252 -0.0313132
2.01715 -1.71581 -0.0766668
2.0667 -1.71877 -0.0595521
2.11516 -1.722 -0.0666035
2.16466 -1.72675 -0.0957315
2.20558 -1.72954 -0.0679683
2.25257 -1.73659 -0.149016
2.30208 -1.74318 -0.132199
2.3513 -1.752 -0.177436
2.4008 -1.75857 -0.131855
2.45016 -1.76622 -0.153869
2.49886 -1.77504 -0.179165
2.54492 -1.78413 -0.194723
2.58395 -1.79205 -0.200186
2.63272 -1.80198 -0.20089
2.66493 -1.80855 -0.201416
2.71252 -1.81983 -0.232656
2.75603 -1.82923 -0.212641
2.79996 -1.83787 -0.194397
2.84597 -1.84968 -0.251219
2.89434 -1.86229 -0.255007
2.94255 -1.87458 -0.249545
2.99012 -1.88523 -0.220352
3.03382 -1.89399 -0.197676
3.07711 -1.90342 -0.214521
3.12456 -1.91574 -0.254086
3.16883 -1.92557 -0.218395
3.2144 -1.93552 -0.215053
3.26281 -1.94702 -0.233177
3.30991 -1.9562 -0.192618
3.34966 -1.96441 -0.203742
3.39818 -1.9719 -0.152963
3.43891 -1.97671 -0.117611
3.48742 -1.98125 -0.0933431
3.53682 -1.98435 -0.0626394
3.57997 -1.98867 -0.0998737
3.62893 -1.99424 -0.113342
3.66967 -1.99855 -0.105206
3.70056 -2.00324 -0.15063
3.73941 -2.00895 -0.145902
3.78791 -2.02078 -0.239325
3.836 -2.0329 -0.246919
3.8821 -2.04381 -0.232306
3.92418 -2.05356 -0.227756
3.96778 -2.06358 -0.225921
4.01129 -2.07299 -0.21305
4.04205 -2.07946 -0.207152
4.08405 -2.08828 -0.207149
4.1104 -2.09399 -0.213366
4.14565 -2.10276 -0.243589
4.1788 -2.11041 -0.226829
4.22457 -2.12131 -0.233768
4.25436 -2.12868 -0.242797
4.28743 -2.13551 -0.203526
4.31758 -2.14162 -0.199885
4.35821 -2.14991 -0.201395
4.40693 -2.15966 -0.197566
4.45247 -2.16801 -0.181232
4.47195 -2.17157 -0.180621
4.50122 -2.17577 -0.142537
4.5275 -2.18001 -0.160174
4.54629 -2.18314 -0.165086
4.56111 -2.18528 -0.142976
4.58915 -2.18944 -0.147327
4.6238 -2.19447 -0.144271
4.65717 -2.19911 -0.13812
4.67485 -2.2015 -0.134453
4.69461 -2.20418 -0.134859
4.72485 -2.20781 -0.119468
4.73666 -2.20898 -0.0984896
4.74325 -2.20948 -0.0759001
4.75061 -2.21006 -0.0792366
4.77396 -2.21156 -0.0640907
4.78314 -2.21197 -0.0439432
4.80272 -2.2126 -0.0324873
4.82597 -2.21409 -0.0636586
4.83592 -2.21464 -0.0556277
4.85084 -2.21556 -0.0614518
4.87208 -2.21614 -0.0275332
4.88801 -2.21661 -0.0296262
4.91274 -2.21775 -0.0460357
4.9333 -2.21917 -0.0685659
4.94947 -2.2208 -0.100718
4.97034 -2.22259 -0.0855692
4.97518 -2.22321 -0.127799
4.98253 -2.22421 -0.13528
4.99143 -2.22541 -0.133221
5.00719 -2.22766 -0.142331
5.02511 -2.23039 -0.150977
5.04549 -2.23249 -0.102781
5.05912 -2.23333 -0.0612865
5.07294 -2.23465 -0.0952363
5.07775 -2.23516 -0.106798
5.08563 -2.23583 -0.0839644
5.09035 -2.23615 -0.0690206
5.09586 -2.23667 -0.0942459
5.10433 -2.2378 -0.132252
5.11153 -2.23884 -0.142602
5.11486 -2.2394 -0.166438
5.12098 -2.24027 -0.142517
5.12371 -2.24052 -0.0914629
5.12934 -2.24094 -0.0737174
5.13444 -2.24144 -0.098669
5.14201 -2.24214 -0.0922481
5.1487 -2.24289 -0.110413
5.1558 -2.24413 -0.173669
5.16525 -2.24612 -0.207846
5.16706 -2.24651 -0.207223
5.17472 -2.24806 -0.200667
5.19421 -2.25261 -0.22914
5.19457 -2.2527 -0.253133
5.19608 -2.25309 -0.248873
5.19967 -2.25403 -0.25594
5.2083 -2.25621 -0.247737
True
0.0648426
