-5.47217 -0.619829 -0.0388141
-5.44713 -0.620721 -0.0356134
-5.39724 -0.623766 -0.0609687
-5.35984 -0.626324 -0.0682733
-5.311 -0.628788 -0.0504163
-5.26124 -0.629819 -0.020713
-5.21244 -0.628471 0.0276091
-5.164 -0.625133 0.0687893
-5.11932 -0.622227 0.0649617
-5.0697 -0.61983 0.0482632
-5.02399 -0.617018 0.0614462
-4.98116 -0.614545 0.057691
-4.93122 -0.614394 0.00301456
-4.88578 -0.613705 0.0151705
-4.83862 -0.61292 0.0166346
-4.79049 -0.613112 -0.00398817
-4.74061 -0.615904 -0.0559119
-4.69691 -0.621189 -0.120349
-4.65185 -0.62611 -0.108775
-4.61116 -0.627664 -0.0381698
-4.5685 -0.628118 -0.0106397
-4.52836 -0.627949 0.0041982
-4.47854 -0.630741 -0.0559969
-4.44151 -0.633786 -0.0820265
-4.3976 -0.640269 -0.146594
-4.34843 -0.644759 -0.0910787
-4.29972 -0.652068 -0.148929
-4.25549 -0.658183 -0.137367
-4.20583 -0.663955 -0.115703
-4.15715 -0.670089 -0.125374
-4.1143 -0.674942 -0.112769
-4.06926 -0.680378 -0.1201
-4.02852 -0.685371 -0.121971
-3.97985 -0.689507 -0.0847621
-3.92991 -0.691684 -0.0435483
-3.88028 -0.695416 -0.0750842
-3.8333 -0.698065 -0.0563136
-3.78357 -0.702163 -0.0822241
-3.73458 -0.707722 -0.112989
-3.68605 -0.713083 -0.110021
-3.6366 -0.720181 -0.142552
-3.58707 -0.726302 -0.12298
-3.53756 -0.733166 -0.137759
-3.48798 -0.738026 -0.0977021
-3.44119 -0.744847 -0.144749
-3.39263 -0.751465 -0.135458
-3.34343 -0.759173 -0.1554
-3.29522 -0.76667 -0.154284
-3.24666 -0.772284 -0.115104
-3.19791 -0.777303 -0.102576
-3.15811 -0.780913 -0.090457
-3.12262 -0.784127 -0.0903034
-3.07931 -0.789095 -0.114218
-3.03534 -0.79584 -0.152211
-2.99258 -0.800987 -0.119786
-2.94838 -0.807325 -0.142423
-2.8992 -0.814527 -0.145426
-2.85122 -0.82298 -0.174385
-2.80518 -0.829442 -0.13942
-2.76345 -0.833479 -0.0964555
-2.71387 -0.839366 -0.118186
-2.66676 -0.845659 -0.132782
-2.62565 -0.852101 -0.155469
-2.58675 -0.856254 -0.106335
-2.5553 -0.857778 -0.0484367
-2.50742 -0.86165 -0.0806836
-2.46653 -0.863691 -0.0498793
-2.42183 -0.864552 -0.0192742
-2.37965 -0.866969 -0.057241
-2.33041 -0.869837 -0.0581599
-2.29741 -0.872544 -0.0818292
-2.24855 -0.877524 -0.101588
-2.20295 -0.880362 -0.0621492
-2.15605 -0.882091 -0.0368515
-2.10612 -0.884775 -0.0537047
-2.05949 -0.890632 -0.124964
-2.01455 -0.894406 -0.083778
-1.97068 -0.900346 -0.134595
-1.92186 -0.909116 -0.177714
-1.87346 -0.91691 -0.159656
-1.83594 -0.921942 -0.133351
-1.78786 -0.92936 -0.15308
-1.73821 -0.935215 -0.117382
-1.69182 -0.938818 -0.0774939
-1.64311 -0.941889 -0.0629659
-1.59851 -0.943594 -0.0382075
-1.5501 -0.946788 -0.0659086
-1.50427 -0.948224 -0.0313046
-1.45659 -0.948673 -0.00942974
-1.40909 -0.949918 -0.0261997
-1.36163 -0.950206 -0.00606945
-1.31573 -0.950415 -0.00454946
-1.28231 -0.951691 -0.0381435
-1.23356 -0.954835 -0.0644231
-1.18809 -0.956673 -0.0404016
-1.14262 -0.957829 -0.025421
-1.09266 -0.957879 -0.000992499
-1.04882 -0.957098 0.0178176
-1.00998 -0.956248 0.0218791
-0.975735 -0.955499 0.0218761
-0.929204 -0.956268 -0.0165415
-0.879373 -0.958637 -0.0474904
-0.829534 -0.959379 -0.0148956
-0.78059 -0.960214 -0.0170647
-0.732367 -0.961577 -0.0282579
-0.686426 -0.961977 -0.00870116
-0.648758 -0.962341 -0.00966802
-0.610839 -0.962813 -0.0124385
-0.57202 -0.961995 0.0210689
-0.522971 -0.961894 0.00205671
-0.473008 -0.961607 0.00575425
-0.426029 -0.96214 -0.0113485
-0.382318 -0.961138 0.0229064
-0.335539 -0.960648 0.010492
-0.287381 -0.959696 0.0197614
-0.25034 -0.959534 0.00435891
-0.202033 -0.960282 -0.0154763
-0.154082 -0.961757 -0.0307453
-0.104516 -0.962987 -0.0248091
-0.055243 -0.964087 -0.022337
-0.0127949 -0.966003 -0.0450903
0.0362424 -0.969709 -0.0754432
0.0807383 -0.972456 -0.0616521
0.130657 -0.97503 -0.0515162
0.179856 -0.977728 -0.0547782
0.229018 -0.982994 -0.106716
0.275925 -0.985199 -0.0469628
0.325427 -0.986889 -0.034131
0.368952 -0.988714 -0.0419063
0.415896 -0.991793 -0.0654895
0.465758 -0.993084 -0.0258966
0.511671 -0.994134 -0.0228598
0.558427 -0.995307 -0.0250875
0.603051 -0.998134 -0.063261
0.652493 -1.00224 -0.0828498
0.701195 -1.00864 -0.130675
0.750518 -1.01456 -0.119544
0.798155 -1.0201 -0.115735
0.842853 -1.02318 -0.0687976
0.89024 -1.02843 -0.110297
0.935172 -1.03556 -0.15742
0.982861 -1.04463 -0.18792
1.02571 -1.0504 -0.133785
1.07433 -1.05695 -0.134035
1.11478 -1.06127 -0.106219
1.16341 -1.06914 -0.160612
1.19961 -1.07448 -0.146391
1.24615 -1.08307 -0.18243
1.28437 -1.08946 -0.165762
1.33206 -1.09896 -0.196678
1.37749 -1.10612 -0.156213
1.42633 -1.11471 -0.174136
1.47376 -1.12451 -0.203693
1.52027 -1.13255 -0.17121
1.55861 -1.13948 -0.178884
1.60628 -1.1466 -0.148143
1.65486 -1.15285 -0.128028
1.69596 -1.15835 -0.132898
1.74553 -1.16385 -0.110576
1.79385 -1.16747 -0.0748335
1.84314 -1.17036 -0.0585977
1.89142 -1.175 -0.0958329
1.94115 -1.17894 -0.0789182
1.99094 -1.1833 -0.0873632
2.03786 -1.18671 -0.0726934
2.08742 -1.19289 -0.1239
2.13327 -1.19806 -0.112371
2.18275 -1.20402 -0.11979
2.2261 -1.20846 -0.10208
2.2739 -1.2143 -0.121587
2.31937 -1.22035 -0.132297
2.36522 -1.22411 -0.0819299
2.40276 -1.22814 -0.106705
2.45052 -1.23313 -0.104224
2.49393 -1.23627 -0.0722948
2.53931 -1.24181 -0.121304
2.58777 -1.24748 -0.116502
2.63722 -1.24968 -0.0444802
2.67697 -1.25368 -0.100283
2.72634 -1.25826 -0.0925828
2.77422 -1.26175 -0.0726549
2.81713 -1.26413 -0.0555875
2.85758 -1.26837 -0.104211
2.90063 -1.27322 -0.112236
2.94974 -1.27942 -0.125712
2.99944 -1.28405 -0.0927458
3.03674 -1.28731 -0.087191
3.07289 -1.29087 -0.0983054
3.10817 -1.29412 -0.0917073
3.14342 -1.29725 -0.0886813
3.19135 -1.30335 -0.126547
3.23616 -1.30944 -0.135134
3.27345 -1.31613 -0.177489
3.31795 -1.32416 -0.178427
3.35696 -1.32992 -0.146591
3.40318 -1.3366 -0.143514
3.4497 -1.3444 -0.166168
3.49656 -1.35319 -0.185536
3.5366 -1.36133 -0.20055
3.57329 -1.36797 -0.178934
3.62019 -1.37657 -0.181314
3.65728 -1.38271 -0.164082
3.70115 -1.38967 -0.157388
3.71914 -1.39199 -0.128245
3.73527 -1.39387 -0.11638
3.76628 -1.39776 -0.124733
3.79266 -1.4021 -0.162768
3.81464 -1.40677 -0.209502
3.86176 -1.41736 -0.221075
3.90223 -1.42562 -0.201257
3.9397 -1.43204 -0.169699
3.97469 -1.43824 -0.175609
3.999 -1.44199 -0.152998
4.03087 -1.44676 -0.148589
4.07518 -1.45371 -0.155414
4.1108 -1.46011 -0.177831
4.15286 -1.46801 -0.18565
4.19509 -1.47598 -0.186697
4.2404 -1.48424 -0.180315
4.28363 -1.49209 -0.179555
4.33112 -1.5006 -0.177296
4.3709 -1.50885 -0.204578
4.41186 -1.51709 -0.198523
4.44222 -1.5221 -0.16333
4.47536 -1.52646 -0.131028
4.49627 -1.52915 -0.12793
4.51792 -1.53171 -0.11753
4.52882 -1.53275 -0.0951142
4.5435 -1.5333 -0.0376788
4.56984 -1.53349 -0.00698078
4.59519 -1.53387 -0.0149126
4.60843 -1.53369 0.0134142
4.61579 -1.53358 0.0149813
4.62899 -1.5332 0.0282723
4.64505 -1.53333 -0.00784131
4.64681 -1.53337 -0.0205953
4.67237 -1.53526 -0.0740148
4.68799 -1.53714 -0.119765
4.70201 -1.53939 -0.159407
4.70828 -1.5404 -0.159097
4.72193 -1.5418 -0.102043
4.73651 -1.54363 -0.124592
4.75297 -1.54498 -0.082231
4.77258 -1.54651 -0.0778167
4.7806 -1.54712 -0.0757521
4.79987 -1.54714 -0.00128937
4.8172 -1.54761 -0.0270908
4.83306 -1.54821 -0.0377
4.85002 -1.54911 -0.0531211
4.87037 -1.55188 -0.135073
4.88176 -1.55425 -0.205443
4.89562 -1.55749 -0.229508
4.90617 -1.55981 -0.216743
4.91976 -1.56293 -0.225608
4.94027 -1.56765 -0.226076
4.95568 -1.57131 -0.233222
4.96172 -1.57275 -0.23406
4.9742 -1.57502 -0.179646
4.98467 -1.57594 -0.0873917
4.98475 -1.57594 -0.0247146
5.00218 -1.57637 -0.0245564
5.01542 -1.57712 -0.0572126
5.03783 -1.57793 -0.0361728
5.06453 -1.5789 -0.0361616
5.08114 -1.57849 0.0245349
5.09375 -1.57815 0.0270436
5.11697 -1.5793 -0.0494183
5.12352 -1.57992 -0.0948729
5.13236 -1.58118 -0.14092
5.14926 -1.58402 -0.166703
5.16361 -1.58615 -0.147193
5.17194 -1.58746 -0.155716
5.18193 -1.58933 -0.185585
5.18512 -1.5899 -0.175939
5.19562 -1.592 -0.197579
5.21276 -1.59588 -0.222728
True
0.262237
