-5.47535 0.0466125 0.249439
-5.45173 0.0535738 0.286549
-5.412 0.065808 0.298767
-5.37471 0.07439 0.226202
-5.32845 0.0858905 0.243678
-5.28409 0.095945 0.222856
-5.23889 0.105123 0.200333
-5.19675 0.113393 0.193802
-5.14883 0.123129 0.200455
-5.10742 0.130936 0.186314
-5.05885 0.140499 0.194419
-5.01007 0.15011 0.194528
-4.96648 0.159626 0.214918
-4.92033 0.170285 0.226984
-4.87443 0.182706 0.264299
-4.8262 0.195552 0.260324
-4.78448 0.207184 0.271864
-4.74094 0.217507 0.232831
-4.69284 0.228641 0.227424
-4.64579 0.24171 0.270972
-4.60404 0.254688 0.301361
-4.55692 0.270003 0.314249
-4.51193 0.28603 0.342238
-4.4641 0.299474 0.274016
-4.41636 0.313523 0.286188
-4.38668 0.323608 0.327597
-4.35118 0.337757 0.379265
-4.30563 0.356717 0.394422
-4.25907 0.373833 0.352258
-4.21738 0.386633 0.297888
-4.1714 0.402927 0.34061
-4.13003 0.419026 0.371116
-4.09413 0.429838 0.292476
-4.04583 0.439992 0.207234
-4.01335 0.445591 0.170666
-3.96406 0.453902 0.167073
-3.91464 0.461399 0.15054
-3.8672 0.468392 0.146366
-3.81777 0.474461 0.122159
-3.77228 0.482052 0.165342
-3.73776 0.488356 0.180636
-3.68978 0.496897 0.176152
-3.64049 0.504203 0.147167
-3.60387 0.509496 0.143518
-3.55424 0.515262 0.115665
-3.509 0.521561 0.138346
-3.45961 0.528153 0.132675
-3.41416 0.533727 0.122055
-3.36814 0.54144 0.166056
-3.32887 0.547889 0.162769
-3.27949 0.555696 0.156792
-3.23919 0.563681 0.195585
-3.18998 0.572086 0.169168
-3.14541 0.581658 0.211588
-3.09988 0.59246 0.232932
-3.05344 0.603916 0.24184
-3.00535 0.617314 0.271729
-2.95765 0.632209 0.302641
-2.90957 0.64383 0.237199
-2.86212 0.655845 0.247981
-2.81397 0.666765 0.223018
-2.76882 0.676334 0.208827
-2.72064 0.688296 0.243336
-2.67226 0.700883 0.254536
-2.62547 0.711232 0.217695
-2.5764 0.720782 0.192214
-2.53797 0.726519 0.148179
-2.49909 0.735212 0.219999
-2.45277 0.742965 0.16584
-2.41818 0.747567 0.13225
-2.36867 0.754475 0.13863
-2.31971 0.764366 0.199361
-2.27431 0.773169 0.191535
-2.22567 0.781886 0.177318
-2.18798 0.78698 0.134332
-2.15346 0.792069 0.146392
-2.10492 0.798637 0.134476
-2.05554 0.806484 0.157596
-2.00825 0.815023 0.178645
-1.96026 0.822529 0.155142
-1.91295 0.828449 0.124504
-1.86358 0.833459 0.101127
-1.81886 0.838811 0.119092
-1.76974 0.845224 0.129837
-1.72012 0.850475 0.105441
-1.68357 0.853717 0.0884645
-1.63983 0.857774 0.09249
-1.59356 0.862473 0.101204
-1.5442 0.862817 0.00697088
-1.49486 0.865309 0.0504575
-1.45589 0.869907 0.117427
-1.41995 0.873574 0.101698
-1.37723 0.879039 0.127247
-1.33078 0.884258 0.111884
-1.28554 0.88853 0.0941488
-1.24371 0.892363 0.0913889
-1.1939 0.896664 0.0861289
-1.14421 0.900397 0.0749861
-1.10138 0.905304 0.114038
-1.07126 0.909098 0.125308
-1.02205 0.916955 0.158349
-0.973376 0.926755 0.198678
-0.930705 0.935222 0.195882
-0.885889 0.943677 0.186469
-0.837649 0.951301 0.156751
-0.795398 0.958642 0.172019
-0.74591 0.965778 0.143218
-0.699048 0.972798 0.148688
-0.654719 0.977155 0.0979741
-0.611169 0.982641 0.12532
-0.562088 0.990767 0.164064
-0.515093 0.999629 0.186394
-0.475958 1.00616 0.165282
-0.426622 1.01427 0.162957
-0.377313 1.02232 0.161919
-0.328896 1.02891 0.13523
-0.288994 1.03538 0.160681
-0.239735 1.04233 0.140212
-0.190919 1.04899 0.135668
-0.144004 1.05552 0.138314
-0.0942394 1.05995 0.0886222
-0.0508701 1.06239 0.0561849
-0.00360069 1.06537 0.0631095
0.0462737 1.06775 0.0476463
0.0936196 1.06993 0.0459003
0.135729 1.0731 0.0751263
0.184052 1.07542 0.0480397
0.229628 1.07804 0.0574732
0.279563 1.08051 0.049468
0.327066 1.07988 -0.0133138
0.354817 1.07977 -0.00413532
0.395908 1.07953 -0.0058201
0.440176 1.07987 0.00772424
0.4865 1.08272 0.0614655
0.535857 1.08539 0.0540584
0.585743 1.08869 0.0659631
0.635704 1.09034 0.0330789
0.68546 1.0931 0.0553474
0.72207 1.09582 0.0742939
0.768745 1.10064 0.102812
0.817355 1.1048 0.0854785
0.862073 1.11162 0.151403
0.911082 1.11872 0.143698
0.959882 1.12945 0.216509
1.00815 1.14091 0.233106
1.0525 1.15281 0.262251
1.10122 1.16394 0.22457
1.14922 1.17525 0.231299
1.19756 1.18779 0.253948
1.23355 1.19743 0.261493
1.28209 1.20928 0.239565
1.33023 1.22165 0.251467
1.37413 1.23342 0.262047
1.41578 1.24664 0.307343
1.45833 1.26058 0.316481
1.49998 1.27403 0.312329
1.53924 1.28686 0.315905
1.58357 1.30518 0.391997
1.62559 1.32241 0.389056
1.66616 1.33946 0.397818
1.71091 1.3583 0.398423
1.75738 1.37674 0.377925
1.80365 1.3957 0.38875
1.85013 1.41408 0.376659
1.89297 1.43041 0.364176
1.93685 1.44802 0.381524
1.98292 1.46661 0.383574
2.0294 1.4845 0.367444
2.07262 1.50149 0.374461
2.11798 1.52037 0.394457
2.16144 1.53892 0.403575
2.20755 1.55813 0.394687
2.25001 1.57941 0.464564
2.2947 1.60141 0.457419
2.33811 1.6228 0.457839
2.38149 1.64403 0.455251
2.42618 1.66334 0.407643
2.45753 1.67784 0.433451
2.49643 1.69693 0.456095
2.5403 1.71647 0.419014
2.57806 1.73558 0.468577
2.61848 1.7563 0.473634
2.65907 1.77556 0.44317
2.70272 1.79854 0.484432
2.73699 1.8174 0.503245
2.78041 1.84088 0.495704
2.82029 1.86115 0.470275
2.86454 1.88285 0.455868
2.90123 1.90367 0.516294
2.93762 1.92385 0.506319
2.98068 1.94516 0.459552
3.02616 1.96547 0.420026
3.07196 1.98465 0.396469
3.11742 2.00451 0.41198
3.15555 2.02231 0.436576
3.19153 2.04076 0.473829
3.23132 2.06151 0.480725
3.27228 2.08453 0.512044
3.31188 2.10745 0.524693
3.34231 2.12514 0.526654
3.38413 2.15016 0.539099
3.41752 2.1691 0.516034
3.45017 2.18818 0.528861
3.4912 2.21155 0.517702
3.53042 2.23338 0.507996
3.5661 2.25364 0.516386
3.58718 2.26391 0.453112
3.62531 2.28308 0.465996
3.66212 2.3016 0.466094
3.70188 2.32257 0.485166
3.73933 2.34054 0.447663
3.77728 2.35965 0.466298
3.80711 2.3771 0.529546
3.83801 2.39436 0.509146
3.86864 2.41268 0.539193
3.89988 2.43025 0.512329
3.92854 2.4471 0.531446
3.96481 2.46912 0.545575
4.00749 2.49386 0.52541
4.04621 2.51513 0.502301
4.08505 2.53536 0.480179
4.11704 2.55256 0.493269
4.15628 2.57218 0.463596
4.1948 2.58997 0.432743
4.23574 2.60929 0.441017
4.27809 2.62867 0.429112
4.29861 2.63807 0.429444
4.32187 2.64816 0.409382
4.33975 2.65648 0.435323
4.36397 2.66815 0.449028
4.38596 2.67911 0.462414
4.40516 2.68815 0.440167
4.4247 2.69797 0.465829
4.43489 2.70379 0.518668
4.45006 2.71442 0.611111
4.47002 2.72851 0.614711
4.49461 2.7458 0.612832
4.53221 2.77179 0.604805
4.57377 2.79774 0.558135
4.61472 2.8208 0.512928
4.65586 2.84174 0.470848
4.67815 2.85242 0.446664
4.70171 2.86426 0.46558
4.71359 2.87006 0.454685
4.72678 2.87639 0.447295
4.7414 2.88297 0.422506
4.7555 2.88911 0.410829
4.77671 2.89808 0.40016
4.80343 2.9087 0.378285
4.8217 2.91662 0.409293
4.83229 2.92073 0.369965
4.83717 2.92242 0.334068
4.84731 2.92584 0.32542
4.8553 2.92845 0.31494
4.8646 2.93176 0.342157
4.87565 2.93602 0.368114
4.88497 2.93929 0.337377
4.88955 2.9408 0.317573
4.9003 2.94376 0.269301
4.91736 2.94859 0.275581
4.92947 2.95194 0.269632
4.94348 2.95589 0.274838
4.94921 2.95748 0.27113
4.97054 2.96349 0.274834
4.98672 2.9678 0.259859
5.00007 2.97136 0.260769
5.01101 2.97416 0.25135
5.0213 2.97658 0.230682
5.03291 2.97943 0.240588
5.04809 2.98267 0.210275
5.05938 2.9854 0.237164
5.09581 2.99586 0.279648
5.12138 3.00324 0.280762
5.13431 3.00709 0.289497
5.14926 3.01238 0.340409
5.16272 3.01747 0.361227
5.17482 3.02254 0.39707
5.18021 3.02487 0.406767
5.1875 3.02772 0.373891
5.20316 3.03313 0.332426
5.21598 3.0378 0.349074
5.22223 3.04033 0.384434
True
0.254523
