-5.47215 1.34577 -0.0348924
-5.42625 1.34378 -0.0432964
-5.37901 1.34193 -0.0392146
-5.32935 1.33705 -0.097818
-5.28021 1.33036 -0.135509
-5.23507 1.3231 -0.159319
-5.19239 1.31803 -0.118305
-5.14283 1.31155 -0.130045
-5.09707 1.30506 -0.140756
-5.05361 1.29821 -0.156335
-5.00742 1.29017 -0.172351
-4.96905 1.28345 -0.173485
-4.9285 1.27736 -0.148983
-4.87951 1.2694 -0.161223
-4.83248 1.26327 -0.129592
-4.78317 1.2552 -0.162193
-4.73374 1.2484 -0.136594
-4.69118 1.2423 -0.142557
-4.64789 1.23423 -0.1842
-4.60009 1.2306 -0.0758261
-4.55051 1.22445 -0.123272
-4.50261 1.21837 -0.126311
-4.45314 1.21398 -0.0885502
-4.40942 1.2101 -0.088586
-4.37167 1.20701 -0.0816948
-4.32172 1.20476 -0.0449576
-4.27258 1.20029 -0.0907694
-4.22544 1.19781 -0.0524795
-4.17644 1.19593 -0.0383978
-4.12863 1.19433 -0.0334567
-4.0862 1.19201 -0.0545744
-4.03654 1.19089 -0.0224799
-3.98926 1.1891 -0.0379419
-3.94078 1.18689 -0.045516
-3.89438 1.18535 -0.0332654
-3.85679 1.1839 -0.03849
-3.80784 1.18313 -0.015799
-3.75925 1.18231 -0.0167319
-3.71023 1.18137 -0.0191393
-3.66971 1.18239 0.0249835
-3.63788 1.18218 -0.0063922
-3.59039 1.1814 -0.0164532
-3.54493 1.17969 -0.0376415
-3.50071 1.17768 -0.0454403
-3.45124 1.17396 -0.0750598
-3.40919 1.17217 -0.0424915
-3.35941 1.16878 -0.0679778
-3.31286 1.16708 -0.0365558
-3.26879 1.16685 -0.00529816
-3.22581 1.1686 0.0408627
-3.17593 1.16992 0.0263698
-3.14154 1.17056 0.0185773
-3.09214 1.17015 -0.0081498
-3.04386 1.16972 -0.00909425
-2.99833 1.16822 -0.0329216
-2.94882 1.16629 -0.0388051
-2.90122 1.16421 -0.0436479
-2.85278 1.16245 -0.036358
-2.81256 1.15983 -0.0651247
-2.76593 1.15727 -0.0548161
-2.71614 1.15388 -0.0679586
-2.68169 1.15269 -0.0347369
-2.63968 1.1495 -0.0756026
-2.59017 1.14826 -0.0251066
-2.54719 1.14418 -0.0947481
-2.50964 1.14146 -0.0721806
-2.46152 1.13888 -0.053578
-2.4159 1.13574 -0.0686404
-2.36793 1.13282 -0.0609466
-2.31826 1.12903 -0.0761895
-2.2764 1.128 -0.0244958
-2.22703 1.12565 -0.0474966
-2.17798 1.123 -0.053976
-2.13173 1.12026 -0.0592043
-2.08441 1.11399 -0.131656
-2.03826 1.11051 -0.0753982
-1.99147 1.10661 -0.0832249
-1.94192 1.10019 -0.128868
-1.89226 1.09477 -0.1086
-1.8548 1.09172 -0.0812526
-1.80745 1.08842 -0.0695495
-1.75921 1.08573 -0.0557283
-1.70957 1.08139 -0.0872889
-1.66046 1.07746 -0.0797478
-1.61172 1.07301 -0.0910354
-1.56307 1.06795 -0.103773
-1.52197 1.06381 -0.100165
-1.47249 1.05826 -0.111812
-1.42589 1.05203 -0.13283
-1.38089 1.0481 -0.0872003
-1.33116 1.04648 -0.0324527
-1.28385 1.04535 -0.023898
-1.2344 1.04632 0.019601
-1.18501 1.0475 0.0237868
-1.13891 1.05034 0.0616645
-1.09942 1.05244 0.0530384
-1.04967 1.05286 0.00847841
-1.00648 1.05357 0.0163997
-0.957561 1.05685 0.0669404
-0.912329 1.05831 0.0323566
-0.862388 1.06064 0.0466051
-0.820848 1.06618 0.132554
-0.772826 1.07296 0.140173
-0.723363 1.07859 0.113381
-0.677161 1.08407 0.117974
-0.629076 1.09134 0.150087
-0.59061 1.09548 0.107246
-0.540916 1.10032 0.0971926
-0.491395 1.10642 0.122494
-0.456963 1.11125 0.139259
-0.411663 1.11909 0.171349
-0.364735 1.12624 0.151281
-0.322109 1.1347 0.195907
-0.274275 1.14652 0.242311
-0.251131 1.15205 0.234502
-0.206613 1.16126 0.203908
-0.157389 1.16927 0.161402
-0.108586 1.17983 0.213154
-0.0719118 1.18649 0.179522
-0.0229436 1.1954 0.180011
0.0255339 1.20428 0.181091
0.0728736 1.21467 0.216094
0.1196 1.22473 0.21203
0.162532 1.23535 0.242566
0.209711 1.24752 0.252346
0.247117 1.25747 0.260175
0.292568 1.26969 0.262556
0.340974 1.2799 0.2079
0.376547 1.28777 0.217772
0.425654 1.29642 0.174297
0.47224 1.30657 0.214597
0.511715 1.31435 0.19461
0.556968 1.32355 0.200525
0.60114 1.3318 0.18457
0.644236 1.33754 0.13255
0.686821 1.34551 0.184996
0.727828 1.35177 0.15148
0.77627 1.35888 0.145622
0.825709 1.36616 0.146225
0.87209 1.37261 0.138273
0.916424 1.37685 0.095198
0.966065 1.38181 0.0996035
1.01244 1.38672 0.105483
1.05723 1.3905 0.0843501
1.10384 1.39461 0.0878975
1.14918 1.39776 0.0692335
1.18909 1.3997 0.048775
1.23513 1.40092 0.0265247
1.2821 1.40352 0.0552001
1.32725 1.40653 0.0665955
1.3743 1.40734 0.0171019
1.42271 1.40619 -0.0237179
1.46151 1.40622 0.000935705
1.51143 1.40377 -0.0490834
1.54679 1.40201 -0.0496697
1.59323 1.39679 -0.111984
1.6362 1.39031 -0.149829
1.68549 1.38227 -0.16166
1.72053 1.37571 -0.18484
1.75971 1.3682 -0.189395
1.80744 1.35903 -0.189886
1.84824 1.35046 -0.206934
1.89682 1.33861 -0.239279
1.94548 1.32845 -0.205833
1.99404 1.31683 -0.234881
2.04261 1.3079 -0.181866
2.0804 1.30141 -0.170248
2.12166 1.29391 -0.179668
2.16436 1.28591 -0.185312
2.20311 1.27903 -0.175601
2.25143 1.26967 -0.191419
2.29553 1.26145 -0.184163
2.3448 1.2538 -0.154185
2.38812 1.24556 -0.187968
2.43635 1.23561 -0.203416
2.48191 1.22519 -0.224697
2.53103 1.21589 -0.187252
2.5783 1.20315 -0.263093
2.62504 1.19197 -0.234931
2.67345 1.1798 -0.246274
2.72031 1.16881 -0.230375
2.76842 1.15841 -0.212783
2.81057 1.14908 -0.218032
2.85962 1.13945 -0.193829
2.90583 1.12828 -0.237167
2.95072 1.11824 -0.220046
2.99317 1.10939 -0.205358
3.04228 1.10078 -0.173625
3.09015 1.09337 -0.153615
3.1264 1.08656 -0.185818
3.1625 1.07798 -0.233121
3.20449 1.06832 -0.22626
3.24585 1.05917 -0.217784
3.29335 1.04911 -0.20866
3.33717 1.04018 -0.200999
3.38031 1.03172 -0.193622
3.42083 1.02363 -0.197135
3.46765 1.01326 -0.217999
3.51546 1.00405 -0.190245
3.552 0.997096 -0.187979
3.59962 0.987303 -0.202831
3.64068 0.977039 -0.244955
3.6761 0.968223 -0.243986
3.72053 0.959014 -0.204356
3.76722 0.950314 -0.184223
3.80553 0.944297 -0.155804
3.85434 0.937441 -0.139542
3.89247 0.931879 -0.144857
3.91989 0.926971 -0.177103
3.94959 0.920307 -0.220756
3.96772 0.916109 -0.22745
4.00466 0.908402 -0.205737
4.0295 0.903111 -0.209855
4.04356 0.900003 -0.217467
4.06492 0.895109 -0.225314
4.09395 0.887522 -0.255591
4.11199 0.883469 -0.221005
4.14038 0.87796 -0.191647
4.16839 0.87255 -0.19079
4.18462 0.869995 -0.156199
4.23072 0.863898 -0.131488
4.27289 0.856515 -0.173324
4.30922 0.850368 -0.167622
4.35254 0.844267 -0.139894
4.40155 0.837602 -0.135157
4.44558 0.831951 -0.127643
4.48685 0.825229 -0.161467
4.517 0.820032 -0.17068
4.55136 0.814789 -0.151434
4.59268 0.80782 -0.16709
4.61155 0.804932 -0.151871
4.62854 0.802694 -0.130938
4.64163 0.800984 -0.129941
4.65319 0.799165 -0.156133
4.65773 0.798511 -0.142989
4.68077 0.795339 -0.136812
4.71752 0.791523 -0.103482
4.73851 0.788953 -0.121782
4.76834 0.78537 -0.119537
4.78944 0.783016 -0.111087
4.81428 0.780264 -0.110345
4.82482 0.77904 -0.115748
4.82776 0.778555 -0.163161
4.84002 0.776018 -0.204022
4.85693 0.77192 -0.237776
4.86072 0.771116 -0.209005
4.87062 0.768703 -0.239103
4.89015 0.764219 -0.225749
4.90591 0.76012 -0.254367
4.91838 0.756555 -0.278416
4.92869 0.753212 -0.313651
4.93008 0.752651 -0.382874
4.9261 0.754373 -0.408229
4.93222 0.751895 -0.384744
4.93878 0.749368 -0.367915
4.94273 0.747925 -0.349994
4.9628 0.740357 -0.360536
4.9715 0.737082 -0.360313
4.98508 0.731787 -0.371592
4.99811 0.726627 -0.377232
5.01968 0.718114 -0.375918
5.02967 0.714175 -0.375497
5.03251 0.713014 -0.387707
5.03332 0.712675 -0.397214
5.02968 0.714135 -0.38113
5.03503 0.712356 -0.320722
5.04636 0.708465 -0.330838
5.05397 0.705697 -0.349085
5.06282 0.702595 -0.336913
5.08058 0.69794 -0.256332
5.08078 0.697895 -0.215818
5.08554 0.696556 -0.274422
5.08964 0.695202 -0.319122
5.09464 0.693503 -0.327609
5.10606 0.689748 -0.317522
5.11691 0.686535 -0.288061
5.12399 0.684471 -0.283463
5.14235 0.678977 -0.29077
5.15964 0.674424 -0.257447
5.16579 0.672792 -0.259506
5.16352 0.673406 -0.264343
5.17857 0.669768 -0.237278
5.18837 0.668107 -0.167799
5.18257 0.66916 -0.179417
5.19018 0.667973 -0.154672
5.20234 0.666111 -0.151918
5.20938 0.665177 -0.132006
5.21392 0.664562 -0.134469
True
0.247278
