-5.48462 1.49598 -0.3232
-5.44047 1.48338 -0.277927
-5.39337 1.46813 -0.313231
-5.35182 1.45547 -0.295608
-5.30548 1.44206 -0.281786
-5.25695 1.43017 -0.240272
-5.21077 1.41661 -0.285571
-5.16844 1.403 -0.310965
-5.12097 1.38761 -0.313599
-5.07711 1.37373 -0.306568
-5.03313 1.3584 -0.335283
-4.98894 1.3444 -0.306879
-4.95213 1.32899 -0.396309
-4.91142 1.31247 -0.38559
-4.86689 1.2964 -0.346346
-4.82113 1.27839 -0.37499
-4.7754 1.26093 -0.364748
-4.72811 1.2447 -0.330562
-4.68174 1.22706 -0.363474
-4.63497 1.21193 -0.312818
-4.58914 1.19698 -0.315417
-4.54737 1.18125 -0.360083
-4.50437 1.16515 -0.358253
-4.472 1.15306 -0.357576
-4.42691 1.13582 -0.365121
-4.38328 1.11741 -0.399363
-4.33775 1.09758 -0.410785
-4.29208 1.07763 -0.411877
-4.24646 1.05717 -0.4215
-4.20427 1.03876 -0.411543
-4.1657 1.02378 -0.370236
-4.11946 1.00528 -0.380766
-4.08102 0.98849 -0.411699
-4.03514 0.968824 -0.404997
-3.99195 0.950792 -0.395479
-3.94559 0.932051 -0.384201
-3.9024 0.914189 -0.392141
-3.86044 0.897502 -0.378457
-3.81527 0.879125 -0.386437
-3.76851 0.862702 -0.33776
-3.72159 0.847201 -0.319063
-3.67922 0.831482 -0.355268
-3.63259 0.813689 -0.364523
-3.58489 0.798716 -0.304123
-3.53731 0.78403 -0.299411
-3.48881 0.772375 -0.235831
-3.44088 0.760018 -0.252346
-3.39596 0.747444 -0.272879
-3.3499 0.734451 -0.274951
-3.30265 0.719304 -0.310267
-3.25911 0.707748 -0.259384
-3.21138 0.692858 -0.30241
-3.17158 0.67882 -0.339078
-3.12379 0.664236 -0.296223
-3.0761 0.649233 -0.304795
-3.04707 0.639382 -0.327095
-3.0061 0.62457 -0.34693
-2.96185 0.60604 -0.396603
-2.92078 0.589043 -0.392345
-2.87799 0.571899 -0.381049
-2.83795 0.556962 -0.357126
-2.79304 0.538453 -0.390862
-2.74609 0.521361 -0.349159
-2.69967 0.504778 -0.343096
-2.65511 0.488046 -0.359245
-2.60957 0.468032 -0.414053
-2.56837 0.452875 -0.352564
-2.52222 0.437204 -0.327293
-2.4783 0.418924 -0.394437
-2.43323 0.400271 -0.392369
-2.38685 0.381885 -0.37746
-2.3546 0.368172 -0.402055
-2.31728 0.353741 -0.368977
-2.27238 0.332733 -0.437564
-2.23886 0.318084 -0.412103
-2.19327 0.298601 -0.403787
-2.1467 0.280406 -0.372504
-2.10603 0.26322 -0.399802
-2.06104 0.245659 -0.372155
-2.01369 0.230234 -0.314915
-1.97854 0.218444 -0.323614
-1.9387 0.207048 -0.278628
-1.89417 0.192513 -0.315498
-1.84753 0.177396 -0.313436
-1.80311 0.163038 -0.312615
-1.75808 0.150947 -0.262308
-1.70992 0.138895 -0.245215
-1.66415 0.12645 -0.265541
-1.62101 0.11506 -0.258112
-1.57311 0.101636 -0.273202
-1.52839 0.0884413 -0.28697
-1.48144 0.0752983 -0.272941
-1.43383 0.0603908 -0.303432
-1.38635 0.0466755 -0.281217
-1.33966 0.0297798 -0.347175
-1.29521 0.0129434 -0.362091
-1.2489 -0.00522072 -0.373784
-1.20993 -0.0186915 -0.33279
-1.16615 -0.0346078 -0.348693
-1.12041 -0.0505153 -0.334738
-1.07853 -0.0631828 -0.293746
-1.03427 -0.0773892 -0.310549
-1.00138 -0.0877408 -0.304948
-0.967584 -0.0981714 -0.299342
-0.931405 -0.109794 -0.310844
-0.884324 -0.125712 -0.32603
-0.852475 -0.136041 -0.313592
-0.805327 -0.151504 -0.31693
-0.759329 -0.167939 -0.343147
-0.712588 -0.184447 -0.339508
-0.668436 -0.199901 -0.33669
-0.621816 -0.217491 -0.360794
-0.576992 -0.234829 -0.369068
-0.530847 -0.252474 -0.365241
-0.48462 -0.271415 -0.388867
-0.438851 -0.286626 -0.320859
-0.396312 -0.299048 -0.284114
-0.348522 -0.313548 -0.294589
-0.303225 -0.326941 -0.287487
-0.255587 -0.340364 -0.274644
-0.213475 -0.353228 -0.296471
-0.165468 -0.367002 -0.2794
-0.117944 -0.382219 -0.309892
-0.0713424 -0.400049 -0.365421
-0.0266467 -0.417139 -0.365203
0.00554641 -0.429704 -0.372112
0.0458368 -0.44563 -0.376433
0.0931339 -0.46168 -0.327161
0.139856 -0.478067 -0.337321
0.187304 -0.493112 -0.30705
0.234304 -0.507628 -0.299556
0.281188 -0.521944 -0.29636
0.329022 -0.534968 -0.265843
0.376104 -0.547379 -0.257732
0.418224 -0.559774 -0.286202
0.463176 -0.573336 -0.293013
0.511217 -0.586919 -0.275545
0.554213 -0.599538 -0.285479
0.60051 -0.613957 -0.301919
0.641165 -0.625861 -0.284857
0.687078 -0.64079 -0.314374
0.731104 -0.655294 -0.318244
0.774431 -0.669909 -0.325314
0.810382 -0.681386 -0.309017
0.857704 -0.697422 -0.326737
0.903163 -0.710991 -0.290068
0.95093 -0.723296 -0.252127
0.992918 -0.732604 -0.218148
1.04056 -0.742585 -0.206525
1.07145 -0.74923 -0.211842
1.11698 -0.760146 -0.23533
1.16298 -0.772557 -0.263528
1.20997 -0.784291 -0.244718
1.25726 -0.798179 -0.285669
1.29502 -0.807865 -0.251066
1.34381 -0.817594 -0.196845
1.38976 -0.828074 -0.224203
1.43616 -0.838171 -0.214276
1.48018 -0.84849 -0.230283
1.52907 -0.858918 -0.21011
1.57395 -0.869573 -0.233109
1.62103 -0.881065 -0.239443
1.66814 -0.892114 -0.23035
1.7111 -0.899626 -0.17309
1.75498 -0.908309 -0.195364
1.80304 -0.919696 -0.23267
1.84748 -0.929953 -0.226837
1.88714 -0.940515 -0.260293
1.93449 -0.954682 -0.290698
1.98066 -0.96813 -0.283443
2.02874 -0.980328 -0.248423
2.07766 -0.990623 -0.207423
2.12541 -1.00353 -0.263934
2.16626 -1.01626 -0.30225
2.20919 -1.0285 -0.277611
2.25816 -1.03835 -0.198655
2.30513 -1.04911 -0.225109
2.35155 -1.05868 -0.20326
2.39473 -1.06833 -0.219918
2.43121 -1.07488 -0.177756
2.4727 -1.08208 -0.171726
2.52177 -1.09167 -0.192935
2.56433 -1.09938 -0.179204
2.61328 -1.10738 -0.162107
2.66206 -1.11781 -0.21068
2.71013 -1.13121 -0.271828
2.75642 -1.14342 -0.2578
2.7987 -1.15624 -0.294446
2.84309 -1.16978 -0.29601
2.88368 -1.18007 -0.248481
2.9296 -1.19462 -0.306776
2.97709 -1.209 -0.294062
3.01553 -1.21918 -0.258834
3.06246 -1.22996 -0.225809
3.1028 -1.24185 -0.286635
3.14808 -1.25522 -0.286973
3.18883 -1.26841 -0.313242
3.23453 -1.28307 -0.310224
3.28049 -1.29771 -0.308393
3.32661 -1.31308 -0.321689
3.36814 -1.32641 -0.310727
3.41387 -1.3414 -0.31673
3.45126 -1.35244 -0.287061
3.49831 -1.36606 -0.281745
3.54314 -1.37932 -0.28767
3.58465 -1.39134 -0.281826
3.62928 -1.40551 -0.307422
3.67278 -1.41998 -0.321214
3.70347 -1.43139 -0.355806
3.74824 -1.44706 -0.336645
3.79404 -1.46154 -0.306296
3.83687 -1.47664 -0.338919
3.87198 -1.4892 -0.343557
3.91151 -1.50246 -0.323742
3.95468 -1.51808 -0.347088
3.98524 -1.52857 -0.330502
4.01892 -1.54066 -0.344825
4.04893 -1.55275 -0.382919
4.08401 -1.56814 -0.413453
4.11289 -1.58128 -0.426939
4.15423 -1.5999 -0.423241
4.19768 -1.61966 -0.426709
4.22701 -1.63352 -0.441657
4.24985 -1.64398 -0.429208
4.27986 -1.65824 -0.443539
4.30833 -1.67073 -0.413455
4.31788 -1.67462 -0.386615
4.32631 -1.6783 -0.412023
4.3482 -1.68808 -0.42047
4.35816 -1.69247 -0.41457
4.37948 -1.70271 -0.448063
4.38628 -1.70612 -0.464613
4.39495 -1.71016 -0.435666
4.39809 -1.71163 -0.438996
4.40835 -1.71645 -0.439027
4.42103 -1.72229 -0.431256
4.42995 -1.72686 -0.473462
4.44316 -1.73366 -0.475443
4.47191 -1.74724 -0.441449
4.50121 -1.7611 -0.441793
4.53235 -1.77688 -0.469091
4.55935 -1.7906 -0.47006
4.59728 -1.80892 -0.450028
4.61774 -1.82004 -0.497586
4.63146 -1.82832 -0.54293
4.64854 -1.83968 -0.586782
4.66951 -1.85422 -0.606609
4.69457 -1.87039 -0.572865
4.70929 -1.88004 -0.580196
4.73295 -1.89561 -0.582199
4.76008 -1.9144 -0.605708
4.77736 -1.92711 -0.634082
4.7951 -1.93995 -0.62662
4.8159 -1.95394 -0.592075
4.82283 -1.95881 -0.612156
4.83835 -1.97089 -0.661713
4.84423 -1.97551 -0.664999
4.85526 -1.98523 -0.72279
4.85615 -1.98597 -0.688872
4.86078 -1.98974 -0.682968
4.87492 -2.00152 -0.69488
4.88505 -2.01019 -0.708225
4.89912 -2.02313 -0.743341
4.91845 -2.0411 -0.748761
4.93395 -2.05503 -0.732407
4.95461 -2.07388 -0.739533
4.96691 -2.08598 -0.777362
4.98541 -2.10569 -0.817234
5.00287 -2.12427 -0.81634
5.0118 -2.13338 -0.794849
5.02787 -2.14918 -0.777149
5.03834 -2.15892 -0.748899
5.04885 -2.16848 -0.738225
5.05719 -2.17549 -0.699224
5.07511 -2.18992 -0.677975
5.08322 -2.19629 -0.665712
5.08855 -2.2002 -0.63198
5.10161 -2.20934 -0.611034
5.10962 -2.2147 -0.589674
5.12061 -2.22199 -0.585399
5.1248 -2.22464 -0.56512
5.13066 -2.22818 -0.543339
5.13618 -2.2315 -0.5418
5.14087 -2.23465 -0.591016
5.14864 -2.24009 -0.61014
5.15419 -2.24352 -0.554286
5.16466 -2.2493 -0.50478
5.16673 -2.25037 -0.474594
5.16858 -2.25133 -0.480598
5.17321 -2.25363 -0.460319
5.18873 -2.26044 -0.413689
5.19603 -2.26376 -0.426921
5.20027 -2.26593 -0.472712
5.21368 -2.27315 -0.493677
True
0.271775
