-5.48727 -0.236854 0.0478162
-5.46089 -0.236333 0.019728
-5.41096 -0.233863 0.0494237
-5.36294 -0.230254 0.0750116
-5.31306 -0.227969 0.0457775
-5.26785 -0.227107 0.0190762
-5.2335 -0.223276 0.111051
-5.18363 -0.219895 0.0677083
-5.13697 -0.217598 0.0491791
-5.08741 -0.215042 0.0515242
-5.03791 -0.213421 0.0327323
-4.99692 -0.212256 0.0284244
-4.94883 -0.210901 0.0281639
-4.9069 -0.209885 0.0242247
-4.85699 -0.212337 -0.0490826
-4.8098 -0.213389 -0.0222955
-4.76259 -0.213989 -0.0127108
-4.71341 -0.212915 0.021845
-4.66342 -0.213658 -0.0148697
-4.61403 -0.212976 0.0138043
-4.57035 -0.215262 -0.0522917
-4.52278 -0.216978 -0.0360518
-4.47296 -0.220592 -0.0724041
-4.42365 -0.225031 -0.0897772
-4.37519 -0.228953 -0.0807789
-4.34133 -0.232003 -0.0898249
-4.29345 -0.23565 -0.0760294
-4.24355 -0.236633 -0.0196911
-4.1936 -0.238774 -0.0428391
-4.1514 -0.238343 0.0102124
-4.10147 -0.239303 -0.0192179
-4.05149 -0.240542 -0.0247788
-4.00311 -0.240948 -0.00839148
-3.95467 -0.241065 -0.00242259
-3.90487 -0.23889 0.0436545
-3.85909 -0.236989 0.0415018
-3.81308 -0.237508 -0.0112888
-3.76339 -0.237353 0.00311913
-3.71381 -0.236913 0.00888065
-3.6647 -0.236147 0.0155949
-3.63008 -0.234075 0.059783
-3.58975 -0.232279 0.0445015
-3.54353 -0.230792 0.0321539
-3.49599 -0.227647 0.0660512
-3.44658 -0.225308 0.0472977
-3.4049 -0.223547 0.0422531
-3.35496 -0.222344 0.0240731
-3.30669 -0.221113 0.0254999
-3.25709 -0.221701 -0.0118525
-3.21238 -0.222145 -0.0099469
-3.1677 -0.221411 0.0164418
-3.11846 -0.220976 0.00883931
-3.07713 -0.21926 0.0414821
-3.03008 -0.216574 0.05702
-2.98077 -0.21565 0.0187288
-2.93635 -0.217314 -0.0374415
-2.88785 -0.218555 -0.0255702
-2.84432 -0.220461 -0.0437693
-2.79682 -0.222665 -0.0463512
-2.7469 -0.225438 -0.0554974
-2.71086 -0.226545 -0.0307252
-2.6616 -0.228995 -0.0496921
-2.61715 -0.230003 -0.0226719
-2.57934 -0.231524 -0.0402053
-2.53049 -0.230974 0.0112638
-2.48054 -0.230912 0.0012383
-2.43145 -0.228371 0.0517253
-2.38147 -0.227084 0.0257442
-2.33396 -0.226003 0.022751
-2.28793 -0.225476 0.0114438
-2.24274 -0.226058 -0.0128809
-2.20052 -0.227315 -0.029761
-2.15188 -0.231936 -0.0947248
-2.10591 -0.236024 -0.0886991
-2.05638 -0.241342 -0.106953
-2.01204 -0.24538 -0.0908251
-1.96261 -0.24891 -0.0712903
-1.91262 -0.249146 -0.00471898
-1.8657 -0.248724 0.00900005
-1.8157 -0.248552 0.00343115
-1.77358 -0.248264 0.00684181
-1.72916 -0.24767 0.0133712
-1.68721 -0.245949 0.0410019
-1.63867 -0.246111 -0.00334738
-1.5903 -0.246725 -0.0126864
-1.54073 -0.245767 0.0193292
-1.4981 -0.244041 0.0404569
-1.45806 -0.242011 0.0506548
-1.4112 -0.242311 -0.00641393
-1.36149 -0.241472 0.0168865
-1.31894 -0.241696 -0.00526265
-1.2738 -0.239738 0.043336
-1.22395 -0.236609 0.0626937
-1.18055 -0.232669 0.0905501
-1.13092 -0.232291 0.00761521
-1.09064 -0.230023 0.056228
-1.04835 -0.226736 0.0775734
-0.998766 -0.224366 0.0477603
-0.949737 -0.220569 0.0772844
-0.900422 -0.218366 0.0446496
-0.867209 -0.217688 0.0204128
-0.817311 -0.216513 0.0235424
-0.767512 -0.214884 0.0326883
-0.718943 -0.214925 -0.000833366
-0.674511 -0.215166 -0.00542841
-0.626915 -0.21623 -0.0223386
-0.577075 -0.216811 -0.011675
-0.537637 -0.217558 -0.0189261
-0.493406 -0.219177 -0.0365865
-0.449335 -0.219188 -0.000244055
-0.400022 -0.218697 0.0099596
-0.351112 -0.217895 0.0163851
-0.3033 -0.217741 0.00323106
-0.255207 -0.217928 -0.00389632
-0.20635 -0.219724 -0.0367534
-0.157536 -0.222898 -0.0649166
-0.122748 -0.224775 -0.0539215
-0.0738082 -0.225761 -0.0201424
-0.0313837 -0.226917 -0.0272356
0.0177194 -0.226327 0.0120153
0.0647288 -0.224661 0.0354145
0.102572 -0.223452 0.0319378
0.149905 -0.223319 0.00282476
0.199845 -0.223783 -0.00929246
0.246061 -0.224268 -0.0105076
0.285543 -0.224559 -0.00734695
0.335305 -0.226622 -0.0414528
0.380586 -0.226957 -0.00739262
0.426607 -0.227987 -0.0223709
0.476425 -0.229251 -0.0253746
0.520555 -0.231582 -0.0527656
0.57042 -0.234493 -0.0583105
0.620225 -0.238903 -0.0883164
0.660777 -0.239545 -0.0158228
0.710747 -0.238052 0.0298588
0.760526 -0.237072 0.0196855
0.81044 -0.234698 0.047528
0.842821 -0.234441 0.00792615
0.880983 -0.234396 0.00119035
0.928402 -0.23643 -0.042871
0.978176 -0.237351 -0.0185023
1.02808 -0.238903 -0.0310873
1.07726 -0.240817 -0.0388934
1.12341 -0.243047 -0.0482899
1.15999 -0.244901 -0.0506342
1.20958 -0.247444 -0.0512246
1.25942 -0.249538 -0.0419938
1.29565 -0.250881 -0.0370709
1.33922 -0.251036 -0.00354565
1.38631 -0.25254 -0.0319249
1.43612 -0.254413 -0.0375983
1.48443 -0.254068 0.00713369
1.53173 -0.2536 0.00990518
1.575 -0.256212 -0.0603133
1.61629 -0.257211 -0.0241787
1.66579 -0.259465 -0.0455061
1.69347 -0.261108 -0.0593043
1.74313 -0.262455 -0.0270998
1.79274 -0.264919 -0.049629
1.83448 -0.26693 -0.0481411
1.87869 -0.267992 -0.0240274
1.92784 -0.267077 0.0186111
1.97781 -0.268664 -0.0317495
2.02725 -0.268919 -0.00514303
2.07386 -0.269138 -0.00470873
2.12382 -0.269483 -0.00689924
2.17269 -0.271743 -0.0462163
2.22163 -0.272394 -0.0132954
2.27154 -0.273099 -0.0141245
2.32153 -0.273017 0.00163119
2.36992 -0.274667 -0.034081
2.41981 -0.276603 -0.0387832
2.46939 -0.279685 -0.0620751
2.51575 -0.27864 0.0225352
2.56306 -0.278596 0.000925576
2.613 -0.279943 -0.0269597
2.66157 -0.280451 -0.010465
2.70521 -0.280335 0.0026549
2.74749 -0.279561 0.0183173
2.7974 -0.279256 0.00610968
2.84503 -0.279614 -0.00750808
2.89485 -0.281115 -0.0301276
2.93759 -0.282026 -0.0213066
2.97467 -0.283454 -0.0385109
3.01858 -0.285136 -0.0382814
3.06042 -0.285305 -0.00403475
3.10891 -0.286835 -0.0315416
3.15752 -0.290141 -0.0678951
3.20182 -0.290772 -0.0142394
3.25143 -0.289257 0.0305121
3.28954 -0.289244 0.000353368
3.33714 -0.288463 0.0164094
3.38087 -0.28776 0.0160682
3.40703 -0.2868 0.0367014
3.43758 -0.285602 0.0391815
3.47644 -0.283993 0.0413785
3.52344 -0.283961 0.000674818
3.5692 -0.282146 0.0396491
3.60358 -0.281438 0.0205839
3.63999 -0.283108 -0.0458464
3.68133 -0.2853 -0.0529546
3.72543 -0.285683 -0.0086854
3.77231 -0.2843 0.0294924
3.81087 -0.282603 0.0439698
3.85559 -0.280727 0.0419234
3.8917 -0.279215 0.0418412
3.92263 -0.278745 0.0152116
3.9628 -0.279014 -0.00670891
4.00333 -0.278392 0.0153525
4.04306 -0.27837 0.000558539
4.06773 -0.277362 0.0408097
4.10239 -0.276512 0.02453
4.13367 -0.27695 -0.0139899
4.16178 -0.277256 -0.0108982
4.18392 -0.277775 -0.0234257
4.20197 -0.278973 -0.0663185
4.23486 -0.28073 -0.0533644
4.26815 -0.282637 -0.0572002
4.30653 -0.285111 -0.0643978
4.34447 -0.286607 -0.0394116
4.37306 -0.287655 -0.0366325
4.39091 -0.288277 -0.0348236
4.41561 -0.289101 -0.0333525
4.43978 -0.28986 -0.0313663
4.46289 -0.290797 -0.0405293
4.47738 -0.29179 -0.0684074
4.48158 -0.291889 -0.0236508
4.48894 -0.291715 0.0236047
4.51652 -0.290867 0.0307592
4.55051 -0.289448 0.0417156
4.58373 -0.288656 0.0238328
4.62577 -0.288273 0.00909693
4.63778 -0.288316 -0.00358906
4.66159 -0.288444 -0.00536838
4.68051 -0.28736 0.0572151
4.70559 -0.285308 0.081636
4.72751 -0.28265 0.120709
4.73449 -0.281862 0.112326
4.75016 -0.280027 0.116577
4.76672 -0.277149 0.172173
4.78784 -0.273279 0.18121
4.80569 -0.270016 0.180783
4.82884 -0.265913 0.175353
4.85122 -0.263781 0.0950025
4.86946 -0.261849 0.105529
4.87749 -0.261293 0.0691814
4.88619 -0.260627 0.0763492
4.91825 -0.25841 0.0690447
4.9356 -0.25767 0.0426132
4.95888 -0.257402 0.011505
4.96692 -0.257192 0.0261508
4.9672 -0.257192 -0.00180434
4.97294 -0.257175 0.0029531
4.98114 -0.257316 -0.0171928
4.98683 -0.257105 0.0372079
4.99693 -0.256721 0.037958
5.0172 -0.255882 0.0413739
5.03013 -0.255253 0.0485804
5.0497 -0.254211 0.0532146
5.06697 -0.253131 0.0624328
5.06897 -0.252974 0.0784519
5.09082 -0.251988 0.0451077
5.10207 -0.25145 0.047734
5.10594 -0.251602 -0.0391701
5.12762 -0.253183 -0.0728153
5.13996 -0.254715 -0.123443
5.15437 -0.257321 -0.178928
5.17048 -0.259916 -0.159685
5.17648 -0.260917 -0.165367
5.18519 -0.262317 -0.159478
5.20166 -0.264878 -0.15424
True
0.278125
