4.4896 -0.00395264 -2.77837
4.46714 -0.0122983 -2.7859
4.44258 -0.0244953 -2.68052
4.4053 -0.0451158 -2.6364
4.36755 -0.0696076 -2.56605
4.33492 -0.092373 -2.53239
4.29893 -0.12089 -2.47156
4.27121 -0.144097 -2.44467
4.2335 -0.176804 -2.42706
4.21047 -0.19783 -2.40163
4.17855 -0.232 -2.32216
4.14704 -0.270625 -2.25517
4.12712 -0.298129 -2.19758
4.09917 -0.33813 -2.18065
4.0723 -0.374289 -2.20985
4.04638 -0.411926 -2.174
4.02029 -0.454582 -2.11962
3.99538 -0.497614 -2.09558
3.97325 -0.539433 -2.05758
3.95437 -0.581172 -1.9955
3.93894 -0.621477 -1.93639
3.92249 -0.661006 -1.96514
3.90335 -0.707129 -1.96412
3.8842 -0.753202 -1.96482
3.86816 -0.79307 -1.95338
3.85031 -0.83976 -1.93586
3.83611 -0.877466 -1.93108
3.81788 -0.9237 -1.94623
3.80055 -0.968669 -1.9387
3.7835 -1.01419 -1.92925
3.77477 -1.04212 -1.87374
3.77096 -1.05166 -1.95078
3.76032 -1.08032 -1.92621
3.74434 -1.12625 -1.90568
3.72674 -1.17253 -1.93409
3.70785 -1.21872 -1.95904
3.69364 -1.25348 -1.95885
3.68043 -1.28584 -1.95844
3.66459 -1.32589 -1.94738
3.65282 -1.35573 -1.94635
3.63683 -1.391 -1.99671
3.62734 -1.41478 -1.95035
3.61028 -1.45466 -1.97501
3.59758 -1.48387 -1.98081
3.5774 -1.52859 -1.99473
3.55898 -1.57083 -1.98195
3.53798 -1.6156 -2.00955
3.51839 -1.65902 -1.99454
3.50123 -1.6949 -2.01679
3.48221 -1.73778 -1.98843
3.46089 -1.78301 -2.01133
3.43826 -1.82683 -2.04734
3.41715 -1.87037 -2.02232
3.397 -1.91212 -2.02038
3.37942 -1.95243 -1.98218
3.36139 -1.99303 -1.98861
3.34658 -2.01982 -2.07578
3.33033 -2.04837 -2.08838
3.31366 -2.07665 -2.10344
3.293 -2.10943 -2.13311
3.27164 -2.14268 -2.14181
3.24389 -2.18427 -2.15912
3.22355 -2.21528 -2.15136
3.20343 -2.24557 -2.15708
3.17589 -2.28718 -2.15551
3.15234 -2.32232 -2.16127
3.12703 -2.36077 -2.15287
3.10039 -2.39715 -2.20281
3.0765 -2.4283 -2.22522
3.04555 -2.46757 -2.23809
3.01978 -2.49895 -2.25846
2.99337 -2.53212 -2.24321
2.96557 -2.56641 -2.25193
2.93448 -2.60557 -2.24195
2.90749 -2.6389 -2.25155
2.87587 -2.67302 -2.31799
2.84701 -2.70368 -2.32601
2.81533 -2.73696 -2.33177
2.781 -2.77283 -2.33412
2.7515 -2.80326 -2.34058
2.71987 -2.83328 -2.38236
2.68797 -2.86414 -2.37293
2.66829 -2.8825 -2.39075
2.65679 -2.89357 -2.37508
2.62307 -2.9263 -2.37124
2.59593 -2.95155 -2.39199
2.56508 -2.98085 -2.38206
2.52947 -3.01118 -2.4362
2.50061 -3.03659 -2.41958
2.46302 -3.06957 -2.42141
2.42816 -3.09971 -2.42867
2.38869 -3.13035 -2.4815
2.34968 -3.16162 -2.46584
2.31776 -3.18493 -2.51095
2.28197 -3.21128 -2.5069
2.25477 -3.23093 -2.51595
2.22409 -3.25257 -2.52719
2.1945 -3.27334 -2.52972
2.15241 -3.30027 -2.57238
2.11155 -3.32879 -2.53221
2.07026 -3.35688 -2.54421
2.03238 -3.3821 -2.55422
1.99447 -3.40677 -2.56466
1.95404 -3.43242 -2.57631
1.91215 -3.45939 -2.56953
1.86992 -3.48305 -2.63091
1.83613 -3.50374 -2.59213
1.7947 -3.52991 -2.5782
1.75644 -3.55481 -2.56458
1.71783 -3.58006 -2.56237
1.67577 -3.60626 -2.58457
1.63405 -3.62919 -2.63901
1.5897 -3.6511 -2.68273
1.54612 -3.67222 -2.69046
1.50393 -3.69304 -2.68303
1.45788 -3.71229 -2.74567
1.41478 -3.73021 -2.74771
1.37017 -3.74954 -2.73267
1.33409 -3.76491 -2.73871
1.28829 -3.78487 -2.73068
1.24746 -3.80133 -2.75838
1.20313 -3.81939 -2.75463
1.16383 -3.83675 -2.72572
1.11826 -3.85704 -2.72276
1.07172 -3.87533 -2.76713
1.02497 -3.893 -2.78019
0.978836 -3.91005 -2.78755
0.9342 -3.92422 -2.83418
0.897189 -3.93485 -2.86208
0.849701 -3.94964 -2.83957
0.810304 -3.95858 -2.9185
0.762169 -3.97184 -2.8728
0.714088 -3.98554 -2.86394
0.665989 -3.99749 -2.89809
0.61946 -4.0078 -2.92349
0.57502 -4.01724 -2.93246
0.525895 -4.02543 -2.97627
0.47685 -4.03338 -2.98099
0.428496 -4.03927 -3.02026
0.397323 -4.04241 -3.04122
0.34776 -4.049 -3.00952
0.312154 -4.05352 -3.0153
0.269161 -4.05805 -3.03658
0.221825 -4.06233 -3.05132
0.173465 -4.06486 -3.08943
0.123998 -4.06789 -3.08045
0.0802543 -4.07036 -3.0851
0.0402328 -4.07324 -3.0699
-0.0097351 -4.07502 -3.10598
-0.0568484 -4.07594 -3.12196
-0.106578 -4.07777 -3.10489
-0.15279 -4.07885 -3.11808
-0.195041 -4.08288 -3.04654
-0.242685 -4.08547 -3.08727
-0.283131 -4.08741 -3.09368
-0.330142 -4.08834 -3.1218
-0.378745 -4.08882 -3.13183
-0.428562 -4.08941 -3.1297
-0.478537 -4.09095 -3.11076
-0.526375 -4.09036 -3.15388
-0.574022 -4.08954 3.12435
-0.618171 -4.08978 3.14693
-0.666815 -4.09089 -3.11877
-0.707064 -4.09132 -3.13091
-0.753162 -4.09064 -3.15636
-0.80158 -4.09082 3.14526
-0.849629 -4.08999 -3.15877
-0.89603 -4.08755 3.08904
-0.941602 -4.08425 3.06933
-0.991529 -4.0824 3.10458
-1.04146 -4.08129 3.11928
-1.09105 -4.07931 3.10177
-1.13877 -4.0744 3.03892
-1.18649 -4.07084 3.06714
-1.22874 -4.06671 3.04437
-1.2782 -4.06028 3.01222
-1.32709 -4.05316 2.997
-1.37111 -4.04649 2.9911
-1.41146 -4.0405 2.99444
-1.45884 -4.03429 3.01124
-1.50749 -4.02652 2.98306
-1.54283 -4.02086 2.98285
-1.59183 -4.01284 2.97943
-1.64095 -4.00504 2.98402
-1.68925 -3.99798 2.99643
-1.73293 -3.99234 3.0132
-1.78136 -3.98482 2.9877
-1.82393 -3.97849 2.99377
-1.86295 -3.97066 2.94371
-1.90945 -3.96331 2.98471
-1.95874 -3.95493 2.97319
-2.0051 -3.94771 2.98727
-2.0528 -3.93889 2.95864
-2.09425 -3.93164 2.96843
-2.13907 -3.92485 2.99124
-2.18493 -3.91876 3.00964
-2.22581 -3.91253 2.99021
-2.26497 -3.90641 2.98657
-2.30234 -3.89877 2.9399
-2.33922 -3.89126 2.9408
-2.38506 -3.88228 2.94812
-2.42813 -3.87274 2.92371
-2.47059 -3.86317 2.91982
-2.4976 -3.85745 2.93311
-2.54229 -3.84895 2.95362
-2.57961 -3.84205 2.95876
-2.6168 -3.83546 2.96606
-2.65884 -3.82899 2.98898
-2.67691 -3.8265 3.00494
-2.70741 -3.82167 2.98442
-2.7321 -3.81786 2.9885
-2.7444 -3.81586 2.98002
-2.77389 -3.81206 3.01347
-2.79502 -3.80942 3.01749
-2.81713 -3.80678 3.02286
-2.84541 -3.80379 3.03606
-2.87726 -3.7999 3.02005
-2.92185 -3.7926 2.97943
-2.96467 -3.78755 3.02409
-3.01192 -3.78257 3.03666
-3.05192 -3.77914 3.05604
-3.07923 -3.77687 3.05851
-3.09814 -3.77537 3.06283
-3.12584 -3.77335 3.0688
-3.15656 -3.77094 3.0631
-3.16516 -3.77011 3.04536
-3.17481 -3.76896 3.02296
-3.20658 -3.76608 3.05115
-3.22192 -3.7648 3.05821
-3.2429 -3.76354 3.08198
-3.25519 -3.76248 3.05565
-3.27975 -3.76029 3.05251
-3.30365 -3.75713 3.01015
-3.3165 -3.75531 3.00085
-3.33134 -3.75304 2.98989
-3.35914 -3.7483 2.97258
-3.38754 -3.74311 2.96106
-3.41864 -3.73673 2.93915
-3.46337 -3.72856 2.96087
-3.50648 -3.72028 2.95186
-3.55222 -3.70933 2.90656
-3.57194 -3.70436 2.8948
-3.59066 -3.69965 2.89498
-3.6107 -3.694 2.86683
-3.62997 -3.68885 2.88063
-3.66526 -3.67929 2.87707
-3.69444 -3.67107 2.86697
-3.73662 -3.65922 2.86776
-3.77145 -3.64996 2.88175
-3.80065 -3.64242 2.88878
-3.83135 -3.63495 2.9028
-3.8499 -3.63059 2.91109
-3.87752 -3.6242 2.91414
-3.89277 -3.62077 2.92032
-3.92432 -3.61405 2.93161
-3.95112 -3.60907 2.95817
-3.9805 -3.602 2.90539
-3.9946 -3.59838 2.89025
-3.9982 -3.59758 2.92191
-4.01473 -3.59402 2.92945
-4.02105 -3.59256 2.91512
-4.02874 -3.59108 2.95121
-4.03395 -3.59003 2.94293
-4.04172 -3.58843 2.93779
-4.05388 -3.58605 2.94883
-4.08041 -3.5799 2.91371
-4.1093 -3.57333 2.91804
-4.13223 -3.56949 2.9758
-4.14845 -3.56697 2.98706
-4.16104 -3.56478 2.96944
-4.17836 -3.56252 3.01179
-4.19783 -3.55953 2.98959
-4.20987 -3.55787 3.00426
True
0.200742
