-5.49287 -1.26116 -0.0717598
-5.48088 -1.26126 -0.00785799
-5.43654 -1.26274 -0.0334885
-5.39526 -1.26469 -0.0471871
-5.34905 -1.26662 -0.0417831
-5.29953 -1.27015 -0.0710254
-5.24963 -1.26998 0.00328188
-5.1998 -1.27019 -0.00422585
-5.15029 -1.27265 -0.0494793
-5.10439 -1.27383 -0.0258761
-5.05605 -1.27764 -0.0785656
-5.0106 -1.27985 -0.0485383
-4.96667 -1.28362 -0.085644
-4.91702 -1.28851 -0.0980922
-4.86738 -1.29313 -0.0929254
-4.81821 -1.29826 -0.103921
-4.77056 -1.30363 -0.112232
-4.72151 -1.30827 -0.0943348
-4.68408 -1.31241 -0.110235
-4.63424 -1.31616 -0.0750714
-4.59224 -1.32026 -0.0973632
-4.54845 -1.32309 -0.0643426
-4.5001 -1.3243 -0.0250308
-4.45784 -1.32658 -0.0540993
-4.41496 -1.32623 0.00818323
-4.3651 -1.32891 -0.0536075
-4.32255 -1.33115 -0.052512
-4.27603 -1.33086 0.00607194
-4.2267 -1.32978 0.0218629
-4.18226 -1.3272 0.0581606
-4.1325 -1.32579 0.0283414
-4.08288 -1.32589 -0.00218138
-4.03327 -1.32645 -0.0111459
-4.00336 -1.32702 -0.0191914
-3.96481 -1.32699 0.000681879
-3.91583 -1.32625 0.0152109
-3.87632 -1.3255 0.0190219
-3.82633 -1.32609 -0.0118115
-3.77714 -1.32719 -0.022358
-3.7386 -1.32864 -0.037576
-3.7074 -1.32892 -0.0090204
-3.67573 -1.32957 -0.0206914
-3.62597 -1.33135 -0.0355856
-3.58923 -1.33245 -0.0301541
-3.5393 -1.33499 -0.0507254
-3.49162 -1.33592 -0.0194256
-3.4543 -1.33549 0.0114169
-3.40674 -1.33408 0.0297049
-3.36533 -1.33387 0.00498417
-3.31542 -1.33476 -0.0178361
-3.26839 -1.3374 -0.0559784
-3.21858 -1.3374 -3.77931e-05
-3.18552 -1.33669 0.0213425
-3.1399 -1.33605 0.0140265
-3.09007 -1.33553 0.0104374
-3.04497 -1.33691 -0.0305544
-3.00438 -1.33802 -0.0274056
-2.95627 -1.33998 -0.0407566
-2.90845 -1.34159 -0.0335331
-2.85859 -1.34086 0.0146376
-2.81058 -1.3418 -0.0196704
-2.76353 -1.34347 -0.0354458
-2.71359 -1.34561 -0.0427838
-2.66486 -1.3488 -0.0654577
-2.61495 -1.3499 -0.0220486
-2.5863 -1.35289 -0.10392
-2.54322 -1.35662 -0.0863528
-2.49361 -1.3603 -0.0740776
-2.44389 -1.36444 -0.0830498
-2.39396 -1.36673 -0.0457223
-2.34411 -1.37 -0.0656027
-2.29827 -1.37325 -0.0706442
-2.25627 -1.37693 -0.0875424
-2.21543 -1.38127 -0.10583
-2.1892 -1.38396 -0.102031
-2.14178 -1.38764 -0.0775498
-2.09214 -1.39345 -0.116598
-2.04285 -1.39884 -0.108889
-1.99514 -1.40399 -0.107431
-1.95488 -1.40914 -0.127326
-1.90596 -1.41453 -0.109613
-1.85926 -1.42079 -0.133215
-1.81012 -1.42743 -0.134478
-1.76463 -1.43649 -0.196443
-1.73395 -1.44146 -0.160573
-1.68686 -1.44841 -0.14664
-1.63751 -1.45322 -0.0970919
-1.60664 -1.45496 -0.0564779
-1.55746 -1.45694 -0.04016
-1.50753 -1.45919 -0.0450441
-1.46034 -1.45935 -0.00334428
-1.41086 -1.45977 -0.00862513
-1.36151 -1.45876 0.0205602
-1.3129 -1.4593 -0.0111107
-1.2629 -1.45913 0.00341537
-1.21468 -1.45983 -0.0146354
-1.16559 -1.45919 0.0131108
-1.11584 -1.46019 -0.0200186
-1.0663 -1.46083 -0.0129583
-1.01673 -1.46256 -0.0349981
-0.967133 -1.46491 -0.0471521
-0.929718 -1.46518 -0.00723296
-0.883082 -1.46574 -0.0119925
-0.833518 -1.46548 0.00509209
-0.783755 -1.46755 -0.0414435
-0.733856 -1.47031 -0.0553773
-0.684258 -1.4763 -0.1202
-0.642184 -1.4802 -0.0922499
-0.59522 -1.48349 -0.0699363
-0.545896 -1.48572 -0.0453279
-0.504961 -1.48708 -0.0332105
-0.459007 -1.48873 -0.0358613
-0.413084 -1.49113 -0.0522615
-0.364428 -1.49268 -0.031789
-0.325223 -1.49446 -0.0453065
-0.279693 -1.49725 -0.0613002
-0.229835 -1.50055 -0.0661297
-0.180085 -1.50229 -0.034816
-0.131187 -1.50408 -0.0366318
-0.0866754 -1.50539 -0.0294952
-0.0377403 -1.50617 -0.0158718
0.00464154 -1.50717 -0.023614
0.0432535 -1.5082 -0.0267735
0.0907535 -1.50929 -0.0228496
0.140191 -1.50856 0.0146594
0.180564 -1.50844 0.00305439
0.218704 -1.50645 0.052049
0.253823 -1.50447 0.0565332
0.303476 -1.5047 -0.00475884
0.35197 -1.5051 -0.00826
0.396402 -1.50701 -0.0429828
0.43869 -1.5115 -0.105638
0.478586 -1.51534 -0.0959557
0.522921 -1.5191 -0.0846266
0.565433 -1.52036 -0.0296003
0.614496 -1.52208 -0.0351292
0.660567 -1.52263 -0.011978
0.710539 -1.5241 -0.0293165
0.740789 -1.52426 -0.00525142
0.783861 -1.52533 -0.0249019
0.828866 -1.52649 -0.0258276
0.878577 -1.52753 -0.0207811
0.928439 -1.52992 -0.0480376
0.978345 -1.53122 -0.025929
1.02707 -1.53271 -0.030683
1.07365 -1.53392 -0.025787
1.11552 -1.53636 -0.0583756
1.16421 -1.53912 -0.0565319
1.20967 -1.54024 -0.0245705
1.25912 -1.54211 -0.0379604
1.30149 -1.54328 -0.0276402
1.35137 -1.54543 -0.0430397
1.39283 -1.54851 -0.0740524
1.44255 -1.55147 -0.0594669
1.48791 -1.554 -0.0556448
1.53714 -1.55752 -0.0713736
1.57634 -1.55817 -0.0168052
1.62033 -1.55786 0.00716986
1.66866 -1.55773 0.00271037
1.71506 -1.55834 -0.0132361
1.76356 -1.55914 -0.0164984
1.8133 -1.5588 0.00678835
1.85484 -1.55846 0.00827948
1.90472 -1.55831 0.00296849
1.94296 -1.55667 0.0429698
1.99123 -1.55273 0.0814717
2.0412 -1.55124 0.0298181
2.0909 -1.54877 0.0495031
2.13994 -1.54627 0.0509325
2.18763 -1.54472 0.032573
2.23556 -1.54311 0.0336104
2.28545 -1.53981 0.0661214
2.33518 -1.53868 0.0226705
2.38291 -1.53557 0.0650371
2.43283 -1.53434 0.0246206
2.47213 -1.53262 0.0437543
2.51294 -1.53248 0.00340867
2.56006 -1.53247 0.000125452
2.6053 -1.5319 0.012753
2.64384 -1.53198 -0.00218101
2.69264 -1.53243 -0.00913384
2.74178 -1.53435 -0.0391778
2.79171 -1.53609 -0.0348285
2.84129 -1.53775 -0.0334891
2.89082 -1.54056 -0.0565798
2.92351 -1.54133 -0.023461
2.97343 -1.53862 0.0541587
3.01998 -1.53703 0.0342192
3.06194 -1.53754 -0.012192
3.11003 -1.53653 0.0209612
3.15037 -1.53557 0.0238233
3.19574 -1.53517 0.00873574
3.24495 -1.53475 0.00863754
3.28554 -1.53537 -0.0152292
3.33502 -1.53634 -0.0196803
3.37308 -1.53888 -0.0665643
3.419 -1.54146 -0.0562424
3.46652 -1.54394 -0.0520267
3.51589 -1.54767 -0.0755181
3.555 -1.55098 -0.0842927
3.5734 -1.55185 -0.0473019
3.59458 -1.55225 -0.0189098
3.61143 -1.55301 -0.045111
3.63081 -1.55443 -0.0731337
3.65921 -1.55661 -0.0767441
3.70158 -1.56139 -0.112287
3.74055 -1.56587 -0.114566
3.75338 -1.5666 -0.056332
3.78415 -1.56752 -0.0299153
3.8224 -1.57059 -0.0801783
3.86048 -1.57379 -0.083893
3.89308 -1.57864 -0.147459
3.92402 -1.5842 -0.177847
3.96947 -1.59141 -0.157432
4.00359 -1.59656 -0.149703
4.0333 -1.60104 -0.149778
4.05569 -1.60534 -0.189759
4.08926 -1.61175 -0.188737
4.12712 -1.62085 -0.235897
4.15729 -1.62882 -0.258016
4.1828 -1.63501 -0.238251
4.21073 -1.6419 -0.241765
4.24468 -1.64981 -0.228877
4.2808 -1.65702 -0.197023
4.32043 -1.66395 -0.173114
4.35503 -1.67019 -0.17833
4.39044 -1.67637 -0.172965
4.42564 -1.68224 -0.165329
4.46758 -1.68958 -0.17305
4.50925 -1.69531 -0.136814
4.54878 -1.69999 -0.117806
4.58483 -1.70534 -0.147254
4.61875 -1.71014 -0.140623
4.64634 -1.71448 -0.155846
4.67656 -1.71883 -0.143129
4.71272 -1.72411 -0.144849
4.7346 -1.72657 -0.112076
4.75337 -1.72823 -0.0880875
4.78144 -1.73119 -0.105057
4.81636 -1.73489 -0.105755
4.85661 -1.73989 -0.123546
4.89913 -1.74498 -0.119182
4.93009 -1.74763 -0.0852198
4.95569 -1.74873 -0.0432001
4.98714 -1.74874 -0.000335496
5.00377 -1.74897 -0.013537
5.02025 -1.75004 -0.0650672
5.02166 -1.75014 -0.0686727
5.0307 -1.75106 -0.101952
5.04802 -1.75285 -0.102559
5.05455 -1.75358 -0.111733
5.0804 -1.75649 -0.112159
5.091 -1.75833 -0.171657
5.0949 -1.75906 -0.18639
5.10834 -1.76151 -0.18024
5.11207 -1.76204 -0.141319
5.11736 -1.76253 -0.0907773
5.12173 -1.7628 -0.0632166
5.13108 -1.76362 -0.0872811
5.14205 -1.76412 -0.045119
5.1586 -1.76539 -0.07692
5.16775 -1.76585 -0.0498409
5.17096 -1.76593 -0.0264436
5.19288 -1.76558 0.016315
5.20843 -1.76548 0.00584141
True
0.241953
