4.47058 -0.0115413 -2.76773
4.42797 -0.0289833 -2.75306
4.3871 -0.0480135 -2.70579
4.34389 -0.0706296 -2.65944
4.30243 -0.0953258 -2.60443
4.27707 -0.111796 -2.56544
4.23762 -0.142467 -2.48075
4.20136 -0.17376 -2.42963
4.16565 -0.208608 -2.36845
4.13896 -0.237285 -2.32029
4.10642 -0.274855 -2.28458
4.07504 -0.31273 -2.26261
4.05324 -0.342888 -2.19677
4.02992 -0.375854 -2.1864
4.00294 -0.417804 -2.14245
3.97984 -0.452545 -2.15758
3.95616 -0.491789 -2.11375
3.93625 -0.525032 -2.11027
3.92364 -0.548881 -2.05717
3.90938 -0.574927 -2.07189
3.88689 -0.617772 -2.05409
3.86646 -0.659143 -2.0296
3.84759 -0.695259 -2.05215
3.84033 -0.711144 -1.99978
3.82773 -0.743164 -1.94555
3.81036 -0.781601 -1.99525
3.79281 -0.823876 -1.96423
3.77506 -0.863465 -1.99234
3.7556 -0.909366 -1.97176
3.73673 -0.954975 -1.96321
3.71706 -1.00037 -1.97963
3.69972 -1.0472 -1.92532
3.68465 -1.08905 -1.91659
3.66492 -1.13499 -1.97641
3.64486 -1.18078 -1.98373
3.62563 -1.22459 -1.98425
3.60672 -1.27087 -1.95872
3.58765 -1.31669 -1.96524
3.56982 -1.35636 -1.99313
3.55261 -1.39332 -2.00675
3.52914 -1.43683 -2.06546
3.508 -1.47928 -2.03286
3.48581 -1.52408 -2.03049
3.47171 -1.55253 -2.03128
3.45041 -1.59523 -2.03338
3.42996 -1.64086 -1.99208
3.41149 -1.68732 -1.94924
3.39478 -1.72833 -1.95774
3.37903 -1.77334 -1.90737
3.36388 -1.8147 -1.92201
3.346 -1.86008 -1.94607
3.3244 -1.90467 -2.0218
3.31043 -1.93848 -1.96283
3.29187 -1.98009 -1.99034
3.27592 -2.0125 -2.02799
3.26115 -2.04199 -2.03526
3.24254 -2.07712 -2.05797
3.21637 -2.11972 -2.12166
3.19045 -2.16185 -2.12241
3.16974 -2.19311 -2.15584
3.14141 -2.23426 -2.17358
3.11527 -2.27105 -2.18875
3.08814 -2.3124 -2.15131
3.05819 -2.35244 -2.21307
3.02971 -2.39163 -2.1992
3.00744 -2.42107 -2.21856
2.97938 -2.45629 -2.24345
2.9497 -2.4965 -2.20673
2.92176 -2.53119 -2.24876
2.89192 -2.56726 -2.26204
2.85864 -2.60457 -2.29898
2.82796 -2.64116 -2.26862
2.7959 -2.67951 -2.26719
2.76266 -2.71686 -2.29798
2.72865 -2.75344 -2.31971
2.69311 -2.78861 -2.3615
2.65834 -2.82422 -2.34435
2.62063 -2.85703 -2.42543
2.58201 -2.88878 -2.45361
2.54819 -2.91786 -2.43149
2.51584 -2.94452 -2.4521
2.47829 -2.97753 -2.42057
2.44205 -3.01193 -2.38224
2.42029 -3.0316 -2.40647
2.38706 -3.0635 -2.37669
2.34887 -3.09492 -2.45307
2.31634 -3.11896 -2.50531
2.28387 -3.14365 -2.49135
2.24997 -3.16934 -2.49312
2.21633 -3.19448 -2.4998
2.17664 -3.22388 -2.50415
2.1368 -3.25379 -2.49754
2.09625 -3.28303 -2.51694
2.05458 -3.31065 -2.55625
2.02582 -3.33149 -2.51429
1.98526 -3.35813 -2.56051
1.94411 -3.38365 -2.58648
1.90043 -3.40676 -2.65489
1.867 -3.42434 -2.65761
1.82318 -3.44613 -2.68021
1.78244 -3.46434 -2.72114
1.7375 -3.48519 -2.70731
1.70135 -3.50329 -2.67714
1.65929 -3.5242 -2.68024
1.62527 -3.53942 -2.72089
1.57952 -3.5596 -2.72628
1.53716 -3.5802 -2.68891
1.49283 -3.60137 -2.69605
1.44959 -3.61932 -2.74824
1.41108 -3.63566 -2.74039
1.36456 -3.65267 -2.79081
1.32712 -3.6681 -2.75075
1.29186 -3.6813 -2.78347
1.25276 -3.69562 -2.79052
1.21309 -3.70928 -2.80989
1.16562 -3.72484 -2.82491
1.11772 -3.73817 -2.87014
1.07497 -3.74847 -2.9051
1.02983 -3.75828 -2.92759
0.982695 -3.76712 -2.95619
0.933715 -3.77717 -2.93935
0.885074 -3.7886 -2.91082
0.837074 -3.7987 -2.93403
0.789773 -3.80713 -2.96532
0.742947 -3.81618 -2.95061
0.697582 -3.82477 -2.95458
0.648763 -3.83392 -2.95619
0.602194 -3.84443 -2.91969
0.553251 -3.85365 -2.95538
0.510438 -3.86044 -2.98425
0.466938 -3.86663 -3.00043
0.426841 -3.87176 -3.0142
0.378921 -3.87801 -3.01194
0.338317 -3.88328 -3.01254
0.289567 -3.88766 -3.05199
0.240512 -3.89529 -2.9872
0.1967 -3.9016 -2.99872
0.154185 -3.90839 -2.98322
0.113061 -3.91381 -3.01042
0.0656378 -3.91894 -3.03394
0.0161021 -3.92485 -3.02288
-0.0334414 -3.93029 -3.03219
-0.0811585 -3.93355 -3.07338
-0.130865 -3.93732 -3.06589
-0.179854 -3.94096 -3.06729
-0.218087 -3.9429 -3.09105
-0.263648 -3.9454 -3.08667
-0.31328 -3.94727 -3.10404
-0.355645 -3.94595 -3.17266
-0.395982 -3.94519 3.12277
-0.437451 -3.94621 3.1662
-0.487399 -3.94687 -3.12852
-0.531173 -3.94408 -3.20513
-0.572741 -3.94128 3.07425
-0.622178 -3.93772 3.06982
-0.649661 -3.93699 3.11496
-0.695492 -3.9354 3.10699
-0.740139 -3.93393 3.10867
-0.783427 -3.9308 3.06934
-0.83218 -3.92807 3.08572
-0.882179 -3.92775 3.13518
-0.928369 -3.92729 3.13156
-0.976584 -3.92601 3.115
-1.0248 -3.92336 3.08673
-1.07455 -3.92261 3.12646
-1.12254 -3.92144 3.11736
-1.1724 -3.91775 3.06776
-1.21859 -3.91615 3.10676
-1.26827 -3.91207 3.05974
-1.31808 -3.90789 3.05791
-1.36645 -3.90333 3.04759
-1.41467 -3.89942 3.06065
-1.46203 -3.89416 3.03105
-1.50352 -3.88977 3.03611
-1.55195 -3.88163 2.97507
-1.60022 -3.87291 2.96297
-1.64943 -3.86633 3.00848
-1.69878 -3.85842 2.98283
-1.74811 -3.85093 2.99085
-1.79639 -3.84379 2.99482
-1.84268 -3.83774 3.01152
-1.89208 -3.83068 2.99974
-1.93949 -3.82442 3.01016
-1.97653 -3.82056 3.03799
-2.02587 -3.81296 2.98873
-2.07328 -3.80477 2.97049
-2.11441 -3.79815 2.98189
-2.16325 -3.78854 2.94735
-2.20897 -3.77781 2.91119
-2.25271 -3.76739 2.90768
-2.29569 -3.75891 2.94683
-2.34379 -3.74991 2.95656
-2.38125 -3.74464 3.00189
-2.41 -3.74161 3.03653
-2.44166 -3.73813 3.03212
-2.47361 -3.73465 3.03309
-2.50487 -3.73105 3.02685
-2.54559 -3.7281 3.06928
-2.59103 -3.72554 3.08539
-2.62416 -3.72275 3.05747
-2.66073 -3.71968 3.05803
-2.69139 -3.71701 3.05455
-2.70946 -3.71535 3.04979
-2.73116 -3.71307 3.0373
-2.75404 -3.71084 3.04444
-2.76067 -3.71013 3.03423
-2.78681 -3.70833 3.07307
-2.80438 -3.70749 3.0937
-2.81299 -3.70739 3.12938
-2.84048 -3.70772 3.15366
-2.87229 -3.70849 -3.11749
-2.89726 -3.70871 -3.13277
-2.91581 -3.70945 -3.10128
-2.94866 -3.71023 -3.11814
-2.98611 -3.71125 -3.11419
-3.01692 -3.71257 -3.09879
-3.03299 -3.71365 -3.0748
-3.04572 -3.71377 -3.13202
-3.05294 -3.71391 -3.12241
-3.06563 -3.71409 -3.12668
-3.08894 -3.71521 -3.09381
-3.12103 -3.71768 -3.06473
-3.14531 -3.71865 -3.1019
-3.1525 -3.7194 -3.03628
-3.1646 -3.72049 -3.05211
-3.17754 -3.72161 -3.05558
-3.21075 -3.72273 -3.10775
-3.23824 -3.72329 -3.12123
-3.26119 -3.72352 -3.13147
-3.2971 -3.72413 -3.12461
-3.33269 -3.72501 -3.11685
-3.3754 -3.72645 -3.10802
-3.4169 -3.72752 -3.11564
-3.46052 -3.72841 -3.12122
-3.5002 -3.72716 -3.17322
-3.54262 -3.72531 3.0981
-3.57904 -3.72356 3.09348
-3.60165 -3.72225 3.08365
-3.6313 -3.72077 3.09175
-3.64482 -3.72054 3.12482
-3.66855 -3.72059 3.14368
-3.68371 -3.72078 -3.12926
-3.69835 -3.7214 -3.09913
-3.71231 -3.72218 -3.08543
-3.73203 -3.72282 -3.10947
-3.73914 -3.72287 -3.13488
-3.75089 -3.72276 -3.15041
-3.77406 -3.72285 3.14547
-3.79374 -3.72278 -3.14513
-3.81393 -3.72231 3.11797
-3.82421 -3.72193 3.10508
-3.83493 -3.72113 3.06671
-3.84624 -3.72003 3.04502
-3.84851 -3.71972 3.00516
-3.87136 -3.7157 2.96763
-3.88619 -3.71375 3.01068
-3.91321 -3.71097 3.03895
-3.92196 -3.71013 3.04655
-3.93668 -3.70892 3.05918
-3.95432 -3.70706 3.03649
-3.96703 -3.70551 3.02059
-3.98135 -3.70355 3.00554
-3.98719 -3.70259 2.97791
-4.00037 -3.70013 2.95729
-4.00614 -3.69898 2.94547
-4.00965 -3.69818 2.91739
-4.01739 -3.69612 2.88131
-4.0345 -3.69128 2.86556
-4.05338 -3.68541 2.84051
-4.08065 -3.67835 2.88802
-4.09862 -3.67451 2.93146
-4.11371 -3.67113 2.92099
-4.1261 -3.66836 2.92205
-4.13074 -3.6674 2.93779
-4.13742 -3.66616 2.95725
-4.1395 -3.66581 2.97527
-4.14773 -3.66441 2.97361
-4.15378 -3.66352 2.99416
-4.16215 -3.66215 2.9798
-4.16999 -3.66117 3.01765
-4.18458 -3.65894 2.98996
-4.19991 -3.65668 2.99498
-4.21822 -3.65289 2.93754
True
0.0659324
