-5.48371 -1.1666 0.133998
-5.44704 -1.16266 0.106944
-5.39818 -1.15866 0.0816727
-5.35454 -1.15125 0.168199
-5.31319 -1.14725 0.0963905
-5.27463 -1.14396 0.0850817
-5.22746 -1.13988 0.0864479
-5.18685 -1.13551 0.107088
-5.13716 -1.1301 0.1085
-5.09502 -1.12669 0.0806412
-5.04835 -1.12276 0.0840619
-5.00616 -1.11915 0.0853474
-4.96757 -1.11528 0.0999994
-4.93374 -1.1114 0.114015
-4.88554 -1.10511 0.12991
-4.85767 -1.10219 0.104452
-4.81006 -1.09697 0.109063
-4.76222 -1.09107 0.122759
-4.71629 -1.08592 0.11173
-4.66677 -1.07938 0.131242
-4.62274 -1.07459 0.108451
-4.57307 -1.06886 0.114748
-4.54256 -1.06371 0.167164
-4.49324 -1.05574 0.160345
-4.45322 -1.0497 0.14983
-4.40808 -1.04361 0.134064
-4.3631 -1.03832 0.117036
-4.31807 -1.03316 0.114013
-4.26996 -1.02794 0.108231
-4.22045 -1.02104 0.138346
-4.18453 -1.01553 0.152221
-4.13603 -1.00656 0.182941
-4.09362 -1.00043 0.143468
-4.04559 -0.992922 0.155085
-3.99735 -0.986366 0.135102
-3.95214 -0.98087 0.120949
-3.90262 -0.973905 0.139752
-3.85754 -0.969429 0.0989713
-3.80902 -0.964132 0.108734
-3.77059 -0.961529 0.0676307
-3.7226 -0.957897 0.0755396
-3.67274 -0.954755 0.0629187
-3.62534 -0.950824 0.0827678
-3.57636 -0.946841 0.0811273
-3.52865 -0.945636 0.0252384
-3.48546 -0.941108 0.104485
-3.4374 -0.936528 0.0950144
-3.38819 -0.931603 0.0997204
-3.34031 -0.92664 0.103308
-3.29162 -0.921542 0.104312
-3.2443 -0.916852 0.0987997
-3.1947 -0.912326 0.0909866
-3.14649 -0.906559 0.119069
-3.09677 -0.901494 0.101511
-3.05048 -0.898694 0.0604093
-3.00058 -0.895723 0.0594896
-2.95064 -0.893497 0.0445288
-2.90118 -0.88889 0.0928903
-2.85511 -0.883813 0.10976
-2.80555 -0.877758 0.121554
-2.75609 -0.870882 0.138142
-2.70698 -0.863272 0.153732
-2.66777 -0.855901 0.185833
-2.61866 -0.847773 0.164008
-2.56929 -0.840313 0.150004
-2.52859 -0.835681 0.113312
-2.47963 -0.829515 0.125249
-2.43038 -0.822721 0.137101
-2.38152 -0.816442 0.127812
-2.33443 -0.811352 0.107672
-2.28491 -0.804904 0.129492
-2.23957 -0.799717 0.113895
-2.1963 -0.794206 0.126677
-2.15376 -0.788278 0.138459
-2.11024 -0.783501 0.109323
-2.06074 -0.777495 0.120765
-2.01132 -0.773655 0.0775317
-1.96154 -0.769726 0.0787616
-1.91193 -0.765126 0.0924794
-1.87403 -0.761641 0.0916587
-1.83747 -0.757519 0.112292
-1.79125 -0.754759 0.0596307
-1.74513 -0.749835 0.106386
-1.70621 -0.748089 0.0448282
-1.66377 -0.745611 0.0583111
-1.61761 -0.74528 0.00717103
-1.56778 -0.744038 0.0249308
-1.53136 -0.744246 -0.00572919
-1.4844 -0.745023 -0.0165414
-1.43788 -0.745591 -0.0122094
-1.39204 -0.745672 -0.00176377
-1.35188 -0.745853 -0.00450763
-1.30496 -0.743304 0.0542733
-1.25851 -0.740804 0.0537615
-1.22156 -0.740158 0.017494
-1.17328 -0.739214 0.0195392
-1.12748 -0.737216 0.043602
-1.08483 -0.735615 0.0375318
-1.03815 -0.732734 0.0616291
-0.990753 -0.728726 0.084358
-0.941029 -0.724056 0.0936545
-0.892175 -0.718724 0.108707
-0.843537 -0.713593 0.105112
-0.806538 -0.71164 0.0527364
-0.759173 -0.709486 0.0454347
-0.710285 -0.70923 0.00524363
-0.660298 -0.708266 0.0192766
-0.611436 -0.709537 -0.026002
-0.56848 -0.710155 -0.0143841
-0.528079 -0.709417 0.0182736
-0.488924 -0.708196 0.0311543
-0.441896 -0.708082 0.0024209
-0.394744 -0.708421 -0.00718481
-0.347193 -0.710423 -0.0420797
-0.311934 -0.712848 -0.0686628
-0.26722 -0.714558 -0.0382318
-0.219513 -0.718748 -0.0875833
-0.179473 -0.719914 -0.0291125
-0.137479 -0.722574 -0.063268
-0.0923245 -0.725103 -0.0559415
-0.0425982 -0.725384 -0.00566597
0.00425674 -0.726592 -0.0257615
0.0541554 -0.723593 0.0600262
0.10364 -0.720541 0.0615955
0.146168 -0.71822 0.0545211
0.195854 -0.713464 0.0954381
0.239643 -0.709924 0.0806482
0.289052 -0.705921 0.0808513
0.338113 -0.702757 0.0644106
0.380161 -0.699828 0.0695429
0.430014 -0.69695 0.0576655
0.478464 -0.692829 0.0848478
0.521738 -0.687951 0.112248
0.565181 -0.682996 0.113577
0.611349 -0.676357 0.142808
0.650913 -0.67287 0.0879257
0.699846 -0.666867 0.122051
0.749196 -0.663059 0.0770233
0.797555 -0.657666 0.111063
0.844454 -0.653148 0.0960301
0.894272 -0.649475 0.0736027
0.943495 -0.645753 0.075458
0.98522 -0.645162 0.0141597
1.03313 -0.642789 0.0494982
1.07698 -0.642124 0.0151633
1.12382 -0.640172 0.0416359
1.17342 -0.636231 0.079309
1.22292 -0.630358 0.118095
1.27143 -0.624213 0.126009
1.31981 -0.618873 0.109905
1.36324 -0.613969 0.112447
1.40714 -0.608557 0.122673
1.45438 -0.602852 0.120177
1.50302 -0.598022 0.0989853
1.54939 -0.592138 0.126233
1.59343 -0.585651 0.146204
1.64272 -0.577909 0.155818
1.69161 -0.570615 0.148101
1.73617 -0.564184 0.143355
1.77688 -0.558033 0.149934
1.82627 -0.550367 0.153984
1.86825 -0.54513 0.124132
1.91674 -0.535903 0.187998
1.96572 -0.528031 0.159378
2.00069 -0.521221 0.192317
2.04776 -0.514018 0.151865
2.08938 -0.506732 0.173282
2.13852 -0.498692 0.162175
2.18799 -0.491988 0.134705
2.23706 -0.486199 0.117433
2.28524 -0.480625 0.115172
2.32178 -0.477628 0.0818464
2.37141 -0.471899 0.114913
2.41829 -0.464661 0.153195
2.46633 -0.456583 0.166566
2.51148 -0.450592 0.131931
2.55725 -0.443264 0.158779
2.60504 -0.436213 0.146484
2.64933 -0.428443 0.173659
2.69794 -0.422317 0.125364
2.74575 -0.415585 0.139884
2.79531 -0.408969 0.132717
2.83804 -0.404094 0.113576
2.88605 -0.397938 0.127539
2.92438 -0.39354 0.114237
2.96905 -0.389752 0.0846109
3.01879 -0.387339 0.0484728
3.06859 -0.385613 0.0346273
3.10785 -0.383956 0.0422008
3.14823 -0.380559 0.0839177
3.18114 -0.377998 0.0776579
3.21684 -0.374264 0.104207
3.26649 -0.368341 0.118745
3.30217 -0.362414 0.164609
3.3509 -0.355137 0.148246
3.39784 -0.348164 0.147455
3.43193 -0.341837 0.183547
3.47412 -0.338125 0.0877315
3.52252 -0.333931 0.0864521
3.54861 -0.332483 0.0554521
3.58611 -0.329247 0.0860771
3.62804 -0.324692 0.108189
3.66043 -0.321847 0.0876338
3.6724 -0.320209 0.135973
3.68635 -0.317798 0.1711
3.70415 -0.315005 0.155628
3.70915 -0.314307 0.138881
3.72708 -0.311635 0.147893
3.76809 -0.308628 0.0731959
3.81724 -0.305589 0.0617527
3.85792 -0.304703 0.0217632
3.89649 -0.302856 0.0478687
3.9289 -0.301026 0.0564054
3.97196 -0.298884 0.0497036
3.99516 -0.297336 0.0665895
4.00691 -0.296401 0.0794391
4.02832 -0.296132 0.0125741
4.0582 -0.295941 0.00639962
4.07501 -0.295022 0.0545886
4.11333 -0.291822 0.0833112
4.15082 -0.287545 0.113605
4.1879 -0.284382 0.0851081
4.21866 -0.282064 0.0752258
4.23834 -0.280687 0.0698068
4.26073 -0.279932 0.033722
4.26307 -0.279811 0.0514299
4.28255 -0.278342 0.0753178
4.2869 -0.277821 0.119021
4.2969 -0.276666 0.115075
4.30059 -0.27628 0.103998
4.31267 -0.275097 0.0976278
4.3166 -0.274785 0.0791238
4.33238 -0.272999 0.112765
4.33528 -0.272516 0.164783
4.3306 -0.273121 0.128548
4.34432 -0.271824 0.0942546
4.34587 -0.271762 0.040196
4.35665 -0.271748 0.00130575
4.37746 -0.27161 0.00664089
4.3891 -0.272186 -0.0494826
4.3964 -0.272126 0.00819702
4.3993 -0.272174 -0.0166221
4.39986 -0.272187 -0.0231856
4.41639 -0.272564 -0.0227959
4.45255 -0.272887 -0.0089346
4.48379 -0.272483 0.0129337
4.50781 -0.272761 -0.0115817
4.54389 -0.273393 -0.0175204
4.58064 -0.273453 -0.00162437
4.60544 -0.272562 0.0359163
4.63725 -0.270508 0.0644745
4.6571 -0.268808 0.0854405
4.67345 -0.267708 0.0671541
4.70797 -0.265291 0.0699186
4.72474 -0.26358 0.101611
4.73641 -0.262572 0.086232
4.76504 -0.25914 0.119301
4.78764 -0.256303 0.124859
4.79993 -0.255154 0.093223
4.81354 -0.253451 0.124512
4.83041 -0.25086 0.152357
4.84132 -0.249147 0.155842
4.8667 -0.244674 0.17443
4.8859 -0.240848 0.196679
4.911 -0.23487 0.23378
4.93817 -0.229063 0.210607
4.95776 -0.22397 0.254298
4.96868 -0.221475 0.224616
4.97912 -0.219215 0.213226
4.9937 -0.216187 0.204707
5.00131 -0.214476 0.221285
5.01059 -0.212101 0.250655
5.01004 -0.212215 0.204341
5.01973 -0.210594 0.165676
5.03412 -0.20775 0.195104
5.04431 -0.205584 0.209415
5.05626 -0.203242 0.193583
5.07361 -0.200612 0.150494
5.08264 -0.199232 0.151543
5.07883 -0.199584 0.0919588
5.08388 -0.199325 0.0511496
5.09012 -0.19915 0.0280847
5.0964 -0.199222 -0.0115032
5.10675 -0.199424 -0.0195176
5.12298 -0.199845 -0.025959
5.13335 -0.200235 -0.0375807
5.13835 -0.200121 0.0228422
5.15129 -0.20029 -0.0130626
5.15688 -0.200204 0.0152393
5.16715 -0.199807 0.0387068
5.17291 -0.199444 0.0627965
5.17727 -0.199079 0.0836496
5.18323 -0.198496 0.0976167
5.18726 -0.198098 0.0982409
5.19525 -0.196992 0.137559
5.20228 -0.195933 0.149575
5.21829 -0.193511 0.15012
True
0.0638323
