4.48732 0.00217834 2.97145
4.46799 0.00787791 2.85483
4.42625 0.026313 2.72572
4.39651 0.0420156 2.65583
4.36375 0.0605677 2.62626
4.33192 0.0802459 2.5879
4.29585 0.107131 2.50113
4.25721 0.137077 2.48222
4.2197 0.169991 2.42144
4.18476 0.20566 2.34586
4.15391 0.240871 2.29026
4.12502 0.276365 2.25387
4.09662 0.317279 2.17768
4.07014 0.357839 2.14917
4.04457 0.399424 2.12206
4.02148 0.439031 2.09866
3.99735 0.48191 2.08336
3.97386 0.525622 2.06384
3.95667 0.567736 1.9584
3.93791 0.613991 1.95607
3.91951 0.659977 1.95133
3.90349 0.698206 1.96767
3.88573 0.740204 1.97082
3.86715 0.785444 1.9605
3.84954 0.832207 1.93109
3.83283 0.87806 1.92028
3.81953 0.916341 1.9051
3.80835 0.95325 1.86484
3.7988 0.987565 1.84232
3.78723 1.02716 1.85512
3.7733 1.07518 1.85304
3.75958 1.12225 1.85444
3.7461 1.16469 1.87828
3.73385 1.20612 1.85841
3.71947 1.25378 1.86388
3.70752 1.29012 1.88844
3.69161 1.33737 1.89551
3.67897 1.38436 1.83354
3.66512 1.42955 1.8683
3.6521 1.47653 1.84107
3.63948 1.51828 1.86445
3.62467 1.5618 1.89868
3.60892 1.60533 1.91794
3.59088 1.64851 1.96662
3.57423 1.69071 1.94669
3.5595 1.72394 1.98789
3.53714 1.76854 2.03551
3.5153 1.8132 2.02567
3.49236 1.85755 2.04816
3.47136 1.90167 2.01495
3.45072 1.94704 1.99788
3.43464 1.98156 2.00668
3.42141 2.009 2.01996
3.39901 2.05311 2.04062
3.37515 2.09533 2.0852
3.35019 2.13866 2.09346
3.3277 2.17333 2.14629
3.3064 2.20587 2.15022
3.27861 2.24739 2.1607
3.25066 2.28853 2.16751
3.22532 2.32495 2.17875
3.20254 2.3571 2.18727
3.17337 2.39763 2.19464
3.15612 2.42068 2.21319
3.13096 2.45322 2.2289
3.1056 2.48491 2.24594
3.07448 2.52378 2.24588
3.04201 2.5594 2.30988
3.00844 2.59016 2.39986
2.97106 2.62192 2.43737
2.93655 2.64967 2.46433
2.91171 2.66977 2.46139
2.87993 2.69657 2.44087
2.84577 2.72602 2.4301
2.818 2.7502 2.42512
2.781 2.78384 2.40378
2.75872 2.80234 2.44862
2.72683 2.82959 2.43451
2.691 2.86241 2.40005
2.65976 2.8918 2.38676
2.62267 2.92495 2.41211
2.59075 2.95145 2.4487
2.55973 2.97491 2.49397
2.53666 2.99388 2.45344
2.49994 3.02211 2.48629
2.46186 3.05126 2.48829
2.43441 3.07276 2.47708
2.39609 3.10024 2.51943
2.35399 3.12722 2.5718
2.3213 3.14779 2.57986
2.27867 3.17388 2.59227
2.24444 3.19519 2.5848
2.21501 3.21378 2.57836
2.17369 3.24054 2.56681
2.13184 3.2677 2.56599
2.0942 3.29073 2.59244
2.05264 3.31563 2.6019
2.01346 3.33861 2.61106
1.96978 3.36289 2.63417
1.93555 3.38473 2.57376
1.9011 3.40797 2.54822
1.87297 3.42748 2.53514
1.83997 3.44899 2.56394
1.80152 3.47703 2.51145
1.76177 3.50331 2.55748
1.71838 3.52815 2.6217
1.67436 3.55187 2.64721
1.62967 3.57413 2.67961
1.59925 3.58943 2.67538
1.55389 3.61044 2.70789
1.51082 3.62918 2.73108
1.46843 3.64964 2.69212
1.42498 3.66643 2.77283
1.38662 3.68058 2.78818
1.33993 3.69658 2.81135
1.29931 3.71089 2.80292
1.25497 3.72375 2.85936
1.20712 3.73826 2.8472
1.1593 3.75281 2.84613
1.11722 3.76486 2.86273
1.07048 3.77808 2.86593
1.0344 3.78754 2.88515
0.988426 3.80024 2.87207
0.966492 3.80701 2.8424
0.921093 3.81746 2.91539
0.877603 3.82813 2.90098
0.828703 3.83798 2.94271
0.799507 3.84285 2.97653
0.75599 3.85037 2.97043
0.711983 3.85618 3.01023
0.664967 3.86472 2.9619
0.622164 3.87012 3.01618
0.579921 3.87587 3.00633
0.541399 3.88127 3.00228
0.492176 3.89 2.9661
0.442693 3.89644 3.01206
0.392931 3.9013 3.04436
0.343163 3.9049 3.06925
0.299213 3.90694 3.09527
0.249476 3.90959 3.08831
0.199481 3.9103 3.12756
0.173425 3.91091 3.11814
0.125547 3.91298 3.09832
0.0765522 3.91506 3.09912
0.0281745 3.91617 3.11873
-0.00854556 3.91531 3.16498
-0.055144 3.91407 -3.115
-0.10484 3.91166 -3.09319
-0.140055 3.90969 -3.08566
-0.189909 3.90588 -3.06522
-0.239805 3.90334 -3.09073
-0.28793 3.90085 -3.08993
-0.337402 3.89646 -3.05313
-0.386433 3.89368 -3.08486
-0.436259 3.88951 -3.05828
-0.476405 3.88634 -3.06271
-0.525998 3.88207 -3.0557
-0.568085 3.87869 -3.06154
-0.616603 3.87391 -3.04339
-0.652458 3.86968 -3.02403
-0.701716 3.86146 -2.97627
-0.748205 3.85369 -2.97604
-0.796846 3.84418 -2.94853
-0.843912 3.83515 -2.95196
-0.892634 3.82392 -2.91507
-0.941272 3.81257 -2.91234
-0.984961 3.80237 -2.91217
-1.03225 3.79215 -2.92886
-1.07458 3.78427 -2.95759
-1.11236 3.77587 -2.92275
-1.1588 3.76455 -2.90239
-1.20265 3.75307 -2.88545
-1.23615 3.74271 -2.84199
-1.28349 3.72672 -2.8158
-1.33049 3.71055 -2.81009
-1.37085 3.69488 -2.77142
-1.41452 3.67628 -2.73884
-1.45916 3.65803 -2.75363
-1.49933 3.64265 -2.77578
-1.54505 3.62533 -2.77953
-1.58966 3.60582 -2.72926
-1.63461 3.58443 -2.69761
-1.67255 3.56739 -2.71944
-1.71199 3.54765 -2.67749
-1.75455 3.5282 -2.71294
-1.79883 3.50509 -2.66052
-1.83606 3.48727 -2.69506
-1.88163 3.46699 -2.72306
-1.92778 3.44818 -2.75449
-1.97303 3.42692 -2.70235
-2.01701 3.40318 -2.64658
-2.05704 3.38042 -2.6246
-2.10135 3.35869 -2.68571
-2.13858 3.33803 -2.63502
-2.17846 3.31739 -2.66391
-2.21979 3.29557 -2.65591
-2.25453 3.27565 -2.62083
-2.29663 3.24873 -2.57278
-2.33938 3.22288 -2.59775
-2.38213 3.19697 -2.59665
-2.42136 3.17174 -2.56997
-2.46064 3.1475 -2.58877
-2.49069 3.12847 -2.57709
-2.53344 3.10558 -2.65006
-2.57369 3.08126 -2.59809
-2.60503 3.06053 -2.55703
-2.6476 3.03485 -2.59893
-2.68343 3.00954 -2.52656
-2.72304 2.98299 -2.55107
-2.75844 2.95771 -2.52152
-2.79626 2.92927 -2.49666
-2.82631 2.90646 -2.49243
-2.86496 2.87475 -2.45459
-2.89932 2.84471 -2.4231
-2.9374 2.81277 -2.44359
-2.97402 2.78122 -2.43044
-3.00654 2.75255 -2.41908
-3.04153 2.72191 -2.42243
-3.07506 2.69424 -2.45157
-3.09844 2.67306 -2.40561
-3.12904 2.64397 -2.38142
-3.15498 2.6179 -2.3537
-3.18415 2.58806 -2.34491
-3.21392 2.55907 -2.36948
-3.24299 2.53079 -2.36992
-3.27547 2.49956 -2.37595
-3.30284 2.47109 -2.33636
-3.31622 2.45603 -2.29725
-3.32955 2.43954 -2.2503
-3.34499 2.42052 -2.25282
-3.36173 2.39993 -2.25328
-3.36793 2.39275 -2.28371
-3.37116 2.389 -2.28218
-3.38166 2.37684 -2.28259
-3.40795 2.34371 -2.24172
-3.43401 2.30827 -2.20477
-3.46196 2.27153 -2.22121
-3.48993 2.23256 -2.19327
-3.51223 2.20269 -2.21213
-3.53568 2.17161 -2.21726
-3.554 2.1483 -2.23687
-3.57446 2.12324 -2.25536
-3.60085 2.09128 -2.2611
-3.61541 2.07382 -2.26586
-3.63324 2.05233 -2.26339
-3.65523 2.02699 -2.28532
-3.6777 1.99984 -2.26222
-3.70422 1.97048 -2.30545
-3.7197 1.95229 -2.27595
-3.73663 1.93288 -2.28797
-3.76359 1.90316 -2.30758
-3.7865 1.87994 -2.34945
-3.81388 1.85056 -2.32099
-3.84402 1.8172 -2.30554
-3.86399 1.79671 -2.34343
-3.89198 1.76983 -2.37645
-3.90972 1.7529 -2.3792
-3.92355 1.74004 -2.39307
-3.94532 1.71936 -2.38178
-3.96257 1.70261 -2.37086
-3.98167 1.68449 -2.38244
-3.99073 1.67588 -2.38198
-3.99589 1.67118 -2.4028
-4.00423 1.66326 -2.38135
-4.01533 1.65114 -2.31237
-4.02511 1.64078 -2.32769
-4.03267 1.6325 -2.31052
-4.03789 1.62718 -2.34731
-4.04555 1.61886 -2.31491
-4.0603 1.60414 -2.35698
-4.068 1.5959 -2.323
-4.07457 1.58922 -2.34685
-4.08473 1.57964 -2.38591
-4.1001 1.56645 -2.43269
-4.11254 1.5562 -2.45217
-4.11182 1.55681 -2.44242
-4.12219 1.54743 -2.40645
-4.12491 1.54472 -2.35656
-4.12994 1.54002 -2.39021
-4.14076 1.53009 -2.39951
-4.14573 1.52568 -2.41499
-4.15294 1.51975 -2.45346
-4.15494 1.51815 -2.46704
-4.16073 1.51339 -2.45456
-4.17477 1.50287 -2.49835
-4.18679 1.49345 -2.47662
-4.19729 1.48473 -2.44862
-4.21558 1.47008 -2.46617
-4.224 1.46378 -2.49929
-4.22762 1.46111 -2.50569
-4.23435 1.45612 -2.50384
-4.24442 1.44934 -2.54934
-4.24981 1.44564 -2.53933
True
0.181764
