4.48652 -0.00248729 -2.95907
4.4576 -0.00894378 -2.92194
4.42767 -0.0185961 -2.82967
4.39217 -0.0349539 -2.70984
4.34795 -0.0582888 -2.65596
4.31012 -0.0810604 -2.59975
4.28797 -0.0955326 -2.56291
4.27163 -0.10677 -2.53905
4.2449 -0.129954 -2.42712
4.22296 -0.150835 -2.38102
4.1908 -0.18422 -2.33745
4.16522 -0.21198 -2.31542
4.13763 -0.249074 -2.21022
4.11695 -0.279865 -2.16222
4.08921 -0.320403 -2.17099
4.06795 -0.354423 -2.12932
4.04683 -0.388265 -2.12866
4.03499 -0.409244 -2.08463
4.01692 -0.444321 -2.0466
3.99356 -0.488369 -2.0584
3.97906 -0.521889 -1.97912
3.96995 -0.546842 -1.92071
3.96146 -0.573213 -1.8824
3.94569 -0.619782 -1.89726
3.92747 -0.666343 -1.94383
3.91155 -0.713712 -1.89507
3.89736 -0.754308 -1.90696
3.88176 -0.800061 -1.89937
3.86663 -0.847231 -1.88126
3.85213 -0.892502 -1.88063
3.83733 -0.935473 -1.90252
3.82231 -0.980823 -1.89076
3.81162 -1.01273 -1.89409
3.79999 -1.04345 -1.93271
3.78367 -1.08212 -1.97004
3.76694 -1.12699 -1.92777
3.74989 -1.17307 -1.92505
3.73526 -1.21578 -1.90087
3.72069 -1.26174 -1.87772
3.7044 -1.30604 -1.92313
3.68907 -1.35324 -1.88485
3.6753 -1.3959 -1.88304
3.65904 -1.44291 -1.90381
3.64531 -1.49063 -1.85095
3.63633 -1.51654 -1.90434
3.623 -1.55118 -1.9383
3.60631 -1.59704 -1.91992
3.59269 -1.63803 -1.8915
3.57737 -1.67447 -1.96882
3.55754 -1.71911 -1.98878
3.53873 -1.76125 -1.99072
3.51989 -1.80308 -1.99384
3.49846 -1.84813 -2.01489
3.47648 -1.88673 -2.08846
3.45619 -1.92524 -2.05562
3.43248 -1.96568 -2.10106
3.41261 -1.99952 -2.10194
3.39014 -2.03852 -2.09336
3.36292 -2.08043 -2.1468
3.34592 -2.10889 -2.10926
3.31933 -2.15114 -2.13257
3.292 -2.19072 -2.17507
3.26486 -2.2327 -2.14459
3.24056 -2.26667 -2.19182
3.21258 -2.30536 -2.19696
3.19432 -2.33096 -2.19029
3.16886 -2.36879 -2.16329
3.14502 -2.40093 -2.209
3.11948 -2.4358 -2.20293
3.08973 -2.47537 -2.2154
3.06901 -2.50402 -2.19705
3.03911 -2.54398 -2.21309
3.01406 -2.57783 -2.20785
2.98147 -2.61575 -2.28087
2.94773 -2.6524 -2.31483
2.91928 -2.68202 -2.33609
2.88743 -2.71131 -2.39807
2.85554 -2.74261 -2.36557
2.81928 -2.77703 -2.38207
2.78406 -2.80755 -2.42758
2.75001 -2.83963 -2.38607
2.71982 -2.86731 -2.39943
2.68589 -2.89676 -2.42684
2.64953 -2.92691 -2.44919
2.61823 -2.95298 -2.4472
2.58161 -2.98218 -2.46846
2.55276 -3.0057 -2.4577
2.5191 -3.03218 -2.47499
2.48025 -3.06338 -2.46501
2.45304 -3.08604 -2.44723
2.42872 -3.10557 -2.46484
2.39605 -3.13219 -2.45795
2.35642 -3.16071 -2.51764
2.32733 -3.1807 -2.53962
2.28752 -3.20643 -2.56783
2.25788 -3.22655 -2.5453
2.22705 -3.24817 -2.53002
2.19489 -3.27127 -2.51861
2.1671 -3.29418 -2.45221
2.12702 -3.32407 -2.50076
2.08827 -3.35442 -2.47728
2.05439 -3.38102 -2.47582
2.02373 -3.40257 -2.52911
1.98234 -3.42939 -2.56651
1.95081 -3.45009 -2.56076
1.91581 -3.47181 -2.58604
1.88597 -3.4906 -2.5797
1.84892 -3.51341 -2.58968
1.80819 -3.54056 -2.55374
1.76664 -3.56585 -2.59471
1.72598 -3.59266 -2.55874
1.69287 -3.61334 -2.58338
1.66021 -3.63471 -2.56213
1.62199 -3.65763 -2.60144
1.58368 -3.68151 -2.58409
1.54075 -3.70397 -2.65951
1.49741 -3.72882 -2.62121
1.45254 -3.75077 -2.68651
1.4135 -3.77118 -2.65997
1.37467 -3.79061 -2.67753
1.33673 -3.80897 -2.69085
1.29427 -3.82955 -2.69038
1.26423 -3.8434 -2.70945
1.22891 -3.85871 -2.7326
1.18392 -3.8804 -2.69227
1.13938 -3.89744 -2.77621
1.0937 -3.91521 -2.7706
1.04556 -3.9287 -2.86851
0.998017 -3.94416 -2.82713
0.950413 -3.95933 -2.8331
0.907862 -3.97083 -2.87766
0.859425 -3.98323 -2.89104
0.811367 -3.997 -2.86245
0.767931 -4.00981 -2.85473
0.72465 -4.01991 -2.91236
0.685034 -4.03038 -2.88325
0.65105 -4.03798 -2.92161
0.601988 -4.04742 -2.95151
0.561632 -4.05555 -2.94283
0.516099 -4.06202 -3.0005
0.466756 -4.06986 -2.98389
0.418044 -4.07597 -3.01678
0.381438 -4.07897 -3.05989
0.337589 -4.08137 -3.0869
0.287736 -4.0852 -3.0649
0.240808 -4.08684 -3.10668
0.20335 -4.08821 -3.10514
0.153385 -4.09008 -3.10412
0.10479 -4.08937 -3.15626
0.0655196 -4.08956 3.14634
0.0263329 -4.09013 -3.1269
-0.0226242 -4.08934 -3.15784
-0.0624774 -4.08761 3.09826
-0.111583 -4.08443 3.07692
-0.161293 -4.07995 3.05172
-0.210927 -4.07514 3.04504
-0.260634 -4.06995 3.03763
-0.309996 -4.06606 3.06286
-0.359845 -4.06275 3.07527
-0.409247 -4.05584 3.00271
-0.458254 -4.04603 2.94385
-0.507371 -4.03667 2.9533
-0.556576 -4.02779 2.96313
-0.6038 -4.02118 3.00259
-0.651073 -4.01086 2.9265
-0.699765 -3.99949 2.91236
-0.747933 -3.98802 2.90778
-0.792397 -3.9783 2.92624
-0.834082 -3.96893 2.92067
-0.883164 -3.95962 2.95403
-0.927301 -3.94907 2.90703
-0.973262 -3.93643 2.87327
-1.01387 -3.9253 2.87399
-1.06206 -3.91274 2.88663
-1.09001 -3.90544 2.886
-1.13593 -3.89458 2.9094
-1.18305 -3.88232 2.88706
-1.23085 -3.86837 2.85771
-1.27794 -3.85508 2.86656
-1.32289 -3.84134 2.84489
-1.3539 -3.83078 2.81317
-1.39743 -3.81441 2.78189
-1.43879 -3.79854 2.77538
-1.47594 -3.78327 2.75152
-1.52173 -3.76501 2.76217
-1.56322 -3.74427 2.67802
-1.60361 -3.72489 2.69411
-1.6436 -3.70545 2.68921
-1.68891 -3.6862 2.73977
-1.73412 -3.66561 2.71439
-1.77882 -3.64321 2.677
-1.82023 -3.62301 2.68767
-1.8462 -3.60829 2.62597
-1.88391 -3.58932 2.67554
-1.9262 -3.5685 2.68402
-1.96707 -3.54874 2.6913
-2.01092 -3.52474 2.64092
-2.04904 -3.50477 2.659
-2.08925 -3.48387 2.66215
-2.13208 -3.46105 2.65194
-2.1691 -3.44026 2.63011
-2.20631 -3.41698 2.58243
-2.23432 -3.39964 2.58727
-2.27724 -3.37399 2.60297
-2.32051 -3.34894 2.6168
-2.36064 -3.32336 2.5742
-2.40326 -3.29815 2.60725
-2.44603 -3.27226 2.59732
-2.48571 -3.24691 2.57305
-2.51887 -3.22546 2.56754
-2.559 -3.19826 2.54591
-2.59975 -3.16928 2.52348
-2.64068 -3.14061 2.53046
-2.68057 -3.11154 2.51192
-2.72075 -3.08191 2.50612
-2.75342 -3.05736 2.49732
-2.79244 -3.02611 2.46616
-2.83173 -2.99719 2.50719
-2.86138 -2.97504 2.49985
-2.8989 -2.94835 2.52344
-2.9318 -2.92195 2.46515
-2.96296 -2.89661 2.45891
-2.9944 -2.87008 2.44061
-3.02601 -2.84469 2.46502
-3.049 -2.82658 2.47425
-3.07885 -2.80312 2.47566
-3.11024 -2.77715 2.45038
-3.14539 -2.74642 2.42314
-3.17388 -2.72037 2.40093
-3.20233 -2.69485 2.41035
-3.22526 -2.67437 2.41247
-3.25393 -2.64999 2.43691
-3.28048 -2.62577 2.40205
-3.2994 -2.60824 2.39423
-3.32517 -2.58255 2.35794
-3.3291 -2.57861 2.35493
-3.33374 -2.57386 2.3446
-3.3432 -2.56397 2.33386
-3.34813 -2.55839 2.29525
-3.36503 -2.53929 2.2949
-3.38075 -2.52213 2.31234
-3.39653 -2.50529 2.32376
-3.42015 -2.48182 2.35955
-3.4441 -2.45736 2.34558
-3.46548 -2.43412 2.31446
-3.49214 -2.40666 2.34136
-3.50449 -2.39356 2.327
-3.52068 -2.37592 2.31332
-3.53523 -2.35801 2.25312
-3.54935 -2.34055 2.25076
-3.54983 -2.33998 2.26856
-3.57322 -2.31413 2.30629
-3.5787 -2.30808 2.30656
-3.58766 -2.29703 2.2523
-3.59159 -2.2918 2.21494
-3.59933 -2.28187 2.23324
-3.60983 -2.26773 2.20938
-3.62571 -2.24796 2.24753
-3.63399 -2.23675 2.20722
-3.64271 -2.22567 2.23722
-3.65299 -2.2117 2.20514
-3.66681 -2.19221 2.18763
-3.68914 -2.16237 2.21311
-3.71788 -2.12462 2.22159
-3.74334 -2.08948 2.19784
-3.76337 -2.06253 2.20985
-3.78294 -2.03469 2.18346
-3.80361 -2.00679 2.20854
-3.8286 -1.97422 2.22525
-3.83962 -1.95977 2.22226
-3.85397 -1.94178 2.24436
-3.86397 -1.92965 2.26001
-3.88668 -1.90497 2.31463
-3.90918 -1.88068 2.31797
-3.93348 -1.85419 2.31297
-3.95636 -1.82905 2.30939
-3.98239 -1.80013 2.3035
-4.0009 -1.78051 2.32734
-4.01033 -1.77117 2.36095
-4.01589 -1.76593 2.38519
-4.02312 -1.75956 2.41966
-4.0328 -1.75108 2.42213
-4.04495 -1.74007 2.40534
-4.05024 -1.73518 2.3952
-4.05365 -1.73192 2.37971
-4.06244 -1.7235 2.37731
-4.07483 -1.71 2.31318
-4.09776 -1.68353 2.28475
-4.11032 -1.66954 2.30217
-4.12681 -1.65019 2.2766
-4.13602 -1.64018 2.31494
-4.14268 -1.63349 2.35432
-4.14837 -1.62757 2.33589
-4.15722 -1.61802 2.31815
-4.16583 -1.60926 2.34777
-4.17039 -1.60452 2.33661
-4.17505 -1.59949 2.31789
-4.18248 -1.59121 2.30172
-4.1921 -1.58003 2.2814
-4.19951 -1.57116 2.26747
-4.20298 -1.56672 2.23403
-4.21391 -1.55285 2.23814
-4.22143 -1.54383 2.26551
-4.23214 -1.53239 2.32313
-4.23988 -1.5245 2.34676
-4.24206 -1.52253 2.40587
-4.24296 -1.52171 2.40535
-4.24568 -1.51941 2.43965
-4.24834 -1.5173 2.47072
-4.25018 -1.51579 2.45253
-4.25484 -1.51185 2.43987
-4.26301 -1.50469 2.42255
-4.26554 -1.50261 2.45223
-4.2782 -1.49225 2.4559
True
0.18276
