-5.4786 -1.13537 0.0512514
-5.44325 -1.13489 0.0136736
-5.40163 -1.13723 -0.0562454
-5.35751 -1.13902 -0.0405781
-5.30801 -1.14185 -0.0571257
-5.2637 -1.1449 -0.0687902
-5.2187 -1.14769 -0.0619201
-5.17003 -1.14831 -0.0125486
-5.12245 -1.14616 0.0450283
-5.08393 -1.14373 0.0630327
-5.03937 -1.14364 0.00197871
-4.98939 -1.14256 0.0216682
-4.94064 -1.14003 0.0517987
-4.8909 -1.13538 0.0931492
-4.84174 -1.13152 0.0784824
-4.79412 -1.13083 0.0143817
-4.75577 -1.12825 0.0672618
-4.71618 -1.12606 0.0553161
-4.66648 -1.12279 0.0657131
-4.62881 -1.12213 0.0173147
-4.57965 -1.1192 0.0595923
-4.54739 -1.11615 0.0942079
-4.50152 -1.11255 0.0783037
-4.45462 -1.1073 0.111571
-4.41059 -1.10295 0.0985021
-4.36124 -1.09801 0.0998071
-4.31423 -1.09487 0.0666212
-4.28175 -1.09091 0.121398
-4.23714 -1.08681 0.0917052
-4.19157 -1.08195 0.106053
-4.14201 -1.07822 0.0752259
-4.09412 -1.07411 0.0856561
-4.05234 -1.07055 0.0848615
-4.00321 -1.06452 0.122248
-3.95583 -1.06199 0.0531692
-3.90589 -1.05951 0.049811
-3.85627 -1.0541 0.108422
-3.80933 -1.05157 0.0539124
-3.76364 -1.04744 0.0901068
-3.72178 -1.04339 0.0964063
-3.6726 -1.03841 0.101001
-3.62729 -1.03726 0.025415
-3.57762 -1.03405 0.064523
-3.52882 -1.02906 0.101946
-3.4795 -1.02539 0.0742582
-3.43083 -1.02209 0.0677102
-3.38116 -1.01756 0.0910189
-3.33129 -1.01439 0.0634082
-3.2831 -1.00807 0.130285
-3.23749 -1.00506 0.0660336
-3.1907 -1.00224 0.0601199
-3.14764 -0.999202 0.0704632
-3.09906 -0.997089 0.0434822
-3.05027 -0.997153 -0.00130548
-3.00638 -0.996095 0.0240947
-2.96017 -0.994745 0.0292092
-2.91356 -0.993285 0.0313158
-2.86946 -0.989688 0.0813685
-2.82535 -0.988918 0.0174737
-2.7824 -0.988766 0.00353481
-2.73497 -0.988966 -0.00422104
-2.68792 -0.987456 0.0320931
-2.64493 -0.985215 0.0520663
-2.59596 -0.984417 0.0162923
-2.54597 -0.984091 0.006533
-2.49683 -0.982943 0.023358
-2.44946 -0.981037 0.0402059
-2.40101 -0.97842 0.0539577
-2.35786 -0.976095 0.0538461
-2.31144 -0.970653 0.11668
-2.26475 -0.964324 0.134754
-2.21591 -0.957353 0.141766
-2.16688 -0.949312 0.162539
-2.12092 -0.941444 0.169548
-2.07124 -0.935763 0.113877
-2.0219 -0.93036 0.109065
-1.97637 -0.926361 0.087611
-1.93072 -0.922209 0.0906935
-1.88654 -0.916724 0.12353
-1.83732 -0.910882 0.11813
-1.78759 -0.905707 0.103691
-1.73806 -0.900059 0.113526
-1.68867 -0.892493 0.15204
-1.6431 -0.885615 0.149801
-1.59367 -0.879262 0.12781
-1.54927 -0.872465 0.151913
-1.50419 -0.866681 0.127595
-1.45606 -0.859771 0.142601
-1.40977 -0.854272 0.118258
-1.3631 -0.848102 0.131435
-1.31536 -0.84264 0.11392
-1.27333 -0.837541 0.120716
-1.22638 -0.833254 0.0910433
-1.18055 -0.826924 0.137253
-1.13116 -0.819997 0.139337
-1.08157 -0.815448 0.0914906
-1.03209 -0.810462 0.100438
-0.988849 -0.807041 0.0789482
-0.939524 -0.800198 0.137844
-0.894046 -0.795585 0.101089
-0.856473 -0.793266 0.0616516
-0.807087 -0.791146 0.0428919
-0.757819 -0.78902 0.0431311
-0.709943 -0.785205 0.0795187
-0.660702 -0.780277 0.0997417
-0.611156 -0.773667 0.132635
-0.571599 -0.768019 0.141826
-0.522589 -0.762778 0.106528
-0.473044 -0.756274 0.130525
-0.423213 -0.75248 0.0759853
-0.377385 -0.750298 0.0475819
-0.330105 -0.749502 0.0168371
-0.29094 -0.750667 -0.0297403
-0.246646 -0.750621 0.0010389
-0.208486 -0.749422 0.031404
-0.158898 -0.748468 0.0192393
-0.10904 -0.748011 0.00916032
-0.0652928 -0.745954 0.0469983
-0.0155273 -0.744123 0.0367783
0.0320417 -0.741616 0.0526493
0.0818487 -0.738556 0.0613576
0.131796 -0.736454 0.0420624
0.176671 -0.734608 0.0411248
0.221786 -0.73283 0.0393837
0.26366 -0.731199 0.0389311
0.313589 -0.728673 0.050541
0.35856 -0.725386 0.0729718
0.405049 -0.720613 0.102315
0.448271 -0.716918 0.0852771
0.497863 -0.713668 0.0654382
0.546174 -0.712446 0.0252926
0.595108 -0.712743 -0.00606655
0.643413 -0.712966 -0.00461653
0.693184 -0.714478 -0.0303776
0.742174 -0.713672 0.0164473
0.786384 -0.713373 0.00677154
0.832187 -0.710651 0.0593592
0.878187 -0.709503 0.024942
0.927979 -0.705913 0.0719729
0.969716 -0.70435 0.037444
1.0195 -0.70131 0.0609839
1.06308 -0.698004 0.0757147
1.11267 -0.692794 0.104685
1.15933 -0.688903 0.0832063
1.19952 -0.685299 0.0894159
1.24409 -0.680188 0.114175
1.29262 -0.675026 0.105959
1.33054 -0.66999 0.132053
1.37573 -0.666976 0.066611
1.419 -0.663362 0.0833216
1.46126 -0.660032 0.0786197
1.51025 -0.653818 0.12619
1.55727 -0.648885 0.104515
1.60231 -0.64417 0.10431
1.6512 -0.640311 0.0787712
1.69739 -0.635114 0.112047
1.74709 -0.63307 0.0411079
1.79703 -0.631743 0.0265501
1.84703 -0.631601 0.00284442
1.89677 -0.630621 0.0197106
1.93876 -0.629635 0.0234753
1.97664 -0.628682 0.0251427
2.01278 -0.628637 0.00126348
2.06268 -0.62769 0.0189607
2.11228 -0.627657 0.000682499
2.1612 -0.628519 -0.0176271
2.21038 -0.630001 -0.0301162
2.2574 -0.632441 -0.0518385
2.30183 -0.634997 -0.0574878
2.34126 -0.63535 -0.00893486
2.39125 -0.636304 -0.0190857
2.44121 -0.638021 -0.0343589
2.47719 -0.637843 0.00495321
2.52719 -0.63718 0.0132634
2.57696 -0.636923 0.00516832
2.62186 -0.634935 0.0442391
2.66272 -0.634701 0.00574563
2.71242 -0.632204 0.0501888
2.76128 -0.63031 0.038743
2.81094 -0.629311 0.020122
2.85885 -0.629045 0.00556353
2.90815 -0.628094 0.0192754
2.95221 -0.625846 0.0509791
3.00107 -0.626521 -0.0138153
3.0471 -0.626905 -0.00833573
3.09311 -0.628853 -0.0423198
3.14209 -0.630901 -0.0417874
3.18624 -0.632639 -0.0393553
3.23361 -0.634513 -0.0395227
3.26866 -0.635377 -0.0246451
3.31671 -0.636569 -0.0248173
3.36149 -0.637102 -0.0119059
3.4035 -0.639103 -0.0475836
3.44639 -0.641059 -0.0455728
3.47389 -0.640743 0.0114931
3.50533 -0.637823 0.0926216
3.53978 -0.635374 0.0709565
3.58114 -0.634289 0.0262414
3.61051 -0.633175 0.0378987
3.65951 -0.631806 0.0279316
3.70317 -0.630158 0.0377161
3.7466 -0.628489 0.0384232
3.7962 -0.628181 0.00621821
3.84394 -0.628267 -0.00179772
3.89157 -0.629585 -0.027665
3.93866 -0.629606 -0.000463912
3.98404 -0.628193 0.0311322
4.03049 -0.625823 0.0509725
4.07488 -0.62101 0.108022
4.11745 -0.613227 0.180816
4.13717 -0.609746 0.174735
4.17134 -0.603788 0.172601
4.19588 -0.598812 0.20009
4.21557 -0.593562 0.260554
4.24082 -0.586303 0.279977
4.26207 -0.580791 0.25375
4.28811 -0.574599 0.233461
4.33233 -0.567423 0.16088
4.36543 -0.562513 0.14727
4.40131 -0.557044 0.151263
4.44803 -0.5492 0.166332
4.48374 -0.544315 0.135963
4.49035 -0.543389 0.139256
4.50389 -0.54153 0.136369
4.52262 -0.538998 0.134419
4.54527 -0.536327 0.117363
4.58096 -0.532485 0.107254
4.61983 -0.528293 0.107416
4.64508 -0.526174 0.0837449
4.65227 -0.525702 0.0655058
4.66486 -0.524694 0.0798732
4.67564 -0.523738 0.0884778
4.68439 -0.522977 0.0866733
4.69119 -0.522266 0.104254
4.69829 -0.521613 0.0917094
4.71816 -0.520177 0.0721162
4.72054 -0.520104 0.0306844
4.75736 -0.521133 -0.0279283
4.77718 -0.523002 -0.0939785
4.7865 -0.524104 -0.117731
4.79508 -0.525364 -0.145843
4.81271 -0.528009 -0.148889
4.83334 -0.531102 -0.148816
4.84187 -0.531965 -0.100948
4.85936 -0.533069 -0.06303
4.88456 -0.534751 -0.066637
4.90984 -0.535638 -0.035078
4.93295 -0.536995 -0.0586595
4.93932 -0.537145 -0.0234867
4.9508 -0.537528 -0.0333716
4.96034 -0.538022 -0.0516597
4.96855 -0.538484 -0.0562366
4.98937 -0.539681 -0.0574734
5.01442 -0.540556 -0.0348877
5.04175 -0.542145 -0.0580726
5.06359 -0.543345 -0.0549032
5.07222 -0.543956 -0.0706275
5.07579 -0.544332 -0.10486
5.08508 -0.545483 -0.123251
5.09665 -0.546873 -0.119597
5.10701 -0.548141 -0.121897
5.11819 -0.549321 -0.105043
5.1206 -0.549525 -0.0844773
5.12605 -0.549855 -0.0605927
5.13833 -0.550012 -0.0127888
5.15552 -0.549545 0.0271885
5.17068 -0.549672 -0.0083481
5.1785 -0.549747 -0.00966036
5.19506 -0.550364 -0.0372543
5.21035 -0.550666 -0.0197382
True
0.0678835
