-5.47555 -0.0659126 0.276994
-5.42757 -0.0526089 0.270492
-5.3829 -0.0402181 0.270542
-5.33442 -0.0280205 0.246482
-5.28848 -0.0170838 0.233725
-5.24076 -0.00673986 0.213454
-5.19419 0.00517803 0.250569
-5.14668 0.0180431 0.264416
-5.11155 0.0293681 0.311873
-5.06732 0.0409034 0.25515
-5.02684 0.0511818 0.248637
-4.97809 0.0608959 0.196668
-4.93413 0.0700299 0.204876
-4.88503 0.0789584 0.179878
-4.83655 0.085539 0.134923
-4.79123 0.0951381 0.208715
-4.75472 0.102636 0.202546
-4.7098 0.110989 0.18386
-4.66091 0.119683 0.175975
-4.62362 0.125588 0.157061
-4.57589 0.135561 0.205986
-4.52738 0.147358 0.238548
-4.48129 0.160414 0.276069
-4.43372 0.171903 0.236973
-4.3848 0.182198 0.207394
-4.33599 0.192752 0.212967
-4.28741 0.203946 0.226434
-4.2395 0.216332 0.253027
-4.19236 0.228609 0.254777
-4.14427 0.241759 0.266888
-4.09757 0.256788 0.311397
-4.05041 0.270616 0.285196
-4.00951 0.284025 0.316832
-3.96259 0.299125 0.311314
-3.9211 0.311464 0.289064
-3.88109 0.323059 0.282106
-3.83547 0.335373 0.263615
-3.78758 0.34689 0.236011
-3.74367 0.356414 0.213609
-3.69695 0.367133 0.225543
-3.6489 0.379482 0.251508
-3.60063 0.392527 0.263976
-3.55348 0.405999 0.278328
-3.50569 0.420667 0.297778
-3.47064 0.431169 0.291087
-3.42476 0.444701 0.286825
-3.37656 0.457776 0.264928
-3.32801 0.469557 0.238047
-3.28267 0.479998 0.226317
-3.2428 0.489619 0.236782
-3.19385 0.499328 0.195831
-3.14702 0.510155 0.227198
-3.10465 0.520217 0.233144
-3.06664 0.528661 0.218597
-3.01813 0.538641 0.202912
-2.96971 0.547124 0.173432
-2.92096 0.558246 0.224313
-2.8828 0.567055 0.226865
-2.83904 0.575905 0.199524
-2.78988 0.584873 0.180433
-2.74282 0.592815 0.167202
-2.70318 0.6005 0.191482
-2.6555 0.609049 0.177432
-2.60748 0.619749 0.219243
-2.55993 0.629617 0.204631
-2.51079 0.638792 0.184584
-2.46172 0.64767 0.178986
-2.41271 0.656257 0.173423
-2.36347 0.664357 0.163067
-2.31958 0.67212 0.175055
-2.27241 0.680037 0.166308
-2.22518 0.687295 0.152487
-2.18199 0.694698 0.16974
-2.14087 0.701648 0.167449
-2.0982 0.710739 0.209878
-2.05023 0.721283 0.216364
-2.00158 0.731587 0.208734
-1.9555 0.743184 0.246541
-1.91137 0.754915 0.259833
-1.87428 0.762958 0.213547
-1.83154 0.773617 0.244376
-1.78617 0.785147 0.248858
-1.73888 0.798938 0.283765
-1.6961 0.810501 0.263994
-1.64959 0.826029 0.322227
-1.60404 0.842481 0.346567
-1.56049 0.858858 0.359753
-1.51276 0.873644 0.300364
-1.46874 0.88801 0.315494
-1.42187 0.903703 0.323074
-1.37622 0.920184 0.346494
-1.33599 0.9344 0.339619
-1.29179 0.951367 0.366585
-1.26089 0.963334 0.369457
-1.22341 0.978169 0.376828
-1.18317 0.990915 0.306809
-1.13873 1.00794 0.365748
-1.09115 1.02277 0.302224
-1.04398 1.03934 0.337858
-0.997509 1.05699 0.362898
-0.959101 1.06974 0.320637
-0.91224 1.08603 0.334556
-0.86448 1.10059 0.295797
-0.826304 1.11202 0.290928
-0.786395 1.12544 0.324381
-0.746756 1.1383 0.313809
-0.699139 1.15142 0.268807
-0.653735 1.16294 0.248387
-0.60625 1.17396 0.228234
-0.557934 1.18659 0.255603
-0.50968 1.19881 0.248003
-0.464872 1.20854 0.21387
-0.417905 1.21949 0.228979
-0.369402 1.23143 0.241442
-0.329908 1.24291 0.282931
-0.281659 1.25596 0.264151
-0.239668 1.26743 0.266472
-0.200391 1.27704 0.240134
-0.151777 1.28861 0.233674
-0.103568 1.30147 0.260518
-0.0549065 1.31292 0.231176
-0.0156848 1.32314 0.255013
0.0323199 1.33657 0.272654
0.0803299 1.34977 0.26835
0.125644 1.35962 0.213958
0.173545 1.37168 0.246831
0.220268 1.38347 0.247076
0.267883 1.39672 0.271331
0.315309 1.4067 0.207404
0.360742 1.41681 0.219011
0.409099 1.42946 0.255876
0.455518 1.44138 0.251431
0.50209 1.45188 0.221679
0.549404 1.46673 0.304107
0.595807 1.48048 0.288059
0.643378 1.49509 0.298037
0.690536 1.51048 0.31539
0.737883 1.52595 0.315878
0.775373 1.54058 0.371983
0.817535 1.55673 0.365868
0.864011 1.57233 0.323784
0.91181 1.58499 0.258904
0.957418 1.5981 0.279887
0.995408 1.60706 0.231662
1.04094 1.61702 0.21544
1.0895 1.62896 0.240993
1.12481 1.63788 0.247399
1.16635 1.6498 0.2796
1.21405 1.66193 0.249062
1.25814 1.67317 0.2495
1.3065 1.68583 0.256115
1.34688 1.69545 0.233788
1.39056 1.70642 0.24617
1.43891 1.71829 0.240719
1.48724 1.73095 0.256148
1.53418 1.74282 0.247693
1.57984 1.75408 0.241789
1.62087 1.76215 0.194178
1.6689 1.77509 0.263172
1.71402 1.78653 0.248363
1.76043 1.79855 0.253386
1.80793 1.81031 0.242617
1.84335 1.81924 0.247087
1.89134 1.8313 0.246285
1.93953 1.84456 0.268344
1.97802 1.85248 0.203087
2.02509 1.86558 0.271352
2.07231 1.87904 0.277787
2.11967 1.89311 0.288814
2.16315 1.90511 0.269298
2.20595 1.91905 0.314771
2.2527 1.93501 0.32903
2.30003 1.95111 0.327916
2.33792 1.96321 0.309078
2.3853 1.97794 0.301436
2.43297 1.99297 0.30546
2.48046 2.0077 0.300578
2.52758 2.02442 0.341121
2.57466 2.04008 0.320955
2.6212 2.05608 0.331243
2.66231 2.0695 0.315473
2.70947 2.08586 0.334018
2.75445 2.1011 0.326576
2.80077 2.11993 0.386093
2.8419 2.13394 0.328438
2.88914 2.14956 0.319235
2.93651 2.16512 0.317472
2.98493 2.17761 0.252457
3.0263 2.18944 0.278458
3.0659 2.20283 0.326149
3.10416 2.21464 0.299234
3.15156 2.22756 0.266131
3.19105 2.24083 0.324143
3.23393 2.25473 0.313485
3.27386 2.26667 0.290716
3.32183 2.28075 0.285349
3.35804 2.29317 0.330603
3.39567 2.30571 0.321695
3.43746 2.31774 0.280264
3.48414 2.33011 0.259022
3.52676 2.34074 0.244356
3.56878 2.35022 0.221858
3.59909 2.35671 0.210977
3.64561 2.36816 0.241368
3.66763 2.37405 0.261129
3.69815 2.38358 0.302821
3.73282 2.39244 0.250161
3.75991 2.39951 0.25545
3.80179 2.40977 0.240235
3.82065 2.41512 0.276347
3.85373 2.42575 0.31094
3.89674 2.43943 0.307816
3.9258 2.44811 0.290478
3.94003 2.45152 0.234791
3.97143 2.45853 0.219818
4.00385 2.4661 0.229476
4.03239 2.47142 0.184186
4.06692 2.47787 0.184579
4.10473 2.48442 0.171533
4.13115 2.49001 0.208673
4.16402 2.49726 0.216901
4.20051 2.5066 0.250578
4.22994 2.51457 0.264721
4.26049 2.52106 0.209169
4.29412 2.52861 0.220837
4.3323 2.53747 0.227923
4.37342 2.54948 0.284254
4.39284 2.55495 0.274516
4.42605 2.56352 0.252634
4.44212 2.56828 0.287884
4.46118 2.57465 0.322639
4.48149 2.58132 0.317134
4.5201 2.59454 0.329993
4.54175 2.60268 0.359505
4.56178 2.61004 0.35224
4.56423 2.61099 0.368936
4.58614 2.6196 0.37449
4.60144 2.62548 0.366767
4.62282 2.63342 0.355443
4.64345 2.64071 0.339923
4.66387 2.64772 0.330646
4.69059 2.65684 0.328841
4.72635 2.66796 0.301446
4.76138 2.67896 0.304282
4.79814 2.69114 0.319932
4.82008 2.69871 0.332538
4.83744 2.70478 0.335945
4.85767 2.71177 0.332754
4.87001 2.71603 0.332826
4.89209 2.72362 0.331066
4.90067 2.72648 0.321698
4.9101 2.72929 0.28978
4.91446 2.73068 0.307136
4.92486 2.73373 0.285311
4.93937 2.73832 0.306476
4.94062 2.7387 0.292586
4.95193 2.74246 0.321351
4.95224 2.74256 0.313723
4.95979 2.7456 0.382738
4.96687 2.74866 0.407953
4.97743 2.75339 0.420764
4.98483 2.75638 0.385092
4.99211 2.75899 0.343881
5.00624 2.76376 0.325269
5.01296 2.76584 0.300291
5.02925 2.77077 0.293936
5.03747 2.77307 0.272752
5.05151 2.77727 0.291046
5.07227 2.78352 0.292109
5.08131 2.78618 0.286243
5.09529 2.79026 0.284279
5.10826 2.79443 0.311029
5.11825 2.79757 0.304251
5.12309 2.7987 0.228956
5.13664 2.80148 0.202926
5.14823 2.80406 0.218672
5.15646 2.80611 0.244004
5.16395 2.80849 0.308358
5.16648 2.80932 0.314781
5.17505 2.81185 0.287227
5.18505 2.81494 0.299351
5.19386 2.81738 0.270529
5.1993 2.81855 0.212405
5.21683 2.82213 0.201479
5.24569 2.82732 0.177902
True
0.0648301
