-5.46222 0.385314 0.118285
-5.42346 0.389289 0.102181
-5.37507 0.394133 0.0997701
-5.3304 0.397882 0.0837137
-5.28481 0.401952 0.0890609
-5.23869 0.403701 0.0379061
-5.19028 0.404815 0.0230039
-5.14281 0.40422 -0.012548
-5.09437 0.403962 -0.00531857
-5.05508 0.403597 -0.00929909
-5.0051 0.402435 -0.0232368
-4.95549 0.398018 -0.0888179
-4.90576 0.392936 -0.101817
-4.85618 0.386783 -0.123466
-4.8103 0.381735 -0.1096
-4.76089 0.375839 -0.118777
-4.71173 0.371433 -0.0893786
-4.66358 0.368451 -0.0618452
-4.63031 0.367187 -0.0379872
-4.58608 0.365502 -0.0380684
-4.5443 0.364769 -0.0175499
-4.49505 0.364965 0.00399352
-4.44517 0.361614 -0.0670926
-4.39868 0.359007 -0.0560133
-4.34873 0.356965 -0.040852
-4.31132 0.357555 0.0157631
-4.26149 0.358409 0.0171415
-4.21566 0.358715 0.00667968
-4.16966 0.357537 -0.0256122
-4.12027 0.35714 -0.00803591
-4.07873 0.355115 -0.0487145
-4.02883 0.351913 -0.0640782
-3.98288 0.351919 0.000121817
-3.93361 0.350703 -0.0246798
-3.88953 0.34946 -0.0281804
-3.84457 0.348528 -0.0207329
-3.79937 0.348077 -0.00996816
-3.75121 0.348968 0.0184964
-3.70841 0.350685 0.0400786
-3.65858 0.354892 0.0842449
-3.61032 0.359153 0.0880462
-3.56051 0.36334 0.0838794
-3.5228 0.3662 0.0756828
-3.4736 0.36974 0.071844
-3.43298 0.372887 0.0773107
-3.38369 0.376044 0.0639605
-3.33731 0.378594 0.0549193
-3.29158 0.381664 0.0670319
-3.25666 0.385867 0.119809
-3.20719 0.393071 0.144587
-3.15821 0.39851 0.110593
-3.10873 0.405696 0.144242
-3.06369 0.410627 0.109044
-3.01743 0.41858 0.170261
-2.97003 0.425526 0.145503
-2.92397 0.432349 0.147059
-2.88123 0.436603 0.0992223
-2.83135 0.43993 0.066592
-2.78754 0.442843 0.0663865
-2.73828 0.443664 0.0166713
-2.69131 0.443323 -0.00727864
-2.6416 0.441446 -0.0377259
-2.5967 0.440694 -0.0167528
-2.5472 0.437382 -0.0668013
-2.50172 0.437156 -0.00496848
-2.45199 0.439339 0.0438569
-2.40581 0.44074 0.0303441
-2.35603 0.442058 0.0264538
-2.30771 0.44583 0.0779052
-2.25816 0.450809 0.100155
-2.22115 0.454185 0.0909594
-2.17921 0.458092 0.0928959
-2.12958 0.464041 0.119286
-2.08365 0.469535 0.119066
-2.03401 0.474411 0.0978996
-1.98459 0.477896 0.0704126
-1.94747 0.481096 0.0859967
-1.9004 0.486753 0.119601
-1.85131 0.489438 0.0546486
-1.80212 0.493392 0.0802095
-1.75281 0.498396 0.101138
-1.70632 0.503021 0.0991403
-1.66102 0.507971 0.108839
-1.61227 0.516162 0.166478
-1.56986 0.52172 0.130321
-1.52692 0.525501 0.0878337
-1.48398 0.530721 0.120954
-1.436 0.537238 0.134997
-1.38656 0.544074 0.137396
-1.33707 0.549697 0.113119
-1.28878 0.554833 0.105965
-1.24247 0.560672 0.125457
-1.20706 0.566158 0.153688
-1.16241 0.57296 0.15117
-1.11704 0.580222 0.15871
-1.07265 0.588815 0.191212
-1.02527 0.595852 0.147441
-0.984339 0.60061 0.115732
-0.938145 0.605793 0.111743
-0.898885 0.612759 0.175589
-0.859305 0.620763 0.199553
-0.82362 0.628655 0.217643
-0.797544 0.635811 0.267829
-0.781233 0.639593 0.22785
-0.762848 0.643915 0.230903
-0.729216 0.6518 0.230297
-0.709156 0.655956 0.20427
-0.670238 0.663428 0.189682
-0.63926 0.669266 0.186277
-0.61534 0.674754 0.225533
-0.606883 0.677131 0.274014
-0.568386 0.687694 0.267795
-0.521354 0.699617 0.248261
-0.472855 0.710896 0.228505
-0.423624 0.719628 0.175551
-0.382521 0.724482 0.117537
-0.332789 0.725012 0.0106669
-0.283215 0.72338 -0.0329133
-0.243856 0.722124 -0.0319045
-0.193982 0.718594 -0.0706641
-0.166218 0.715121 -0.124422
-0.127957 0.707321 -0.201106
-0.0821415 0.698257 -0.195313
-0.0372061 0.687203 -0.241205
-0.0050614 0.679585 -0.232705
0.0377705 0.668346 -0.256615
0.0742909 0.658179 -0.271523
0.117919 0.643562 -0.323278
0.162791 0.626523 -0.362903
0.209446 0.608567 -0.367397
0.250321 0.591125 -0.403316
0.296712 0.572488 -0.382019
0.337945 0.554562 -0.410081
0.380711 0.538089 -0.367678
0.415088 0.524176 -0.384552
0.461388 0.505299 -0.387158
0.506875 0.487774 -0.367733
0.548623 0.467806 -0.446137
0.580145 0.453833 -0.417261
0.625026 0.432903 -0.436353
0.662531 0.415996 -0.423522
0.705912 0.397072 -0.411347
0.752122 0.378234 -0.387089
0.798073 0.358526 -0.405155
0.838336 0.342776 -0.372888
0.884511 0.324481 -0.377231
0.928801 0.30545 -0.405833
0.971868 0.287488 -0.395148
1.01657 0.27012 -0.370605
1.04015 0.261047 -0.367307
1.0855 0.244004 -0.359479
1.12793 0.231026 -0.296802
1.17459 0.218676 -0.258745
1.21579 0.209033 -0.229895
1.26224 0.199544 -0.201548
1.30979 0.191858 -0.160244
1.35744 0.185551 -0.131591
1.40731 0.18199 -0.0712978
1.45719 0.181735 -0.00510506
1.50032 0.181003 -0.0169692
1.55013 0.179465 -0.0308629
1.60005 0.179741 0.00551493
1.64996 0.182397 0.0531814
1.69977 0.183424 0.0206035
1.74899 0.186512 0.0626588
1.79771 0.192524 0.122796
1.84368 0.198634 0.132113
1.88396 0.205294 0.163897
1.93004 0.213042 0.166575
1.97095 0.221277 0.198633
2.01943 0.233518 0.247345
2.05458 0.24156 0.22487
2.10179 0.254997 0.277289
2.1462 0.265402 0.230147
2.18502 0.275737 0.260221
2.23324 0.287263 0.234607
2.28163 0.299859 0.254671
2.32865 0.3138 0.28819
2.37513 0.326845 0.27365
2.40758 0.335573 0.262777
2.44989 0.346082 0.243437
2.4926 0.359912 0.313173
2.54057 0.373877 0.283278
2.57927 0.383142 0.235014
2.6223 0.395547 0.280654
2.66969 0.410177 0.299412
2.70288 0.420443 0.30002
2.74978 0.436979 0.338917
2.79659 0.454111 0.350885
2.84415 0.4695 0.31292
2.88716 0.483651 0.317905
2.93494 0.498315 0.297745
2.98146 0.513545 0.316422
3.02917 0.528055 0.295196
3.06881 0.537731 0.239419
3.11621 0.550411 0.261398
3.16143 0.562668 0.264694
3.20711 0.576404 0.292108
3.23681 0.584878 0.27792
3.28481 0.598802 0.282332
3.33279 0.610104 0.231356
3.3813 0.621428 0.229323
3.41335 0.627724 0.194005
3.45668 0.637904 0.230728
3.5011 0.648583 0.235941
3.54378 0.659005 0.23951
3.57571 0.667395 0.25692
3.61198 0.678435 0.29553
3.65073 0.692217 0.34168
3.68885 0.706631 0.361467
3.72772 0.721174 0.358066
3.76183 0.732285 0.314944
3.78991 0.742187 0.339011
3.82324 0.754462 0.352856
3.85208 0.765356 0.361121
3.89225 0.778149 0.308356
3.91737 0.787288 0.348911
3.94136 0.795996 0.348093
3.95802 0.801912 0.3413
3.99345 0.814189 0.333538
4.03055 0.825507 0.296132
4.06023 0.835899 0.33675
4.0926 0.847033 0.331334
4.13041 0.860018 0.330806
4.15727 0.869744 0.347404
4.17244 0.875342 0.35348
4.187 0.880722 0.354053
4.20445 0.88774 0.382252
4.21708 0.893148 0.404536
4.22874 0.898195 0.408721
4.25036 0.907612 0.410681
4.26902 0.915558 0.402604
4.28191 0.921123 0.407653
4.29336 0.925815 0.388711
4.29933 0.928346 0.401006
4.31477 0.93475 0.393133
4.32856 0.941101 0.431772
4.34074 0.947207 0.464587
4.3544 0.953762 0.44738
4.37877 0.965435 0.446763
4.40911 0.980941 0.472402
4.43459 0.992563 0.428
4.45592 1.00305 0.456811
4.47172 1.01027 0.428839
4.48566 1.01652 0.421647
4.50686 1.02771 0.485626
4.53427 1.04406 0.537716
4.55471 1.05645 0.545014
4.59542 1.07816 0.489795
4.6274 1.09517 0.488963
4.66056 1.11063 0.436292
4.68882 1.12408 0.444258
4.71446 1.13789 0.494184
4.73592 1.14943 0.493179
4.75824 1.16078 0.470429
4.77953 1.17052 0.428926
4.79113 1.17559 0.412393
4.80357 1.18094 0.405711
4.81333 1.1851 0.403226
4.84405 1.1984 0.408633
4.86658 1.20851 0.421773
4.88879 1.21926 0.450683
4.90411 1.2264 0.436536
4.91556 1.23154 0.421507
4.93745 1.24075 0.398228
4.95287 1.24657 0.361248
4.9635 1.25045 0.349842
4.97045 1.25305 0.357716
4.97304 1.25412 0.391359
4.98369 1.25814 0.361541
5.00896 1.26837 0.384448
5.02947 1.27599 0.355904
5.06304 1.28928 0.376709
5.0755 1.29359 0.333458
5.09882 1.30271 0.372726
5.10769 1.30644 0.397759
5.1167 1.31011 0.386824
5.13001 1.3153 0.372073
5.14577 1.32165 0.382647
5.16124 1.32775 0.375736
5.17582 1.33287 0.337693
5.18519 1.33606 0.328546
5.19675 1.3406 0.374221
5.20186 1.34274 0.396063
5.20258 1.34305 0.408284
5.20492 1.34406 0.406824
5.21338 1.34757 0.393703
True
0.0661552
