4.48474 0.00205382 3.00777
4.44713 0.0107513 2.91435
4.41426 0.0211204 2.83604
4.37176 0.0384143 2.75509
4.33223 0.0600015 2.64181
4.30836 0.0743727 2.59954
4.28387 0.0911778 2.54027
4.24566 0.121647 2.46841
4.20901 0.154532 2.41034
4.17519 0.187988 2.36157
4.14039 0.223793 2.34196
4.11967 0.247707 2.28474
4.09042 0.280921 2.2928
4.06352 0.313924 2.25467
4.03386 0.354102 2.20674
4.01566 0.38198 2.14909
4.00246 0.403171 2.12811
3.98627 0.43006 2.11278
3.96515 0.468784 2.06993
3.9504 0.495658 2.073
3.92571 0.53618 2.118
3.90224 0.572704 2.1419
3.87801 0.61636 2.07753
3.86088 0.64378 2.12908
3.84336 0.673923 2.09731
3.83213 0.696917 2.02524
3.81089 0.742168 2.00959
3.79799 0.771421 1.98619
3.78338 0.806541 1.96494
3.77029 0.842669 1.9185
3.75256 0.88922 1.93479
3.73598 0.933005 1.93278
3.71985 0.972114 1.96186
3.71052 0.996446 1.93682
3.69717 1.0336 1.91585
3.67999 1.08021 1.92397
3.66649 1.12112 1.88949
3.65937 1.14766 1.83302
3.64408 1.1952 1.88182
3.62752 1.24237 1.90847
3.61418 1.28177 1.89733
3.59761 1.32894 1.90862
3.58142 1.37355 1.91884
3.56531 1.42085 1.89912
3.54725 1.46747 1.94036
3.52937 1.51416 1.93654
3.51651 1.55068 1.90938
3.50131 1.59809 1.88094
3.49144 1.63376 1.84079
3.47618 1.67448 1.92947
3.46206 1.71296 1.9224
3.44644 1.75208 1.9507
3.43081 1.78692 1.99255
3.41043 1.8291 2.02088
3.39337 1.86185 2.05112
3.37097 1.90409 2.05836
3.34747 1.94617 2.08016
3.33082 1.97552 2.08664
3.31016 2.01264 2.07875
3.2879 2.04813 2.13091
3.26206 2.08779 2.14817
3.23172 2.12742 2.22428
3.21061 2.155 2.22406
3.18188 2.19092 2.24553
3.15298 2.22848 2.22659
3.12292 2.26805 2.22045
3.09293 2.30702 2.22682
3.07023 2.33374 2.2749
3.04704 2.36008 2.29268
3.02137 2.38822 2.31028
2.99632 2.41875 2.25797
2.96251 2.45556 2.31363
2.93229 2.4908 2.27979
2.90087 2.52553 2.30613
2.86519 2.56055 2.3655
2.83002 2.59596 2.35279
2.79725 2.63123 2.31956
2.76256 2.66619 2.35232
2.72624 2.70056 2.38375
2.69046 2.73547 2.36848
2.65396 2.7696 2.38974
2.61864 2.80499 2.35515
2.58788 2.83535 2.36281
2.57418 2.84897 2.3589
2.54871 2.87161 2.41498
2.52482 2.89325 2.40553
2.48737 2.92563 2.42881
2.44863 2.957 2.46092
2.41628 2.98262 2.4717
2.38319 3.01145 2.42494
2.34524 3.04398 2.43289
2.30597 3.07483 2.4758
2.27981 3.09535 2.47632
2.24082 3.12233 2.53634
2.20998 3.14675 2.47187
2.18876 3.16232 2.50823
2.16154 3.18206 2.5142
2.1198 3.20959 2.55853
2.08255 3.23412 2.55934
2.04534 3.25962 2.5407
2.00448 3.28842 2.52769
1.97107 3.30941 2.58077
1.93895 3.3291 2.5917
1.89682 3.35585 2.57581
1.85756 3.37863 2.61587
1.82038 3.40073 2.60511
1.77823 3.4256 2.60868
1.74174 3.44543 2.64384
1.70535 3.46292 2.69344
1.6605 3.48433 2.69621
1.61574 3.5065 2.6817
1.57602 3.5253 2.69949
1.53359 3.54553 2.69685
1.48875 3.56578 2.71721
1.44488 3.58467 2.73512
1.40013 3.60338 2.74557
1.3535 3.62142 2.77247
1.30681 3.63933 2.77522
1.26117 3.65438 2.82313
1.21958 3.66794 2.82641
1.18619 3.67823 2.84262
1.15159 3.68931 2.83159
1.10371 3.70275 2.86803
1.05918 3.71468 2.87978
1.01055 3.72626 2.90778
0.971636 3.73421 2.94005
0.923557 3.74614 2.89851
0.880954 3.75649 2.90318
0.838448 3.76748 2.88868
0.797665 3.77455 2.96989
0.748645 3.78165 2.99764
0.712289 3.78608 3.02058
0.679956 3.78827 3.07391
0.64542 3.78925 3.11321
0.595652 3.79405 3.04531
0.569489 3.79751 3.01024
0.522829 3.80244 3.0363
0.479028 3.80537 3.07478
0.441181 3.80772 3.07959
0.41944 3.80867 3.09785
0.395345 3.80975 3.09709
0.357411 3.81054 3.12069
0.310851 3.81177 3.11524
0.269472 3.81308 3.10978
0.219493 3.81163 3.17066
0.177519 3.81166 -3.14216
0.127583 3.81363 3.10208
0.0850554 3.81555 3.09655
0.0350724 3.81598 3.13284
-0.0148811 3.81562 3.14888
-0.0606322 3.81392 -3.10447
-0.102668 3.81231 -3.10339
-0.136717 3.8106 -3.09142
-0.186435 3.81013 -3.13204
-0.236399 3.8105 -3.14894
-0.27723 3.8093 3.17085
-0.313018 3.80885 -3.1291
-0.350955 3.80821 -3.12469
-0.394992 3.80753 -3.12616
-0.439765 3.80465 -3.07719
-0.483792 3.79999 -3.03627
-0.533343 3.79332 -3.00777
-0.575157 3.78809 -3.01715
-0.621139 3.7825 -3.02071
-0.67044 3.77427 -2.97607
-0.71985 3.76788 -3.01294
-0.764198 3.76084 -2.98414
-0.81361 3.75331 -2.99046
-0.862667 3.74615 -2.99671
-0.886351 3.74165 -2.95362
-0.92954 3.73356 -2.95649
-0.978524 3.72384 -2.94563
-1.02788 3.71615 -2.98705
-1.0721 3.70528 -2.90061
-1.12002 3.69171 -2.8656
-1.1677 3.6768 -2.83854
-1.21598 3.66395 -2.88144
-1.26329 3.64783 -2.81332
-1.3097 3.6317 -2.80694
-1.33952 3.61937 -2.74957
-1.38106 3.6022 -2.74969
-1.42453 3.58366 -2.73843
-1.46256 3.56734 -2.7362
-1.5074 3.54643 -2.70531
-1.55059 3.52629 -2.7053
-1.59141 3.50669 -2.69378
-1.63602 3.48784 -2.74189
-1.67302 3.4714 -2.72346
-1.71726 3.45088 -2.70722
-1.74596 3.43767 -2.71038
-1.77985 3.42131 -2.69178
-1.82028 3.39994 -2.65532
-1.85771 3.37868 -2.62504
-1.8966 3.35563 -2.60666
-1.93804 3.3295 -2.57896
-1.97556 3.30672 -2.59584
-2.01463 3.27995 -2.54097
-2.05289 3.253 -2.5279
-2.09408 3.22466 -2.53885
-2.13617 3.19767 -2.57156
-2.16901 3.17623 -2.56315
-2.20989 3.15272 -2.61956
-2.25181 3.12597 -2.57368
-2.29287 3.0975 -2.53534
-2.32502 3.07488 -2.52853
-2.36389 3.04619 -2.50567
-2.40302 3.01512 -2.47058
-2.44037 2.98519 -2.46598
-2.47701 2.95121 -2.39391
-2.50598 2.92657 -2.43675
-2.54172 2.89161 -2.36718
-2.57744 2.86025 -2.42113
-2.61354 2.82582 -2.37994
-2.6492 2.79095 -2.36729
-2.68447 2.75555 -2.3544
-2.72051 2.72106 -2.37811
-2.75612 2.68602 -2.36432
-2.78972 2.65074 -2.33185
-2.82558 2.616 -2.372
-2.85275 2.58561 -2.30027
-2.87392 2.56251 -2.3127
-2.89869 2.53425 -2.29048
-2.92235 2.50508 -2.25241
-2.9537 2.46614 -2.24846
-2.98442 2.43117 -2.29162
-3.00918 2.40247 -2.28266
-3.03766 2.36815 -2.26337
-3.0703 2.33166 -2.30057
-3.10156 2.29666 -2.30002
-3.13263 2.26145 -2.29367
-3.15659 2.23152 -2.24589
-3.18262 2.19918 -2.24857
-3.20717 2.16507 -2.1947
-3.23067 2.1321 -2.1899
-3.25064 2.10293 -2.17126
-3.27395 2.06615 -2.13562
-3.28496 2.04916 -2.14551
-3.29404 2.03427 -2.11868
-3.30968 2.00895 -2.1239
-3.32694 1.98202 -2.14079
-3.3371 1.96714 -2.16998
-3.35325 1.94493 -2.19982
-3.36282 1.93114 -2.17732
-3.37653 1.91166 -2.18393
-3.38256 1.90384 -2.22746
-3.39289 1.89132 -2.26069
-3.41732 1.86275 -2.27833
-3.44913 1.82871 -2.32225
-3.46798 1.80787 -2.30637
-3.49691 1.77527 -2.29654
-3.52042 1.74944 -2.30917
-3.53957 1.72769 -2.2928
-3.55834 1.70551 -2.27301
-3.5773 1.68143 -2.23779
-3.60208 1.64977 -2.23484
-3.62888 1.61696 -2.25577
-3.64866 1.59304 -2.26174
-3.67202 1.56437 -2.25435
-3.69701 1.53159 -2.22243
-3.71791 1.50268 -2.19656
-3.73169 1.48377 -2.20062
-3.75026 1.45891 -2.21232
-3.77445 1.42842 -2.24132
-3.79634 1.40111 -2.24656
-3.82687 1.3654 -2.27829
-3.85213 1.33465 -2.25852
-3.87758 1.30512 -2.28211
-3.89794 1.28212 -2.29532
-3.92938 1.24912 -2.33201
-3.95543 1.22446 -2.3836
-3.97739 1.20396 -2.3905
-3.99833 1.18516 -2.41001
-4.00115 1.18284 -2.45285
-4.00727 1.17737 -2.41242
-4.01552 1.17023 -2.42814
-4.02585 1.16098 -2.41082
-4.03152 1.1556 -2.38317
-4.04442 1.14273 -2.35757
-4.04796 1.13937 -2.38205
-4.05151 1.13608 -2.39397
-4.05797 1.1304 -2.41986
-4.06032 1.12846 -2.45367
-4.07081 1.12048 -2.49072
-4.08117 1.1125 -2.48538
-4.08863 1.10676 -2.48587
-4.10089 1.09755 -2.497
-4.11316 1.08878 -2.52155
-4.12096 1.08322 -2.52199
-4.12626 1.07945 -2.52287
-4.13118 1.07579 -2.50305
-4.1434 1.06661 -2.49705
-4.15791 1.05567 -2.4954
-4.16714 1.04852 -2.48308
-4.17675 1.041 -2.47714
-4.18157 1.03707 -2.4574
-4.18832 1.03181 -2.47992
-4.19019 1.03039 -2.49239
-4.19796 1.02434 -2.48009
-4.20361 1.01979 -2.46334
-4.21011 1.01453 -2.46191
-4.21219 1.01283 -2.45552
-4.2225 1.00473 -2.47593
-4.23085 0.998592 -2.50711
-4.24577 0.988261 -2.53604
-4.25932 0.979337 -2.55928
True
0.0683486
