-5.45083 1.58579 -0.0139579
-5.40588 1.58132 -0.0990494
-5.35781 1.57765 -0.0762053
-5.31197 1.57284 -0.104493
-5.26923 1.56917 -0.0857762
-5.21942 1.56628 -0.0579756
-5.18238 1.56219 -0.109891
-5.14215 1.55707 -0.126454
-5.10289 1.55142 -0.143001
-5.05646 1.54384 -0.161874
-5.0215 1.53743 -0.18134
-4.9734 1.52727 -0.208232
-4.92867 1.51818 -0.200328
-4.88062 1.50965 -0.175759
-4.83801 1.50216 -0.174082
-4.78854 1.4961 -0.121761
-4.7503 1.49089 -0.135355
-4.71571 1.48474 -0.176167
-4.66654 1.47639 -0.16819
-4.63103 1.47086 -0.154501
-4.59 1.46586 -0.121229
-4.54441 1.46037 -0.119923
-4.49847 1.45391 -0.139638
-4.4537 1.44752 -0.141743
-4.40716 1.43951 -0.170433
-4.3614 1.43185 -0.165784
-4.31364 1.42138 -0.215911
-4.26506 1.40964 -0.237101
-4.21817 1.39965 -0.210004
-4.17404 1.39149 -0.182771
-4.1264 1.38388 -0.158403
-4.08208 1.37766 -0.139303
-4.03736 1.37144 -0.138232
-3.989 1.36523 -0.127806
-3.94141 1.36021 -0.105127
-3.89623 1.35388 -0.139101
-3.84844 1.34635 -0.156369
-3.8036 1.339 -0.162489
-3.75424 1.33106 -0.159447
-3.70517 1.32194 -0.183763
-3.66767 1.3145 -0.195917
-3.61885 1.30544 -0.183477
-3.57639 1.29847 -0.162578
-3.5428 1.29416 -0.127631
-3.49716 1.2887 -0.119131
-3.44948 1.28244 -0.130527
-3.40699 1.27621 -0.145548
-3.36458 1.26921 -0.163733
-3.32026 1.26354 -0.127062
-3.27049 1.2589 -0.0930703
-3.22312 1.25542 -0.0732517
-3.17749 1.25392 -0.0327855
-3.1373 1.25266 -0.0314551
-3.09051 1.25107 -0.0339418
-3.04069 1.24888 -0.043867
-2.99241 1.24726 -0.0336153
-2.9513 1.24456 -0.065495
-2.90403 1.24079 -0.0796406
-2.86342 1.23533 -0.133669
-2.81763 1.23083 -0.098016
-2.77593 1.22513 -0.135745
-2.72874 1.21941 -0.120671
-2.67912 1.2139 -0.110565
-2.62928 1.20999 -0.0782556
-2.58017 1.20499 -0.101578
-2.53191 1.19844 -0.134797
-2.48312 1.19337 -0.103564
-2.44742 1.18892 -0.123946
-2.39778 1.18413 -0.0962811
-2.35364 1.1794 -0.10677
-2.31206 1.17558 -0.0915091
-2.26646 1.17397 -0.0352745
-2.22961 1.17165 -0.0628894
-2.18044 1.16846 -0.0648245
-2.13132 1.16553 -0.0595905
-2.08338 1.1625 -0.0632288
-2.03374 1.15859 -0.0785248
-1.98642 1.15462 -0.0836424
-1.93784 1.15192 -0.0555618
-1.89414 1.15018 -0.0399145
-1.84615 1.14814 -0.0424643
-1.79646 1.14528 -0.0574474
-1.74674 1.14346 -0.0366126
-1.69694 1.1437 0.00495276
-1.65275 1.14094 -0.0624456
-1.60685 1.13905 -0.0410868
-1.55858 1.1386 -0.00936235
-1.52031 1.13873 0.00336264
-1.47302 1.13903 0.00626637
-1.43241 1.14004 0.0250178
-1.38243 1.14105 0.0201671
-1.35567 1.14179 0.0276309
-1.31215 1.14286 0.0244922
-1.2624 1.14724 0.0877718
-1.21298 1.1548 0.151959
-1.16722 1.16069 0.12785
-1.12515 1.16696 0.14791
-1.08103 1.17543 0.189771
-1.04369 1.1824 0.184599
-0.996828 1.19016 0.164067
-0.947854 1.1995 0.188414
-0.912368 1.20416 0.130747
-0.862643 1.20929 0.102766
-0.82227 1.21333 0.0995884
-0.77518 1.21659 0.0692623
-0.725813 1.22143 0.0977519
-0.680305 1.2255 0.0890838
-0.635122 1.23004 0.100165
-0.58658 1.23531 0.108175
-0.537064 1.24101 0.1145
-0.487574 1.24813 0.143023
-0.448738 1.25525 0.181219
-0.41316 1.26233 0.196384
-0.364272 1.2728 0.211078
-0.315863 1.28439 0.234865
-0.276509 1.29391 0.23754
-0.234301 1.30198 0.188753
-0.195875 1.30823 0.161234
-0.146632 1.31432 0.123061
-0.106531 1.3186 0.106329
-0.0664129 1.32364 0.125095
-0.0256802 1.32767 0.0985728
0.0215932 1.33289 0.109967
0.0695379 1.33788 0.103661
0.119228 1.34341 0.11085
0.164846 1.34844 0.10981
0.209166 1.35383 0.120962
0.246242 1.35815 0.116158
0.292618 1.36515 0.149715
0.34115 1.37108 0.121568
0.391031 1.3736 0.0505214
0.437869 1.37797 0.0931155
0.486326 1.38326 0.108619
0.524389 1.3861 0.0746357
0.57113 1.39003 0.0837188
0.619196 1.39527 0.108673
0.667341 1.40099 0.118169
0.716541 1.40683 0.118306
0.766109 1.41158 0.0953909
0.815907 1.41588 0.0862763
0.834046 1.41772 0.100644
0.874953 1.4214 0.0898711
0.922626 1.42334 0.0406479
0.972476 1.42721 0.0774604
1.018 1.4319 0.102634
1.06158 1.43573 0.0876467
1.11084 1.4384 0.0541435
1.16079 1.43963 0.0246865
1.21019 1.44023 0.0120982
1.25339 1.43893 -0.0300131
1.29948 1.43743 -0.0324829
1.34893 1.43566 -0.0358993
1.39659 1.43255 -0.0650188
1.44655 1.43072 -0.0367169
1.49366 1.42782 -0.0615539
1.53966 1.4251 -0.059062
1.58532 1.42149 -0.0788389
1.63518 1.41823 -0.0652834
1.67789 1.41512 -0.0725814
1.72449 1.41256 -0.0550608
1.77422 1.40981 -0.0551956
1.82405 1.4081 -0.034289
1.87376 1.40518 -0.058585
1.91556 1.40187 -0.0790678
1.9531 1.39926 -0.0693349
2.00267 1.39561 -0.0736101
2.04955 1.39246 -0.0669812
2.09722 1.38929 -0.0664429
2.14588 1.38307 -0.127231
2.18837 1.37549 -0.176557
2.23691 1.36626 -0.187851
2.28213 1.35733 -0.194885
2.33134 1.34902 -0.167295
2.37783 1.34037 -0.183902
2.41727 1.33143 -0.223047
2.46631 1.3219 -0.191945
2.51508 1.31177 -0.204777
2.56389 1.30131 -0.211011
2.61232 1.29039 -0.221987
2.64288 1.28133 -0.288009
2.68831 1.26599 -0.325576
2.73395 1.25286 -0.280113
2.78182 1.23962 -0.2699
2.82858 1.22495 -0.303977
2.8758 1.20999 -0.306942
2.90211 1.20195 -0.296462
2.9456 1.18873 -0.295187
2.98313 1.1786 -0.263429
3.03055 1.165 -0.279264
3.07462 1.15178 -0.291633
3.12044 1.1363 -0.325679
3.16509 1.12448 -0.258866
3.21262 1.11197 -0.257263
3.24834 1.10276 -0.252554
3.28374 1.09189 -0.297719
3.32812 1.07897 -0.283486
3.36838 1.06695 -0.289898
3.40881 1.05478 -0.29254
3.45132 1.04248 -0.281536
3.49456 1.03059 -0.268517
3.53691 1.01876 -0.272211
3.574 1.00663 -0.316178
3.60059 0.996995 -0.347581
3.63541 0.982519 -0.394092
3.6766 0.962277 -0.456765
3.71414 0.943424 -0.465413
3.75739 0.921825 -0.463107
3.782 0.909583 -0.461649
3.80326 0.899301 -0.450478
3.83069 0.887054 -0.419912
3.86714 0.870306 -0.430708
3.89999 0.85531 -0.428244
3.94178 0.837514 -0.402556
3.96249 0.82912 -0.385079
3.99124 0.818695 -0.347922
4.02799 0.806419 -0.322399
4.06722 0.793302 -0.32263
4.11036 0.778764 -0.325092
4.1533 0.764941 -0.311416
4.18779 0.755184 -0.275688
4.22905 0.745341 -0.23415
4.25589 0.740248 -0.187567
4.29497 0.731984 -0.208427
4.31396 0.727491 -0.232216
4.35064 0.716891 -0.281338
4.39544 0.704037 -0.279425
4.42599 0.695224 -0.280848
4.46318 0.686028 -0.242384
4.49091 0.679022 -0.247518
4.51562 0.672756 -0.248369
4.54263 0.666184 -0.238632
4.56045 0.662228 -0.218504
4.58881 0.656354 -0.204233
4.61777 0.651129 -0.178477
4.6309 0.64876 -0.17855
4.64318 0.646676 -0.168074
4.66336 0.643445 -0.158793
4.66868 0.642752 -0.129371
4.68836 0.640939 -0.0918908
4.69657 0.64035 -0.0716008
4.71745 0.638322 -0.0968017
4.7469 0.635539 -0.0942593
4.76632 0.633819 -0.0882611
4.77728 0.633335 -0.0441999
4.77998 0.633195 -0.0518306
4.78987 0.632571 -0.0629971
4.79889 0.632029 -0.0600087
4.82247 0.630219 -0.0766087
4.83523 0.629233 -0.0771295
4.86687 0.627384 -0.0583794
4.89199 0.626051 -0.0529934
4.9087 0.625269 -0.0467681
4.92104 0.624584 -0.0554788
4.9321 0.623934 -0.0586716
4.94523 0.623037 -0.0682405
4.96077 0.621563 -0.0945114
4.97769 0.620016 -0.091209
4.98981 0.618603 -0.116074
5.01237 0.616466 -0.094455
5.02657 0.615015 -0.101823
5.04259 0.61314 -0.116468
5.05092 0.611808 -0.158541
5.06632 0.608982 -0.181498
5.08186 0.606264 -0.173137
5.09707 0.60367 -0.168915
5.09985 0.603267 -0.144364
5.11319 0.601285 -0.147441
5.12092 0.600107 -0.151339
5.12839 0.599121 -0.131122
5.13453 0.598459 -0.107331
5.1484 0.597365 -0.0787054
5.1548 0.596831 -0.0833925
5.15838 0.596462 -0.102538
5.1908 0.592735 -0.114433
5.21103 0.590046 -0.132157
True
0.293142
