-5.45688 -0.772781 0.0475638
-5.41271 -0.767617 0.1164
-5.37227 -0.762935 0.115256
-5.3224 -0.759414 0.0704873
-5.27311 -0.754538 0.0986101
-5.23062 -0.751473 0.0720021
-5.186 -0.74688 0.102579
-5.14603 -0.739083 0.192662
-5.09935 -0.731539 0.1602
-5.05008 -0.723202 0.167641
-5.01574 -0.7174 0.167363
-4.9666 -0.710846 0.132611
-4.92339 -0.706706 0.0955051
-4.87359 -0.702403 0.0861957
-4.82737 -0.697817 0.0988968
-4.7876 -0.693361 0.111567
-4.74792 -0.68786 0.137751
-4.69859 -0.680121 0.155637
-4.65979 -0.672587 0.191773
-4.6105 -0.664176 0.169022
-4.57086 -0.656448 0.192527
-4.5228 -0.647572 0.18261
-4.47425 -0.636713 0.220072
-4.42733 -0.62814 0.180712
-4.37831 -0.622209 0.120412
-4.33546 -0.617073 0.119302
-4.29811 -0.6131 0.10595
-4.25375 -0.607836 0.118131
-4.21041 -0.60351 0.0994963
-4.16511 -0.59817 0.117303
-4.12303 -0.592388 0.136569
-4.07361 -0.586191 0.124757
-4.02952 -0.579795 0.144066
-3.98119 -0.573354 0.132481
-3.93182 -0.565461 0.158529
-3.88322 -0.558387 0.144558
-3.83412 -0.550711 0.155085
-3.79309 -0.542165 0.205329
-3.74419 -0.532301 0.199044
-3.69622 -0.523557 0.180315
-3.64803 -0.514245 0.190847
-3.60271 -0.506898 0.160745
-3.55308 -0.501491 0.108516
-3.50408 -0.493502 0.161604
-3.46404 -0.489774 0.0928572
-3.42446 -0.487053 0.0686346
-3.37453 -0.487502 -0.00899027
-3.32465 -0.489782 -0.0456867
-3.28058 -0.489866 -0.00190427
-3.23243 -0.489545 0.00666618
-3.18263 -0.491894 -0.0471431
-3.13373 -0.494314 -0.0494355
-3.08661 -0.494794 -0.0101867
-3.03662 -0.493685 0.0221685
-2.99567 -0.493191 0.0120687
-2.94714 -0.490994 0.0452436
-2.89717 -0.491048 -0.00107935
-2.85435 -0.489113 0.0451547
-2.80751 -0.489423 -0.00662556
-2.76238 -0.487818 0.0355357
-2.71795 -0.484851 0.0666934
-2.68076 -0.481326 0.0944996
-2.63116 -0.475536 0.116216
-2.58128 -0.472215 0.0664656
-2.53144 -0.468356 0.0772917
-2.48424 -0.465392 0.0627183
-2.43938 -0.461312 0.0906869
-2.38968 -0.455967 0.107125
-2.34002 -0.450299 0.113667
-2.29065 -0.443577 0.135322
-2.24722 -0.43606 0.171382
-2.20394 -0.427786 0.188873
-2.15648 -0.419832 0.166045
-2.10713 -0.413432 0.128978
-2.0579 -0.404881 0.171966
-2.0174 -0.400268 0.11344
-1.97767 -0.394906 0.134156
-1.9308 -0.388701 0.131602
-1.88119 -0.383101 0.112398
-1.85089 -0.379756 0.109945
-1.80198 -0.372162 0.154064
-1.75276 -0.363677 0.170671
-1.70456 -0.356247 0.152966
-1.65538 -0.348427 0.157671
-1.60781 -0.341614 0.142262
-1.56602 -0.336741 0.116092
-1.53071 -0.332934 0.107402
-1.48127 -0.326012 0.139088
-1.43181 -0.318698 0.146835
-1.38945 -0.311599 0.166028
-1.3433 -0.302939 0.1855
-1.30061 -0.294716 0.190279
-1.25391 -0.286307 0.178173
-1.20772 -0.279538 0.145511
-1.16106 -0.272537 0.148898
-1.11531 -0.265578 0.150962
-1.06603 -0.259028 0.132154
-1.02299 -0.251928 0.163491
-0.976854 -0.242985 0.191465
-0.93048 -0.233216 0.207619
-0.888747 -0.225443 0.184142
-0.839946 -0.214568 0.219267
-0.792247 -0.202873 0.240443
-0.744202 -0.190041 0.260977
-0.706189 -0.182035 0.207587
-0.661004 -0.171604 0.226885
-0.612181 -0.161054 0.212798
-0.57196 -0.152515 0.209203
-0.523357 -0.143041 0.192523
-0.480861 -0.134195 0.205227
-0.43216 -0.125175 0.183136
-0.384267 -0.116047 0.188319
-0.339562 -0.107402 0.191024
-0.290703 -0.0973782 0.202354
-0.24402 -0.0870608 0.217516
-0.196127 -0.0739619 0.266973
-0.151971 -0.0604883 0.296164
-0.105958 -0.0493927 0.236625
-0.057533 -0.0376157 0.238566
-0.00850458 -0.0290886 0.172199
0.0396798 -0.0180913 0.22439
0.084606 -0.00921386 0.195088
0.129209 -0.000169283 0.200069
0.173139 0.00676544 0.156565
0.222686 0.0133849 0.132813
0.268539 0.0178431 0.0969235
0.313977 0.0232205 0.117799
0.356958 0.0274437 0.0979419
0.40666 0.0321426 0.0942609
0.447645 0.0346545 0.061212
0.48868 0.03557 0.0223065
0.538612 0.0352407 -0.00659481
0.588591 0.0358173 0.0115366
0.635453 0.0368472 0.0219747
0.685448 0.0372225 0.00750497
0.731111 0.0407111 0.0762507
0.78065 0.0435969 0.0581878
0.826074 0.0477989 0.0922426
0.868294 0.0515679 0.0890359
0.91628 0.0584468 0.142382
0.965691 0.0660398 0.152479
1.01035 0.0736151 0.168035
1.05971 0.0804924 0.138418
1.10813 0.0875482 0.144713
1.15738 0.0959073 0.168137
1.20489 0.103497 0.158388
1.25454 0.109248 0.115331
1.30225 0.11777 0.176752
1.34771 0.125617 0.170931
1.39489 0.133193 0.159206
1.43076 0.137688 0.124682
1.47831 0.143258 0.116598
1.52655 0.149101 0.120533
1.56786 0.154001 0.118083
1.61593 0.162391 0.172773
1.6628 0.171601 0.194023
1.70921 0.179346 0.165364
1.75142 0.182713 0.0796152
1.79492 0.185982 0.0750131
1.83942 0.190863 0.109232
1.88907 0.195613 0.0953935
1.93669 0.197366 0.0368046
1.98144 0.200476 0.0693707
2.02564 0.201738 0.0285383
2.07405 0.203569 0.0378036
2.12142 0.203948 0.00801484
2.16239 0.203842 -0.0025874
2.20937 0.20484 0.0212387
2.25928 0.204809 -0.00061414
2.30795 0.205474 0.0136554
2.35513 0.207835 0.0499882
2.40382 0.210196 0.0484743
2.45226 0.211844 0.0339907
2.50181 0.214331 0.0501545
2.5434 0.215494 0.0279625
2.58486 0.217875 0.0573708
2.63444 0.223702 0.116978
2.67904 0.228625 0.109941
2.72726 0.235866 0.149047
2.76509 0.242353 0.169843
2.80702 0.250514 0.192206
2.85398 0.258667 0.17189
2.89557 0.264828 0.147084
2.9425 0.272603 0.164187
2.98961 0.280154 0.158937
3.03345 0.287513 0.166303
3.07354 0.294456 0.171493
3.12104 0.30197 0.156855
3.15738 0.306749 0.130809
3.19344 0.311522 0.131571
3.22416 0.31589 0.141241
3.26958 0.322123 0.136384
3.31475 0.327579 0.120206
3.35486 0.332677 0.126424
3.39972 0.338089 0.120036
3.44856 0.34216 0.0831748
3.49423 0.346331 0.0910949
3.51399 0.348416 0.105088
3.55046 0.352142 0.101801
3.59364 0.357048 0.113119
3.64286 0.360348 0.066958
3.6881 0.361551 0.0265773
3.73231 0.363476 0.0435184
3.77412 0.364516 0.0248723
3.81078 0.365654 0.0310388
3.83547 0.367139 0.0600918
3.87039 0.368518 0.0394556
3.91362 0.370124 0.0371446
3.93631 0.371523 0.0615773
3.97495 0.375042 0.0907855
3.99852 0.377201 0.0913907
4.04562 0.381138 0.0833998
4.0818 0.38321 0.0571976
4.10973 0.384882 0.0597805
4.12307 0.385908 0.0767953
4.13822 0.387101 0.0785686
4.16222 0.388497 0.0580947
4.17043 0.389119 0.0755739
4.19986 0.390656 0.0521802
4.21192 0.39116 0.0418182
4.22469 0.391383 0.0174243
4.2415 0.392247 0.0513603
4.25956 0.392775 0.0292098
4.28442 0.393612 0.0336914
4.30975 0.395178 0.0616933
4.33574 0.398306 0.119826
4.36199 0.403133 0.181853
4.3694 0.404062 0.124679
4.39465 0.406971 0.114703
4.39895 0.407428 0.10605
4.42204 0.410618 0.137235
4.44994 0.415274 0.165372
4.4826 0.421377 0.184736
4.51841 0.428662 0.2007
4.54562 0.433995 0.193522
4.57159 0.438617 0.176165
4.58951 0.441758 0.173474
4.59665 0.443074 0.182354
4.60801 0.445444 0.205664
4.63727 0.451465 0.202956
4.66407 0.456923 0.200847
4.7045 0.464565 0.186842
4.72704 0.468462 0.171178
4.76189 0.475012 0.185776
4.78356 0.479165 0.189399
4.80537 0.484153 0.224842
4.81874 0.487043 0.212905
4.84251 0.491545 0.187146
4.86337 0.494805 0.155061
4.87409 0.496828 0.186405
4.88833 0.499554 0.189254
4.91501 0.505365 0.21438
4.93869 0.511079 0.236866
4.96646 0.519274 0.286931
4.97248 0.521188 0.307558
4.98189 0.524126 0.302577
4.994 0.527714 0.288149
5.00333 0.530562 0.296284
5.01782 0.535043 0.299821
5.03569 0.539532 0.246235
5.03598 0.539606 0.250142
5.04215 0.541299 0.26776
5.04927 0.543271 0.270226
5.06847 0.548879 0.284088
5.07492 0.550639 0.266511
5.08732 0.553669 0.239689
5.09027 0.554352 0.227216
5.10093 0.556887 0.233562
5.11055 0.559054 0.2215
5.13002 0.563192 0.209481
5.14018 0.565338 0.208091
5.15144 0.567955 0.228252
5.16797 0.572226 0.252911
5.17505 0.574088 0.256967
5.18805 0.577485 0.255616
5.19654 0.579522 0.235509
5.2079 0.582356 0.244553
True
0.277574
