-5.45787 -0.170885 0.24277
-5.41402 -0.161885 0.202425
-5.36541 -0.15139 0.212631
-5.31778 -0.139543 0.243794
-5.27161 -0.128639 0.231914
-5.22383 -0.117496 0.2291
-5.17565 -0.104471 0.264072
-5.12703 -0.0929353 0.232918
-5.07869 -0.082509 0.212435
-5.03015 -0.0711758 0.229394
-4.98194 -0.061103 0.205941
-4.94867 -0.0531544 0.23456
-4.89996 -0.042269 0.219839
-4.85944 -0.0310923 0.269188
-4.8112 -0.0180701 0.263658
-4.76274 -0.00620495 0.240091
-4.72465 0.00377189 0.256197
-4.67698 0.0156814 0.244817
-4.62886 0.0287452 0.265102
-4.58316 0.0381418 0.202787
-4.53476 0.0506355 0.252635
-4.4938 0.060617 0.239017
-4.44561 0.0726926 0.245503
-4.39734 0.0848669 0.24708
-4.36035 0.0930418 0.217517
-4.31172 0.103352 0.208918
-4.26345 0.111367 0.164531
-4.22702 0.118584 0.195548
-4.18378 0.128733 0.230566
-4.13685 0.13741 0.182852
-4.09497 0.145815 0.198021
-4.04602 0.156002 0.205204
-4.00115 0.165006 0.198025
-3.95344 0.174894 0.204342
-3.92144 0.181108 0.191805
-3.87904 0.187735 0.15507
-3.8329 0.195358 0.163746
-3.78442 0.202173 0.139654
-3.73713 0.208008 0.122747
-3.68753 0.214171 0.123644
-3.64271 0.21933 0.114575
-3.59546 0.226899 0.15885
-3.5471 0.235164 0.169282
-3.49876 0.246371 0.227809
-3.45497 0.255744 0.210871
-3.4055 0.262389 0.133514
-3.35638 0.27111 0.175689
-3.30804 0.27928 0.167454
-3.26428 0.286268 0.15836
-3.21762 0.293766 0.159307
-3.18079 0.301029 0.194712
-3.13233 0.313349 0.248983
-3.08321 0.322661 0.187349
-3.03414 0.332259 0.193172
-2.98874 0.342097 0.213365
-2.9406 0.350987 0.182611
-2.89375 0.357111 0.129985
-2.84443 0.363726 0.13334
-2.79501 0.371193 0.149933
-2.74687 0.380763 0.19627
-2.69928 0.38941 0.179734
-2.65277 0.397073 0.163287
-2.604 0.403247 0.125917
-2.55479 0.409335 0.123089
-2.50806 0.415622 0.133725
-2.4591 0.422727 0.144121
-2.41951 0.427039 0.108491
-2.38621 0.430595 0.106397
-2.34492 0.433934 0.0806974
-2.29528 0.439455 0.110772
-2.24642 0.445999 0.133125
-2.20572 0.45079 0.117171
-2.15652 0.453445 0.0539155
-2.1197 0.457888 0.120076
-2.07672 0.462472 0.106272
-2.04298 0.4685 0.176775
-1.99388 0.473636 0.104241
-1.95347 0.479336 0.140131
-1.90437 0.48575 0.129866
-1.86601 0.491634 0.15221
-1.82381 0.497697 0.142707
-1.7748 0.504353 0.134996
-1.72551 0.512627 0.166297
-1.67674 0.521137 0.172754
-1.63003 0.530844 0.204913
-1.58332 0.540267 0.199036
-1.53425 0.54969 0.189749
-1.48569 0.559987 0.208955
-1.43664 0.568983 0.181388
-1.39426 0.578744 0.226354
-1.34841 0.589996 0.240677
-1.30244 0.601725 0.249817
-1.2534 0.609734 0.161863
-1.205 0.619936 0.207737
-1.16017 0.628346 0.185457
-1.1252 0.636176 0.220239
-1.07653 0.646174 0.202605
-1.02835 0.656343 0.208023
-0.982145 0.666294 0.212122
-0.934726 0.676124 0.204406
-0.886622 0.686715 0.216711
-0.838229 0.69925 0.25346
-0.789776 0.711191 0.241622
-0.742304 0.722822 0.240285
-0.694724 0.735191 0.254322
-0.659745 0.742943 0.218098
-0.612051 0.752952 0.206867
-0.569642 0.763857 0.251689
-0.522686 0.776295 0.258936
-0.47476 0.786809 0.215958
-0.429612 0.799252 0.268925
-0.382029 0.81047 0.231522
-0.334909 0.82219 0.243779
-0.287175 0.835745 0.276687
-0.242253 0.850582 0.319008
-0.19416 0.863775 0.267736
-0.1478 0.878356 0.304726
-0.107643 0.891549 0.317425
-0.0601871 0.905017 0.276523
-0.012268 0.919115 0.286145
0.0347972 0.935747 0.339674
0.0760701 0.94928 0.316851
0.123267 0.965388 0.3289
0.167401 0.978574 0.290318
0.213669 0.992262 0.287634
0.258649 1.00538 0.283775
0.305156 1.01868 0.278644
0.351792 1.0334 0.305665
0.399161 1.04912 0.320348
0.446802 1.06425 0.307475
0.492537 1.07918 0.315594
0.538962 1.09355 0.300211
0.585127 1.10625 0.268521
0.630981 1.11831 0.257195
0.678055 1.13113 0.265851
0.722112 1.13916 0.18026
0.770825 1.15037 0.226279
0.815785 1.159 0.189531
0.862414 1.1699 0.229565
0.904151 1.17888 0.211976
0.950789 1.18984 0.230867
0.999071 1.20163 0.239525
1.0393 1.2098 0.20034
1.08834 1.21782 0.162014
1.13695 1.22548 0.156285
1.18621 1.23189 0.12949
1.23198 1.23903 0.154739
1.27566 1.24425 0.118963
1.32413 1.25522 0.22249
1.37258 1.26448 0.188937
1.41037 1.27304 0.222758
1.45673 1.28471 0.246587
1.50116 1.2954 0.236094
1.53687 1.30337 0.219673
1.58349 1.31386 0.221219
1.63233 1.32446 0.213672
1.6744 1.33298 0.199816
1.72307 1.34443 0.231178
1.77158 1.35432 0.200994
1.81081 1.36206 0.194829
1.86004 1.37077 0.175104
1.90603 1.38075 0.213796
1.95359 1.39305 0.253013
1.99741 1.40346 0.23335
2.04586 1.41581 0.249584
2.09419 1.4286 0.25874
2.14243 1.44169 0.264783
2.19099 1.45324 0.233506
2.23961 1.46394 0.216665
2.27844 1.47219 0.209489
2.32811 1.47794 0.115207
2.37577 1.48546 0.156485
2.42378 1.49544 0.205052
2.46554 1.5026 0.169699
2.51467 1.5101 0.151539
2.56218 1.51913 0.187685
2.61115 1.52859 0.190963
2.65984 1.53585 0.148025
2.70877 1.54391 0.16313
2.74996 1.55065 0.162185
2.7955 1.5579 0.158057
2.83066 1.56609 0.228574
2.87934 1.57677 0.216031
2.92774 1.5861 0.190464
2.96944 1.59517 0.214258
3.01801 1.60692 0.23723
3.06573 1.62076 0.282313
3.11366 1.63167 0.223864
3.14798 1.63987 0.234667
3.19462 1.65006 0.21491
3.24365 1.65949 0.190038
3.29042 1.66905 0.201591
3.33844 1.68034 0.230952
3.38132 1.68991 0.219617
3.42382 1.7009 0.25311
3.46761 1.71267 0.262605
3.51119 1.72365 0.246743
3.55202 1.73333 0.232713
3.59966 1.74585 0.257113
3.62598 1.75325 0.273829
3.62629 1.75332 0.216572
3.64995 1.75814 0.2013
3.66702 1.76067 0.146948
3.69816 1.76528 0.1471
3.71833 1.76895 0.179687
3.74821 1.77485 0.195219
3.76496 1.77949 0.269813
3.80697 1.79 0.245156
3.82868 1.79553 0.24955
3.85826 1.80324 0.254973
3.89852 1.81208 0.216149
3.92237 1.81717 0.21033
3.95796 1.82578 0.237305
4.00007 1.83619 0.242434
4.02375 1.84251 0.260744
4.06545 1.85529 0.297292
4.11177 1.87148 0.336342
4.15686 1.88562 0.303861
4.1725 1.89037 0.294961
4.19353 1.89693 0.30217
4.20698 1.90072 0.274663
4.24574 1.91153 0.271913
4.26582 1.91713 0.271973
4.28674 1.92332 0.28808
4.31163 1.93053 0.281722
4.337 1.93679 0.242031
4.3533 1.94057 0.22772
4.38064 1.94672 0.221197
4.41606 1.95535 0.238996
4.45396 1.96452 0.23739
4.48944 1.97373 0.254081
4.52508 1.98481 0.301379
4.57101 1.99823 0.284251
4.61363 2.0126 0.32512
4.65532 2.02707 0.334135
4.69306 2.03939 0.315517
4.72779 2.05042 0.307626
4.74829 2.05645 0.286011
4.76798 2.06194 0.27204
4.79077 2.06793 0.256843
4.79728 2.06954 0.242666
4.81004 2.07215 0.201436
4.82271 2.0746 0.191358
4.83371 2.07668 0.187143
4.83993 2.07795 0.200817
4.84849 2.07978 0.210448
4.86186 2.08278 0.221027
4.8813 2.08754 0.240118
4.90291 2.09258 0.229184
4.91863 2.09589 0.207398
4.93408 2.0991 0.204927
4.96028 2.10371 0.174195
4.97423 2.10612 0.17118
4.9805 2.10718 0.166818
4.99176 2.10883 0.14511
5.0024 2.10955 0.0680721
5.00797 2.10975 0.0363662
5.01588 2.10999 0.0296507
5.034 2.10981 -0.00989109
5.04802 2.10902 -0.056062
5.05929 2.10852 -0.0448915
5.06599 2.10832 -0.0298554
5.07382 2.10765 -0.0843454
5.08473 2.10669 -0.0883194
5.10453 2.10507 -0.0817216
5.11923 2.10379 -0.0866477
5.13245 2.10251 -0.0963572
5.14116 2.10154 -0.111428
5.14953 2.10074 -0.0944058
5.15658 2.1003 -0.0628621
5.16674 2.10011 -0.0185871
5.18338 2.09991 -0.0120328
5.19332 2.10004 0.0133372
5.20594 2.10053 0.0383132
5.21309 2.10109 0.0780345
True
0.0671189
