-5.47998 -1.5277 -0.158229
-5.43277 -1.53494 -0.152104
-5.3847 -1.53958 -0.0962611
-5.33714 -1.5442 -0.0967612
-5.28736 -1.54596 -0.0353223
-5.238 -1.54869 -0.0552602
-5.19313 -1.54779 0.019919
-5.15106 -1.54669 0.0263194
-5.10233 -1.54535 0.027349
-5.05978 -1.54365 0.0399146
-5.01085 -1.54069 0.0605091
-4.9733 -1.53742 0.0869938
-4.92383 -1.53063 0.136276
-4.87439 -1.52336 0.145922
-4.82542 -1.51419 0.185218
-4.77662 -1.50337 0.218205
-4.73322 -1.49311 0.232213
-4.68865 -1.48235 0.236883
-4.64115 -1.47109 0.232703
-4.59651 -1.45854 0.273961
-4.55315 -1.4489 0.218795
-4.522 -1.44132 0.238665
-4.47314 -1.43239 0.180762
-4.43047 -1.42342 0.207273
-4.38806 -1.41442 0.209245
-4.33989 -1.40285 0.235712
-4.29152 -1.39019 0.256006
-4.24654 -1.37823 0.259748
-4.19862 -1.366 0.249823
-4.1512 -1.35601 0.207685
-4.1176 -1.34894 0.207314
-4.06853 -1.33948 0.190487
-4.02111 -1.3306 0.185093
-3.97651 -1.32199 0.1907
-3.92751 -1.31203 0.200616
-3.87828 -1.30332 0.175062
-3.83 -1.29779 0.114188
-3.79271 -1.29386 0.104954
-3.7489 -1.29022 0.0827784
-3.70126 -1.28334 0.143479
-3.65474 -1.27539 0.169277
-3.60559 -1.2682 0.145308
-3.55917 -1.25942 0.186938
-3.51061 -1.2478 0.234786
-3.46206 -1.23733 0.212392
-3.41323 -1.22665 0.215427
-3.36859 -1.21738 0.20469
-3.32215 -1.20721 0.215664
-3.27955 -1.19908 0.188527
-3.23294 -1.19217 0.147155
-3.18568 -1.18486 0.153446
-3.13729 -1.17568 0.187497
-3.09828 -1.17022 0.138909
-3.04841 -1.16692 0.066259
-2.99848 -1.16467 0.0448811
-2.95187 -1.16194 0.058508
-2.91173 -1.16104 0.022592
-2.86186 -1.16004 0.0199083
-2.82109 -1.15941 0.0155759
-2.78393 -1.15687 0.0681816
-2.73925 -1.15343 0.0768313
-2.69544 -1.14854 0.111241
-2.64621 -1.14273 0.117499
-2.60204 -1.13953 0.0722728
-2.55738 -1.13795 0.035244
-2.51219 -1.13631 0.0364188
-2.47571 -1.1345 0.049416
-2.43168 -1.1296 0.110822
-2.39062 -1.12627 0.0809223
-2.3411 -1.11964 0.13311
-2.29933 -1.1141 0.131931
-2.26577 -1.10904 0.149563
-2.2172 -1.10189 0.146158
-2.17165 -1.09417 0.167962
-2.14062 -1.08931 0.15539
-2.09534 -1.08443 0.107302
-2.04783 -1.0795 0.103396
-2.00103 -1.07439 0.108733
-1.95981 -1.0706 0.0916862
-1.91283 -1.0666 0.0849415
-1.86608 -1.0626 0.0854548
-1.81622 -1.05952 0.0615404
-1.7683 -1.05868 0.0175981
-1.73419 -1.05779 0.0261832
-1.6847 -1.05966 -0.037736
-1.64038 -1.05906 0.0134552
-1.59219 -1.05477 0.0886958
-1.5422 -1.05356 0.0243731
-1.4941 -1.05099 0.053213
-1.46274 -1.05008 0.02902
-1.41373 -1.04834 0.0355103
-1.36573 -1.04565 0.0559332
-1.31603 -1.04274 0.0586296
-1.26905 -1.04155 0.025361
-1.22902 -1.04053 0.0252998
-1.17924 -1.04113 -0.0120248
-1.12931 -1.04015 0.0196665
-1.08643 -1.04066 -0.0119836
-1.04216 -1.04169 -0.0232189
-0.992855 -1.04223 -0.0108484
-0.947686 -1.04253 -0.00674052
-0.906812 -1.04568 -0.0767942
-0.863175 -1.04621 -0.0122434
-0.826955 -1.04691 -0.0192399
-0.77727 -1.04784 -0.0188368
-0.739373 -1.04721 0.016602
-0.690821 -1.04927 -0.0422521
-0.648617 -1.05043 -0.0274541
-0.606055 -1.05353 -0.0728364
-0.556673 -1.05533 -0.0364971
-0.511454 -1.05831 -0.0656202
-0.461727 -1.06077 -0.0496101
-0.413644 -1.06303 -0.0469013
-0.363689 -1.06342 -0.00771947
-0.319792 -1.06388 -0.0106201
-0.275391 -1.06401 -0.00277958
-0.228605 -1.06475 -0.0158518
-0.181959 -1.06594 -0.0255265
-0.140967 -1.06692 -0.0239118
-0.102868 -1.06822 -0.0340896
-0.0560428 -1.06877 -0.0116744
-0.00629722 -1.07119 -0.0486274
0.0365141 -1.07322 -0.0474518
0.0783416 -1.07422 -0.0240261
0.125158 -1.07681 -0.0552045
0.175043 -1.07948 -0.0534568
0.217147 -1.08226 -0.0658685
0.262509 -1.08451 -0.0495372
0.312118 -1.08658 -0.0417624
0.356762 -1.08739 -0.0181681
0.406595 -1.08785 -0.00917303
0.456281 -1.09182 -0.0796854
0.505402 -1.09311 -0.0262402
0.549041 -1.09475 -0.0377518
0.598928 -1.09501 -0.00503157
0.644223 -1.09559 -0.0128083
0.691355 -1.09871 -0.0662551
0.74108 -1.10212 -0.0684929
0.79057 -1.10618 -0.0816928
0.833112 -1.11241 -0.145424
0.881796 -1.11997 -0.15422
0.931059 -1.12851 -0.171548
0.975396 -1.1373 -0.195823
1.02371 -1.14818 -0.221364
1.07154 -1.15952 -0.232814
1.11584 -1.17244 -0.283717
1.1641 -1.18545 -0.263486
1.20637 -1.19769 -0.281829
1.2452 -1.21056 -0.320032
1.28933 -1.22603 -0.337177
1.33018 -1.23919 -0.311478
1.3729 -1.25289 -0.31042
1.42017 -1.2687 -0.322801
1.46706 -1.28485 -0.331638
1.50884 -1.29929 -0.332827
1.55167 -1.3155 -0.361879
1.59738 -1.33275 -0.36076
1.64407 -1.35056 -0.364513
1.68667 -1.36814 -0.391201
1.7299 -1.38459 -0.363683
1.77424 -1.40088 -0.352099
1.81862 -1.41635 -0.335309
1.86539 -1.43402 -0.36133
1.90862 -1.44982 -0.350386
1.95266 -1.46838 -0.39894
1.99377 -1.48634 -0.41168
2.03956 -1.50464 -0.380368
2.07638 -1.52101 -0.418378
2.11848 -1.54301 -0.481477
2.16263 -1.56629 -0.485259
2.20543 -1.59083 -0.520682
2.24937 -1.61461 -0.496061
2.28834 -1.63605 -0.502842
2.33255 -1.65865 -0.472613
2.3768 -1.68075 -0.463163
2.42081 -1.70309 -0.46975
2.45431 -1.71985 -0.463894
2.4988 -1.74268 -0.474133
2.54115 -1.76429 -0.471725
2.58654 -1.78446 -0.418127
2.61841 -1.79946 -0.440152
2.65607 -1.81752 -0.44694
2.7005 -1.83941 -0.457902
2.7451 -1.86179 -0.465094
2.78724 -1.88227 -0.452357
2.8318 -1.90431 -0.459248
2.87226 -1.92337 -0.440401
2.91425 -1.94482 -0.47222
2.95915 -1.96592 -0.439216
2.99706 -1.98247 -0.41167
3.04045 -2.00152 -0.413817
3.08617 -2.02157 -0.413099
3.13098 -2.03752 -0.342139
3.17741 -2.05434 -0.347491
3.22177 -2.07011 -0.341543
3.26074 -2.08405 -0.343549
3.30368 -2.1012 -0.379928
3.34536 -2.11553 -0.331169
3.38496 -2.12981 -0.346206
3.43155 -2.14504 -0.315842
3.4729 -2.15957 -0.338026
3.50798 -2.17304 -0.36666
3.55166 -2.19006 -0.371443
3.58599 -2.20287 -0.357263
3.63001 -2.2182 -0.33506
3.66202 -2.23135 -0.389775
3.70274 -2.24865 -0.401785
3.735 -2.2628 -0.413313
3.76157 -2.27538 -0.442238
3.781 -2.28448 -0.438203
3.80122 -2.29322 -0.407809
3.82332 -2.30295 -0.414744
3.84147 -2.31069 -0.40284
3.87623 -2.3266 -0.42931
3.91196 -2.34394 -0.451724
3.93356 -2.35447 -0.453856
3.96334 -2.36995 -0.479277
3.9869 -2.38169 -0.462145
4.02757 -2.39974 -0.417752
4.06101 -2.41491 -0.425944
4.0778 -2.42194 -0.396319
4.11476 -2.4377 -0.403135
4.14521 -2.4499 -0.381015
4.16908 -2.46045 -0.416428
4.19696 -2.47329 -0.431493
4.22658 -2.48789 -0.457967
4.24878 -2.49815 -0.432871
4.28235 -2.51445 -0.451932
4.31326 -2.52953 -0.453927
4.33702 -2.54052 -0.433457
4.35773 -2.54932 -0.401615
4.37581 -2.55736 -0.418256
4.38845 -2.56282 -0.407891
4.40045 -2.5675 -0.37202
4.41267 -2.57252 -0.3896
4.41961 -2.5756 -0.417936
4.43749 -2.58356 -0.41893
4.44709 -2.58781 -0.4168
4.46198 -2.5935 -0.364872
4.47705 -2.59886 -0.341817
4.491 -2.60412 -0.360478
4.5142 -2.61366 -0.389973
4.53542 -2.62247 -0.393631
4.56316 -2.63328 -0.371673
4.58692 -2.64256 -0.372355
4.61747 -2.65512 -0.39021
4.6399 -2.66482 -0.408007
4.67174 -2.67852 -0.406353
4.68788 -2.68564 -0.415323
4.69587 -2.68929 -0.428414
4.70516 -2.69378 -0.450937
4.71806 -2.69959 -0.422678
4.73407 -2.70708 -0.437726
4.76334 -2.71986 -0.411636
4.78115 -2.72759 -0.409498
4.80442 -2.73687 -0.379516
4.82161 -2.74371 -0.378442
4.8398 -2.75068 -0.365966
4.86623 -2.76053 -0.356674
4.88841 -2.76872 -0.353752
4.90655 -2.77576 -0.370648
4.92037 -2.78093 -0.357633
4.92523 -2.78265 -0.340761
4.93534 -2.78638 -0.353444
4.9411 -2.7886 -0.367694
4.95932 -2.79511 -0.342915
4.98837 -2.80542 -0.34115
5.00112 -2.80982 -0.332599
5.0256 -2.81836 -0.335382
5.04313 -2.82442 -0.333216
5.0485 -2.82626 -0.32897
5.06004 -2.83034 -0.340214
5.07006 -2.83395 -0.345463
5.09225 -2.84311 -0.391429
5.1149 -2.85155 -0.356839
5.11845 -2.8529 -0.363624
5.12735 -2.85623 -0.35794
5.13676 -2.85988 -0.369902
5.1449 -2.86341 -0.409329
5.15286 -2.86675 -0.396392
5.155 -2.86777 -0.446109
5.16086 -2.8709 -0.491184
5.17298 -2.87754 -0.501221
5.17947 -2.88111 -0.502852
5.18174 -2.8823 -0.481867
5.19182 -2.88737 -0.46614
5.20457 -2.89347 -0.446057
5.21719 -2.89956 -0.449951
5.24349 -2.91406 -0.503774
True
0.24063
