4.48344 -0.000333826 3.16174
4.46905 -0.00093739 -3.09967
4.45384 -0.00157774 -3.09951
4.43466 -0.00252282 -3.09235
4.4147 -0.00341402 -3.09697
4.39896 -0.0037032 -3.12322
4.38691 -0.00420528 -3.09997
4.36763 -0.00500291 -3.10024
4.36171 -0.0052665 -3.09711
4.35101 -0.00590921 -3.0816
4.33226 -0.00727539 -3.06886
4.31632 -0.00871687 -3.05139
4.31001 -0.00947407 -3.0221
4.29565 -0.0113973 -3.00846
4.28205 -0.0131966 -3.01012
4.27169 -0.0143447 -3.03116
4.25645 -0.0157669 -3.04856
4.24841 -0.0168908 -3.00267
4.24066 -0.0183927 -2.95014
4.23128 -0.0207274 -2.89758
4.22862 -0.021511 -2.85599
4.21816 -0.0249562 -2.82325
4.20568 -0.0301299 -2.74863
4.18742 -0.0384638 -2.71336
4.17096 -0.046523 -2.68637
4.1491 -0.0581659 -2.65218
4.11154 -0.0796516 -2.62204
4.09123 -0.0918089 -2.60221
4.07027 -0.10686 -2.51871
4.06308 -0.112626 -2.46615
4.05589 -0.118955 -2.41954
4.0425 -0.133303 -2.32163
4.02663 -0.153168 -2.24494
4.01741 -0.166736 -2.16729
4.0106 -0.177879 -2.11936
3.99303 -0.212405 -2.0417
3.98045 -0.238228 -2.02408
3.96921 -0.262247 -2.00826
3.95502 -0.29491 -1.98071
3.94015 -0.333649 -1.93734
3.92666 -0.377791 -1.86743
3.91311 -0.420021 -1.88118
3.89967 -0.464133 -1.86656
3.89168 -0.491952 -1.8504
3.87854 -0.540076 -1.83735
3.86836 -0.583552 -1.80093
3.85594 -0.631919 -1.82206
3.84707 -0.665982 -1.82564
3.8359 -0.710413 -1.81706
3.82152 -0.758273 -1.86265
3.81312 -0.792163 -1.81385
3.80519 -0.824615 -1.81038
3.7976 -0.862734 -1.76742
3.78819 -0.903922 -1.79545
3.78172 -0.938932 -1.75359
3.77607 -0.964322 -1.78971
3.76792 -0.998297 -1.80605
3.76012 -1.03123 -1.80333
3.75031 -1.07658 -1.78401
3.73833 -1.12216 -1.8276
3.72632 -1.16969 -1.81834
3.71438 -1.21298 -1.8401
3.69967 -1.25829 -1.88457
3.68764 -1.29741 -1.86907
3.67127 -1.34466 -1.90452
3.65611 -1.38854 -1.90341
3.64038 -1.43471 -1.89903
3.62314 -1.48046 -1.93127
3.60579 -1.52681 -1.92902
3.59516 -1.5592 -1.88774
3.58707 -1.58048 -1.93411
3.57449 -1.612 -1.95048
3.5576 -1.65703 -1.92972
3.53875 -1.70209 -1.96695
3.52406 -1.73743 -1.9648
3.50847 -1.77522 -1.96213
3.48887 -1.82021 -1.98153
3.47033 -1.86494 -1.96378
3.45066 -1.91091 -1.97504
3.43095 -1.95316 -2.00732
3.41183 -1.99117 -2.03696
3.39867 -2.01767 -2.0315
3.37601 -2.06119 -2.05095
3.35451 -2.09974 -2.07946
3.33658 -2.13251 -2.0715
3.31786 -2.17195 -2.01395
3.30146 -2.20268 -2.0612
3.27845 -2.24281 -2.09125
3.25868 -2.27576 -2.11131
3.23851 -2.30864 -2.12109
3.21364 -2.3467 -2.14949
3.18724 -2.38354 -2.19274
3.15759 -2.42349 -2.20914
3.12866 -2.46079 -2.23045
3.10298 -2.49331 -2.2393
3.07012 -2.53094 -2.28861
3.03802 -2.5672 -2.29543
3.00475 -2.60243 -2.32754
2.97111 -2.63942 -2.30881
2.93681 -2.6746 -2.34363
2.90073 -2.70918 -2.37735
2.86446 -2.7435 -2.38379
2.83264 -2.77443 -2.3705
2.80458 -2.80117 -2.38006
2.76647 -2.83333 -2.44082
2.73495 -2.85994 -2.44033
2.71156 -2.87884 -2.46208
2.6749 -2.90864 -2.45898
2.63791 -2.94179 -2.41086
2.60777 -2.96841 -2.41817
2.58637 -2.98782 -2.40493
2.56707 -3.00501 -2.41399
2.5444 -3.02597 -2.39539
2.51584 -3.0518 -2.40632
2.4805 -3.08373 -2.40695
2.44386 -3.11186 -2.48674
2.41568 -3.13349 -2.48697
2.3831 -3.15751 -2.50637
2.34805 -3.18635 -2.45294
2.31951 -3.2099 -2.45178
2.29213 -3.23151 -2.4734
2.25818 -3.2571 -2.49574
2.22912 -3.27722 -2.536
2.18835 -3.30615 -2.52442
2.15073 -3.33236 -2.53305
2.10979 -3.36014 -2.54547
2.06958 -3.38635 -2.56394
2.02901 -3.41436 -2.53742
1.98641 -3.4403 -2.59465
1.94365 -3.46621 -2.59676
1.90133 -3.49032 -2.62365
1.86764 -3.50917 -2.63154
1.84307 -3.52266 -2.63949
1.79962 -3.54516 -2.66374
1.75798 -3.56631 -2.67161
1.71305 -3.58768 -2.69774
1.68309 -3.60105 -2.72177
1.646 -3.61798 -2.7134
1.60722 -3.63578 -2.71129
1.56379 -3.65241 -2.77594
1.5174 -3.67106 -2.75934
1.47948 -3.68609 -2.76422
1.44489 -3.69959 -2.76943
1.40504 -3.71357 -2.80417
1.35855 -3.73198 -2.76455
1.31394 -3.74782 -2.80028
1.27212 -3.76385 -2.77562
1.24434 -3.77404 -2.78992
1.20777 -3.78658 -2.81149
1.17449 -3.79892 -2.78633
1.1299 -3.8126 -2.84391
1.0896 -3.82419 -2.86168
1.04552 -3.83795 -2.83895
1.00346 -3.84928 -2.87848
0.965524 -3.85935 -2.88201
0.917051 -3.87124 -2.90111
0.871173 -3.88237 -2.9037
0.839652 -3.8887 -2.94335
0.8031 -3.89763 -2.90196
0.757698 -3.9065 -2.94861
0.710433 -3.91478 -2.96812
0.671891 -3.91904 -3.03168
0.639567 -3.92367 -2.99935
0.594718 -3.92937 -3.01511
0.54754 -3.93381 -3.04775
0.49763 -3.93642 -3.08929
0.447772 -3.93892 -3.09146
0.398372 -3.94038 -3.11205
0.350768 -3.94084 -3.13194
0.321179 -3.94047 -3.15431
0.282507 -3.93947 3.1158
0.23635 -3.93917 3.13509
0.188481 -3.93916 3.14151
0.150894 -3.93898 3.13678
0.101128 -3.94089 3.1798
0.0596868 -3.94154 -3.12584
0.0244278 -3.9419 -3.13134
-0.0177388 -3.94354 -3.10277
-0.0621152 -3.94423 -3.12596
-0.108739 -3.94602 -3.1032
-0.137934 -3.94684 -3.11363
-0.182976 -3.94743 -3.1285
-0.23297 -3.94813 -3.12762
-0.282301 -3.94869 -3.13019
-0.322782 -3.94829 -3.15155
-0.363796 -3.94786 3.13118
-0.406384 -3.94656 3.11107
-0.454486 -3.94478 3.10454
-0.501032 -3.94285 3.10015
-0.550689 -3.937 3.02443
-0.598093 -3.93039 3.00303
-0.647612 -3.92368 3.00681
-0.69459 -3.91874 3.03685
-0.744133 -3.912 3.00635
-0.792489 -3.90399 2.97743
-0.83722 -3.89388 2.91951
-0.884272 -3.88237 2.90156
-0.920925 -3.87139 2.8506
-0.961346 -3.85919 2.84838
-1.00912 -3.84445 2.84245
-1.05677 -3.82931 2.83394
-1.10184 -3.81655 2.86557
-1.14129 -3.80535 2.86498
-1.18212 -3.79462 2.88463
-1.2301 -3.78061 2.85745
-1.27856 -3.76845 2.8957
-1.31411 -3.75708 2.83223
-1.35493 -3.74643 2.88638
-1.39892 -3.73409 2.86803
-1.42074 -3.72698 2.82653
-1.4671 -3.70978 2.78632
-1.51009 -3.69144 2.73843
-1.55516 -3.67093 2.71458
-1.59432 -3.65275 2.70695
-1.64075 -3.63424 2.76225
-1.68048 -3.61621 2.71541
-1.71648 -3.59911 2.69829
-1.75021 -3.58324 2.70186
-1.78435 -3.56636 2.68239
-1.82816 -3.54274 2.64713
-1.87002 -3.52255 2.69216
-1.91181 -3.49947 2.6369
-1.92309 -3.49317 2.63245
-1.96549 -3.46817 2.60888
-2.00505 -3.44718 2.65379
-2.04142 -3.4271 2.63708
-2.07258 -3.40753 2.58091
-2.11319 -3.38088 2.56074
-2.15404 -3.35208 2.52742
-2.19547 -3.32419 2.54912
-2.23154 -3.30162 2.58251
-2.26729 -3.27775 2.55283
-2.30807 -3.25139 2.56795
-2.34952 -3.22342 2.5478
-2.38777 -3.19768 2.54925
-2.42717 -3.17036 2.53548
-2.46839 -3.14287 2.55335
-2.50041 -3.11775 2.47627
-2.53724 -3.08804 2.46279
-2.57572 -3.05862 2.48885
-2.6146 -3.02732 2.46383
-2.64863 -3.00026 2.46969
-2.68117 -2.9701 2.39437
-2.71778 -2.93631 2.39601
-2.75017 -2.90343 2.34874
-2.78564 -2.86845 2.36329
-2.81408 -2.83632 2.29537
-2.84619 -2.80168 2.31825
-2.87663 -2.76719 2.29382
-2.90851 -2.73221 2.30995
-2.93968 -2.69355 2.24934
-2.9726 -2.65594 2.28969
-3.00496 -2.62049 2.31074
-3.03331 -2.58656 2.26677
-3.06461 -2.54763 2.24804
-3.09556 -2.51115 2.27428
-3.12609 -2.47155 2.22761
-3.15769 -2.43302 2.25775
-3.18272 -2.40207 2.25086
-3.21293 -2.36224 2.21973
-3.24389 -2.32357 2.24579
-3.27293 -2.28501 2.21629
-3.30125 -2.24811 2.22553
-3.32888 -2.21047 2.2039
-3.35171 -2.18048 2.22158
-3.37306 -2.1522 2.21727
-3.39715 -2.11664 2.1662
-3.42355 -2.07648 2.15254
-3.45181 -2.03633 2.18403
-3.47987 -1.99833 2.20686
-3.50394 -1.96339 2.17392
-3.53148 -1.92242 2.16273
-3.55296 -1.88912 2.14369
-3.57613 -1.85366 2.14954
-3.59933 -1.81639 2.12751
-3.61962 -1.78101 2.09158
-3.64293 -1.73882 2.07543
-3.65982 -1.70845 2.07839
-3.67929 -1.67319 2.07536
-3.694 -1.64519 2.0545
-3.69911 -1.63518 2.0431
-3.71822 -1.60112 2.08206
-3.72049 -1.59701 2.07622
-3.73377 -1.57096 2.04227
-3.73984 -1.5589 2.03687
-3.75275 -1.53306 2.03399
-3.76581 -1.50726 2.03943
-3.77105 -1.49654 2.02519
-3.77313 -1.49179 1.98407
-3.78399 -1.46657 1.9775
-3.78868 -1.45482 1.95013
-3.79586 -1.43612 1.93733
-3.80265 -1.41627 1.90073
-3.8084 -1.39893 1.89118
-3.82582 -1.35563 1.95311
-3.83918 -1.32582 1.99212
-3.84396 -1.31514 1.99168
-3.85822 -1.28263 1.98416
-3.87653 -1.2431 2.00466
-3.89311 -1.20758 2.00746
-3.90932 -1.17342 2.0138
-3.92265 -1.14288 1.98249
-3.93378 -1.11798 1.99119
-3.9459 -1.08845 1.9602
-3.95324 -1.07173 1.98431
-3.96154 -1.05405 2.01008
-3.97132 -1.03232 1.9934
-3.97892 -1.01604 2.00773
-3.98815 -0.995472 1.99275
-4.00086 -0.966756 1.98728
-4.01606 -0.929179 1.95528
-4.0323 -0.891905 1.98153
-4.04293 -0.866033 1.96081
-4.05335 -0.839689 1.94744
-4.06238 -0.816689 1.94496
-4.07108 -0.793837 1.93454
-4.08222 -0.763483 1.92238
-4.08987 -0.746496 1.99409
-4.09441 -0.736968 2.01584
-4.10213 -0.720417 2.00713
-4.11295 -0.696047 1.9886
-4.12079 -0.676858 1.95845
-4.12903 -0.657739 1.97804
-4.1365 -0.640965 1.98958
-4.15107 -0.607873 1.98553
-4.15822 -0.590878 1.96904
-4.1682 -0.567358 1.97226
-4.17254 -0.556999 1.96751
-4.17964 -0.541511 2.00025
-4.18739 -0.526233 2.04066
-4.19709 -0.50635 2.02447
-4.20359 -0.49265 2.01388
-4.20637 -0.486609 2.00255
-4.2079 -0.483275 2.00114
-4.21917 -0.457222 1.97908
-4.22706 -0.438395 1.96747
-4.23804 -0.412413 1.97044
-4.24971 -0.381686 1.93396
-4.25318 -0.372579 1.93473
-4.26259 -0.347223 1.9262
-4.26577 -0.33803 1.90356
-4.26822 -0.32936 1.84632
-4.27363 -0.311158 1.85974
-4.27679 -0.301421 1.88494
-4.27988 -0.291447 1.87052
-4.28451 -0.27532 1.85065
-4.28317 -0.281022 1.80223
-4.28562 -0.26612 1.73374
-4.2866 -0.258834 1.70467
-4.28729 -0.253961 1.71161
-4.28794 -0.248623 1.69228
-4.28959 -0.237101 1.71296
-4.29288 -0.216885 1.7319
-4.29456 -0.204854 1.70976
-4.29529 -0.196707 1.66064
-4.29608 -0.187657 1.65696
-4.29663 -0.179149 1.63574
-4.29686 -0.175907 1.64316
-4.2974 -0.170451 1.66952
True
0.164431
