-5.48639 -1.33177 0.234258
-5.43878 -1.32109 0.220644
-5.39056 -1.30987 0.228619
-5.34279 -1.29561 0.290088
-5.29757 -1.2821 0.290398
-5.24991 -1.26908 0.266544
-5.20853 -1.25918 0.234938
-5.16047 -1.24934 0.201979
-5.11214 -1.2373 0.2441
-5.06687 -1.22625 0.239374
-5.01844 -1.21472 0.233692
-4.97089 -1.20365 0.22877
-4.92554 -1.19288 0.233263
-4.87672 -1.18225 0.214384
-4.8285 -1.16929 0.262555
-4.78041 -1.1557 0.27548
-4.73574 -1.1418 0.301561
-4.6884 -1.12748 0.293758
-4.64066 -1.1126 0.302263
-4.59325 -1.09882 0.282773
-4.55682 -1.08753 0.300567
-4.51372 -1.07505 0.281908
-4.46736 -1.06372 0.239623
-4.42204 -1.05206 0.251896
-4.37317 -1.0426 0.191056
-4.32395 -1.03398 0.173516
-4.27483 -1.02608 0.159421
-4.22623 -1.01448 0.23434
-4.18197 -1.0042 0.228065
-4.14911 -0.99808 0.184216
-4.10475 -0.989125 0.199204
-4.06012 -0.978176 0.240603
-4.02885 -0.969968 0.256634
-3.9834 -0.956797 0.282047
-3.93583 -0.941389 0.313267
-3.88805 -0.928267 0.268015
-3.84032 -0.913448 0.30108
-3.80028 -0.900447 0.313959
-3.75288 -0.884565 0.323299
-3.70589 -0.868029 0.33834
-3.66968 -0.85855 0.256016
-3.64415 -0.852722 0.224473
-3.60417 -0.84209 0.25994
-3.55726 -0.827129 0.308709
-3.51242 -0.812999 0.30525
-3.46592 -0.795292 0.363835
-3.42157 -0.779603 0.34008
-3.37418 -0.763935 0.319258
-3.3379 -0.750162 0.362803
-3.30269 -0.736433 0.371859
-3.27064 -0.724927 0.344627
-3.22536 -0.710869 0.301033
-3.18381 -0.697395 0.313628
-3.13601 -0.683106 0.290448
-3.09042 -0.668596 0.308103
-3.04337 -0.651722 0.344391
-3.00348 -0.639386 0.29994
-2.96138 -0.624803 0.333471
-2.91435 -0.608299 0.337435
-2.86884 -0.593887 0.306701
-2.82074 -0.580827 0.265135
-2.77838 -0.566081 0.334961
-2.73357 -0.551666 0.31123
-2.68711 -0.533178 0.378756
-2.65007 -0.521041 0.316643
-2.60322 -0.503602 0.356335
-2.56077 -0.486512 0.382714
-2.51541 -0.469472 0.359391
-2.47281 -0.453907 0.350322
-2.42705 -0.436314 0.366986
-2.39115 -0.423442 0.344273
-2.34524 -0.405633 0.370068
-2.29935 -0.389572 0.336637
-2.25257 -0.372288 0.353957
-2.20592 -0.355937 0.337141
-2.15839 -0.340447 0.315004
-2.1216 -0.32699 0.350656
-2.07814 -0.313317 0.304847
-2.03107 -0.296476 0.343554
-1.98492 -0.279795 0.346862
-1.94642 -0.267469 0.30983
-1.89946 -0.25242 0.310142
-1.85167 -0.237982 0.293406
-1.80706 -0.227111 0.239013
-1.759 -0.214597 0.254704
-1.71145 -0.205096 0.197261
-1.6664 -0.19356 0.250648
-1.618 -0.1816 0.242266
-1.56939 -0.170066 0.232968
-1.52691 -0.159228 0.249782
-1.47947 -0.148672 0.218951
-1.43099 -0.13689 0.238419
-1.38351 -0.127222 0.200867
-1.33478 -0.11669 0.212865
-1.28875 -0.106737 0.21294
-1.24693 -0.0981565 0.202379
-1.19789 -0.0892875 0.178904
-1.15387 -0.0842074 0.114901
-1.10604 -0.0773916 0.141552
-1.05669 -0.0734378 0.0799509
-1.01499 -0.0688116 0.110479
-0.971442 -0.0626126 0.141404
-0.922005 -0.0551344 0.150128
-0.879437 -0.0494757 0.132159
-0.829854 -0.0432194 0.125514
-0.784589 -0.0381011 0.112597
-0.738517 -0.0319288 0.133178
-0.689096 -0.0259529 0.120334
-0.643559 -0.0218079 0.0907747
-0.594887 -0.0189865 0.0579028
-0.54619 -0.0172819 0.0349895
-0.496637 -0.0159647 0.0265751
-0.459081 -0.0157657 0.00530038
-0.409145 -0.014998 0.0153717
-0.36531 -0.0156715 -0.0153632
-0.315527 -0.0171685 -0.0300605
-0.265557 -0.0165354 0.0126682
-0.217162 -0.0153522 0.0244449
-0.172153 -0.0120461 0.0733201
-0.1223 -0.00845867 0.0718373
-0.0771499 -0.00404946 0.097348
-0.0271566 -0.0032467 0.0160559
0.0103571 -0.00251178 0.0195883
0.0582511 -0.000448592 0.0430516
0.108157 0.00172917 0.0436096
0.154619 0.00422977 0.053769
0.203874 0.00798605 0.0761148
0.253597 0.0130943 0.102373
0.301341 0.0171421 0.0845799
0.349226 0.0195976 0.0512346
0.397153 0.0255083 0.122708
0.444828 0.0314378 0.123736
0.494336 0.0375231 0.122303
0.525614 0.0391777 0.0528492
0.573988 0.0425825 0.070269
0.623638 0.0476469 0.10165
0.67056 0.0515519 0.0830325
0.715268 0.0552933 0.0834904
0.763866 0.0613761 0.124519
0.813186 0.0675529 0.124588
0.85611 0.0741419 0.152314
0.891507 0.0796557 0.154533
0.940662 0.086922 0.146758
0.989989 0.0941901 0.146295
1.03895 0.0987578 0.0930177
1.08859 0.104479 0.11476
1.13852 0.106403 0.0385076
1.18635 0.106804 0.00839088
1.22821 0.108022 0.0290788
1.27785 0.111203 0.0640014
1.3241 0.116335 0.110508
1.37368 0.122755 0.12877
1.40808 0.127707 0.142989
1.45507 0.131765 0.0861487
1.50468 0.136996 0.105032
1.55026 0.142147 0.112561
1.59091 0.14596 0.0935155
1.62964 0.151221 0.135016
1.67716 0.158797 0.158102
1.7263 0.167999 0.185112
1.77505 0.177237 0.187279
1.82262 0.184506 0.151616
1.87232 0.189843 0.106971
1.92199 0.195307 0.109575
1.96744 0.200494 0.113631
2.00775 0.202759 0.0561499
2.05351 0.208971 0.134901
2.10271 0.216004 0.142007
2.15098 0.224136 0.166898
2.19962 0.229303 0.10582
2.24757 0.233386 0.084964
2.29704 0.240534 0.143491
2.34241 0.246061 0.121207
2.38681 0.250412 0.0977092
2.43043 0.253926 0.0803727
2.4797 0.259126 0.10513
2.52856 0.26369 0.093154
2.57773 0.269265 0.112898
2.62761 0.27274 0.0695527
2.67558 0.277014 0.0888643
2.72553 0.277681 0.013348
2.77265 0.27823 0.0116528
2.82022 0.277843 -0.00813155
2.87007 0.276119 -0.0345665
2.91328 0.275999 -0.00278006
2.96319 0.276583 0.011702
3.00582 0.279568 0.069897
3.05212 0.283179 0.0778377
3.09589 0.285855 0.0610599
3.14116 0.289395 0.0780499
3.18593 0.290083 0.0153549
3.23436 0.291183 0.0227137
3.27751 0.292768 0.0367149
3.3274 0.295736 0.0594242
3.37596 0.298537 0.0576063
3.40811 0.30129 0.0854298
3.45776 0.304233 0.0592123
3.49072 0.30705 0.0852561
3.53721 0.311211 0.0892609
3.57918 0.312002 0.0188406
3.61636 0.314612 0.0700878
3.65602 0.318949 0.108933
3.69586 0.325273 0.157401
3.74013 0.332891 0.170428
3.7829 0.340952 0.186272
3.83126 0.350958 0.204018
3.85607 0.355508 0.181414
3.89052 0.362086 0.188657
3.93106 0.369099 0.171307
3.95995 0.373948 0.166259
4.00667 0.381296 0.156008
4.03793 0.385497 0.13358
4.06183 0.387882 0.0994987
4.09422 0.392111 0.129825
4.13945 0.399511 0.162179
4.17557 0.404273 0.13108
4.2076 0.408911 0.14379
4.24291 0.414295 0.15132
4.27712 0.419376 0.147451
4.32043 0.425597 0.142667
4.36623 0.433355 0.167764
4.40951 0.440089 0.154367
4.4475 0.446593 0.16957
4.48651 0.453771 0.181948
4.53124 0.462795 0.199085
4.56881 0.469377 0.173432
4.60747 0.476197 0.174595
4.64664 0.48172 0.140079
4.6856 0.487598 0.149748
4.7124 0.49106 0.128447
4.74767 0.494945 0.109712
4.77584 0.497638 0.0953083
4.80555 0.501218 0.119945
4.83182 0.505389 0.157428
4.85243 0.508239 0.137423
4.87964 0.511428 0.116673
4.90648 0.513684 0.0838631
4.91957 0.514542 0.0655048
4.9313 0.515476 0.079323
4.95103 0.517605 0.107572
4.96636 0.519023 0.0922339
4.99991 0.523315 0.127223
5.02691 0.526369 0.112599
5.0585 0.529629 0.102848
5.07176 0.530822 0.0897333
5.07203 0.530845 0.0860463
5.08182 0.531803 0.0975013
5.08768 0.532641 0.142039
5.09572 0.533689 0.129696
5.1053 0.535359 0.172573
5.11743 0.537658 0.187224
5.12526 0.538744 0.137803
5.13335 0.539762 0.125299
5.14598 0.54089 0.0890349
5.15238 0.54098 0.0140482
5.15739 0.541009 0.00589782
5.16402 0.540788 -0.0333154
5.16741 0.540595 -0.0569164
5.17611 0.540187 -0.046937
5.18006 0.54005 -0.0344745
5.19113 0.539483 -0.0511777
5.19348 0.539356 -0.0540571
5.1981 0.539121 -0.050931
5.20701 0.538823 -0.033421
True
0.0691211
