-5.48726 -0.63928 0.241219
-5.48043 -0.637648 0.234739
-5.43576 -0.627405 0.225416
-5.39813 -0.620034 0.193404
-5.35808 -0.609163 0.26506
-5.31418 -0.596214 0.286837
-5.26586 -0.58352 0.256907
-5.21754 -0.570819 0.257035
-5.1692 -0.558048 0.258292
-5.12287 -0.546442 0.245473
-5.07458 -0.534019 0.251773
-5.02957 -0.519915 0.303641
-4.99224 -0.511651 0.217887
-4.94427 -0.500414 0.230096
-4.89831 -0.488147 0.260817
-4.85013 -0.475182 0.262884
-4.80214 -0.463571 0.237391
-4.76299 -0.451258 0.304717
-4.72295 -0.437679 0.326926
-4.67541 -0.423279 0.294105
-4.62677 -0.411962 0.228628
-4.58629 -0.402861 0.22114
-4.53796 -0.392191 0.21727
-4.48873 -0.384075 0.163409
-4.44415 -0.374948 0.201958
-4.39711 -0.364642 0.215661
-4.35266 -0.35474 0.219159
-4.31435 -0.346987 0.199725
-4.27668 -0.336583 0.269444
-4.23481 -0.325535 0.257968
-4.18698 -0.311709 0.281406
-4.1442 -0.300995 0.245424
-4.09905 -0.289581 0.247571
-4.05548 -0.277077 0.279498
-4.00701 -0.265352 0.237361
-3.95852 -0.253198 0.245556
-3.91166 -0.242826 0.217844
-3.86477 -0.232892 0.208781
-3.82167 -0.222708 0.232023
-3.7732 -0.210953 0.237915
-3.72709 -0.201991 0.191978
-3.68296 -0.193902 0.181306
-3.6382 -0.183946 0.218835
-3.58984 -0.173431 0.214092
-3.55004 -0.162763 0.261897
-3.50116 -0.152675 0.203552
-3.45615 -0.143186 0.207777
-3.40715 -0.134263 0.180114
-3.35834 -0.123679 0.21353
-3.30999 -0.111969 0.237617
-3.26168 -0.0994032 0.254453
-3.22066 -0.0883844 0.262479
-3.18431 -0.0771882 0.29879
-3.13878 -0.0623953 0.314095
-3.0919 -0.0480093 0.297781
-3.05438 -0.0380621 0.25914
-3.00784 -0.0258419 0.256774
-2.96075 -0.0139755 0.246877
-2.91262 -0.00110226 0.261354
-2.86706 0.0102377 0.243926
-2.83492 0.01911 0.269315
-2.79242 0.0290418 0.229563
-2.74401 0.039397 0.210763
-2.69661 0.0508659 0.237401
-2.65306 0.0634073 0.280389
-2.60982 0.0729091 0.216299
-2.56173 0.0836927 0.220599
-2.51308 0.0951257 0.2308
-2.46694 0.105713 0.225556
-2.41829 0.115115 0.190901
-2.37491 0.123387 0.188445
-2.33348 0.132766 0.222611
-2.29145 0.144284 0.267462
-2.2515 0.152751 0.20884
-2.20318 0.165553 0.259004
-2.15496 0.178243 0.257325
-2.10693 0.192145 0.281773
-2.07115 0.199926 0.214133
-2.03407 0.208632 0.230589
-1.98744 0.218987 0.218546
-1.94047 0.233532 0.300267
-1.89385 0.247088 0.282956
-1.86316 0.256282 0.291152
-1.81567 0.270598 0.292729
-1.77264 0.285263 0.328471
-1.73146 0.296075 0.256781
-1.68928 0.308565 0.287928
-1.64366 0.322243 0.291274
-1.59562 0.335226 0.263935
-1.54779 0.347076 0.242864
-1.50148 0.357828 0.228158
-1.45317 0.369392 0.234897
-1.41155 0.380499 0.260803
-1.36451 0.394177 0.283019
-1.31969 0.406794 0.274369
-1.27643 0.419831 0.292696
-1.22877 0.434434 0.297309
-1.18444 0.445619 0.247159
-1.13649 0.458419 0.260857
-1.09095 0.469174 0.231956
-1.0441 0.481365 0.254584
-1.00454 0.490911 0.236741
-0.957489 0.500374 0.198475
-0.912002 0.51102 0.229899
-0.877779 0.520489 0.269937
-0.841111 0.529732 0.246946
-0.794301 0.54416 0.298969
-0.746987 0.559205 0.307886
-0.701306 0.57183 0.269638
-0.655272 0.586231 0.303194
-0.612665 0.598964 0.290398
-0.568239 0.610369 0.251278
-0.51965 0.621637 0.227874
-0.474212 0.633464 0.254648
-0.431247 0.645095 0.264373
-0.387341 0.657893 0.283632
-0.339882 0.670557 0.260766
-0.291397 0.681741 0.226702
-0.246753 0.693711 0.261949
-0.199064 0.706762 0.267143
-0.150422 0.717478 0.216837
-0.101752 0.727054 0.194273
-0.0527944 0.737126 0.202895
-0.00383972 0.746561 0.190384
0.0395521 0.75332 0.154535
0.0820618 0.759603 0.146741
0.12927 0.768322 0.182627
0.178339 0.777926 0.193287
0.227541 0.786766 0.177778
0.275901 0.795592 0.180505
0.324584 0.80081 0.106776
0.373439 0.810338 0.192609
0.422849 0.817991 0.153676
0.45811 0.823133 0.144794
0.497919 0.830798 0.190217
0.546652 0.839253 0.171793
0.595425 0.850236 0.221476
0.642239 0.860344 0.21266
0.687969 0.870174 0.211745
0.729473 0.880603 0.246178
0.776763 0.891427 0.225018
0.824411 0.903668 0.251462
0.871717 0.917579 0.285999
0.909647 0.929905 0.314202
0.948393 0.94266 0.31802
0.996501 0.95569 0.2645
1.03244 0.963449 0.212624
1.07975 0.975267 0.24481
1.12113 0.984742 0.225074
1.16778 0.995854 0.23384
1.21379 1.00831 0.264436
1.25447 1.0174 0.219783
1.30214 1.02744 0.207668
1.35143 1.03559 0.163689
1.3991 1.04187 0.131135
1.44597 1.0489 0.148806
1.49537 1.05602 0.143193
1.54141 1.06518 0.196327
1.58591 1.07463 0.20922
1.63309 1.08352 0.186359
1.67714 1.09158 0.180975
1.72605 1.10169 0.203868
1.7731 1.10988 0.172265
1.82197 1.11833 0.171183
1.87061 1.12525 0.141393
1.92003 1.13241 0.143865
1.96894 1.14049 0.163711
2.01574 1.14922 0.184402
2.06421 1.16129 0.244123
2.11139 1.17422 0.267476
2.1572 1.18911 0.314165
2.1964 1.20105 0.295646
2.24346 1.21281 0.244922
2.29152 1.22463 0.241199
2.33594 1.23723 0.276445
2.38449 1.24745 0.207375
2.43281 1.2596 0.246401
2.47053 1.2711 0.295826
2.51847 1.28524 0.286939
2.56323 1.29928 0.303823
2.59739 1.30955 0.292132
2.63583 1.32165 0.304801
2.6824 1.33816 0.340757
2.7293 1.35517 0.348045
2.77243 1.36987 0.328445
2.82026 1.38441 0.295098
2.86738 1.39875 0.295357
2.91449 1.41511 0.334273
2.96289 1.42752 0.251091
3.00979 1.43914 0.242854
3.05601 1.45137 0.25854
3.09657 1.4602 0.214458
3.12639 1.46686 0.219653
3.17342 1.4761 0.194086
3.21229 1.48476 0.219085
3.25964 1.49733 0.25958
3.29412 1.50423 0.197522
3.33932 1.51538 0.241785
3.38608 1.52901 0.283605
3.42167 1.53685 0.2168
3.45942 1.54594 0.23642
3.49765 1.5544 0.217845
3.53345 1.56285 0.231814
3.57914 1.5735 0.22882
3.6117 1.58078 0.220143
3.65016 1.59049 0.247267
3.69053 1.59931 0.215138
3.73555 1.6064 0.156203
3.77287 1.61301 0.17515
3.79497 1.61575 0.123327
3.82993 1.61967 0.111741
3.86658 1.6251 0.147005
3.88715 1.62825 0.152109
3.92719 1.63522 0.172379
3.95826 1.6411 0.186892
4.0054 1.65151 0.217493
4.05048 1.66053 0.197359
4.09056 1.66868 0.200804
4.13261 1.67682 0.191056
4.16646 1.68283 0.175912
4.21209 1.68774 0.107123
4.24155 1.69144 0.124759
4.28104 1.69772 0.157751
4.32588 1.7056 0.173909
4.36313 1.71298 0.195686
4.40086 1.71944 0.169564
4.43277 1.72628 0.211142
4.45701 1.73132 0.204994
4.48416 1.73734 0.218182
4.5222 1.74787 0.270073
4.56259 1.76001 0.292078
4.60001 1.77245 0.320855
4.64118 1.78625 0.323385
4.67739 1.79791 0.311728
4.71003 1.80846 0.312538
4.73151 1.81518 0.303007
4.74545 1.81946 0.297997
4.76411 1.82428 0.252715
4.77621 1.82724 0.239885
4.79163 1.8308 0.227218
4.8122 1.83737 0.309148
4.82727 1.84284 0.347884
4.83933 1.8473 0.354488
4.86815 1.85833 0.365563
4.88327 1.86368 0.340117
4.91137 1.87276 0.312502
4.93274 1.87971 0.314285
4.95578 1.88645 0.284779
4.97006 1.8903 0.263188
4.98814 1.89564 0.287207
5.01224 1.9034 0.311666
5.03114 1.90943 0.308389
5.03558 1.91076 0.291501
5.05667 1.91704 0.289385
5.06568 1.91962 0.278968
5.07737 1.92355 0.324417
5.0845 1.92601 0.332403
5.09564 1.92987 0.333831
5.10538 1.933 0.310663
5.12504 1.93865 0.27991
5.13046 1.93993 0.232575
5.13769 1.94147 0.209376
5.15254 1.94597 0.294226
5.15977 1.94818 0.296275
5.17153 1.95191 0.307213
5.17938 1.95453 0.322291
5.19487 1.95932 0.30006
5.20448 1.96176 0.248184
5.20867 1.96275 0.232255
5.21922 1.96543 0.248547
5.21647 1.96479 0.22692
5.2228 1.96638 0.246402
5.22383 1.9667 0.294431
5.22308 1.96641 0.369347
5.22967 1.96971 0.465115
True
0.276966
