-5.48318 0.732097 -0.404815
-5.46447 0.722597 -0.469847
-5.41907 0.701678 -0.431787
-5.37437 0.682437 -0.406451
-5.34121 0.668879 -0.388096
-5.31048 0.65548 -0.411194
-5.26517 0.636249 -0.401385
-5.21806 0.620557 -0.321511
-5.17145 0.603807 -0.345037
-5.13197 0.588186 -0.376776
-5.08637 0.571988 -0.341327
-5.03905 0.555913 -0.327439
-4.99173 0.541097 -0.303458
-4.9515 0.526625 -0.345299
-4.90624 0.511285 -0.326798
-4.85871 0.496008 -0.310953
-4.81986 0.485652 -0.260506
-4.77527 0.473944 -0.2568
-4.73145 0.462208 -0.261682
-4.68339 0.448661 -0.274711
-4.63742 0.435673 -0.275381
-4.59018 0.419594 -0.328097
-4.55286 0.408885 -0.279379
-4.50579 0.39543 -0.278438
-4.46771 0.382602 -0.324922
-4.42277 0.367304 -0.32813
-4.38699 0.353865 -0.359268
-4.34994 0.34138 -0.325079
-4.30198 0.327384 -0.283921
-4.25646 0.311912 -0.327651
-4.20862 0.297362 -0.295274
-4.16224 0.284914 -0.262191
-4.12009 0.273624 -0.26169
-4.07374 0.260648 -0.272987
-4.02609 0.245609 -0.30573
-3.97893 0.230578 -0.308499
-3.93309 0.214797 -0.33159
-3.88869 0.198101 -0.3597
-3.84229 0.18022 -0.36777
-3.79899 0.163512 -0.368305
-3.755 0.145032 -0.397746
-3.71038 0.127053 -0.38301
-3.66336 0.110076 -0.346448
-3.62845 0.0971026 -0.355847
-3.58118 0.0813739 -0.32125
-3.53679 0.066327 -0.326797
-3.48944 0.0506053 -0.320593
-3.44183 0.0358689 -0.300157
-3.3935 0.0231731 -0.256877
-3.34618 0.00707181 -0.327995
-3.30081 -0.00824691 -0.325601
-3.25373 -0.0242966 -0.328565
-3.21646 -0.0373535 -0.336974
-3.1733 -0.0504406 -0.294418
-3.12599 -0.0612551 -0.224713
-3.07704 -0.0712112 -0.20065
-3.02847 -0.0818676 -0.215973
-2.97954 -0.0920936 -0.206038
-2.93309 -0.102621 -0.222885
-2.89247 -0.112684 -0.242818
-2.84544 -0.124356 -0.243291
-2.79967 -0.135678 -0.242495
-2.75365 -0.14881 -0.277951
-2.71012 -0.160128 -0.254343
-2.66286 -0.173056 -0.26708
-2.61447 -0.185559 -0.252826
-2.5675 -0.197691 -0.252739
-2.52643 -0.207098 -0.225196
-2.49339 -0.217377 -0.301635
-2.44555 -0.230993 -0.27725
-2.40235 -0.247456 -0.364114
-2.35609 -0.265838 -0.378222
-2.30923 -0.28327 -0.356144
-2.26233 -0.30005 -0.343602
-2.21565 -0.317577 -0.359186
-2.16873 -0.334858 -0.352883
-2.12412 -0.352914 -0.384567
-2.07862 -0.3736 -0.426712
-2.03229 -0.391445 -0.367688
-1.98645 -0.409366 -0.372673
-1.94035 -0.427762 -0.379674
-1.90094 -0.442638 -0.360925
-1.85763 -0.457899 -0.338766
-1.81115 -0.47622 -0.375475
-1.77308 -0.488235 -0.305725
-1.7404 -0.498572 -0.306386
-1.69315 -0.512673 -0.290021
-1.64626 -0.529405 -0.342698
-1.60742 -0.544318 -0.366609
-1.56112 -0.563199 -0.387266
-1.51577 -0.58168 -0.386964
-1.47065 -0.600047 -0.386533
-1.42455 -0.619123 -0.392407
-1.37996 -0.637464 -0.390165
-1.33824 -0.655553 -0.409128
-1.29316 -0.675843 -0.422975
-1.2513 -0.694055 -0.410338
-1.20563 -0.714403 -0.419148
-1.16349 -0.732764 -0.410912
-1.11992 -0.752977 -0.434401
-1.07465 -0.773663 -0.428602
-1.03821 -0.792215 -0.470897
-0.995173 -0.814962 -0.48622
-0.952476 -0.837502 -0.485716
-0.921016 -0.854751 -0.501514
-0.889248 -0.871933 -0.49581
-0.84696 -0.898439 -0.559887
-0.806277 -0.92255 -0.535002
-0.768849 -0.943935 -0.519094
-0.724533 -0.965356 -0.450253
-0.679123 -0.985858 -0.424092
-0.637148 -1.00373 -0.402467
-0.592539 -1.02545 -0.453165
-0.548116 -1.04808 -0.471154
-0.505286 -1.07128 -0.496342
-0.459331 -1.09096 -0.404772
-0.413617 -1.10855 -0.367186
-0.366442 -1.12479 -0.331606
-0.318717 -1.13956 -0.300122
-0.28331 -1.1499 -0.284029
-0.238226 -1.16371 -0.297319
-0.20074 -1.17693 -0.338983
-0.1692 -1.18683 -0.304264
-0.124434 -1.20194 -0.325596
-0.077681 -1.21897 -0.34932
-0.0327852 -1.23481 -0.339048
0.00977978 -1.2514 -0.371631
0.0362344 -1.25977 -0.306494
0.0843873 -1.27262 -0.260881
0.132098 -1.28755 -0.303236
0.177803 -1.30104 -0.286902
0.223082 -1.3136 -0.270601
0.26742 -1.32412 -0.233047
0.315508 -1.33772 -0.275641
0.360913 -1.35035 -0.27134
0.409056 -1.36334 -0.263532
0.443943 -1.37364 -0.28694
0.489459 -1.38892 -0.324013
0.531395 -1.40153 -0.292076
0.580032 -1.41294 -0.230408
0.619964 -1.42462 -0.284555
0.667695 -1.43763 -0.265969
0.713714 -1.45122 -0.287321
0.760817 -1.46482 -0.280948
0.806677 -1.48153 -0.349502
0.853192 -1.49986 -0.375351
0.898171 -1.51721 -0.368067
0.941563 -1.53344 -0.358019
0.988173 -1.55139 -0.367669
1.03289 -1.56718 -0.339438
1.08027 -1.58294 -0.321142
1.1267 -1.59787 -0.31097
1.17272 -1.61299 -0.317374
1.20512 -1.62554 -0.36965
1.24514 -1.6427 -0.40526
1.28961 -1.66384 -0.443668
1.32928 -1.68093 -0.406758
1.37537 -1.70032 -0.398232
1.41827 -1.72064 -0.442424
1.46009 -1.73848 -0.403077
1.49827 -1.75548 -0.419021
1.54212 -1.77402 -0.399814
1.58854 -1.79216 -0.372704
1.63534 -1.80881 -0.341766
1.68097 -1.82634 -0.366728
1.72722 -1.8438 -0.361021
1.77355 -1.86054 -0.346777
1.82136 -1.87518 -0.297034
1.85814 -1.8866 -0.30116
1.89567 -1.89833 -0.302937
1.94257 -1.91237 -0.290806
1.98745 -1.92623 -0.299668
2.03393 -1.94169 -0.320937
2.08186 -1.95511 -0.273076
2.12993 -1.96847 -0.27113
2.17541 -1.98186 -0.286224
2.21975 -1.99583 -0.305242
2.26698 -2.01036 -0.298428
2.31267 -2.0248 -0.306236
2.36 -2.04084 -0.326631
2.40335 -2.05477 -0.310888
2.44456 -2.0677 -0.304022
2.49226 -2.08246 -0.300235
2.53898 -2.10027 -0.364087
2.58463 -2.11764 -0.363654
2.63116 -2.13583 -0.372595
2.67755 -2.15439 -0.380749
2.72378 -2.17266 -0.376332
2.76533 -2.18986 -0.392403
2.81126 -2.2054 -0.326212
2.85405 -2.22105 -0.350673
2.89345 -2.23794 -0.404887
2.93207 -2.2554 -0.424798
2.97808 -2.27414 -0.386694
3.02418 -2.2935 -0.397659
3.06997 -2.3135 -0.411739
3.10828 -2.33043 -0.416084
3.1528 -2.35148 -0.441747
3.19416 -2.37104 -0.441679
3.23671 -2.39282 -0.473212
3.28137 -2.41519 -0.464321
3.32365 -2.43463 -0.430919
3.36586 -2.45326 -0.415567
3.40916 -2.47464 -0.458829
3.4411 -2.48969 -0.440207
3.48307 -2.50849 -0.421036
3.52068 -2.52426 -0.39703
3.56072 -2.53999 -0.374371
3.60592 -2.5587 -0.392467
3.62607 -2.56842 -0.449396
3.64386 -2.57703 -0.450815
3.66705 -2.58764 -0.428959
3.69641 -2.60037 -0.409117
3.72802 -2.61311 -0.383219
3.75497 -2.62439 -0.396402
3.79019 -2.63927 -0.39973
3.83331 -2.65827 -0.415209
3.87641 -2.67555 -0.381191
3.91985 -2.69418 -0.40507
3.94367 -2.70403 -0.392256
3.96794 -2.71229 -0.327838
3.98748 -2.71979 -0.36646
4.01009 -2.7286 -0.371765
4.02811 -2.73579 -0.379578
4.04738 -2.74474 -0.435023
4.08032 -2.75905 -0.409821
4.098 -2.76652 -0.399697
4.12444 -2.77631 -0.354519
4.14008 -2.78213 -0.356263
4.15857 -2.78835 -0.32471
4.18937 -2.79878 -0.326305
4.21357 -2.80814 -0.369343
4.24189 -2.8186 -0.353753
4.26413 -2.82682 -0.353984
4.28288 -2.83356 -0.345136
4.29522 -2.83829 -0.366087
4.32117 -2.84865 -0.379692
4.34012 -2.85707 -0.418221
4.35666 -2.86501 -0.447396
4.3715 -2.8723 -0.456662
4.38434 -2.87846 -0.447233
4.41415 -2.892 -0.426438
4.42913 -2.8992 -0.448265
4.44547 -2.90685 -0.437781
4.47531 -2.92207 -0.471642
4.49672 -2.9332 -0.479295
4.52524 -2.94955 -0.52053
4.56541 -2.97178 -0.505507
4.60215 -2.99281 -0.519905
4.63309 -3.01017 -0.511202
4.66754 -3.02983 -0.518645
4.69585 -3.04566 -0.509967
4.72514 -3.06181 -0.503638
4.74155 -3.07092 -0.50672
4.75328 -3.07836 -0.565415
4.7773 -3.09498 -0.605357
4.80432 -3.11357 -0.602654
4.82404 -3.12775 -0.623667
4.84237 -3.14046 -0.60603
4.85831 -3.15165 -0.6119
4.87473 -3.16307 -0.607642
4.88581 -3.17115 -0.630188
4.89673 -3.17939 -0.646734
4.90719 -3.1868 -0.616341
4.93383 -3.20497 -0.598601
4.94898 -3.21523 -0.594824
4.9677 -3.22776 -0.590362
4.97512 -3.23263 -0.579862
4.98817 -3.24091 -0.565423
4.99795 -3.24782 -0.615101
5.01409 -3.25938 -0.621628
5.01943 -3.26335 -0.639762
5.02383 -3.26662 -0.639725
5.02577 -3.26807 -0.639045
5.02968 -3.27103 -0.647498
5.03277 -3.27316 -0.603947
5.03524 -3.27492 -0.618368
5.03588 -3.27537 -0.620148
5.03922 -3.27767 -0.601936
5.0557 -3.28918 -0.609666
5.05958 -3.29167 -0.571596
5.07554 -3.30162 -0.557393
5.09028 -3.31118 -0.575536
5.10025 -3.31721 -0.543599
5.11202 -3.32375 -0.507282
5.12192 -3.32924 -0.506716
5.13762 -3.33657 -0.436328
5.15166 -3.34258 -0.404812
5.16796 -3.34901 -0.375419
5.18007 -3.35324 -0.335959
5.18739 -3.35559 -0.311969
5.19504 -3.35814 -0.321338
5.20415 -3.36117 -0.321135
5.20813 -3.36256 -0.334222
True
0.068195
