-5.47044 -0.223535 -0.0642072
-5.42077 -0.224776 -0.02498
-5.37253 -0.224649 0.00263268
-5.32275 -0.224598 0.00102574
-5.27545 -0.224407 0.00403171
-5.22559 -0.220722 0.0737747
-5.18384 -0.217773 0.0705059
-5.13389 -0.216792 0.0196517
-5.09038 -0.212906 0.0890779
-5.0415 -0.209453 0.070528
-4.99177 -0.207008 0.0491124
-4.94252 -0.206831 0.00359963
-4.89536 -0.207001 -0.00360383
-4.85005 -0.205354 0.0363358
-4.80756 -0.206009 -0.0154081
-4.76746 -0.206085 -0.00191204
-4.72936 -0.204941 0.0300279
-4.68269 -0.202641 0.0492432
-4.63442 -0.202883 -0.00501482
-4.5853 -0.20379 -0.0184627
-4.5354 -0.20513 -0.0268633
-4.49018 -0.205961 -0.0183544
-4.44226 -0.20819 -0.046486
-4.39467 -0.208933 -0.0156221
-4.34844 -0.208236 0.0150849
-4.30022 -0.206515 0.0356698
-4.25506 -0.206002 0.0113696
-4.20745 -0.204779 0.0256729
-4.15822 -0.204078 0.0142389
-4.11254 -0.204681 -0.0131982
-4.06444 -0.20265 0.0422111
-4.01812 -0.198503 0.0892744
-3.96894 -0.194802 0.0751026
-3.92077 -0.190805 0.0828041
-3.87321 -0.185294 0.11534
-3.82713 -0.180437 0.105036
-3.78393 -0.172613 0.179152
-3.74018 -0.165422 0.162922
-3.69404 -0.15791 0.161371
-3.656 -0.152015 0.153774
-3.60986 -0.143834 0.175464
-3.56229 -0.137105 0.140528
-3.51697 -0.130565 0.143329
-3.46733 -0.124662 0.118361
-3.41775 -0.118395 0.125746
-3.36823 -0.11289 0.110695
-3.3199 -0.104892 0.164014
-3.27478 -0.0972585 0.167604
-3.22762 -0.0887739 0.178006
-3.17944 -0.0810325 0.159311
-3.13107 -0.0693379 0.237189
-3.09002 -0.0580741 0.267838
-3.04651 -0.0463358 0.263506
-2.99863 -0.0336158 0.259643
-2.9557 -0.0221946 0.260037
-2.91519 -0.0110987 0.267337
-2.86848 0.00312381 0.29558
-2.82076 0.0179819 0.301873
-2.7748 0.0336941 0.329409
-2.7288 0.0490499 0.322184
-2.69651 0.0602621 0.334145
-2.65326 0.0739371 0.306247
-2.60512 0.0874297 0.273286
-2.55925 0.100628 0.280177
-2.5117 0.113016 0.254826
-2.46316 0.124457 0.231485
-2.42211 0.134501 0.239975
-2.37382 0.147373 0.260512
-2.32586 0.16116 0.279887
-2.27922 0.175224 0.292873
-2.23106 0.187846 0.256314
-2.18257 0.200027 0.246149
-2.14234 0.20865 0.211144
-2.0945 0.220177 0.236412
-2.04533 0.229021 0.177991
-2.00087 0.236865 0.174606
-1.95163 0.244132 0.146538
-1.90477 0.251116 0.14793
-1.85774 0.254835 0.0789224
-1.81317 0.258598 0.0842305
-1.76479 0.260811 0.0457137
-1.71537 0.263635 0.0570785
-1.66551 0.265057 0.0284987
-1.61698 0.265479 0.00869977
-1.56936 0.264527 -0.0199876
-1.51936 0.263836 -0.0138156
-1.48596 0.263574 -0.00784936
-1.44032 0.262977 -0.0130732
-1.39608 0.26301 0.000740952
-1.34649 0.259968 -0.0612695
-1.29701 0.253657 -0.126836
-1.25036 0.246585 -0.150478
-1.21464 0.240018 -0.181777
-1.1809 0.233481 -0.191427
-1.13238 0.22393 -0.194341
-1.09737 0.216661 -0.204699
-1.06754 0.211389 -0.174967
-1.01906 0.199193 -0.246438
-0.972609 0.189471 -0.206309
-0.92391 0.178143 -0.228562
-0.875348 0.168023 -0.205458
-0.827627 0.155883 -0.249097
-0.792002 0.144587 -0.307058
-0.748715 0.132211 -0.278465
-0.70238 0.120718 -0.243134
-0.667462 0.10987 -0.301221
-0.624722 0.0953371 -0.327776
-0.579355 0.0786205 -0.353037
-0.548371 0.0688837 -0.30448
-0.501743 0.0539203 -0.310526
-0.456781 0.0396614 -0.307096
-0.411822 0.0279681 -0.254455
-0.366817 0.0145287 -0.290189
-0.321817 -0.000511115 -0.322543
-0.277197 -0.014845 -0.310831
-0.239774 -0.0267855 -0.308858
-0.192647 -0.0426929 -0.325537
-0.159873 -0.052153 -0.281004
-0.112981 -0.066514 -0.297193
-0.0656375 -0.0785334 -0.248623
-0.0220635 -0.0892938 -0.242101
0.0166209 -0.0976416 -0.212532
0.0575214 -0.106351 -0.209813
0.106029 -0.118186 -0.2393
0.153731 -0.129474 -0.23237
0.191936 -0.139218 -0.249718
0.240924 -0.149152 -0.20007
0.288984 -0.162856 -0.277773
0.33632 -0.178234 -0.314103
0.369181 -0.187741 -0.281637
0.410199 -0.199137 -0.27099
0.458277 -0.21271 -0.275162
0.506306 -0.22649 -0.279396
0.546865 -0.23863 -0.29082
0.590181 -0.24967 -0.249578
0.636116 -0.261351 -0.249014
0.683905 -0.274705 -0.272472
0.732489 -0.285876 -0.22601
0.777205 -0.297631 -0.257072
0.818565 -0.309676 -0.283369
0.853528 -0.321022 -0.313799
0.900383 -0.333961 -0.26945
0.937514 -0.343639 -0.254946
0.985186 -0.356914 -0.271591
1.02953 -0.36819 -0.249044
1.07702 -0.38365 -0.314695
1.12316 -0.398458 -0.310567
1.1699 -0.412282 -0.28756
1.21693 -0.423483 -0.233798
1.26353 -0.435359 -0.249544
1.31112 -0.445075 -0.201393
1.35859 -0.455477 -0.215714
1.40789 -0.462719 -0.145867
1.45717 -0.470005 -0.146794
1.50637 -0.47826 -0.166204
1.55564 -0.485731 -0.150484
1.60513 -0.492558 -0.137107
1.65463 -0.499481 -0.138944
1.70327 -0.505776 -0.128706
1.75286 -0.511718 -0.119252
1.80104 -0.518731 -0.144541
1.85074 -0.5242 -0.109604
1.90009 -0.532196 -0.160618
1.94927 -0.541211 -0.18131
1.99221 -0.549559 -0.192003
2.03546 -0.558073 -0.194367
2.08463 -0.565809 -0.156074
2.13126 -0.574541 -0.185114
2.17115 -0.583401 -0.218536
2.21868 -0.592996 -0.199213
2.26477 -0.60277 -0.208948
2.30964 -0.611772 -0.197976
2.35625 -0.621472 -0.205206
2.39518 -0.627368 -0.150325
2.44377 -0.63435 -0.142717
2.49076 -0.640448 -0.129037
2.54055 -0.644816 -0.0875116
2.57965 -0.648944 -0.105197
2.62924 -0.654936 -0.120238
2.67823 -0.66146 -0.132404
2.7129 -0.664482 -0.0869353
2.75691 -0.668329 -0.0871734
2.80337 -0.672281 -0.0848717
2.85005 -0.676731 -0.0950313
2.9 -0.678545 -0.0363062
2.94839 -0.682283 -0.0771146
2.99693 -0.685497 -0.066111
3.03093 -0.688741 -0.0951136
3.07582 -0.694095 -0.11871
3.12106 -0.698521 -0.0975165
3.16099 -0.703491 -0.123849
3.2099 -0.710738 -0.147103
3.25709 -0.716137 -0.113899
3.29754 -0.719301 -0.0780613
3.34327 -0.723509 -0.0917661
3.38835 -0.727712 -0.0929462
3.42774 -0.732271 -0.115255
3.46556 -0.736375 -0.108099
3.49863 -0.740049 -0.110659
3.5277 -0.743136 -0.105764
3.5616 -0.74745 -0.126568
3.60726 -0.755181 -0.167732
3.65212 -0.763339 -0.17989
3.6855 -0.769643 -0.18664
3.73009 -0.777349 -0.171155
3.76407 -0.781939 -0.13423
3.79235 -0.784442 -0.0883156
3.82828 -0.787671 -0.0896065
3.86215 -0.79064 -0.0874319
3.87808 -0.792685 -0.127667
3.91961 -0.79827 -0.133698
3.95433 -0.802833 -0.130651
3.99762 -0.808152 -0.122273
4.04142 -0.812528 -0.0995804
4.08501 -0.817866 -0.121851
4.12539 -0.823531 -0.139364
4.16342 -0.827012 -0.0912807
4.17974 -0.828767 -0.107124
4.21394 -0.831879 -0.0907577
4.2509 -0.833277 -0.0378058
4.27311 -0.834599 -0.0594664
4.29269 -0.836059 -0.0744114
4.31954 -0.837675 -0.0601028
4.35533 -0.839363 -0.047142
4.38463 -0.841013 -0.0562484
4.405 -0.841519 -0.0248348
4.43621 -0.842014 -0.0158705
4.46521 -0.843283 -0.0437058
4.47969 -0.844094 -0.0559739
4.48954 -0.845063 -0.0980168
4.50764 -0.846407 -0.074135
4.53074 -0.848033 -0.0702364
4.56617 -0.850328 -0.0647147
4.59316 -0.85176 -0.0529898
4.63569 -0.854878 -0.0731914
4.66619 -0.857076 -0.071946
4.70381 -0.860589 -0.0931058
4.73236 -0.865387 -0.166495
4.76718 -0.872232 -0.194104
4.79334 -0.876507 -0.161973
4.83357 -0.883207 -0.165045
4.84685 -0.885954 -0.203998
4.86291 -0.889436 -0.213502
4.8687 -0.890812 -0.233246
4.87497 -0.892495 -0.262359
4.87818 -0.893451 -0.289462
4.88234 -0.894732 -0.298243
4.89818 -0.899426 -0.288226
4.91857 -0.90584 -0.304725
4.94114 -0.912826 -0.300198
4.96321 -0.919931 -0.311357
4.99021 -0.928167 -0.29609
5.00344 -0.932518 -0.317793
5.01119 -0.934852 -0.292612
5.02064 -0.937468 -0.270128
5.02202 -0.937834 -0.259001
5.02874 -0.939581 -0.254405
5.0375 -0.941417 -0.20633
5.04895 -0.943557 -0.184957
5.06032 -0.945438 -0.163814
5.06763 -0.946544 -0.150285
5.07506 -0.947751 -0.160996
5.08944 -0.949958 -0.152356
5.0997 -0.951612 -0.159835
5.11853 -0.955292 -0.192917
5.12419 -0.956439 -0.199988
5.13707 -0.959251 -0.214952
5.14826 -0.961526 -0.200548
5.15505 -0.962482 -0.139998
5.1591 -0.962882 -0.0985197
5.17909 -0.964219 -0.0667377
5.19219 -0.964648 -0.0327453
5.20056 -0.96473 -0.00983778
5.19843 -0.964692 -0.0181432
5.20422 -0.96443 0.0452376
5.21415 -0.964195 0.0236588
True
0.250637
