-5.47208 -0.591407 -0.189993
-5.42366 -0.603879 -0.252107
-5.37583 -0.615179 -0.232006
-5.32764 -0.627647 -0.253206
-5.28766 -0.636517 -0.21832
-5.2388 -0.644227 -0.156476
-5.19142 -0.65354 -0.194102
-5.14383 -0.66323 -0.200886
-5.09519 -0.674776 -0.233076
-5.04846 -0.685426 -0.224053
-5.00034 -0.698944 -0.273851
-4.95309 -0.710932 -0.248456
-4.90538 -0.725066 -0.288016
-4.8684 -0.734908 -0.260154
-4.82989 -0.74512 -0.259197
-4.7813 -0.755147 -0.203483
-4.73371 -0.766249 -0.22923
-4.68569 -0.775193 -0.184117
-4.63631 -0.782748 -0.151818
-4.60197 -0.78969 -0.199493
-4.55964 -0.795396 -0.134005
-4.51246 -0.803388 -0.16779
-4.46709 -0.811173 -0.169926
-4.4182 -0.82101 -0.198551
-4.36917 -0.827342 -0.128429
-4.31957 -0.832921 -0.112026
-4.27557 -0.837437 -0.102274
-4.22686 -0.844089 -0.135736
-4.17829 -0.847949 -0.079301
-4.1334 -0.855469 -0.165957
-4.09385 -0.859532 -0.102383
-4.04447 -0.867339 -0.156778
-3.99875 -0.872568 -0.113885
-3.94935 -0.879769 -0.14473
-3.90077 -0.885872 -0.124993
-3.86239 -0.892135 -0.161747
-3.81308 -0.900403 -0.166135
-3.77782 -0.905036 -0.130654
-3.72821 -0.911255 -0.124708
-3.68546 -0.917174 -0.137584
-3.63644 -0.923291 -0.124133
-3.59605 -0.929453 -0.151388
-3.5607 -0.935235 -0.162153
-3.51672 -0.942427 -0.16209
-3.46763 -0.951401 -0.180821
-3.42056 -0.961039 -0.201946
-3.37166 -0.971469 -0.210144
-3.32262 -0.978428 -0.14097
-3.27921 -0.984181 -0.131737
-3.22957 -0.989971 -0.116133
-3.19717 -0.993047 -0.0946634
-3.1488 -0.994371 -0.0273703
-3.0991 -0.995671 -0.0261397
-3.05002 -0.996843 -0.0238755
-3.00006 -0.998653 -0.0362139
-2.95051 -0.999895 -0.0250663
-2.90454 -1.00223 -0.0508238
-2.86095 -1.00344 -0.0277165
-2.82428 -1.00232 0.0306077
-2.77476 -1.00065 0.0336397
-2.72478 -0.999482 0.0234268
-2.67608 -0.998469 0.0208028
-2.63855 -0.998119 0.00932174
-2.59476 -0.998017 0.00231748
-2.56065 -0.999465 -0.0424121
-2.51741 -1.00011 -0.0148282
-2.46917 -1.00121 -0.0229526
-2.42375 -1.00033 0.0194157
-2.37384 -1.00219 -0.0372366
-2.32775 -1.00617 -0.0861429
-2.27826 -1.01082 -0.0937217
-2.22936 -1.01498 -0.0848128
-2.19025 -1.01657 -0.040534
-2.14833 -1.01642 0.00341462
-2.10005 -1.01849 -0.0427989
-2.05032 -1.02008 -0.0318829
-2.00286 -1.0194 0.0141578
-1.9581 -1.01827 0.0252975
-1.90813 -1.01687 0.0280679
-1.86472 -1.01517 0.0391926
-1.82371 -1.01455 0.0149701
-1.77417 -1.01153 0.0609246
-1.72435 -1.01204 -0.0102447
-1.68114 -1.01199 0.00106394
-1.65148 -1.01261 -0.0208316
-1.60184 -1.01349 -0.0177194
-1.55375 -1.01544 -0.0404772
-1.50402 -1.01985 -0.0884718
-1.46463 -1.02303 -0.0805041
-1.42304 -1.02578 -0.0660845
-1.37311 -1.02822 -0.0488776
-1.33467 -1.0295 -0.033218
-1.29586 -1.03056 -0.0271436
-1.24595 -1.03272 -0.0434024
-1.196 -1.0343 -0.0315926
-1.14676 -1.03909 -0.0970421
-1.09846 -1.04096 -0.0385827
-1.04855 -1.04329 -0.0466833
-1.01588 -1.04372 -0.013202
-0.978281 -1.04348 0.00646259
-0.928514 -1.0425 0.0197094
-0.887464 -1.04346 -0.0234819
-0.848326 -1.04259 0.0223342
-0.8138 -1.04422 -0.0472711
-0.779424 -1.04354 0.0198587
-0.733817 -1.04315 0.00842598
-0.684291 -1.04478 -0.0328626
-0.638818 -1.04647 -0.0371316
-0.591829 -1.04618 0.00615025
-0.557981 -1.04591 0.00804197
-0.512287 -1.04648 -0.0123546
-0.462543 -1.04921 -0.0548671
-0.413951 -1.05327 -0.0833787
-0.3718 -1.05279 0.0112487
-0.321814 -1.05331 -0.010389
-0.271878 -1.05117 0.0427993
-0.223372 -1.05131 -0.00268653
-0.187593 -1.05161 -0.0086381
-0.14048 -1.05199 -0.00799174
-0.10084 -1.05286 -0.0218946
-0.0514199 -1.05333 -0.00955092
-0.00504669 -1.05466 -0.0287043
0.0229538 -1.05526 -0.0215005
0.0729494 -1.05573 -0.00939945
0.118637 -1.05392 0.0397648
0.163386 -1.05078 0.0700562
0.198037 -1.04797 0.0807898
0.247404 -1.04652 0.0293786
0.29311 -1.04615 0.00801072
0.336668 -1.04546 0.0158312
0.382325 -1.04561 -0.00309036
0.430749 -1.0478 -0.0452694
0.479911 -1.04764 0.00313773
0.529898 -1.04766 -0.000217214
0.579839 -1.04535 0.0462238
0.628681 -1.04594 -0.0122638
0.678636 -1.0465 -0.0110996
0.728256 -1.04852 -0.0406669
0.777218 -1.05067 -0.0439977
0.825884 -1.05652 -0.119593
0.862887 -1.06186 -0.143207
0.908132 -1.06743 -0.122604
0.954135 -1.0744 -0.150317
0.998246 -1.08275 -0.187107
1.04696 -1.094 -0.226991
1.08838 -1.10466 -0.251793
1.1366 -1.1153 -0.217113
1.18262 -1.12633 -0.235318
1.22597 -1.13779 -0.258451
1.27414 -1.15114 -0.270314
1.32074 -1.16579 -0.304631
1.36729 -1.17808 -0.258036
1.40596 -1.19046 -0.309975
1.4501 -1.20509 -0.320084
1.49149 -1.21887 -0.321285
1.53904 -1.23426 -0.313032
1.58385 -1.24926 -0.322964
1.62988 -1.26568 -0.342663
1.67282 -1.28108 -0.344443
1.70513 -1.29349 -0.366668
1.74895 -1.31014 -0.363067
1.79369 -1.32742 -0.368753
1.83053 -1.3419 -0.374353
1.87682 -1.36036 -0.37948
1.92328 -1.37877 -0.377371
1.96705 -1.39377 -0.329936
2.01365 -1.41041 -0.343064
2.06103 -1.42639 -0.325376
2.10572 -1.44269 -0.349578
2.14614 -1.46118 -0.429073
2.19153 -1.48215 -0.432834
2.23471 -1.5011 -0.413516
2.27174 -1.51873 -0.444358
2.31721 -1.53952 -0.428833
2.36037 -1.5611 -0.463676
2.4034 -1.58322 -0.474911
2.44081 -1.59964 -0.413555
2.4859 -1.61784 -0.383555
2.52153 -1.6299 -0.326423
2.56758 -1.64515 -0.319777
2.61419 -1.66192 -0.345438
2.64971 -1.67519 -0.357543
2.69599 -1.69281 -0.363695
2.74048 -1.70779 -0.324905
2.7876 -1.72341 -0.319951
2.82891 -1.7371 -0.320009
2.87523 -1.75261 -0.323207
2.91757 -1.76753 -0.338771
2.96037 -1.78252 -0.33678
2.99903 -1.79838 -0.389395
3.04183 -1.81645 -0.399456
3.08419 -1.83547 -0.421951
3.1274 -1.85535 -0.431423
3.1639 -1.87268 -0.443198
3.19633 -1.88776 -0.435213
3.23246 -1.90253 -0.388112
3.25903 -1.9132 -0.381746
3.29801 -1.92942 -0.394464
3.33475 -1.94484 -0.397188
3.37503 -1.9593 -0.344675
3.42165 -1.97533 -0.331307
3.46886 -1.99065 -0.313786
3.51396 -2.00427 -0.293165
3.55844 -2.01859 -0.31158
3.58982 -2.0292 -0.326045
3.61735 -2.03832 -0.319755
3.65758 -2.05274 -0.344198
3.70004 -2.06705 -0.325137
3.72417 -2.07663 -0.377722
3.75215 -2.08828 -0.394682
3.77788 -2.09926 -0.403468
3.79419 -2.10624 -0.404013
3.80483 -2.11049 -0.380019
3.82121 -2.11801 -0.430307
3.83771 -2.12544 -0.423243
3.85764 -2.13324 -0.373094
3.87446 -2.13943 -0.352614
3.89894 -2.14916 -0.378253
3.90603 -2.15199 -0.379782
3.91614 -2.15603 -0.380814
3.94474 -2.16923 -0.432085
3.97188 -2.18024 -0.385469
4.00322 -2.19043 -0.314515
4.04494 -2.20225 -0.275929
4.0786 -2.21201 -0.282199
4.11823 -2.22365 -0.285875
4.15727 -2.23635 -0.314458
4.19775 -2.25108 -0.349064
4.24155 -2.26944 -0.396781
4.28081 -2.28542 -0.386697
4.31395 -2.29767 -0.354033
4.34699 -2.31016 -0.361456
4.36274 -2.3157 -0.338054
4.39281 -2.32663 -0.34875
4.42052 -2.33559 -0.3126
4.4492 -2.34509 -0.319766
4.49102 -2.35978 -0.337986
4.51739 -2.369 -0.336089
4.53868 -2.37635 -0.332614
4.55697 -2.38248 -0.323364
4.57975 -2.38962 -0.303691
4.59169 -2.39359 -0.320927
4.61106 -2.40034 -0.335174
4.61323 -2.40107 -0.327203
4.6209 -2.40359 -0.31656
4.64367 -2.41089 -0.310615
4.66594 -2.41801 -0.309174
4.69074 -2.42591 -0.308289
4.70909 -2.43187 -0.314404
4.73724 -2.44144 -0.327453
4.75252 -2.4463 -0.308224
4.78046 -2.4555 -0.31813
4.79141 -2.45938 -0.340851
4.81634 -2.46821 -0.340051
4.82378 -2.47093 -0.351177
4.83255 -2.47397 -0.333738
4.85437 -2.48141 -0.32862
4.86635 -2.48485 -0.279405
4.88192 -2.48933 -0.280504
4.89923 -2.49409 -0.268016
4.91679 -2.49975 -0.311787
4.92672 -2.50304 -0.320178
4.95465 -2.51036 -0.256412
4.96458 -2.51297 -0.256545
4.9763 -2.51557 -0.218751
4.98951 -2.51806 -0.186336
5.01365 -2.52231 -0.174051
5.03004 -2.52427 -0.119233
5.04892 -2.52538 -0.0589152
5.0499 -2.52541 -0.0308597
5.06021 -2.52564 -0.0214558
5.0641 -2.52564 -0.00226801
5.07635 -2.52561 0.00252153
5.09204 -2.52571 -0.00595815
5.10998 -2.52634 -0.0353067
5.12492 -2.52664 -0.0202041
5.13689 -2.52708 -0.0367375
5.14923 -2.52786 -0.0628355
5.16323 -2.52896 -0.0785912
5.1698 -2.5294 -0.0670978
5.1754 -2.52977 -0.0660677
5.18396 -2.53027 -0.0575278
5.18444 -2.53028 -0.0301401
5.18859 -2.53048 -0.0479301
5.19358 -2.53069 -0.0429513
5.20492 -2.53115 -0.0405681
5.21133 -2.53143 -0.0429899
5.21635 -2.53166 -0.0451166
5.22334 -2.53215 -0.0705743
5.22646 -2.53247 -0.102292
5.23266 -2.53314 -0.107277
5.23939 -2.53382 -0.100702
True
0.256334
