-5.47413 -1.00771 -0.0566691
-5.45918 -1.00796 -0.0165716
-5.4109 -1.01104 -0.0636048
-5.36116 -1.01585 -0.0965718
-5.3167 -1.01929 -0.0771262
-5.2767 -1.02236 -0.0765347
-5.2435 -1.02442 -0.0619681
-5.19514 -1.02693 -0.0519978
-5.14531 -1.02765 -0.0143097
-5.09794 -1.03034 -0.0567902
-5.04808 -1.03235 -0.0402086
-5.00117 -1.03299 -0.0136667
-4.95476 -1.0348 -0.0390073
-4.90728 -1.03715 -0.0493686
-4.85887 -1.03867 -0.0315565
-4.81309 -1.04324 -0.0995287
-4.76631 -1.04719 -0.0840543
-4.71647 -1.04829 -0.0222189
-4.67214 -1.04965 -0.030556
-4.62378 -1.05207 -0.0499854
-4.57926 -1.05647 -0.0985691
-4.53428 -1.06099 -0.1001
-4.48498 -1.06726 -0.126483
-4.43655 -1.07768 -0.212051
-4.38736 -1.08658 -0.178937
-4.33788 -1.09328 -0.134602
-4.28821 -1.09896 -0.11387
-4.25335 -1.10327 -0.12283
-4.21182 -1.11158 -0.197605
-4.164 -1.1223 -0.22043
-4.12561 -1.13181 -0.243046
-4.07695 -1.14076 -0.181864
-4.02775 -1.14917 -0.169339
-3.98084 -1.15937 -0.214001
-3.93194 -1.16975 -0.209271
-3.89137 -1.17975 -0.24157
-3.84286 -1.19138 -0.235334
-3.79537 -1.20427 -0.265085
-3.75649 -1.21324 -0.226624
-3.70978 -1.2221 -0.187439
-3.66125 -1.23192 -0.199678
-3.61392 -1.24254 -0.220731
-3.56575 -1.25259 -0.205612
-3.51793 -1.26199 -0.19407
-3.47186 -1.26878 -0.146479
-3.42923 -1.2751 -0.147104
-3.39262 -1.28237 -0.195956
-3.34741 -1.29289 -0.228651
-3.29811 -1.30036 -0.150344
-3.24892 -1.30928 -0.179432
-3.2036 -1.31728 -0.174799
-3.15495 -1.32752 -0.207392
-3.10738 -1.33773 -0.211517
-3.05952 -1.34845 -0.220284
-3.01291 -1.35858 -0.213944
-2.96956 -1.36535 -0.154976
-2.91995 -1.37018 -0.0971386
-2.87471 -1.37567 -0.120669
-2.82605 -1.38094 -0.10794
-2.77656 -1.38792 -0.139997
-2.72703 -1.39475 -0.137155
-2.68104 -1.40014 -0.116533
-2.63168 -1.40553 -0.108803
-2.58259 -1.40999 -0.0906915
-2.53325 -1.41699 -0.140965
-2.48706 -1.42256 -0.119925
-2.44845 -1.42818 -0.144486
-2.3989 -1.43487 -0.134253
-2.34936 -1.44162 -0.135482
-2.31154 -1.44664 -0.131773
-2.26958 -1.45175 -0.121321
-2.22027 -1.45807 -0.127331
-2.17079 -1.46264 -0.0921402
-2.12134 -1.46645 -0.0769634
-2.07606 -1.47069 -0.0933974
-2.03001 -1.47355 -0.0619394
-1.98484 -1.47423 -0.0151655
-1.94946 -1.47448 -0.0070979
-1.90068 -1.47513 -0.0132706
-1.85741 -1.47407 0.0245091
-1.80753 -1.47339 0.0136487
-1.75763 -1.47098 0.0482105
-1.70825 -1.46929 0.0341799
-1.66328 -1.46739 0.0422962
-1.61725 -1.46494 0.0531732
-1.5707 -1.46104 0.0835262
-1.52768 -1.45868 0.054965
-1.48306 -1.45671 0.0439437
-1.43903 -1.45562 0.0248412
-1.38929 -1.45457 0.021192
-1.33931 -1.45478 -0.00424605
-1.28945 -1.4551 -0.00648509
-1.23968 -1.45575 -0.0130188
-1.19033 -1.45682 -0.0216699
-1.14245 -1.45982 -0.0625649
-1.10554 -1.46279 -0.0804457
-1.06361 -1.46666 -0.0919032
-1.01923 -1.46957 -0.0655523
-0.972289 -1.47161 -0.043334
-0.923684 -1.47535 -0.0767659
-0.878676 -1.47719 -0.0409027
-0.838695 -1.47967 -0.0620745
-0.789031 -1.48206 -0.0479586
-0.741884 -1.48326 -0.025483
-0.692143 -1.48335 -0.00183089
-0.644586 -1.48536 -0.042327
-0.606434 -1.48546 -0.00243143
-0.56703 -1.48343 0.0512592
-0.52879 -1.48133 0.0548882
-0.479124 -1.48038 0.0191912
-0.430984 -1.47987 0.0106603
-0.392476 -1.47811 0.0455905
-0.342592 -1.47475 0.067161
-0.295092 -1.47197 0.0585095
-0.250262 -1.46818 0.0844595
-0.215316 -1.464 0.118874
-0.174663 -1.4599 0.10049
-0.125071 -1.45426 0.113339
-0.0803507 -1.45084 0.076417
-0.0304082 -1.44849 0.046847
0.0124569 -1.44607 0.0565823
0.0622327 -1.44297 0.0620973
0.111256 -1.4381 0.0989706
0.159349 -1.43269 0.112119
0.199669 -1.43018 0.062093
0.249499 -1.42609 0.0819968
0.29685 -1.42273 0.0706956
0.346202 -1.4199 0.0574246
0.394392 -1.41902 0.0182215
0.442629 -1.41616 0.0591306
0.48551 -1.41374 0.0564467
0.529406 -1.41162 0.0482764
0.578121 -1.41096 0.0134748
0.62362 -1.41057 0.00855559
0.672952 -1.40692 0.0738987
0.722175 -1.40228 0.0939242
0.771805 -1.39646 0.116859
0.816801 -1.39054 0.130739
0.866288 -1.38856 0.0400215
0.914071 -1.38666 0.0396248
0.961611 -1.38694 -0.00571088
1.00946 -1.38627 0.0140271
1.058 -1.3867 -0.00900142
1.10446 -1.39035 -0.0783851
1.15431 -1.39287 -0.0505015
1.19013 -1.39274 0.00378503
1.23604 -1.39346 -0.0158858
1.28572 -1.39478 -0.0265553
1.33385 -1.39789 -0.0644359
1.37548 -1.4006 -0.0649092
1.42534 -1.40402 -0.0685587
1.46516 -1.40732 -0.0826827
1.5147 -1.41285 -0.111183
1.54805 -1.41505 -0.0660153
1.59784 -1.41872 -0.0734167
1.64706 -1.42164 -0.0592247
1.6912 -1.4218 -0.00377243
1.72914 -1.42291 -0.029208
1.77636 -1.42239 0.0109149
1.82249 -1.42115 0.0269854
1.86406 -1.42176 -0.0147805
1.91042 -1.42075 0.0219195
1.95959 -1.41987 0.0179113
2.00891 -1.41679 0.0623065
2.05424 -1.41457 0.0489436
2.10389 -1.4134 0.023503
2.15386 -1.41229 0.0221787
2.20154 -1.41021 0.0437494
2.25143 -1.40855 0.0332646
2.2983 -1.40746 0.0231985
2.34729 -1.40635 0.0227311
2.39656 -1.40902 -0.0541804
2.44533 -1.4122 -0.0651963
2.48573 -1.4167 -0.11087
2.53453 -1.4201 -0.0695089
2.58375 -1.42608 -0.121036
2.62578 -1.43041 -0.102492
2.67574 -1.43154 -0.0227172
2.71914 -1.43464 -0.0711659
2.76654 -1.43781 -0.0669611
2.81445 -1.43979 -0.041315
2.86439 -1.44148 -0.0338275
2.91427 -1.44055 0.0187111
2.95722 -1.43869 0.0432386
3.00101 -1.4363 0.0546533
3.0478 -1.43266 0.0775575
3.08915 -1.43015 0.0607732
3.13349 -1.42518 0.111516
3.18059 -1.41886 0.13334
3.21584 -1.41566 0.0906585
3.2487 -1.41224 0.103528
3.29278 -1.40816 0.0923966
3.32192 -1.40633 0.0627992
3.36517 -1.40398 0.0542367
3.41436 -1.4002 0.0767086
3.45308 -1.39795 0.0579162
3.49924 -1.39523 0.0589399
3.5381 -1.39339 0.0474119
3.56083 -1.3936 -0.00962031
3.58909 -1.39424 -0.0224949
3.60529 -1.39474 -0.0310285
3.64188 -1.39438 0.0097675
3.68767 -1.39498 -0.0129327
3.69063 -1.39493 0.0150674
3.7122 -1.39492 0.000784866
3.74039 -1.39562 -0.0249398
3.76716 -1.39605 -0.0162774
3.79554 -1.39701 -0.0335491
3.81283 -1.3977 -0.0400554
3.84216 -1.39899 -0.0440989
3.88014 -1.40291 -0.102658
3.91412 -1.40534 -0.0715716
3.95208 -1.40663 -0.0340157
3.99237 -1.4088 -0.0535932
4.03042 -1.41062 -0.0477857
4.05573 -1.41069 -0.00313237
4.09889 -1.40907 0.0376556
4.1358 -1.40651 0.0692578
4.1643 -1.404 0.0878843
4.20249 -1.40034 0.0955439
4.23996 -1.39803 0.0614567
4.2696 -1.3966 0.0483573
4.31168 -1.39452 0.0492752
4.35095 -1.39153 0.0759876
4.37895 -1.39014 0.0495033
4.39035 -1.38964 0.0442391
4.40882 -1.38905 0.0317088
4.42072 -1.38853 0.0436666
4.43177 -1.38774 0.0717683
4.45635 -1.38493 0.11381
4.48373 -1.38133 0.130711
4.49404 -1.38034 0.0953127
4.51373 -1.37862 0.087511
4.52752 -1.37746 0.0838861
4.54804 -1.37588 0.076594
4.58248 -1.37259 0.0954142
4.61017 -1.37135 0.0447833
4.62527 -1.37091 0.0291041
4.64706 -1.37043 0.0216879
4.6816 -1.37018 0.00749604
4.70361 -1.37054 -0.0164104
4.72626 -1.37136 -0.0363296
4.75261 -1.37139 -0.000970572
4.7681 -1.37134 0.00303994
4.78096 -1.37132 0.00121382
4.78662 -1.37146 -0.0244
4.79687 -1.3719 -0.0431049
4.81739 -1.37293 -0.0498732
4.83489 -1.37354 -0.035167
4.84714 -1.37346 0.0070353
4.85127 -1.3736 -0.0352758
4.85719 -1.37338 0.0367501
4.86395 -1.37294 0.065041
4.88034 -1.37106 0.114325
4.89317 -1.36934 0.133674
4.90765 -1.36726 0.142611
4.91872 -1.36552 0.155781
4.92498 -1.3645 0.162084
4.93343 -1.36322 0.149089
4.95353 -1.36004 0.157034
4.96636 -1.35798 0.159511
4.98204 -1.35558 0.151839
4.99842 -1.35311 0.149788
5.00307 -1.35223 0.18578
5.00467 -1.35196 0.167578
5.0187 -1.3499 0.145898
5.02643 -1.34883 0.137395
5.04456 -1.34587 0.162213
5.06803 -1.34233 0.149428
5.08082 -1.34026 0.160811
5.08279 -1.34 0.131717
5.09354 -1.33846 0.142369
5.09666 -1.33795 0.162221
5.10183 -1.33727 0.130412
5.10435 -1.33692 0.136225
5.12864 -1.33333 0.146752
5.12889 -1.33329 0.171011
5.13095 -1.33299 0.141809
5.14224 -1.33071 0.199928
5.15217 -1.32869 0.200128
5.16776 -1.32564 0.193343
5.17863 -1.32375 0.171852
5.19004 -1.32111 0.227557
5.20594 -1.31725 0.237961
5.21502 -1.3149 0.253733
True
0.239183
