-5.48284 1.27878 0.128824
-5.44241 1.28564 0.167944
-5.39584 1.29345 0.16618
-5.35026 1.29997 0.142095
-5.31064 1.30339 0.0861711
-5.26083 1.30649 0.0620536
-5.21097 1.30982 0.0667457
-5.1661 1.31267 0.0633404
-5.11616 1.31507 0.0480466
-5.06656 1.31594 0.0175053
-5.02084 1.31485 -0.0237621
-4.97085 1.31382 -0.0206457
-4.9257 1.31543 0.035656
-4.87604 1.31408 -0.0270353
-4.82719 1.31293 -0.0236163
-4.77733 1.31002 -0.0583604
-4.72953 1.30484 -0.107853
-4.68172 1.29852 -0.131377
-4.63321 1.29207 -0.132215
-4.58688 1.28542 -0.142665
-4.54559 1.279 -0.154204
-4.50882 1.27359 -0.146202
-4.46272 1.26699 -0.142181
-4.41854 1.25962 -0.165296
-4.37008 1.24842 -0.227095
-4.32303 1.23819 -0.214102
-4.27389 1.22897 -0.185501
-4.22525 1.21796 -0.222462
-4.17595 1.20968 -0.166519
-4.12943 1.20159 -0.172095
-4.08202 1.19353 -0.168401
-4.04009 1.18675 -0.160268
-4.00319 1.18093 -0.156569
-3.95418 1.17128 -0.194321
-3.90674 1.1591 -0.251428
-3.8579 1.1484 -0.215545
-3.81695 1.14132 -0.171298
-3.77317 1.13459 -0.152588
-3.72412 1.13087 -0.0755643
-3.67491 1.12565 -0.10566
-3.63088 1.12198 -0.0832894
-3.59568 1.11826 -0.105251
-3.54657 1.114 -0.0865715
-3.50294 1.10956 -0.10137
-3.45363 1.1042 -0.108296
-3.41161 1.09886 -0.126313
-3.36195 1.09677 -0.0421585
-3.31207 1.09325 -0.0703827
-3.26495 1.08969 -0.0755079
-3.21775 1.08556 -0.0872014
-3.17637 1.08295 -0.0629201
-3.1402 1.08116 -0.0495861
-3.10271 1.07658 -0.121694
-3.05458 1.07341 -0.0656637
-3.00928 1.06987 -0.0780747
-2.96851 1.06513 -0.115566
-2.92277 1.06238 -0.0600274
-2.87761 1.06028 -0.0465433
-2.82769 1.0588 -0.0295834
-2.77784 1.0565 -0.0462013
-2.72787 1.05459 -0.0381505
-2.68799 1.05429 -0.00761476
-2.63829 1.05132 -0.0596834
-2.58927 1.04971 -0.0327444
-2.54323 1.04803 -0.0365448
-2.49686 1.04761 -0.00899693
-2.45329 1.04615 -0.0335168
-2.40729 1.04576 -0.00857803
-2.36231 1.0458 0.00092524
-2.31242 1.04801 0.0443513
-2.27836 1.04894 0.0271196
-2.2291 1.05157 0.0533745
-2.17968 1.054 0.0491935
-2.14376 1.0559 0.0528448
-2.09791 1.05873 0.0617074
-2.05102 1.05981 0.0229879
-2.00109 1.06048 0.013365
-1.9519 1.06078 0.00610999
-1.90614 1.06115 0.00807785
-1.85628 1.06471 0.0713525
-1.81367 1.06868 0.0929208
-1.77161 1.07491 0.146934
-1.72232 1.08256 0.15402
-1.68209 1.08693 0.108062
-1.64261 1.08986 0.0740763
-1.59462 1.09222 0.049211
-1.56095 1.09447 0.0667387
-1.52559 1.09527 0.0224849
-1.47561 1.09445 -0.0163227
-1.437 1.09354 -0.0235399
-1.38703 1.0924 -0.0228265
-1.33899 1.09083 -0.032591
-1.29136 1.09051 -0.0067108
-1.24371 1.08992 -0.0123536
-1.19563 1.08963 -0.00612052
-1.15413 1.0894 -0.00546865
-1.11066 1.08914 -0.00613105
-1.06119 1.08907 -0.00138325
-1.0202 1.0887 -0.00901358
-0.973169 1.08695 -0.037246
-0.925858 1.08475 -0.0463541
-0.880192 1.08265 -0.0460052
-0.830299 1.07939 -0.0652561
-0.784005 1.07571 -0.079356
-0.735065 1.07323 -0.0506447
-0.685092 1.07187 -0.0270777
-0.645118 1.0723 0.0107079
-0.601489 1.07229 -0.000315399
-0.557121 1.07237 0.00178888
-0.516016 1.07144 -0.0224692
-0.468478 1.06884 -0.0547515
-0.418733 1.06439 -0.0892552
-0.378559 1.06053 -0.0956699
-0.3316 1.05746 -0.0652549
-0.287771 1.0549 -0.0583752
-0.249839 1.05353 -0.0362324
-0.221458 1.05347 -0.00188228
-0.178764 1.05396 0.0114781
-0.129163 1.05648 0.0506951
-0.0865147 1.05779 0.0307829
-0.0373736 1.06039 0.0527601
0.00471576 1.06322 0.0670979
0.0546367 1.06385 0.0127483
0.104601 1.0622 -0.0329795
0.147982 1.06142 -0.01798
0.197918 1.06096 -0.00932377
0.245041 1.05978 -0.0250976
0.289813 1.05863 -0.0256632
0.331088 1.05762 -0.0242703
0.374267 1.05738 -0.00563382
0.423751 1.05807 0.0139925
0.464981 1.05943 0.0329087
0.514313 1.06351 0.0825347
0.557384 1.066 0.0577417
0.607215 1.0683 0.046155
0.654015 1.07114 0.0605143
0.681223 1.07421 0.112396
0.728559 1.07778 0.0753634
0.777113 1.08284 0.103774
0.826926 1.08715 0.0862185
0.873852 1.09085 0.0786972
0.923669 1.09494 0.0820644
0.972378 1.09854 0.0737563
1.0165 1.10197 0.0774144
1.06399 1.10682 0.101827
1.11242 1.11302 0.127419
1.15836 1.12006 0.152069
1.19914 1.12564 0.135841
1.24062 1.13083 0.124497
1.28702 1.13866 0.167127
1.33327 1.1445 0.125609
1.37847 1.14983 0.117495
1.41894 1.15463 0.117898
1.46844 1.16017 0.111611
1.51388 1.16698 0.148615
1.55639 1.17018 0.0751242
1.6029 1.17504 0.104295
1.65258 1.17913 0.0820811
1.70167 1.18344 0.0875643
1.74316 1.18838 0.118489
1.78441 1.19372 0.128779
1.82892 1.19911 0.120564
1.87835 1.20614 0.141178
1.92496 1.21385 0.164006
1.97416 1.22276 0.17912
2.01786 1.23153 0.198033
2.06663 1.24227 0.216793
2.11543 1.25314 0.219095
2.15678 1.26189 0.208548
2.18788 1.26995 0.253632
2.23356 1.28387 0.295769
2.28074 1.30043 0.337602
2.31935 1.31288 0.311983
2.36655 1.32935 0.335687
2.4101 1.34638 0.37267
2.45258 1.36362 0.385718
2.49446 1.38092 0.391607
2.54112 1.39889 0.367701
2.58797 1.41498 0.33074
2.62666 1.42914 0.350968
2.67115 1.44588 0.359697
2.71302 1.46145 0.356136
2.7527 1.47599 0.35118
2.79419 1.49113 0.350028
2.83522 1.50536 0.333653
2.88127 1.52322 0.370009
2.92646 1.54218 0.397313
2.97198 1.56117 0.395201
3.01663 1.57776 0.355721
3.05699 1.59277 0.356201
3.1025 1.60761 0.315018
3.14345 1.61986 0.290741
3.1867 1.63262 0.287009
3.2199 1.64188 0.271722
3.26732 1.65551 0.27999
3.31108 1.66776 0.272856
3.35614 1.68222 0.310632
3.39917 1.69352 0.256735
3.43648 1.70519 0.303293
3.46613 1.71483 0.31415
3.50713 1.72801 0.311183
3.54491 1.74051 0.319356
3.58164 1.75168 0.295252
3.61771 1.76398 0.328604
3.65587 1.77546 0.292416
3.65846 1.77623 0.286222
3.67323 1.78091 0.30705
3.69943 1.78947 0.315673
3.73353 1.80052 0.313465
3.76983 1.81319 0.335918
3.79423 1.82373 0.407464
3.82083 1.83381 0.3625
3.83546 1.83964 0.37892
3.85262 1.84567 0.337884
3.8625 1.84923 0.346089
3.88604 1.85698 0.317913
3.9116 1.86494 0.302229
3.94773 1.8748 0.266208
3.99288 1.88534 0.22945
4.01855 1.8934 0.304095
4.03994 1.89996 0.297428
4.0568 1.90397 0.233935
4.08014 1.90916 0.218553
4.09779 1.9129 0.208882
4.11068 1.91527 0.181755
4.12622 1.91727 0.128165
4.14431 1.91933 0.113629
4.16025 1.92079 0.0912932
4.1681 1.92173 0.118676
4.17559 1.92283 0.145913
4.17573 1.92285 0.163078
4.18936 1.92535 0.181413
4.19416 1.92583 0.0999092
4.20818 1.92714 0.0929223
4.22241 1.92813 0.0695987
4.24045 1.9302 0.113866
4.2543 1.93217 0.141498
4.26793 1.93384 0.122066
4.27775 1.93513 0.131082
4.28547 1.93605 0.117334
4.29864 1.93772 0.126254
4.32291 1.94177 0.165379
4.3386 1.94499 0.202432
4.34793 1.94745 0.257787
4.35123 1.94819 0.222643
4.3729 1.95347 0.23892
4.38997 1.9585 0.286116
4.39848 1.96081 0.265152
4.42071 1.967 0.27162
4.44445 1.97269 0.235119
4.46218 1.97705 0.241626
4.46803 1.97844 0.231982
4.48424 1.98177 0.203013
4.50899 1.98783 0.239856
4.50875 1.98775 0.287819
4.51614 1.98954 0.237791
4.52338 1.99132 0.239579
4.53251 1.99376 0.262293
4.5408 1.99617 0.282814
4.55216 1.99995 0.321138
4.56825 2.00449 0.27461
4.57603 2.00674 0.281776
4.58824 2.01074 0.316381
4.60405 2.01573 0.30565
4.60927 2.01755 0.336634
4.63195 2.02581 0.349243
4.64796 2.03101 0.313878
4.66724 2.03743 0.321383
4.69919 2.04862 0.337117
4.71055 2.05281 0.353067
4.72515 2.05839 0.364922
4.74049 2.06469 0.390016
4.74846 2.06801 0.393852
4.76371 2.07425 0.388433
4.77255 2.07827 0.427195
4.779 2.08126 0.433927
4.79432 2.08853 0.443131
4.81629 2.09898 0.444117
4.8373 2.10752 0.385882
4.84944 2.11239 0.381443
4.86337 2.11758 0.356941
4.87456 2.12215 0.386927
4.88075 2.12463 0.382028
4.88627 2.12679 0.372678
4.88815 2.12743 0.328977
4.90554 2.13251 0.284153
4.91891 2.13579 0.240228
4.93634 2.13971 0.221187
4.94808 2.14246 0.230306
4.96106 2.14559 0.237014
4.9683 2.14733 0.235674
4.98814 2.15238 0.248988
4.98993 2.15278 0.220201
4.99484 2.15395 0.233569
5.01485 2.15895 0.245287
5.02493 2.16194 0.287711
5.04171 2.1666 0.271122
5.06302 2.17226 0.259366
5.07927 2.17623 0.239925
5.08158 2.17679 0.237832
5.1005 2.18166 0.252084
5.12143 2.187 0.249723
5.1176 2.18585 0.292877
5.12507 2.1883 0.317601
5.13456 2.19153 0.328005
5.141 2.19386 0.347075
5.15165 2.19759 0.3366
5.16404 2.20217 0.354529
5.16996 2.20422 0.332678
5.17943 2.20743 0.326696
5.18537 2.20931 0.306164
5.1847 2.20911 0.279575
5.18328 2.20865 0.318627
5.18272 2.20846 0.328082
5.18222 2.20827 0.346401
5.19621 2.2129 0.31935
5.20151 2.21481 0.346135
5.20354 2.21559 0.365948
5.20721 2.21722 0.416911
5.20881 2.21789 0.400178
True
0.242622
