-5.47173 0.171741 0.0331959
-5.43676 0.171522 -0.00627602
-5.3868 0.169523 -0.0399781
-5.33743 0.166606 -0.0590274
-5.29002 0.164396 -0.0465779
-5.26582 0.163143 -0.0517236
-5.23469 0.161734 -0.045243
-5.18476 0.162078 0.00689587
-5.13487 0.159603 -0.0495613
-5.09348 0.157572 -0.0490508
-5.05647 0.156192 -0.0372612
-5.00873 0.155021 -0.0245294
-4.95877 0.154598 -0.0084592
-4.91235 0.153387 -0.0260773
-4.87465 0.154429 0.027632
-4.82511 0.156706 0.0459256
-4.78143 0.158935 0.0509973
-4.73163 0.161207 0.0455741
-4.682 0.162944 0.0349922
-4.63469 0.165426 0.0524027
-4.58628 0.168434 0.0620681
-4.54238 0.17258 0.0941569
-4.49433 0.176018 0.0714409
-4.44941 0.17798 0.0436378
-4.40006 0.17876 0.0158127
-4.35157 0.18149 0.0562487
-4.30169 0.184194 0.0541485
-4.25528 0.186313 0.0456334
-4.20927 0.188995 0.0582063
-4.15948 0.190428 0.0287865
-4.11175 0.190825 0.00831888
-4.06401 0.192681 0.0388572
-4.01446 0.194421 0.0351079
-3.97093 0.196304 0.0432066
-3.92692 0.198985 0.0608601
-3.87718 0.203046 0.0814716
-3.82884 0.207249 0.0867081
-3.78422 0.212779 0.123314
-3.74206 0.217213 0.104786
-3.69933 0.22265 0.126557
-3.65612 0.227679 0.115872
-3.6062 0.229074 0.0279474
-3.5597 0.231635 0.0550033
-3.51037 0.236493 0.0981749
-3.46148 0.239959 0.070784
-3.41272 0.242565 0.0533885
-3.36297 0.247491 0.0986898
-3.31474 0.25213 0.0958939
-3.27668 0.25692 0.125175
-3.22717 0.263343 0.129033
-3.18048 0.2673 0.0845518
-3.13416 0.272144 0.104191
-3.09167 0.276592 0.104291
-3.04776 0.280862 0.0969437
-2.99887 0.287062 0.126128
-2.95948 0.293683 0.166559
-2.91426 0.300002 0.138833
-2.8685 0.305796 0.125962
-2.83428 0.310473 0.135818
-2.78536 0.318059 0.153833
-2.74624 0.322585 0.115191
-2.69954 0.328152 0.118651
-2.65111 0.334417 0.128637
-2.60272 0.341242 0.140122
-2.55346 0.348362 0.14356
-2.51604 0.35335 0.132495
-2.47763 0.358603 0.1359
-2.42915 0.362833 0.0870351
-2.38313 0.366069 0.0702184
-2.33431 0.367974 0.039001
-2.2909 0.369282 0.0301116
-2.2419 0.372098 0.0573956
-2.19322 0.37503 0.0601716
-2.15445 0.376452 0.0366629
-2.10498 0.377756 0.0263579
-2.06254 0.378153 0.00935584
-2.02488 0.37669 -0.0388308
-1.98238 0.378164 0.034664
-1.93713 0.379819 0.036546
-1.89208 0.38042 0.0133391
-1.84506 0.381274 0.0181717
-1.80243 0.382119 0.0198081
-1.75308 0.383015 0.0181715
-1.70309 0.383559 0.0108804
-1.65323 0.384273 0.0143153
-1.60495 0.384324 0.00104532
-1.55916 0.383855 -0.010244
-1.50963 0.384632 0.0156908
-1.45984 0.385628 0.0200166
-1.41729 0.386592 0.0226376
-1.36783 0.387685 0.0220913
-1.323 0.389054 0.0305318
-1.2736 0.391168 0.0427569
-1.23526 0.393628 0.0640981
-1.1867 0.398939 0.108926
-1.14617 0.404126 0.127319
-1.09646 0.407957 0.0769001
-1.06342 0.410495 0.0766687
-1.01367 0.415444 0.099149
-0.968798 0.41959 0.0921447
-0.919067 0.4228 0.0644517
-0.87768 0.42649 0.088925
-0.828696 0.429692 0.0652698
-0.778849 0.430917 0.0245803
-0.73355 0.433867 0.0650306
-0.685714 0.434468 0.0125565
-0.638379 0.43815 0.077626
-0.590393 0.441911 0.0782092
-0.540442 0.444051 0.0428276
-0.494776 0.446926 0.0628765
-0.445341 0.450475 0.0716622
-0.40335 0.454354 0.092109
-0.362088 0.458526 0.100768
-0.312153 0.460968 0.0488666
-0.263602 0.465909 0.101416
-0.225396 0.469193 0.085766
-0.177605 0.472006 0.0587786
-0.127919 0.474779 0.0557622
-0.079243 0.477905 0.0641294
-0.0306361 0.481482 0.073449
0.0192917 0.483104 0.0324774
0.0578113 0.483286 0.00473649
0.103764 0.485977 0.0584808
0.153649 0.489254 0.065598
0.203438 0.491977 0.0546434
0.248876 0.493707 0.0380479
0.298143 0.497847 0.0838322
0.340215 0.500373 0.0599771
0.387131 0.504094 0.0791436
0.436863 0.508005 0.0784859
0.486464 0.511075 0.0618033
0.536026 0.516582 0.110666
0.584543 0.521995 0.111114
0.631399 0.52628 0.0911922
0.681186 0.530572 0.0859892
0.728659 0.535587 0.105254
0.778304 0.539825 0.085171
0.819471 0.543675 0.0932332
0.869251 0.548338 0.0934041
0.918629 0.554142 0.117003
0.968388 0.558189 0.0811587
1.018 0.563376 0.104169
1.05764 0.567452 0.102462
1.09707 0.57373 0.157928
1.13646 0.582445 0.217693
1.18178 0.591473 0.196641
1.22842 0.600525 0.191736
1.27757 0.60923 0.17528
1.32078 0.616049 0.15652
1.35889 0.619525 0.0909415
1.40727 0.62558 0.124519
1.45589 0.631807 0.12738
1.50432 0.638322 0.133722
1.55119 0.640857 0.0540288
1.60117 0.641865 0.0201714
1.65089 0.644832 0.0596056
1.70087 0.645743 0.0182163
1.75047 0.646815 0.0216118
1.79439 0.644968 -0.0420264
1.84301 0.643578 -0.0285979
1.88947 0.644488 0.0195958
1.93456 0.64599 0.0332876
1.97815 0.64742 0.0328103
2.02734 0.648814 0.0283183
2.07417 0.649534 0.0153763
2.12171 0.652425 0.0607581
2.1713 0.654097 0.0336923
2.22029 0.657103 0.0612827
2.2673 0.658804 0.0361532
2.29506 0.660424 0.0582996
2.34282 0.663117 0.056323
2.39273 0.664874 0.0352053
2.43388 0.665957 0.0262955
2.48376 0.66899 0.0607315
2.52434 0.670088 0.0270662
2.57226 0.673919 0.0797779
2.61862 0.675111 0.0257049
2.6656 0.676736 0.0345663
2.7147 0.679758 0.0614651
2.76183 0.68151 0.0371633
2.81079 0.682805 0.0264431
2.84853 0.684029 0.0324163
2.89088 0.686927 0.0683236
2.94012 0.689868 0.0596627
2.98573 0.694194 0.0945774
3.0294 0.69833 0.0944098
3.07659 0.702929 0.0971523
3.10705 0.705865 0.0960962
3.15573 0.712351 0.13247
3.18615 0.714584 0.0732582
3.22871 0.718269 0.0863644
3.27715 0.72312 0.0998109
3.31475 0.726196 0.0816303
3.35498 0.730981 0.118383
3.40055 0.735314 0.0948186
3.43553 0.738764 0.0982865
3.48075 0.743849 0.111991
3.52751 0.747423 0.0762757
3.55239 0.748732 0.0525786
3.58374 0.750024 0.0411867
3.61839 0.751621 0.0460518
3.63888 0.753528 0.0927968
3.6445 0.754225 0.123487
3.6499 0.754742 0.0953169
3.66516 0.756122 0.0902356
3.6885 0.758892 0.118067
3.71459 0.761445 0.0975992
3.75705 0.767094 0.132237
3.7875 0.771228 0.134951
3.81416 0.775238 0.149284
3.84654 0.779789 0.139645
3.85888 0.782068 0.182597
3.88391 0.786517 0.175913
3.90315 0.790227 0.190506
3.93826 0.79744 0.202606
3.96886 0.802987 0.179302
3.9969 0.807978 0.176166
4.01882 0.811447 0.156989
4.04516 0.814848 0.128409
4.08033 0.819885 0.142239
4.1175 0.825387 0.146972
4.14412 0.829073 0.137573
4.17369 0.833465 0.147441
4.20121 0.836879 0.123435
4.22433 0.839024 0.0924985
4.25419 0.84131 0.0764135
4.27549 0.842142 0.0390494
4.29105 0.842912 0.0494586
4.32357 0.8438 0.0273064
4.36109 0.842821 -0.02608
4.38504 0.841745 -0.0449235
4.41558 0.84089 -0.027984
4.45597 0.840696 -0.00479423
4.50006 0.839707 -0.022443
4.5482 0.840551 0.0175469
4.58575 0.840756 0.00543437
4.62412 0.839666 -0.0283831
4.64181 0.838707 -0.0541575
4.66024 0.837871 -0.0453685
4.68905 0.836301 -0.0544342
4.71845 0.833042 -0.110407
4.74364 0.830694 -0.0929297
4.77198 0.828281 -0.0849155
4.79151 0.826658 -0.0829089
4.81806 0.82604 -0.0233008
4.83484 0.826135 0.00566251
4.86055 0.825809 -0.0126424
4.8795 0.826018 0.0110153
4.89451 0.82588 -0.00919579
4.90087 0.825926 0.0071721
4.90675 0.826268 0.0580206
4.91871 0.827434 0.0972609
4.94514 0.831517 0.153273
4.96023 0.833924 0.158138
4.97118 0.835741 0.164528
4.98691 0.838556 0.177063
5.00449 0.841441 0.162674
5.02088 0.843311 0.113578
5.03345 0.844298 0.0783721
5.03647 0.844516 0.0719262
5.05209 0.84515 0.0405624
5.06048 0.845365 0.0256226
5.06723 0.845496 0.0193934
5.07768 0.846183 0.0656928
5.09212 0.846937 0.0521633
5.11074 0.84793 0.0532863
5.1217 0.848372 0.0402568
5.12908 0.848891 0.0702471
5.1334 0.849194 0.0699825
5.13919 0.84941 0.0372636
5.13521 0.849318 0.0230792
5.13818 0.849221 -0.0324981
5.15377 0.848336 -0.0567049
5.15782 0.848035 -0.0743508
5.16324 0.847598 -0.0804124
5.15944 0.847989 -0.102491
5.16884 0.84684 -0.121516
5.17663 0.846098 -0.0950261
5.1895 0.844753 -0.104176
5.20037 0.843635 -0.102493
5.20967 0.842501 -0.121248
5.22169 0.840884 -0.133762
True
0.268724
