-5.47894 -1.69379 0.238056
-5.43077 -1.68054 0.26843
-5.38249 -1.66793 0.255319
-5.33618 -1.65724 0.226982
-5.29185 -1.6458 0.252633
-5.24345 -1.63347 0.249364
-5.211 -1.62446 0.27076
-5.16357 -1.61244 0.248331
-5.11486 -1.60252 0.200765
-5.06676 -1.59216 0.212114
-5.01945 -1.58222 0.207285
-4.97106 -1.57311 0.185908
-4.92296 -1.5623 0.221219
-4.87485 -1.5527 0.196893
-4.83472 -1.54557 0.175778
-4.7919 -1.53752 0.185901
-4.74874 -1.52922 0.190002
-4.70002 -1.51808 0.224683
-4.65349 -1.50803 0.212696
-4.61593 -1.49931 0.228276
-4.57576 -1.48982 0.231993
-4.52906 -1.48051 0.196827
-4.48079 -1.47063 0.201748
-4.43689 -1.46396 0.150891
-4.39009 -1.45821 0.122153
-4.34735 -1.45211 0.141783
-4.30317 -1.44516 0.155997
-4.25828 -1.43732 0.17302
-4.21138 -1.42814 0.193311
-4.16267 -1.41823 0.200634
-4.12029 -1.40856 0.224476
-4.07233 -1.39459 0.283374
-4.02485 -1.37925 0.312487
-3.9775 -1.36508 0.290744
-3.93207 -1.35338 0.252063
-3.88825 -1.3449 0.191129
-3.83918 -1.33674 0.164813
-3.79945 -1.33175 0.124915
-3.7525 -1.325 0.142831
-3.70505 -1.31911 0.123455
-3.6728 -1.31494 0.128725
-3.62841 -1.30933 0.125593
-3.58344 -1.30347 0.129709
-3.54088 -1.29936 0.0962159
-3.49465 -1.29467 0.101126
-3.44982 -1.28951 0.114572
-3.40055 -1.28135 0.164144
-3.35142 -1.27214 0.185371
-3.3022 -1.26334 0.176887
-3.25417 -1.2552 0.167866
-3.20518 -1.24701 0.165563
-3.15653 -1.23556 0.231085
-3.10906 -1.22648 0.189113
-3.07406 -1.21987 0.186609
-3.02535 -1.20859 0.22756
-2.97907 -1.19813 0.222292
-2.93104 -1.18438 0.278768
-2.88304 -1.17051 0.281309
-2.83774 -1.15662 0.297543
-2.7927 -1.1427 0.299745
-2.746 -1.13044 0.25673
-2.70556 -1.12057 0.239494
-2.66415 -1.11074 0.233143
-2.62199 -1.10106 0.225517
-2.58123 -1.09125 0.236146
-2.53619 -1.07997 0.245409
-2.49524 -1.07088 0.21848
-2.44642 -1.06011 0.217251
-2.40327 -1.04865 0.25951
-2.3597 -1.03777 0.244618
-2.31203 -1.02585 0.245012
-2.267 -1.01714 0.191142
-2.21876 -1.0058 0.230848
-2.17597 -0.99544 0.237601
-2.1319 -0.98813 0.164361
-2.0936 -0.983182 0.12849
-2.04914 -0.978207 0.111427
-2.00319 -0.972341 0.126981
-1.95489 -0.9655 0.140691
-1.909 -0.95727 0.177452
-1.86569 -0.949432 0.179036
-1.82065 -0.941094 0.183078
-1.77215 -0.930377 0.217426
-1.72629 -0.921187 0.197822
-1.67876 -0.913471 0.160929
-1.63761 -0.90719 0.151472
-1.59273 -0.901035 0.136278
-1.5437 -0.894014 0.14221
-1.5017 -0.887185 0.161197
-1.45238 -0.879708 0.150465
-1.40741 -0.87114 0.188279
-1.3631 -0.861827 0.207177
-1.31644 -0.854123 0.163613
-1.27487 -0.848041 0.145259
-1.2262 -0.842192 0.11963
-1.17958 -0.836223 0.127329
-1.13328 -0.830958 0.113243
-1.08573 -0.825174 0.121031
-1.03983 -0.81751 0.165448
-0.991678 -0.809666 0.161482
-0.941904 -0.80504 0.0926716
-0.893659 -0.80127 0.0779932
-0.844429 -0.796764 0.0912741
-0.794832 -0.790543 0.124774
-0.745443 -0.783229 0.147031
-0.700711 -0.774853 0.185095
-0.656012 -0.764573 0.226047
-0.612136 -0.754941 0.216105
-0.564368 -0.742004 0.264484
-0.515785 -0.730226 0.237845
-0.4759 -0.721661 0.211527
-0.428707 -0.712043 0.201043
-0.382354 -0.703201 0.188501
-0.341791 -0.697215 0.146507
-0.301536 -0.692577 0.114708
-0.256008 -0.686582 0.130933
-0.21474 -0.68251 0.0983561
-0.165225 -0.675696 0.136759
-0.118187 -0.66871 0.147425
-0.0739374 -0.660568 0.181972
-0.024739 -0.651659 0.179135
0.0241056 -0.641041 0.214053
0.0714561 -0.629503 0.23902
0.11895 -0.617991 0.237807
0.151743 -0.611184 0.204664
0.20032 -0.599928 0.227697
0.243962 -0.590356 0.215902
0.292161 -0.579807 0.215471
0.334541 -0.570888 0.207439
0.383236 -0.559538 0.228986
0.423307 -0.551208 0.204974
0.472119 -0.541809 0.190213
0.520023 -0.533932 0.162983
0.564262 -0.525972 0.178027
0.613058 -0.515747 0.206551
0.658283 -0.506681 0.197844
0.704274 -0.49773 0.192223
0.752237 -0.488007 0.200006
0.795979 -0.478658 0.210554
0.844218 -0.465964 0.257314
0.891836 -0.451417 0.296491
0.937844 -0.440057 0.242076
0.982667 -0.427419 0.274826
1.03093 -0.415619 0.239803
1.07908 -0.406569 0.185796
1.12005 -0.399266 0.176388
1.16751 -0.39167 0.158704
1.2131 -0.383857 0.169715
1.25599 -0.375219 0.198731
1.30486 -0.364668 0.212661
1.35376 -0.354345 0.208016
1.39629 -0.345318 0.209184
1.44462 -0.332766 0.254056
1.48513 -0.320154 0.301865
1.52562 -0.307886 0.294202
1.57243 -0.294831 0.271959
1.62021 -0.28208 0.260805
1.66597 -0.269928 0.25958
1.71396 -0.256893 0.265227
1.76197 -0.242966 0.282325
1.8102 -0.229939 0.263799
1.85473 -0.217655 0.269185
1.90117 -0.209237 0.179291
1.95013 -0.199504 0.196245
1.99572 -0.189772 0.210296
2.04221 -0.181037 0.185764
2.09061 -0.169099 0.241782
2.13872 -0.157902 0.228699
2.18587 -0.147128 0.22462
2.23327 -0.138494 0.180173
2.27008 -0.13127 0.193811
2.31509 -0.123202 0.177366
2.36345 -0.111142 0.2444
2.41185 -0.101459 0.197429
2.45764 -0.0915355 0.213445
2.50082 -0.0837798 0.177717
2.54479 -0.07599 0.175336
2.59325 -0.0701904 0.119112
2.63979 -0.0627478 0.158578
2.67286 -0.0577826 0.149036
2.72011 -0.0486696 0.190499
2.76849 -0.0364717 0.247011
2.80608 -0.0261579 0.267797
2.8529 -0.0162315 0.208893
2.90143 -0.00626128 0.202642
2.95063 0.00187364 0.163858
2.99723 0.00869605 0.14536
3.04543 0.0164911 0.160347
3.09484 0.0233262 0.137457
3.14396 0.0326112 0.186817
3.19113 0.0436058 0.228991
3.2376 0.0539227 0.218472
3.28631 0.0642657 0.209258
3.32295 0.0724282 0.219195
3.37157 0.0813267 0.181012
3.42002 0.0894313 0.16575
3.46415 0.096062 0.149126
3.50405 0.103821 0.192064
3.54168 0.110066 0.164455
3.58562 0.117688 0.171765
3.63468 0.126599 0.179667
3.68216 0.133818 0.150879
3.71414 0.140444 0.204326
3.76228 0.151271 0.221223
3.78773 0.158029 0.259586
3.80608 0.162625 0.24535
3.835 0.169902 0.246517
3.87857 0.179536 0.217618
3.92051 0.188987 0.221644
3.93869 0.193488 0.242701
3.98519 0.203132 0.204497
4.02718 0.211035 0.186022
4.07102 0.22007 0.203275
4.11826 0.228756 0.181836
4.16636 0.238321 0.196291
4.20563 0.246958 0.216477
4.25085 0.256106 0.199599
4.29165 0.265379 0.223498
4.33208 0.274605 0.224346
4.36761 0.282085 0.207507
4.39931 0.28903 0.215669
4.4335 0.29689 0.225946
4.47939 0.309598 0.270166
4.51215 0.320277 0.315125
4.5387 0.329896 0.347638
4.55924 0.336775 0.32307
4.58461 0.345195 0.320519
4.60353 0.352069 0.3484
4.63094 0.360914 0.3122
4.65069 0.36695 0.296519
4.67203 0.373288 0.288756
4.6871 0.377375 0.26479
4.6979 0.380321 0.266265
4.70925 0.383212 0.249403
4.73559 0.38998 0.251531
4.75821 0.396544 0.282415
4.77265 0.400657 0.277441
4.78679 0.404422 0.260326
4.80025 0.407423 0.219247
4.82644 0.414381 0.259722
4.83064 0.415561 0.273889
4.85141 0.420788 0.246512
4.86712 0.42552 0.292654
4.87366 0.42739 0.278222
4.8794 0.428945 0.264678
4.88728 0.430851 0.237359
4.89014 0.431372 0.180093
4.9135 0.434923 0.150872
4.92917 0.436869 0.123496
4.93242 0.437234 0.111825
4.94745 0.439061 0.120976
4.95651 0.44021 0.126204
4.9693 0.442682 0.19101
4.98477 0.445401 0.173899
4.99387 0.447203 0.195525
5.00702 0.449834 0.197435
5.0122 0.45081 0.186201
5.02426 0.452546 0.142978
5.04205 0.454987 0.136429
5.04649 0.455487 0.112041
5.05355 0.456024 0.0758072
5.06671 0.455975 -0.00367358
5.07705 0.455749 -0.0218636
5.09141 0.454217 -0.106322
5.10002 0.453194 -0.118339
5.11398 0.451907 -0.0918591
5.13319 0.44998 -0.100027
5.15167 0.448562 -0.0765766
5.15388 0.448428 -0.0605716
5.16206 0.448017 -0.050126
5.18074 0.447265 -0.0402565
5.18189 0.447204 -0.052932
5.19115 0.446359 -0.0910673
5.19563 0.445947 -0.091713
5.2053 0.445259 -0.0709721
True
0.0662985
