-5.4558 1.06158 -0.156229
-5.40657 1.05345 -0.163678
-5.36131 1.04355 -0.215247
-5.31654 1.03739 -0.136791
-5.26963 1.03002 -0.155819
-5.22299 1.02272 -0.155317
-5.18296 1.01839 -0.107618
-5.13337 1.01251 -0.118022
-5.08387 1.00578 -0.135166
-5.03439 0.998726 -0.141606
-4.98615 0.989678 -0.185417
-4.93926 0.980451 -0.194285
-4.89251 0.971302 -0.193266
-4.84403 0.961388 -0.2017
-4.79994 0.950748 -0.236786
-4.75186 0.941499 -0.190071
-4.7026 0.933517 -0.160616
-4.65806 0.925795 -0.171662
-4.60923 0.916474 -0.188617
-4.56888 0.90931 -0.17575
-4.52277 0.903502 -0.125275
-4.47388 0.897234 -0.127525
-4.42927 0.88968 -0.167729
-4.39091 0.884668 -0.129953
-4.34107 0.880788 -0.0776931
-4.29192 0.875795 -0.101223
-4.24536 0.871687 -0.0880191
-4.19898 0.865527 -0.13204
-4.16381 0.861841 -0.104389
-4.11421 0.855584 -0.125506
-4.06927 0.848883 -0.148028
-4.02565 0.842436 -0.146722
-3.98112 0.834628 -0.173577
-3.93375 0.827038 -0.158864
-3.88446 0.819354 -0.154648
-3.84353 0.815027 -0.105331
-3.80152 0.809005 -0.142383
-3.75574 0.803839 -0.112369
-3.70711 0.798792 -0.103429
-3.6627 0.795322 -0.0779553
-3.61281 0.792109 -0.0643069
-3.56527 0.789756 -0.0494681
-3.51587 0.789232 -0.010596
-3.46587 0.789474 0.00482372
-3.41645 0.788858 -0.0124521
-3.3726 0.78861 -0.00564662
-3.3278 0.787155 -0.0324846
-3.27807 0.786094 -0.0213267
-3.22807 0.786193 0.00198726
-3.17816 0.784011 -0.0436921
-3.13224 0.781492 -0.0548019
-3.08839 0.777683 -0.0866417
-3.04381 0.772739 -0.110464
-2.99414 0.767028 -0.114472
-2.94515 0.761413 -0.114105
-2.89721 0.757103 -0.0896815
-2.85093 0.750532 -0.14104
-2.80212 0.745355 -0.105665
-2.75761 0.738812 -0.145947
-2.70825 0.731349 -0.150073
-2.66617 0.725194 -0.145252
-2.61703 0.718323 -0.1389
-2.57839 0.713715 -0.118694
-2.54052 0.708156 -0.145787
-2.50094 0.702625 -0.138838
-2.453 0.695634 -0.14479
-2.4135 0.692206 -0.0865605
-2.36393 0.685657 -0.131362
-2.31462 0.678993 -0.134322
-2.26506 0.672657 -0.127165
-2.21578 0.665951 -0.135259
-2.18411 0.662208 -0.11764
-2.13781 0.656987 -0.112288
-2.09691 0.652897 -0.0996583
-2.05099 0.648492 -0.0956485
-2.00206 0.644112 -0.0892693
-1.95234 0.639204 -0.0983931
-1.90319 0.631674 -0.152017
-1.85556 0.62386 -0.1626
-1.80677 0.614687 -0.185828
-1.75821 0.606098 -0.17507
-1.71725 0.59882 -0.175875
-1.66848 0.590207 -0.174778
-1.62041 0.581418 -0.180863
-1.57654 0.572776 -0.194497
-1.53033 0.563291 -0.202438
-1.48167 0.554487 -0.179004
-1.43264 0.545748 -0.176391
-1.39141 0.538157 -0.182075
-1.35701 0.531123 -0.201677
-1.30823 0.52016 -0.221071
-1.26655 0.51219 -0.18895
-1.21741 0.502971 -0.185446
-1.16779 0.496847 -0.1228
-1.11826 0.490375 -0.129924
-1.06937 0.480121 -0.206724
-1.02578 0.469089 -0.247916
-0.977777 0.455175 -0.282109
-0.929725 0.4414 -0.279177
-0.885069 0.429597 -0.258406
-0.836623 0.417462 -0.245425
-0.798131 0.405235 -0.307573
-0.75033 0.391054 -0.288408
-0.70273 0.375756 -0.310956
-0.668604 0.364879 -0.308539
-0.622477 0.34692 -0.371297
-0.576866 0.329738 -0.36026
-0.52928 0.314632 -0.30739
-0.488662 0.298673 -0.374372
-0.443078 0.278711 -0.412745
-0.405005 0.260217 -0.45219
-0.359463 0.239998 -0.417823
-0.313985 0.220491 -0.405205
-0.271084 0.199999 -0.445612
-0.23016 0.181561 -0.423313
-0.185843 0.160624 -0.441348
-0.144754 0.140763 -0.45025
-0.100394 0.120141 -0.435169
-0.0587799 0.0997259 -0.456077
-0.0150766 0.0770096 -0.479348
0.0251767 0.0566135 -0.46899
0.0692068 0.0329441 -0.493252
0.114246 0.0112414 -0.449029
0.158754 -0.00883238 -0.423699
0.203668 -0.0296709 -0.434404
0.245248 -0.0478465 -0.412102
0.289817 -0.0648904 -0.365255
0.333778 -0.0825441 -0.381859
0.379472 -0.100712 -0.378434
0.426366 -0.117997 -0.353156
0.465381 -0.132039 -0.345483
0.512415 -0.148937 -0.344906
0.556774 -0.163766 -0.322605
0.603969 -0.180101 -0.333215
0.651315 -0.195409 -0.312718
0.699725 -0.20792 -0.252897
0.74413 -0.221939 -0.305802
0.788728 -0.23545 -0.294179
0.834418 -0.248671 -0.281656
0.878681 -0.260371 -0.258436
0.925829 -0.270355 -0.208666
0.974849 -0.278254 -0.159772
1.02342 -0.286071 -0.159571
1.07142 -0.294845 -0.180794
1.11696 -0.301369 -0.14228
1.1655 -0.309751 -0.171014
1.21485 -0.317658 -0.158858
1.25174 -0.322128 -0.120585
1.29629 -0.326706 -0.102396
1.34574 -0.3316 -0.0986527
1.39063 -0.335371 -0.0838164
1.44048 -0.33891 -0.0708523
1.4857 -0.343643 -0.104294
1.5336 -0.351287 -0.158252
1.58171 -0.35813 -0.141308
1.62309 -0.364085 -0.14292
1.66424 -0.36908 -0.12078
1.7128 -0.373224 -0.0851271
1.76172 -0.378299 -0.103377
1.80875 -0.382707 -0.0934592
1.85751 -0.387686 -0.101766
1.89857 -0.391495 -0.092519
1.92895 -0.395324 -0.125331
1.97857 -0.401158 -0.117029
2.02652 -0.405168 -0.0834551
2.07447 -0.408467 -0.0686845
2.12318 -0.411566 -0.06355
2.16668 -0.414072 -0.057529
2.20508 -0.416754 -0.0697191
2.25461 -0.418219 -0.0295858
2.3046 -0.417505 0.014295
2.34426 -0.416428 0.0271387
2.38971 -0.417416 -0.02173
2.43831 -0.41914 -0.0354588
2.48529 -0.422736 -0.0763779
2.53297 -0.425273 -0.0531659
2.57455 -0.42882 -0.0850957
2.61155 -0.430965 -0.0579094
2.65605 -0.433088 -0.0476659
2.70591 -0.435641 -0.0511632
2.75552 -0.439438 -0.0763895
2.80396 -0.444721 -0.108643
2.84947 -0.450273 -0.121378
2.897 -0.457596 -0.152877
2.94522 -0.464967 -0.151683
2.99323 -0.471495 -0.135154
3.04036 -0.47815 -0.140275
3.08852 -0.485014 -0.14158
3.1327 -0.489799 -0.107871
3.17819 -0.495168 -0.117478
3.22651 -0.49883 -0.0756436
3.26274 -0.502456 -0.0997703
3.30894 -0.507182 -0.10193
3.35308 -0.511801 -0.104263
3.38666 -0.51685 -0.149226
3.43513 -0.524641 -0.159385
3.46495 -0.527039 -0.0802495
3.50734 -0.52932 -0.0537407
3.54292 -0.531871 -0.0716182
3.57365 -0.532606 -0.0238787
3.60907 -0.534358 -0.049435
3.65397 -0.538308 -0.0877499
3.69178 -0.542092 -0.0997644
3.73885 -0.547277 -0.109702
3.78706 -0.55433 -0.145245
3.83098 -0.561121 -0.153448
3.8753 -0.567797 -0.149481
3.91774 -0.575604 -0.181937
3.95222 -0.580204 -0.132639
3.99877 -0.582451 -0.0482256
4.04262 -0.586584 -0.0939853
4.05694 -0.587639 -0.0735156
4.07148 -0.588251 -0.042075
4.11183 -0.590678 -0.0600509
4.13903 -0.592253 -0.0578517
4.15829 -0.593119 -0.0449459
4.17221 -0.594101 -0.0704387
4.17526 -0.594387 -0.0934831
4.20606 -0.597092 -0.087599
4.23334 -0.60023 -0.114518
4.25794 -0.603283 -0.123483
4.27434 -0.605115 -0.111222
4.28682 -0.606521 -0.112221
4.29507 -0.607646 -0.135474
4.30438 -0.609173 -0.162716
4.31521 -0.610717 -0.141534
4.33311 -0.613183 -0.136914
4.34445 -0.614214 -0.0906715
4.35212 -0.61452 -0.0398744
4.37093 -0.614592 -0.00379108
4.38953 -0.614925 -0.0179201
4.40526 -0.615922 -0.0633209
4.4393 -0.618635 -0.0795262
4.46442 -0.621682 -0.12067
4.48125 -0.624206 -0.148894
4.49699 -0.627088 -0.181185
4.50908 -0.629798 -0.220443
4.54121 -0.636499 -0.205608
4.56767 -0.641828 -0.198753
4.59581 -0.647589 -0.201906
4.6222 -0.652549 -0.185775
4.6403 -0.655279 -0.149755
4.66297 -0.659061 -0.165256
4.6766 -0.661939 -0.208081
4.70502 -0.668122 -0.214238
4.72422 -0.672698 -0.234054
4.73296 -0.674623 -0.216503
4.74354 -0.676615 -0.18611
4.75824 -0.679285 -0.179706
4.77776 -0.6833 -0.202902
4.79729 -0.687098 -0.192078
4.81128 -0.690005 -0.204858
4.83189 -0.694836 -0.230284
4.85396 -0.699411 -0.204413
4.86486 -0.701724 -0.208925
4.87657 -0.704174 -0.20631
4.89934 -0.708572 -0.190757
4.90549 -0.709628 -0.170212
4.92466 -0.712679 -0.157857
4.93877 -0.714893 -0.155583
4.9444 -0.715925 -0.181411
4.95815 -0.718871 -0.211047
4.96863 -0.721346 -0.231851
4.98106 -0.724736 -0.266405
4.99539 -0.728541 -0.259537
5.01262 -0.732939 -0.249788
5.03678 -0.739474 -0.264179
5.0468 -0.742065 -0.252986
5.05859 -0.745553 -0.287715
5.07292 -0.749494 -0.268445
5.08067 -0.751541 -0.258123
5.09429 -0.755008 -0.24922
5.10943 -0.759213 -0.270992
5.11262 -0.760384 -0.35207
5.12624 -0.765706 -0.372401
5.14138 -0.77183 -0.384321
5.15099 -0.775179 -0.335541
5.1598 -0.778099 -0.319929
5.16753 -0.78054 -0.305804
5.16905 -0.78101 -0.300644
5.1721 -0.781961 -0.302003
5.17494 -0.782793 -0.285239
5.17426 -0.782574 -0.312405
5.1778 -0.78383 -0.340622
5.1802 -0.784615 -0.316117
5.18372 -0.785735 -0.308186
5.19146 -0.78835 -0.326038
5.18909 -0.787622 -0.298012
5.18916 -0.787643 -0.29375
5.20795 -0.793111 -0.283067
True
0.252718
