4.48522 0.000336603 3.11883
4.47072 0.000500708 3.13027
4.46031 0.000364714 3.15466
4.44083 1.79537e-05 -3.1238
4.41385 0.000481406 -3.15876
4.4009 0.000969741 3.1039
4.38305 0.00196058 3.08612
4.36437 0.00314873 3.07809
4.34309 0.00536628 3.03774
4.32017 0.00823403 3.01716
4.28593 0.0152632 2.93911
4.25245 0.0246675 2.86771
4.22356 0.0359263 2.76997
4.19928 0.0489722 2.64858
4.16794 0.0679283 2.59756
4.13409 0.0905166 2.55315
4.11955 0.101494 2.49518
4.10033 0.116891 2.46618
4.08117 0.134162 2.40779
4.05576 0.158846 2.37067
4.02868 0.192204 2.25285
3.99983 0.224638 2.29774
3.96982 0.26364 2.22662
3.94138 0.30165 2.21309
3.92818 0.320932 2.17131
3.90391 0.360114 2.12527
3.88121 0.40455 2.04312
3.86203 0.446821 1.99671
3.84073 0.490166 2.02759
3.81902 0.535208 2.01988
3.80041 0.575503 2.00358
3.7816 0.620894 1.96351
3.7633 0.66607 1.95574
3.74818 0.71373 1.87795
3.73453 0.761584 1.84878
3.72261 0.80727 1.82605
3.7093 0.852057 1.85965
3.70074 0.882339 1.84633
3.69317 0.913128 1.81173
3.68426 0.960821 1.75542
3.67633 0.997455 1.78411
3.66905 1.02897 1.79787
3.65808 1.07074 1.82753
3.64387 1.11651 1.87177
3.63183 1.15911 1.84641
3.62456 1.18282 1.86821
3.61795 1.21477 1.77485
3.60956 1.25963 1.75557
3.59979 1.30452 1.78513
3.58838 1.35216 1.80593
3.5771 1.39911 1.80649
3.56729 1.43911 1.81143
3.55742 1.47687 1.82635
3.54253 1.52443 1.87419
3.52601 1.57133 1.90943
3.51505 1.60401 1.89456
3.49777 1.64668 1.95558
3.47998 1.69228 1.94267
3.4607 1.7384 1.96683
3.44634 1.77099 1.98582
3.42762 1.81347 1.98593
3.40769 1.85864 1.98633
3.39464 1.88682 2.00432
3.37163 1.93121 2.04899
3.35598 1.96007 2.06772
3.33525 1.99663 2.08654
3.3187 2.02418 2.11198
3.29706 2.05629 2.16377
3.27298 2.09196 2.16448
3.24854 2.13048 2.13617
3.22349 2.1708 2.12684
3.19843 2.20757 2.16896
3.17366 2.244 2.16796
3.14521 2.28452 2.18287
3.11656 2.32037 2.24516
3.08596 2.35986 2.22993
3.05796 2.39724 2.21375
3.0349 2.42346 2.29212
3.00684 2.45376 2.31779
2.97485 2.49043 2.28827
2.94238 2.52729 2.29296
2.90718 2.56232 2.3586
2.89117 2.57847 2.3518
2.85799 2.61175 2.35462
2.83586 2.63268 2.38417
2.80282 2.66389 2.38474
2.78034 2.68656 2.35192
2.75553 2.70991 2.38633
2.7357 2.72904 2.37435
2.69889 2.76156 2.4179
2.66423 2.79552 2.36657
2.63406 2.82385 2.38762
2.59915 2.85325 2.44156
2.5628 2.88273 2.4602
2.52658 2.91117 2.47593
2.48714 2.94176 2.48193
2.44971 2.97222 2.45847
2.42001 2.99412 2.50624
2.39303 3.01386 2.50995
2.35333 3.0441 2.49064
2.31356 3.07162 2.53624
2.2839 3.09388 2.49795
2.24563 3.12605 2.44237
2.21294 3.15444 2.42661
2.18291 3.17921 2.4519
2.15063 3.20557 2.45669
2.11668 3.23385 2.44701
2.07744 3.26483 2.47346
2.04265 3.29101 2.49644
2.00534 3.31689 2.53511
1.97869 3.33657 2.50546
1.93849 3.36509 2.52465
1.91175 3.38452 2.51316
1.87462 3.41446 2.46293
1.83441 3.44418 2.50509
1.79389 3.47177 2.54384
1.75625 3.49722 2.54702
1.71998 3.52136 2.55436
1.67758 3.54559 2.62245
1.63614 3.56899 2.62747
1.61619 3.57998 2.63823
1.57955 3.5966 2.71571
1.54958 3.60816 2.77369
1.50821 3.62448 2.76571
1.46943 3.63718 2.82517
1.42372 3.65219 2.82428
1.37957 3.66607 2.83708
1.3314 3.67949 2.86978
1.28575 3.69306 2.85266
1.24304 3.70446 2.88085
1.20848 3.71182 2.93161
1.16141 3.72254 2.91769
1.11787 3.73176 2.93289
1.07367 3.74085 2.93886
1.0499 3.74517 2.96174
1.03107 3.74896 2.94305
0.988533 3.75541 2.99108
0.941233 3.76413 2.9593
0.892196 3.77237 2.97506
0.846764 3.77947 2.98659
0.798497 3.78548 3.01776
0.749694 3.79258 2.99708
0.7237 3.79512 3.0444
0.697123 3.79791 3.03672
0.647225 3.80111 3.07752
0.597998 3.80573 3.04806
0.548557 3.81318 2.99204
0.499253 3.82137 2.97709
0.458392 3.82875 2.9628
0.415371 3.83538 2.98876
0.374253 3.84065 3.0141
0.330909 3.84575 3.02435
0.283628 3.85055 3.0404
0.245998 3.85307 3.07489
0.19627 3.85742 3.05423
0.146479 3.85872 3.11562
0.0964979 3.85919 3.13211
0.0464998 3.85957 3.13393
0.0102829 3.85766 3.19434
-0.0185119 3.85666 -3.10669
-0.0680796 3.85293 -3.06656
-0.0956767 3.85082 -3.06524
-0.145481 3.84741 -3.07318
-0.189917 3.84445 -3.07505
-0.239119 3.84184 -3.08862
-0.286989 3.83831 -3.06812
-0.324174 3.83602 -3.07992
-0.371961 3.83222 -3.06234
-0.421757 3.82844 -3.06578
-0.470983 3.82072 -2.98596
-0.512599 3.81415 -2.98521
-0.554166 3.80846 -3.00553
-0.603344 3.7996 -2.96325
-0.647086 3.79181 -2.9654
-0.695701 3.78329 -2.9681
-0.737991 3.7762 -2.97553
-0.763877 3.77202 -2.9813
-0.794962 3.76587 -2.94625
-0.842786 3.75268 -2.87251
-0.89019 3.74251 -2.93027
-0.937681 3.72941 -2.87241
-0.974288 3.71874 -2.85816
-1.01511 3.70693 -2.8598
-1.06356 3.69459 -2.89218
-1.10193 3.68499 -2.89647
-1.14039 3.67329 -2.84628
-1.18096 3.66123 -2.85284
-1.21967 3.64794 -2.81071
-1.25809 3.63524 -2.82249
-1.2908 3.6256 -2.85485
-1.33734 3.60979 -2.81419
-1.38187 3.59541 -2.82912
-1.42202 3.57946 -2.76346
-1.46827 3.56091 -2.76012
-1.5142 3.54114 -2.73518
-1.56094 3.52339 -2.77876
-1.59595 3.50862 -2.74221
-1.63849 3.49027 -2.73442
-1.67449 3.47479 -2.73556
-1.7084 3.45829 -2.68866
-1.74753 3.43962 -2.69627
-1.79255 3.41843 -2.70173
-1.83146 3.39633 -2.62497
-1.86955 3.3746 -2.62321
-1.91281 3.35003 -2.62519
-1.95514 3.32734 -2.64939
-1.99178 3.30636 -2.6216
-2.02784 3.28361 -2.57887
-2.06956 3.25701 -2.57406
-2.10687 3.23323 -2.57402
-2.14781 3.20453 -2.53017
-2.18654 3.17559 -2.49992
-2.22631 3.14594 -2.50085
-2.25259 3.12494 -2.46755
-2.28992 3.09232 -2.42341
-2.32963 3.06198 -2.48915
-2.3652 3.03281 -2.45463
-2.39515 3.00979 -2.48662
-2.42247 2.98808 -2.46995
-2.46115 2.95768 -2.47536
-2.48761 2.93666 -2.47056
-2.51869 2.91248 -2.48037
-2.54531 2.88886 -2.41589
-2.57244 2.86467 -2.4133
-2.60831 2.83309 -2.41969
-2.64118 2.80146 -2.37543
-2.67044 2.77498 -2.40619
-2.70641 2.74035 -2.37506
-2.73938 2.70895 -2.38051
-2.77482 2.67369 -2.35886
-2.81092 2.64002 -2.39083
-2.84238 2.60933 -2.36878
-2.86668 2.58358 -2.32715
-2.89874 2.54765 -2.29927
-2.92845 2.51522 -2.31241
-2.9572 2.48241 -2.29046
-2.98691 2.44928 -2.30168
-3.0154 2.41694 -2.29315
-3.04574 2.38491 -2.32918
-3.08003 2.35025 -2.35066
-3.11152 2.31616 -2.31676
-3.13975 2.28477 -2.30309
-3.17063 2.24729 -2.25996
-3.20266 2.20936 -2.272
-3.23661 2.17265 -2.31731
-3.25715 2.14911 -2.28813
-3.28307 2.12027 -2.30299
-3.31428 2.08148 -2.24829
-3.33675 2.05406 -2.25737
-3.36645 2.01508 -2.22187
-3.38695 1.98528 -2.17339
-3.40679 1.95706 -2.18358
-3.41975 1.93931 -2.20129
-3.43418 1.91895 -2.18738
-3.4405 1.90968 -2.16951
-3.45321 1.89073 -2.16162
-3.47182 1.86201 -2.1456
-3.48375 1.84577 -2.20447
-3.50009 1.8243 -2.22125
-3.51431 1.80492 -2.20384
-3.52456 1.78932 -2.15208
-3.52983 1.7819 -2.18825
-3.54101 1.76605 -2.18491
-3.55485 1.74698 -2.19863
-3.5689 1.72848 -2.22068
-3.58058 1.7115 -2.17327
-3.59556 1.6859 -2.09996
-3.60393 1.66966 -2.0471
-3.61118 1.65505 -2.03137
-3.62034 1.63723 -2.04558
-3.6356 1.61005 -2.08231
-3.65341 1.58086 -2.11882
-3.66466 1.56272 -2.12581
-3.68347 1.53216 -2.12245
-3.69907 1.50526 -2.09633
-3.71334 1.48161 -2.11378
-3.73202 1.45117 -2.12127
-3.75445 1.41628 -2.14214
-3.76891 1.39241 -2.11529
-3.78398 1.36502 -2.07396
-3.79693 1.34107 -2.06627
-3.80409 1.32755 -2.05799
-3.80972 1.3177 -2.09021
-3.82755 1.28694 -2.09603
-3.84688 1.25525 -2.11867
-3.85489 1.23866 -2.02047
-3.86683 1.21213 -1.99384
-3.87447 1.19404 -1.97
-3.88343 1.17352 -1.98262
-3.89553 1.14588 -1.98343
-3.90534 1.12512 -2.01244
-3.92026 1.0967 -2.05395
-3.93331 1.07131 -2.04573
-3.94418 1.05125 -2.06746
-3.96012 1.02271 -2.08005
-3.97025 1.00597 -2.11485
-3.97797 0.994065 -2.14622
-3.98902 0.97868 -2.1936
-4.00226 0.961126 -2.21724
-4.01841 0.940875 -2.24388
-4.03055 0.926209 -2.26208
-4.04243 0.912066 -2.26956
-4.05249 0.899134 -2.23214
-4.07076 0.876782 -2.25587
-4.08893 0.85459 -2.25686
-4.10292 0.837528 -2.25767
-4.12534 0.809869 -2.25191
-4.13348 0.800032 -2.2621
-4.15416 0.774388 -2.24954
-4.17137 0.753109 -2.25093
-4.18612 0.733825 -2.22378
-4.20194 0.713052 -2.22156
-4.21343 0.699156 -2.26178
-4.22626 0.683939 -2.27116
-4.23793 0.670143 -2.27307
-4.25326 0.650699 -2.2384
-4.26858 0.631416 -2.24207
-4.277 0.619783 -2.19712
-4.28134 0.613556 -2.18003
-4.28928 0.602366 -2.18797
-4.29194 0.59863 -2.18898
-4.29812 0.589539 -2.16824
-4.30796 0.576263 -2.20841
-4.31513 0.565472 -2.15733
-4.3192 0.558472 -2.09738
-4.32314 0.551356 -2.07648
-4.326 0.546046 -2.06553
-4.33304 0.532774 -2.05844
True
0.0683629
