-5.47246 -1.55952 0.0196269
-5.43329 -1.56106 -0.03921
-5.38367 -1.55945 0.0324311
-5.33777 -1.55947 -0.000450328
-5.28783 -1.56014 -0.013403
-5.24218 -1.56147 -0.0292247
-5.19234 -1.56395 -0.0497321
-5.14296 -1.56632 -0.047934
-5.09603 -1.56919 -0.0611287
-5.04686 -1.57229 -0.0629038
-4.99703 -1.57576 -0.0695336
-4.95048 -1.57864 -0.0617669
-4.9005 -1.57992 -0.0255718
-4.85069 -1.58313 -0.0643539
-4.80557 -1.58728 -0.0918316
-4.76419 -1.59191 -0.111416
-4.71601 -1.59756 -0.116629
-4.67451 -1.60143 -0.0929065
-4.62629 -1.60406 -0.0544852
-4.58625 -1.60343 0.0156885
-4.54154 -1.60572 -0.0511823
-4.50493 -1.60452 0.0327742
-4.47075 -1.60445 0.00200616
-4.42481 -1.60307 0.0300267
-4.38063 -1.60206 0.0227424
-4.33063 -1.60143 0.0126827
-4.28375 -1.59809 0.0710972
-4.23387 -1.59577 0.0464603
-4.18759 -1.59287 0.0625558
-4.13843 -1.58845 0.0896378
-4.08885 -1.583 0.109557
-4.04067 -1.57372 0.190365
-3.99334 -1.56646 0.152142
-3.9492 -1.56284 0.0818457
-3.90063 -1.5572 0.11552
-3.85668 -1.55191 0.119796
-3.8077 -1.54191 0.201511
-3.76502 -1.53375 0.188824
-3.72564 -1.52886 0.123611
-3.67824 -1.52286 0.125923
-3.6406 -1.51938 0.0921499
-3.5907 -1.51617 0.0642167
-3.54615 -1.51306 0.0697649
-3.49638 -1.50832 0.0948097
-3.44801 -1.50402 0.0888297
-3.3991 -1.49969 0.08826
-3.35437 -1.49787 0.0405997
-3.30505 -1.49553 0.0473469
-3.25529 -1.49363 0.0382183
-3.20548 -1.49202 0.0323916
-3.15629 -1.49155 0.00946652
-3.10885 -1.49086 0.0144947
-3.06644 -1.49175 -0.0209946
-3.01754 -1.49335 -0.0326425
-2.96785 -1.49672 -0.0676361
-2.919 -1.50191 -0.105828
-2.87654 -1.50636 -0.104474
-2.82832 -1.51224 -0.121394
-2.78675 -1.51626 -0.0964548
-2.75004 -1.51788 -0.0439413
-2.70782 -1.51791 -0.0007542
-2.66793 -1.51937 -0.0365491
-2.62456 -1.52099 -0.0373864
-2.5783 -1.52308 -0.0451877
-2.53209 -1.52364 -0.012056
-2.48225 -1.52335 0.00569854
-2.43356 -1.52413 -0.0160099
-2.38359 -1.52409 0.000916416
-2.33379 -1.52847 -0.0877791
-2.28579 -1.53175 -0.0681896
-2.24411 -1.53444 -0.0644255
-2.19836 -1.53798 -0.0772809
-2.14936 -1.53983 -0.0377601
-2.1012 -1.5397 0.00263799
-2.05382 -1.53849 0.0257324
-2.00951 -1.53843 0.00126506
-1.97471 -1.53778 0.0186727
-1.93297 -1.53645 0.0318672
-1.88343 -1.53584 0.0123442
-1.8335 -1.53614 -0.00609964
-1.7868 -1.53623 -0.00185836
-1.73739 -1.53883 -0.0526929
-1.68744 -1.54077 -0.0387929
-1.63758 -1.54098 -0.00417165
-1.58785 -1.54109 -0.00214755
-1.54011 -1.5416 -0.0106714
-1.49062 -1.54139 0.00424368
-1.4408 -1.53861 0.0556851
-1.39663 -1.53669 0.0435058
-1.35639 -1.53711 -0.0104866
-1.30892 -1.53822 -0.0233665
-1.25912 -1.53741 0.0162258
-1.20995 -1.53414 0.0663824
-1.16 -1.53321 0.0186563
-1.11279 -1.53278 0.00907755
-1.06417 -1.52899 0.0778762
-1.01502 -1.52532 0.0744556
-0.965185 -1.52129 0.080638
-0.917427 -1.51802 0.0683852
-0.871399 -1.51616 0.0403348
-0.822103 -1.51548 0.013808
-0.776883 -1.51477 0.0158249
-0.727354 -1.51346 0.0264542
-0.677732 -1.5107 0.0554813
-0.632362 -1.51041 0.00635667
-0.597991 -1.50969 0.0210704
-0.549388 -1.51124 -0.0318046
-0.499462 -1.51389 -0.0531259
-0.449986 -1.51803 -0.0834935
-0.406261 -1.51974 -0.0391034
-0.361503 -1.52361 -0.0861068
-0.31614 -1.52586 -0.0497462
-0.266224 -1.52829 -0.0486172
-0.216389 -1.52994 -0.0331302
-0.168825 -1.53031 -0.00764639
-0.12019 -1.53211 -0.0369999
-0.0705186 -1.53209 0.000273827
-0.0267948 -1.53297 -0.0201104
0.014274 -1.5325 0.0116543
0.0641577 -1.53203 0.00937224
0.111598 -1.53234 -0.00654021
0.160985 -1.53057 0.0357772
0.210328 -1.52719 0.0684106
0.25905 -1.52236 0.0988597
0.308239 -1.51511 0.146257
0.35723 -1.50679 0.168293
0.400315 -1.5025 0.0992398
0.446047 -1.49696 0.12058
0.492652 -1.49116 0.123706
0.540191 -1.48445 0.140339
0.58415 -1.47915 0.119807
0.630173 -1.47384 0.115032
0.679696 -1.47047 0.0678275
0.729541 -1.46787 0.0521921
0.775444 -1.46636 0.0327576
0.823224 -1.46389 0.0517013
0.871592 -1.46048 0.0703859
0.920754 -1.45742 0.0621464
0.97068 -1.45473 0.0539011
0.99425 -1.45334 0.0586458
1.04417 -1.4507 0.0529722
1.08421 -1.44815 0.0635874
1.13369 -1.44383 0.0871168
1.17849 -1.43987 0.0881626
1.22065 -1.43565 0.0997895
1.27029 -1.43149 0.0834755
1.31529 -1.42775 0.0828833
1.36305 -1.42415 0.0754044
1.41282 -1.42066 0.0698704
1.46278 -1.41889 0.0354925
1.50693 -1.41707 0.0411756
1.54345 -1.415 0.0565568
1.59342 -1.41352 0.0296983
1.62996 -1.41468 -0.0317915
1.66582 -1.41506 -0.0105967
1.71566 -1.41293 0.0427892
1.75594 -1.41288 0.00110603
1.80561 -1.41193 0.0192227
1.85483 -1.41056 0.0276748
1.9019 -1.40809 0.0525193
1.95178 -1.40638 0.0343516
1.99903 -1.40458 0.0379993
2.049 -1.40311 0.0293678
2.0963 -1.40198 0.0239833
2.14241 -1.40292 -0.0204249
2.18737 -1.40295 -0.000753801
2.23711 -1.40068 0.0457489
2.28314 -1.39984 0.0181303
2.33288 -1.39994 -0.00194106
2.38243 -1.40118 -0.0250006
2.43167 -1.40074 0.00889336
2.47988 -1.39871 0.0420893
2.51018 -1.39778 0.0304793
2.55605 -1.39737 0.00906031
2.60521 -1.39665 0.0146183
2.64925 -1.39861 -0.0444477
2.68561 -1.39924 -0.017419
2.73026 -1.40079 -0.0346974
2.77143 -1.40206 -0.0307479
2.82059 -1.40554 -0.0706134
2.86711 -1.40852 -0.0641329
2.91588 -1.41075 -0.0455875
2.94842 -1.41224 -0.0457586
2.99339 -1.41343 -0.0264628
3.04052 -1.41342 0.00015193
3.08062 -1.41098 0.0608291
3.11926 -1.4097 0.0331961
3.16814 -1.40909 0.0123502
3.21711 -1.40887 0.00462667
3.26095 -1.40802 0.0192785
3.31089 -1.40927 -0.0250613
3.36065 -1.40872 0.0110412
3.40505 -1.409 -0.00623491
3.45391 -1.40898 0.000435999
3.50213 -1.40947 -0.0101504
3.52903 -1.40881 0.0245382
3.57439 -1.40989 -0.0238003
3.61717 -1.41254 -0.0620205
3.64032 -1.41369 -0.0492966
3.68362 -1.41744 -0.0865755
3.72123 -1.42215 -0.12456
3.75772 -1.42789 -0.155837
3.79131 -1.43215 -0.126246
3.82028 -1.43406 -0.0659151
3.84673 -1.43443 -0.0138827
3.87186 -1.43437 0.00242207
3.89991 -1.43447 -0.00373909
3.93104 -1.43381 0.0214293
3.95835 -1.43399 -0.00664508
3.98713 -1.43454 -0.0191645
4.00869 -1.43487 -0.0152047
4.01165 -1.43488 -0.00470144
4.02762 -1.43487 0.000790971
4.03998 -1.43472 0.0117927
4.07769 -1.43456 0.0041787
4.11572 -1.43527 -0.0185452
4.1516 -1.43585 -0.0161155
4.19147 -1.43646 -0.0154343
4.22521 -1.43676 -0.0088316
4.26984 -1.43744 -0.015184
4.31834 -1.43831 -0.0180132
4.35743 -1.43998 -0.0427251
4.38629 -1.44047 -0.016894
4.41279 -1.441 -0.0197837
4.4418 -1.44131 -0.0108565
4.47625 -1.44187 -0.0161954
4.51316 -1.44193 -0.00170734
4.55823 -1.44084 0.0241357
4.59146 -1.43992 0.0279113
4.63378 -1.4385 0.0335549
4.67226 -1.43771 0.0204319
4.70953 -1.4363 0.0377753
4.7366 -1.43597 0.0122605
4.76086 -1.43551 0.0189302
4.78709 -1.43627 -0.0290249
4.81166 -1.43576 0.0207141
4.82853 -1.4355 0.0155546
4.84545 -1.43529 0.0125379
4.86754 -1.4348 0.0218747
4.88209 -1.43434 0.0318051
4.90321 -1.43393 0.0192862
4.91997 -1.4334 0.0317549
4.93298 -1.43279 0.0467409
4.95178 -1.43184 0.0506573
4.96964 -1.4305 0.0747712
4.97706 -1.42997 0.0713015
4.98379 -1.42939 0.0858745
4.99351 -1.42836 0.106254
5.00714 -1.42702 0.0979345
5.01899 -1.42581 0.101342
5.01987 -1.42572 0.100942
5.03117 -1.42485 0.0775051
5.05217 -1.42433 0.0243959
5.06875 -1.42419 0.0086451
5.0905 -1.42401 0.00828186
5.10169 -1.42364 0.0332905
5.1186 -1.4233 0.0202037
5.12695 -1.42312 0.0205544
5.12923 -1.42309 0.0148678
5.13481 -1.42306 0.00545507
5.14005 -1.42322 -0.0313381
5.14447 -1.42332 -0.0223725
5.1578 -1.42352 -0.0150649
5.1684 -1.42375 -0.0210125
5.18009 -1.42414 -0.0336292
5.17958 -1.42409 -0.0954642
5.19028 -1.42551 -0.131616
5.19396 -1.42599 -0.13145
5.20313 -1.42715 -0.125662
True
0.0646057
