-5.45346 1.45507 -0.35357
-5.41617 1.44084 -0.364727
-5.37091 1.4222 -0.390644
-5.34586 1.41261 -0.365422
-5.30497 1.39963 -0.307314
-5.26019 1.38459 -0.324046
-5.21512 1.36767 -0.359271
-5.1743 1.35203 -0.365873
-5.1366 1.33897 -0.333584
-5.09718 1.32669 -0.30184
-5.05202 1.31167 -0.321142
-5.00554 1.29504 -0.34351
-4.95902 1.27728 -0.364701
-4.92057 1.26163 -0.386594
-4.87491 1.24515 -0.346252
-4.82784 1.22834 -0.343109
-4.78642 1.21351 -0.343907
-4.73897 1.19788 -0.318092
-4.69696 1.18503 -0.296793
-4.64939 1.1718 -0.271304
-4.60515 1.15805 -0.301299
-4.56632 1.14716 -0.273612
-4.52364 1.13688 -0.236253
-4.47746 1.12341 -0.283864
-4.44093 1.11152 -0.314633
-4.39325 1.09725 -0.290861
-4.3453 1.08312 -0.286646
-4.2982 1.06941 -0.283216
-4.2653 1.0595 -0.29261
-4.21856 1.04176 -0.362714
-4.17148 1.02543 -0.333837
-4.12543 1.01035 -0.316374
-4.07806 0.994703 -0.319065
-4.03331 0.980338 -0.310632
-3.98813 0.965642 -0.314467
-3.94211 0.954475 -0.238088
-3.89767 0.942455 -0.264143
-3.85918 0.931276 -0.282623
-3.81908 0.920023 -0.273604
-3.77414 0.907259 -0.276776
-3.726 0.893777 -0.273065
-3.67811 0.879765 -0.284592
-3.63115 0.867683 -0.251817
-3.58497 0.853898 -0.290119
-3.53773 0.838731 -0.310644
-3.49988 0.827144 -0.29708
-3.45323 0.811738 -0.31895
-3.41453 0.79858 -0.327807
-3.36693 0.785369 -0.270695
-3.31959 0.773369 -0.248279
-3.27195 0.761235 -0.249374
-3.23086 0.750171 -0.263039
-3.18924 0.739724 -0.245946
-3.15286 0.730616 -0.245299
-3.10491 0.718189 -0.253592
-3.05971 0.706897 -0.244784
-3.0163 0.69599 -0.246193
-2.9684 0.682172 -0.280819
-2.92494 0.670737 -0.257305
-2.89198 0.66083 -0.291996
-2.84994 0.648724 -0.280329
-2.80202 0.636173 -0.2562
-2.75726 0.624012 -0.265254
-2.70876 0.612867 -0.225896
-2.66281 0.600856 -0.255678
-2.61426 0.588908 -0.241313
-2.56966 0.575579 -0.290393
-2.52522 0.561304 -0.310771
-2.47856 0.546 -0.316964
-2.43216 0.527819 -0.373462
-2.38606 0.511233 -0.345341
-2.34018 0.492079 -0.395518
-2.29324 0.4753 -0.343293
-2.24976 0.460286 -0.332487
-2.20223 0.444783 -0.315303
-2.1561 0.429353 -0.322724
-2.10883 0.415076 -0.293374
-2.06263 0.396045 -0.390671
-2.01842 0.378138 -0.384877
-1.97723 0.361065 -0.392978
-1.93311 0.345286 -0.343455
-1.88666 0.329183 -0.33368
-1.83949 0.313233 -0.326066
-1.79308 0.297623 -0.324482
-1.74878 0.283286 -0.312987
-1.704 0.268907 -0.310749
-1.66058 0.253411 -0.342746
-1.61254 0.239552 -0.280861
-1.56739 0.223877 -0.334179
-1.52009 0.207969 -0.32446
-1.47516 0.192929 -0.322975
-1.42841 0.176011 -0.347233
-1.38505 0.161593 -0.32099
-1.34024 0.14414 -0.371442
-1.29323 0.127251 -0.344922
-1.24707 0.109946 -0.358664
-1.20655 0.0968167 -0.313324
-1.16024 0.0785577 -0.375572
-1.11684 0.0616113 -0.372251
-1.07404 0.0432616 -0.405008
-1.02948 0.0259923 -0.369756
-0.991892 0.0117394 -0.362435
-0.953209 -0.00301727 -0.364443
-0.910993 -0.018995 -0.361809
-0.869796 -0.0322186 -0.310595
-0.832477 -0.045366 -0.338729
-0.785806 -0.0630571 -0.362317
-0.740173 -0.0794788 -0.345441
-0.693593 -0.0960931 -0.342612
-0.647255 -0.114386 -0.376
-0.603993 -0.131136 -0.369402
-0.561496 -0.146395 -0.344724
-0.525139 -0.16065 -0.373645
-0.479248 -0.179428 -0.388405
-0.434934 -0.19932 -0.421938
-0.391473 -0.218761 -0.420616
-0.35039 -0.237419 -0.426299
-0.306411 -0.259277 -0.461245
-0.261231 -0.280572 -0.440464
-0.216877 -0.301499 -0.440854
-0.17484 -0.32042 -0.422937
-0.128951 -0.340262 -0.408108
-0.0841823 -0.361908 -0.450367
-0.0407757 -0.384497 -0.479845
-0.00316552 -0.402727 -0.451338
0.0394564 -0.422972 -0.443453
0.0837949 -0.441587 -0.397479
0.129701 -0.461089 -0.401726
0.174166 -0.480038 -0.402856
0.220015 -0.497591 -0.365616
0.261763 -0.512214 -0.336933
0.301222 -0.527774 -0.375603
0.345618 -0.545956 -0.38871
0.391813 -0.564696 -0.385388
0.437402 -0.580367 -0.331079
0.484085 -0.596478 -0.33232
0.530277 -0.614986 -0.381092
0.575659 -0.632912 -0.376183
0.622662 -0.649534 -0.33992
0.66439 -0.666585 -0.387917
0.707339 -0.68225 -0.349733
0.747041 -0.697507 -0.366895
0.788185 -0.711277 -0.32295
0.835104 -0.728547 -0.352688
0.882092 -0.745566 -0.347511
0.928676 -0.761791 -0.335155
0.974723 -0.778841 -0.354617
1.01803 -0.793899 -0.334596
1.05658 -0.808296 -0.357453
1.10287 -0.824425 -0.335305
1.14613 -0.840696 -0.359748
1.18622 -0.857539 -0.397718
1.22916 -0.874713 -0.380473
1.27355 -0.890375 -0.339209
1.31603 -0.908311 -0.399525
1.3576 -0.926833 -0.419111
1.40115 -0.945146 -0.398057
1.44304 -0.960603 -0.353518
1.48157 -0.974329 -0.342188
1.52773 -0.990429 -0.3356
1.57369 -1.00607 -0.327983
1.62121 -1.02089 -0.302358
1.66383 -1.03518 -0.32361
1.71129 -1.05089 -0.319496
1.75821 -1.06695 -0.329922
1.80258 -1.08181 -0.323085
1.84131 -1.09355 -0.294217
1.87341 -1.10267 -0.277089
1.91986 -1.11466 -0.25254
1.96563 -1.12463 -0.214436
2.01262 -1.13592 -0.235729
2.05997 -1.15009 -0.290843
2.1062 -1.1642 -0.296212
2.1528 -1.17927 -0.312789
2.20045 -1.19411 -0.302009
2.24429 -1.20759 -0.298278
2.29178 -1.22201 -0.294763
2.33835 -1.23717 -0.31479
2.38352 -1.25141 -0.305207
2.42388 -1.26603 -0.347764
2.4646 -1.28158 -0.364777
2.50757 -1.29718 -0.348035
2.54802 -1.31404 -0.394982
2.59078 -1.33169 -0.391516
2.63446 -1.34744 -0.346001
2.67929 -1.36465 -0.366674
2.72567 -1.38248 -0.366864
2.77128 -1.40292 -0.42137
2.81674 -1.42201 -0.397712
2.85922 -1.44029 -0.406182
2.90214 -1.45865 -0.404304
2.94716 -1.47962 -0.43592
2.99185 -1.49999 -0.427582
3.02701 -1.51658 -0.440909
3.06499 -1.53416 -0.433577
3.10381 -1.55131 -0.416056
3.14798 -1.57207 -0.439329
3.18028 -1.5882 -0.463044
3.21828 -1.60542 -0.425388
3.26157 -1.62387 -0.402993
3.30341 -1.64386 -0.445644
3.33806 -1.65797 -0.38683
3.37341 -1.67265 -0.393564
3.41478 -1.68941 -0.38503
3.45482 -1.70638 -0.400698
3.49673 -1.7245 -0.408191
3.53873 -1.74319 -0.418618
3.57887 -1.76064 -0.410035
3.61507 -1.77604 -0.402164
3.65262 -1.79187 -0.399049
3.69841 -1.81174 -0.409503
3.73642 -1.8287 -0.419661
3.77087 -1.84529 -0.44874
3.80818 -1.86213 -0.424059
3.83632 -1.8749 -0.426071
3.86475 -1.88863 -0.44978
3.89424 -1.90252 -0.440271
3.91689 -1.91242 -0.412078
3.95188 -1.92605 -0.371444
3.97145 -1.93343 -0.360394
3.99247 -1.94172 -0.375585
4.01545 -1.95054 -0.366525
4.05777 -1.96841 -0.399542
4.08543 -1.97824 -0.34156
4.1021 -1.98397 -0.330903
4.11405 -1.98785 -0.313916
4.13888 -1.99558 -0.301882
4.1704 -2.00604 -0.320482
4.19018 -2.01251 -0.316014
4.21169 -2.01951 -0.31468
4.22808 -2.02442 -0.291236
4.23882 -2.02808 -0.328082
4.25151 -2.0328 -0.355765
4.27356 -2.04109 -0.359683
4.2895 -2.04698 -0.353986
4.30252 -2.05216 -0.378643
4.32715 -2.06096 -0.343144
4.34898 -2.06876 -0.34339
4.38081 -2.07913 -0.315013
4.39366 -2.08319 -0.305837
4.41776 -2.09125 -0.322593
4.42284 -2.09283 -0.302759
4.43476 -2.09616 -0.272091
4.45052 -2.10135 -0.31811
4.46851 -2.10693 -0.300711
4.48936 -2.11335 -0.298744
4.49678 -2.11579 -0.317918
4.50913 -2.11995 -0.325169
4.5178 -2.123 -0.337344
4.51512 -2.1221 -0.321514
4.531 -2.1271 -0.305117
4.56036 -2.13661 -0.313106
4.57991 -2.14196 -0.267102
4.60092 -2.14623 -0.200567
4.60941 -2.1481 -0.21709
4.63028 -2.15232 -0.199092
4.65014 -2.1563 -0.19805
4.68331 -2.16314 -0.203297
4.70069 -2.16679 -0.207267
4.72153 -2.17104 -0.201072
4.73007 -2.17235 -0.152611
4.73899 -2.17371 -0.151026
4.7432 -2.17434 -0.148886
4.75835 -2.17655 -0.144554
4.77279 -2.17815 -0.110418
4.78062 -2.17905 -0.114871
4.78807 -2.17988 -0.110079
4.79125 -2.18011 -0.0724971
4.79072 -2.18009 -0.0296715
4.81013 -2.1815 -0.0724372
4.82865 -2.18338 -0.101259
4.83863 -2.1845 -0.111717
4.85343 -2.18716 -0.178096
4.87078 -2.1909 -0.212111
4.88737 -2.19495 -0.239548
4.89481 -2.19713 -0.284455
4.90848 -2.20183 -0.331232
4.92738 -2.20923 -0.373042
4.93667 -2.21344 -0.425421
4.94759 -2.21809 -0.403228
4.96634 -2.22681 -0.435302
4.98361 -2.23463 -0.424844
4.99458 -2.2397 -0.432979
5.0041 -2.2433 -0.361766
5.01704 -2.24812 -0.356444
5.03189 -2.25431 -0.395012
5.04659 -2.26038 -0.391673
5.06148 -2.26561 -0.337867
5.06122 -2.26554 -0.274868
5.05986 -2.26516 -0.270969
5.06332 -2.26609 -0.262823
5.07496 -2.26839 -0.195263
5.09406 -2.27153 -0.162481
5.10063 -2.27292 -0.209132
5.11152 -2.27577 -0.255677
5.12705 -2.27963 -0.243927
5.14764 -2.28365 -0.19275
5.15628 -2.28517 -0.174478
5.16057 -2.28569 -0.120699
5.16862 -2.28662 -0.114178
5.17295 -2.28693 -0.0716468
5.18334 -2.28737 -0.0427731
5.18531 -2.28738 -0.00544679
5.19962 -2.2874 -0.000933074
5.20441 -2.28728 0.0236147
True
0.26413
