-5.46306 -1.44409 0.282705
-5.42297 -1.43049 0.326907
-5.39164 -1.42095 0.295682
-5.35166 -1.40983 0.271199
-5.30359 -1.39635 0.273496
-5.25807 -1.38321 0.280946
-5.21007 -1.37074 0.254085
-5.16165 -1.35826 0.252379
-5.11495 -1.34304 0.315018
-5.07176 -1.33072 0.277869
-5.02422 -1.32037 0.214404
-4.97511 -1.31109 0.186788
-4.92911 -1.30304 0.173147
-4.88785 -1.29295 0.23996
-4.84005 -1.2832 0.201234
-4.79354 -1.27701 0.132232
-4.75028 -1.2662 0.244978
-4.70155 -1.25513 0.223238
-4.6598 -1.24439 0.251958
-4.61532 -1.23302 0.250092
-4.56793 -1.22438 0.180489
-4.51909 -1.21477 0.194232
-4.47262 -1.20348 0.238291
-4.43089 -1.19372 0.229726
-4.382 -1.18333 0.209463
-4.33521 -1.17263 0.224838
-4.28993 -1.16064 0.258754
-4.24278 -1.14579 0.305174
-4.20038 -1.13367 0.278389
-4.152 -1.12252 0.226542
-4.10685 -1.11089 0.252021
-4.0633 -1.10179 0.206165
-4.0152 -1.08965 0.247083
-3.97121 -1.07788 0.261401
-3.92922 -1.06805 0.229961
-3.88181 -1.05218 0.323002
-3.83474 -1.03608 0.329597
-3.78898 -1.02124 0.313671
-3.7456 -1.00772 0.302121
-3.69807 -0.99242 0.311423
-3.65016 -0.978524 0.282295
-3.60852 -0.967685 0.254672
-3.56102 -0.955261 0.25577
-3.51682 -0.943744 0.25495
-3.47042 -0.930742 0.273183
-3.42839 -0.917704 0.300812
-3.384 -0.904629 0.286424
-3.33832 -0.894416 0.219971
-3.29062 -0.884276 0.209454
-3.24236 -0.87237 0.24189
-3.19373 -0.860781 0.233956
-3.14607 -0.847752 0.266819
-3.1049 -0.835856 0.281319
-3.06371 -0.823572 0.289795
-3.02168 -0.812049 0.267604
-2.97352 -0.79897 0.265206
-2.93101 -0.786974 0.27502
-2.8832 -0.772521 0.29354
-2.84274 -0.76293 0.232785
-2.79507 -0.749611 0.27244
-2.74707 -0.737174 0.253504
-2.70389 -0.726261 0.247592
-2.65584 -0.71645 0.201384
-2.60824 -0.706855 0.198904
-2.56715 -0.699542 0.17616
-2.52129 -0.691465 0.174337
-2.47353 -0.684197 0.151017
-2.43712 -0.679787 0.120549
-2.39002 -0.672488 0.153743
-2.34221 -0.664292 0.169764
-2.30182 -0.657744 0.16073
-2.25295 -0.650408 0.14897
-2.20493 -0.643103 0.150986
-2.16296 -0.636243 0.162023
-2.11788 -0.626886 0.204634
-2.08213 -0.61973 0.197596
-2.03441 -0.608241 0.23623
-1.98822 -0.598752 0.202638
-1.94087 -0.587692 0.229455
-1.89928 -0.580408 0.173392
-1.85271 -0.570523 0.209138
-1.80519 -0.559123 0.235466
-1.75865 -0.549698 0.199817
-1.72361 -0.542754 0.195595
-1.68458 -0.532797 0.249838
-1.63691 -0.52163 0.230075
-1.58968 -0.509795 0.245532
-1.54215 -0.497722 0.248745
-1.49621 -0.484703 0.27617
-1.44826 -0.470879 0.280654
-1.41493 -0.462129 0.256798
-1.37197 -0.452324 0.224381
-1.32427 -0.441785 0.217426
-1.27776 -0.432358 0.199981
-1.23298 -0.421417 0.239679
-1.1885 -0.409516 0.261414
-1.14925 -0.399433 0.251463
-1.10274 -0.387504 0.251061
-1.05634 -0.375919 0.24467
-1.01723 -0.365452 0.261513
-0.969551 -0.350441 0.305003
-0.921621 -0.337935 0.255218
-0.873827 -0.324712 0.269928
-0.825789 -0.313628 0.226769
-0.777703 -0.302769 0.222086
-0.72942 -0.289786 0.262684
-0.68125 -0.276983 0.25979
-0.636774 -0.265105 0.260974
-0.589672 -0.250956 0.291819
-0.551023 -0.23604 0.368309
-0.509532 -0.221383 0.339568
-0.462561 -0.204934 0.336865
-0.416148 -0.189634 0.31843
-0.374025 -0.175794 0.317445
-0.327239 -0.160175 0.322214
-0.280214 -0.144012 0.331062
-0.233025 -0.128251 0.32234
-0.185791 -0.115194 0.269702
-0.138441 -0.099173 0.326252
-0.0916395 -0.0847101 0.299719
-0.0438647 -0.0706209 0.286778
-0.0121656 -0.0601803 0.318175
0.0340683 -0.0434138 0.347897
0.080437 -0.0283598 0.313924
0.119819 -0.0143544 0.341682
0.166424 0.00185347 0.334688
0.212517 0.0165492 0.308641
0.256851 0.0290531 0.274897
0.303329 0.0424403 0.280437
0.351213 0.0565008 0.285611
0.398493 0.0724638 0.325612
0.445375 0.086314 0.287253
0.492496 0.101106 0.304176
0.538059 0.115578 0.307544
0.584439 0.132209 0.344309
0.63159 0.148539 0.333398
0.678271 0.162096 0.282647
0.723892 0.176802 0.311839
0.765225 0.190289 0.315399
0.804396 0.20425 0.342364
0.850815 0.219287 0.313288
0.89408 0.233074 0.308483
0.942552 0.245247 0.246039
0.990697 0.256531 0.23023
1.03841 0.266791 0.211784
1.07275 0.275703 0.253967
1.11488 0.285207 0.221879
1.16092 0.295676 0.22355
1.20948 0.307573 0.240306
1.2526 0.321116 0.304289
1.29945 0.334754 0.283261
1.34398 0.346993 0.268228
1.39188 0.361227 0.288896
1.43898 0.374464 0.273943
1.47979 0.386768 0.292858
1.52687 0.401704 0.307192
1.57534 0.413928 0.247016
1.6235 0.427367 0.27214
1.65365 0.438486 0.353316
1.69976 0.455706 0.357409
1.74404 0.4725 0.36257
1.78282 0.486662 0.35008
1.82517 0.501873 0.344872
1.8724 0.517698 0.323262
1.91834 0.532965 0.320884
1.96069 0.547363 0.327704
2.00438 0.56275 0.338581
2.05088 0.581038 0.374737
2.09819 0.596964 0.324702
2.14439 0.613201 0.33794
2.19195 0.628205 0.305624
2.23722 0.642436 0.304583
2.27382 0.654435 0.316825
2.31517 0.66798 0.3165
2.3609 0.683813 0.33331
2.40894 0.697564 0.278784
2.45218 0.711406 0.309837
2.49797 0.72816 0.350782
2.54316 0.744078 0.338641
2.58977 0.757625 0.282858
2.63383 0.772656 0.328759
2.67634 0.786092 0.30614
2.71536 0.798749 0.313629
2.7613 0.813327 0.307331
2.80754 0.828764 0.322198
2.85494 0.844615 0.322701
2.90222 0.860325 0.320787
2.94349 0.872728 0.291948
2.98603 0.885954 0.301417
3.03223 0.900265 0.300436
3.06308 0.908153 0.250321
3.10516 0.920068 0.275929
3.14747 0.933037 0.29738
3.19205 0.943949 0.240098
3.23823 0.955459 0.24426
3.2847 0.968817 0.279927
3.32587 0.980492 0.276308
3.36693 0.99275 0.290079
3.40761 1.00398 0.269392
3.45162 1.01577 0.261632
3.49955 1.02745 0.239114
3.53689 1.03771 0.268159
3.57617 1.04791 0.254066
3.61564 1.05856 0.263601
3.64723 1.0665 0.246278
3.68942 1.07817 0.269833
3.72892 1.08903 0.268296
3.77061 1.1019 0.299461
3.8103 1.11706 0.364841
3.83733 1.1268 0.345804
3.85339 1.13191 0.308207
3.86305 1.13486 0.296165
3.89907 1.14617 0.304196
3.9281 1.15529 0.30421
3.96839 1.16831 0.31274
4.00132 1.17923 0.32006
4.04136 1.19475 0.369826
4.0745 1.20808 0.382556
4.10235 1.21837 0.353745
4.12298 1.22578 0.345043
4.14195 1.2327 0.349595
4.15772 1.23894 0.376982
4.18561 1.24977 0.370411
4.2059 1.25644 0.317529
4.22859 1.26342 0.298545
4.24598 1.26884 0.302242
4.25992 1.27355 0.325613
4.29221 1.28619 0.372967
4.31974 1.29641 0.355527
4.32911 1.29964 0.33168
4.34549 1.30515 0.32481
4.36976 1.31333 0.325073
4.39123 1.32073 0.331985
4.3983 1.32339 0.359969
4.41492 1.3293 0.341577
4.43552 1.33662 0.34142
4.45069 1.34154 0.313435
4.45921 1.34425 0.30762
4.47474 1.34943 0.321912
4.48782 1.35374 0.318803
4.51399 1.3626 0.326138
4.51768 1.36371 0.293827
4.52562 1.36592 0.271546
4.52546 1.36589 0.215117
4.53481 1.36818 0.239988
4.5498 1.37225 0.265617
4.56625 1.37665 0.261015
4.58272 1.38121 0.270548
4.60333 1.38692 0.270079
4.62338 1.39356 0.319801
4.64187 1.40054 0.360933
4.66285 1.40867 0.369721
4.66761 1.41072 0.406599
4.67824 1.41479 0.365315
4.692 1.41977 0.347769
4.70885 1.42502 0.301653
4.72489 1.43034 0.320363
4.73583 1.43404 0.326281
4.74013 1.43565 0.357181
4.74798 1.43837 0.334431
4.75118 1.43962 0.371712
4.76032 1.44276 0.33045
4.76285 1.44356 0.306265
4.76767 1.44497 0.285812
4.77728 1.44832 0.335395
4.79243 1.45409 0.363901
4.81726 1.46436 0.392325
4.82864 1.46878 0.37031
4.84468 1.47445 0.339715
4.86396 1.48046 0.302167
4.88953 1.48804 0.288022
4.92948 1.49995 0.289884
4.95939 1.50869 0.284013
4.97743 1.51414 0.29377
4.99401 1.51944 0.309067
5.00827 1.52382 0.298353
5.01956 1.52765 0.327057
5.02331 1.52908 0.363326
5.02661 1.5304 0.381791
5.03437 1.53358 0.388803
5.05078 1.5401 0.378149
5.05871 1.54293 0.343146
5.06909 1.54655 0.335228
5.07495 1.54845 0.313525
5.0958 1.55449 0.282036
5.09802 1.5552 0.308066
5.10921 1.55891 0.320474
5.11813 1.56267 0.398976
5.12419 1.56538 0.41955
5.13056 1.56801 0.392444
5.12961 1.56759 0.423032
5.13213 1.56873 0.427184
5.14467 1.57441 0.424853
5.16592 1.58463 0.448545
5.17621 1.58961 0.450403
5.18971 1.59651 0.472456
5.20157 1.60278 0.486521
5.20616 1.6051 0.467641
True
0.268507
