-5.47279 -0.173438 0.281916
-5.42455 -0.161007 0.252194
-5.39374 -0.151922 0.286707
-5.35953 -0.141212 0.303439
-5.31117 -0.130364 0.220659
-5.26518 -0.119099 0.240191
-5.22556 -0.109315 0.24213
-5.1788 -0.0942413 0.311814
-5.13214 -0.0813527 0.269509
-5.09183 -0.0699919 0.274714
-5.04405 -0.055412 0.296177
-4.9957 -0.0459953 0.19236
-4.94709 -0.0356533 0.209607
-4.90379 -0.0245341 0.251411
-4.85623 -0.0142975 0.212004
-4.82227 -0.00588169 0.242886
-4.77378 0.00618594 0.243905
-4.72682 0.0213542 0.312409
-4.6824 0.035672 0.311861
-4.64599 0.0480538 0.327795
-4.60213 0.0637596 0.343855
-4.55531 0.080973 0.352316
-4.51047 0.0952486 0.30818
-4.46526 0.109039 0.296105
-4.41716 0.122587 0.274531
-4.37147 0.135711 0.279732
-4.32329 0.149085 0.270778
-4.27468 0.160705 0.234614
-4.24263 0.169485 0.267443
-4.19454 0.179111 0.197527
-4.14561 0.188883 0.197133
-4.09673 0.199218 0.208371
-4.04911 0.210784 0.238259
-4.00905 0.220191 0.23064
-3.96891 0.231131 0.26607
-3.92146 0.246145 0.306483
-3.87452 0.260682 0.300301
-3.82738 0.276637 0.326373
-3.78022 0.289963 0.275379
-3.74364 0.297618 0.206311
-3.6992 0.30555 0.1766
-3.65097 0.312946 0.152191
-3.60959 0.319519 0.157524
-3.56189 0.329184 0.199913
-3.51306 0.339934 0.216693
-3.47327 0.348944 0.222676
-3.43067 0.35801 0.209678
-3.38724 0.367237 0.209345
-3.33894 0.380131 0.260893
-3.30728 0.390954 0.329372
-3.26082 0.406035 0.313875
-3.2183 0.419182 0.299879
-3.17013 0.430279 0.226439
-3.12246 0.442837 0.257548
-3.0751 0.455473 0.260754
-3.02822 0.469654 0.29374
-2.9815 0.485277 0.322719
-2.93601 0.499644 0.305878
-2.89853 0.512889 0.339695
-2.85626 0.52946 0.373633
-2.81002 0.547745 0.376567
-2.76705 0.565199 0.385785
-2.71963 0.580862 0.319047
-2.67256 0.596779 0.326098
-2.62508 0.611148 0.293896
-2.57951 0.625158 0.298262
-2.53995 0.635552 0.256889
-2.49244 0.647689 0.25011
-2.44402 0.660099 0.250883
-2.39954 0.670966 0.239637
-2.35162 0.68075 0.201442
-2.30562 0.690795 0.214954
-2.25772 0.699643 0.182661
-2.20911 0.711216 0.233732
-2.16551 0.722372 0.250525
-2.11709 0.733652 0.228853
-2.06921 0.743619 0.205231
-2.02443 0.749843 0.138127
-1.97783 0.755109 0.112509
-1.94577 0.76071 0.173017
-1.90797 0.767164 0.169053
-1.85832 0.773056 0.118144
-1.81553 0.778929 0.136407
-1.7661 0.784311 0.108425
-1.71886 0.788275 0.0837447
-1.68003 0.79152 0.0833703
-1.63764 0.795064 0.0833966
-1.5992 0.797993 0.0760532
-1.55463 0.802276 0.0958059
-1.50661 0.807195 0.102069
-1.45701 0.813467 0.125782
-1.40934 0.81964 0.128797
-1.35979 0.826331 0.134218
-1.31138 0.83259 0.128589
-1.26864 0.835641 0.0712348
-1.219 0.838973 0.0670346
-1.1711 0.839876 0.0188551
-1.12211 0.840422 0.0111314
-1.07233 0.842111 0.0339309
-1.02712 0.845349 0.0714964
-0.98054 0.850333 0.106577
-0.93105 0.856859 0.131108
-0.88145 0.862662 0.116466
-0.832114 0.86818 0.111376
-0.784631 0.8735 0.111585
-0.736319 0.882642 0.187018
-0.687705 0.892366 0.19742
-0.642728 0.900407 0.176905
-0.599805 0.904892 0.104112
-0.560828 0.909054 0.10638
-0.511259 0.913558 0.0906175
-0.463686 0.916289 0.057336
-0.418799 0.920841 0.101068
-0.368953 0.924265 0.0685932
-0.337552 0.927305 0.0965123
-0.287925 0.933381 0.121825
-0.246292 0.938476 0.121774
-0.214209 0.943206 0.146377
-0.164908 0.949083 0.118643
-0.115278 0.955006 0.118784
-0.0852125 0.958327 0.110017
-0.047124 0.961599 0.0856913
-0.0053172 0.967477 0.139672
0.0408877 0.973066 0.120381
0.0902027 0.979427 0.128276
0.137874 0.984936 0.115062
0.180702 0.990399 0.126862
0.223431 0.995059 0.108645
0.273229 0.999521 0.0893513
0.315361 1.00296 0.0815404
0.359434 1.00656 0.081416
0.409229 1.011 0.0889933
0.452223 1.01518 0.0968128
0.494544 1.02024 0.119006
0.544016 1.02478 0.091558
0.592763 1.03054 0.117677
0.641995 1.03508 0.0917803
0.687512 1.03882 0.0820625
0.733144 1.04244 0.0792138
0.77989 1.04702 0.0976405
0.822643 1.0519 0.113728
0.871284 1.05653 0.0948434
0.920271 1.06355 0.142307
0.963474 1.07098 0.170401
1.00945 1.08021 0.198051
1.05811 1.09053 0.208971
1.09791 1.09967 0.225688
1.13999 1.10757 0.18576
1.18347 1.11484 0.165464
1.21692 1.12173 0.203131
1.26409 1.1352 0.278183
1.30154 1.14521 0.261133
1.34947 1.15933 0.286559
1.39555 1.17255 0.279396
1.43807 1.18623 0.311263
1.48562 1.20034 0.288465
1.52531 1.21249 0.297182
1.57093 1.22598 0.287539
1.61099 1.23829 0.298153
1.65506 1.25402 0.342742
1.68753 1.26414 0.302189
1.73533 1.2778 0.278185
1.78326 1.29194 0.28696
1.82567 1.30524 0.303851
1.8734 1.31979 0.296051
1.9094 1.33068 0.293706
1.94947 1.34321 0.302904
1.99093 1.35729 0.327469
2.03331 1.36974 0.285668
2.07391 1.38337 0.324007
2.1113 1.39481 0.296927
2.14315 1.40551 0.324183
2.18839 1.4216 0.34162
2.22872 1.4347 0.31391
2.26764 1.44826 0.33539
2.30637 1.46073 0.311508
2.34743 1.47275 0.284806
2.38748 1.48566 0.311919
2.43478 1.49877 0.270223
2.48237 1.51271 0.284893
2.52547 1.52235 0.220232
2.56769 1.53317 0.250928
2.61614 1.5439 0.217873
2.65286 1.55233 0.225604
2.69713 1.56303 0.237272
2.74559 1.57302 0.2033
2.79273 1.58256 0.199655
2.83981 1.59122 0.181845
2.87816 1.59881 0.195424
2.92643 1.60919 0.211767
2.97004 1.61694 0.17588
3.01817 1.62648 0.195711
3.06128 1.63364 0.164467
3.10554 1.64219 0.190877
3.15245 1.64903 0.144821
3.19392 1.65652 0.178727
3.23479 1.66326 0.163325
3.27573 1.67167 0.202649
3.31459 1.67814 0.165057
3.35758 1.68663 0.194992
3.40428 1.69575 0.192905
3.44709 1.70345 0.177822
3.49595 1.71379 0.2085
3.54399 1.72179 0.165105
3.57526 1.72804 0.197285
3.61499 1.73683 0.217775
3.66295 1.74761 0.220981
3.69921 1.75647 0.239754
3.72953 1.76289 0.208669
3.76075 1.77055 0.24048
3.80012 1.78085 0.256052
3.83065 1.7901 0.294216
3.87333 1.804 0.314727
3.91285 1.81634 0.302724
3.95648 1.83079 0.319738
3.9913 1.84124 0.291504
4.02487 1.85103 0.284033
4.07272 1.86493 0.282573
4.1095 1.87561 0.282668
4.15601 1.88883 0.276908
4.17868 1.89572 0.29511
4.20058 1.90109 0.240564
4.22613 1.90717 0.233634
4.23719 1.90955 0.211851
4.25487 1.91341 0.214696
4.25872 1.91424 0.213861
4.27159 1.91668 0.186771
4.28268 1.91921 0.224689
4.3167 1.92681 0.219818
4.34849 1.93327 0.20041
4.39292 1.93993 0.14874
4.41927 1.94383 0.146996
4.44726 1.94763 0.135088
4.45637 1.94909 0.159
4.4791 1.9536 0.195539
4.50197 1.95921 0.240851
4.52925 1.96522 0.216696
4.56648 1.97186 0.176462
4.59938 1.97672 0.146715
4.622 1.97946 0.120371
4.63614 1.98128 0.128474
4.66174 1.98455 0.126781
4.67178 1.98596 0.140276
4.68768 1.98813 0.135742
4.70036 1.98989 0.137637
4.71447 1.9924 0.17599
4.72477 1.9945 0.20072
4.73832 1.99754 0.22119
4.75067 2 0.196659
4.7618 2.00236 0.208257
4.77017 2.00396 0.189783
4.78349 2.00735 0.248722
4.798 2.01159 0.284823
4.81053 2.01478 0.248938
4.82548 2.01841 0.23858
4.85168 2.02494 0.244168
4.88533 2.03301 0.235393
4.91061 2.03935 0.245462
4.93782 2.04605 0.241361
4.96032 2.05198 0.257889
4.97999 2.0577 0.28295
4.99968 2.06304 0.265117
5.0128 2.06619 0.235208
5.01814 2.06763 0.263098
5.03697 2.07303 0.279527
5.04778 2.07582 0.252593
5.05341 2.07736 0.267543
5.06462 2.08024 0.251235
5.06468 2.08026 0.265055
5.06912 2.08159 0.291242
5.09663 2.08964 0.284882
5.10258 2.0915 0.302518
5.1184 2.0962 0.288661
5.13112 2.10005 0.293612
5.14195 2.10349 0.308026
5.15486 2.10784 0.325156
5.16699 2.11285 0.391488
5.17224 2.11511 0.40624
5.19345 2.1238 0.388733
5.21449 2.13312 0.417292
True
0.270537
