-5.46491 0.494933 -0.188856
-5.41826 0.486094 -0.187254
-5.37607 0.476744 -0.218084
-5.32762 0.464649 -0.244667
-5.28765 0.45745 -0.178188
-5.2395 0.44852 -0.183379
-5.19449 0.439023 -0.207932
-5.15673 0.432522 -0.170526
-5.11182 0.424089 -0.185615
-5.06486 0.41544 -0.182113
-5.01988 0.406225 -0.202077
-4.97295 0.395431 -0.226065
-4.92378 0.386623 -0.177243
-4.87492 0.380211 -0.130496
-4.82683 0.373532 -0.138015
-4.77791 0.367197 -0.128771
-4.72873 0.361166 -0.122032
-4.67938 0.353996 -0.144268
-4.63056 0.344674 -0.188689
-4.58926 0.337053 -0.182476
-4.54374 0.329365 -0.16731
-4.49439 0.321727 -0.153535
-4.45431 0.315092 -0.164073
-4.40574 0.30643 -0.176496
-4.35799 0.299002 -0.154313
-4.309 0.293216 -0.117562
-4.26028 0.287059 -0.125705
-4.2179 0.280798 -0.146669
-4.16867 0.272369 -0.169566
-4.12411 0.26698 -0.120364
-4.07421 0.263932 -0.0610146
-4.03819 0.259513 -0.122061
-3.99088 0.257742 -0.0374068
-3.94093 0.255734 -0.0401838
-3.89107 0.25712 0.0277932
-3.84276 0.257759 0.0132191
-3.79803 0.260898 0.0700632
-3.75335 0.264669 0.0841921
-3.70434 0.267812 0.064042
-3.65439 0.269912 0.0420287
-3.60822 0.270712 0.0173172
-3.55873 0.273167 0.0495638
-3.5089 0.277016 0.0770995
-3.45903 0.280186 0.0634682
-3.41197 0.282227 0.0433375
-3.36213 0.285875 0.0730728
-3.31681 0.287348 0.032486
-3.27186 0.289052 0.0378883
-3.22246 0.291818 0.0559451
-3.17538 0.294642 0.0599052
-3.12975 0.294731 0.00194335
-3.09037 0.295411 0.0172719
-3.04037 0.294927 -0.00967732
-3.00057 0.295579 0.0163878
-2.95089 0.297528 0.0392039
-2.90913 0.297317 -0.00504441
-2.85964 0.297529 0.00428509
-2.81014 0.296885 -0.0130242
-2.76056 0.295472 -0.0284884
-2.71058 0.295456 -0.000318248
-2.66179 0.296741 0.0263412
-2.61183 0.298315 0.0314773
-2.5619 0.29934 0.0205401
-2.51195 0.301436 0.0419329
-2.46202 0.303982 0.0509557
-2.41453 0.304582 0.0126374
-2.3689 0.306706 0.0465081
-2.31991 0.307636 0.018974
-2.27643 0.309511 0.043106
-2.22874 0.311724 0.0463618
-2.1833 0.313531 0.0397526
-2.14263 0.313122 -0.0100613
-2.10828 0.312476 -0.01879
-2.05867 0.312441 -0.000700189
-2.01434 0.314332 0.0426152
-1.96921 0.314221 -0.00246467
-1.92239 0.315147 0.0197762
-1.87589 0.315031 -0.00249442
-1.82907 0.315168 0.00293802
-1.78406 0.313939 -0.0273026
-1.73857 0.313075 -0.018986
-1.6925 0.313533 0.00993635
-1.65565 0.313677 0.00390965
-1.60632 0.312392 -0.0260544
-1.5566 0.307268 -0.102683
-1.51384 0.304253 -0.0704013
-1.46507 0.301762 -0.0510342
-1.42404 0.299121 -0.0642647
-1.37874 0.294341 -0.105126
-1.33965 0.290377 -0.10106
-1.29257 0.282707 -0.161508
-1.24694 0.276952 -0.125447
-1.20103 0.269727 -0.156076
-1.15441 0.260813 -0.188934
-1.11573 0.252326 -0.215988
-1.0714 0.240451 -0.261772
-1.02357 0.228747 -0.239945
-0.974874 0.217397 -0.229008
-0.927441 0.206403 -0.227769
-0.882928 0.195175 -0.247077
-0.840342 0.18442 -0.247374
-0.800979 0.17485 -0.238504
-0.754156 0.162063 -0.266591
-0.707683 0.146799 -0.317354
-0.660444 0.13132 -0.31664
-0.614858 0.116225 -0.319765
-0.571977 0.10232 -0.31358
-0.524833 0.0870035 -0.314122
-0.477819 0.0700261 -0.346546
-0.432903 0.0568714 -0.284906
-0.392335 0.0446118 -0.293474
-0.350715 0.0333325 -0.264647
-0.303493 0.0209278 -0.256886
-0.259789 0.0088489 -0.269645
-0.217288 -0.00358805 -0.284681
-0.174492 -0.0147915 -0.256044
-0.127969 -0.0292292 -0.300911
-0.0802584 -0.0435109 -0.29085
-0.0417659 -0.0548623 -0.28677
4.45856e-05 -0.0667419 -0.276833
0.0426024 -0.0805107 -0.312903
0.0865969 -0.0939809 -0.297117
0.130732 -0.106084 -0.267644
0.174051 -0.117856 -0.265338
0.222677 -0.128988 -0.225053
0.263386 -0.137956 -0.216831
0.311477 -0.148762 -0.221032
0.353593 -0.159069 -0.240024
0.402074 -0.170738 -0.236193
0.445273 -0.180469 -0.221551
0.48861 -0.189848 -0.213145
0.522656 -0.195132 -0.153958
0.56786 -0.203718 -0.187715
0.615412 -0.212805 -0.188811
0.659207 -0.221094 -0.187065
0.708547 -0.228084 -0.14074
0.753271 -0.236059 -0.176455
0.802771 -0.243065 -0.140605
0.850261 -0.252605 -0.19824
0.896612 -0.262039 -0.200785
0.94267 -0.270763 -0.187195
0.991571 -0.280903 -0.204457
1.03809 -0.290354 -0.200453
1.08615 -0.300915 -0.216279
1.13408 -0.313138 -0.24971
1.18095 -0.324744 -0.242769
1.21602 -0.33453 -0.272057
1.26185 -0.345614 -0.23733
1.30336 -0.357134 -0.270711
1.35193 -0.368841 -0.236505
1.38914 -0.379468 -0.278218
1.42901 -0.389087 -0.236745
1.47172 -0.398935 -0.226595
1.50956 -0.40843 -0.245826
1.55683 -0.419901 -0.238072
1.60457 -0.433505 -0.277631
1.64882 -0.446319 -0.281828
1.69532 -0.45809 -0.247948
1.73778 -0.467941 -0.227961
1.7849 -0.477394 -0.197987
1.83392 -0.486883 -0.191208
1.87902 -0.494976 -0.177576
1.92833 -0.503136 -0.163994
1.96658 -0.511272 -0.209585
2.01135 -0.520978 -0.213465
2.0592 -0.530751 -0.201477
2.10767 -0.543016 -0.247834
2.14975 -0.553049 -0.234065
2.19731 -0.566194 -0.269672
2.23165 -0.57559 -0.267072
2.27958 -0.589609 -0.284543
2.32717 -0.604255 -0.298557
2.37505 -0.618575 -0.290608
2.42121 -0.632102 -0.285061
2.46901 -0.646498 -0.292544
2.51625 -0.662402 -0.324721
2.55295 -0.673697 -0.298575
2.59201 -0.684948 -0.28047
2.63992 -0.69849 -0.275457
2.68707 -0.711267 -0.264633
2.73519 -0.723014 -0.239445
2.78423 -0.732002 -0.181257
2.82992 -0.742934 -0.234847
2.87524 -0.753593 -0.231033
2.91677 -0.765553 -0.280405
2.95948 -0.777206 -0.266309
3.00789 -0.788291 -0.225116
3.04767 -0.79987 -0.283268
3.09249 -0.815143 -0.328429
3.13683 -0.831685 -0.357072
3.17511 -0.845651 -0.349764
3.20973 -0.859007 -0.368238
3.24234 -0.872725 -0.398209
3.27987 -0.88786 -0.383334
3.31137 -0.900376 -0.378152
3.35065 -0.914327 -0.341261
3.39583 -0.929867 -0.33129
3.43397 -0.941883 -0.305243
3.47869 -0.956119 -0.308159
3.52532 -0.969797 -0.285335
3.55779 -0.979055 -0.277731
3.60352 -0.991945 -0.274746
3.64389 -1.00429 -0.296781
3.69123 -1.01689 -0.260254
3.712 -1.02185 -0.23418
3.73775 -1.02801 -0.234972
3.76436 -1.03587 -0.286964
3.77656 -1.03949 -0.288431
3.79436 -1.04539 -0.32028
3.80346 -1.04869 -0.347683
3.81797 -1.05438 -0.373875
3.83849 -1.0633 -0.41006
3.86176 -1.07345 -0.411367
3.87394 -1.07839 -0.384926
3.89415 -1.08538 -0.33285
3.93037 -1.09659 -0.30035
3.96083 -1.1071 -0.332167
3.98635 -1.11618 -0.341662
3.99789 -1.12046 -0.355727
4.01275 -1.12664 -0.393879
4.03078 -1.13288 -0.333308
4.0503 -1.1387 -0.28947
4.06389 -1.14262 -0.280978
4.08098 -1.14679 -0.239487
4.08843 -1.14834 -0.2055
4.09925 -1.15057 -0.202948
4.1071 -1.15221 -0.205575
4.11436 -1.15391 -0.230213
4.14131 -1.16089 -0.253612
4.15839 -1.16481 -0.225396
4.18348 -1.17011 -0.208316
4.19931 -1.17313 -0.188546
4.22228 -1.17758 -0.19137
4.26169 -1.18397 -0.160715
4.28558 -1.189 -0.207262
4.31669 -1.19552 -0.206832
4.33982 -1.20001 -0.1914
4.35894 -1.2033 -0.170585
4.37651 -1.20616 -0.161187
4.38521 -1.20792 -0.200349
4.40442 -1.21178 -0.198004
4.42541 -1.21616 -0.205699
4.43895 -1.21979 -0.262264
4.44876 -1.22258 -0.277123
4.46896 -1.22862 -0.290277
4.48505 -1.23368 -0.305003
4.51035 -1.24235 -0.329933
4.53679 -1.25195 -0.348399
4.57372 -1.26578 -0.358215
4.60163 -1.27598 -0.350709
4.60017 -1.27551 -0.317751
4.62139 -1.28152 -0.276108
4.63213 -1.28482 -0.297878
4.64698 -1.28887 -0.266523
4.66589 -1.29308 -0.218959
4.70063 -1.3005 -0.21055
4.7328 -1.30821 -0.235211
4.74956 -1.31208 -0.226966
4.76175 -1.31507 -0.240053
4.77263 -1.31772 -0.238998
4.78127 -1.31997 -0.254771
4.7879 -1.32186 -0.278184
4.80553 -1.32719 -0.293772
4.82757 -1.33397 -0.298372
4.83986 -1.33724 -0.260028
4.85977 -1.34215 -0.241597
4.87386 -1.34596 -0.264064
4.89776 -1.35194 -0.245326
4.9088 -1.35467 -0.242262
4.92016 -1.3571 -0.210557
4.93355 -1.35973 -0.193885
4.94737 -1.36246 -0.19544
4.9606 -1.36523 -0.206221
4.97237 -1.36792 -0.224478
4.97752 -1.36893 -0.194743
4.97995 -1.36938 -0.181753
4.99049 -1.37208 -0.250195
4.99359 -1.37282 -0.237494
5.00933 -1.37752 -0.290012
5.01958 -1.38082 -0.310988
5.02567 -1.38243 -0.258221
5.03587 -1.38513 -0.259418
5.04807 -1.38809 -0.237933
5.0565 -1.39002 -0.224655
5.07721 -1.39467 -0.22118
5.09953 -1.40013 -0.239869
5.11412 -1.40484 -0.311817
5.12454 -1.40824 -0.31568
5.12557 -1.40852 -0.264624
5.14076 -1.41213 -0.233441
5.14468 -1.41297 -0.210572
5.15731 -1.41487 -0.149284
5.16125 -1.41526 -0.0994327
5.17173 -1.4159 -0.0609648
5.17488 -1.41616 -0.083522
5.19126 -1.41757 -0.0854819
5.20843 -1.41966 -0.121464
5.21765 -1.4205 -0.0901681
5.23301 -1.42187 -0.0893163
True
0.254837
