-5.47113 -0.569754 0.121367
-5.44426 -0.566567 0.11804
-5.40124 -0.560876 0.131533
-5.35474 -0.555602 0.112924
-5.30656 -0.55203 0.074016
-5.25658 -0.551896 0.00267065
-5.21137 -0.551689 0.00458634
-5.16156 -0.548064 0.072652
-5.1143 -0.546877 0.0251123
-5.06659 -0.544126 0.0576077
-5.01667 -0.54157 0.0511415
-4.97285 -0.537451 0.093728
-4.92722 -0.532609 0.105725
-4.88494 -0.530187 0.0572329
-4.83815 -0.52761 0.0550095
-4.78824 -0.524909 0.0540701
-4.74239 -0.522479 0.0529564
-4.69642 -0.520745 0.0376858
-4.65414 -0.51779 0.0697862
-4.61053 -0.514949 0.0650502
-4.56096 -0.512459 0.0501902
-4.51153 -0.509612 0.0575373
-4.47122 -0.509357 0.00630986
-4.42164 -0.508657 0.0141206
-4.37388 -0.509659 -0.0209713
-4.32721 -0.507494 0.0463611
-4.29329 -0.505732 0.0518939
-4.25068 -0.504453 0.0300191
-4.20777 -0.502684 0.0411902
-4.16304 -0.49978 0.0648424
-4.11394 -0.495929 0.0782651
-4.06756 -0.491029 0.105267
-4.02337 -0.486643 0.0989161
-3.98002 -0.484466 0.0501644
-3.93638 -0.481534 0.0671113
-3.88653 -0.47902 0.0503868
-3.84513 -0.47876 0.00628963
-3.80064 -0.477488 0.0285783
-3.75123 -0.475014 0.0500323
-3.70169 -0.474326 0.0138712
-3.65179 -0.472901 0.0285617
-3.60198 -0.471976 0.0185599
-3.56342 -0.469874 0.0544643
-3.51344 -0.468857 0.020344
-3.46665 -0.467174 0.0359627
-3.4258 -0.464306 0.0700923
-3.37628 -0.459961 0.0875081
-3.33773 -0.457896 0.0535156
-3.29098 -0.454003 0.0830765
-3.24209 -0.448417 0.113772
-3.19531 -0.446099 0.0495044
-3.14598 -0.44274 0.0679881
-3.0962 -0.438113 0.0926941
-3.05309 -0.437096 0.023582
-3.00435 -0.432821 0.0874952
-2.97302 -0.431104 0.0547358
-2.92868 -0.42826 0.0640606
-2.87884 -0.425405 0.0572082
-2.83031 -0.421939 0.071311
-2.7837 -0.419693 0.0481414
-2.73474 -0.418673 0.0208449
-2.68499 -0.415325 0.0671865
-2.63559 -0.407898 0.149211
-2.6139 -0.404735 0.144814
-2.5779 -0.400583 0.114826
-2.52892 -0.394629 0.120974
-2.47944 -0.387459 0.1439
-2.43563 -0.379929 0.170189
-2.38597 -0.374082 0.117231
-2.33651 -0.367485 0.132598
-2.28694 -0.361503 0.120088
-2.24091 -0.356406 0.110289
-2.20433 -0.354213 0.0598818
-2.1602 -0.352935 0.0289389
-2.11111 -0.348658 0.0869201
-2.06169 -0.344912 0.0756474
-2.0122 -0.340331 0.0923038
-1.96727 -0.334143 0.136869
-1.92113 -0.329193 0.106872
-1.87175 -0.321396 0.156573
-1.84217 -0.316596 0.160929
-1.80165 -0.308786 0.190386
-1.75212 -0.302431 0.127595
-1.70516 -0.296439 0.12693
-1.66035 -0.291453 0.110802
-1.61095 -0.287121 0.0874763
-1.57069 -0.284438 0.0665416
-1.52664 -0.281354 0.0698983
-1.47781 -0.277205 0.0847619
-1.43486 -0.272062 0.119185
-1.38962 -0.267595 0.0984078
-1.34939 -0.263679 0.0970506
-1.30039 -0.261509 0.0442496
-1.251 -0.260719 0.0160019
-1.20829 -0.259688 0.0241437
-1.16895 -0.258523 0.0296019
-1.12615 -0.25674 0.0416313
-1.08081 -0.255228 0.0333343
-1.03085 -0.253433 0.0359105
-0.986774 -0.25172 0.0388557
-0.937057 -0.250207 0.0304095
-0.888442 -0.248749 0.0299779
-0.838835 -0.247523 0.0247257
-0.789211 -0.244771 0.0553951
-0.739511 -0.243933 0.0168612
-0.689972 -0.241223 0.054641
-0.644237 -0.239484 0.0380099
-0.594303 -0.23867 0.0163044
-0.551181 -0.236983 0.0390876
-0.512227 -0.235783 0.0308006
-0.465839 -0.232192 0.0772621
-0.41593 -0.229752 0.0488475
-0.366324 -0.22639 0.06768
-0.319218 -0.222287 0.0868867
-0.275371 -0.220186 0.0478764
-0.227755 -0.217519 0.0559403
-0.184499 -0.217959 -0.0101571
-0.138493 -0.218275 -0.00687665
-0.0886659 -0.217353 0.0185047
-0.0387956 -0.219811 -0.0492539
0.00977592 -0.222277 -0.0507298
0.0558557 -0.226336 -0.0878436
0.105194 -0.228526 -0.044369
0.148267 -0.23055 -0.0469493
0.197163 -0.233258 -0.0553337
0.247051 -0.236534 -0.0655732
0.291283 -0.238039 -0.0340126
0.340755 -0.238831 -0.0160046
0.385151 -0.240703 -0.0421379
0.426339 -0.240166 0.0130438
0.476338 -0.240108 0.00115576
0.522414 -0.239008 0.0238687
0.560421 -0.238779 0.00603482
0.594556 -0.238931 -0.00447659
0.644504 -0.239769 -0.0167754
0.693814 -0.239729 0.000822634
0.742293 -0.241626 -0.0391115
0.788737 -0.24414 -0.0540717
0.834476 -0.245609 -0.0321141
0.882007 -0.24689 -0.0269511
0.921796 -0.248144 -0.0315022
0.954778 -0.249004 -0.0260692
1.00108 -0.248846 0.00341447
1.04497 -0.248184 0.0150825
1.09385 -0.248169 0.000299619
1.13439 -0.247087 0.0266925
1.18228 -0.246062 0.0213911
1.22367 -0.246832 -0.0186003
1.26221 -0.246553 0.00724036
1.31173 -0.243869 0.054156
1.35601 -0.240399 0.0782257
1.39922 -0.237799 0.0600714
1.44907 -0.235079 0.0545245
1.49826 -0.232643 0.0494747
1.53609 -0.229727 0.0769295
1.58499 -0.227569 0.0441057
1.63161 -0.22524 0.0499197
1.67936 -0.222413 0.0591323
1.72583 -0.220849 0.0336479
1.77533 -0.216661 0.0843929
1.82438 -0.213447 0.0654351
1.87412 -0.211523 0.0386589
1.92319 -0.208093 0.0698031
1.97094 -0.202534 0.115903
2.01181 -0.195564 0.168875
2.05833 -0.189706 0.125289
2.10645 -0.185058 0.0962788
2.149 -0.179888 0.12092
2.18788 -0.176581 0.0848303
2.23729 -0.172407 0.0842817
2.28231 -0.169355 0.067706
2.31564 -0.167657 0.0508884
2.35088 -0.166933 0.0205456
2.40049 -0.162641 0.0863004
2.44941 -0.160913 0.0353097
2.49665 -0.159381 0.0324216
2.54197 -0.158371 0.0222706
2.59146 -0.15665 0.0347711
2.63923 -0.152441 0.0878947
2.68691 -0.150416 0.0424256
2.73629 -0.14591 0.0910218
2.78591 -0.140332 0.111916
2.83544 -0.134561 0.116014
2.88244 -0.12896 0.1186
2.93187 -0.122645 0.127078
2.98126 -0.114917 0.155205
3.03071 -0.108213 0.134734
3.07292 -0.103306 0.115758
3.1212 -0.0968239 0.133465
3.16291 -0.0923856 0.106003
3.2116 -0.0875995 0.0979798
3.24751 -0.0831855 0.122309
3.29708 -0.0789991 0.0842445
3.3439 -0.0735943 0.11493
3.38767 -0.0695182 0.0928721
3.42904 -0.0655987 0.0944428
3.47722 -0.0606167 0.103048
3.51704 -0.0554565 0.128866
3.5514 -0.0508302 0.133838
3.5861 -0.0465777 0.121929
3.6144 -0.0445686 0.0708941
3.6463 -0.041945 0.0820482
3.68319 -0.0384502 0.0944626
3.732 -0.0319739 0.131895
3.775 -0.0278615 0.0953582
3.81487 -0.0229913 0.121535
3.86008 -0.0179012 0.112123
3.89937 -0.0125156 0.136244
3.94208 -0.00710806 0.125929
3.9749 -0.00295685 0.125816
4.00226 -0.000571359 0.0869679
4.02291 0.00142984 0.0966208
4.05845 0.00494742 0.0986393
4.07307 0.0062081 0.086041
4.10169 0.00788109 0.0583885
4.13589 0.0101121 0.0651378
4.17577 0.0124664 0.0589645
4.21092 0.014427 0.0557236
4.25216 0.0170453 0.0634047
4.28784 0.0197961 0.0769486
4.3254 0.0234564 0.0971371
4.34489 0.0255523 0.107132
4.37986 0.0292779 0.106129
4.4049 0.0329739 0.146582
4.44599 0.0371912 0.102275
4.47813 0.0403356 0.0975252
4.51224 0.0434831 0.0920007
4.55241 0.0472567 0.0936633
4.57645 0.0503077 0.126242
4.59552 0.0526046 0.119889
4.60719 0.0541209 0.129264
4.63815 0.0590222 0.156977
4.65819 0.0624124 0.167578
4.67941 0.065552 0.146891
4.70367 0.0681306 0.105886
4.72923 0.0698014 0.0652755
4.74125 0.0703322 0.0441473
4.75563 0.07041 0.00540506
4.76937 0.0709008 0.0357025
4.79742 0.0718806 0.0349255
4.82887 0.0733562 0.0468711
4.85935 0.0745309 0.0385297
4.87047 0.074836 0.0274331
4.89467 0.0756748 0.03464
4.91076 0.0763725 0.043343
4.93437 0.07742 0.0443327
4.95507 0.0784858 0.0514486
4.97319 0.0788823 0.0218855
4.98955 0.0793896 0.0309795
5.0001 0.0797398 0.0332047
5.01506 0.0805172 0.0519181
5.04283 0.0821198 0.0576512
5.04772 0.0823746 0.0520037
5.05616 0.0826335 0.0306552
5.06463 0.08314 0.0597615
5.07757 0.0843101 0.0901449
5.0865 0.0850966 0.0879105
5.09188 0.0856212 0.0972499
5.1124 0.0879995 0.115384
5.13186 0.0902758 0.116404
5.13585 0.0905986 0.0807411
5.14525 0.091541 0.0999736
5.15995 0.0929369 0.0946503
5.17849 0.0946104 0.0900136
5.18463 0.0948525 0.0394336
5.18794 0.0949613 0.0328774
5.20397 0.0954284 0.0291312
True
0.0682106
