4.47652 0.0135036 2.61974
4.45248 0.0272964 2.62069
4.42066 0.0469005 2.58943
4.38332 0.0728542 2.53418
4.34571 0.0999265 2.51768
4.31547 0.123202 2.48563
4.27792 0.151127 2.50216
4.24231 0.184739 2.38503
4.20925 0.216643 2.37396
4.17532 0.253288 2.31773
4.14235 0.29085 2.29118
4.12016 0.319733 2.22594
4.09966 0.345135 2.24974
4.07372 0.37999 2.21063
4.04824 0.413532 2.22043
4.02428 0.448259 2.17477
3.99518 0.488395 2.19808
3.97557 0.517266 2.16756
3.95699 0.547605 2.12015
3.94571 0.567323 2.09059
3.93149 0.589508 2.1407
3.90432 0.630981 2.15082
3.88078 0.671337 2.09877
3.86174 0.707837 2.05166
3.83949 0.750731 2.04926
3.8217 0.787015 2.02662
3.80144 0.828165 2.0284
3.78676 0.859118 2.0136
3.76819 0.905539 1.95144
3.751 0.944528 1.98588
3.7332 0.991251 1.93484
3.71567 1.03677 1.93832
3.69877 1.08032 1.941
3.6826 1.12758 1.90049
3.66762 1.16998 1.91043
3.65508 1.20905 1.88139
3.64167 1.24602 1.91889
3.63522 1.26373 1.92006
3.61953 1.30959 1.90038
3.60995 1.33672 1.91026
3.59482 1.38222 1.89175
3.57891 1.4254 1.92386
3.56244 1.47071 1.9193
3.54306 1.51669 1.96979
3.53 1.55028 1.94154
3.51234 1.59705 1.93187
3.49593 1.63737 1.95745
3.48346 1.66535 1.98972
3.4656 1.70338 2.00994
3.45541 1.73099 1.92435
3.43483 1.77656 1.99506
3.41891 1.80714 2.05084
3.3953 1.85122 2.06253
3.37717 1.88667 2.04345
3.3509 1.92921 2.12393
3.329 1.96427 2.12932
3.30553 2.00159 2.13205
3.28092 2.045 2.08649
3.25614 2.08838 2.08998
3.23429 2.12354 2.12678
3.20502 2.16408 2.19616
3.17797 2.20433 2.16248
3.14827 2.24145 2.24562
3.12125 2.276 2.23448
3.10175 2.3001 2.25093
3.07548 2.33367 2.23481
3.05185 2.36361 2.23898
3.02364 2.40096 2.21766
2.99527 2.43687 2.23949
2.96556 2.47607 2.21942
2.94281 2.50402 2.25384
2.91243 2.54109 2.25729
2.88505 2.57602 2.23567
2.85208 2.61234 2.30792
2.8203 2.64769 2.30309
2.79638 2.67135 2.36171
2.76063 2.70619 2.36894
2.72714 2.74008 2.35039
2.69169 2.77109 2.42284
2.65595 2.804 2.39736
2.62489 2.8314 2.41871
2.58711 2.86216 2.45829
2.54793 2.89321 2.47142
2.51069 2.9215 2.49196
2.47231 2.95041 2.49606
2.4338 2.97966 2.49196
2.40184 3.00499 2.4714
2.36764 3.03236 2.46664
2.33043 3.05973 2.50742
2.29298 3.08535 2.54157
2.25131 3.11298 2.55621
2.20993 3.13833 2.59176
2.17262 3.1622 2.57245
2.13305 3.18756 2.57177
2.09109 3.21462 2.56876
2.05413 3.23643 2.60853
2.01373 3.2605 2.60425
1.98241 3.27829 2.62511
1.94266 3.30104 2.62183
1.89962 3.32491 2.63516
1.86032 3.34659 2.6375
1.82426 3.36487 2.67234
1.78305 3.38625 2.66309
1.74055 3.40807 2.66718
1.69994 3.4299 2.64837
1.66644 3.44575 2.69964
1.63066 3.46232 2.70787
1.59423 3.47922 2.70721
1.55608 3.49555 2.73713
1.51313 3.51302 2.75551
1.46685 3.53171 2.75771
1.42033 3.54997 2.76754
1.37385 3.56777 2.77592
1.33411 3.58314 2.77247
1.29623 3.5978 2.77245
1.24902 3.61426 2.80604
1.20366 3.63096 2.78885
1.16089 3.64565 2.81064
1.11679 3.66255 2.77561
1.06919 3.67763 2.83498
1.02201 3.69408 2.80591
0.984499 3.7054 2.84869
0.938946 3.7187 2.85741
0.892612 3.73101 2.88192
0.84534 3.74224 2.90837
0.801852 3.75261 2.9076
0.752686 3.7616 2.96065
0.703946 3.77007 2.96966
0.657569 3.77795 2.97327
0.613894 3.78566 2.96675
0.565143 3.79591 2.93448
0.520062 3.80597 2.92196
0.472668 3.81807 2.89152
0.424234 3.83041 2.89221
0.375907 3.84089 2.92795
0.327213 3.8514 2.92907
0.282517 3.85919 2.96901
0.244995 3.86524 2.98174
0.199711 3.87299 2.97219
0.158445 3.87978 2.97845
0.111364 3.88697 2.99009
0.0687252 3.89153 3.03499
0.0248644 3.89639 3.03133
-0.0210927 3.90247 3.00993
-0.0702254 3.90845 3.02059
-0.109168 3.91348 3.01307
-0.156731 3.91992 3.00704
-0.205971 3.92683 3.0022
-0.250475 3.93396 2.98272
-0.300128 3.93972 3.02601
-0.338145 3.94375 3.03612
-0.38775 3.9485 3.04607
-0.43708 3.9549 3.01252
-0.48272 3.96099 3.00907
-0.52992 3.96692 3.01665
-0.567567 3.96891 3.08854
-0.617108 3.97204 3.07863
-0.664349 3.9749 3.08102
-0.713 3.97788 3.08041
-0.762238 3.97993 3.10006
-0.808744 3.98258 3.08476
-0.858423 3.98528 3.08714
-0.908338 3.98758 3.09558
-0.95637 3.98984 3.09453
-1.00344 3.99239 3.08757
-1.05137 3.99292 3.13051
-1.10127 3.99613 3.07738
-1.14661 3.99912 3.07566
-1.19462 4.00343 3.05219
-1.24435 4.00808 3.04829
-1.29415 4.01068 3.08944
-1.34397 4.013 3.09505
-1.39344 4.01555 3.09007
-1.44039 4.01787 3.09216
-1.49026 4.02072 3.08455
-1.52929 4.02405 3.05655
-1.57718 4.02653 3.08975
-1.62667 4.03075 3.05666
-1.67565 4.03769 3.00068
-1.71724 4.04269 3.02193
-1.76106 4.04902 2.99826
-1.80385 4.0563 2.97297
-1.85321 4.06317 3.00331
-1.9026 4.07091 2.98611
-1.94962 4.07924 2.96643
-1.99828 4.08724 2.97861
-2.04239 4.09178 3.03889
-2.09102 4.09587 3.05781
-2.14072 4.09958 3.06705
-2.19059 4.10223 3.08837
-2.23504 4.10559 3.06625
-2.27547 4.10753 3.09364
-2.32543 4.10955 3.10113
-2.37479 4.11276 3.07672
-2.39807 4.11477 3.05559
-2.42018 4.11739 3.02355
-2.43995 4.11865 3.07763
-2.48908 4.12075 3.09888
-2.52832 4.12171 3.1172
-2.57441 4.12041 3.16983
-2.61552 4.12102 -3.1565
-2.65337 4.12027 3.16147
-2.69707 4.11714 -3.07003
-2.7273 4.11722 -3.14424
-2.76552 4.11637 3.1638
-2.77926 4.11628 -3.13488
-2.78739 4.11621 -3.13374
-2.8124 4.1172 -3.18124
-2.82086 4.11749 3.10822
-2.84404 4.11797 3.12091
-2.88243 4.1206 3.07307
-2.90524 4.12272 3.049
-2.91516 4.12379 3.03406
-2.94211 4.12599 3.06003
-2.9537 4.12666 3.08413
-2.97067 4.12776 3.0767
-2.98256 4.12888 3.04816
-2.9963 4.13005 3.05656
-2.99811 4.13018 3.06662
-3.02057 4.13149 3.08333
-3.05629 4.13522 3.03775
-3.07959 4.13713 3.05954
-3.09154 4.13867 3.01332
-3.12554 4.1446 2.96902
-3.14688 4.1487 2.95175
-3.1648 4.15223 2.94737
-3.18558 4.15701 2.9152
-3.21587 4.16474 2.89191
-3.24389 4.17233 2.87686
-3.26914 4.18056 2.82665
-3.30586 4.19172 2.84645
-3.33669 4.2001 2.87646
-3.35864 4.2057 2.8918
-3.39513 4.2186 2.80159
-3.40999 4.22348 2.82451
-3.42416 4.22798 2.83384
-3.44728 4.23504 2.84521
-3.45626 4.23759 2.86547
-3.4705 4.24172 2.85924
-3.48044 4.24434 2.88407
-3.49627 4.24865 2.87582
-3.50922 4.25268 2.83935
-3.52963 4.26037 2.78159
-3.56306 4.26995 2.86247
-3.58941 4.27733 2.8686
-3.60872 4.2818 2.91365
-3.63487 4.28748 2.92767
-3.64853 4.29078 2.90518
-3.67459 4.29605 2.94192
-3.68831 4.29895 2.93358
-3.71385 4.30503 2.9078
-3.73148 4.30985 2.87447
-3.75171 4.31537 2.87524
-3.76512 4.31893 2.88228
-3.78453 4.32397 2.88769
-3.79031 4.32525 2.92239
-3.80429 4.32828 2.9287
-3.81426 4.32996 2.97403
-3.83581 4.33356 2.97636
-3.8528 4.33629 2.98228
-3.86273 4.33785 2.98523
-3.88357 4.34108 2.98784
-3.89929 4.34385 2.96741
-3.90755 4.34514 2.98623
-3.9206 4.34691 3.00688
-3.9317 4.3476 3.07985
-3.94358 4.34798 3.10961
-3.96513 4.34857 3.11398
-3.98133 4.34948 3.08532
-3.98636 4.34986 3.06754
-3.98958 4.35016 3.04816
-3.99993 4.3511 3.05132
-4.02077 4.35229 3.08449
-4.02957 4.35272 3.09297
-4.05011 4.35378 3.09002
-4.06039 4.35422 3.09847
-4.06991 4.35465 3.09616
-4.08279 4.35521 3.09833
-4.09383 4.35625 3.0475
-4.10391 4.35756 3.01261
-4.11234 4.35869 3.00761
-4.12335 4.36063 2.9673
-4.1331 4.36199 3.0036
-4.14266 4.36301 3.03482
-4.15271 4.3634 3.10311
-4.15755 4.36338 3.14553
-4.173 4.36217 -3.06334
-4.18232 4.36126 -3.04454
-4.18264 4.36122 -3.0177
-4.19227 4.35991 -3.00622
-4.2036 4.35846 -3.01433
True
0.0642641
