4.47411 -0.00418255 -2.98143
4.45415 -0.00846503 -2.93022
4.42721 -0.0160485 -2.86718
4.41021 -0.0228992 -2.75859
4.38105 -0.0384629 -2.65134
4.34227 -0.0621971 -2.59233
4.31127 -0.0842047 -2.52433
4.27814 -0.11162 -2.45022
4.2518 -0.13571 -2.40081
4.23631 -0.149564 -2.41189
4.20445 -0.177346 -2.42443
4.18004 -0.198991 -2.41612
4.15054 -0.22981 -2.33442
4.12434 -0.260294 -2.28073
4.09775 -0.296415 -2.20542
4.07049 -0.333381 -2.20619
4.04116 -0.373148 -2.20618
4.01454 -0.415279 -2.13442
3.99082 -0.456576 -2.09205
3.96883 -0.49963 -2.04314
3.952 -0.531777 -2.05294
3.93268 -0.570657 -2.03211
3.91235 -0.616331 -1.98949
3.89136 -0.659537 -2.02299
3.87738 -0.690109 -1.99984
3.86141 -0.729139 -1.9591
3.85439 -0.752068 -1.86785
3.84406 -0.785167 -1.87342
3.83072 -0.826909 -1.88006
3.81745 -0.870331 -1.86731
3.80277 -0.915604 -1.88437
3.79061 -0.955294 -1.86813
3.77982 -0.990075 -1.87157
3.76801 -1.03427 -1.83201
3.75715 -1.07227 -1.84906
3.7441 -1.11678 -1.85605
3.731 -1.15942 -1.8688
3.71897 -1.20577 -1.82475
3.70774 -1.24827 -1.82934
3.69398 -1.29634 -1.84945
3.68363 -1.3372 -1.81885
3.67236 -1.38422 -1.80616
3.6564 -1.43152 -1.89619
3.64891 -1.45587 -1.86908
3.63437 -1.50057 -1.88533
3.62475 -1.5344 -1.8478
3.61 -1.57962 -1.88601
3.59515 -1.62541 -1.88439
3.58344 -1.66851 -1.83616
3.56905 -1.71082 -1.89866
3.55696 -1.74522 -1.90863
3.54141 -1.79074 -1.90002
3.52211 -1.83683 -1.9673
3.5016 -1.88119 -2.00403
3.48396 -1.91992 -1.99812
3.46487 -1.95963 -2.01885
3.44688 -1.99778 -2.01148
3.42803 -2.03839 -2.00543
3.40825 -2.07844 -2.02964
3.38811 -2.11787 -2.04298
3.36262 -2.16088 -2.10569
3.3394 -2.19918 -2.11594
3.32579 -2.2202 -2.14532
3.29975 -2.26029 -2.14669
3.27843 -2.29073 -2.18203
3.25359 -2.32497 -2.19833
3.22603 -2.36374 -2.18883
3.19959 -2.39647 -2.25013
3.17597 -2.42376 -2.28445
3.14457 -2.45902 -2.2983
3.11329 -2.49671 -2.2635
3.07998 -2.5309 -2.34313
3.05009 -2.56195 -2.33714
3.01739 -2.59443 -2.3595
2.98351 -2.62877 -2.34966
2.95316 -2.65975 -2.3458
2.92077 -2.69116 -2.3716
2.88571 -2.72578 -2.36244
2.84984 -2.76018 -2.37722
2.82556 -2.7838 -2.36999
2.79114 -2.81934 -2.34006
2.75891 -2.85184 -2.35218
2.72495 -2.88839 -2.31934
2.69041 -2.9244 -2.33534
2.67117 -2.94344 -2.36149
2.64466 -2.96658 -2.42401
2.6077 -2.99768 -2.44199
2.57207 -3.02624 -2.46611
2.53184 -3.05583 -2.50729
2.49069 -3.08412 -2.53923
2.45571 -3.10618 -2.57915
2.42691 -3.12417 -2.58327
2.38404 -3.1497 -2.60437
2.34869 -3.17044 -2.61102
2.30643 -3.1937 -2.63849
2.27855 -3.21064 -2.59548
2.2368 -3.23285 -2.65275
2.19599 -3.25595 -2.62642
2.15295 -3.2803 -2.62677
2.11272 -3.30357 -2.61718
2.06873 -3.32709 -2.6506
2.03146 -3.34925 -2.60528
1.99284 -3.37073 -2.63409
1.96751 -3.38507 -2.62614
1.93605 -3.40561 -2.56324
1.89712 -3.42997 -2.58237
1.85638 -3.45573 -2.57799
1.8137 -3.4814 -2.60005
1.77061 -3.50602 -2.62244
1.74204 -3.52127 -2.65132
1.70381 -3.54055 -2.67452
1.66302 -3.56186 -2.66014
1.62736 -3.57937 -2.68522
1.58974 -3.60041 -2.63151
1.54856 -3.62142 -2.66996
1.50469 -3.64481 -2.65165
1.47489 -3.65894 -2.69893
1.45464 -3.66715 -2.75627
1.40852 -3.6861 -2.75177
1.36333 -3.70713 -2.70609
1.32513 -3.72235 -2.76243
1.27971 -3.73872 -2.7957
1.23555 -3.75509 -2.78651
1.19574 -3.76839 -2.81928
1.14854 -3.78162 -2.86826
1.1079 -3.79287 -2.87144
1.074 -3.80354 -2.83682
1.02895 -3.81698 -2.8515
0.989546 -3.83039 -2.81368
0.944321 -3.84547 -2.8197
0.899284 -3.86142 -2.80134
0.853938 -3.8764 -2.82238
0.814153 -3.88841 -2.84841
0.776246 -3.89969 -2.85239
0.730958 -3.91286 -2.85862
0.691221 -3.9244 -2.85906
0.645499 -3.93632 -2.88647
0.609695 -3.94487 -2.90713
0.57938 -3.95139 -2.92993
0.542577 -3.95789 -2.9667
0.493347 -3.96584 -2.98152
0.463709 -3.97084 -2.97459
0.420359 -3.97855 -2.96555
0.376737 -3.98481 -2.99904
0.348997 -3.98815 -3.0217
0.29917 -3.99228 -3.05891
0.259194 -3.99714 -3.0207
0.219792 -4.00036 -3.06002
0.171222 -4.00355 -3.07593
0.127951 -4.00527 -3.10186
0.0779879 -4.00715 -3.10389
0.0388232 -4.00693 -3.14743
-0.0111155 -4.00936 3.19031
-0.0515171 -4.01138 -3.09162
-0.0999614 -4.01359 -3.09601
-0.149096 -4.01617 -3.08923
-0.190127 -4.01901 -3.07239
-0.231967 -4.02 -3.11804
-0.277738 -4.02058 -3.12885
-0.327567 -4.01822 -3.18891
-0.361519 -4.01473 3.03924
-0.402059 -4.01009 3.02764
-0.446991 -4.00477 3.02356
-0.490913 -3.99691 2.96472
-0.525589 -3.99003 2.94556
-0.574208 -3.98029 2.94391
-0.589007 -3.97692 2.91756
-0.633658 -3.96711 2.9253
-0.676853 -3.95605 2.89092
-0.724715 -3.94318 2.87895
-0.772986 -3.93166 2.90729
-0.820533 -3.91727 2.84781
-0.864183 -3.90511 2.86979
-0.892111 -3.89725 2.86729
-0.93806 -3.8826 2.833
-0.985155 -3.86581 2.79903
-1.03118 -3.85043 2.8191
-1.05517 -3.842 2.80366
-1.1031 -3.82802 2.85787
-1.15167 -3.81616 2.90202
-1.19158 -3.80618 2.8967
-1.22593 -3.79669 2.87211
-1.25862 -3.78564 2.81557
-1.30198 -3.77181 2.83268
-1.34983 -3.75753 2.85173
-1.39048 -3.74436 2.82832
-1.43326 -3.73172 2.85423
-1.47672 -3.71462 2.76664
-1.51989 -3.6994 2.80274
-1.56346 -3.68534 2.82949
-1.61104 -3.66999 2.82948
-1.65748 -3.65195 2.77108
-1.69985 -3.63439 2.74854
-1.74238 -3.61435 2.70141
-1.78474 -3.59452 2.70376
-1.81938 -3.57813 2.69958
-1.86151 -3.55684 2.67367
-1.90583 -3.5337 2.66047
-1.94981 -3.51 2.64719
-1.98986 -3.48748 2.62951
-2.0325 -3.46574 2.67002
-2.07582 -3.44079 2.61905
-2.1135 -3.41922 2.62166
-2.14601 -3.39997 2.60697
-2.18298 -3.38004 2.64712
-2.22503 -3.35673 2.63563
-2.26738 -3.33237 2.61953
-2.292 -3.32016 2.68113
-2.33557 -3.29775 2.66664
-2.37923 -3.27414 2.64584
-2.41354 -3.25362 2.60241
-2.45485 -3.22659 2.56216
-2.49622 -3.20014 2.57279
-2.53769 -3.17335 2.56801
-2.57137 -3.14925 2.52061
-2.60952 -3.12116 2.50683
-2.64206 -3.09475 2.4598
-2.68096 -3.06336 2.46274
-2.71802 -3.03309 2.4566
-2.75397 -3.00385 2.45888
-2.79062 -2.97278 2.43825
-2.82723 -2.94008 2.41259
-2.86183 -2.90792 2.3927
-2.88965 -2.87994 2.35351
-2.92504 -2.84536 2.3677
-2.95254 -2.81828 2.36384
-2.98794 -2.78312 2.35968
-3.0215 -2.74884 2.34552
-3.05143 -2.71915 2.36018
-3.08782 -2.68495 2.38716
-3.11589 -2.65883 2.39218
-3.15219 -2.62452 2.38444
-3.18491 -2.59216 2.36174
-3.21631 -2.55927 2.33299
-3.24629 -2.52727 2.32367
-3.27848 -2.49407 2.34075
-3.29292 -2.47855 2.3201
-3.32471 -2.44249 2.2933
-3.35707 -2.40868 2.33435
-3.38353 -2.38094 2.3325
-3.4105 -2.35354 2.34818
-3.43747 -2.32597 2.34541
-3.46109 -2.30239 2.35697
-3.49378 -2.27001 2.36098
-3.51839 -2.24488 2.34573
-3.54654 -2.21496 2.32576
-3.57654 -2.18147 2.30121
-3.59899 -2.15596 2.29248
-3.62812 -2.1215 2.27254
-3.63631 -2.11038 2.20545
-3.64988 -2.09074 2.17555
-3.65536 -2.08272 2.1703
-3.65758 -2.07927 2.14266
-3.66192 -2.07272 2.15629
-3.66764 -2.0644 2.17336
-3.6745 -2.05466 2.18442
-3.68923 -2.03283 2.16405
-3.70469 -2.01059 2.1783
-3.72082 -1.98699 2.1703
-3.73875 -1.96088 2.17269
-3.74956 -1.94543 2.18137
-3.77129 -1.91347 2.16777
-3.78849 -1.88757 2.15699
-3.80347 -1.86378 2.13276
-3.82188 -1.83505 2.14082
-3.83085 -1.82177 2.16474
-3.84068 -1.80727 2.16683
-3.85332 -1.78879 2.17052
-3.87379 -1.76162 2.21645
-3.89804 -1.73082 2.23767
-3.92368 -1.69588 2.20394
-3.95439 -1.65753 2.24609
-3.97831 -1.62975 2.28172
-4.00129 -1.60258 2.27265
-4.02208 -1.57669 2.24743
-4.04242 -1.54967 2.21594
-4.06618 -1.51872 2.22558
-4.08794 -1.48874 2.19862
-4.10358 -1.46553 2.16387
-4.11947 -1.43891 2.10885
-4.12458 -1.43014 2.09921
-4.12817 -1.42328 2.05232
-4.13297 -1.4144 2.06627
-4.14125 -1.39895 2.0628
-4.14877 -1.38501 2.06573
-4.15578 -1.37179 2.05825
-4.16172 -1.3618 2.10724
-4.16702 -1.35331 2.12811
-4.16985 -1.34892 2.14459
-4.16874 -1.35058 2.15977
-4.17193 -1.34588 2.16629
-4.17733 -1.33706 2.1203
-4.18243 -1.32759 2.06517
-4.19731 -1.29878 2.04737
-4.21098 -1.26636 1.96984
-4.21508 -1.25503 1.91803
-4.22503 -1.22667 1.90838
-4.22854 -1.21588 1.88517
-4.23769 -1.19214 1.93853
-4.2481 -1.17227 2.05353
-4.25189 -1.16567 2.09193
-4.25797 -1.15455 2.0714
-4.26704 -1.13614 2.02851
-4.27515 -1.11995 2.03528
-4.279 -1.11015 1.94505
-4.28351 -1.09885 1.95005
-4.28643 -1.09148 1.94798
-4.28947 -1.0842 1.967
-4.29194 -1.07796 1.94814
-4.29102 -1.07993 2.00714
-4.29539 -1.07056 2.0065
-4.30019 -1.06077 2.027
-4.30271 -1.05592 2.04875
-4.30776 -1.04645 2.06116
-4.31361 -1.03573 2.07046
True
0.169621
