4.48647 0.00415733 2.84355
4.47983 0.00622693 2.83913
4.45552 0.015627 2.77268
4.42951 0.029141 2.6624
4.38953 0.0532034 2.59977
4.3556 0.0762774 2.54439
4.32364 0.0980975 2.54256
4.29554 0.121502 2.44711
4.26654 0.146592 2.42843
4.23842 0.174275 2.364
4.20693 0.208053 2.32109
4.17952 0.238348 2.30634
4.15698 0.264103 2.28961
4.12571 0.301109 2.27243
4.10291 0.330468 2.23101
4.07478 0.36966 2.19344
4.05148 0.405601 2.14586
4.02913 0.443547 2.10319
4.0162 0.46919 2.03783
4.00044 0.505271 1.98246
3.9833 0.545757 1.97127
3.96636 0.591546 1.92531
3.95353 0.628771 1.90251
3.93847 0.674898 1.88648
3.92311 0.7204 1.89626
3.90632 0.767121 1.91589
3.89395 0.802748 1.90484
3.88252 0.838215 1.88261
3.86872 0.880499 1.8863
3.85083 0.92664 1.94068
3.83916 0.960923 1.89898
3.8228 1.00787 1.90599
3.80423 1.05367 1.95612
3.7869 1.10042 1.92574
3.77293 1.13696 1.93583
3.7549 1.18189 1.9525
3.73921 1.22276 1.93737
3.72268 1.26678 1.9301
3.70288 1.31241 1.98015
3.69342 1.3396 1.90551
3.68067 1.37616 1.90644
3.66859 1.40846 1.92851
3.65411 1.44872 1.91617
3.63833 1.4959 1.89352
3.62185 1.53812 1.94286
3.60428 1.58484 1.93054
3.58581 1.6313 1.94927
3.56649 1.67741 1.96749
3.5561 1.70368 1.94747
3.54425 1.73052 1.98682
3.52573 1.77243 1.98686
3.50514 1.81525 2.01895
3.48604 1.8566 2.00336
3.46401 1.90117 2.02991
3.43832 1.94406 2.11059
3.41872 1.97707 2.10657
3.39254 2.01865 2.13257
3.36674 2.05982 2.13064
3.34213 2.09793 2.14423
3.31965 2.13171 2.15797
3.29055 2.17195 2.19689
3.26612 2.20499 2.20746
3.23886 2.24529 2.1656
3.20945 2.28354 2.22627
3.18019 2.3234 2.20404
3.15572 2.35467 2.23486
3.13597 2.37995 2.23379
3.10442 2.41469 2.30805
3.08491 2.43672 2.2958
3.06401 2.4606 2.28966
3.04051 2.48969 2.25029
3.01085 2.5237 2.28801
2.97799 2.56115 2.29098
2.94837 2.59393 2.30554
2.91341 2.62933 2.35011
2.8766 2.66311 2.39901
2.84041 2.69672 2.39316
2.813 2.72223 2.39206
2.77633 2.75617 2.39484
2.74282 2.78784 2.38444
2.70729 2.82139 2.38484
2.6708 2.85523 2.39385
2.63304 2.88787 2.42879
2.60054 2.91883 2.3805
2.57228 2.94493 2.39597
2.54088 2.97267 2.41794
2.50442 3.00636 2.3956
2.47043 3.03546 2.43366
2.43167 3.06703 2.45792
2.40606 3.08902 2.43234
2.37739 3.11285 2.44812
2.34073 3.14606 2.40555
2.32039 3.1625 2.46164
2.28895 3.18869 2.44718
2.25675 3.21735 2.41429
2.22637 3.24404 2.42077
2.18853 3.27576 2.44391
2.14915 3.30649 2.47891
2.11619 3.32963 2.52951
2.07486 3.35741 2.54971
2.03799 3.38496 2.49999
2.00105 3.41487 2.46086
1.9723 3.43599 2.50797
1.93336 3.46338 2.5286
1.89732 3.4893 2.51822
1.85567 3.51693 2.55577
1.81607 3.53985 2.61696
1.77195 3.56338 2.65165
1.72721 3.5857 2.67881
1.68842 3.60572 2.66527
1.64462 3.62869 2.65855
1.60517 3.65122 2.62272
1.56466 3.67347 2.63923
1.52257 3.69873 2.60117
1.48159 3.72066 2.65023
1.44532 3.73796 2.69639
1.40464 3.75701 2.70377
1.36571 3.77417 2.72634
1.32367 3.79217 2.73711
1.27864 3.80982 2.76794
1.23221 3.82749 2.7779
1.18526 3.84441 2.79581
1.143 3.85965 2.79557
1.09616 3.87705 2.78582
1.05185 3.89274 2.80126
1.00516 3.90924 2.80187
0.957655 3.92467 2.82753
0.914244 3.93704 2.86411
0.866312 3.95115 2.85525
0.820398 3.96392 2.87025
0.772644 3.97765 2.86163
0.724189 3.9899 2.89404
0.684774 3.99856 2.92521
0.636633 4.01041 2.90026
0.588588 4.02349 2.87585
0.541427 4.03415 2.9193
0.511057 4.04233 2.87861
0.464836 4.05296 2.91544
0.428142 4.06022 2.94621
0.388224 4.0684 2.93947
0.339498 4.07518 3.00339
0.292482 4.08114 3.01551
0.252023 4.08639 3.0126
0.202329 4.08998 3.06941
0.159668 4.09321 3.06594
0.111023 4.09503 3.10427
0.0610916 4.09556 3.131
0.0115101 4.09392 3.17474
-0.0375674 4.0944 -3.1514
-0.0793094 4.09616 3.09934
-0.124329 4.09652 3.13353
-0.17422 4.09324 3.20736
-0.223015 4.0914 -3.10386
-0.272963 4.08919 -3.09738
-0.322606 4.08334 -3.02436
-0.360737 4.0795 -3.04122
-0.410264 4.07299 -3.01087
-0.453479 4.06764 -3.01842
-0.491339 4.06304 -3.02075
-0.522168 4.05951 -3.02768
-0.571881 4.05432 -3.03743
-0.62122 4.04856 -3.02543
-0.670578 4.0406 -2.98172
-0.719493 4.0304 -2.93599
-0.759847 4.02083 -2.90882
-0.802458 4.01062 -2.90639
-0.849881 3.99875 -2.89633
-0.897848 3.98845 -2.9301
-0.943538 3.97669 -2.88969
-0.991258 3.96533 -2.90795
-1.03858 3.95316 -2.88982
-1.08388 3.94152 -2.88994
-1.12534 3.93051 -2.88224
-1.17276 3.91817 -2.8869
-1.21806 3.90522 -2.86317
-1.26614 3.89193 -2.87185
-1.31342 3.87945 -2.88352
-1.35584 3.86555 -2.82497
-1.4034 3.85011 -2.82769
-1.45043 3.83342 -2.8005
-1.49673 3.81589 -2.77976
-1.53782 3.80095 -2.79294
-1.57528 3.78594 -2.76052
-1.6177 3.76633 -2.70858
-1.66318 3.74588 -2.71885
-1.70587 3.72689 -2.72307
-1.75032 3.70625 -2.70697
-1.79503 3.68463 -2.69119
-1.83999 3.66284 -2.69023
-1.87336 3.64631 -2.68175
-1.91846 3.62584 -2.71542
-1.96254 3.60539 -2.70725
-2.00717 3.58296 -2.67579
-2.04635 3.56419 -2.69498
-2.0903 3.54066 -2.64998
-2.13481 3.51835 -2.67695
-2.16482 3.50296 -2.66775
-2.20676 3.47948 -2.63123
-2.24995 3.45538 -2.63262
-2.2927 3.42971 -2.60076
-2.33084 3.40596 -2.58477
-2.37065 3.37807 -2.53042
-2.40691 3.35393 -2.55428
-2.44731 3.32838 -2.57764
-2.48568 3.30306 -2.55844
-2.52424 3.27808 -2.56661
-2.56601 3.25075 -2.56233
-2.60579 3.22378 -2.54581
-2.64498 3.19626 -2.52929
-2.68691 3.1694 -2.5718
-2.72708 3.1417 -2.53797
-2.76256 3.11707 -2.53478
-2.78944 3.09848 -2.53657
-2.82641 3.07358 -2.54883
-2.86273 3.04947 -2.55551
-2.90269 3.02281 -2.55327
-2.94192 2.99409 -2.50955
-2.96995 2.97365 -2.51179
-2.98936 2.95825 -2.47067
-3.0181 2.93511 -2.46372
-3.04267 2.91619 -2.48546
-3.06399 2.90034 -2.5022
-3.0901 2.88247 -2.54146
-3.12165 2.86288 -2.58579
-3.15528 2.84164 -2.57836
-3.17959 2.82476 -2.53478
-3.20844 2.80468 -2.53362
-3.21606 2.79903 -2.50362
-3.23122 2.78788 -2.50706
-3.24906 2.77454 -2.49971
-3.25477 2.77046 -2.52088
-3.26767 2.76113 -2.51544
-3.27892 2.75415 -2.58634
-3.2892 2.74774 -2.58377
-3.32463 2.72217 -2.51639
-3.33842 2.71212 -2.51213
-3.34242 2.70923 -2.51536
-3.34894 2.7045 -2.51469
-3.36064 2.69597 -2.51116
-3.37306 2.68705 -2.51917
-3.3886 2.67506 -2.48425
-3.4038 2.66369 -2.49951
-3.43024 2.6454 -2.53612
-3.44126 2.63756 -2.52375
-3.44835 2.63272 -2.54237
-3.47052 2.61919 -2.59362
-3.49128 2.60455 -2.52745
-3.50542 2.59509 -2.55195
-3.52783 2.57978 -2.5425
-3.54685 2.56621 -2.52159
-3.56167 2.55564 -2.52215
-3.58109 2.54162 -2.5164
-3.60152 2.52763 -2.54089
-3.62023 2.51367 -2.50088
-3.63089 2.50546 -2.48498
-3.63974 2.49875 -2.49312
-3.64867 2.49193 -2.48899
-3.65755 2.48508 -2.48489
-3.66923 2.47568 -2.46386
-3.68883 2.46033 -2.47704
-3.70741 2.44633 -2.49601
-3.72417 2.43331 -2.48106
-3.73961 2.42048 -2.44824
-3.76685 2.39908 -2.47568
-3.77798 2.39085 -2.50535
-3.79875 2.37638 -2.53276
-3.80106 2.37457 -2.47941
-3.80491 2.3715 -2.4674
-3.81342 2.36493 -2.4846
-3.8281 2.35346 -2.47803
-3.83601 2.34693 -2.45148
-3.85292 2.33165 -2.40722
-3.86757 2.31803 -2.39224
-3.87968 2.30565 -2.3455
-3.89342 2.29109 -2.32695
-3.9152 2.26814 -2.33018
-3.93567 2.24786 -2.36069
-3.94458 2.23898 -2.35809
-3.95157 2.23171 -2.33645
-3.95862 2.22401 -2.312
-3.9657 2.21602 -2.29597
-3.97439 2.20641 -2.30602
-3.97858 2.20172 -2.29965
-3.98983 2.18773 -2.24832
-4.00655 2.16771 -2.26628
-4.0285 2.14075 -2.25421
-4.03564 2.132 -2.25534
-4.04455 2.12078 -2.24176
-4.05675 2.10493 -2.22707
-4.06246 2.09797 -2.25802
-4.07348 2.08486 -2.26996
-4.08034 2.07734 -2.30943
-4.10003 2.05797 -2.36441
-4.12166 2.0392 -2.42697
-4.14677 2.017 -2.4176
-4.1454 2.01825 -2.40121
-4.15868 2.00666 -2.42408
-4.17998 1.98929 -2.45737
-4.19174 1.97966 -2.45577
-4.19562 1.97636 -2.43616
-4.20192 1.9713 -2.46494
-4.21037 1.96396 -2.42625
-4.2188 1.95638 -2.40883
-4.22484 1.95068 -2.38561
-4.23108 1.94489 -2.3943
-4.23447 1.94139 -2.33989
-4.24243 1.9331 -2.33587
-4.2487 1.9267 -2.34533
-4.25764 1.91737 -2.33479
-4.26309 1.91115 -2.29087
True
0.185717
