-5.45637 1.07897 0.176815
-5.40979 1.08604 0.150708
-5.36689 1.0937 0.176535
-5.32096 1.10141 0.166292
-5.27523 1.10714 0.124787
-5.23148 1.11275 0.127365
-5.18252 1.12166 0.180004
-5.13945 1.12748 0.134411
-5.09444 1.1321 0.102236
-5.04622 1.13615 0.0837661
-5.00822 1.13786 0.0451047
-4.96846 1.13761 -0.00628764
-4.91847 1.13743 -0.00354187
-4.87598 1.1355 -0.045532
-4.82623 1.13199 -0.070337
-4.77636 1.12885 -0.0628484
-4.72898 1.12477 -0.0859101
-4.68173 1.12062 -0.0877912
-4.63611 1.11825 -0.0517173
-4.59332 1.11296 -0.123087
-4.54894 1.10721 -0.128777
-4.4991 1.10379 -0.0685578
-4.4495 1.10146 -0.0469939
-4.40093 1.10003 -0.0293256
-4.35197 1.09881 -0.0250647
-4.30527 1.09694 -0.0398851
-4.2555 1.09381 -0.0629113
-4.20669 1.08957 -0.0866898
-4.16972 1.08601 -0.0957816
-4.12461 1.08165 -0.0964903
-4.07872 1.08069 -0.020948
-4.02918 1.07704 -0.0734406
-3.99113 1.0755 -0.0405701
-3.94809 1.07429 -0.0279988
-3.89836 1.07405 -0.00493771
-3.84843 1.07149 -0.0511842
-3.80549 1.07026 -0.0285695
-3.765 1.07017 -0.00221528
-3.71503 1.06977 -0.00799837
-3.6682 1.07088 0.0236254
-3.61873 1.06987 -0.0202807
-3.57297 1.06992 0.000920264
-3.52408 1.06938 -0.0110638
-3.47435 1.06811 -0.025351
-3.44146 1.06813 0.000426836
-3.39998 1.06852 0.00954216
-3.35345 1.06726 -0.0271398
-3.3139 1.06593 -0.0336182
-3.26867 1.0629 -0.0668251
-3.22399 1.05862 -0.0956366
-3.18464 1.05521 -0.0862695
-3.13555 1.0516 -0.0734432
-3.08572 1.04973 -0.0374897
-3.03777 1.04864 -0.022728
-2.99318 1.04808 -0.0125606
-2.94321 1.04642 -0.0332813
-2.89325 1.04826 0.0367473
-2.84333 1.04616 -0.0419739
-2.79361 1.04667 0.01026
-2.74656 1.0473 0.0133154
-2.69765 1.0485 0.0246623
-2.64779 1.04874 0.00483694
-2.59779 1.04833 -0.00824118
-2.55196 1.04627 -0.0449932
-2.50486 1.04416 -0.044681
-2.46529 1.04336 -0.0202391
-2.4177 1.04237 -0.020765
-2.37177 1.04305 0.0146758
-2.32182 1.04232 -0.0146106
-2.27201 1.03869 -0.0726618
-2.2224 1.03536 -0.0670336
-2.17243 1.03408 -0.0256246
-2.12248 1.03236 -0.0343608
-2.07282 1.02867 -0.0741564
-2.02331 1.02488 -0.0765701
-1.97349 1.02212 -0.0552846
-1.92754 1.01812 -0.0867733
-1.87817 1.01294 -0.104512
-1.82853 1.01115 -0.0361463
-1.78715 1.01102 -0.00313394
-1.73773 1.01258 0.0315818
-1.70228 1.01367 0.0306942
-1.65342 1.01437 0.0144734
-1.60345 1.01619 0.0363592
-1.56271 1.01716 0.0236481
-1.5128 1.01858 0.0286069
-1.46438 1.01831 -0.00562522
-1.42803 1.01799 -0.00885044
-1.37814 1.01938 0.0278274
-1.3307 1.02124 0.0392216
-1.28327 1.02237 0.0238687
-1.23835 1.02352 0.0256157
-1.18928 1.02497 0.0294673
-1.14097 1.0258 0.0171206
-1.10537 1.02602 0.00629311
-1.05568 1.02728 0.0254037
-1.00769 1.02933 0.0425193
-0.961073 1.03322 0.0833573
-0.913306 1.0368 0.0748356
-0.864458 1.04127 0.0912064
-0.823043 1.0453 0.0969077
-0.773278 1.04994 0.0930368
-0.72374 1.05329 0.0676144
-0.675794 1.05617 0.0598468
-0.626118 1.06149 0.106831
-0.576483 1.06735 0.117425
-0.534088 1.0715 0.0976425
-0.484308 1.07605 0.09112
-0.445289 1.07874 0.0687636
-0.397878 1.08059 0.0391435
-0.348028 1.08446 0.0773511
-0.30884 1.08797 0.0893741
-0.26104 1.09137 0.0710987
-0.223605 1.09353 0.0575711
-0.18789 1.09453 0.0280214
-0.139392 1.09408 -0.00923776
-0.0949047 1.09541 0.0297433
-0.0601817 1.09558 0.00487763
-0.0103585 1.09731 0.0347058
0.0395672 1.0977 0.00784396
0.0880606 1.10006 0.0486581
0.134964 1.10098 0.0195082
0.178059 1.10045 -0.0122696
0.227238 1.09883 -0.032811
0.27627 1.09818 -0.0133542
0.326186 1.09616 -0.0402925
0.376083 1.09304 -0.0625518
0.421589 1.08851 -0.0991254
0.471188 1.08341 -0.102462
0.519136 1.079 -0.0917706
0.565691 1.07537 -0.0778514
0.614504 1.07199 -0.0691588
0.664165 1.07119 -0.0159904
0.714011 1.07133 0.0026551
0.756484 1.07322 0.0445379
0.805857 1.07582 0.0527076
0.855472 1.08198 0.123504
0.905258 1.08611 0.0826948
0.953881 1.09239 0.128382
1.00343 1.09873 0.127269
1.05311 1.10416 0.108864
1.10229 1.11121 0.142488
1.15089 1.11902 0.159348
1.2002 1.12691 0.15857
1.24606 1.13733 0.223475
1.2805 1.14557 0.234887
1.32688 1.15648 0.231052
1.37448 1.16771 0.231616
1.42295 1.17996 0.247473
1.47008 1.18939 0.19755
1.50811 1.19752 0.210685
1.55636 1.20932 0.239737
1.60166 1.22102 0.252813
1.64806 1.23201 0.232516
1.69541 1.24507 0.269139
1.73775 1.25577 0.247481
1.77892 1.26862 0.302613
1.82597 1.28535 0.341685
1.86681 1.29985 0.341153
1.9014 1.31221 0.343175
1.94149 1.32679 0.348786
1.98845 1.34377 0.347044
2.03524 1.35986 0.331191
2.08286 1.37505 0.308697
2.13065 1.38854 0.275103
2.17809 1.40253 0.286894
2.22041 1.41482 0.282536
2.26846 1.4286 0.27926
2.31591 1.44433 0.320045
2.36043 1.45881 0.314546
2.40564 1.47213 0.286566
2.4518 1.48535 0.278915
2.49509 1.49986 0.323454
2.54227 1.51595 0.328615
2.5894 1.53256 0.338823
2.62569 1.5447 0.322862
2.66534 1.55724 0.306376
2.71061 1.5724 0.323074
2.75687 1.58781 0.321474
2.80372 1.60503 0.352225
2.85022 1.62307 0.370195
2.89622 1.64117 0.374785
2.94219 1.65906 0.37123
2.98912 1.6761 0.348228
3.03415 1.69357 0.37015
3.07525 1.70707 0.317281
3.11203 1.72032 0.345856
3.14696 1.73344 0.359226
3.18728 1.74896 0.367537
3.22638 1.76463 0.380999
3.26892 1.78348 0.41713
3.31147 1.80071 0.384806
3.35378 1.81749 0.377517
3.3891 1.83156 0.37907
3.42956 1.847 0.364651
3.4696 1.86123 0.341509
3.51279 1.87774 0.365213
3.54833 1.8914 0.366743
3.5845 1.90659 0.397717
3.61677 1.92001 0.394027
3.65097 1.93308 0.365134
3.68267 1.94404 0.33265
3.71661 1.95487 0.309008
3.7577 1.96781 0.305058
3.79611 1.97937 0.292345
3.83837 1.99494 0.353012
3.87412 2.00756 0.339446
3.9011 2.01711 0.340229
3.91915 2.02349 0.339395
3.93299 2.02848 0.346031
3.95365 2.0362 0.357779
3.97796 2.04672 0.408427
4.00639 2.05963 0.426288
4.028 2.06927 0.419344
4.0444 2.07639 0.409465
4.06386 2.08469 0.403334
4.09464 2.09778 0.402252
4.12865 2.1117 0.388332
4.14685 2.11883 0.373431
4.15664 2.12297 0.39977
4.18005 2.13211 0.372547
4.20677 2.14117 0.326711
4.21538 2.14419 0.337823
4.22294 2.14705 0.361715
4.23958 2.15298 0.342328
4.24913 2.15628 0.332097
4.26251 2.16075 0.322882
4.27374 2.16472 0.339489
4.28773 2.17029 0.379121
4.3099 2.17843 0.351788
4.3287 2.18519 0.345487
4.35344 2.19445 0.35781
4.38573 2.20668 0.362116
4.42238 2.22121 0.377356
4.452 2.23413 0.41133
4.47554 2.24403 0.398363
4.49053 2.24896 0.317892
4.49395 2.25005 0.307186
4.51671 2.25722 0.305214
4.52633 2.26065 0.341978
4.54569 2.26698 0.3163
4.56463 2.27345 0.329349
4.5842 2.28048 0.344724
4.60256 2.28683 0.333074
4.63026 2.29599 0.319248
4.64736 2.30172 0.323053
4.66456 2.30707 0.30212
4.67729 2.3117 0.348258
4.69911 2.3197 0.351617
4.71836 2.32739 0.379901
4.74873 2.33972 0.385631
4.77787 2.35152 0.384767
4.79769 2.35923 0.37119
4.82973 2.37295 0.404453
4.84196 2.37814 0.401433
4.85815 2.38511 0.406795
4.87638 2.39255 0.387265
4.89009 2.39813 0.386442
4.90031 2.4024 0.396006
4.91448 2.40872 0.419596
4.92545 2.41342 0.404483
4.93638 2.41784 0.384338
4.95461 2.4253 0.388401
4.96219 2.42852 0.402277
4.96395 2.42922 0.376605
4.97387 2.43292 0.356734
4.98294 2.43655 0.380637
4.99674 2.44188 0.368891
5.00825 2.44644 0.377079
5.01667 2.44947 0.34569
5.0432 2.45912 0.349003
5.05609 2.46383 0.349688
5.06644 2.4673 0.323524
5.07551 2.47015 0.304877
5.09127 2.4746 0.274873
5.10328 2.47796 0.273165
5.11577 2.48174 0.293503
5.12929 2.48664 0.347766
5.13419 2.48848 0.360175
5.14324 2.49208 0.378168
5.14928 2.49492 0.439534
5.16798 2.5029 0.403596
5.1839 2.50904 0.367898
5.19859 2.51433 0.345643
5.20812 2.51745 0.316552
5.22765 2.52354 0.302281
5.23897 2.5268 0.280185
True
0.255159
