-5.45061 -1.27441 0.0873146
-5.40325 -1.27209 0.0490005
-5.35343 -1.27034 0.0352357
-5.304 -1.26716 0.064236
-5.25473 -1.26292 0.085851
-5.20663 -1.25904 0.0804104
-5.1598 -1.2532 0.124129
-5.11025 -1.24682 0.128077
-5.0612 -1.2401 0.136081
-5.01172 -1.23409 0.120935
-4.97304 -1.23083 0.0839874
-4.92762 -1.22652 0.0945167
-4.88151 -1.22111 0.116868
-4.83446 -1.21577 0.11303
-4.78682 -1.20907 0.139787
-4.75637 -1.20387 0.168948
-4.70786 -1.19629 0.155099
-4.65855 -1.18858 0.15498
-4.61216 -1.17915 0.200602
-4.56714 -1.17173 0.163313
-4.52542 -1.16585 0.139982
-4.4831 -1.15943 0.150553
-4.43707 -1.15368 0.124349
-4.38762 -1.14663 0.141568
-4.34301 -1.14145 0.115624
-4.30311 -1.13713 0.107931
-4.25428 -1.12948 0.155471
-4.20644 -1.12329 0.128641
-4.15847 -1.11697 0.130903
-4.10901 -1.11004 0.139309
-4.07386 -1.10469 0.151074
-4.03215 -1.09808 0.157045
-3.98816 -1.09172 0.143669
-3.94 -1.08659 0.10606
-3.8969 -1.0833 0.0762954
-3.8473 -1.07721 0.122013
-3.799 -1.07127 0.12239
-3.75038 -1.06535 0.121216
-3.70847 -1.06092 0.10522
-3.65961 -1.05478 0.125159
-3.61301 -1.05016 0.0986921
-3.56359 -1.04579 0.0882825
-3.51401 -1.04145 0.0873366
-3.46652 -1.03709 0.0915741
-3.4168 -1.03212 0.0995452
-3.36761 -1.02897 0.0638764
-3.31797 -1.02303 0.11912
-3.26835 -1.0182 0.0970462
-3.22226 -1.0121 0.131522
-3.17769 -1.00753 0.102342
-3.14189 -1.00515 0.0662506
-3.09435 -1.00224 0.0612481
-3.0445 -0.998725 0.0703225
-2.99525 -0.995012 0.0752545
-2.94635 -0.99185 0.0645657
-2.89676 -0.989131 0.0547725
-2.85637 -0.988526 0.0149721
-2.80644 -0.986867 0.033217
-2.76239 -0.984369 0.0566502
-2.72155 -0.979919 0.108514
-2.68142 -0.976536 0.0840941
-2.63179 -0.970611 0.118836
-2.59229 -0.965444 0.130075
-2.54494 -0.961531 0.0824579
-2.49583 -0.95926 0.0462149
-2.44618 -0.956738 0.0507293
-2.39658 -0.951999 0.0952666
-2.35889 -0.948572 0.0906947
-2.31367 -0.948533 0.00085672
-2.26753 -0.945985 0.0551575
-2.22507 -0.943897 0.0491343
-2.19784 -0.9412 0.0987261
-2.14852 -0.93801 0.0645964
-2.11881 -0.934723 0.110208
-2.07406 -0.931125 0.0802018
-2.02681 -0.929663 0.0309407
-1.97881 -0.926188 0.0722569
-1.93735 -0.923556 0.0634051
-1.89067 -0.919943 0.0772523
-1.84105 -0.91402 0.118804
-1.79623 -0.907016 0.155014
-1.75793 -0.903042 0.103367
-1.72817 -0.899126 0.130837
-1.67823 -0.89666 0.0493453
-1.62861 -0.891638 0.100873
-1.57888 -0.887072 0.0915563
-1.53035 -0.880576 0.133064
-1.48789 -0.876441 0.0970591
-1.44112 -0.872476 0.0845887
-1.4015 -0.869757 0.0685148
-1.35205 -0.862485 0.145995
-1.30732 -0.857013 0.12175
-1.25807 -0.849842 0.14457
-1.21315 -0.843457 0.141216
-1.176 -0.837259 0.16528
-1.13765 -0.832714 0.117988
-1.09716 -0.82805 0.114677
-1.04736 -0.824402 0.0731215
-0.997878 -0.819131 0.106121
-0.953469 -0.814472 0.104536
-0.905321 -0.809024 0.112678
-0.855701 -0.803238 0.116074
-0.809651 -0.797984 0.113596
-0.764189 -0.793461 0.0991651
-0.714373 -0.789305 0.0832434
-0.680638 -0.785143 0.122738
-0.639613 -0.779816 0.129122
-0.591424 -0.774363 0.112679
-0.552172 -0.771244 0.0792986
-0.509382 -0.766265 0.11583
-0.460588 -0.762864 0.0696073
-0.413627 -0.757821 0.106967
-0.367171 -0.753417 0.0945202
-0.317302 -0.750661 0.0552024
-0.267631 -0.748618 0.0411179
-0.223333 -0.749004 -0.00871235
-0.173356 -0.750325 -0.0264287
-0.126232 -0.752418 -0.0443957
-0.0773823 -0.755056 -0.0539457
-0.0345361 -0.758202 -0.073289
0.0045705 -0.759141 -0.0240105
0.0539346 -0.759194 -0.00107146
0.10361 -0.759711 -0.0104009
0.151709 -0.76217 -0.051081
0.201612 -0.762885 -0.0143326
0.251465 -0.762058 0.0165944
0.280367 -0.762305 -0.00857485
0.32253 -0.763281 -0.0231452
0.367649 -0.764955 -0.037077
0.416836 -0.765851 -0.0182148
0.455841 -0.766471 -0.0158946
0.504337 -0.767186 -0.0147344
0.548208 -0.768783 -0.0364032
0.598152 -0.77083 -0.0409505
0.638817 -0.770508 0.00791991
0.688034 -0.772274 -0.0358637
0.73798 -0.773244 -0.0194168
0.782192 -0.774389 -0.0258926
0.830379 -0.775041 -0.0135342
0.872073 -0.777368 -0.0557661
0.920332 -0.780074 -0.0560098
0.967073 -0.781654 -0.033795
1.01697 -0.784059 -0.0481523
1.0646 -0.787053 -0.0627842
1.11291 -0.791073 -0.0830186
1.15719 -0.79585 -0.107455
1.20674 -0.801699 -0.11749
1.25248 -0.808563 -0.148961
1.30205 -0.81467 -0.122599
1.33924 -0.8183 -0.0972962
1.3873 -0.82219 -0.0807613
1.43693 -0.824468 -0.0458643
1.48199 -0.825462 -0.0220473
1.52918 -0.823141 0.0491283
1.57567 -0.821855 0.0276479
1.62403 -0.818735 0.0644252
1.66948 -0.816973 0.0387473
1.71126 -0.813894 0.0735703
1.75287 -0.812628 0.0304273
1.80105 -0.811398 0.0255081
1.84418 -0.809507 0.0438289
1.8939 -0.806022 0.0699605
1.94378 -0.802785 0.0648204
1.98827 -0.801753 0.0231941
2.03644 -0.80248 -0.0150924
2.08621 -0.799864 0.0524936
2.13478 -0.796058 0.0781962
2.17012 -0.7935 0.0722693
2.22006 -0.792503 0.0199579
2.26939 -0.791994 0.0103303
2.31881 -0.79063 0.0275816
2.36602 -0.789771 0.0181961
2.41408 -0.787814 0.040696
2.46082 -0.785996 0.0388689
2.51074 -0.785367 0.01261
2.55575 -0.784304 0.0235963
2.6055 -0.779653 0.0932148
2.65523 -0.775475 0.0838429
2.70256 -0.772927 0.0537731
2.75202 -0.766957 0.120134
2.80141 -0.765212 0.0353096
2.83898 -0.7633 0.0508447
2.885 -0.761953 0.0292713
2.9335 -0.758433 0.0724514
2.98334 -0.754833 0.0720935
3.0282 -0.751101 0.083008
3.07454 -0.747874 0.0695095
3.11677 -0.745076 0.0661747
3.16326 -0.742354 0.0584706
3.19303 -0.741072 0.0430347
3.23678 -0.740061 0.0231274
3.28462 -0.739339 0.0150874
3.31919 -0.739254 0.00244201
3.36008 -0.737971 0.0313731
3.4077 -0.735249 0.0570873
3.44511 -0.733407 0.0492064
3.49018 -0.730989 0.053613
3.52347 -0.729034 0.0586307
3.56883 -0.727086 0.0429251
3.5996 -0.726116 0.0315245
3.64268 -0.725293 0.0190878
3.68196 -0.723965 0.0338062
3.72174 -0.722843 0.0281885
3.75423 -0.723825 -0.0302178
3.78227 -0.72524 -0.0504017
3.81015 -0.726638 -0.0501064
3.83195 -0.727943 -0.0597972
3.84885 -0.729784 -0.108501
3.86783 -0.732217 -0.127492
3.89671 -0.735535 -0.114378
3.90916 -0.737063 -0.122156
3.92014 -0.738355 -0.117139
3.93513 -0.740192 -0.121943
3.93813 -0.740425 -0.0775216
3.95014 -0.740819 -0.0327971
3.97637 -0.742187 -0.052117
3.98632 -0.74287 -0.0685239
4.00693 -0.744216 -0.0652082
4.02267 -0.745213 -0.0632714
4.01966 -0.745034 -0.0595624
4.03104 -0.745835 -0.0703107
4.03765 -0.745837 -0.000163205
4.05093 -0.74578 0.00422564
4.06465 -0.746345 -0.0411226
4.08156 -0.746953 -0.035949
4.10267 -0.748005 -0.049778
4.13173 -0.750194 -0.0751978
4.15355 -0.752401 -0.100795
4.20178 -0.756523 -0.0852617
4.23901 -0.759929 -0.0912373
4.283 -0.761622 -0.0384619
4.32395 -0.760237 0.0338221
4.36352 -0.759963 0.00692005
4.38837 -0.759633 0.0132474
4.43109 -0.75961 0.00055865
4.45688 -0.759618 -0.000312383
4.48837 -0.760171 -0.0175682
4.51618 -0.760528 -0.0128417
4.5464 -0.760284 0.00808982
4.562 -0.760926 -0.0411837
4.57331 -0.760975 -0.00427518
4.58758 -0.760999 -0.00167788
4.60873 -0.761014 -0.000701698
4.6285 -0.760762 0.0127328
4.65171 -0.760884 -0.00525044
4.68615 -0.759405 0.0429147
4.7103 -0.758045 0.0562404
4.73525 -0.756264 0.0712614
4.74753 -0.755739 0.0427249
4.77685 -0.755517 0.00757998
4.7974 -0.75498 0.0261094
4.8169 -0.754611 0.0189282
4.83721 -0.754009 0.0296591
4.8592 -0.753426 0.0264934
4.89252 -0.751752 0.0502106
4.9021 -0.751224 0.0550398
4.91659 -0.750263 0.0662116
4.92974 -0.749746 0.039309
4.94937 -0.748809 0.0476632
4.97445 -0.747562 0.0496978
4.98707 -0.747026 0.042465
4.99513 -0.746395 0.0781629
5.01064 -0.745883 0.0329784
5.01888 -0.745714 0.0204438
5.02424 -0.745524 0.0355546
5.03018 -0.745243 0.0471857
5.04066 -0.744616 0.0597747
5.03963 -0.744692 0.073692
5.05949 -0.742794 0.0953178
5.06411 -0.742236 0.120026
5.07511 -0.741062 0.106399
5.09338 -0.739612 0.0791764
5.10998 -0.738979 0.0380935
5.12892 -0.738793 0.00984393
5.13963 -0.739025 -0.0216439
5.14392 -0.739257 -0.054197
5.16151 -0.738729 0.0299998
5.19235 -0.738457 0.00881566
5.1988 -0.738413 0.00686344
5.20114 -0.738391 0.00952598
5.20185 -0.738366 0.0340881
5.19847 -0.7384 0.0099173
5.20185 -0.738405 -0.00151222
5.19747 -0.738427 0.00493053
5.20324 -0.73848 -0.00925465
5.20843 -0.738398 0.0157048
True
0.261495
