-5.47384 -0.154125 -0.223343
-5.43609 -0.162076 -0.207572
-5.38772 -0.171097 -0.184422
-5.34006 -0.181484 -0.214549
-5.29711 -0.191168 -0.221771
-5.25795 -0.198232 -0.178505
-5.2114 -0.206533 -0.176457
-5.16346 -0.214539 -0.165458
-5.11438 -0.223391 -0.178468
-5.06605 -0.229339 -0.122443
-5.01867 -0.235775 -0.135015
-4.97261 -0.240422 -0.100559
-4.92435 -0.246888 -0.133172
-4.87537 -0.253322 -0.130608
-4.83112 -0.258635 -0.119496
-4.78565 -0.266341 -0.167896
-4.73982 -0.273967 -0.164863
-4.69179 -0.280028 -0.125543
-4.64974 -0.285401 -0.127087
-4.60326 -0.291557 -0.131673
-4.5547 -0.298913 -0.15035
-4.52913 -0.303667 -0.183798
-4.47989 -0.311657 -0.160848
-4.43054 -0.319269 -0.15306
-4.38118 -0.326233 -0.140149
-4.33373 -0.332333 -0.127865
-4.28531 -0.334615 -0.0470936
-4.24149 -0.335431 -0.01861
-4.19599 -0.337355 -0.0422656
-4.14739 -0.336207 0.0236223
-4.09777 -0.332939 0.0657483
-4.04863 -0.327253 0.115206
-3.99948 -0.3214 0.118531
-3.95492 -0.315573 0.130042
-3.90598 -0.308239 0.148733
-3.85796 -0.303116 0.106287
-3.80818 -0.298946 0.083574
-3.76613 -0.294048 0.115964
-3.72328 -0.289658 0.10209
-3.67815 -0.285386 0.0943704
-3.6367 -0.283303 0.0502158
-3.59105 -0.281815 0.0325917
-3.56902 -0.281071 0.0337635
-3.53256 -0.279439 0.0447147
-3.48275 -0.274985 0.0892064
-3.43597 -0.26917 0.123635
-3.39732 -0.264379 0.123357
-3.35904 -0.259658 0.122718
-3.31732 -0.257987 0.0400164
-3.27065 -0.254765 0.0689442
-3.22388 -0.251077 0.0786769
-3.17786 -0.246652 0.0958681
-3.13464 -0.242723 0.0906736
-3.08656 -0.23744 0.109419
-3.04975 -0.233681 0.101755
-3.00334 -0.226289 0.157946
-2.95694 -0.218602 0.164187
-2.90844 -0.210843 0.158641
-2.85892 -0.20398 0.137712
-2.80972 -0.195923 0.162314
-2.76037 -0.188883 0.141695
-2.7129 -0.181259 0.159259
-2.67739 -0.175837 0.151522
-2.64007 -0.167314 0.224501
-2.59523 -0.160215 0.157005
-2.55082 -0.151907 0.184952
-2.50163 -0.143005 0.179048
-2.4523 -0.134861 0.163617
-2.4167 -0.130246 0.128912
-2.36889 -0.123557 0.139014
-2.32991 -0.116465 0.179959
-2.28071 -0.108321 0.164046
-2.23718 -0.101506 0.155275
-2.19243 -0.0966199 0.108767
-2.14246 -0.0951954 0.0284972
-2.09917 -0.0940222 0.0270991
-2.05413 -0.0942762 -0.00563901
-2.00967 -0.0939699 0.00689059
-1.96255 -0.092516 0.0308434
-1.92248 -0.0912786 0.0308701
-1.87521 -0.0897048 0.0332846
-1.82999 -0.0904876 -0.0173114
-1.78215 -0.093118 -0.0549179
-1.73227 -0.096591 -0.0695159
-1.68282 -0.0999617 -0.0680624
-1.63451 -0.102555 -0.0536337
-1.58467 -0.102416 0.00279371
-1.53541 -0.104219 -0.0365916
-1.48783 -0.107126 -0.0610271
-1.44637 -0.110531 -0.0819404
-1.40291 -0.115096 -0.104628
-1.35333 -0.119708 -0.0927653
-1.30359 -0.124106 -0.0881924
-1.25381 -0.128667 -0.091363
-1.20408 -0.133616 -0.0991939
-1.15736 -0.136287 -0.0571148
-1.11798 -0.140983 -0.118663
-1.0705 -0.147106 -0.128272
-1.0269 -0.154117 -0.15942
-0.981746 -0.160436 -0.139054
-0.933554 -0.168279 -0.161322
-0.885041 -0.177877 -0.195332
-0.84401 -0.188793 -0.260015
-0.796135 -0.202792 -0.28448
-0.75634 -0.212895 -0.248608
-0.708635 -0.22516 -0.251665
-0.664703 -0.237044 -0.264186
-0.616326 -0.24951 -0.252197
-0.568428 -0.263698 -0.287967
-0.52339 -0.275762 -0.261725
-0.483604 -0.286344 -0.259959
-0.44317 -0.296127 -0.237395
-0.397439 -0.307108 -0.235644
-0.351482 -0.316713 -0.206039
-0.308726 -0.3258 -0.209409
-0.261095 -0.333389 -0.158006
-0.212435 -0.340212 -0.139309
-0.166458 -0.348101 -0.169936
-0.126169 -0.35514 -0.172956
-0.0768381 -0.362479 -0.1477
-0.0294924 -0.370562 -0.16909
0.0155347 -0.379429 -0.194446
0.0600911 -0.386781 -0.163518
0.10114 -0.39458 -0.187762
0.147924 -0.402886 -0.175707
0.195483 -0.412167 -0.192718
0.240577 -0.421336 -0.200609
0.287707 -0.428709 -0.155169
0.32916 -0.434076 -0.128753
0.373647 -0.440525 -0.143976
0.422042 -0.446653 -0.12595
0.470341 -0.454969 -0.170511
0.519125 -0.462898 -0.161121
0.567385 -0.471924 -0.184882
0.612885 -0.480871 -0.194154
0.660715 -0.487964 -0.147226
0.698573 -0.49515 -0.187589
0.744726 -0.500649 -0.118591
0.790384 -0.507525 -0.149482
0.838505 -0.512189 -0.0966185
0.887986 -0.519369 -0.144085
0.932611 -0.525181 -0.129511
0.981621 -0.53003 -0.0986281
1.03094 -0.535642 -0.113294
1.07983 -0.54236 -0.13655
1.12791 -0.547527 -0.10706
1.17471 -0.552634 -0.108698
1.22293 -0.559297 -0.137313
1.27024 -0.568466 -0.19141
1.31777 -0.577373 -0.185268
1.36255 -0.586815 -0.207826
1.41008 -0.597232 -0.215743
1.45876 -0.607917 -0.216074
1.50771 -0.617334 -0.190031
1.55518 -0.626306 -0.186809
1.59752 -0.634127 -0.182673
1.64527 -0.643567 -0.195169
1.69328 -0.653003 -0.194097
1.73615 -0.664581 -0.26372
1.78088 -0.675071 -0.230395
1.82704 -0.684151 -0.19423
1.87472 -0.695594 -0.235522
1.92302 -0.70551 -0.202478
1.9721 -0.714663 -0.1844
2.01761 -0.724458 -0.21195
2.06674 -0.732973 -0.171637
2.11462 -0.74187 -0.183727
2.16292 -0.749461 -0.155898
2.20349 -0.757241 -0.189466
2.25125 -0.765975 -0.18086
2.29979 -0.775857 -0.200831
2.34837 -0.786818 -0.22191
2.39582 -0.797123 -0.213851
2.43773 -0.805494 -0.197172
2.48457 -0.816067 -0.221999
2.5336 -0.823731 -0.155046
2.58171 -0.83001 -0.129794
2.62997 -0.8369 -0.141802
2.67195 -0.842565 -0.134133
2.715 -0.846309 -0.0867407
2.76441 -0.850775 -0.0901473
2.81375 -0.856118 -0.107885
2.85712 -0.859493 -0.077637
2.90702 -0.862715 -0.0644901
2.93695 -0.865972 -0.108416
2.98378 -0.872109 -0.130293
3.02603 -0.879222 -0.166788
3.07165 -0.887649 -0.182673
3.11468 -0.896636 -0.205905
3.15512 -0.907354 -0.259026
3.20099 -0.920453 -0.278167
3.24801 -0.932736 -0.255518
3.29619 -0.945284 -0.254779
3.34448 -0.956532 -0.228846
3.39132 -0.966823 -0.216305
3.43952 -0.976823 -0.204534
3.48804 -0.986175 -0.190411
3.52309 -0.993094 -0.194914
3.5664 -0.999326 -0.142889
3.60873 -1.00612 -0.159114
3.64971 -1.01407 -0.19168
3.69331 -1.02279 -0.19746
3.73522 -1.02971 -0.163667
3.76615 -1.03597 -0.199569
3.8016 -1.04275 -0.188967
3.83687 -1.04948 -0.188565
3.87031 -1.05697 -0.220232
3.90388 -1.06446 -0.219517
3.93167 -1.07107 -0.23364
3.95669 -1.07596 -0.192895
3.97703 -1.08015 -0.203416
3.98722 -1.08267 -0.242422
3.99666 -1.0853 -0.271785
3.99586 -1.08505 -0.312306
4.00682 -1.0883 -0.288237
4.00495 -1.08779 -0.264067
4.02091 -1.09161 -0.234732
4.0452 -1.09877 -0.286995
4.05818 -1.10316 -0.325486
4.10293 -1.11778 -0.315853
4.14521 -1.13138 -0.311221
4.19016 -1.14604 -0.315263
4.22898 -1.15855 -0.311645
4.25509 -1.1669 -0.309822
4.29607 -1.17957 -0.299686
4.33342 -1.19142 -0.307297
4.36757 -1.20252 -0.314246
4.38568 -1.20901 -0.344005
4.41309 -1.21718 -0.289826
4.45323 -1.2305 -0.320323
4.4829 -1.24109 -0.342804
4.51022 -1.25084 -0.34306
4.53969 -1.25978 -0.294257
4.55697 -1.26438 -0.260606
4.56878 -1.26753 -0.260488
4.58069 -1.2705 -0.244064
4.58423 -1.27137 -0.242757
4.60012 -1.27442 -0.189054
4.61157 -1.27663 -0.191239
4.62743 -1.27976 -0.194779
4.64858 -1.28395 -0.195651
4.669 -1.28818 -0.204011
4.70184 -1.29475 -0.197539
4.72487 -1.29935 -0.197157
4.75657 -1.30701 -0.237101
4.7756 -1.31198 -0.255548
4.79981 -1.31872 -0.271306
4.80215 -1.31939 -0.281934
4.81186 -1.32201 -0.263673
4.82874 -1.32641 -0.254611
4.8422 -1.32963 -0.235008
4.85924 -1.33318 -0.205287
4.8938 -1.33982 -0.189752
4.9173 -1.34489 -0.212528
4.93371 -1.34894 -0.242248
4.95298 -1.35409 -0.260836
4.97077 -1.35854 -0.245359
5.00145 -1.36627 -0.24669
5.03332 -1.37583 -0.291661
5.05796 -1.38285 -0.277401
5.0636 -1.38444 -0.274949
5.07438 -1.38758 -0.28339
5.08755 -1.39207 -0.328775
5.09666 -1.39512 -0.323148
5.10976 -1.39958 -0.327597
5.12137 -1.40342 -0.319581
5.12463 -1.40447 -0.310461
5.14271 -1.41004 -0.299056
5.15382 -1.41298 -0.258787
5.15665 -1.41372 -0.254756
5.17017 -1.4174 -0.265955
5.17619 -1.41883 -0.233213
5.17905 -1.41956 -0.250608
5.19482 -1.42324 -0.228928
5.20252 -1.42452 -0.164763
5.21101 -1.42575 -0.144738
5.22211 -1.42714 -0.12393
True
0.0671942
