4.47072 -0.0115372 -2.76625
4.43737 -0.0269687 -2.70821
4.39197 -0.0476665 -2.71385
4.35411 -0.0675722 -2.65751
4.31895 -0.08913 -2.59159
4.28819 -0.111097 -2.52147
4.25971 -0.133905 -2.46632
4.22409 -0.166521 -2.40021
4.19556 -0.195935 -2.34097
4.16695 -0.225016 -2.34799
4.13361 -0.262284 -2.30053
4.11551 -0.284829 -2.24739
4.09191 -0.312752 -2.27246
4.06922 -0.342482 -2.22273
4.03885 -0.382202 -2.22357
4.01291 -0.420057 -2.17148
3.98569 -0.460135 -2.16738
3.95971 -0.5028 -2.1179
3.93593 -0.546786 -2.06634
3.91957 -0.581549 -2.01075
3.89888 -0.619743 -2.0672
3.88227 -0.655858 -2.00184
3.86388 -0.698228 -1.98036
3.84895 -0.736046 -1.9468
3.82898 -0.781859 -1.98178
3.81047 -0.827715 -1.95448
3.79395 -0.864778 -1.99003
3.77463 -0.910552 -1.9703
3.75612 -0.952759 -1.98399
3.73643 -0.996613 -1.99292
3.71663 -1.04228 -1.9799
3.70445 -1.07475 -1.92953
3.6871 -1.11803 -1.95214
3.67483 -1.14614 -1.98232
3.66102 -1.18479 -1.914
3.64872 -1.21998 -1.9069
3.64029 -1.24556 -1.88932
3.62321 -1.29255 -1.91943
3.60629 -1.33896 -1.92029
3.59492 -1.37177 -1.90459
3.57605 -1.41784 -1.95961
3.55907 -1.46487 -1.91717
3.54473 -1.50124 -1.94631
3.52803 -1.54401 -1.94307
3.50983 -1.58852 -1.95888
3.49705 -1.62279 -1.92785
3.48576 -1.65422 -1.91573
3.47629 -1.68304 -1.88818
3.46684 -1.7102 -1.90575
3.45302 -1.74447 -1.95419
3.43497 -1.7866 -1.97549
3.41912 -1.8216 -1.99594
3.4007 -1.86514 -1.97108
3.3768 -1.90906 -2.06903
3.35806 -1.94489 -2.05287
3.33512 -1.98751 -2.06464
3.30958 -2.03017 -2.11019
3.28673 -2.0682 -2.11185
3.26916 -2.09576 -2.13832
3.24567 -2.1292 -2.18311
3.21885 -2.16747 -2.18219
3.19582 -2.19837 -2.21107
3.16645 -2.23596 -2.2342
3.14151 -2.26846 -2.2252
3.10965 -2.30699 -2.26182
3.0768 -2.34468 -2.28763
3.04407 -2.38246 -2.28477
3.01073 -2.41972 -2.30062
2.97485 -2.45455 -2.3711
2.94718 -2.48301 -2.34206
2.92609 -2.50535 -2.32741
2.89548 -2.53859 -2.31511
2.86177 -2.57542 -2.31202
2.83017 -2.61041 -2.30517
2.79809 -2.64812 -2.27575
2.76519 -2.68409 -2.31165
2.73671 -2.71227 -2.36147
2.72313 -2.72684 -2.32109
2.69649 -2.75411 -2.34457
2.66544 -2.78707 -2.32634
2.64487 -2.80742 -2.36157
2.62492 -2.82761 -2.35005
2.5975 -2.854 -2.37537
2.5655 -2.88623 -2.35254
2.53255 -2.9172 -2.38736
2.51224 -2.93447 -2.43701
2.47614 -2.96894 -2.37917
2.45984 -2.98377 -2.40327
2.42787 -3.0097 -2.46028
2.39732 -3.03761 -2.40118
2.361 -3.06735 -2.45548
2.32178 -3.09836 -2.4726
2.28413 -3.13126 -2.42331
2.24463 -3.16149 -2.48848
2.21431 -3.18515 -2.47888
2.17755 -3.21361 -2.48281
2.13686 -3.24241 -2.5256
2.09714 -3.2707 -2.5228
2.05594 -3.29896 -2.54029
2.0181 -3.32303 -2.57504
1.98744 -3.34145 -2.60071
1.94903 -3.36534 -2.58524
1.91523 -3.38683 -2.57516
1.87326 -3.41159 -2.60858
1.83023 -3.43445 -2.65319
1.79432 -3.45367 -2.65026
1.74913 -3.47388 -2.72101
1.70572 -3.49395 -2.70862
1.68562 -3.50323 -2.70905
1.64056 -3.52489 -2.69343
1.60011 -3.54076 -2.76764
1.56051 -3.5576 -2.73961
1.51475 -3.57533 -2.77191
1.46937 -3.59633 -2.7083
1.42306 -3.61516 -2.75539
1.37715 -3.63443 -2.74419
1.33933 -3.64719 -2.81617
1.292 -3.6633 -2.81349
1.24653 -3.67793 -2.83038
1.19897 -3.69335 -2.82793
1.1513 -3.70828 -2.83817
1.10493 -3.72191 -2.85557
1.05823 -3.73709 -2.8274
1.01317 -3.7482 -2.89992
0.966375 -3.76069 -2.88073
0.918423 -3.77103 -2.92921
0.89548 -3.77687 -2.89247
0.864529 -3.78414 -2.91061
0.816077 -3.79538 -2.91381
0.771727 -3.80504 -2.92701
0.722723 -3.81428 -2.95535
0.673388 -3.82222 -2.98201
0.63011 -3.82904 -2.98514
0.58829 -3.83461 -3.00927
0.542811 -3.84071 -3.00814
0.493189 -3.84614 -3.0327
0.444479 -3.85208 -3.0202
0.398097 -3.85648 -3.04712
0.348889 -3.86184 -3.03305
0.306514 -3.86633 -3.03602
0.257573 -3.87138 -3.03866
0.213762 -3.87311 -3.10209
0.164298 -3.8783 -3.03723
0.115091 -3.88135 -3.07957
0.0652085 -3.8821 -3.12658
0.0233519 -3.88308 -3.11813
-0.0184007 -3.88183 -3.17151
-0.0683047 -3.87993 3.1035
-0.117052 -3.87998 3.14264
-0.163043 -3.88081 -3.12367
-0.212111 -3.88161 -3.12528
-0.258606 -3.88174 -3.13874
-0.304773 -3.88128 -3.15166
-0.345182 -3.88065 3.12602
-0.387563 -3.87773 3.07289
-0.436358 -3.87428 3.07098
-0.484256 -3.87397 3.13509
-0.532668 -3.87168 3.09428
-0.58238 -3.86671 3.04213
-0.624867 -3.86278 3.04931
-0.670728 -3.8573 3.02251
-0.719777 -3.85224 3.03888
-0.766444 -3.84888 3.06976
-0.814647 -3.84655 3.0933
-0.859295 -3.84451 3.09581
-0.905715 -3.84112 3.06871
-0.955233 -3.84084 3.13599
-1.00269 -3.84073 3.13938
-1.05031 -3.84079 3.14284
-1.08997 -3.84105 -3.13506
-1.12481 -3.84074 -3.15054
-1.17415 -3.84173 3.16168
-1.21883 -3.84329 -3.10667
-1.26875 -3.84459 -3.11564
-1.31862 -3.8469 -3.09531
-1.36455 -3.84833 -3.11035
-1.40987 -3.84887 -3.12977
-1.45898 -3.84987 -3.12126
-1.5055 -3.85143 -3.10814
-1.55545 -3.85142 -3.14169
-1.60541 -3.85263 3.16585
-1.65539 -3.85277 -3.13878
-1.69258 -3.85129 -3.18148
-1.73741 -3.85076 3.12981
-1.78341 -3.84895 3.10223
-1.8334 -3.84807 3.12402
-1.88333 -3.8479 3.13819
-1.93218 -3.84463 3.07478
-1.97455 -3.83952 3.02161
-2.02 -3.83335 3.0065
-2.06568 -3.82812 3.02772
-2.11282 -3.82323 3.0382
-2.15498 -3.81686 2.99153
-2.20283 -3.81048 3.00911
-2.25262 -3.806 3.05192
-2.29685 -3.80358 3.08687
-2.34029 -3.80022 3.06435
-2.39 -3.79661 3.06906
-2.436 -3.791 3.02033
-2.4818 -3.78541 3.02021
-2.52543 -3.77715 2.95444
-2.57403 -3.76692 2.93416
-2.61027 -3.75931 2.93456
-2.65424 -3.75174 2.97114
-2.69391 -3.74359 2.93884
-2.73501 -3.7375 2.99442
-2.7801 -3.72892 2.95368
-2.81593 -3.72003 2.89845
-2.86391 -3.70942 2.92398
-2.9007 -3.70136 2.9258
-2.94392 -3.6932 2.95506
-2.96823 -3.68878 2.96162
-3.00704 -3.68231 2.9763
-3.04629 -3.67569 2.97455
-3.06643 -3.67235 2.97722
-3.08821 -3.66891 2.98488
-3.12818 -3.66338 3.00407
-3.167 -3.65876 3.02329
-3.21029 -3.65604 3.0789
-3.25316 -3.65275 3.06504
-3.29703 -3.64964 3.07071
-3.34268 -3.64529 3.04656
-3.38929 -3.64112 3.05251
-3.43589 -3.63722 3.05805
-3.47466 -3.63495 3.08314
-3.5149 -3.63252 3.08106
-3.55298 -3.63038 3.08554
-3.58431 -3.62793 3.06359
-3.61743 -3.62485 3.0489
-3.64486 -3.62305 3.076
-3.66906 -3.62199 3.09773
-3.69061 -3.62057 3.07584
-3.71518 -3.61869 3.0653
-3.73661 -3.61598 3.01578
-3.76111 -3.61307 3.02352
-3.77844 -3.61109 3.02765
-3.79903 -3.6085 3.01643
-3.80643 -3.60762 3.02315
-3.81751 -3.60635 3.02763
-3.83472 -3.60361 2.98364
-3.84968 -3.60071 2.95016
-3.86183 -3.59808 2.92839
-3.87868 -3.59457 2.93602
-3.90937 -3.58786 2.92659
-3.92722 -3.58408 2.93271
-3.95043 -3.57847 2.90433
-3.95853 -3.5764 2.89233
-3.9691 -3.57363 2.88444
-3.98253 -3.57021 2.89245
-4.00823 -3.56358 2.88918
-4.02153 -3.55956 2.84839
-4.03374 -3.55568 2.83325
-4.03963 -3.55348 2.78457
-4.04697 -3.55077 2.78723
-4.04658 -3.55091 2.78229
-4.05491 -3.5477 2.77414
-4.0719 -3.54104 2.76766
-4.09603 -3.53058 2.73275
-4.10919 -3.5246 2.71488
-4.11805 -3.52039 2.69844
-4.13397 -3.51245 2.67881
-4.1362 -3.5114 2.70346
-4.13975 -3.50974 2.70159
-4.14999 -3.50549 2.74872
-4.15995 -3.50139 2.75065
-4.16436 -3.49968 2.77264
-4.16669 -3.4988 2.77887
-4.17246 -3.49674 2.79848
-4.18199 -3.4935 2.81411
-4.19076 -3.49042 2.8044
-4.19512 -3.48898 2.82124
-4.21612 -3.48237 2.8367
True
0.0675074
