-5.45807 -0.822828 0.14216
-5.42071 -0.816908 0.157136
-5.37252 -0.806666 0.209421
-5.32364 -0.796217 0.210583
-5.27511 -0.785604 0.215298
-5.22584 -0.777098 0.170976
-5.17739 -0.767002 0.205425
-5.13182 -0.755913 0.238674
-5.08689 -0.745778 0.221884
-5.03832 -0.735434 0.209859
-5.00021 -0.728301 0.184986
-4.9535 -0.720271 0.17026
-4.90605 -0.710427 0.204551
-4.85733 -0.701486 0.181493
-4.81159 -0.692445 0.195172
-4.76755 -0.685922 0.147048
-4.72038 -0.678005 0.166291
-4.67631 -0.669116 0.199006
-4.63273 -0.659688 0.213063
-4.58722 -0.650086 0.207947
-4.54449 -0.641618 0.195626
-4.49624 -0.632056 0.195636
-4.448 -0.621567 0.214104
-4.40052 -0.609037 0.258012
-4.35232 -0.597607 0.232863
-4.30798 -0.583556 0.306836
-4.26579 -0.5725 0.256303
-4.21691 -0.561963 0.212336
-4.16928 -0.548496 0.275514
-4.13898 -0.539659 0.283815
-4.0904 -0.527912 0.237243
-4.04291 -0.512913 0.305952
-4.00337 -0.499866 0.318695
-3.9561 -0.483555 0.332304
-3.90986 -0.464543 0.390062
-3.86253 -0.448445 0.32782
-3.81751 -0.432926 0.331978
-3.77078 -0.41529 0.360862
-3.72314 -0.400184 0.307064
-3.67624 -0.386923 0.275565
-3.62908 -0.373101 0.285092
-3.58687 -0.360608 0.287756
-3.54244 -0.348178 0.272812
-3.49533 -0.332174 0.327478
-3.45099 -0.319377 0.280941
-3.4135 -0.308217 0.289349
-3.36596 -0.292769 0.314192
-3.32465 -0.280709 0.284025
-3.28914 -0.269576 0.303824
-3.24145 -0.25462 0.303886
-3.19447 -0.238248 0.335339
-3.15563 -0.222658 0.381728
-3.11704 -0.206574 0.394877
-3.07066 -0.189062 0.361016
-3.02815 -0.171066 0.400496
-2.98234 -0.151534 0.402974
-2.93785 -0.131354 0.425897
-2.89878 -0.112542 0.448753
-2.85327 -0.0918583 0.426522
-2.81026 -0.0733287 0.406788
-2.77202 -0.0579563 0.382291
-2.7267 -0.0412355 0.353393
-2.67945 -0.0250793 0.329507
-2.63235 -0.00838526 0.34061
-2.58483 0.00688364 0.310886
-2.53853 0.0221973 0.319451
-2.49699 0.0344211 0.286196
-2.44978 0.0503836 0.326019
-2.40605 0.0633288 0.287803
-2.35775 0.0761626 0.259717
-2.31078 0.090019 0.286872
-2.26356 0.106392 0.333791
-2.22389 0.119193 0.312111
-2.17656 0.135014 0.322567
-2.13277 0.1484 0.296682
-2.0857 0.163489 0.310227
-2.03853 0.179348 0.324349
-1.99432 0.193699 0.313883
-1.95306 0.206212 0.294391
-1.91712 0.218641 0.333029
-1.8739 0.233717 0.335593
-1.83074 0.24706 0.299846
-1.78555 0.259221 0.262843
-1.73746 0.270848 0.237275
-1.68864 0.281436 0.213531
-1.64826 0.290954 0.231507
-1.60018 0.302805 0.241687
-1.55372 0.314932 0.255299
-1.51355 0.324912 0.243509
-1.47573 0.333142 0.214306
-1.43063 0.342956 0.214269
-1.38622 0.350713 0.172912
-1.33821 0.363853 0.267115
-1.29017 0.376841 0.264039
-1.24188 0.38923 0.251157
-1.20156 0.399784 0.256005
-1.15982 0.410086 0.24197
-1.11237 0.421752 0.241107
-1.06463 0.432343 0.218293
-1.01705 0.446677 0.292642
-0.969924 0.461328 0.301399
-0.931597 0.472824 0.291392
-0.883528 0.486465 0.276512
-0.840017 0.499048 0.281515
-0.795857 0.513281 0.311797
-0.748833 0.52855 0.313958
-0.703277 0.546095 0.367627
-0.656288 0.562131 0.328874
-0.609744 0.578822 0.344338
-0.568763 0.592503 0.322185
-0.526158 0.607212 0.332425
-0.479671 0.625562 0.37596
-0.433496 0.644218 0.383976
-0.387421 0.663229 0.391332
-0.344938 0.681231 0.400815
-0.303356 0.700342 0.430797
-0.258477 0.721211 0.435264
-0.21992 0.737584 0.401569
-0.174611 0.758684 0.435829
-0.130247 0.781537 0.475671
-0.0898402 0.80032 0.435132
-0.0454435 0.823313 0.477877
-0.00256758 0.844712 0.462919
0.0387784 0.865522 0.46629
0.0788255 0.885306 0.458853
0.120779 0.905632 0.451156
0.166417 0.925683 0.413965
0.211105 0.944459 0.397763
0.254766 0.966237 0.46269
0.294474 0.98736 0.48888
0.327328 1.00343 0.454798
0.371622 1.02469 0.447582
0.413274 1.04542 0.461762
0.457233 1.06698 0.455957
0.50012 1.09031 0.498277
0.536996 1.10821 0.451839
0.581065 1.12875 0.436204
0.623656 1.14937 0.450972
0.6671 1.17074 0.457067
0.711208 1.19167 0.443048
0.755416 1.21135 0.418864
0.8013 1.23121 0.408478
0.842291 1.249 0.409504
0.886395 1.2671 0.389457
0.930602 1.28475 0.379776
0.977538 1.30195 0.351356
1.02244 1.3154 0.290887
1.06293 1.32735 0.28699
1.11046 1.33963 0.252932
1.15683 1.34943 0.208301
1.20276 1.35949 0.215552
1.25204 1.3678 0.167138
1.28712 1.37205 0.120526
1.33163 1.37885 0.151492
1.38009 1.38431 0.112151
1.42949 1.38807 0.07602
1.47945 1.3898 0.034712
1.52309 1.38958 -0.00506444
1.56445 1.38922 -0.00870821
1.60981 1.38981 0.0129959
1.65737 1.3899 0.00176899
1.70714 1.39138 0.0298416
1.74904 1.39133 -0.00133403
1.79887 1.39389 0.0514124
1.84874 1.39703 0.0628859
1.89855 1.39941 0.047791
1.94723 1.4023 0.0592292
1.99668 1.40534 0.0614685
2.03972 1.40712 0.0412525
2.08962 1.40902 0.0381349
2.13791 1.41134 0.0478589
2.18791 1.41187 0.0105897
2.23755 1.41218 0.00626219
2.27384 1.41265 0.0129271
2.32116 1.41421 0.0331064
2.36771 1.41593 0.0369112
2.4151 1.41791 0.0418311
2.4557 1.41849 0.0142222
2.49811 1.41871 0.00508195
2.54395 1.41924 0.0115926
2.58366 1.42085 0.0404509
2.63125 1.42278 0.0406589
2.67702 1.4243 0.0330968
2.72458 1.42493 0.0132984
2.75908 1.42633 0.0405794
2.80906 1.42735 0.0203062
2.85316 1.42888 0.0346551
2.90024 1.42985 0.0206871
2.94981 1.4304 0.0111278
2.98572 1.42975 -0.01819
3.03153 1.42779 -0.0426792
3.07415 1.42622 -0.0367797
3.12372 1.42449 -0.0349087
3.16364 1.42323 -0.0314855
3.21141 1.42151 -0.0361182
3.25374 1.42124 -0.00635157
3.28925 1.42147 0.00658307
3.33141 1.42042 -0.0248795
3.37586 1.419 -0.0319901
3.42496 1.41598 -0.0615104
3.46378 1.41306 -0.0749456
3.49535 1.4104 -0.0842368
3.5171 1.40969 -0.0326953
3.56007 1.40781 -0.0436191
3.60454 1.40505 -0.0619224
3.64856 1.40096 -0.0927916
3.68578 1.39766 -0.0883931
3.71799 1.39308 -0.141064
3.75603 1.3869 -0.161303
3.79577 1.38003 -0.171139
3.8347 1.37536 -0.119354
3.87399 1.37073 -0.117329
3.91728 1.36662 -0.0946541
3.93376 1.36482 -0.108857
3.97972 1.36147 -0.0727183
4.01043 1.35934 -0.0692064
4.03299 1.35756 -0.0787877
4.06286 1.35619 -0.0458404
4.09813 1.35488 -0.0371364
4.13622 1.35316 -0.0451649
4.16225 1.35126 -0.0728947
4.18764 1.3499 -0.0532091
4.21306 1.3491 -0.0316512
4.23954 1.34819 -0.034163
4.26242 1.34682 -0.0598486
4.2889 1.34508 -0.0655918
4.33346 1.34166 -0.0766626
4.37777 1.33785 -0.08568
4.42339 1.33627 -0.0346312
4.44947 1.33425 -0.077272
4.4684 1.33296 -0.0679868
4.50049 1.3312 -0.0548702
4.52864 1.32989 -0.0467601
4.55462 1.32863 -0.0483841
4.58879 1.32685 -0.0520547
4.61834 1.32489 -0.0661422
4.6525 1.32357 -0.0385406
4.6856 1.32279 -0.0235575
4.71607 1.32197 -0.0269882
4.75165 1.32122 -0.0210185
4.76982 1.32121 -0.000882817
4.79755 1.32203 0.0296937
4.82489 1.32275 0.0262165
4.84374 1.32328 0.0282218
4.85602 1.32362 0.0279746
4.86867 1.32419 0.0446224
4.89483 1.3243 0.00411415
4.90953 1.32435 0.0039294
4.92642 1.32474 0.0228041
4.94025 1.32482 0.00559938
4.94653 1.32486 0.00731389
4.95954 1.32539 0.0404288
4.96518 1.32588 0.0869642
4.97691 1.32722 0.113412
4.99151 1.32909 0.127541
4.99991 1.33 0.108017
5.00184 1.33022 0.114185
5.01797 1.33214 0.11817
5.01847 1.3322 0.121165
5.02227 1.33269 0.130139
5.03327 1.33404 0.122183
5.04139 1.33509 0.128194
5.05306 1.33704 0.16576
5.06285 1.33862 0.159662
5.07609 1.34122 0.194173
5.07806 1.34153 0.153413
5.07522 1.34108 0.157493
5.09896 1.34291 0.0771167
5.11566 1.34458 0.0998301
5.1207 1.34513 0.107541
5.13386 1.34657 0.109165
5.14828 1.34833 0.121115
5.15751 1.34942 0.117822
5.15966 1.34968 0.122681
5.17843 1.35164 0.103809
5.19627 1.35371 0.115435
5.20515 1.35478 0.119954
True
0.24345
