4.47646 0.0111396 2.69958
4.43361 0.036662 2.60437
4.40244 0.0571726 2.55969
4.36967 0.0838649 2.45809
4.33447 0.113719 2.43817
4.30659 0.141075 2.3657
4.27697 0.176531 2.26673
4.24866 0.213356 2.22612
4.22319 0.251745 2.15656
4.19776 0.294577 2.10667
4.17288 0.336617 2.10508
4.14968 0.380899 2.05342
4.12751 0.424309 2.04292
4.10426 0.466956 2.07009
4.08402 0.510104 2.00928
4.06164 0.551811 2.06334
4.04939 0.578531 2.00071
4.02974 0.624317 1.97621
4.01193 0.667495 1.96199
3.99583 0.709467 1.937
3.97486 0.754855 2.00355
3.95509 0.799204 1.99021
3.93658 0.845648 1.95004
3.91699 0.8915 1.97464
3.90057 0.936608 1.9199
3.88402 0.983744 1.90835
3.86702 1.02841 1.93457
3.84898 1.07504 1.93985
3.83865 1.10165 1.94124
3.82078 1.14834 1.93621
3.80887 1.18141 1.91653
3.79274 1.22164 1.95214
3.77406 1.26761 1.95685
3.75431 1.31353 1.97682
3.73565 1.35982 1.95401
3.71845 1.40394 1.94269
3.69773 1.44938 1.99855
3.68474 1.47958 1.97686
3.66548 1.52209 1.9962
3.6509 1.5581 1.95554
3.63055 1.60377 1.98995
3.61059 1.64961 1.98142
3.59591 1.68354 1.97927
3.57745 1.72635 1.978
3.55906 1.769 1.97788
3.53808 1.81439 2.00366
3.51841 1.85832 1.99188
3.49823 1.90022 2.01949
3.47486 1.94416 2.05977
3.45383 1.9877 2.02074
3.43064 2.02591 2.11614
3.40702 2.06372 2.12913
3.37929 2.10512 2.16104
3.35178 2.14372 2.19012
3.33083 2.17316 2.18912
3.30405 2.21091 2.18786
3.27939 2.24291 2.22747
3.2473 2.2812 2.26814
3.21502 2.31936 2.27296
3.18166 2.35459 2.32897
3.15699 2.38218 2.30028
3.13262 2.40838 2.32005
3.10705 2.43564 2.32428
3.07142 2.47069 2.36442
3.03414 2.50399 2.41243
2.99844 2.53457 2.43324
2.96861 2.56001 2.43568
2.94117 2.58293 2.44566
2.90439 2.61394 2.44119
2.88056 2.63416 2.43773
2.84222 2.66625 2.4447
2.8067 2.69755 2.41926
2.77202 2.72839 2.41473
2.7356 2.76211 2.3948
2.70049 2.79431 2.39934
2.66768 2.82574 2.37759
2.63159 2.86019 2.37944
2.60394 2.88634 2.38407
2.57532 2.91311 2.38965
2.54697 2.93816 2.41786
2.51465 2.96916 2.37708
2.48324 2.99819 2.39552
2.44905 3.03038 2.38631
2.41183 3.06377 2.41034
2.38154 3.09005 2.42698
2.35373 3.11352 2.4408
2.31485 3.14413 2.47447
2.28281 3.17051 2.45286
2.25063 3.19673 2.458
2.21269 3.22498 2.50151
2.17544 3.25379 2.48326
2.13535 3.28364 2.50167
2.10178 3.30773 2.51897
2.06671 3.33272 2.52246
2.02616 3.36076 2.53662
1.99309 3.38374 2.53437
1.95684 3.40749 2.56146
1.91384 3.43246 2.61558
1.87054 3.45744 2.61829
1.82687 3.48178 2.63319
1.78398 3.50748 2.60177
1.75186 3.52495 2.64352
1.71289 3.54353 2.69659
1.66908 3.5676 2.6392
1.62412 3.58947 2.68893
1.58248 3.60918 2.69936
1.55328 3.62068 2.76641
1.50669 3.63829 2.7802
1.47087 3.65292 2.75381
1.42643 3.6705 2.76489
1.38035 3.68732 2.79172
1.33766 3.70045 2.84322
1.28991 3.71527 2.84061
1.24454 3.72955 2.83672
1.19716 3.74369 2.85152
1.15183 3.75861 2.82367
1.10404 3.7733 2.84336
1.05996 3.78611 2.85878
1.01143 3.79783 2.90463
0.96971 3.81005 2.85671
0.923187 3.82271 2.87584
0.880408 3.83441 2.87451
0.837969 3.8455 2.88599
0.789947 3.85887 2.87012
0.744612 3.86917 2.91816
0.704366 3.87999 2.87895
0.659898 3.89255 2.86631
0.620078 3.90172 2.91525
0.571202 3.91223 2.92983
0.524367 3.92216 2.93273
0.478027 3.92957 2.98288
0.429583 3.9366 2.99753
0.382332 3.94231 3.02141
0.334379 3.94793 3.02489
0.284869 3.95213 3.05688
0.234989 3.95542 3.07584
0.187817 3.95981 3.04867
0.14361 3.96251 3.0806
0.0958571 3.96444 3.10133
0.047128 3.96638 3.1018
-0.00264829 3.97092 3.05058
-0.0514284 3.9767 3.02358
-0.094211 3.98052 3.05252
-0.142612 3.98561 3.03688
-0.192423 3.98821 3.0894
-0.235805 3.99126 3.07137
-0.283817 3.99397 3.0854
-0.332476 3.9966 3.08755
-0.373023 3.9998 3.06287
-0.414935 4.00198 3.08946
-0.464874 4.00428 3.09556
-0.51485 4.00584 3.11051
-0.560361 4.0072 3.11165
-0.607234 4.0106 3.06918
-0.653827 4.01348 3.07988
-0.702269 4.01622 3.08509
-0.746339 4.0183 3.0944
-0.793224 4.01861 3.13507
-0.843156 4.01722 3.16939
-0.889909 4.01578 -3.11075
-0.932382 4.01382 -3.09549
-0.974649 4.01056 -3.06464
-1.01756 4.00706 -3.06037
-1.06126 4.00499 -3.09416
-1.11103 4.00187 -3.07898
-1.16083 4.00016 -3.1073
-1.21083 4.00054 -3.14913
-1.26064 3.99991 3.15426
-1.30452 3.9991 -3.12315
-1.34893 3.99642 -3.08139
-1.39034 3.99449 -3.09489
-1.4363 3.9905 -3.05508
-1.47791 3.98751 -3.06998
-1.5103 3.98463 -3.05279
-1.55152 3.9814 -3.06339
-1.6013 3.97687 -3.05082
-1.64843 3.97186 -3.03572
-1.69025 3.96808 -3.05139
-1.73478 3.96313 -3.03101
-1.7695 3.95997 -3.05085
-1.81935 3.95605 -3.06303
-1.86742 3.95297 -3.07769
-1.90103 3.95106 -3.0846
-1.94192 3.9462 -3.0233
-1.98811 3.94237 -3.05888
-2.03161 3.93973 -3.08096
-2.08007 3.93629 -3.07076
-2.12523 3.93354 -3.08079
-2.16598 3.92899 -3.03034
-2.20842 3.92409 -3.02666
-2.25492 3.91733 -2.99726
-2.30232 3.90955 -2.97888
-2.35184 3.90408 -3.0317
-2.39247 3.89922 -3.02242
-2.43854 3.89362 -3.02071
-2.46634 3.8893 -2.98716
-2.50396 3.88404 -3.00282
-2.53329 3.88024 -3.01288
-2.56569 3.87663 -3.03047
-2.61074 3.87082 -3.01338
-2.65988 3.86583 -3.04032
-2.70639 3.86166 -3.05229
-2.75097 3.85894 -3.0805
-2.79676 3.85623 -3.08257
-2.83711 3.85282 -3.05721
-2.87602 3.85046 -3.08096
-2.91839 3.84673 -3.05401
-2.95635 3.84237 -3.02723
-2.99357 3.83679 -2.99266
-3.02886 3.83138 -2.98942
-3.06156 3.82562 -2.96713
-3.08641 3.82183 -2.99041
-3.12143 3.81622 -2.98264
-3.15278 3.8111 -2.97996
-3.18366 3.80699 -3.00906
-3.21963 3.80358 -3.04716
-3.24715 3.79976 -3.00385
-3.26126 3.79799 -3.01628
-3.28701 3.79453 -3.00808
-3.33127 3.78922 -3.02224
-3.34697 3.78717 -3.01169
-3.35774 3.78534 -2.9734
-3.36613 3.78376 -2.95558
-3.37373 3.78259 -2.98852
-3.38722 3.78111 -3.03247
-3.40624 3.77934 -3.04855
-3.41954 3.77757 -3.00972
-3.43931 3.77474 -2.99951
-3.45853 3.77287 -3.0443
-3.46911 3.77209 -3.06782
-3.49354 3.77111 -3.10153
-3.51075 3.77093 -3.13136
-3.52739 3.77178 -3.19243
-3.53583 3.77236 3.07227
-3.55263 3.77351 3.07323
-3.55857 3.77397 3.06564
-3.56678 3.77441 3.08777
-3.58248 3.77571 3.0587
-3.59509 3.77605 3.11451
-3.60114 3.77589 3.16904
-3.60906 3.77558 -3.1023
-3.61146 3.77541 -3.07287
-3.62623 3.77539 -3.14003
-3.64614 3.77568 -3.15614
-3.66109 3.77593 3.12452
-3.68083 3.77645 3.11538
-3.6999 3.77797 3.06201
-3.71877 3.77966 3.0525
-3.7304 3.78043 3.07497
-3.73671 3.78083 3.07884
-3.76496 3.7816 3.11431
-3.77662 3.78221 3.0897
-3.79787 3.78198 3.15225
-3.82008 3.7812 -3.10636
-3.8542 3.78019 -3.11211
-3.87809 3.77947 -3.11133
-3.90263 3.77925 -3.13285
-3.922 3.77942 -3.14999
-3.94234 3.78009 3.1086
-3.94663 3.7802 3.11471
-3.96532 3.78063 3.11889
-3.98199 3.78103 3.11754
-3.98714 3.78106 3.13555
-3.99936 3.78106 3.14135
-4.02114 3.78142 3.12502
-4.04619 3.78118 3.15119
-4.06804 3.78114 -3.13953
-4.07726 3.78101 -3.12798
-4.08779 3.78118 -3.15767
-4.09482 3.78134 3.11952
-4.11899 3.78182 3.12142
-4.12421 3.78182 3.14202
-4.13553 3.78156 -3.11832
-4.13468 3.78157 -3.12853
-4.13447 3.78158 -3.10058
-4.1418 3.78109 -3.07548
-4.15894 3.77972 -3.06162
-4.17351 3.7787 -3.07177
-4.18718 3.777 -3.01791
-4.18484 3.7773 -3.01537
-4.19704 3.77613 -3.04604
-4.20148 3.7757 -3.04568
-4.20781 3.77506 -3.04081
-4.20998 3.77486 -3.05006
-4.21347 3.77455 -3.05174
-4.21314 3.77458 -3.0567
-4.21855 3.77385 -3.00911
True
0.189677
