-5.46236 1.53116 -0.287182
-5.4328 1.52253 -0.283966
-5.38464 1.50946 -0.265054
-5.33635 1.49706 -0.251273
-5.29136 1.48724 -0.215026
-5.24263 1.47758 -0.195685
-5.20101 1.46726 -0.242948
-5.15261 1.45475 -0.253022
-5.10513 1.44471 -0.208344
-5.05924 1.43507 -0.207091
-5.01043 1.42449 -0.213548
-4.9634 1.41561 -0.186451
-4.91444 1.40565 -0.200859
-4.88353 1.4007 -0.158615
-4.83776 1.39286 -0.169652
-4.79496 1.38568 -0.166195
-4.74567 1.37735 -0.167378
-4.69778 1.36621 -0.228665
-4.6491 1.35495 -0.227232
-4.60215 1.3431 -0.247311
-4.55353 1.33274 -0.209796
-4.50884 1.32199 -0.23605
-4.46398 1.31143 -0.231177
-4.41641 1.29919 -0.251873
-4.37262 1.28691 -0.273588
-4.32561 1.27316 -0.284458
-4.27818 1.25887 -0.292612
-4.2323 1.24556 -0.282395
-4.18431 1.23269 -0.262055
-4.13582 1.22162 -0.224481
-4.08943 1.20878 -0.269963
-4.0523 1.19901 -0.257333
-4.00426 1.18654 -0.253876
-3.95604 1.17476 -0.239578
-3.91197 1.16504 -0.217072
-3.87648 1.15651 -0.235875
-3.82822 1.14359 -0.261702
-3.78776 1.13216 -0.275251
-3.74128 1.11809 -0.293923
-3.6986 1.10579 -0.280655
-3.64999 1.0952 -0.214473
-3.60236 1.08239 -0.262755
-3.56589 1.07302 -0.251379
-3.52107 1.06124 -0.2571
-3.47943 1.04936 -0.27802
-3.43371 1.03599 -0.284408
-3.39534 1.02369 -0.310167
-3.35144 1.01103 -0.280749
-3.30793 0.99909 -0.267845
-3.26177 0.98845 -0.226586
-3.21363 0.976353 -0.246167
-3.17498 0.966663 -0.245664
-3.12809 0.953273 -0.278133
-3.08183 0.940656 -0.266288
-3.0333 0.92864 -0.242687
-2.98588 0.917279 -0.235171
-2.93765 0.905099 -0.247381
-2.8893 0.893021 -0.244794
-2.84122 0.882709 -0.211285
-2.79486 0.874127 -0.183022
-2.74903 0.862848 -0.241315
-2.70128 0.851691 -0.229542
-2.65251 0.840859 -0.218547
-2.60964 0.830579 -0.235358
-2.56168 0.819899 -0.219133
-2.51371 0.807887 -0.24534
-2.46584 0.795332 -0.256493
-2.42353 0.783313 -0.27677
-2.37643 0.770134 -0.272837
-2.33149 0.758036 -0.262961
-2.28378 0.744615 -0.274244
-2.23575 0.731663 -0.263372
-2.18728 0.719662 -0.242728
-2.13962 0.708358 -0.232869
-2.09277 0.697274 -0.232329
-2.04858 0.686246 -0.244532
-2.00353 0.676605 -0.210851
-1.95406 0.669334 -0.14594
-1.90803 0.660886 -0.181485
-1.85952 0.649119 -0.237986
-1.81638 0.639398 -0.221629
-1.76733 0.630077 -0.1878
-1.7209 0.617025 -0.27405
-1.67269 0.604126 -0.261424
-1.62486 0.591815 -0.251909
-1.58527 0.580124 -0.287148
-1.53953 0.566637 -0.286717
-1.49563 0.552888 -0.30358
-1.45431 0.538952 -0.325224
-1.4098 0.525233 -0.29903
-1.36264 0.509069 -0.330216
-1.31999 0.493536 -0.349183
-1.27304 0.477181 -0.335248
-1.23867 0.463466 -0.379673
-1.1954 0.445098 -0.401477
-1.15466 0.427594 -0.405737
-1.1093 0.409695 -0.375834
-1.06421 0.39091 -0.394739
-1.01798 0.372195 -0.384676
-0.977294 0.355462 -0.390195
-0.932076 0.337359 -0.38081
-0.88479 0.321245 -0.328433
-0.839637 0.303769 -0.369285
-0.793875 0.288341 -0.325166
-0.750243 0.273887 -0.319903
-0.71434 0.262084 -0.317599
-0.666707 0.247014 -0.306421
-0.621121 0.22928 -0.371019
-0.576924 0.21525 -0.307371
-0.539721 0.205091 -0.266571
-0.494891 0.192014 -0.283822
-0.448295 0.176012 -0.330808
-0.411129 0.161707 -0.367418
-0.366807 0.144328 -0.373669
-0.322247 0.127188 -0.36722
-0.285334 0.113075 -0.365172
-0.23852 0.0962146 -0.3457
-0.201361 0.0834349 -0.331242
-0.159331 0.0673815 -0.364849
-0.111811 0.0518727 -0.315467
-0.0845978 0.0441195 -0.277553
-0.0483658 0.0352444 -0.240224
0.000176372 0.0250645 -0.206717
0.0463592 0.0161004 -0.191715
0.0934039 0.00532071 -0.22525
0.137851 -0.00352679 -0.196488
0.176528 -0.013059 -0.241643
0.219557 -0.023346 -0.234665
0.265175 -0.0361602 -0.273844
0.312065 -0.050014 -0.287281
0.35959 -0.065443 -0.313915
0.392052 -0.0728225 -0.223529
0.439541 -0.0861543 -0.273688
0.485842 -0.0981368 -0.253241
0.528343 -0.110262 -0.277902
0.576369 -0.123366 -0.266364
0.617908 -0.133619 -0.241998
0.665057 -0.147559 -0.287481
0.7116 -0.160448 -0.270149
0.75848 -0.172704 -0.25571
0.8028 -0.185408 -0.279164
0.849941 -0.197807 -0.257184
0.898233 -0.210763 -0.262109
0.93873 -0.22063 -0.239008
0.986557 -0.233325 -0.259443
1.03467 -0.245995 -0.257489
1.08286 -0.25928 -0.269018
1.1208 -0.269848 -0.271627
1.16908 -0.282389 -0.254164
1.21591 -0.293711 -0.237232
1.2645 -0.305404 -0.236121
1.30926 -0.316175 -0.236151
1.35785 -0.327144 -0.222034
1.40546 -0.339215 -0.248293
1.45187 -0.350397 -0.236425
1.49973 -0.362735 -0.252339
1.54398 -0.372317 -0.213242
1.59108 -0.385404 -0.270999
1.63792 -0.398531 -0.273262
1.68215 -0.412586 -0.307669
1.72906 -0.429111 -0.33872
1.77096 -0.444579 -0.353571
1.81617 -0.460281 -0.334325
1.86265 -0.477572 -0.356115
1.9056 -0.492854 -0.341847
1.95111 -0.508069 -0.322673
1.99198 -0.519698 -0.277216
2.04019 -0.532674 -0.262924
2.07048 -0.541293 -0.277192
2.11839 -0.55525 -0.28347
2.16637 -0.566321 -0.226781
2.20483 -0.57529 -0.229092
2.25313 -0.588207 -0.261313
2.30013 -0.60197 -0.284856
2.34609 -0.614727 -0.270775
2.38751 -0.626164 -0.269392
2.43219 -0.636847 -0.23472
2.47752 -0.649542 -0.273069
2.51932 -0.663298 -0.31792
2.56694 -0.677777 -0.295153
2.6129 -0.690234 -0.264693
2.66092 -0.704017 -0.279502
2.70782 -0.719735 -0.323349
2.75566 -0.732931 -0.269137
2.80241 -0.744022 -0.232947
2.84012 -0.75351 -0.246475
2.87618 -0.763382 -0.267234
2.92267 -0.777015 -0.285242
2.96943 -0.791793 -0.306097
3.01525 -0.807025 -0.320945
3.06095 -0.82147 -0.306167
3.10585 -0.834513 -0.282681
3.14819 -0.847914 -0.306585
3.19497 -0.865359 -0.356929
3.22738 -0.876939 -0.343199
3.27071 -0.889735 -0.287091
3.31616 -0.903507 -0.294218
3.3624 -0.917363 -0.291146
3.40413 -0.930824 -0.312027
3.44994 -0.947318 -0.34563
3.49162 -0.960782 -0.312442
3.53867 -0.975913 -0.31116
3.57865 -0.988634 -0.308083
3.60643 -0.997637 -0.313325
3.64151 -1.00738 -0.270798
3.66889 -1.01588 -0.301236
3.70967 -1.02985 -0.330044
3.73736 -1.0415 -0.398187
3.77978 -1.06236 -0.4571
3.8245 -1.0838 -0.447052
3.86824 -1.10404 -0.433307
3.89795 -1.11807 -0.441218
3.92166 -1.13074 -0.490834
3.95037 -1.14653 -0.502734
3.98808 -1.16638 -0.484519
4.0198 -1.18126 -0.438741
4.0383 -1.18952 -0.419903
4.07391 -1.20725 -0.462056
4.11512 -1.22561 -0.419003
4.14595 -1.23846 -0.395009
4.18034 -1.25009 -0.326084
4.22082 -1.26463 -0.344785
4.25209 -1.27572 -0.340815
4.26498 -1.2802 -0.334591
4.28397 -1.28656 -0.323414
4.30437 -1.29328 -0.318211
4.32136 -1.29898 -0.32365
4.34576 -1.30523 -0.250419
4.36727 -1.31181 -0.296998
4.39066 -1.31969 -0.325168
4.42138 -1.32976 -0.316766
4.4437 -1.33751 -0.3341
4.47515 -1.3495 -0.364314
4.50223 -1.36181 -0.426541
4.51585 -1.36756 -0.39931
4.53965 -1.37917 -0.453977
4.55971 -1.38861 -0.439741
4.5838 -1.39975 -0.43305
4.612 -1.41257 -0.426878
4.61701 -1.41462 -0.388259
4.6244 -1.4169 -0.2985
4.6514 -1.42614 -0.330002
4.67419 -1.43332 -0.305063
4.68509 -1.43702 -0.326992
4.69245 -1.43957 -0.333672
4.69702 -1.44125 -0.351661
4.71697 -1.44907 -0.373702
4.73383 -1.45577 -0.378617
4.74753 -1.46183 -0.416329
4.75342 -1.46458 -0.436393
4.76827 -1.47147 -0.43414
4.78372 -1.47842 -0.422851
4.79301 -1.48241 -0.405737
4.80194 -1.48605 -0.386814
4.8142 -1.49072 -0.363857
4.82559 -1.49498 -0.358396
4.83968 -1.5007 -0.385504
4.84983 -1.50487 -0.390111
4.85439 -1.50682 -0.403546
4.86575 -1.51135 -0.379368
4.88466 -1.5186 -0.366084
4.89889 -1.52386 -0.354243
4.90699 -1.52674 -0.341062
4.91343 -1.52885 -0.31721
4.92576 -1.53254 -0.290895
4.95029 -1.53911 -0.261514
4.9622 -1.54203 -0.241069
4.97961 -1.54655 -0.253588
5.0065 -1.55309 -0.238807
5.03013 -1.55823 -0.214114
5.0517 -1.56282 -0.209444
5.06753 -1.56608 -0.203485
5.0819 -1.56849 -0.166198
5.09362 -1.57039 -0.160622
5.10462 -1.57186 -0.132917
5.11839 -1.57351 -0.119319
5.13197 -1.57474 -0.0897303
5.1467 -1.57581 -0.0730007
5.16908 -1.57792 -0.0937123
5.17899 -1.57949 -0.157141
5.18778 -1.58152 -0.227287
5.20165 -1.58458 -0.217001
5.21364 -1.58686 -0.188317
True
0.0674433
