-5.47663 -0.145505 -0.0955101
-5.47478 -0.145654 -0.0803805
-5.43646 -0.148192 -0.066129
-5.39631 -0.151121 -0.0728196
-5.35272 -0.15511 -0.0912613
-5.31198 -0.158893 -0.0926027
-5.26454 -0.162924 -0.0847554
-5.21944 -0.166862 -0.0870839
-5.16954 -0.169533 -0.0534846
-5.13373 -0.172269 -0.0762479
-5.08503 -0.176752 -0.0917889
-5.04489 -0.181168 -0.109605
-4.9974 -0.187029 -0.122782
-4.95324 -0.190636 -0.0815045
-4.90504 -0.193568 -0.0607608
-4.85981 -0.198273 -0.103636
-4.81036 -0.204458 -0.12443
-4.76079 -0.210969 -0.130603
-4.71413 -0.214845 -0.0828815
-4.67341 -0.219539 -0.114746
-4.62687 -0.224882 -0.114313
-4.57751 -0.230568 -0.114698
-4.52793 -0.233415 -0.0573521
-4.47879 -0.236727 -0.0672966
-4.43086 -0.241175 -0.0925495
-4.38091 -0.243173 -0.0399677
-4.33317 -0.243885 -0.0149157
-4.28726 -0.247793 -0.0849078
-4.23809 -0.253592 -0.117404
-4.20159 -0.257632 -0.110244
-4.15275 -0.264672 -0.143148
-4.10524 -0.269608 -0.103526
-4.05732 -0.278415 -0.18176
-4.01643 -0.285988 -0.183117
-3.96713 -0.293589 -0.152962
-3.91917 -0.299889 -0.130619
-3.87299 -0.306011 -0.131797
-3.82316 -0.310038 -0.0806463
-3.77644 -0.313288 -0.0694528
-3.74247 -0.313319 -0.000911564
-3.69967 -0.311831 0.0347603
-3.66688 -0.310868 0.0293667
-3.61721 -0.306945 0.0788082
-3.56737 -0.302937 0.0802515
-3.51765 -0.297715 0.104654
-3.47013 -0.292909 0.100779
-3.42058 -0.287746 0.103812
-3.37262 -0.282512 0.108715
-3.3317 -0.275278 0.174966
-3.2826 -0.265816 0.190377
-3.24286 -0.259408 0.159858
-3.19678 -0.251404 0.171995
-3.14987 -0.241345 0.211242
-3.1009 -0.231328 0.201741
-3.05205 -0.222315 0.182459
-3.00585 -0.215709 0.142049
-2.9582 -0.208384 0.152514
-2.91256 -0.203009 0.117222
-2.86473 -0.197432 0.116084
-2.81501 -0.192151 0.105808
-2.76536 -0.186569 0.111975
-2.72189 -0.18147 0.116778
-2.67652 -0.174946 0.142771
-2.65188 -0.170611 0.174212
-2.62342 -0.16669 0.136887
-2.5756 -0.156926 0.201433
-2.53071 -0.147791 0.200772
-2.48271 -0.137686 0.207466
-2.43334 -0.129878 0.156842
-2.38558 -0.119112 0.221751
-2.3411 -0.113806 0.118739
-2.2919 -0.108468 0.108049
-2.25202 -0.105558 0.0728344
-2.20217 -0.102778 0.0557169
-2.15641 -0.10128 0.0327299
-2.11297 -0.0993361 0.0447165
-2.06344 -0.097698 0.0330579
-2.01622 -0.0973021 0.00838315
-1.96659 -0.0974186 -0.00234609
-1.93409 -0.0984997 -0.0332489
-1.88688 -0.100258 -0.0372159
-1.83888 -0.10187 -0.0335834
-1.78902 -0.104881 -0.0603025
-1.73974 -0.107097 -0.044947
-1.70227 -0.109518 -0.0645068
-1.65911 -0.112905 -0.0783323
-1.60955 -0.118803 -0.118457
-1.56406 -0.123601 -0.105086
-1.52961 -0.128089 -0.129536
-1.48102 -0.135099 -0.143303
-1.43828 -0.142531 -0.172114
-1.39261 -0.149495 -0.151329
-1.34374 -0.157321 -0.158799
-1.30923 -0.162502 -0.148997
-1.26359 -0.169985 -0.162538
-1.21494 -0.179951 -0.202038
-1.16624 -0.191141 -0.225868
-1.11769 -0.201908 -0.218213
-1.07268 -0.212838 -0.238281
-1.02492 -0.224861 -0.246606
-0.976878 -0.238511 -0.27681
-0.929144 -0.253143 -0.29744
-0.885987 -0.26721 -0.315083
-0.847543 -0.280815 -0.340134
-0.815369 -0.292156 -0.338888
-0.771043 -0.306043 -0.303617
-0.730937 -0.314829 -0.215651
-0.705274 -0.320912 -0.232758
-0.656826 -0.332063 -0.226212
-0.609593 -0.344016 -0.247859
-0.562 -0.356476 -0.256069
-0.516733 -0.368127 -0.251909
-0.47053 -0.378311 -0.216963
-0.428589 -0.387523 -0.216194
-0.3794 -0.396436 -0.179249
-0.333817 -0.406525 -0.217838
-0.284467 -0.414533 -0.16086
-0.241876 -0.422272 -0.179751
-0.194548 -0.435146 -0.265591
-0.145351 -0.444072 -0.179473
-0.106292 -0.451092 -0.177833
-0.0577423 -0.46083 -0.197947
-0.0235226 -0.467575 -0.194612
0.0242964 -0.476413 -0.18277
0.0700962 -0.488065 -0.249119
0.111579 -0.499401 -0.266765
0.159647 -0.513024 -0.276172
0.208 -0.523166 -0.206741
0.249297 -0.532299 -0.217663
0.29811 -0.539938 -0.155232
0.344326 -0.548948 -0.192541
0.387024 -0.558032 -0.209628
0.435683 -0.568119 -0.204389
0.484134 -0.579439 -0.229525
0.529707 -0.588756 -0.201671
0.56765 -0.595835 -0.184443
0.616886 -0.604442 -0.173074
0.662889 -0.613609 -0.196695
0.702087 -0.619399 -0.146637
0.749416 -0.628049 -0.180774
0.798447 -0.636673 -0.174095
0.847781 -0.644482 -0.157001
0.896674 -0.654237 -0.196917
0.931644 -0.661416 -0.202487
0.976009 -0.672465 -0.244086
1.02057 -0.684573 -0.2653
1.06535 -0.69714 -0.273613
1.10856 -0.71074 -0.304914
1.15526 -0.724215 -0.280931
1.20193 -0.738417 -0.29542
1.24939 -0.752892 -0.296003
1.29679 -0.766998 -0.28926
1.34051 -0.777453 -0.23473
1.38535 -0.786785 -0.205171
1.42624 -0.794513 -0.186794
1.46996 -0.803678 -0.206626
1.51699 -0.815991 -0.256098
1.56551 -0.827999 -0.242615
1.6104 -0.840075 -0.262758
1.65571 -0.850724 -0.230824
1.69917 -0.859182 -0.192232
1.74797 -0.868389 -0.186498
1.79284 -0.874733 -0.140435
1.83748 -0.880418 -0.126662
1.88049 -0.884947 -0.104941
1.92979 -0.890939 -0.12092
1.97882 -0.897387 -0.130767
2.02559 -0.905125 -0.163953
2.07437 -0.912738 -0.154823
2.12232 -0.92064 -0.163352
2.15788 -0.926086 -0.151946
2.20537 -0.935104 -0.187675
2.24598 -0.945201 -0.243662
2.29196 -0.955929 -0.229228
2.34027 -0.966617 -0.217738
2.38882 -0.978525 -0.240533
2.43561 -0.988908 -0.218371
2.48397 -0.997639 -0.178603
2.53345 -1.00431 -0.13409
2.58229 -1.01491 -0.213594
2.62154 -1.02064 -0.145038
2.66916 -1.02994 -0.192929
2.7155 -1.03897 -0.192379
2.75873 -1.04753 -0.195488
2.79996 -1.05661 -0.216906
2.84555 -1.06699 -0.22378
2.89077 -1.07522 -0.180109
2.93999 -1.08401 -0.176536
2.98904 -1.09332 -0.187651
3.03391 -1.09961 -0.139231
3.08312 -1.10846 -0.17794
3.13 -1.11462 -0.13079
3.1791 -1.12407 -0.189999
3.22537 -1.13389 -0.209194
3.26951 -1.14023 -0.14277
3.30941 -1.14366 -0.0855818
3.34404 -1.14859 -0.141439
3.38307 -1.1558 -0.182859
3.42311 -1.1638 -0.197053
3.4622 -1.17013 -0.160602
3.50703 -1.17648 -0.140631
3.55026 -1.18169 -0.12005
3.5667 -1.18414 -0.147546
3.59696 -1.18879 -0.152627
3.6198 -1.19231 -0.1529
3.65839 -1.19609 -0.0975127
3.67133 -1.19786 -0.136262
3.66998 -1.19768 -0.133186
3.67498 -1.19841 -0.14493
3.70307 -1.20214 -0.132199
3.74164 -1.20711 -0.127896
3.77185 -1.21243 -0.174591
3.80201 -1.21777 -0.175205
3.83204 -1.2241 -0.207737
3.86167 -1.2292 -0.170386
3.88418 -1.23294 -0.164612
3.91397 -1.23811 -0.171854
3.94396 -1.24413 -0.197996
3.97203 -1.24962 -0.193152
4.01029 -1.25496 -0.138851
4.03798 -1.25949 -0.162121
4.05248 -1.262 -0.171365
4.08116 -1.26813 -0.210693
4.10706 -1.27331 -0.197179
4.13252 -1.27803 -0.183363
4.15733 -1.28211 -0.163088
4.17049 -1.28468 -0.192669
4.18111 -1.28675 -0.192237
4.18538 -1.28756 -0.187892
4.18945 -1.28844 -0.212374
4.20024 -1.28996 -0.140384
4.21308 -1.29146 -0.116137
4.24924 -1.29663 -0.141968
4.26851 -1.29984 -0.164991
4.29679 -1.30574 -0.205686
4.32795 -1.31364 -0.248379
4.36277 -1.32252 -0.249841
4.39567 -1.3293 -0.203005
4.42324 -1.33445 -0.18489
4.43846 -1.33776 -0.213987
4.47297 -1.34408 -0.181083
4.49212 -1.34793 -0.198339
4.52054 -1.35316 -0.182065
4.55783 -1.36003 -0.182295
4.59664 -1.36635 -0.161222
4.63155 -1.37274 -0.181149
4.64812 -1.37617 -0.204304
4.67624 -1.38189 -0.200491
4.69965 -1.38761 -0.239891
4.71465 -1.39109 -0.227925
4.73641 -1.39756 -0.288697
4.751 -1.40252 -0.32827
4.76584 -1.40818 -0.363814
4.77417 -1.4116 -0.390519
4.78862 -1.41818 -0.427317
4.80186 -1.42475 -0.460347
4.81632 -1.43228 -0.480025
4.83213 -1.43942 -0.424596
4.83487 -1.44066 -0.423246
4.83983 -1.44266 -0.38256
4.84659 -1.44519 -0.359285
4.86071 -1.45033 -0.348517
4.86583 -1.45207 -0.328683
4.90105 -1.46414 -0.329996
4.92415 -1.47128 -0.300176
4.95381 -1.47874 -0.24615
4.97546 -1.48374 -0.226867
4.99218 -1.48738 -0.21485
5.01873 -1.49405 -0.245957
5.02993 -1.49703 -0.260193
5.05633 -1.50357 -0.242811
5.06285 -1.50528 -0.25688
5.06921 -1.50676 -0.228265
5.07779 -1.50823 -0.170054
5.09443 -1.51022 -0.118667
5.09765 -1.51066 -0.137843
5.10497 -1.51161 -0.128668
5.11854 -1.51371 -0.15381
5.12743 -1.51514 -0.159218
5.13068 -1.51556 -0.128121
5.1392 -1.51703 -0.170462
5.14939 -1.51922 -0.212236
5.15847 -1.52167 -0.26336
5.1726 -1.52507 -0.236283
5.18831 -1.5289 -0.238638
5.19247 -1.52978 -0.208532
5.19989 -1.53126 -0.196745
5.20549 -1.53239 -0.199543
True
0.0668181
