-5.47913 -1.28392 0.318738
-5.44089 -1.2714 0.316398
-5.39566 -1.25249 0.395994
-5.35534 -1.23638 0.380071
-5.31026 -1.21977 0.353051
-5.2763 -1.20871 0.314733
-5.22865 -1.19391 0.301145
-5.18133 -1.17815 0.321545
-5.1354 -1.16206 0.336953
-5.08986 -1.14679 0.323647
-5.04575 -1.1319 0.325407
-4.99803 -1.11705 0.30171
-4.95025 -1.10256 0.294497
-4.90302 -1.09071 0.245713
-4.86042 -1.07711 0.309036
-4.81531 -1.06354 0.292256
-4.77454 -1.05107 0.29696
-4.73024 -1.03708 0.305705
-4.68539 -1.02194 0.325593
-4.63891 -1.00509 0.347743
-4.59176 -0.988501 0.338419
-4.54835 -0.972738 0.348298
-4.50277 -0.956772 0.33692
-4.46177 -0.941392 0.358851
-4.41581 -0.925184 0.339045
-4.37122 -0.909429 0.339667
-4.32608 -0.893083 0.347414
-4.28543 -0.877809 0.359399
-4.23881 -0.862586 0.315625
-4.19112 -0.847577 0.304894
-4.14477 -0.831885 0.326479
-4.09719 -0.817176 0.299817
-4.05141 -0.804809 0.263861
-4.00543 -0.792996 0.251443
-3.95875 -0.780029 0.270991
-3.91064 -0.76657 0.272732
-3.86668 -0.753582 0.287279
-3.82308 -0.741032 0.280325
-3.77499 -0.728389 0.257075
-3.72782 -0.714576 0.284858
-3.68031 -0.699002 0.316762
-3.63292 -0.684315 0.300496
-3.58782 -0.670434 0.298623
-3.54199 -0.654603 0.332593
-3.49505 -0.639969 0.302204
-3.45548 -0.62923 0.265017
-3.41496 -0.618169 0.266462
-3.36838 -0.604055 0.294247
-3.32123 -0.588936 0.310254
-3.27488 -0.573708 0.317457
-3.23633 -0.560302 0.334675
-3.19249 -0.544924 0.337352
-3.15148 -0.529535 0.359042
-3.10836 -0.511628 0.393549
-3.06396 -0.493757 0.382721
-3.02041 -0.474849 0.409618
-2.97345 -0.457754 0.34905
-2.92791 -0.439364 0.383812
-2.88862 -0.420356 0.450629
-2.85223 -0.403628 0.430869
-2.81806 -0.387632 0.437856
-2.77826 -0.369672 0.423928
-2.73789 -0.353639 0.37803
-2.69158 -0.336552 0.353459
-2.64606 -0.319293 0.362388
-2.59885 -0.303835 0.316466
-2.55176 -0.287063 0.3421
-2.50628 -0.267597 0.404482
-2.45951 -0.250836 0.344085
-2.41324 -0.231895 0.388554
-2.36896 -0.212021 0.421888
-2.32421 -0.192541 0.410599
-2.27872 -0.172159 0.421169
-2.2339 -0.153151 0.401129
-2.18862 -0.135958 0.362853
-2.1417 -0.118686 0.352794
-2.09588 -0.101726 0.354488
-2.04985 -0.0829242 0.387788
-2.02134 -0.0707932 0.402224
-1.9776 -0.053674 0.3731
-1.93318 -0.0356097 0.386228
-1.8919 -0.0209926 0.340309
-1.85483 -0.00904577 0.311766
-1.80654 0.00383049 0.2606
-1.76173 0.0170219 0.286302
-1.71617 0.0327445 0.332246
-1.67973 0.0453709 0.333631
-1.63464 0.0610483 0.334609
-1.5885 0.0758775 0.310935
-1.54074 0.0905901 0.298855
-1.49371 0.105108 0.299395
-1.45258 0.118541 0.315678
-1.40806 0.132954 0.313111
-1.36939 0.145194 0.306524
-1.33286 0.157694 0.329725
-1.29521 0.170354 0.324383
-1.24873 0.186843 0.34086
-1.21004 0.200357 0.336052
-1.16679 0.216205 0.351226
-1.12095 0.232236 0.336434
-1.07494 0.251798 0.402024
-1.02967 0.271465 0.409839
-0.988623 0.288638 0.396254
-0.942363 0.306879 0.375594
-0.895886 0.324787 0.367778
-0.85124 0.342365 0.375073
-0.818053 0.354361 0.346867
-0.774009 0.369851 0.33817
-0.727681 0.385684 0.329307
-0.680623 0.400759 0.310029
-0.639401 0.415284 0.338784
-0.603792 0.430768 0.410171
-0.558687 0.451588 0.432453
-0.512886 0.470858 0.398244
-0.470188 0.488269 0.387176
-0.426276 0.505499 0.373928
-0.387072 0.519665 0.346744
-0.346302 0.533054 0.317292
-0.299224 0.545752 0.263468
-0.254007 0.557401 0.252129
-0.212619 0.5693 0.279947
-0.166149 0.584837 0.322676
-0.118495 0.599847 0.305131
-0.0708951 0.615066 0.309458
-0.0254861 0.628664 0.290959
0.0223831 0.642505 0.281465
0.0675505 0.656209 0.294571
0.114246 0.672537 0.336388
0.161165 0.686807 0.295248
0.207872 0.704232 0.357079
0.255122 0.720412 0.329926
0.285458 0.730564 0.322909
0.332585 0.745808 0.312859
0.380332 0.760212 0.292986
0.425945 0.775463 0.32268
0.4651 0.788592 0.323508
0.512811 0.803534 0.303502
0.554785 0.815267 0.272592
0.599835 0.828763 0.291061
0.646528 0.841803 0.272339
0.694089 0.853473 0.240611
0.740152 0.865841 0.262312
0.78869 0.877544 0.236585
0.836588 0.89183 0.289866
0.877058 0.902329 0.253845
0.925607 0.914165 0.239124
0.970837 0.926284 0.261796
1.01529 0.937896 0.255529
1.06012 0.952553 0.315962
1.09541 0.964061 0.315246
1.13708 0.975764 0.273756
1.18108 0.985934 0.227188
1.22931 0.995444 0.194655
1.27637 1.00758 0.252335
1.32312 1.01898 0.239332
1.37036 1.03113 0.251744
1.41898 1.04126 0.2054
1.46722 1.05441 0.266155
1.51315 1.06593 0.245637
1.56095 1.07839 0.254997
1.60463 1.08897 0.237751
1.6437 1.0983 0.234287
1.68103 1.10735 0.237803
1.72469 1.12199 0.323505
1.77239 1.13681 0.301289
1.81987 1.15244 0.317974
1.86747 1.16769 0.309993
1.91423 1.18045 0.266516
1.96287 1.1918 0.229201
2.01006 1.20673 0.306483
2.05357 1.22037 0.303697
2.10106 1.23484 0.295763
2.14313 1.24675 0.275953
2.18909 1.26113 0.303134
2.23318 1.27316 0.266371
2.28105 1.28757 0.292544
2.3287 1.30262 0.305881
2.37453 1.31771 0.31811
2.42121 1.33063 0.269983
2.46557 1.34191 0.248929
2.50746 1.35366 0.273461
2.55412 1.36592 0.256954
2.60144 1.38079 0.304529
2.65013 1.39204 0.22712
2.69382 1.4036 0.258662
2.74236 1.41521 0.234657
2.79107 1.42645 0.226721
2.83667 1.43742 0.236145
2.87957 1.44714 0.222848
2.92033 1.4571 0.239662
2.96913 1.468 0.219672
3.01722 1.48144 0.272571
3.06396 1.49454 0.27337
3.11221 1.50531 0.219584
3.15604 1.51727 0.266379
3.19816 1.53102 0.31557
3.23967 1.54329 0.287341
3.28697 1.55821 0.305476
3.33199 1.57217 0.300739
3.37853 1.5861 0.290885
3.42545 1.60106 0.308682
3.46938 1.6143 0.292693
3.51123 1.62699 0.294398
3.55403 1.63967 0.287999
3.59675 1.65311 0.304847
3.63667 1.66564 0.304017
3.6828 1.67826 0.267103
3.72554 1.68948 0.256733
3.76419 1.70019 0.270329
3.81059 1.71365 0.282419
3.85107 1.72581 0.291742
3.89769 1.74281 0.349693
3.93786 1.75668 0.332309
3.97313 1.7672 0.28998
3.98076 1.76976 0.324398
3.9936 1.77484 0.376449
4.01754 1.78417 0.371654
4.0428 1.79324 0.344547
4.07886 1.80454 0.303829
4.10654 1.81263 0.284092
4.13979 1.82304 0.303505
4.15977 1.82958 0.316123
4.18727 1.83907 0.332354
4.19537 1.84168 0.312342
4.19753 1.84237 0.30961
4.2109 1.84638 0.290917
4.21757 1.84861 0.323293
4.23234 1.85439 0.373246
4.25018 1.8622 0.41245
4.28359 1.877 0.417045
4.31897 1.89338 0.43345
4.34638 1.90704 0.462378
4.37834 1.92293 0.461432
4.40363 1.93519 0.451648
4.42254 1.94409 0.439544
4.45251 1.9585 0.448136
4.47835 1.97121 0.457157
4.5017 1.98247 0.449498
4.52678 1.99467 0.452827
4.56102 2.01182 0.464146
4.59767 2.02873 0.432261
4.63238 2.0443 0.421788
4.6686 2.06034 0.416986
4.6946 2.07127 0.397718
4.73114 2.08396 0.334217
4.76061 2.09362 0.317032
4.79648 2.10668 0.34904
4.83505 2.12129 0.362174
4.87103 2.13469 0.356421
4.90427 2.14687 0.351163
4.92976 2.15573 0.334546
4.95651 2.16481 0.327278
4.97581 2.17219 0.365255
5.00281 2.18222 0.355566
5.02014 2.18893 0.369644
5.05057 2.20183 0.40085
5.06246 2.20763 0.454162
5.08592 2.2191 0.454655
5.09538 2.22364 0.44772
5.10916 2.23027 0.448235
5.11243 2.23191 0.46436
5.12114 2.2363 0.467106
5.1253 2.23853 0.493054
5.13063 2.24129 0.477223
5.13321 2.24265 0.483572
5.13522 2.24366 0.465032
5.137 2.24456 0.469785
5.14102 2.24669 0.487596
5.15593 2.25507 0.512294
5.16045 2.25757 0.504712
5.16925 2.26256 0.516335
5.18005 2.26893 0.532764
5.18181 2.26997 0.532615
5.17842 2.26812 0.499632
5.1888 2.27355 0.4821
5.19507 2.27692 0.49266
5.19943 2.27911 0.465602
5.20632 2.28255 0.463823
5.22205 2.29018 0.451171
True
0.0674648
