4.48412 0.00324184 2.94017
4.44438 0.0152811 2.84748
4.39877 0.0357222 2.72024
4.35831 0.0572849 2.65189
4.32465 0.078488 2.5795
4.28932 0.104029 2.5157
4.25282 0.133985 2.45429
4.21838 0.165391 2.40224
4.19799 0.185097 2.37341
4.17954 0.206853 2.274
4.16291 0.229638 2.20127
4.13978 0.262875 2.17872
4.11715 0.299445 2.12512
4.09152 0.341444 2.11868
4.07772 0.367639 2.05563
4.06306 0.39699 2.03411
4.04012 0.441136 2.04989
4.02633 0.470422 2.01092
4.01638 0.492144 2.00039
4.00373 0.52096 1.98434
3.9928 0.547975 1.95535
3.97888 0.58278 1.9512
3.96398 0.62066 1.94557
3.94414 0.666556 1.97878
3.92545 0.712807 1.95485
3.91212 0.742484 1.99319
3.89483 0.783136 1.97278
3.87831 0.819173 2.00064
3.86143 0.861925 1.94696
3.84528 0.905367 1.92673
3.83144 0.945476 1.90305
3.81899 0.982092 1.89842
3.80452 1.02599 1.88921
3.78822 1.07306 1.90415
3.77206 1.11886 1.90996
3.75303 1.16509 1.96138
3.73659 1.20789 1.93756
3.72976 1.22447 1.9615
3.72105 1.2471 1.93835
3.70616 1.29181 1.89223
3.69166 1.33077 1.92704
3.67504 1.36945 1.97671
3.65786 1.41388 1.93961
3.63916 1.45937 1.96088
3.62192 1.50323 1.94543
3.60251 1.5493 1.96957
3.58308 1.59337 1.98596
3.56297 1.63915 1.98472
3.55203 1.66731 1.94135
3.5356 1.70242 2.0085
3.51635 1.7435 2.00898
3.49617 1.7804 2.07123
3.47216 1.81977 2.11843
3.44766 1.85922 2.12647
3.42606 1.89187 2.15529
3.39886 1.93323 2.1525
3.3838 1.95696 2.1364
3.35662 1.99845 2.1508
3.33436 2.03296 2.14354
3.30706 2.07328 2.1661
3.28398 2.10804 2.15679
3.26093 2.14191 2.16833
3.23008 2.18126 2.23574
3.2032 2.21836 2.19781
3.18644 2.23965 2.23755
3.16831 2.26534 2.18566
3.14204 2.30079 2.20841
3.11861 2.33461 2.17675
3.092 2.37225 2.18596
3.06484 2.40636 2.24343
3.0327 2.44447 2.2714
3.00668 2.47819 2.22801
2.97658 2.51729 2.22683
2.94555 2.55643 2.24113
2.92153 2.58634 2.24753
2.88917 2.62443 2.27492
2.85588 2.66171 2.29974
2.83201 2.68633 2.34087
2.80031 2.71873 2.34511
2.77324 2.74674 2.33916
2.74889 2.77226 2.33285
2.71221 2.80624 2.39434
2.68229 2.83553 2.36685
2.65768 2.85867 2.38698
2.62035 2.89193 2.4137
2.59622 2.91386 2.40399
2.56858 2.94031 2.37829
2.53272 2.97209 2.41647
2.49616 3.0009 2.47421
2.45669 3.03111 2.48823
2.41816 3.06005 2.49746
2.37795 3.0892 2.51432
2.33856 3.11638 2.53757
2.29974 3.1425 2.54929
2.25965 3.17161 2.51362
2.21886 3.2005 2.52525
2.18929 3.22101 2.53507
2.15455 3.24318 2.57366
2.13833 3.25474 2.52236
2.12484 3.26266 2.61067
2.08475 3.29012 2.54108
2.04356 3.31839 2.54018
2.0105 3.33913 2.5812
1.96936 3.36558 2.5702
1.93399 3.38756 2.58558
1.8914 3.4132 2.5997
1.86297 3.42847 2.64859
1.81916 3.45208 2.64734
1.77937 3.47331 2.65159
1.73869 3.49445 2.66233
1.69555 3.51918 2.62099
1.66286 3.53692 2.64438
1.63329 3.5533 2.63577
1.59348 3.57468 2.64871
1.55043 3.5995 2.61861
1.50899 3.62169 2.64996
1.46609 3.64582 2.62923
1.42181 3.66881 2.66283
1.38209 3.68832 2.68487
1.33886 3.70926 2.69064
1.29592 3.7281 2.72807
1.25385 3.74743 2.71093
1.20738 3.76588 2.76354
1.1623 3.78148 2.80853
1.11612 3.79585 2.83996
1.07174 3.80999 2.83304
1.03144 3.82235 2.84402
0.984221 3.83795 2.82245
0.937261 3.8523 2.84502
0.894954 3.86418 2.86783
0.846795 3.8775 2.87178
0.799438 3.88883 2.90683
0.751376 3.90253 2.86389
0.710416 3.91347 2.88067
0.66258 3.92413 2.92224
0.617923 3.93451 2.91325
0.571202 3.94139 2.99544
0.528057 3.94777 2.99471
0.478399 3.95354 3.02601
0.428978 3.96112 2.98928
0.379956 3.96762 3.00982
0.331123 3.97341 3.02366
0.281367 3.97636 3.08225
0.234451 3.97958 3.0732
0.184568 3.98267 3.07962
0.136763 3.98895 3.01106
0.0913242 3.99162 3.08281
0.0531826 3.99407 3.07753
0.0039182 3.99567 3.10903
-0.0459217 3.9993 3.06895
-0.0945481 4.0012 3.1025
-0.144466 3.99961 3.1735
-0.190052 3.99817 -3.11003
-0.237181 3.99511 -3.07667
-0.287024 3.99231 -3.08563
-0.329841 3.99049 -3.09895
-0.3688 3.98741 -3.06288
-0.418706 3.98434 -3.08014
-0.46522 3.98203 -3.09191
-0.514958 3.97746 -3.04995
-0.559154 3.97447 -3.07412
-0.608184 3.97066 -3.06403
-0.658134 3.96844 -3.09713
-0.700271 3.96419 -3.04111
-0.741414 3.9588 -3.01132
-0.787567 3.95213 -2.99808
-0.825993 3.94488 -2.95508
-0.872569 3.93354 -2.90275
-0.920906 3.92075 -2.88301
-0.962902 3.91027 -2.89685
-1.00507 3.90015 -2.90622
-1.04672 3.88905 -2.88104
-1.09412 3.8742 -2.8379
-1.14185 3.85932 -2.83955
-1.18861 3.84163 -2.77978
-1.23401 3.82765 -2.84301
-1.28179 3.81322 -2.84835
-1.32997 3.80015 -2.87664
-1.37739 3.78658 -2.86279
-1.42092 3.77291 -2.83731
-1.45624 3.76094 -2.81489
-1.50329 3.74441 -2.80378
-1.55012 3.72707 -2.78693
-1.59346 3.70995 -2.76537
-1.63035 3.69568 -2.77245
-1.67679 3.67721 -2.76303
-1.7205 3.65906 -2.74811
-1.76555 3.63949 -2.73167
-1.80293 3.62534 -2.7798
-1.85005 3.60861 -2.80039
-1.89589 3.59068 -2.76875
-1.93806 3.57293 -2.74328
-1.98362 3.55241 -2.7184
-2.0279 3.53245 -2.7181
-2.07316 3.51293 -2.73449
-2.11869 3.49245 -2.71877
-2.16182 3.47315 -2.72086
-2.20563 3.45382 -2.72605
-2.24692 3.4351 -2.71595
-2.29081 3.41303 -2.67571
-2.33436 3.38956 -2.6472
-2.37629 3.36233 -2.56572
-2.41851 3.3356 -2.57704
-2.45593 3.31026 -2.54655
-2.49733 3.28318 -2.56232
-2.53817 3.25444 -2.52835
-2.57757 3.22809 -2.55206
-2.61206 3.20449 -2.54148
-2.65089 3.1774 -2.5325
-2.68773 3.15049 -2.51081
-2.72755 3.1211 -2.5057
-2.76726 3.09296 -2.52507
-2.78951 3.07712 -2.52296
-2.81615 3.05869 -2.53649
-2.85363 3.03318 -2.54381
-2.88594 3.01103 -2.54067
-2.9193 2.98668 -2.51119
-2.94414 2.96875 -2.51629
-2.96232 2.95554 -2.51302
-2.97598 2.94634 -2.54926
-2.98948 2.93758 -2.56588
-3.00933 2.92413 -2.54608
-3.0182 2.91794 -2.53207
-3.03463 2.90686 -2.54827
-3.05441 2.89378 -2.55776
-3.07329 2.88214 -2.58872
-3.09237 2.87017 -2.58155
-3.10541 2.86208 -2.58593
-3.13303 2.84451 -2.57515
-3.15928 2.82745 -2.56516
-3.1922 2.80525 -2.54835
-3.22702 2.77976 -2.50954
-3.24077 2.77039 -2.5439
-3.25603 2.76045 -2.56421
-3.29573 2.73541 -2.57899
-3.3099 2.72622 -2.56607
-3.33242 2.70945 -2.50145
-3.35767 2.69083 -2.50623
-3.39301 2.66455 -2.50204
-3.42344 2.64334 -2.53301
-3.44518 2.6284 -2.53942
-3.46735 2.61329 -2.54344
-3.48179 2.60339 -2.54061
-3.4839 2.60204 -2.56983
-3.50566 2.58709 -2.53991
-3.52216 2.57632 -2.56291
-3.53744 2.5677 -2.62832
-3.54516 2.56357 -2.6506
-3.55651 2.55703 -2.61853
-3.55859 2.5558 -2.6076
-3.57687 2.54452 -2.58875
-3.59306 2.53476 -2.59908
-3.59631 2.53262 -2.55928
-3.61682 2.51903 -2.55653
-3.62231 2.51568 -2.59231
-3.63135 2.51002 -2.58259
-3.63745 2.50638 -2.60322
-3.64454 2.50205 -2.59307
-3.65499 2.49571 -2.59646
-3.67593 2.48114 -2.53398
-3.68532 2.47486 -2.5517
-3.69263 2.47028 -2.58229
-3.69873 2.46638 -2.57214
-3.71124 2.45762 -2.53092
-3.72624 2.44709 -2.52941
-3.73551 2.4405 -2.52365
-3.76119 2.42217 -2.52158
-3.78656 2.4014 -2.45548
-3.80837 2.38455 -2.48399
-3.82024 2.37578 -2.50495
-3.83737 2.36357 -2.52252
-3.84952 2.35416 -2.48254
-3.85414 2.35044 -2.46337
-3.86367 2.34214 -2.42501
-3.86855 2.33795 -2.43339
-3.87273 2.33422 -2.41153
-3.88978 2.3186 -2.40035
-3.90246 2.30836 -2.46211
-3.91804 2.29577 -2.46168
-3.93099 2.28505 -2.45022
-3.9392 2.27826 -2.45064
-3.94483 2.27366 -2.45656
-3.9503 2.26899 -2.43477
-3.95706 2.26347 -2.45668
-3.95984 2.26132 -2.48287
-3.96925 2.25376 -2.46533
-3.98407 2.24212 -2.47582
-3.98938 2.238 -2.48118
-3.99667 2.23218 -2.46769
-4.01408 2.21895 -2.4918
-4.03142 2.20531 -2.47504
-4.05573 2.18541 -2.45566
-4.07407 2.16991 -2.4399
-4.08237 2.16261 -2.4205
-4.09292 2.152 -2.35322
-4.09758 2.14644 -2.26794
-4.10441 2.13822 -2.26431
-4.11021 2.13122 -2.26278
-4.11595 2.12443 -2.27272
-4.12416 2.11514 -2.2943
-4.1284 2.11029 -2.28996
-4.1315 2.10701 -2.32705
-4.139 2.09855 -2.29628
-4.14142 2.09555 -2.24781
-4.14591 2.09012 -2.26318
-4.14684 2.08904 -2.2794
-4.16208 2.0712 -2.27771
-4.16928 2.06267 -2.27176
-4.1766 2.05413 -2.2792
-4.18265 2.04697 -2.27225
-4.19086 2.03766 -2.29418
-4.19493 2.03323 -2.31326
-4.1938 2.03421 -2.42457
-4.19696 2.03185 -2.49735
-4.19721 2.03165 -2.48815
-4.20008 2.02925 -2.44546
-4.20443 2.02539 -2.41538
-4.21336 2.01711 -2.39357
-4.22456 2.00644 -2.38098
True
0.181229
