4.48593 -0.00555243 -2.76563
4.44968 -0.0220137 -2.71541
4.41542 -0.0385717 -2.69131
4.37263 -0.064116 -2.60348
4.33594 -0.0921377 -2.48929
4.29804 -0.124613 -2.43319
4.26731 -0.154717 -2.36638
4.23757 -0.191403 -2.25207
4.21018 -0.231693 -2.16777
4.1818 -0.271874 -2.18579
4.15462 -0.312538 -2.16004
4.13007 -0.349519 -2.15685
4.10539 -0.39226 -2.0944
4.07959 -0.433266 -2.13245
4.06307 -0.462071 -2.09137
4.04256 -0.499056 -2.07716
4.01928 -0.543302 -2.05524
4.00167 -0.577766 -2.04317
3.98048 -0.622606 -2.0121
3.96086 -0.663935 -2.01418
3.94592 -0.700085 -1.96254
3.93457 -0.730762 -1.92519
3.92181 -0.772561 -1.8671
3.90592 -0.818523 -1.90369
3.88911 -0.865024 -1.91778
3.87487 -0.902929 -1.93011
3.85759 -0.949848 -1.92364
3.84073 -0.996782 -1.91558
3.82456 -1.03778 -1.94654
3.80771 -1.08164 -1.93771
3.79397 -1.12066 -1.9093
3.78502 -1.14645 -1.9047
3.77294 -1.18385 -1.88317
3.76117 -1.2217 -1.87231
3.74623 -1.26403 -1.9102
3.73341 -1.29889 -1.92303
3.72235 -1.32779 -1.93637
3.70562 -1.37301 -1.92508
3.68682 -1.41934 -1.95633
3.66995 -1.46499 -1.92481
3.65169 -1.51119 -1.94728
3.6356 -1.55804 -1.90143
3.62338 -1.59386 -1.89972
3.61053 -1.62958 -1.91622
3.59247 -1.67379 -1.9585
3.5798 -1.70407 -1.96718
3.56111 -1.74467 -2.00222
3.53999 -1.78911 -2.0144
3.52234 -1.82125 -2.07295
3.50089 -1.8664 -2.01431
3.48397 -1.90056 -2.03065
3.46331 -1.94141 -2.03899
3.4388 -1.98485 -2.08461
3.41382 -2.02316 -2.14871
3.38498 -2.064 -2.18567
3.35603 -2.10472 -2.18878
3.32774 -2.14595 -2.17213
3.29997 -2.18582 -2.17917
3.27374 -2.22839 -2.12298
3.2502 -2.26282 -2.17058
3.22098 -2.30338 -2.19503
3.20159 -2.33258 -2.15705
3.18267 -2.35849 -2.20133
3.15274 -2.3981 -2.21787
3.12158 -2.43617 -2.25676
3.09128 -2.47513 -2.23192
3.06043 -2.51136 -2.27607
3.03072 -2.54663 -2.27089
2.99818 -2.58343 -2.29473
2.97875 -2.60374 -2.33422
2.95256 -2.63104 -2.33536
2.91903 -2.66653 -2.32781
2.88369 -2.7019 -2.3558
2.85813 -2.725 -2.40662
2.82092 -2.7584 -2.41017
2.78858 -2.79061 -2.35818
2.75478 -2.82411 -2.36062
2.72827 -2.84915 -2.38472
2.69236 -2.88254 -2.39259
2.65874 -2.91144 -2.43144
2.62018 -2.94323 -2.45207
2.58053 -2.9737 -2.48648
2.54137 -3.00411 -2.48137
2.50808 -3.02982 -2.4839
2.47312 -3.05852 -2.45423
2.44033 -3.08364 -2.48804
2.40077 -3.11227 -2.51499
2.36092 -3.14211 -2.49883
2.32689 -3.16712 -2.50778
2.29065 -3.19454 -2.49382
2.24867 -3.22154 -2.57014
2.20997 -3.2476 -2.549
2.1688 -3.27598 -2.53792
2.13822 -3.29834 -2.51038
2.10056 -3.32593 -2.5093
2.06228 -3.35469 -2.49723
2.02153 -3.38365 -2.52371
1.99162 -3.40547 -2.51134
1.95586 -3.43078 -2.52571
1.91388 -3.45795 -2.5672
1.87721 -3.48081 -2.58418
1.83503 -3.50654 -2.59374
1.79655 -3.53014 -2.59148
1.75922 -3.55223 -2.60731
1.71576 -3.57694 -2.62466
1.67582 -3.59977 -2.62223
1.63253 -3.62458 -2.62116
1.58885 -3.64886 -2.63429
1.55123 -3.66766 -2.67821
1.50776 -3.68875 -2.6897
1.46651 -3.70842 -2.69685
1.42259 -3.73208 -2.64732
1.37836 -3.75474 -2.66817
1.33436 -3.77611 -2.68953
1.29195 -3.79862 -2.65371
1.24939 -3.81843 -2.70578
1.20558 -3.83887 -2.70513
1.16356 -3.85648 -2.74466
1.11679 -3.87399 -2.78335
1.06973 -3.89053 -2.80375
1.0285 -3.90412 -2.82319
0.982312 -3.92016 -2.80729
0.934763 -3.93471 -2.8447
0.890534 -3.94612 -2.88902
0.842531 -3.96002 -2.85976
0.800362 -3.97062 -2.89542
0.756415 -3.98129 -2.9033
0.709522 -3.99151 -2.92701
0.660402 -4.00083 -2.95415
0.610949 -4.0082 -2.99351
0.561999 -4.01311 -3.04167
0.514239 -4.01559 -3.08973
0.467337 -4.01794 -3.09163
0.420682 -4.02149 -3.06557
0.379456 -4.02608 -3.03077
0.334228 -4.03148 -3.02271
0.295528 -4.03739 -2.98999
0.2494 -4.04542 -2.96936
0.204329 -4.05229 -2.99031
0.154776 -4.05847 -3.01754
0.105203 -4.06257 -3.05904
0.0640704 -4.06732 -3.02658
0.0143377 -4.07207 -3.04642
-0.0352652 -4.07765 -3.02957
-0.0783547 -4.08031 -3.07986
-0.128308 -4.08169 -3.11391
-0.175555 -4.08383 -3.09649
-0.225273 -4.08388 -3.14049
-0.275214 -4.084 -3.13923
-0.311154 -4.08418 -3.13645
-0.353626 -4.08429 -3.13916
-0.394722 -4.08275 -3.17897
-0.443412 -4.08002 3.08568
-0.487759 -4.07659 3.06427
-0.534614 -4.07278 3.06061
-0.583969 -4.06773 3.03946
-0.626581 -4.06424 3.05987
-0.676433 -4.06068 3.07035
-0.7203 -4.0576 3.07159
-0.766743 -4.0519 3.0194
-0.810479 -4.04589 3.00509
-0.852309 -4.03848 2.96619
-0.897795 -4.0316 2.99161
-0.939509 -4.02513 2.98766
-0.985253 -4.01835 2.99442
-1.03072 -4.01056 2.97186
-1.07507 -4.00429 3.00126
-1.12161 -3.99736 2.99362
-1.15762 -3.99251 3.00789
-1.20669 -3.98341 2.95817
-1.25104 -3.97506 2.95557
-1.29047 -3.9682 2.96913
-1.32438 -3.96278 2.98326
-1.3731 -3.9521 2.92565
-1.41588 -3.94258 2.92263
-1.46038 -3.93174 2.90266
-1.50833 -3.91905 2.88302
-1.54707 -3.9105 2.92443
-1.59109 -3.90158 2.94151
-1.63938 -3.88957 2.89786
-1.67874 -3.87961 2.89372
-1.72022 -3.86891 2.88921
-1.76474 -3.85603 2.85987
-1.81035 -3.84356 2.87481
-1.85838 -3.83106 2.88704
-1.90608 -3.8183 2.88013
-1.94339 -3.80671 2.84049
-1.97393 -3.79695 2.83223
-2.01641 -3.78467 2.86002
-2.06155 -3.77089 2.8454
-2.10393 -3.75716 2.82837
-2.14869 -3.74173 2.80951
-2.18602 -3.73096 2.86083
-2.22371 -3.7196 2.84878
-2.27164 -3.70642 2.87332
-2.31908 -3.69246 2.85527
-2.36593 -3.67943 2.87044
-2.40633 -3.66795 2.86463
-2.44491 -3.65647 2.85229
-2.47649 -3.64691 2.84777
-2.51566 -3.63589 2.86745
-2.55637 -3.62577 2.89783
-2.59324 -3.61792 2.93191
-2.64161 -3.60942 2.96768
-2.6729 -3.60407 2.97225
-2.70556 -3.59886 2.98313
-2.74269 -3.59214 2.96254
-2.77906 -3.58374 2.91476
-2.81659 -3.57383 2.88345
-2.86231 -3.56313 2.91172
-2.87986 -3.55917 2.91945
-2.90283 -3.55385 2.91419
-2.93474 -3.54545 2.88395
-2.95038 -3.54107 2.86893
-2.96171 -3.53772 2.85399
-3.00035 -3.52585 2.84351
-3.0412 -3.5136 2.85037
-3.06564 -3.5059 2.83615
-3.09997 -3.49495 2.83281
-3.12236 -3.48653 2.78189
-3.12886 -3.48452 2.84288
-3.1451 -3.4799 2.86388
-3.16765 -3.47381 2.87812
-3.18616 -3.46785 2.82973
-3.21829 -3.45791 2.84171
-3.25338 -3.44647 2.82649
-3.27774 -3.43861 2.82945
-3.31842 -3.42696 2.86256
-3.34317 -3.42033 2.88008
-3.36386 -3.41513 2.89504
-3.37394 -3.41268 2.90365
-3.38148 -3.41051 2.86177
-3.39698 -3.40602 2.8594
-3.4149 -3.40089 2.86258
-3.43399 -3.3953 2.85691
-3.44992 -3.3906 2.85503
-3.47427 -3.38431 2.88868
-3.49862 -3.37794 2.88553
-3.52404 -3.37 2.83884
-3.54143 -3.36422 2.82107
-3.56064 -3.35751 2.80549
-3.56836 -3.35455 2.77521
-3.59085 -3.34627 2.78865
-3.60339 -3.34119 2.7573
-3.61725 -3.33565 2.76117
-3.62975 -3.33083 2.77369
-3.64596 -3.32526 2.81046
-3.65008 -3.32397 2.83804
-3.6688 -3.3181 2.83777
-3.69081 -3.31273 2.90241
-3.7052 -3.30952 2.92211
-3.71714 -3.30672 2.91113
-3.73739 -3.30217 2.92055
-3.76198 -3.29599 2.89515
-3.78116 -3.29135 2.90448
-3.79672 -3.2875 2.89869
-3.82035 -3.28206 2.91541
-3.83959 -3.27815 2.94107
-3.85715 -3.27478 2.95204
-3.87527 -3.27169 2.97262
-3.89198 -3.26854 2.95544
-3.91348 -3.26426 2.94495
-3.93206 -3.26046 2.94021
-3.9552 -3.25475 2.89944
-3.97959 -3.24696 2.83229
-3.97848 -3.24738 2.77508
-3.9797 -3.24688 2.75076
-3.98636 -3.2442 2.75874
-3.9942 -3.24104 2.7592
-4.00638 -3.23659 2.79109
-4.02907 -3.22801 2.77992
-4.05409 -3.21718 2.73311
-4.06974 -3.21018 2.72114
-4.08123 -3.2047 2.69678
-4.08928 -3.20103 2.71387
-4.09318 -3.19906 2.67292
-4.09961 -3.19574 2.66586
-4.10061 -3.1952 2.63989
-4.10027 -3.19539 2.63162
-4.10172 -3.19454 2.61013
-4.10456 -3.19278 2.58909
-4.11435 -3.18688 2.59914
-4.12063 -3.18345 2.64135
-4.12556 -3.18088 2.66129
-4.13969 -3.17308 2.63734
-4.14532 -3.16999 2.63957
-4.1541 -3.16513 2.63581
-4.17169 -3.1562 2.67168
-4.18474 -3.1498 2.68626
-4.19588 -3.14475 2.71534
-4.19812 -3.14377 2.73184
-4.20855 -3.13953 2.75539
True
0.190291
