-5.47706 -1.71895 0.11053
-5.42718 -1.71733 0.0324376
-5.37779 -1.71742 -0.00180655
-5.32973 -1.71594 0.0306568
-5.2868 -1.71439 0.0362367
-5.23696 -1.71039 0.0801131
-5.18872 -1.70276 0.156715
-5.1473 -1.69456 0.195411
-5.09973 -1.68735 0.150567
-5.05404 -1.6797 0.165812
-5.00623 -1.6704 0.192228
-4.95717 -1.66279 0.153882
-4.90934 -1.65558 0.149439
-4.86053 -1.64877 0.138814
-4.82238 -1.6408 0.205796
-4.77771 -1.63235 0.187022
-4.73644 -1.62515 0.17253
-4.68697 -1.61813 0.141052
-4.64648 -1.61269 0.133543
-4.60035 -1.60475 0.170458
-4.55599 -1.59944 0.119143
-4.50782 -1.59179 0.157582
-4.47548 -1.58874 0.0938068
-4.42574 -1.58433 0.0884464
-4.37594 -1.58034 0.0800599
-4.33247 -1.57644 0.0895175
-4.28274 -1.5724 0.0809487
-4.2346 -1.56986 0.0528333
-4.18471 -1.56649 0.0673358
-4.13476 -1.5645 0.0397698
-4.08515 -1.56239 0.0425069
-4.03526 -1.56348 -0.0218286
-3.98663 -1.56329 0.00400797
-3.94126 -1.56402 -0.0161524
-3.89691 -1.56361 0.00933806
-3.8542 -1.56391 -0.00712924
-3.81236 -1.56247 0.0344651
-3.76254 -1.55862 0.0770645
-3.72599 -1.55576 0.0781864
-3.6777 -1.55046 0.109276
-3.62872 -1.54668 0.0770654
-3.57965 -1.54239 0.0872395
-3.53386 -1.53905 0.0726874
-3.48396 -1.53707 0.0395914
-3.43418 -1.53495 0.0425864
-3.38459 -1.53184 0.0626351
-3.33896 -1.52863 0.0702275
-3.29316 -1.52848 0.00330261
-3.24351 -1.52754 0.0189748
-3.19356 -1.52595 0.0317622
-3.14964 -1.52317 0.0633576
-3.09977 -1.5197 0.0693694
-3.05008 -1.51611 0.0721594
-3.00083 -1.51144 0.09463
-2.95108 -1.50714 0.0861369
-2.90187 -1.5037 0.0696957
-2.85977 -1.49879 0.116277
-2.80992 -1.49497 0.0763775
-2.76015 -1.49105 0.0785651
-2.71097 -1.48805 0.060976
-2.66738 -1.48623 0.041727
-2.62233 -1.48394 0.050751
-2.57786 -1.48306 0.0199085
-2.54217 -1.48292 0.00384132
-2.49351 -1.48135 0.0323261
-2.44961 -1.47912 0.0505882
-2.40411 -1.4761 0.0662969
-2.35445 -1.47563 0.00946895
-2.30623 -1.47287 0.0572178
-2.25642 -1.46969 0.0638522
-2.21573 -1.46762 0.0506682
-2.17095 -1.46555 0.0462056
-2.121 -1.46514 0.00830891
-2.08328 -1.46523 -0.00243539
-2.03351 -1.46563 -0.00806238
-1.98395 -1.46308 0.0513281
-1.93523 -1.46273 0.00732267
-1.88727 -1.46178 0.0196857
-1.84587 -1.45963 0.0518621
-1.80439 -1.45725 0.0574489
-1.75475 -1.45536 0.0380802
-1.70754 -1.45464 0.0151881
-1.66355 -1.45315 0.0339673
-1.61576 -1.45077 0.0495988
-1.56603 -1.45026 0.0102739
-1.51929 -1.44802 0.0480025
-1.46945 -1.44522 0.0560082
-1.41952 -1.4428 0.0485451
-1.37431 -1.44041 0.0527671
-1.33019 -1.43764 0.0626625
-1.28064 -1.43437 0.0658134
-1.23141 -1.43466 -0.00583018
-1.19045 -1.4326 0.0502407
-1.14699 -1.42924 0.0771022
-1.098 -1.42499 0.0867297
-1.05499 -1.41866 0.145947
-1.00651 -1.40982 0.180479
-0.961192 -1.4021 0.168758
-0.916405 -1.39514 0.153992
-0.867516 -1.38714 0.162336
-0.819052 -1.37906 0.165108
-0.773459 -1.37035 0.188868
-0.733635 -1.3602 0.249376
-0.692414 -1.35005 0.241544
-0.64394 -1.33867 0.230528
-0.601374 -1.3264 0.280782
-0.557855 -1.31513 0.253404
-0.509877 -1.30351 0.2375
-0.461388 -1.29156 0.241724
-0.412715 -1.28096 0.214442
-0.367219 -1.2724 0.185902
-0.324791 -1.26538 0.163932
-0.275411 -1.25769 0.154597
-0.233679 -1.25203 0.134815
-0.184744 -1.24453 0.152072
-0.135371 -1.23806 0.130158
-0.0933591 -1.23233 0.135751
-0.0506061 -1.22599 0.147072
-0.00510004 -1.21936 0.144768
0.0404533 -1.21263 0.146549
0.0896885 -1.20854 0.0830141
0.129308 -1.20499 0.0892424
0.179102 -1.20092 0.0816059
0.227697 -1.19605 0.0999632
0.268664 -1.19276 0.0799564
0.31744 -1.18871 0.0829729
0.367297 -1.18497 0.0747758
0.409924 -1.18333 0.0384202
0.458104 -1.18144 0.0393661
0.507916 -1.17797 0.0695577
0.557853 -1.17588 0.0416294
0.597421 -1.17135 0.114089
0.643249 -1.16348 0.170141
0.677408 -1.15878 0.136745
0.718909 -1.15127 0.178997
0.768092 -1.14416 0.143634
0.816459 -1.14109 0.0632023
0.864163 -1.13615 0.103276
0.898589 -1.13287 0.0949145
0.94826 -1.12753 0.107177
0.995163 -1.12211 0.115075
1.04306 -1.11612 0.124321
1.09278 -1.11101 0.102432
1.14221 -1.10416 0.137659
1.18934 -1.09862 0.117038
1.23202 -1.09418 0.1038
1.28114 -1.08844 0.116244
1.32968 -1.08038 0.164521
1.36957 -1.07418 0.154195
1.41777 -1.065 0.188215
1.46436 -1.05589 0.193166
1.50822 -1.04925 0.150205
1.55757 -1.04366 0.112786
1.59328 -1.03822 0.151033
1.63989 -1.03077 0.158489
1.68835 -1.02415 0.135847
1.73742 -1.01705 0.143761
1.78665 -1.00999 0.142366
1.8344 -1.00326 0.140019
1.88216 -0.999592 0.0766789
1.93195 -0.996086 0.0702876
1.98127 -0.989409 0.134569
2.03051 -0.982374 0.141897
2.07886 -0.977974 0.0907836
2.12432 -0.972197 0.126386
2.16864 -0.96842 0.0850032
2.21566 -0.964754 0.0778202
2.26479 -0.960058 0.0952945
2.31046 -0.957346 0.0593117
2.35983 -0.954618 0.0551977
2.40729 -0.951545 0.0646589
2.45129 -0.947066 0.101446
2.50103 -0.942291 0.0957187
2.54904 -0.936671 0.116512
2.59734 -0.92908 0.1559
2.64569 -0.921385 0.157816
2.68803 -0.915207 0.144909
2.7376 -0.908735 0.129835
2.78442 -0.90128 0.157902
2.8324 -0.893833 0.15397
2.87669 -0.887975 0.131512
2.92575 -0.880759 0.146013
2.97484 -0.872894 0.158896
3.02129 -0.866368 0.139558
3.06552 -0.858556 0.174823
3.10565 -0.851307 0.178714
3.14617 -0.842346 0.217641
3.1889 -0.832223 0.232603
3.23299 -0.822244 0.222578
3.28054 -0.810614 0.23991
3.30822 -0.802168 0.296147
3.33985 -0.792744 0.289547
3.37152 -0.783851 0.273781
3.40121 -0.775053 0.288075
3.43775 -0.764413 0.283382
3.47519 -0.754068 0.269587
3.50901 -0.745846 0.238463
3.55279 -0.735801 0.225513
3.58865 -0.727535 0.226573
3.62592 -0.718747 0.231558
3.66535 -0.710124 0.215303
3.71166 -0.698959 0.236572
3.7526 -0.690606 0.201281
3.79306 -0.681788 0.214607
3.82655 -0.674362 0.218161
3.84719 -0.670559 0.182197
3.87639 -0.665917 0.15771
3.91248 -0.658437 0.204324
3.95176 -0.648962 0.236723
3.98402 -0.6404 0.259363
4.00864 -0.633864 0.259549
4.03372 -0.627108 0.26313
4.06418 -0.619873 0.233221
4.09948 -0.612822 0.197127
4.11631 -0.609624 0.187792
4.12862 -0.607488 0.171748
4.13848 -0.606141 0.135925
4.16553 -0.602088 0.148722
4.19013 -0.598487 0.145309
4.20889 -0.595341 0.16623
4.23067 -0.592068 0.1491
4.24962 -0.589249 0.147698
4.27079 -0.586588 0.125066
4.30349 -0.583505 0.0939816
4.33407 -0.581248 0.0736918
4.36212 -0.578982 0.0806151
4.39589 -0.576441 0.0750782
4.41881 -0.574346 0.0911525
4.44212 -0.571237 0.132599
4.46387 -0.56884 0.109768
4.49345 -0.564354 0.150493
4.53531 -0.559117 0.124465
4.56135 -0.55676 0.0902576
4.58234 -0.556386 0.0178393
4.60418 -0.555689 0.0318959
4.63772 -0.55553 0.0047429
4.65901 -0.555631 -0.00476009
4.68571 -0.554826 0.0301586
4.71167 -0.553979 0.0326042
4.72374 -0.553695 0.0235015
4.73955 -0.552648 0.0661384
4.75744 -0.550259 0.132715
4.78512 -0.546152 0.147303
4.81531 -0.541378 0.156866
4.82299 -0.540177 0.15503
4.83929 -0.537766 0.146809
4.8582 -0.534301 0.181319
4.87358 -0.531065 0.207359
4.87701 -0.530285 0.223665
4.8999 -0.524845 0.23336
4.91199 -0.522331 0.204885
4.92313 -0.520209 0.188235
4.93671 -0.517739 0.179972
4.94812 -0.515866 0.162625
4.97396 -0.511282 0.17561
4.99197 -0.507872 0.187117
5.01089 -0.504103 0.196594
5.04294 -0.497217 0.211619
5.06904 -0.490515 0.251407
5.09684 -0.483939 0.232314
5.11893 -0.478726 0.231721
5.1268 -0.476822 0.237282
5.12451 -0.477443 0.264551
5.1365 -0.47404 0.276426
5.1411 -0.472635 0.29674
5.15158 -0.469697 0.27322
5.15491 -0.468855 0.247556
5.16484 -0.465508 0.325324
5.17885 -0.461065 0.306989
5.19982 -0.455724 0.249372
5.21125 -0.452107 0.306713
True
0.261162
