4.46741 -0.00843901 -2.8882
4.42051 -0.0243083 -2.81534
4.40175 -0.0317446 -2.76409
4.37374 -0.0454655 -2.68617
4.33217 -0.0682154 -2.64079
4.29269 -0.0920859 -2.59785
4.2521 -0.120809 -2.5257
4.23364 -0.13596 -2.45451
4.19969 -0.166377 -2.4109
4.18176 -0.18348 -2.38006
4.14886 -0.220503 -2.29724
4.11785 -0.25971 -2.23991
4.09535 -0.29325 -2.16173
4.07459 -0.326606 -2.12747
4.04935 -0.369341 -2.10431
4.02735 -0.414198 -2.02683
4.01134 -0.44583 -2.03919
3.9923 -0.489252 -1.98418
3.97143 -0.53438 -2.00387
3.96536 -0.548683 -1.97237
3.94846 -0.5891 -1.96677
3.93322 -0.623101 -1.99223
3.91538 -0.669807 -1.93559
3.89788 -0.716604 -1.92878
3.88192 -0.754419 -1.97005
3.86576 -0.801729 -1.90002
3.85039 -0.84686 -1.89898
3.83421 -0.889034 -1.93704
3.81719 -0.932792 -1.94176
3.80378 -0.969559 -1.92068
3.79333 -0.998041 -1.92226
3.77587 -1.04317 -1.93998
3.75785 -1.08981 -1.93943
3.74232 -1.12953 -1.94374
3.72515 -1.17197 -1.95521
3.70668 -1.21814 -1.95132
3.69191 -1.25342 -1.96713
3.67719 -1.29013 -1.95221
3.66855 -1.30857 -2.00876
3.65141 -1.34728 -1.98766
3.63483 -1.38486 -1.98639
3.61418 -1.42995 -2.00027
3.60211 -1.45448 -2.0282
3.57987 -1.49923 -2.03196
3.56081 -1.53733 -2.03473
3.53876 -1.58213 -2.02809
3.51845 -1.62782 -1.98912
3.50201 -1.66189 -2.02032
3.47934 -1.70646 -2.04135
3.45867 -1.7495 -2.01853
3.44491 -1.77707 -2.03373
3.4305 -1.80867 -1.99849
3.40659 -1.8524 -2.07119
3.39001 -1.88937 -1.99249
3.37516 -1.91813 -2.0473
3.35239 -1.96263 -2.0438
3.33094 -2.0054 -2.03573
3.30867 -2.0488 -2.04486
3.29022 -2.08219 -2.07547
3.26746 -2.12181 -2.09229
3.24263 -2.16489 -2.09364
3.2306 -2.18683 -2.07233
3.21951 -2.20965 -2.02327
3.1971 -2.24851 -2.0939
3.17945 -2.27815 -2.10788
3.1596 -2.31374 -2.07952
3.1388 -2.34818 -2.11428
3.12047 -2.37861 -2.11295
3.10182 -2.40569 -2.1738
3.07524 -2.44795 -2.13212
3.047 -2.48902 -2.17333
3.03475 -2.50479 -2.23109
3.01003 -2.53564 -2.24618
2.99008 -2.56043 -2.24854
2.96657 -2.58818 -2.27374
2.93551 -2.62737 -2.2409
2.90183 -2.66432 -2.31002
2.8716 -2.70181 -2.24928
2.83971 -2.73974 -2.27
2.80601 -2.77667 -2.31049
2.77337 -2.81142 -2.32489
2.75266 -2.83529 -2.28522
2.72236 -2.86705 -2.33278
2.69528 -2.8931 -2.37552
2.66298 -2.92665 -2.3372
2.62988 -2.96091 -2.33907
2.59887 -2.99225 -2.35079
2.56888 -3.02185 -2.36286
2.53289 -3.05439 -2.40639
2.49679 -3.08893 -2.37837
2.46111 -3.12389 -2.36636
2.43255 -3.14901 -2.42027
2.39354 -3.18028 -2.4658
2.3552 -3.21059 -2.47261
2.31714 -3.24241 -2.44531
2.27792 -3.27324 -2.47536
2.24089 -3.30365 -2.45409
2.19954 -3.33096 -2.5579
2.15974 -3.35445 -2.60846
2.11917 -3.37874 -2.6021
2.08045 -3.40202 -2.60022
2.03723 -3.42671 -2.62254
1.99644 -3.44924 -2.63686
1.95745 -3.47061 -2.64038
1.91513 -3.49428 -2.63166
1.87208 -3.51812 -2.63582
1.82805 -3.54176 -2.64874
1.79134 -3.56117 -2.65525
1.75006 -3.58235 -2.66751
1.70885 -3.60121 -2.71245
1.66249 -3.6199 -2.75833
1.6166 -3.63937 -2.74046
1.57191 -3.6583 -2.74086
1.53099 -3.67634 -2.72628
1.48513 -3.69626 -2.73195
1.44291 -3.71272 -2.76966
1.41242 -3.72332 -2.80709
1.36691 -3.73913 -2.80727
1.33058 -3.75101 -2.82564
1.28714 -3.76408 -2.84925
1.25428 -3.77359 -2.85998
1.20693 -3.78704 -2.86484
1.16133 -3.80014 -2.86187
1.11694 -3.81057 -2.91071
1.06838 -3.82119 -2.92621
1.03494 -3.82893 -2.91416
0.999633 -3.83658 -2.92836
0.951754 -3.84679 -2.93145
0.904154 -3.85774 -2.91546
0.857107 -3.86734 -2.94041
0.813117 -3.87498 -2.96952
0.766825 -3.8826 -2.97859
0.717686 -3.89085 -2.97515
0.668399 -3.89905 -2.97671
0.620928 -3.90909 -2.93327
0.588687 -3.91463 -2.97139
0.5439 -3.92182 -2.98232
0.494458 -3.92774 -3.02253
0.446807 -3.93228 -3.04658
0.404406 -3.93563 -3.06273
0.372018 -3.93901 -3.03767
0.322184 -3.94304 -3.06082
0.283906 -3.94554 -3.07632
0.24389 -3.94748 -3.09331
0.196265 -3.95128 -3.06192
0.16042 -3.95274 -3.10075
0.126904 -3.95521 -3.06817
0.0836246 -3.95784 -3.08098
0.0338191 -3.96218 -3.05454
-0.0104879 -3.96501 -3.07777
-0.0590513 -3.96988 -3.04181
-0.108833 -3.97455 -3.04804
-0.146071 -3.97803 -3.04826
-0.19498 -3.98224 -3.05586
-0.244685 -3.9872 -3.042
-0.294657 -3.98888 -3.108
-0.339826 -3.99024 -3.11157
-0.389237 -3.99005 -3.14541
-0.438819 -3.99179 3.1766
-0.468825 -3.99027 -3.19217
-0.500787 -3.98918 3.10756
-0.532109 -3.98649 3.05585
-0.581921 -3.98234 3.05862
-0.619906 -3.97909 3.05604
-0.661123 -3.97368 3.01107
-0.708556 -3.96514 2.9636
-0.757247 -3.95511 2.9383
-0.802445 -3.9468 2.95983
-0.851406 -3.93677 2.9396
-0.900369 -3.92693 2.94329
-0.949275 -3.91757 2.95247
-0.99186 -3.90912 2.94573
-1.04075 -3.89874 2.93239
-1.08306 -3.88935 2.92316
-1.11767 -3.88124 2.91127
-1.16297 -3.87064 2.91171
-1.20603 -3.86006 2.90071
-1.25221 -3.84657 2.85751
-1.29614 -3.83517 2.88758
-1.33738 -3.82378 2.87211
-1.38261 -3.8118 2.88273
-1.43074 -3.79829 2.86784
-1.4713 -3.7851 2.82725
-1.51552 -3.7717 2.8474
-1.56268 -3.75508 2.80277
-1.61036 -3.74005 2.83614
-1.65792 -3.72489 2.83315
-1.6989 -3.71076 2.80954
-1.74091 -3.69648 2.81391
-1.78367 -3.68076 2.78922
-1.82917 -3.66431 2.79479
-1.87514 -3.64613 2.765
-1.91812 -3.62868 2.75589
-1.96183 -3.61309 2.79883
-2.00835 -3.59526 2.77569
-2.04683 -3.58024 2.76943
-2.09045 -3.56049 2.71638
-2.13644 -3.54237 2.7663
-2.18216 -3.52357 2.75158
-2.21043 -3.51014 2.69808
-2.25189 -3.49101 2.70912
-2.29719 -3.46989 2.70549
-2.34146 -3.44677 2.66028
-2.379 -3.42533 2.62272
-2.41318 -3.40727 2.65556
-2.45403 -3.38547 2.65127
-2.49492 -3.36422 2.66235
-2.5347 -3.34291 2.64978
-2.57762 -3.32011 2.65325
-2.61676 -3.29759 2.61942
-2.65699 -3.27671 2.66291
-2.69597 -3.25514 2.6361
-2.73378 -3.23381 2.62798
-2.77128 -3.21296 2.63421
-2.80454 -3.19233 2.58637
-2.82548 -3.17978 2.60174
-2.85899 -3.16212 2.65654
-2.89132 -3.14574 2.67274
-2.92613 -3.1261 2.62781
-2.96119 -3.10555 2.61148
-2.99477 -3.08507 2.59386
-3.0345 -3.06171 2.61016
-3.06707 -3.04227 2.6034
-3.09301 -3.02792 2.6362
-3.11597 -3.01457 2.61506
-3.14301 -2.99841 2.60289
-3.18212 -2.9734 2.57267
-3.21755 -2.95161 2.59023
-3.24997 -2.93328 2.62687
-3.27845 -2.91663 2.61268
-3.31503 -2.89424 2.59234
-3.35495 -2.87112 2.61658
-3.39271 -2.8485 2.6019
-3.43168 -2.82662 2.6301
-3.46354 -2.80882 2.63184
-3.48656 -2.79589 2.63018
-3.50472 -2.78691 2.68247
-3.52177 -2.77907 2.7102
-3.54322 -2.7687 2.69146
-3.5525 -2.76375 2.65081
-3.56705 -2.75607 2.65631
-3.58127 -2.74857 2.65608
-3.57852 -2.75012 2.62779
-3.59359 -2.74162 2.62801
-3.59938 -2.73816 2.60271
-3.60791 -2.73218 2.53023
-3.61351 -2.72798 2.49819
-3.62539 -2.71887 2.48718
-3.63037 -2.71492 2.47113
-3.64308 -2.70405 2.43398
-3.65962 -2.68966 2.42571
-3.66525 -2.68477 2.42706
-3.68116 -2.67055 2.41208
-3.68981 -2.66261 2.39867
-3.69893 -2.65441 2.40981
-3.71236 -2.6418 2.38748
-3.73094 -2.62384 2.37327
-3.73921 -2.6164 2.40867
-3.75639 -2.60193 2.44158
-3.77164 -2.58863 2.42447
-3.7861 -2.57667 2.45047
-3.80438 -2.56143 2.44674
-3.81744 -2.55041 2.44042
-3.82498 -2.5441 2.44506
-3.84282 -2.52955 2.45769
-3.85644 -2.51856 2.46239
-3.86927 -2.50944 2.5235
-3.88489 -2.49858 2.53417
-3.89961 -2.48778 2.50849
-3.90862 -2.48057 2.46648
-3.91472 -2.47542 2.44131
-3.92895 -2.46458 2.49059
-3.94415 -2.45305 2.49261
-3.95272 -2.44656 2.49367
-3.96161 -2.44042 2.53729
-3.97355 -2.43247 2.55398
-3.98087 -2.4276 2.55392
-3.99165 -2.42091 2.58638
-4.0028 -2.41341 2.54986
-4.01258 -2.40719 2.57458
-4.02666 -2.39818 2.57221
-4.04061 -2.38896 2.55756
-4.05198 -2.38148 2.56021
-4.07316 -2.3684 2.58826
-4.0913 -2.35764 2.60613
-4.11469 -2.34408 2.6162
-4.1306 -2.33554 2.64941
-4.14119 -2.32972 2.63872
-4.15674 -2.3217 2.66535
-4.15704 -2.32156 2.69675
-4.16773 -2.31658 2.70592
-4.17936 -2.31038 2.65182
-4.1979 -2.29909 2.59467
-4.21277 -2.28976 2.58092
-4.22038 -2.28441 2.52936
-4.22372 -2.28188 2.49265
-4.22574 -2.28038 2.50406
-4.23222 -2.27561 2.50667
-4.24078 -2.26839 2.44129
-4.25078 -2.25935 2.4061
-4.26337 -2.24653 2.34723
-4.2754 -2.23403 2.33703
True
0.177347
