-5.46936 -0.907945 0.331671
-5.4301 -0.89479 0.323294
-5.38825 -0.880304 0.333201
-5.34108 -0.864074 0.331438
-5.2961 -0.847055 0.361695
-5.25246 -0.832397 0.324006
-5.20552 -0.815592 0.343816
-5.16626 -0.80119 0.351593
-5.1218 -0.784361 0.361838
-5.07634 -0.763565 0.429042
-5.0306 -0.743525 0.412935
-4.98474 -0.724443 0.394281
-4.94083 -0.706938 0.379349
-4.89771 -0.687323 0.426922
-4.85285 -0.666973 0.425893
-4.81095 -0.651646 0.350692
-4.76459 -0.633828 0.366896
-4.71892 -0.617247 0.348325
-4.67437 -0.601761 0.33454
-4.62683 -0.58942 0.253985
-4.58579 -0.577337 0.286328
-4.54085 -0.562926 0.310326
-4.49431 -0.54799 0.310496
-4.44906 -0.53497 0.28022
-4.40515 -0.523395 0.257685
-4.3617 -0.510633 0.285701
-4.31391 -0.49674 0.282945
-4.27458 -0.484926 0.291783
-4.23357 -0.472128 0.302505
-4.18606 -0.456601 0.315856
-4.13918 -0.441196 0.317509
-4.09407 -0.426606 0.312787
-4.04848 -0.413181 0.286373
-4.00165 -0.395709 0.357111
-3.95693 -0.38118 0.314138
-3.91224 -0.366912 0.309036
-3.86657 -0.351166 0.332026
-3.82114 -0.334187 0.357681
-3.77576 -0.316152 0.378245
-3.73116 -0.299959 0.348246
-3.68583 -0.281318 0.39016
-3.63938 -0.2641 0.355007
-3.5944 -0.247315 0.357169
-3.5469 -0.232134 0.309322
-3.50249 -0.217793 0.312347
-3.45584 -0.205466 0.258333
-3.41859 -0.195155 0.270031
-3.38645 -0.185175 0.301152
-3.33957 -0.168983 0.332524
-3.29325 -0.152474 0.342381
-3.24949 -0.138727 0.304391
-3.21799 -0.128646 0.309756
-3.17115 -0.112116 0.33923
-3.12862 -0.0993377 0.291854
-3.08264 -0.0842246 0.317588
-3.03566 -0.0684692 0.323584
-2.99593 -0.0539614 0.350102
-2.95164 -0.0379535 0.346813
-2.90557 -0.019846 0.374539
-2.85954 -0.000555471 0.396837
-2.81489 0.0182863 0.399286
-2.7688 0.0376679 0.398074
-2.72583 0.0545687 0.374747
-2.67974 0.0720574 0.362686
-2.63369 0.0913666 0.396976
-2.59014 0.108132 0.367507
-2.54391 0.125028 0.350376
-2.50657 0.139059 0.359425
-2.46003 0.155131 0.332563
-2.41375 0.173839 0.384117
-2.36641 0.189822 0.325658
-2.32046 0.209302 0.400891
-2.28503 0.221769 0.338345
-2.244 0.236169 0.337545
-2.19693 0.252961 0.342715
-2.1559 0.268058 0.352538
-2.10969 0.283749 0.32735
-2.06375 0.297749 0.295837
-2.01912 0.313226 0.333756
-1.97266 0.327843 0.304812
-1.92559 0.342445 0.300832
-1.88026 0.356417 0.299002
-1.83993 0.369576 0.315326
-1.79434 0.386823 0.361727
-1.74991 0.402328 0.335739
-1.70326 0.419388 0.350582
-1.6633 0.432969 0.3276
-1.62131 0.446771 0.317601
-1.58447 0.461625 0.383229
-1.53756 0.478925 0.353343
-1.49017 0.492435 0.277721
-1.44222 0.504562 0.247709
-1.40041 0.515906 0.264929
-1.35196 0.52672 0.219601
-1.3042 0.539819 0.267685
-1.25925 0.550449 0.23225
-1.21089 0.56249 0.243998
-1.16708 0.572113 0.216221
-1.13021 0.580732 0.229672
-1.08322 0.590212 0.199048
-1.03443 0.600942 0.216475
-1.00078 0.609443 0.247499
-0.955481 0.622752 0.285739
-0.910723 0.636513 0.298293
-0.872625 0.649246 0.322539
-0.829744 0.661756 0.283848
-0.786122 0.673563 0.264331
-0.742269 0.686359 0.283916
-0.696255 0.697001 0.227289
-0.647468 0.705892 0.180263
-0.613235 0.712167 0.181287
-0.574727 0.718986 0.175263
-0.529184 0.726175 0.15656
-0.47981 0.733839 0.153983
-0.437106 0.741032 0.16689
-0.403365 0.745616 0.13503
-0.359178 0.752263 0.149308
-0.312801 0.760855 0.183176
-0.263255 0.765525 0.0939872
-0.214097 0.770071 0.0922191
-0.164473 0.776033 0.119561
-0.123654 0.78006 0.0983317
-0.0752063 0.788178 0.166031
-0.0265659 0.798754 0.21409
0.0172913 0.806731 0.179917
0.0634294 0.815208 0.181703
0.112382 0.825331 0.203929
0.153058 0.83512 0.236171
0.199441 0.845895 0.22824
0.239908 0.856032 0.245452
0.287413 0.868115 0.249071
0.327176 0.878694 0.26003
0.375607 0.891025 0.24931
0.422066 0.90431 0.278522
0.469046 0.919293 0.308726
0.516182 0.932269 0.268625
0.563756 0.947541 0.310626
0.608035 0.962245 0.320634
0.655036 0.97869 0.336577
0.698286 0.991794 0.294172
0.731288 1.00163 0.289778
0.778704 1.01463 0.267465
0.826353 1.02592 0.232793
0.874133 1.03687 0.225183
0.920261 1.04833 0.243532
0.968009 1.06151 0.269323
1.01588 1.07572 0.288599
1.06063 1.08843 0.276727
1.10792 1.1044 0.325615
1.15401 1.12349 0.392629
1.18486 1.13513 0.360794
1.23131 1.15301 0.367602
1.27661 1.17365 0.427337
1.32227 1.19396 0.418554
1.36657 1.21485 0.440713
1.4078 1.23102 0.373849
1.45397 1.24974 0.385102
1.4793 1.26012 0.38912
1.52447 1.27624 0.342601
1.55808 1.28878 0.357266
1.5956 1.30348 0.373373
1.64142 1.32341 0.4103
1.6821 1.3396 0.378711
1.72167 1.3537 0.34241
1.76214 1.36778 0.334721
1.80197 1.37959 0.288368
1.84582 1.3946 0.329687
1.88834 1.40955 0.338109
1.93545 1.42619 0.339604
1.98244 1.44318 0.346958
2.02566 1.45878 0.346379
2.06302 1.47347 0.374602
2.1093 1.49234 0.387049
2.15534 1.51172 0.39842
2.20147 1.53078 0.39185
2.24577 1.5526 0.4577
2.28498 1.57087 0.436005
2.32855 1.59079 0.428962
2.37313 1.61 0.406768
2.41411 1.62424 0.334364
2.43315 1.63145 0.362104
2.46983 1.64848 0.434731
2.51287 1.66872 0.439511
2.55491 1.68598 0.389587
2.6016 1.70356 0.360116
2.64613 1.71985 0.350638
2.69307 1.7366 0.342773
2.7385 1.75475 0.38024
2.78478 1.7735 0.384884
2.82599 1.78808 0.339941
2.87029 1.80651 0.394377
2.9163 1.82533 0.388123
2.95472 1.84101 0.387695
2.99191 1.85767 0.421089
3.03262 1.8737 0.375071
3.07949 1.89077 0.349415
3.12375 1.90788 0.36867
3.16544 1.92265 0.340499
3.20212 1.93668 0.365411
3.24005 1.95038 0.34652
3.28467 1.96652 0.347092
3.32752 1.9818 0.342721
3.37358 1.99896 0.35651
3.42066 2.01563 0.340353
3.45659 2.02956 0.369863
3.48456 2.0403 0.36656
3.51835 2.05341 0.370082
3.54635 2.06363 0.349924
3.5847 2.0779 0.356399
3.61778 2.09027 0.357693
3.65158 2.10037 0.290315
3.6889 2.11167 0.293977
3.72356 2.12257 0.304878
3.76531 2.13589 0.308725
3.8073 2.15141 0.354007
3.84103 2.1653 0.39074
3.87448 2.1788 0.383494
3.90107 2.1891 0.369622
3.94081 2.20405 0.359783
3.97557 2.21666 0.347949
4.00463 2.22665 0.331161
4.02607 2.23463 0.356364
4.04907 2.24331 0.361138
4.09282 2.25727 0.308782
4.11896 2.26438 0.265559
4.14245 2.27086 0.269143
4.17974 2.28168 0.282387
4.20167 2.28845 0.29956
4.22558 2.29614 0.31119
4.26811 2.31029 0.321213
4.31425 2.32565 0.32132
4.34072 2.33353 0.28911
4.36252 2.34015 0.295159
4.38609 2.34704 0.284259
4.39448 2.34975 0.313115
4.403 2.35206 0.264547
4.42224 2.35784 0.291622
4.44381 2.36478 0.311384
4.45608 2.36889 0.323377
4.46568 2.37201 0.313858
4.47262 2.37437 0.328282
4.4762 2.37561 0.333843
4.49614 2.38248 0.331494
4.51586 2.38946 0.340438
4.52791 2.39398 0.358998
4.5513 2.40317 0.37431
4.57423 2.41298 0.404251
4.59386 2.42159 0.413147
4.60987 2.42772 0.365439
4.6413 2.43991 0.370214
4.67078 2.45077 0.352808
4.70851 2.46336 0.322061
4.74707 2.47666 0.332229
4.77311 2.48514 0.314874
4.80601 2.49574 0.311496
4.84313 2.50925 0.349025
4.87318 2.52165 0.391394
4.8945 2.53087 0.408409
4.92686 2.54529 0.419139
4.95894 2.55863 0.394137
4.96895 2.5634 0.444714
4.97923 2.56846 0.457083
4.98241 2.57023 0.507721
4.98687 2.57282 0.526423
4.99952 2.58044 0.541985
5.00062 2.5811 0.544209
5.01191 2.5888 0.598581
5.02077 2.59461 0.580516
5.02708 2.59846 0.5468
5.03367 2.60229 0.527225
5.04483 2.60856 0.511642
5.07035 2.62232 0.494584
5.0782 2.62664 0.50304
5.08571 2.63042 0.46705
5.08997 2.63266 0.483189
5.09379 2.63459 0.468438
5.09741 2.636 0.371234
5.10388 2.63815 0.32014
5.10968 2.63992 0.295732
5.12382 2.64446 0.310609
5.13544 2.64831 0.319868
5.13789 2.64902 0.283636
5.1411 2.65 0.298049
5.14432 2.65093 0.280237
5.15928 2.65589 0.319799
5.17414 2.66121 0.344079
5.19025 2.66694 0.341736
5.19233 2.66773 0.360609
5.20028 2.6707 0.357731
5.20784 2.67347 0.351825
5.20749 2.67335 0.342312
5.21508 2.67582 0.314472
True
0.258347
