-5.46037 1.06596 -0.384596
-5.41407 1.04752 -0.379029
-5.36775 1.03126 -0.337652
-5.32237 1.01362 -0.370728
-5.27421 1.00028 -0.270139
-5.22796 0.986587 -0.287922
-5.18707 0.974175 -0.294765
-5.14432 0.963286 -0.249373
-5.098 0.951162 -0.256019
-5.04979 0.938058 -0.265406
-5.00246 0.923967 -0.289357
-4.95402 0.911778 -0.246537
-4.90611 0.898182 -0.276482
-4.86275 0.884461 -0.306466
-4.8147 0.87069 -0.279096
-4.76669 0.857032 -0.277203
-4.7192 0.841686 -0.312533
-4.67901 0.82786 -0.331319
-4.63515 0.811681 -0.353409
-4.58861 0.794971 -0.344713
-4.544 0.777107 -0.380843
-4.5016 0.759088 -0.401907
-4.45743 0.739848 -0.410788
-4.41119 0.721128 -0.384704
-4.37286 0.706435 -0.366042
-4.33292 0.693157 -0.320943
-4.29157 0.676062 -0.392032
-4.24565 0.656785 -0.397419
-4.20276 0.636932 -0.433594
-4.15796 0.614839 -0.458155
-4.11429 0.590721 -0.504572
-4.07195 0.568264 -0.487666
-4.02798 0.544526 -0.495011
-3.98426 0.520535 -0.5019
-3.94068 0.496414 -0.505449
-3.89597 0.474043 -0.463945
-3.85169 0.450943 -0.480895
-3.80838 0.428621 -0.475857
-3.76371 0.407473 -0.442142
-3.72068 0.388396 -0.41731
-3.68244 0.370074 -0.446827
-3.64944 0.355212 -0.423207
-3.60393 0.335957 -0.400256
-3.56173 0.319039 -0.381233
-3.52675 0.30523 -0.376011
-3.47971 0.288368 -0.344185
-3.43349 0.269556 -0.38651
-3.40152 0.254858 -0.430929
-3.35572 0.234899 -0.411036
-3.30979 0.215209 -0.404978
-3.26439 0.194865 -0.421301
-3.22951 0.179074 -0.42507
-3.18409 0.15818 -0.431163
-3.14696 0.142688 -0.395252
-3.10146 0.123985 -0.390051
-3.06509 0.109136 -0.387536
-3.01897 0.0914995 -0.365279
-2.98249 0.0766452 -0.386713
-2.94024 0.0575838 -0.42376
-2.89607 0.0388391 -0.401354
-2.85419 0.0199263 -0.424161
-2.8119 0.00093777 -0.422057
-2.77307 -0.0161992 -0.415603
-2.7331 -0.0328188 -0.394085
-2.68816 -0.0497402 -0.360117
-2.6503 -0.0649966 -0.383024
-2.61206 -0.0795453 -0.363563
-2.56642 -0.0975865 -0.376466
-2.52097 -0.118332 -0.428214
-2.47666 -0.138382 -0.424897
-2.43008 -0.156478 -0.370514
-2.3866 -0.175506 -0.412533
-2.34115 -0.195743 -0.4189
-2.29493 -0.214589 -0.387193
-2.24792 -0.230744 -0.330993
-2.20695 -0.244649 -0.327212
-2.16027 -0.261298 -0.342581
-2.11983 -0.275837 -0.345135
-2.08198 -0.29131 -0.388069
-2.03631 -0.308899 -0.367595
-1.99262 -0.324972 -0.352574
-1.94712 -0.34159 -0.350141
-1.90467 -0.356408 -0.335836
-1.85887 -0.370869 -0.305884
-1.81845 -0.385347 -0.343907
-1.77481 -0.400908 -0.34251
-1.73515 -0.414552 -0.331362
-1.68812 -0.430973 -0.335974
-1.6441 -0.446955 -0.348208
-1.59922 -0.464238 -0.367595
-1.55359 -0.482556 -0.381739
-1.52462 -0.494238 -0.383337
-1.47919 -0.513597 -0.402854
-1.4348 -0.536247 -0.471809
-1.394 -0.557678 -0.483629
-1.35301 -0.58176 -0.531201
-1.30882 -0.604952 -0.483288
-1.26721 -0.626714 -0.48183
-1.22305 -0.649026 -0.46787
-1.18213 -0.669316 -0.460301
-1.14472 -0.687782 -0.458522
-1.10443 -0.707351 -0.452147
-1.06817 -0.724396 -0.439503
-1.02498 -0.745211 -0.449103
-0.994846 -0.759347 -0.438574
-0.94884 -0.77891 -0.402064
-0.90443 -0.799351 -0.431369
-0.858012 -0.817822 -0.378718
-0.822241 -0.831529 -0.365934
-0.782883 -0.849479 -0.427878
-0.737005 -0.869278 -0.407413
-0.704688 -0.883409 -0.412215
-0.6626 -0.901909 -0.41414
-0.621987 -0.920492 -0.429119
-0.577786 -0.941658 -0.446603
-0.533113 -0.963188 -0.449091
-0.489001 -0.985596 -0.470019
-0.444431 -1.00645 -0.437655
-0.398687 -1.02596 -0.403025
-0.369351 -1.03845 -0.402596
-0.323883 -1.05786 -0.403461
-0.277211 -1.07539 -0.359331
-0.231816 -1.09116 -0.334334
-0.191725 -1.10366 -0.302187
-0.153172 -1.11678 -0.328187
-0.107403 -1.13277 -0.335987
-0.0659552 -1.14513 -0.289807
-0.0180043 -1.15911 -0.283776
0.0291466 -1.17342 -0.294637
0.0697522 -1.18733 -0.329987
0.117033 -1.20348 -0.329149
0.15402 -1.21524 -0.307952
0.201278 -1.23091 -0.320041
0.241001 -1.24338 -0.304322
0.2827 -1.25536 -0.279775
0.330226 -1.26892 -0.277907
0.378071 -1.28164 -0.259845
0.424497 -1.29398 -0.25983
0.471932 -1.30979 -0.321648
0.518427 -1.32547 -0.325339
0.562159 -1.34036 -0.32818
0.609214 -1.35456 -0.292939
0.656607 -1.36936 -0.30284
0.698334 -1.38391 -0.335459
0.7452 -1.40103 -0.350233
0.792286 -1.41776 -0.341338
0.832937 -1.4338 -0.375898
0.876849 -1.45024 -0.358177
0.916225 -1.46545 -0.368641
0.961195 -1.48434 -0.397664
1.00705 -1.50378 -0.40106
1.05189 -1.52488 -0.439635
1.08921 -1.54025 -0.390668
1.13607 -1.55767 -0.356137
1.18188 -1.57403 -0.342813
1.22392 -1.58722 -0.304186
1.26842 -1.60192 -0.318927
1.31423 -1.61734 -0.324823
1.35759 -1.63347 -0.356041
1.4019 -1.64857 -0.328374
1.44891 -1.66527 -0.341346
1.49609 -1.6809 -0.320011
1.54254 -1.69922 -0.375631
1.58759 -1.71696 -0.375159
1.63111 -1.73452 -0.383552
1.67702 -1.75413 -0.403705
1.72282 -1.77405 -0.410267
1.76863 -1.79385 -0.407928
1.81441 -1.81193 -0.376196
1.85988 -1.83133 -0.403097
1.90727 -1.84727 -0.324442
1.95257 -1.86321 -0.338433
1.99799 -1.87724 -0.299519
2.03975 -1.88985 -0.293291
2.08607 -1.90529 -0.321767
2.13091 -1.92091 -0.335247
2.17817 -1.93506 -0.29095
2.22217 -1.94824 -0.290968
2.25981 -1.96055 -0.316242
2.3041 -1.97422 -0.299182
2.35179 -1.98832 -0.287464
2.39245 -2.00103 -0.303104
2.43476 -2.01375 -0.291879
2.48161 -2.03081 -0.349351
2.52604 -2.04799 -0.368935
2.57323 -2.06382 -0.323681
2.61747 -2.07967 -0.343906
2.66288 -2.09388 -0.303341
2.70849 -2.10893 -0.318688
2.75245 -2.12066 -0.260801
2.79974 -2.1369 -0.330861
2.83034 -2.14607 -0.291027
2.87799 -2.16111 -0.30588
2.91893 -2.1747 -0.32048
2.96556 -2.19006 -0.318103
3.00163 -2.20224 -0.325763
3.04742 -2.2178 -0.327597
3.0736 -2.22759 -0.35793
3.10969 -2.24011 -0.333824
3.15627 -2.25824 -0.371172
3.20104 -2.2765 -0.387196
3.2463 -2.29413 -0.371424
3.29316 -2.3111 -0.347567
3.3374 -2.33113 -0.425013
3.38213 -2.35347 -0.463265
3.4252 -2.37457 -0.455558
3.46816 -2.39461 -0.436469
3.51191 -2.41874 -0.503939
3.5465 -2.43665 -0.477695
3.5906 -2.46012 -0.489127
3.63037 -2.48209 -0.504697
3.67131 -2.5053 -0.515925
3.69264 -2.51762 -0.523724
3.73407 -2.54176 -0.527489
3.75116 -2.5515 -0.518172
3.77645 -2.56649 -0.534868
3.81778 -2.59197 -0.552435
3.85387 -2.61276 -0.5227
3.89608 -2.63525 -0.489611
3.91466 -2.64514 -0.488857
3.9436 -2.66074 -0.494597
3.96771 -2.67282 -0.46437
3.99399 -2.68658 -0.48224
4.02015 -2.70053 -0.489944
4.04571 -2.7147 -0.506099
4.06894 -2.72754 -0.505219
4.11004 -2.75229 -0.542021
4.1505 -2.77677 -0.544173
4.18065 -2.79619 -0.571933
4.22088 -2.82031 -0.540195
4.24286 -2.83345 -0.538913
4.27172 -2.85005 -0.522057
4.3031 -2.86982 -0.562047
4.32912 -2.8849 -0.525327
4.36751 -2.90552 -0.492754
4.39984 -2.92139 -0.456392
4.43659 -2.93903 -0.447583
4.48214 -2.95859 -0.405602
4.51027 -2.97063 -0.404284
4.53859 -2.98232 -0.391582
4.57134 -2.99499 -0.369177
4.59089 -3.00237 -0.36095
4.61688 -3.01195 -0.353264
4.64573 -3.02339 -0.377445
4.67583 -3.03539 -0.379461
4.70642 -3.04743 -0.375004
4.74639 -3.06294 -0.369969
4.77542 -3.07359 -0.351624
4.79476 -3.08079 -0.356396
4.83082 -3.09447 -0.362632
4.8564 -3.10406 -0.358622
4.87854 -3.1123 -0.356355
4.88457 -3.11444 -0.340844
4.89558 -3.11845 -0.349837
4.90615 -3.12218 -0.338936
4.91898 -3.12638 -0.316177
4.92535 -3.12828 -0.289938
4.93704 -3.13177 -0.290146
4.94293 -3.1336 -0.301126
4.95262 -3.13627 -0.269596
4.96025 -3.13825 -0.253218
4.9736 -3.14157 -0.243546
4.99307 -3.14658 -0.252105
5.00857 -3.15119 -0.289179
5.03643 -3.15977 -0.298588
5.05139 -3.16493 -0.332135
5.05923 -3.16795 -0.36783
5.07986 -3.17771 -0.441999
5.09278 -3.18523 -0.52708
5.11623 -3.19789 -0.495113
5.13099 -3.20705 -0.555405
5.1481 -3.21805 -0.571107
5.15898 -3.22461 -0.542376
5.16445 -3.2278 -0.528195
5.16295 -3.22691 -0.534969
5.17049 -3.23085 -0.481888
5.18027 -3.23567 -0.458158
5.20441 -3.24707 -0.441023
True
0.070537
