-5.46448 -1.5343 -0.0282974
-5.41458 -1.5318 0.0501294
-5.37449 -1.52937 0.0605831
-5.32861 -1.52887 0.0108293
-5.28098 -1.52473 0.0866162
-5.23439 -1.52248 0.0484182
-5.19258 -1.52124 0.0294922
-5.14259 -1.52046 0.0157408
-5.09259 -1.52043 0.000540244
-5.06001 -1.51845 0.0607586
-5.01788 -1.51632 0.0503306
-4.96933 -1.51496 0.028026
-4.92107 -1.51367 0.0266984
-4.87404 -1.51054 0.0665034
-4.82838 -1.50826 0.0500242
-4.78071 -1.50609 0.0454236
-4.73072 -1.50544 0.0129445
-4.68164 -1.50218 0.066378
-4.64252 -1.50153 0.016647
-4.60076 -1.49886 0.063759
-4.55118 -1.49797 0.0180199
-4.50923 -1.49638 0.0378807
-4.45928 -1.49589 0.00973849
-4.41838 -1.49451 0.0338522
-4.37847 -1.49293 0.0395711
-4.33199 -1.49126 0.0359268
-4.28199 -1.49178 -0.010467
-4.23369 -1.4905 0.0265336
-4.18476 -1.4866 0.0795822
-4.13509 -1.48476 0.0369915
-4.08591 -1.48338 0.0279151
-4.03637 -1.48245 0.0187613
-3.98763 -1.48113 0.027154
-3.9423 -1.47871 0.0533338
-3.89357 -1.47953 -0.0168582
-3.84876 -1.47956 -0.000593742
-3.79946 -1.48147 -0.0386474
-3.74971 -1.48335 -0.0378864
-3.7011 -1.48444 -0.0223731
-3.65209 -1.48565 -0.0247513
-3.60217 -1.48757 -0.0383349
-3.5685 -1.48685 0.0214011
-3.52114 -1.48549 0.028597
-3.47114 -1.48491 0.0115817
-3.42358 -1.48871 -0.0796165
-3.37425 -1.49286 -0.0839346
-3.33026 -1.49459 -0.0394471
-3.28434 -1.49556 -0.0210496
-3.23634 -1.49565 -0.00186495
-3.20254 -1.49595 -0.0087854
-3.15335 -1.49828 -0.0474118
-3.10375 -1.50397 -0.114213
-3.0542 -1.51029 -0.126774
-3.00445 -1.51497 -0.0939635
-2.9666 -1.51752 -0.0670265
-2.9242 -1.51948 -0.0462232
-2.88067 -1.52264 -0.0726102
-2.83078 -1.52579 -0.0629328
-2.78469 -1.5267 -0.0198456
-2.73885 -1.52803 -0.0288726
-2.6889 -1.53025 -0.0444459
-2.64376 -1.53072 -0.0103964
-2.59572 -1.53133 -0.01287
-2.54625 -1.53102 0.00637462
-2.4963 -1.53222 -0.024079
-2.44651 -1.53285 -0.0126821
-2.39679 -1.53282 0.000778371
-2.34686 -1.53227 0.0108312
-2.30364 -1.53285 -0.0134014
-2.25428 -1.53605 -0.0647307
-2.2074 -1.53798 -0.0411359
-2.15861 -1.54115 -0.064779
-2.11006 -1.54228 -0.0233737
-2.06179 -1.54646 -0.0863267
-2.01901 -1.55042 -0.0922435
-1.96912 -1.55367 -0.0651918
-1.91931 -1.558 -0.0865991
-1.86951 -1.56253 -0.0907589
-1.82008 -1.56598 -0.06962
-1.77307 -1.57016 -0.0886582
-1.72656 -1.57364 -0.0747811
-1.68183 -1.57851 -0.108425
-1.63335 -1.57928 -0.0158714
-1.58743 -1.581 -0.0375111
-1.53824 -1.58243 -0.0290265
-1.49027 -1.5841 -0.0348148
-1.44651 -1.58533 -0.0279507
-1.40008 -1.58629 -0.0208713
-1.35524 -1.58724 -0.0211343
-1.31619 -1.58911 -0.0479053
-1.2665 -1.58992 -0.0161903
-1.2167 -1.58973 0.00385537
-1.16718 -1.5901 -0.0075107
-1.11951 -1.5899 0.00421692
-1.07546 -1.59043 -0.0120208
-1.02644 -1.59156 -0.0231971
-0.976948 -1.59266 -0.0221922
-0.927677 -1.59396 -0.0264069
-0.89293 -1.59507 -0.0317711
-0.855674 -1.59638 -0.035125
-0.805706 -1.59484 0.0307564
-0.762911 -1.59192 0.0680751
-0.713469 -1.58838 0.0715474
-0.66598 -1.58397 0.092492
-0.620334 -1.58209 0.0412629
-0.571482 -1.5808 0.0263319
-0.532616 -1.57888 0.0493704
-0.485356 -1.57649 0.0506945
-0.436992 -1.57511 0.0284663
-0.387906 -1.57339 0.0349087
-0.337956 -1.57124 0.0431169
-0.288208 -1.57078 0.00912868
-0.248012 -1.57003 0.0188738
-0.19883 -1.56923 0.0161588
-0.149347 -1.56742 0.0366036
-0.1028 -1.56529 0.0457963
-0.0531297 -1.56208 0.0643677
-0.00755545 -1.55957 0.0551632
0.0419009 -1.55639 0.0641208
0.088244 -1.55402 0.0510841
0.137248 -1.55135 0.0544042
0.187071 -1.54822 0.0627303
0.230183 -1.54795 0.00645635
0.280029 -1.54461 0.0667865
0.329732 -1.54101 0.0723195
0.372379 -1.53725 0.0880814
0.421805 -1.53247 0.0963644
0.46862 -1.53004 0.0517517
0.51492 -1.52812 0.0414592
0.550406 -1.52637 0.0494386
0.59573 -1.52733 -0.0212396
0.645597 -1.52756 -0.00468095
0.679874 -1.52831 -0.0218363
0.718395 -1.53057 -0.0585031
0.764425 -1.53596 -0.116595
0.811925 -1.54164 -0.119111
0.861414 -1.54744 -0.116574
0.90888 -1.55386 -0.134469
0.942873 -1.55567 -0.0532939
0.988175 -1.55873 -0.0673146
1.03766 -1.56133 -0.0524706
1.08664 -1.56415 -0.0576031
1.13529 -1.56715 -0.0615613
1.17798 -1.56964 -0.0582947
1.22256 -1.57077 -0.0253828
1.26734 -1.57068 0.00206908
1.31718 -1.57292 -0.0448775
1.35801 -1.57371 -0.0194217
1.39503 -1.5751 -0.0374151
1.44435 -1.57755 -0.0496407
1.49424 -1.58081 -0.0652202
1.54382 -1.58719 -0.128145
1.59073 -1.59365 -0.136722
1.6361 -1.60011 -0.141541
1.68202 -1.60426 -0.0901185
1.72301 -1.60715 -0.070297
1.77005 -1.60946 -0.0491116
1.81396 -1.61116 -0.0387189
1.85189 -1.61373 -0.0675679
1.90055 -1.61701 -0.0673746
1.95053 -1.61764 -0.0126413
1.99698 -1.61697 0.0146074
2.04687 -1.61584 0.0225416
2.09682 -1.61515 0.0138126
2.1369 -1.61511 0.00113777
2.18247 -1.61469 0.00909638
2.23067 -1.61432 0.00770172
2.27844 -1.61435 -0.000655163
2.32415 -1.61308 0.027731
2.37018 -1.6129 0.00391804
2.41525 -1.61161 0.0286719
2.46475 -1.61173 -0.00240383
2.51467 -1.60966 0.0414674
2.56106 -1.60929 0.00799095
2.61017 -1.60853 0.0153764
2.65874 -1.60965 -0.0229688
2.70174 -1.61223 -0.0600977
2.74536 -1.6134 -0.0267027
2.78162 -1.61313 0.00746187
2.82815 -1.61359 -0.00996253
2.87805 -1.61534 -0.0350175
2.90837 -1.61692 -0.0519261
2.95089 -1.6185 -0.037216
2.99504 -1.6217 -0.0722884
3.04361 -1.62628 -0.094148
3.09342 -1.6307 -0.0885147
3.14222 -1.63248 -0.0364235
3.19215 -1.6337 -0.0244397
3.24133 -1.63244 0.0256729
3.28039 -1.63239 0.00121436
3.3303 -1.63258 -0.00370334
3.37059 -1.633 -0.0105384
3.41308 -1.63216 0.0197557
3.44547 -1.63132 0.0260823
3.49404 -1.62913 0.0450365
3.52903 -1.62842 0.0203225
3.56288 -1.62837 0.00134105
3.6065 -1.62811 0.00597307
3.63934 -1.62752 0.01785
3.66562 -1.62749 0.00115978
3.68689 -1.62725 0.0114361
3.72754 -1.6271 0.00379646
3.74776 -1.62737 -0.0133761
3.76153 -1.62778 -0.0296844
3.78809 -1.62779 -0.000612609
3.80796 -1.62873 -0.0473936
3.80904 -1.62883 -0.0849601
3.82253 -1.62937 -0.0402959
3.83069 -1.63005 -0.0836246
3.85899 -1.63312 -0.107973
3.89154 -1.63626 -0.0961953
3.91745 -1.63805 -0.0689446
3.93215 -1.6391 -0.0709594
3.93603 -1.63927 -0.0441891
3.93501 -1.63926 -0.00873184
3.93882 -1.63942 -0.0421586
3.95035 -1.64006 -0.0558095
3.96607 -1.64074 -0.0430547
3.98294 -1.64082 -0.00440759
4.00722 -1.64001 0.0330614
4.02691 -1.63976 0.0126827
4.07027 -1.64013 -0.00852669
4.10824 -1.64225 -0.0556365
4.15495 -1.64685 -0.0981227
4.197 -1.65107 -0.100156
4.2454 -1.65751 -0.132267
4.27948 -1.66184 -0.126488
4.30548 -1.66548 -0.139029
4.33053 -1.66904 -0.141163
4.36157 -1.67318 -0.132681
4.40647 -1.67729 -0.0911498
4.43804 -1.68057 -0.103438
4.46361 -1.68327 -0.105435
4.49234 -1.68605 -0.0964556
4.51599 -1.68796 -0.080493
4.52948 -1.68877 -0.0598215
4.54388 -1.68989 -0.0780802
4.55623 -1.69089 -0.0804512
4.55863 -1.69123 -0.139769
4.57369 -1.69382 -0.170423
4.60168 -1.70076 -0.243115
4.61743 -1.70416 -0.212826
4.63239 -1.70724 -0.2028
4.65237 -1.71084 -0.17817
4.67929 -1.71534 -0.165694
4.7097 -1.71987 -0.147804
4.7424 -1.72374 -0.117714
4.76175 -1.72644 -0.138692
4.77537 -1.72859 -0.156748
4.79526 -1.73164 -0.152096
4.80954 -1.73331 -0.116543
4.83086 -1.73584 -0.118084
4.83874 -1.73661 -0.0980626
4.85585 -1.73764 -0.0599123
4.87053 -1.73899 -0.0917629
4.87695 -1.73969 -0.108479
4.89226 -1.74182 -0.138331
4.89728 -1.74262 -0.15798
4.90143 -1.74339 -0.183951
4.90979 -1.74504 -0.194756
4.91849 -1.74679 -0.198228
4.93766 -1.75041 -0.186548
4.94959 -1.75248 -0.171515
4.95789 -1.7539 -0.17029
4.96581 -1.75515 -0.156666
4.97727 -1.75689 -0.150221
4.99511 -1.75978 -0.160795
4.99943 -1.76037 -0.135565
5.01974 -1.76263 -0.11054
5.03561 -1.76418 -0.0976287
5.05323 -1.76586 -0.094916
5.06161 -1.76667 -0.0971815
5.06859 -1.76726 -0.0835639
5.0802 -1.76766 -0.0348545
5.08124 -1.76769 -0.0264698
5.08241 -1.76774 -0.0422744
5.08968 -1.76816 -0.0577301
5.10772 -1.76966 -0.0827014
5.11922 -1.77072 -0.0921086
5.12637 -1.7715 -0.10909
5.13647 -1.77294 -0.141594
5.14352 -1.77422 -0.179332
5.15341 -1.77639 -0.215855
5.16637 -1.77928 -0.219845
5.16517 -1.77903 -0.207247
5.16755 -1.7797 -0.275155
5.17213 -1.78104 -0.284225
5.18657 -1.78508 -0.272812
5.18344 -1.78415 -0.289695
5.19748 -1.78807 -0.272413
5.20634 -1.7904 -0.257586
True
0.064489
