4.48421 -0.00667324 -2.74182
4.48522 -0.00624793 -2.74345
4.44169 -0.027033 -2.69608
4.40438 -0.0450031 -2.69274
4.36273 -0.0657236 -2.67993
4.33775 -0.082512 -2.54998
4.30129 -0.1096 -2.50254
4.26864 -0.136567 -2.45134
4.24156 -0.159849 -2.43135
4.21493 -0.189554 -2.30177
4.18076 -0.226008 -2.32383
4.14806 -0.263537 -2.28757
4.11708 -0.302788 -2.23885
4.08618 -0.342081 -2.2373
4.05692 -0.382104 -2.20203
4.03493 -0.412294 -2.20036
4.00743 -0.450111 -2.19945
3.97992 -0.491862 -2.15342
3.95266 -0.533682 -2.14848
3.93231 -0.569048 -2.09293
3.91293 -0.607315 -2.0397
3.8924 -0.65008 -2.01835
3.87434 -0.696704 -1.94033
3.86308 -0.72569 -1.94136
3.84655 -0.772057 -1.91319
3.83243 -0.814314 -1.89336
3.82322 -0.84398 -1.87184
3.81108 -0.884573 -1.86132
3.80111 -0.923584 -1.82097
3.78962 -0.972189 -1.803
3.77964 -1.01759 -1.78719
3.76812 -1.06159 -1.82682
3.75846 -1.09776 -1.83164
3.74637 -1.13931 -1.85412
3.73465 -1.18792 -1.80728
3.7215 -1.23307 -1.85425
3.7099 -1.27925 -1.81682
3.6982 -1.32047 -1.84753
3.68673 -1.36693 -1.81262
3.67296 -1.40733 -1.89942
3.66112 -1.44017 -1.91675
3.64368 -1.48702 -1.92729
3.62618 -1.53367 -1.92968
3.61354 -1.56538 -1.95009
3.59727 -1.60537 -1.9571
3.58013 -1.64792 -1.95366
3.55921 -1.69295 -2.0059
3.53809 -1.7382 -2.00748
3.51859 -1.78299 -1.98133
3.49774 -1.82843 -2.00091
3.47438 -1.87263 -2.05701
3.46352 -1.89321 -2.05661
3.44195 -1.93571 -2.04031
3.41902 -1.97435 -2.10641
3.39283 -2.01686 -2.12297
3.36712 -2.05969 -2.11145
3.33934 -2.10126 -2.15987
3.31229 -2.14326 -2.14301
3.28961 -2.17752 -2.15551
3.27031 -2.20744 -2.14357
3.2523 -2.23487 -2.1518
3.22663 -2.2747 -2.14331
3.19676 -2.31478 -2.21127
3.16694 -2.3537 -2.22464
3.14561 -2.38261 -2.20647
3.11847 -2.4207 -2.18985
3.09345 -2.45331 -2.22532
3.0621 -2.49166 -2.25609
3.03081 -2.52556 -2.3161
3.00411 -2.55488 -2.30951
2.97559 -2.58537 -2.32275
2.94197 -2.62233 -2.309
2.90792 -2.65895 -2.31977
2.87459 -2.69078 -2.37927
2.84055 -2.72565 -2.34409
2.80851 -2.7561 -2.38166
2.78275 -2.77903 -2.41426
2.747 -2.8139 -2.36867
2.71359 -2.84761 -2.35179
2.6813 -2.87956 -2.36138
2.6659 -2.89393 -2.39098
2.6367 -2.92208 -2.37445
2.6081 -2.94803 -2.40472
2.57014 -2.98016 -2.43924
2.53261 -3.01287 -2.42459
2.49451 -3.04524 -2.43739
2.47658 -3.06143 -2.4073
2.44953 -3.08297 -2.46891
2.41134 -3.113 -2.47527
2.37549 -3.14317 -2.44204
2.33788 -3.17557 -2.43052
2.30369 -3.20541 -2.42395
2.26372 -3.23546 -2.49704
2.22359 -3.26524 -2.50306
2.18751 -3.29022 -2.53606
2.15829 -3.31188 -2.50385
2.12284 -3.33641 -2.53612
2.08338 -3.36239 -2.5594
2.04141 -3.38915 -2.57394
1.99886 -3.41541 -2.58868
1.97369 -3.43065 -2.59708
1.93843 -3.45375 -2.56176
1.89675 -3.47891 -2.59843
1.85381 -3.50363 -2.61915
1.81055 -3.52863 -2.61758
1.7716 -3.55209 -2.59949
1.73937 -3.57204 -2.58748
1.69518 -3.59541 -2.65508
1.65458 -3.617 -2.65288
1.61 -3.63958 -2.6728
1.56626 -3.66278 -2.65375
1.53168 -3.6807 -2.66369
1.4898 -3.70416 -2.63085
1.4477 -3.72288 -2.72325
1.40292 -3.74328 -2.71407
1.35833 -3.76301 -2.72511
1.31375 -3.78337 -2.71306
1.26805 -3.80344 -2.72785
1.22345 -3.82454 -2.69959
1.17707 -3.84323 -2.75858
1.13774 -3.86095 -2.7184
1.09469 -3.87824 -2.75959
1.0586 -3.89229 -2.77028
1.02532 -3.90349 -2.81717
0.980235 -3.91745 -2.84124
0.933855 -3.92951 -2.88717
0.885298 -3.94144 -2.90079
0.8368 -3.9515 -2.93695
0.794854 -3.96084 -2.9225
0.745927 -3.97104 -2.93608
0.697649 -3.98004 -2.95726
0.648568 -3.98923 -2.95647
0.602004 -3.99729 -2.97036
0.56137 -4.00212 -3.02317
0.512343 -4.00732 -3.03597
0.476285 -4.01004 -3.06634
0.431358 -4.01295 -3.0768
0.386899 -4.01589 -3.07566
0.337259 -4.0211 -3.03703
0.294282 -4.02557 -3.03781
0.248301 -4.03108 -3.02237
0.202895 -4.03352 -3.08799
0.155649 -4.03753 -3.05695
0.107293 -4.04105 -3.06875
0.067542 -4.04376 -3.07371
0.0190298 -4.04896 -3.03471
-0.0282317 -4.05214 -3.0745
-0.0779924 -4.05549 -3.07426
-0.127664 -4.05749 -3.10133
-0.1749 -4.05922 -3.1051
-0.224852 -4.06035 -3.11901
-0.262242 -4.05976 -3.15725
-0.310716 -4.05936 3.13325
-0.356594 -4.05691 3.08836
-0.404429 -4.05415 3.08381
-0.454237 -4.05243 3.10722
-0.504152 -4.04955 3.08384
-0.554023 -4.04669 3.08433
-0.587648 -4.04395 3.06028
-0.62801 -4.04107 3.07049
-0.671775 -4.03631 3.0331
-0.717231 -4.03253 3.05875
-0.762738 -4.03071 3.10164
-0.80704 -4.02918 3.10707
-0.855909 -4.02525 3.06121
-0.905455 -4.01924 3.02092
-0.950611 -4.01254 2.99436
-0.999616 -4.00421 2.97329
-1.04002 -3.99626 2.94728
-1.08362 -3.98665 2.92454
-1.13209 -3.9744 2.89401
-1.17624 -3.96259 2.88038
-1.22409 -3.94845 2.85419
-1.27246 -3.93625 2.89454
-1.32144 -3.92643 2.94373
-1.37016 -3.91786 2.96741
-1.41946 -3.90952 2.97414
-1.46898 -3.90266 3.00385
-1.514 -3.89486 2.9701
-1.55851 -3.88725 2.97221
-1.60587 -3.87832 2.95515
-1.64847 -3.86885 2.92285
-1.6949 -3.85925 2.93773
-1.74188 -3.8499 2.94526
-1.78772 -3.84019 2.93267
-1.83655 -3.83076 2.95096
-1.88526 -3.82081 2.94011
-1.93393 -3.81137 2.95005
-1.98239 -3.80123 2.93521
-2.02836 -3.79005 2.90304
-2.07725 -3.78036 2.9459
-2.12131 -3.77136 2.94009
-2.16833 -3.76164 2.93777
-2.21461 -3.75261 2.94884
-2.26262 -3.74326 2.94935
-2.30351 -3.73596 2.96478
-2.34338 -3.7291 2.9714
-2.37856 -3.72253 2.95692
-2.41561 -3.71448 2.9277
-2.46364 -3.70306 2.90818
-2.50441 -3.69379 2.91795
-2.54542 -3.68401 2.90747
-2.57979 -3.67526 2.89227
-2.6133 -3.66534 2.85375
-2.65595 -3.65223 2.84346
-2.68683 -3.6434 2.8629
-2.72601 -3.63249 2.87005
-2.7694 -3.62001 2.86144
-2.8103 -3.60912 2.88151
-2.85483 -3.59803 2.89748
-2.89662 -3.58876 2.92328
-2.94163 -3.57918 2.93198
-2.97397 -3.57368 2.97298
-3.00813 -3.5687 2.99684
-3.04214 -3.56326 2.98308
-3.07739 -3.55702 2.96633
-3.09943 -3.5532 2.96995
-3.11811 -3.54922 2.93189
-3.15253 -3.54151 2.92107
-3.18507 -3.53329 2.89435
-3.20778 -3.5273 2.88351
-3.24482 -3.51924 2.92736
-3.27312 -3.5137 2.9482
-3.3037 -3.5084 2.97007
-3.33515 -3.50333 2.98169
-3.36019 -3.49976 2.99999
-3.38692 -3.49787 3.07118
-3.43012 -3.49527 3.08132
-3.45215 -3.4929 3.03459
-3.49004 -3.48757 3.00186
-3.51667 -3.48385 3.00279
-3.55059 -3.47814 2.9748
-3.57602 -3.47368 2.96809
-3.60321 -3.46855 2.95514
-3.63614 -3.46119 2.92157
-3.67529 -3.45143 2.89741
-3.70286 -3.44475 2.90383
-3.73586 -3.43646 2.89554
-3.76551 -3.42785 2.85883
-3.79122 -3.41994 2.84312
-3.81299 -3.41264 2.81781
-3.82647 -3.4087 2.85738
-3.85201 -3.40148 2.86605
-3.87682 -3.39412 2.85333
-3.91186 -3.38386 2.85675
-3.94864 -3.37263 2.84529
-3.98716 -3.35975 2.81898
-4.01638 -3.3503 2.82852
-4.0234 -3.34789 2.81142
-4.0381 -3.34255 2.79328
-4.05232 -3.33667 2.74973
-4.06744 -3.32983 2.71628
-4.08336 -3.32307 2.74017
-4.09108 -3.31962 2.7216
-4.10146 -3.31462 2.69237
-4.11099 -3.31018 2.70641
-4.11808 -3.30716 2.73803
-4.12226 -3.30544 2.75085
-4.12591 -3.30414 2.79909
-4.12807 -3.30339 2.80961
-4.13226 -3.30199 2.81917
-4.1366 -3.30051 2.81138
-4.14352 -3.29797 2.79073
-4.14284 -3.29819 2.83597
-4.15574 -3.29402 2.82887
-4.16226 -3.29196 2.83598
-4.16216 -3.29198 2.91042
-4.15853 -3.29284 2.90867
-4.15849 -3.29285 2.92856
-4.1573 -3.29311 2.92449
-4.15804 -3.29297 2.95375
-4.16219 -3.29199 2.90828
-4.175 -3.2885 2.87564
-4.19522 -3.28332 2.89104
-4.20251 -3.28146 2.89213
-4.21297 -3.27865 2.87821
-4.22155 -3.27642 2.88805
-4.22664 -3.27513 2.89363
-4.23251 -3.27356 2.88027
True
0.182618
