-5.46715 0.823226 -0.0860669
-5.41756 0.816807 -0.128743
-5.37404 0.809494 -0.166473
-5.3247 0.801412 -0.162355
-5.27813 0.794698 -0.143176
-5.22857 0.788289 -0.128609
-5.17917 0.781416 -0.138247
-5.12973 0.77578 -0.113513
-5.08011 0.77007 -0.11456
-5.03045 0.765032 -0.10109
-4.98461 0.762308 -0.0593642
-4.94995 0.759884 -0.0698291
-4.90155 0.755254 -0.0953784
-4.8591 0.750395 -0.113974
-4.81184 0.743787 -0.138915
-4.76227 0.737256 -0.131003
-4.71259 0.731996 -0.105473
-4.66981 0.726783 -0.121253
-4.62017 0.721504 -0.105946
-4.57513 0.714681 -0.150349
-4.52779 0.710493 -0.088234
-4.48182 0.70841 -0.0452847
-4.43388 0.706287 -0.0442716
-4.38494 0.704417 -0.038175
-4.33501 0.702215 -0.0440785
-4.29155 0.699371 -0.0653294
-4.24165 0.696588 -0.0557159
-4.19744 0.694981 -0.0363483
-4.14802 0.689757 -0.105305
-4.09862 0.68249 -0.146064
-4.0509 0.677086 -0.112759
-4.00577 0.671564 -0.121751
-3.96053 0.666025 -0.121848
-3.91183 0.660196 -0.119101
-3.86319 0.655722 -0.0917346
-3.81334 0.651902 -0.076491
-3.77487 0.648591 -0.0858264
-3.73337 0.645823 -0.0666071
-3.68633 0.643352 -0.0524953
-3.64713 0.64075 -0.0662664
-3.5994 0.637365 -0.0708055
-3.55713 0.634072 -0.0777564
-3.51715 0.631273 -0.0698625
-3.46747 0.626281 -0.100167
-3.4209 0.622773 -0.0751763
-3.37115 0.619701 -0.0616737
-3.32166 0.61282 -0.138149
-3.28327 0.608595 -0.10962
-3.23405 0.604679 -0.0793935
-3.18766 0.602481 -0.0473334
-3.13896 0.60028 -0.0451648
-3.09293 0.599495 -0.0170657
-3.0516 0.597924 -0.0379944
-3.00775 0.59561 -0.052702
-2.96743 0.594418 -0.0295686
-2.92102 0.592138 -0.0490973
-2.87109 0.591007 -0.0226485
-2.82125 0.592882 0.0376012
-2.77139 0.592212 -0.0134377
-2.72642 0.592573 0.00804318
-2.68051 0.594841 0.0493497
-2.63092 0.595019 0.00359729
-2.58157 0.596008 0.0200349
-2.53329 0.596035 0.000563027
-2.49407 0.596981 0.024106
-2.45743 0.597453 0.0128886
-2.40915 0.59655 -0.0187126
-2.3594 0.596142 -0.00819468
-2.31279 0.594074 -0.0443316
-2.2629 0.590701 -0.0675207
-2.21993 0.587923 -0.0645599
-2.17233 0.587907 -0.000321113
-2.12737 0.586874 -0.0229771
-2.08233 0.586374 -0.0111136
-2.03742 0.585748 -0.0139258
-1.99237 0.586195 0.00990914
-1.95029 0.585411 -0.0186227
-1.90821 0.58438 -0.0244963
-1.85863 0.579372 -0.100665
-1.80989 0.573128 -0.127414
-1.76069 0.564193 -0.179675
-1.72099 0.556958 -0.180243
-1.67658 0.549325 -0.1702
-1.63131 0.542848 -0.142121
-1.58643 0.535819 -0.155334
-1.53893 0.528526 -0.152372
-1.48962 0.520527 -0.160815
-1.44077 0.512018 -0.172449
-1.39194 0.50588 -0.125061
-1.34567 0.499489 -0.137236
-1.29873 0.492845 -0.14061
-1.26065 0.487091 -0.149951
-1.21365 0.478691 -0.176877
-1.16461 0.471397 -0.147643
-1.13647 0.466569 -0.169927
-1.08729 0.457606 -0.180256
-1.03784 0.45019 -0.148878
-0.994968 0.445715 -0.10401
-0.947205 0.438839 -0.142976
-0.909791 0.432524 -0.167214
-0.860484 0.424791 -0.155567
-0.821119 0.417688 -0.178496
-0.776655 0.409726 -0.177188
-0.728537 0.399887 -0.201708
-0.685243 0.390854 -0.205704
-0.655877 0.38476 -0.204595
-0.615004 0.376177 -0.206995
-0.570743 0.365747 -0.231421
-0.522395 0.355446 -0.209919
-0.4756 0.341874 -0.282284
-0.439077 0.329838 -0.318328
-0.391887 0.313326 -0.336599
-0.344771 0.296616 -0.340825
-0.297391 0.281106 -0.316344
-0.24987 0.266163 -0.30466
-0.20193 0.252304 -0.281434
-0.157322 0.239878 -0.271651
-0.112722 0.226311 -0.295309
-0.0702894 0.214836 -0.264119
-0.0225624 0.202196 -0.258899
0.0243414 0.190394 -0.246491
0.0665134 0.177732 -0.291698
0.114064 0.162883 -0.302677
0.161449 0.146934 -0.324676
0.205417 0.131093 -0.345805
0.248881 0.115361 -0.347283
0.291808 0.0996358 -0.351143
0.338021 0.0809449 -0.384332
0.384477 0.062571 -0.376639
0.430326 0.0443025 -0.379165
0.476402 0.0273877 -0.351835
0.523481 0.0115491 -0.324528
0.569894 -0.0069293 -0.378892
0.616436 -0.0251995 -0.374073
0.657224 -0.0395552 -0.338421
0.702187 -0.0560853 -0.352298
0.74415 -0.0706813 -0.334742
0.777315 -0.0828443 -0.351506
0.824421 -0.0981821 -0.314778
0.860415 -0.107863 -0.262728
0.908123 -0.117999 -0.20935
0.944024 -0.125783 -0.213511
0.991867 -0.135172 -0.193794
1.03926 -0.14129 -0.128377
1.08905 -0.145888 -0.092074
1.13846 -0.150531 -0.0937148
1.18485 -0.154297 -0.0809827
1.23404 -0.158556 -0.0863701
1.28391 -0.161648 -0.0619409
1.33349 -0.165147 -0.0704565
1.3803 -0.166366 -0.0260236
1.43023 -0.168927 -0.0512509
1.48019 -0.168332 0.0119137
1.52966 -0.168279 0.0010676
1.57964 -0.168236 0.000858497
1.62554 -0.167461 0.0168736
1.66441 -0.16697 0.0126544
1.71428 -0.164152 0.0564435
1.76376 -0.161014 0.0633282
1.81337 -0.15538 0.113083
1.8572 -0.152243 0.0714408
1.90694 -0.149181 0.0614953
1.95148 -0.147604 0.0353957
2.00116 -0.143777 0.0768751
2.0454 -0.140129 0.0822639
2.093 -0.137592 0.0532459
2.13362 -0.134835 0.0677785
2.18111 -0.129653 0.108682
2.22336 -0.124101 0.130654
2.27158 -0.118375 0.118199
2.32139 -0.114098 0.0856527
2.36618 -0.111473 0.0585542
2.41285 -0.10892 0.0546496
2.45707 -0.105363 0.0802603
2.48898 -0.103552 0.0566874
2.52073 -0.103241 0.00979453
2.56449 -0.101233 0.0458543
2.6099 -0.0982826 0.0648845
2.65641 -0.0968199 0.0314385
2.7034 -0.0939808 0.0603386
2.74669 -0.0905084 0.0800555
2.79532 -0.086284 0.0866452
2.84493 -0.0800826 0.124363
2.88085 -0.0748765 0.143937
2.92428 -0.0690743 0.132812
2.96412 -0.0621099 0.173039
3.00889 -0.0572238 0.108708
3.05625 -0.0514739 0.12083
3.1006 -0.0450143 0.144623
3.14547 -0.0386249 0.14144
3.18834 -0.0344614 0.0968086
3.2346 -0.0310783 0.0730011
3.27613 -0.027408 0.0881508
3.32199 -0.0253147 0.0456166
3.36749 -0.0218668 0.0756348
3.40506 -0.0183519 0.0932811
3.43975 -0.0158142 0.073026
3.47704 -0.0133686 0.065483
3.51977 -0.0102568 0.0727097
3.5557 -0.00721059 0.0845648
3.58265 -0.00447245 0.101263
3.60652 -0.000889642 0.148977
3.63741 0.00376201 0.149449
3.66892 0.00842466 0.146928
3.70607 0.0124379 0.107607
3.75401 0.0199153 0.154715
3.79397 0.0256469 0.142474
3.83095 0.0311847 0.148662
3.87447 0.0383592 0.16338
3.90958 0.042905 0.128757
3.94426 0.0471834 0.122733
3.98176 0.0516535 0.118654
4.01246 0.0556828 0.130492
4.03933 0.0590323 0.124011
4.08274 0.0663851 0.167783
4.13016 0.0741488 0.162297
4.17258 0.0812582 0.166052
4.21836 0.0869851 0.124441
4.25981 0.0906621 0.0884916
4.28744 0.0925122 0.0668446
4.3309 0.0952342 0.0625489
4.3792 0.0983783 0.0650047
4.40293 0.0998345 0.0612998
4.42472 0.1014 0.0717362
4.46141 0.102451 0.0286373
4.48814 0.103382 0.0348179
4.53279 0.105776 0.0535447
4.56336 0.109381 0.117406
4.58284 0.112197 0.143544
4.59354 0.113642 0.134212
4.60143 0.114586 0.119065
4.61398 0.116068 0.117572
4.63622 0.118615 0.11405
4.64899 0.119733 0.087347
4.66929 0.1211 0.067211
4.67539 0.121457 0.058491
4.67917 0.121844 0.101923
4.6988 0.124492 0.134087
4.71855 0.126889 0.120768
4.74522 0.130328 0.128252
4.76718 0.132757 0.110153
4.78345 0.13498 0.135758
4.80352 0.13731 0.115604
4.81254 0.138473 0.128177
4.81735 0.139117 0.133375
4.83627 0.142015 0.151917
4.84952 0.143923 0.143034
4.87192 0.147045 0.13849
4.89158 0.149837 0.141092
4.91792 0.151909 0.0785049
4.93713 0.152317 0.0212077
4.94331 0.152452 0.0219961
4.959 0.152925 0.0301227
4.98826 0.154504 0.0538798
5.00898 0.155546 0.0502737
5.02637 0.156924 0.0790758
5.04196 0.158335 0.0902408
5.0643 0.162076 0.16593
5.06659 0.162555 0.205894
5.08171 0.166383 0.248085
5.08898 0.168719 0.310691
5.10622 0.174688 0.333304
5.12407 0.181669 0.37288
5.13268 0.185351 0.404153
5.14109 0.188943 0.403389
5.14136 0.189056 0.405688
5.14856 0.192513 0.447409
5.15896 0.197739 0.46571
5.17963 0.207154 0.427487
5.19714 0.214038 0.374472
5.19778 0.214336 0.439
5.20415 0.217748 0.491478
True
0.265503
