-5.46897 0.787104 0.083747
-5.42361 0.794702 0.165955
-5.38781 0.797617 0.0812551
-5.33833 0.800958 0.0674048
-5.28943 0.804953 0.0815205
-5.23956 0.807947 0.0599617
-5.1926 0.811602 0.0776826
-5.14468 0.817459 0.121607
-5.1022 0.82139 0.0922852
-5.05346 0.826907 0.112717
-5.00582 0.828717 0.0379853
-4.96033 0.831781 0.0672628
-4.91735 0.835014 0.0750713
-4.86791 0.84172 0.134821
-4.82274 0.847472 0.126665
-4.77561 0.851896 0.0935809
-4.72654 0.85765 0.116723
-4.68893 0.861609 0.104884
-4.64667 0.864856 0.0766841
-4.60955 0.869377 0.121185
-4.56149 0.874413 0.10441
-4.51189 0.877821 0.0685904
-4.46269 0.880518 0.0547644
-4.41348 0.884246 0.0756116
-4.36446 0.891284 0.142602
-4.31504 0.898005 0.135177
-4.26665 0.906455 0.172871
-4.21789 0.91619 0.197082
-4.16982 0.925708 0.195472
-4.12542 0.934478 0.195014
-4.07722 0.943361 0.18224
-4.02873 0.951265 0.161586
-3.97968 0.959335 0.16307
-3.93036 0.966105 0.136402
-3.8885 0.972072 0.141598
-3.8452 0.976806 0.108891
-3.80961 0.981063 0.119061
-3.75997 0.987063 0.120278
-3.71545 0.993307 0.13934
-3.66996 0.995809 0.0549563
-3.63704 0.999432 0.109609
-3.6017 1.003 0.100757
-3.55214 1.00708 0.082016
-3.50444 1.01004 0.0618973
-3.4608 1.01365 0.0826394
-3.41682 1.01626 0.0592666
-3.3671 1.01821 0.0392816
-3.31757 1.01913 0.0184724
-3.26769 1.01948 0.00712198
-3.21869 1.01983 0.00697931
-3.17924 1.02032 0.0124812
-3.13942 1.02009 -0.00566754
-3.09163 1.02154 0.0302259
-3.04617 1.02302 0.0325809
-3.00446 1.02375 0.0175945
-2.96421 1.02584 0.0517122
-2.92163 1.02979 0.0926718
-2.87465 1.03443 0.098319
-2.82512 1.03908 0.0935647
-2.78506 1.04387 0.119221
-2.73545 1.05001 0.123071
-2.68651 1.05704 0.142662
-2.6485 1.06371 0.173599
-2.6005 1.07199 0.170978
-2.55116 1.08012 0.163257
-2.50666 1.0874 0.162182
-2.46278 1.09421 0.153823
-2.41489 1.10472 0.216207
-2.36658 1.11297 0.168985
-2.31757 1.12089 0.160252
-2.26894 1.12849 0.1551
-2.22401 1.13455 0.134027
-2.17764 1.14151 0.149014
-2.12785 1.14525 0.075015
-2.07859 1.14891 0.0740546
-2.03046 1.1545 0.115696
-1.98307 1.15999 0.115259
-1.93584 1.16562 0.118699
-1.88721 1.16982 0.0861458
-1.83798 1.17851 0.174649
-1.78863 1.18636 0.157776
-1.73934 1.19474 0.16837
-1.69104 1.19905 0.0889881
-1.64153 1.20531 0.125754
-1.59293 1.20933 0.0825363
-1.54402 1.2129 0.0730355
-1.49595 1.21519 0.0475872
-1.44839 1.21797 0.0583065
-1.40597 1.21991 0.0457164
-1.3619 1.22172 0.0409962
-1.31299 1.22393 0.0451177
-1.26658 1.22559 0.0357699
-1.22412 1.22406 -0.0359832
-1.18118 1.2224 -0.0386321
-1.14297 1.22152 -0.0228897
-1.09537 1.22154 0.000237301
-1.04899 1.22207 0.0116054
-1.00385 1.22436 0.0507199
-0.953951 1.22333 -0.0207487
-0.907183 1.22111 -0.0474581
-0.86467 1.21761 -0.0821867
-0.824694 1.2139 -0.0923945
-0.775318 1.20958 -0.0872505
-0.727423 1.20857 -0.0211734
-0.679967 1.20807 -0.0104291
-0.631439 1.20832 0.00507266
-0.581448 1.20863 0.0061721
-0.539561 1.20741 -0.0291435
-0.4921 1.20554 -0.0393466
-0.444665 1.2045 -0.021921
-0.395048 1.203 -0.0301627
-0.345548 1.20285 -0.00301851
-0.298599 1.20316 0.00655309
-0.248683 1.20241 -0.0151004
-0.202802 1.20076 -0.0358885
-0.157303 1.19959 -0.0257146
-0.109006 1.19844 -0.0237779
-0.062073 1.19694 -0.0320333
-0.0166699 1.19687 -0.00143187
0.0261888 1.19979 0.0680301
0.0757408 1.20287 0.0620581
0.125624 1.20562 0.0550108
0.174346 1.20907 0.070769
0.222369 1.21122 0.0446655
0.270396 1.21491 0.0766787
0.318828 1.21816 0.067071
0.364312 1.22321 0.110481
0.406159 1.22645 0.0773885
0.439389 1.22808 0.0488661
0.479757 1.22931 0.030651
0.518551 1.23223 0.0749074
0.560353 1.23411 0.0449831
0.610353 1.23433 0.00439116
0.659443 1.23502 0.0141096
0.707766 1.23609 0.0220964
0.75775 1.237 0.0182675
0.79322 1.23766 0.0186811
0.838823 1.23702 -0.0140132
0.870693 1.23818 0.0360918
0.918735 1.23966 0.0308194
0.968263 1.24182 0.0436683
1.01351 1.24333 0.033327
1.06274 1.24423 0.0182518
1.1127 1.24568 0.0290614
1.16245 1.25032 0.0929912
1.20022 1.25432 0.105577
1.25004 1.25804 0.0745579
1.29203 1.26192 0.0921346
1.33785 1.26474 0.0613398
1.38588 1.27064 0.122238
1.43403 1.2746 0.0821582
1.48179 1.27767 0.0640588
1.52323 1.28071 0.0732047
1.57304 1.2822 0.0299018
1.62258 1.28213 -0.00140835
1.6684 1.28281 0.0150286
1.71838 1.28334 0.0104664
1.76487 1.28117 -0.0465659
1.81416 1.28062 -0.0112868
1.86086 1.28028 -0.00720064
1.89993 1.28046 0.00458611
1.93164 1.28122 0.0239606
1.97861 1.28161 0.00832669
2.02831 1.28471 0.0623235
2.06534 1.28571 0.0269759
2.11455 1.28591 0.00405797
2.1609 1.28519 -0.0154473
2.2102 1.28506 -0.0027709
2.24891 1.28523 0.00452209
2.29458 1.28696 0.03779
2.34458 1.28758 0.0123951
2.38573 1.28885 0.0309222
2.4256 1.28772 -0.0284251
2.47548 1.28764 -0.00152617
2.51838 1.28752 -0.00294058
2.56083 1.28935 0.0430916
2.61035 1.29124 0.038219
2.65685 1.29634 0.109172
2.70565 1.29966 0.0680611
2.75491 1.30287 0.0649914
2.80481 1.30568 0.0563656
2.85184 1.30855 0.0607914
2.89367 1.31051 0.0468575
2.93136 1.31303 0.0667656
2.97846 1.31796 0.104268
3.02759 1.32105 0.0629115
3.07134 1.32281 0.0401168
3.11949 1.32697 0.0862484
3.16516 1.3322 0.113921
3.20901 1.33938 0.162333
3.24345 1.34474 0.154421
3.28581 1.35244 0.179799
3.33317 1.36151 0.189207
3.38176 1.37181 0.208993
3.41497 1.38043 0.253758
3.45939 1.39042 0.221176
3.49639 1.39728 0.183325
3.52441 1.40284 0.196178
3.55338 1.40853 0.193847
3.57359 1.41219 0.178976
3.59363 1.4167 0.221682
3.60638 1.41987 0.243567
3.62852 1.42617 0.277071
3.6656 1.4371 0.286703
3.71194 1.45012 0.273853
3.75545 1.45952 0.21279
3.79304 1.46736 0.205616
3.83793 1.47743 0.220739
3.88223 1.48534 0.176614
3.90924 1.48902 0.135448
3.94801 1.49479 0.147763
3.99292 1.50303 0.181425
4.02248 1.50858 0.1857
4.05233 1.51474 0.203483
4.07165 1.51785 0.159451
4.09201 1.52172 0.187927
4.0959 1.52248 0.193733
4.10648 1.52473 0.208944
4.12239 1.52665 0.120489
4.15744 1.52991 0.0927196
4.17687 1.53127 0.0695971
4.19314 1.5321 0.0509969
4.22842 1.53251 0.0118031
4.27593 1.53397 0.0306808
4.31137 1.53571 0.0491476
4.33089 1.53708 0.0700987
4.36484 1.53852 0.0421501
4.40028 1.5391 0.0165764
4.44097 1.53984 0.0180023
4.48507 1.54015 0.00703945
4.52597 1.54088 0.0178131
4.55986 1.54166 0.0231996
4.60057 1.54251 0.0207603
4.6352 1.54473 0.0641085
4.67551 1.54725 0.0624626
4.70447 1.54852 0.0437906
4.7493 1.55107 0.0569055
4.76836 1.55281 0.0906437
4.79068 1.5547 0.0843985
4.82019 1.55768 0.100719
4.8537 1.56098 0.0983588
4.88979 1.56549 0.124319
4.91296 1.56885 0.143841
4.92897 1.57118 0.144366
4.94369 1.573 0.123432
4.94714 1.57354 0.153855
4.96325 1.5763 0.169709
4.97249 1.57822 0.204741
4.97779 1.57926 0.193817
4.99093 1.58187 0.195908
5.00007 1.58369 0.197276
5.00484 1.58451 0.169591
5.01671 1.58678 0.18879
5.02018 1.58744 0.18918
5.02875 1.58909 0.190482
5.03575 1.59043 0.189081
5.04787 1.59275 0.188581
5.05615 1.59435 0.191397
5.06196 1.59532 0.165185
5.07318 1.59756 0.196819
5.08888 1.60103 0.217745
5.11128 1.60595 0.216248
5.1338 1.6112 0.229146
5.15004 1.61488 0.222718
5.15528 1.6161 0.228706
5.15752 1.61653 0.186945
5.17186 1.61776 0.0857039
5.18433 1.61873 0.0775537
5.19214 1.61887 0.0179853
5.20568 1.61912 0.0189258
5.21502 1.61899 -0.0144959
True
0.0681022
