4.49109 -0.000404902 -3.09621
4.48059 -0.00108466 -3.07689
4.47211 -0.00180417 -3.05694
4.47099 -0.00185547 -3.09606
4.45456 -0.00378244 -3.02485
4.42574 -0.00831213 -2.98567
4.38248 -0.0203303 -2.87061
4.3389 -0.0358158 -2.80017
4.2938 -0.0571403 -2.7
4.2588 -0.0775108 -2.61446
4.22205 -0.103353 -2.52869
4.18323 -0.133687 -2.4783
4.17079 -0.14417 -2.44147
4.14884 -0.164985 -2.38267
4.11477 -0.201562 -2.32078
4.0957 -0.224516 -2.26408
4.07656 -0.251641 -2.18506
4.05171 -0.290038 -2.14532
4.03425 -0.316817 -2.14845
4.02063 -0.33912 -2.11927
4.00336 -0.367873 -2.11157
3.98642 -0.39829 -2.07901
3.97357 -0.422901 -2.05189
3.95285 -0.46245 -2.05349
3.93194 -0.505928 -2.01902
3.91409 -0.543475 -2.01443
3.9027 -0.571227 -1.96042
3.88544 -0.613585 -1.95768
3.8715 -0.651496 -1.92316
3.8539 -0.698241 -1.93083
3.8377 -0.74446 -1.90798
3.82554 -0.779867 -1.90157
3.81327 -0.81383 -1.91744
3.80331 -0.844991 -1.88026
3.79008 -0.88561 -1.88573
3.77614 -0.933626 -1.85326
3.7608 -0.980893 -1.88476
3.74919 -1.01765 -1.87666
3.73422 -1.06335 -1.88738
3.7227 -1.10023 -1.87341
3.70842 -1.14633 -1.87127
3.69598 -1.19476 -1.82232
3.68346 -1.24101 -1.83508
3.67016 -1.28222 -1.88296
3.65616 -1.32791 -1.86807
3.64278 -1.37514 -1.8468
3.63334 -1.40891 -1.8434
3.61928 -1.44623 -1.93117
3.6099 -1.4748 -1.88815
3.59515 -1.5221 -1.87303
3.58376 -1.55245 -1.92963
3.56944 -1.59473 -1.89746
3.5515 -1.63959 -1.95119
3.53439 -1.68632 -1.92188
3.51629 -1.72971 -1.96603
3.49917 -1.77085 -1.96507
3.48012 -1.81618 -1.96855
3.45791 -1.86098 -2.03122
3.43988 -1.89831 -2.02057
3.41629 -1.9424 -2.06217
3.39636 -1.97958 -2.06273
3.37164 -2.02067 -2.11245
3.35489 -2.04966 -2.09474
3.32895 -2.09239 -2.11639
3.30546 -2.1322 -2.10387
3.27846 -2.17408 -2.1435
3.25454 -2.21129 -2.14207
3.22726 -2.25308 -2.14909
3.2026 -2.2934 -2.11968
3.17563 -2.33375 -2.16015
3.14607 -2.37357 -2.20923
3.12075 -2.40422 -2.26134
3.08936 -2.44278 -2.25402
3.06286 -2.47706 -2.22892
3.03581 -2.51223 -2.22635
3.00704 -2.5519 -2.1982
2.97736 -2.59069 -2.22407
2.94577 -2.62863 -2.26517
2.91588 -2.66544 -2.25274
2.88986 -2.69806 -2.24408
2.8653 -2.7238 -2.33265
2.8372 -2.75544 -2.29707
2.80602 -2.79403 -2.25038
2.78423 -2.81943 -2.27997
2.75804 -2.84744 -2.32245
2.72515 -2.88222 -2.32836
2.69763 -2.91021 -2.34773
2.66767 -2.94181 -2.32964
2.64718 -2.96276 -2.34504
2.61488 -2.99605 -2.34116
2.58321 -3.02751 -2.35944
2.54812 -3.05772 -2.43087
2.51243 -3.08984 -2.40873
2.48371 -3.1148 -2.42603
2.44646 -3.14367 -2.48241
2.41863 -3.16726 -2.43835
2.40035 -3.18365 -2.41073
2.38098 -3.20057 -2.42354
2.34362 -3.23064 -2.4638
2.30738 -3.2587 -2.4828
2.27327 -3.2857 -2.47209
2.23571 -3.31568 -2.46796
2.19515 -3.34459 -2.5223
2.15968 -3.36933 -2.53264
2.12699 -3.39189 -2.53739
2.08743 -3.41724 -2.57172
2.04684 -3.44197 -2.59449
2.00808 -3.46307 -2.64311
1.97642 -3.47927 -2.66844
1.9388 -3.49678 -2.70598
1.89783 -3.51375 -2.74903
1.85808 -3.53139 -2.72377
1.83111 -3.5444 -2.69236
1.78757 -3.56295 -2.73877
1.74345 -3.58231 -2.72807
1.70111 -3.59957 -2.75442
1.65837 -3.61617 -2.77118
1.62865 -3.62763 -2.77371
1.58223 -3.64578 -2.76872
1.53731 -3.66307 -2.77429
1.49084 -3.68152 -2.76363
1.4595 -3.69377 -2.76905
1.41548 -3.70881 -2.81229
1.36798 -3.72442 -2.82407
1.33383 -3.73593 -2.81658
1.29034 -3.75107 -2.80662
1.24563 -3.76491 -2.8414
1.21258 -3.77568 -2.82662
1.16482 -3.79015 -2.84729
1.11897 -3.80565 -2.81567
1.07944 -3.81808 -2.8369
1.03175 -3.8331 -2.8365
0.984069 -3.84671 -2.86348
0.943618 -3.86166 -2.78754
0.90385 -3.8762 -2.79114
0.870077 -3.88872 -2.78656
0.823873 -3.90603 -2.78324
0.775448 -3.91848 -2.88997
0.742346 -3.92704 -2.88846
0.699082 -3.93789 -2.89579
0.657915 -3.94624 -2.94153
0.609784 -3.95433 -2.97501
0.572167 -3.96058 -2.97696
0.522921 -3.96905 -2.97139
0.477358 -3.97824 -2.94242
0.436543 -3.98576 -2.95936
0.4033 -3.99308 -2.92486
0.356955 -4.0036 -2.91842
0.31043 -4.01192 -2.96473
0.261873 -4.01851 -3.00673
0.238209 -4.02267 -2.96746
0.225613 -4.02419 -3.02159
0.190783 -4.02757 -3.04477
0.162017 -4.02859 -3.10605
0.117913 -4.03099 -3.08739
0.0723075 -4.03046 -3.15305
0.0223736 -4.02831 3.09857
-0.0272757 -4.02257 3.0265
-0.073351 -4.01827 3.04836
-0.122972 -4.01243 3.02449
-0.171718 -4.00748 3.0405
-0.211981 -4.00285 3.02699
-0.254478 -3.99913 3.05429
-0.303817 -3.99386 3.03515
-0.339667 -3.99048 3.04758
-0.386904 -3.98562 3.03915
-0.436655 -3.98067 3.04243
-0.485989 -3.97669 3.06113
-0.535443 -3.96997 3.00647
-0.584392 -3.96266 2.99328
-0.633634 -3.95406 2.96869
-0.680986 -3.94501 2.95283
-0.718471 -3.93627 2.91252
-0.76739 -3.92717 2.95763
-0.812173 -3.91821 2.94415
-0.860293 -3.90784 2.92942
-0.906293 -3.89757 2.92182
-0.942729 -3.88965 2.92757
-0.978638 -3.88095 2.9039
-1.02724 -3.8693 2.90625
-1.07235 -3.85609 2.85682
-1.11753 -3.84505 2.90195
-1.16546 -3.83085 2.85355
-1.20309 -3.81858 2.82628
-1.25016 -3.80205 2.80389
-1.29556 -3.78723 2.82609
-1.34037 -3.7719 2.81209
-1.38319 -3.75538 2.7733
-1.42567 -3.73732 2.73952
-1.46944 -3.71675 2.7024
-1.51151 -3.69556 2.67489
-1.55519 -3.67122 2.63331
-1.57702 -3.66058 2.68802
-1.60237 -3.64679 2.64319
-1.63993 -3.62779 2.67341
-1.68014 -3.60756 2.67536
-1.72182 -3.58428 2.63231
-1.76531 -3.55963 2.62593
-1.80636 -3.53507 2.60248
-1.84679 -3.51288 2.63955
-1.88638 -3.49008 2.61905
-1.929 -3.46462 2.60317
-1.9719 -3.44084 2.63547
-2.00178 -3.42515 2.65806
-2.04525 -3.40045 2.62482
-2.08931 -3.37684 2.64977
-2.12972 -3.35339 2.61561
-2.17165 -3.32985 2.63011
-2.21248 -3.30637 2.61977
-2.25213 -3.28035 2.56089
-2.29153 -3.25367 2.54623
-2.33205 -3.22457 2.51866
-2.3698 -3.19584 2.49118
-2.40762 -3.16855 2.51658
-2.44733 -3.13871 2.49708
-2.48625 -3.1075 2.46579
-2.50733 -3.09161 2.49555
-2.54279 -3.06173 2.44138
-2.57036 -3.0412 2.50147
-2.60777 -3.00812 2.4176
-2.64435 -2.97601 2.42111
-2.68245 -2.94368 2.438
-2.71921 -2.91287 2.44412
-2.74875 -2.88869 2.45543
-2.78788 -2.85837 2.48245
-2.82589 -2.82719 2.45457
-2.85696 -2.79903 2.4053
-2.89338 -2.76499 2.39001
-2.9261 -2.73233 2.3571
-2.95972 -2.69665 2.32637
-2.99123 -2.66287 2.32152
-3.02594 -2.62715 2.34186
-3.0547 -2.59661 2.32623
-3.08198 -2.57068 2.38146
-3.11741 -2.53592 2.36574
-3.14706 -2.50332 2.30887
-3.17339 -2.47399 2.30239
-3.20389 -2.44046 2.30886
-3.236 -2.40418 2.29529
-3.26318 -2.37249 2.27979
-3.29278 -2.33573 2.24875
-3.31684 -2.30658 2.2607
-3.34488 -2.27285 2.26426
-3.36918 -2.24055 2.21581
-3.39413 -2.21007 2.25693
-3.41429 -2.18338 2.21763
-3.44057 -2.14858 2.21755
-3.46766 -2.11592 2.26334
-3.48632 -2.0915 2.22294
-3.50375 -2.06848 2.21891
-3.53296 -2.02862 2.20338
-3.55957 -1.99339 2.2176
-3.57799 -1.96797 2.1978
-3.5932 -1.94648 2.18687
-3.6146 -1.91874 2.22785
-3.6234 -1.90668 2.2012
-3.63911 -1.88331 2.16274
-3.64138 -1.88009 2.18336
-3.65198 -1.86438 2.1644
-3.67496 -1.82778 2.13145
-3.68755 -1.80857 2.15096
-3.69927 -1.78914 2.11352
-3.70888 -1.77377 2.12994
-3.72268 -1.75286 2.15398
-3.73966 -1.72938 2.19695
-3.75819 -1.70115 2.15166
-3.77196 -1.67801 2.10753
-3.78527 -1.65705 2.13682
-3.79435 -1.64312 2.14811
-3.80435 -1.6282 2.16107
-3.81795 -1.60783 2.15946
-3.83198 -1.58769 2.17941
-3.85728 -1.55064 2.16984
-3.88008 -1.51354 2.12196
-3.8973 -1.48457 2.10705
-3.91631 -1.44956 2.06821
-3.93676 -1.4125 2.07507
-3.94927 -1.38865 2.05378
-3.96547 -1.35738 2.0488
-3.98677 -1.31715 2.05777
-4.00817 -1.27337 2.02541
-4.03029 -1.23178 2.05963
-4.04317 -1.20756 2.05962
-4.05823 -1.17957 2.06431
-4.06633 -1.16427 2.05801
-4.07318 -1.152 2.07964
-4.08058 -1.13877 2.08106
-4.08492 -1.13102 2.08064
-4.09389 -1.11528 2.0889
-4.09783 -1.10858 2.10282
-4.1009 -1.10386 2.14648
-4.11257 -1.08538 2.13394
-4.11786 -1.078 2.19251
-4.1291 -1.06161 2.17224
-4.13771 -1.04876 2.16114
-4.14679 -1.03465 2.14241
-4.1522 -1.02525 2.09384
-4.16086 -1.00951 2.07337
-4.16726 -0.997553 2.06246
-4.17334 -0.986215 2.06285
-4.175 -0.983294 2.08691
-4.17528 -0.98282 2.10918
-4.18331 -0.969944 2.12824
-4.19065 -0.958893 2.15713
-4.19553 -0.951735 2.16914
-4.2031 -0.941441 2.20501
-4.21086 -0.930256 2.17757
-4.21662 -0.921397 2.14701
-4.2293 -0.900574 2.11769
-4.23827 -0.884344 2.07604
-4.24267 -0.876488 2.08059
-4.24978 -0.863918 2.08599
-4.25749 -0.851663 2.13225
-4.26283 -0.842741 2.10983
-4.26895 -0.831914 2.08555
-4.27293 -0.825468 2.12385
-4.27697 -0.818441 2.09279
-4.28618 -0.802147 2.08521
-4.29636 -0.783992 2.08159
-4.30299 -0.773207 2.12238
-4.31544 -0.75465 2.16176
-4.32437 -0.741301 2.16032
-4.33017 -0.733242 2.19468
-4.34276 -0.715715 2.19378
True
0.176763
