-5.45885 0.686516 0.106537
-5.40962 0.69293 0.129568
-5.36043 0.699396 0.130688
-5.32049 0.702567 0.0792312
-5.27251 0.70901 0.133465
-5.22568 0.713505 0.0957184
-5.17595 0.718377 0.0976442
-5.13086 0.723166 0.105824
-5.08241 0.725439 0.0468638
-5.03945 0.726841 0.0326284
-5.00325 0.72863 0.0494013
-4.96185 0.730881 0.0543004
-4.91805 0.734977 0.0932327
-4.87354 0.739807 0.108129
-4.82441 0.749054 0.186015
-4.77825 0.756357 0.156912
-4.73261 0.764413 0.174708
-4.68452 0.769008 0.0952681
-4.6381 0.775027 0.128929
-4.59276 0.780369 0.117288
-4.54573 0.788708 0.175466
-4.50425 0.79647 0.184996
-4.45903 0.804104 0.167265
-4.40971 0.811105 0.140998
-4.36697 0.815856 0.110714
-4.32389 0.820902 0.116605
-4.28381 0.825773 0.120926
-4.23427 0.832074 0.126506
-4.18693 0.836219 0.0873535
-4.14504 0.840193 0.0945638
-4.09539 0.845539 0.107272
-4.04838 0.851816 0.132722
-4.00925 0.857172 0.136044
-3.96169 0.863795 0.138373
-3.92077 0.86961 0.14115
-3.87085 0.872231 0.0524608
-3.82329 0.876815 0.0960681
-3.77336 0.879099 0.0457078
-3.72777 0.880807 0.0374527
-3.70081 0.883421 0.0966598
-3.65249 0.889495 0.125049
-3.61283 0.893869 0.109834
-3.56895 0.896975 0.0706808
-3.52183 0.901471 0.0951125
-3.47657 0.905925 0.0981134
-3.43891 0.909964 0.106838
-3.39058 0.915411 0.112229
-3.3436 0.921371 0.126188
-3.29388 0.926212 0.0970493
-3.25455 0.93102 0.121666
-3.20489 0.935597 0.0918917
-3.16059 0.940713 0.11498
-3.12142 0.944689 0.101162
-3.07201 0.950442 0.115913
-3.02373 0.956948 0.133932
-2.97516 0.96121 0.0875468
-2.92712 0.965589 0.0908904
-2.87878 0.971351 0.118623
-2.82895 0.975459 0.0822686
-2.78083 0.981145 0.11761
-2.74001 0.984268 0.0763751
-2.69017 0.985034 0.0153675
-2.64393 0.988126 0.0667838
-2.59397 0.990079 0.0390641
-2.54859 0.9939 0.0839907
-2.50012 0.99982 0.121542
-2.4507 1.00696 0.143539
-2.40483 1.01522 0.178033
-2.35676 1.02465 0.193849
-2.30757 1.03355 0.178973
-2.26425 1.03894 0.12372
-2.22083 1.04703 0.18433
-2.17625 1.05489 0.174477
-2.12796 1.0615 0.135893
-2.07844 1.0667 0.1048
-2.02878 1.07238 0.113846
-1.97885 1.07493 0.0509454
-1.93015 1.07792 0.0613026
-1.88482 1.08146 0.0779461
-1.83912 1.08494 0.0759702
-1.79612 1.08699 0.0477392
-1.7467 1.08723 0.00487803
-1.6978 1.08837 0.0232308
-1.65326 1.09039 0.0453026
-1.60342 1.09097 0.0116545
-1.55581 1.09281 0.0386856
-1.506 1.09321 0.00804035
-1.4593 1.09306 -0.00315203
-1.41052 1.09775 0.0957473
-1.36293 1.10362 0.12282
-1.31513 1.10962 0.12486
-1.26817 1.11548 0.124174
-1.2295 1.11944 0.102052
-1.20672 1.12234 0.126377
-1.16084 1.1269 0.0990759
-1.11369 1.13122 0.0915064
-1.06484 1.13824 0.142704
-1.01807 1.14578 0.159799
-0.972402 1.15479 0.194807
-0.932736 1.16153 0.168189
-0.891417 1.16867 0.171124
-0.846462 1.17614 0.16463
-0.807256 1.18206 0.149901
-0.767612 1.18872 0.1664
-0.729568 1.19639 0.198975
-0.697393 1.20419 0.237856
-0.666158 1.21275 0.267557
-0.62773 1.22438 0.29377
-0.596534 1.23475 0.321091
-0.57046 1.24307 0.308776
-0.559235 1.24675 0.317056
-0.544007 1.25175 0.317184
-0.523906 1.25823 0.311601
-0.511141 1.26212 0.295756
-0.50072 1.26531 0.297533
-0.491221 1.26808 0.283811
-0.476411 1.27199 0.258198
-0.464491 1.27534 0.273492
-0.443349 1.28094 0.258889
-0.406068 1.29007 0.240368
-0.378873 1.29626 0.223564
-0.359205 1.3005 0.212706
-0.335672 1.30654 0.251093
-0.305369 1.31497 0.271278
-0.269729 1.32478 0.268509
-0.237714 1.33387 0.276645
-0.20776 1.34263 0.284794
-0.174478 1.35351 0.31579
-0.144774 1.36366 0.329161
-0.113113 1.37448 0.3294
-0.0891504 1.3832 0.349142
-0.0662996 1.39185 0.361761
-0.0466033 1.39923 0.358505
-0.0309556 1.40483 0.343969
-0.0203369 1.40856 0.337776
-0.00887903 1.4124 0.323068
0.00581235 1.41693 0.299095
0.0283176 1.42401 0.30465
0.0476623 1.42939 0.271261
0.0716117 1.43629 0.280543
0.0921632 1.44176 0.260186
0.117439 1.44881 0.272051
0.135985 1.45352 0.24889
0.154202 1.45707 0.192216
0.174145 1.46049 0.169854
0.196311 1.46514 0.206742
0.221992 1.47074 0.214781
0.24545 1.47581 0.212861
0.265393 1.48053 0.232137
0.287773 1.48498 0.196454
0.299798 1.48711 0.17565
0.305978 1.48779 0.10958
0.320029 1.48931 0.107213
0.332738 1.49066 0.106055
0.342014 1.49145 0.085049
0.353802 1.4927 0.105699
0.368757 1.49469 0.131991
0.378174 1.49626 0.165216
0.390437 1.49918 0.234279
0.392466 1.49978 0.284865
0.406997 1.50458 0.319097
0.424231 1.51114 0.363683
0.434441 1.51538 0.394224
0.450965 1.52198 0.379589
0.484843 1.53249 0.300945
0.497578 1.53492 0.188437
0.517036 1.53793 0.153386
0.533048 1.54135 0.210628
0.554072 1.54654 0.241953
0.560194 1.54863 0.329402
0.574159 1.55355 0.33879
0.590481 1.55899 0.321371
0.594403 1.56031 0.32491
0.604021 1.56357 0.327228
0.615773 1.56713 0.293638
0.619676 1.56826 0.283506
0.620023 1.56837 0.304053
0.627831 1.57061 0.279193
0.635707 1.57181 0.151077
0.652571 1.57282 0.0600257
0.659481 1.57306 0.033706
0.671657 1.57368 0.0509141
0.683834 1.57522 0.125657
0.702397 1.57948 0.225638
0.71638 1.58447 0.342839
0.72409 1.58711 0.329831
0.730103 1.58887 0.28483
0.737403 1.59124 0.313641
0.735211 1.59048 0.331222
0.742656 1.59254 0.270028
0.751647 1.59391 0.15054
0.760883 1.59485 0.101337
0.762601 1.59489 0.0239218
0.777933 1.59462 -0.0175046
0.790602 1.59361 -0.0796088
0.802915 1.59258 -0.0828843
0.810005 1.59175 -0.116478
0.809444 1.59185 -0.176114
0.806226 1.59271 -0.258994
0.829487 1.58361 -0.372763
0.84186 1.57726 -0.473976
0.848956 1.57304 -0.537024
0.861392 1.56365 -0.646508
0.876397 1.54993 -0.740802
0.882824 1.54274 -0.841052
0.885903 1.53874 -0.915652
0.895824 1.52553 -0.926695
0.893165 1.52951 -0.982188
0.897713 1.52229 -1.0089
0.89909 1.51998 -1.0335
0.905163 1.50931 -1.05294
0.917287 1.48593 -1.0924
0.917337 1.48582 -1.16913
0.924122 1.46546 -1.24904
0.931564 1.43813 -1.30496
0.936504 1.41041 -1.39442
0.941089 1.38691 -1.37813
0.944919 1.36898 -1.36031
0.946375 1.36193 -1.36737
0.945936 1.3652 -1.43732
0.946884 1.35672 -1.45941
0.948365 1.34149 -1.47385
0.948818 1.33587 -1.49028
0.948766 1.3367 -1.50709
0.949193 1.31737 -1.54868
0.948081 1.29111 -1.61312
0.948029 1.29037 -1.63984
0.947368 1.28399 -1.67421
0.946433 1.27599 -1.68703
0.944631 1.25985 -1.68202
0.943744 1.25315 -1.70244
0.943285 1.24687 -1.64373
0.941752 1.22981 -1.66044
0.940992 1.22359 -1.69243
0.939197 1.20764 -1.68284
0.938015 1.20094 -1.74529
0.937058 1.19307 -1.69191
0.936643 1.18895 -1.67121
0.936414 1.18673 -1.67312
0.93572 1.18154 -1.70372
0.935571 1.17937 -1.63959
0.935198 1.17421 -1.64288
0.933913 1.1583 -1.65143
0.932656 1.13548 -1.62581
0.930643 1.11358 -1.66248
0.928499 1.09742 -1.70267
0.927796 1.09124 -1.68421
0.926925 1.08388 -1.68843
0.926148 1.07761 -1.69426
0.925447 1.07228 -1.70137
0.923202 1.05778 -1.72449
0.921723 1.04893 -1.73633
0.919168 1.03352 -1.73502
0.917759 1.0258 -1.75144
0.918419 1.02908 -1.76952
0.916255 1.02046 -1.81675
0.916184 1.02022 -1.86429
0.911408 1.0051 -1.87667
0.908476 0.995405 -1.86461
0.909581 0.998958 -1.8724
0.906257 0.987924 -1.86341
0.904813 0.983055 -1.859
0.897162 0.953118 -1.82102
0.891364 0.927543 -1.79376
0.88671 0.905992 -1.78348
0.883014 0.886612 -1.75923
0.879355 0.872888 -1.83136
0.878027 0.867711 -1.82177
0.875657 0.858097 -1.81251
0.875606 0.857844 -1.77083
0.874508 0.850013 -1.71011
0.874451 0.847775 -1.596
0.874503 0.848211 -1.68944
0.874264 0.846945 -1.75735
0.873222 0.84229 -1.79117
0.871196 0.83227 -1.7703
0.865592 0.795619 -1.72251
0.862781 0.772619 -1.69243
0.862999 0.73219 -1.56539
0.863334 0.701953 -1.55974
0.868391 0.665719 -1.4321
0.876145 0.618296 -1.40873
0.885651 0.579823 -1.32856
0.900027 0.536565 -1.24996
0.91879 0.495073 -1.1461
0.942557 0.451175 -1.07457
0.967891 0.408083 -1.03932
0.988975 0.378739 -0.947747
1.02102 0.343672 -0.830449
1.05497 0.313878 -0.7202
1.0914 0.285897 -0.655016
1.1339 0.260201 -0.543757
1.17382 0.242042 -0.426905
1.22056 0.224278 -0.363231
1.25594 0.212702 -0.316254
1.30407 0.20042 -0.249805
1.34888 0.192256 -0.180225
1.39806 0.184867 -0.149139
1.44276 0.178904 -0.132611
1.48059 0.174486 -0.11628
1.5271 0.171909 -0.0553408
1.57691 0.17153 -0.00760393
1.62307 0.170876 -0.0141818
1.67201 0.175452 0.0932557
1.71121 0.180408 0.125767
1.75991 0.189439 0.183327
1.80807 0.198051 0.176967
1.85665 0.207812 0.198296
1.90487 0.218072 0.209622
1.95261 0.228473 0.214537
1.99757 0.239442 0.239287
2.0442 0.250223 0.227223
2.08801 0.264751 0.320216
2.1147 0.273879 0.329489
2.15301 0.286994 0.329826
2.1989 0.30162 0.308513
2.24291 0.316003 0.315898
2.2832 0.331483 0.366858
2.32032 0.343 0.300791
2.36141 0.357478 0.338772
2.4044 0.371189 0.308712
2.44663 0.384988 0.315837
2.49259 0.399771 0.311213
2.5358 0.415013 0.339109
2.58253 0.432691 0.361677
2.62588 0.447832 0.336013
2.67065 0.466316 0.391578
2.70819 0.482167 0.399481
2.75239 0.501976 0.421362
2.78749 0.516718 0.397586
2.83331 0.535083 0.381229
2.87527 0.550761 0.35754
2.91441 0.56679 0.388702
2.95892 0.587937 0.443555
2.99995 0.60904 0.475031
3.04344 0.630686 0.46187
3.08704 0.651345 0.442521
3.13141 0.674389 0.478996
3.17617 0.695343 0.437832
3.22069 0.718069 0.471937
3.26356 0.741535 0.500829
3.28509 0.753073 0.492057
3.32575 0.774075 0.476772
3.36867 0.793244 0.42004
3.41422 0.811211 0.375667
3.45552 0.827464 0.374932
3.49178 0.841293 0.364369
3.53222 0.855871 0.346012
3.57703 0.872575 0.356788
3.62275 0.88888 0.342554
3.66921 0.90473 0.328764
3.71457 0.921011 0.344646
3.75792 0.936583 0.344869
3.7903 0.947746 0.331955
3.81278 0.955804 0.344235
3.84111 0.966136 0.349714
3.8621 0.975152 0.405712
3.8809 0.983822 0.432044
3.90427 0.993334 0.386627
3.91664 0.997958 0.357568
3.93531 1.00526 0.372725
3.95145 1.01226 0.409523
3.98205 1.02775 0.468588
4.01025 1.04186 0.463844
4.04606 1.06178 0.507748
4.07712 1.07763 0.471717
4.11953 1.09884 0.463749
4.16062 1.11869 0.45003
4.1984 1.1383 0.478769
4.23583 1.15806 0.485757
4.26714 1.17528 0.502881
4.29229 1.18928 0.507987
4.31614 1.20259 0.50883
4.33149 1.21099 0.50069
4.34429 1.21793 0.496919
4.35461 1.2232 0.47216
4.36771 1.2296 0.454465
4.38959 1.24031 0.455265
4.39593 1.2433 0.440526
4.41886 1.25182 0.355773
4.44708 1.26243 0.359479
4.46455 1.26925 0.372505
4.48688 1.27796 0.371845
4.50333 1.2833 0.313992
4.53782 1.29277 0.267833
4.54819 1.29558 0.265043
4.57056 1.2998 0.186144
4.59163 1.30465 0.226569
4.6108 1.31023 0.283333
4.62398 1.31465 0.323276
4.63958 1.32043 0.354741
4.67048 1.33117 0.334655
4.69932 1.34077 0.32124
4.71791 1.34669 0.308192
4.72514 1.34917 0.330417
4.73765 1.3535 0.333455
4.75229 1.35831 0.31716
4.75303 1.35852 0.276709
4.76431 1.3618 0.2835
4.7809 1.36736 0.323228
4.80865 1.37782 0.360448
4.82601 1.38402 0.343149
4.83386 1.38677 0.336319
4.84233 1.38945 0.307404
4.86795 1.39789 0.318011
4.88796 1.40458 0.322861
4.90831 1.41226 0.360472
4.93461 1.42242 0.368869
4.95224 1.42978 0.395132
4.96973 1.43751 0.416501
4.99443 1.4473 0.377399
5.00388 1.45094 0.36739
5.01363 1.4549 0.385793
5.02732 1.46034 0.378235
5.04408 1.4678 0.4188
5.05849 1.47407 0.410247
5.0715 1.47973 0.410579
5.08473 1.48562 0.418747
5.09674 1.49125 0.438359
5.10084 1.4932 0.444684
5.11752 1.50105 0.439651
5.12917 1.50617 0.414041
5.15111 1.51579 0.413088
5.17765 1.52756 0.417418
5.19404 1.53524 0.438463
5.22537 1.55023 0.446306
5.24141 1.5585 0.476001
5.26737 1.57111 0.452191
True
0.0532137
