4.46915 -0.0126217 -2.75324
4.43417 -0.029399 -2.69433
4.42218 -0.0355469 -2.66784
4.38369 -0.058203 -2.60964
4.34619 -0.0828064 -2.56094
4.31309 -0.10589 -2.53258
4.2759 -0.130995 -2.54779
4.2409 -0.158282 -2.47943
4.20268 -0.189003 -2.4645
4.17691 -0.21131 -2.42812
4.14329 -0.243858 -2.37238
4.11168 -0.278702 -2.30758
4.09027 -0.304097 -2.27143
4.06805 -0.334886 -2.19582
4.04312 -0.36612 -2.24443
4.01434 -0.406983 -2.18437
3.98628 -0.447609 -2.1753
3.95976 -0.485633 -2.17971
3.93107 -0.526576 -2.18217
3.90691 -0.56583 -2.12239
3.88206 -0.606466 -2.11965
3.85865 -0.650645 -2.05811
3.83492 -0.694654 -2.06537
3.8147 -0.731169 -2.07646
3.79319 -0.775808 -2.01977
3.77707 -0.810487 -2.00606
3.76483 -0.841457 -1.94703
3.752 -0.881892 -1.87807
3.73839 -0.924805 -1.87784
3.72624 -0.964826 -1.86565
3.71155 -1.00881 -1.89316
3.69797 -1.05682 -1.84642
3.68106 -1.10355 -1.91809
3.67111 -1.13351 -1.89129
3.65463 -1.17732 -1.93063
3.63632 -1.22377 -1.94618
3.62043 -1.26708 -1.92243
3.602 -1.31247 -1.95667
3.5884 -1.3422 -1.99972
3.56777 -1.38761 -1.99728
3.54575 -1.4325 -2.02671
3.52558 -1.47349 -2.02817
3.50355 -1.51837 -2.027
3.48111 -1.56285 -2.03804
3.45841 -1.60572 -2.05784
3.43626 -1.64965 -2.03786
3.4158 -1.69201 -2.0208
3.39385 -1.73691 -2.02542
3.37333 -1.77966 -2.01823
3.35261 -1.82427 -2.00576
3.33359 -1.87043 -1.96162
3.31585 -1.91315 -1.96436
3.29861 -1.95445 -1.96621
3.27834 -2.00016 -1.9882
3.26123 -2.03684 -2.00716
3.24042 -2.08206 -2.00212
3.21696 -2.12621 -2.05917
3.19062 -2.16869 -2.12602
3.16647 -2.20335 -2.17925
3.14644 -2.23443 -2.14318
3.13428 -2.25333 -2.1429
3.10856 -2.28971 -2.18617
3.08584 -2.31909 -2.22886
3.05853 -2.35466 -2.22574
3.02865 -2.39409 -2.21924
3.00034 -2.43131 -2.22098
2.97077 -2.47034 -2.21915
2.94868 -2.49852 -2.23571
2.91677 -2.53564 -2.28087
2.89108 -2.56339 -2.31775
2.86141 -2.59455 -2.33157
2.84275 -2.61388 -2.33857
2.81632 -2.6406 -2.35088
2.78499 -2.67258 -2.3459
2.75556 -2.70077 -2.37763
2.72159 -2.73272 -2.38691
2.68615 -2.76799 -2.35862
2.65281 -2.80056 -2.36785
2.62253 -2.82835 -2.39912
2.59535 -2.85377 -2.38953
2.55705 -2.88592 -2.44322
2.51782 -2.91689 -2.47335
2.4773 -2.94617 -2.51594
2.43726 -2.97608 -2.49987
2.39935 -3.00323 -2.52012
2.35913 -3.03293 -2.50561
2.32681 -3.05949 -2.45367
2.28734 -3.08939 -2.49326
2.24686 -3.11588 -2.56215
2.20842 -3.14317 -2.52427
2.17492 -3.16592 -2.54504
2.13497 -3.19267 -2.55141
2.09754 -3.21887 -2.53099
2.06361 -3.24211 -2.54106
2.02195 -3.26974 -2.55588
1.99349 -3.28823 -2.5657
1.96441 -3.30683 -2.57235
1.92217 -3.33359 -2.57704
1.87944 -3.35931 -2.59963
1.84312 -3.38038 -2.61602
1.80045 -3.40604 -2.60022
1.75714 -3.43103 -2.61804
1.71671 -3.45371 -2.63048
1.67601 -3.47661 -2.62914
1.63431 -3.49931 -2.64298
1.60299 -3.51507 -2.67552
1.56061 -3.53417 -2.71814
1.51475 -3.55369 -2.73922
1.47702 -3.56929 -2.74947
1.4424 -3.58217 -2.78555
1.41151 -3.59491 -2.75033
1.36565 -3.61477 -2.73293
1.33228 -3.62904 -2.73756
1.28554 -3.64668 -2.78073
1.248 -3.65985 -2.80401
1.20573 -3.67658 -2.76484
1.16098 -3.69243 -2.80109
1.13067 -3.7044 -2.76551
1.08548 -3.71959 -2.81733
1.04165 -3.73479 -2.80774
0.994791 -3.75171 -2.79511
0.947164 -3.76691 -2.83264
0.908457 -3.77851 -2.85058
0.860026 -3.79086 -2.89174
0.82001 -3.79964 -2.92564
0.778897 -3.80569 -2.99549
0.740655 -3.81296 -2.95386
0.698498 -3.81967 -2.98356
0.65434 -3.82712 -2.97453
0.605886 -3.83258 -3.02935
0.568173 -3.83736 -3.01569
0.534626 -3.84196 -3.00511
0.484911 -3.84708 -3.03899
0.435009 -3.8497 -3.08925
0.399511 -3.85202 -3.07613
0.351595 -3.85639 -3.05071
0.310773 -3.8594 -3.06792
0.262012 -3.86399 -3.04783
0.21488 -3.86918 -3.03188
0.166553 -3.8744 -3.03401
0.119614 -3.87865 -3.05136
0.0699398 -3.88145 -3.08519
0.0214785 -3.88382 -3.09271
-0.0264812 -3.88632 -3.08954
-0.0745624 -3.88632 -3.14165
-0.124506 -3.88863 3.18784
-0.161994 -3.8888 -3.13697
-0.211819 -3.88733 -3.17113
-0.260845 -3.88522 3.09865
-0.305177 -3.88275 3.08596
-0.354796 -3.87997 3.08545
-0.401536 -3.87748 3.08836
-0.451143 -3.87397 3.0711
-0.500648 -3.86795 3.02044
-0.549703 -3.86383 3.05796
-0.58916 -3.85887 3.01657
-0.637581 -3.8533 3.02702
-0.687045 -3.84621 2.99915
-0.726706 -3.84117 3.01522
-0.773175 -3.83396 2.98759
-0.820825 -3.82738 3.00443
-0.868371 -3.82355 3.06114
-0.91825 -3.82018 3.07421
-0.967973 -3.81559 3.04957
-1.00924 -3.8129 3.07655
-1.04687 -3.81134 3.1002
-1.08427 -3.8092 3.08436
-1.1229 -3.80812 3.11353
-1.17203 -3.80409 3.05978
-1.21734 -3.79814 3.01113
-1.26163 -3.79092 2.97993
-1.30344 -3.78318 2.95859
-1.35223 -3.7748 2.97138
-1.40102 -3.7641 2.9258
-1.44901 -3.75342 2.92256
-1.49753 -3.74158 2.90223
-1.54459 -3.731 2.92058
-1.58994 -3.71996 2.90266
-1.62817 -3.71249 2.94881
-1.6733 -3.70264 2.92665
-1.72166 -3.69035 2.89271
-1.76906 -3.67759 2.87855
-1.81678 -3.66498 2.88339
-1.85986 -3.6527 2.86387
-1.90845 -3.64121 2.90938
-1.95651 -3.62864 2.88567
-1.99857 -3.61807 2.89558
-2.04437 -3.60675 2.89928
-2.08967 -3.59485 2.88473
-2.1291 -3.58503 2.89745
-2.17804 -3.57519 2.94316
-2.22206 -3.56573 2.92996
-2.26772 -3.55628 2.93736
-2.31143 -3.54897 2.97605
-2.35567 -3.54002 2.94183
-2.39252 -3.53212 2.93053
-2.43961 -3.52093 2.90826
-2.48579 -3.51053 2.92002
-2.53111 -3.49868 2.88591
-2.57681 -3.48662 2.88355
-2.61209 -3.47736 2.88486
-2.64469 -3.46812 2.86543
-2.66865 -3.46198 2.89076
-2.70947 -3.45179 2.89711
-2.7495 -3.44203 2.90227
-2.78946 -3.43079 2.86744
-2.81966 -3.4222 2.86453
-2.8483 -3.41495 2.8937
-2.89459 -3.40352 2.89956
-2.91697 -3.39864 2.92689
-2.95782 -3.39004 2.93408
-2.98605 -3.38418 2.93675
-3.00807 -3.3789 2.90624
-3.0337 -3.3722 2.88594
-3.07126 -3.3628 2.89639
-3.11869 -3.35149 2.90742
-3.13848 -3.347 2.91868
-3.15821 -3.34307 2.94496
-3.17662 -3.33996 2.9745
-3.19886 -3.33529 2.93461
-3.21726 -3.33163 2.94521
-3.22785 -3.32951 2.94391
-3.24849 -3.3252 2.93581
-3.27665 -3.31878 2.91717
-3.31282 -3.31193 2.95443
-3.34064 -3.30817 3.00727
-3.37856 -3.3033 3.01385
-3.41587 -3.29881 3.02193
-3.44375 -3.29545 3.02176
-3.46657 -3.2933 3.04744
-3.50509 -3.28943 3.04153
-3.54398 -3.28446 3.0146
-3.57138 -3.27999 2.97966
-3.60664 -3.27471 2.99312
-3.64419 -3.26881 2.98568
-3.67566 -3.26321 2.96529
-3.68281 -3.26201 2.97609
-3.70167 -3.25956 3.01237
-3.71389 -3.25841 3.04795
-3.71692 -3.25822 3.07793
-3.73201 -3.25788 3.11913
-3.74975 -3.25747 3.1185
-3.77684 -3.25541 3.06555
-3.79219 -3.25394 3.0462
-3.80316 -3.25255 3.01527
-3.81621 -3.25057 2.99162
-3.82044 -3.24974 2.94781
-3.83323 -3.24704 2.9329
-3.84749 -3.24365 2.90846
-3.85891 -3.24066 2.88597
-3.87171 -3.23747 2.89733
-3.88363 -3.23477 2.91831
-3.90382 -3.23004 2.91168
-3.92213 -3.22606 2.9276
-3.93815 -3.22184 2.88364
-3.96258 -3.21513 2.87365
-3.97712 -3.21174 2.91273
-3.99254 -3.20762 2.88048
-4.00719 -3.20386 2.89027
-4.01061 -3.20316 2.94071
-4.02171 -3.20123 2.96912
-4.03457 -3.19909 2.97665
-4.04345 -3.1976 2.97525
-4.04834 -3.19675 2.9695
-4.04895 -3.19666 3.00391
-4.05334 -3.19612 3.01746
-4.06125 -3.19495 2.99574
-4.06879 -3.19393 3.00602
-4.07868 -3.19318 3.06586
-4.09151 -3.19283 3.11462
-4.09783 -3.19272 3.12461
-4.11206 -3.19261 3.13389
-4.11756 -3.19237 3.09676
-4.13533 -3.19161 3.09892
-4.15132 -3.1908 3.09109
-4.15882 -3.19041 3.08988
-4.16774 -3.19005 3.10125
-4.17109 -3.19003 3.13498
-4.17279 -3.19008 3.17206
-4.18443 -3.19043 -3.11131
-4.20141 -3.19063 -3.12977
-4.20633 -3.1906 -3.14846
True
0.0658191
