-5.46726 0.77601 -0.0341571
-5.43199 0.771074 -0.139043
-5.38488 0.76724 -0.081196
-5.34598 0.765885 -0.0348281
-5.29713 0.763898 -0.0406454
-5.24765 0.762183 -0.034655
-5.20383 0.761038 -0.0261096
-5.15406 0.756925 -0.0824447
-5.1055 0.75487 -0.0423146
-5.05887 0.752729 -0.045878
-5.00914 0.748044 -0.093911
-4.95928 0.746344 -0.0340839
-4.91078 0.745603 -0.015287
-4.86348 0.74557 -0.000693244
-4.81614 0.747855 0.0482238
-4.7678 0.74965 0.0371179
-4.71782 0.749654 9.44026e-05
-4.66949 0.75055 0.0185314
-4.62085 0.75029 -0.00535537
-4.57113 0.74676 -0.0708673
-4.52145 0.742759 -0.0803632
-4.476 0.739002 -0.0824795
-4.42901 0.734978 -0.0854243
-4.38667 0.732106 -0.0677294
-4.33892 0.725482 -0.137836
-4.31191 0.722592 -0.106594
-4.28314 0.719403 -0.110408
-4.24603 0.714497 -0.131452
-4.19783 0.709732 -0.0985271
-4.15778 0.705913 -0.0950586
-4.11552 0.701165 -0.111889
-4.07135 0.697475 -0.0833501
-4.02157 0.693248 -0.0847118
-3.9766 0.690426 -0.0626785
-3.9268 0.686075 -0.0871258
-3.88244 0.682939 -0.0705969
-3.84004 0.680568 -0.0558559
-3.798 0.67646 -0.0974159
-3.74941 0.672326 -0.0848558
-3.7022 0.669661 -0.0564086
-3.65646 0.667891 -0.0386639
-3.60778 0.66612 -0.0363797
-3.56388 0.665013 -0.025212
-3.52375 0.663556 -0.0362725
-3.47436 0.662153 -0.028413
-3.42449 0.658565 -0.0718279
-3.37633 0.654822 -0.0775601
-3.32686 0.64925 -0.112146
-3.27702 0.645432 -0.0764555
-3.23429 0.640226 -0.12125
-3.18443 0.637752 -0.049583
-3.13457 0.635261 -0.0499181
-3.08478 0.63439 -0.0174854
-3.03482 0.633717 -0.0134762
-2.98866 0.632594 -0.0243234
-2.93878 0.631888 -0.0141501
-2.89359 0.632775 0.0196342
-2.84375 0.631859 -0.0183731
-2.79882 0.631554 -0.00678829
-2.74933 0.630513 -0.0210477
-2.70726 0.627331 -0.0754679
-2.65888 0.626551 -0.0161356
-2.60948 0.626938 0.0078448
-2.56211 0.626487 -0.00951839
-2.51791 0.625139 -0.0304939
-2.47639 0.623729 -0.0339559
-2.43784 0.621894 -0.0475783
-2.38929 0.620026 -0.0384394
-2.34169 0.615912 -0.0862189
-2.30038 0.611916 -0.0964293
-2.25071 0.606165 -0.115271
-2.20518 0.599041 -0.155201
-2.15586 0.592143 -0.138955
-2.10832 0.583768 -0.174389
-2.05922 0.57548 -0.167245
-2.01563 0.569582 -0.134457
-1.96638 0.563583 -0.12122
-1.91665 0.559123 -0.0894307
-1.86837 0.556789 -0.0483135
-1.82226 0.555797 -0.0215094
-1.77756 0.551151 -0.103575
-1.72996 0.545989 -0.108022
-1.68027 0.540431 -0.111395
-1.63208 0.535088 -0.110425
-1.58327 0.529725 -0.109421
-1.54301 0.526153 -0.0885061
-1.50311 0.522421 -0.0932739
-1.45618 0.519123 -0.0701546
-1.40938 0.515349 -0.0804639
-1.3607 0.509117 -0.12732
-1.31185 0.503629 -0.111893
-1.26276 0.498036 -0.113424
-1.21776 0.490622 -0.16328
-1.16863 0.482769 -0.158534
-1.11974 0.475132 -0.154941
-1.07045 0.467053 -0.162454
-1.02106 0.460553 -0.130865
-0.986184 0.458001 -0.073046
-0.938819 0.453541 -0.0938769
-0.890248 0.446424 -0.145492
-0.850899 0.43784 -0.214788
-0.801907 0.427878 -0.200612
-0.753689 0.415436 -0.252524
-0.70509 0.403951 -0.232056
-0.665372 0.39376 -0.251182
-0.61709 0.380899 -0.260311
-0.569762 0.366346 -0.298324
-0.523012 0.351785 -0.301934
-0.484985 0.340325 -0.292714
-0.437662 0.325329 -0.30689
-0.389921 0.310473 -0.301683
-0.342798 0.295326 -0.31099
-0.296311 0.278935 -0.338993
-0.248851 0.263205 -0.320038
-0.202348 0.244901 -0.374985
-0.157796 0.227717 -0.368121
-0.110541 0.211399 -0.332492
-0.0666589 0.194639 -0.36485
-0.0229281 0.178943 -0.344595
0.0240094 0.161731 -0.351476
0.0712113 0.145269 -0.335558
0.117093 0.129293 -0.33509
0.162846 0.110583 -0.38818
0.2049 0.0940555 -0.374452
0.237033 0.0814051 -0.375054
0.276726 0.0687064 -0.309633
0.3242 0.054326 -0.294129
0.364792 0.0397809 -0.344073
0.408047 0.0262196 -0.303808
0.454609 0.00859633 -0.361829
0.502034 -0.00714923 -0.32056
0.539248 -0.0197041 -0.325376
0.575006 -0.0313223 -0.314152
0.61668 -0.0450267 -0.31771
0.664023 -0.0608785 -0.323097
0.708744 -0.075713 -0.320292
0.75484 -0.0933813 -0.366017
0.801663 -0.110607 -0.352518
0.848499 -0.128109 -0.357625
0.895837 -0.144064 -0.325078
0.937987 -0.156464 -0.286117
0.983584 -0.169297 -0.274352
1.02332 -0.179045 -0.240549
1.06446 -0.188257 -0.220314
1.1112 -0.198829 -0.222459
1.15662 -0.210176 -0.24478
1.20537 -0.219519 -0.189375
1.25357 -0.228367 -0.18153
1.29808 -0.236894 -0.189272
1.34725 -0.24581 -0.179387
1.3823 -0.249652 -0.10916
1.43165 -0.25461 -0.100145
1.4773 -0.25776 -0.0688893
1.52685 -0.263153 -0.108424
1.56799 -0.266932 -0.0915889
1.61727 -0.270302 -0.0682833
1.66036 -0.272474 -0.0503542
1.70596 -0.27581 -0.0730428
1.75571 -0.279359 -0.0712008
1.80473 -0.28364 -0.087117
1.85165 -0.288233 -0.0975808
1.89692 -0.291415 -0.0701808
1.93955 -0.294183 -0.0648428
1.97316 -0.298288 -0.121515
2.0116 -0.302344 -0.105152
2.0511 -0.304337 -0.0503839
2.10077 -0.308669 -0.0870131
2.13634 -0.311482 -0.0789148
2.1795 -0.311052 0.0099643
2.22847 -0.309934 0.0228213
2.27844 -0.310612 -0.0135525
2.32509 -0.311102 -0.0105108
2.37389 -0.313087 -0.0406641
2.42373 -0.313261 -0.00348899
2.46555 -0.315378 -0.0505672
2.51272 -0.318787 -0.0721507
2.56253 -0.322147 -0.0673447
2.61116 -0.324893 -0.0564094
2.64922 -0.323472 0.0373224
2.69133 -0.320815 0.0630068
2.74114 -0.317338 0.0696865
2.79103 -0.314976 0.0473189
2.83642 -0.313 0.0434928
2.88072 -0.310191 0.0633156
2.92925 -0.308856 0.0275148
2.97553 -0.308504 0.0076005
3.01748 -0.308417 0.00207544
3.0616 -0.308025 0.00888304
3.1085 -0.307091 0.0199089
3.15452 -0.305483 0.0349454
3.19592 -0.301327 0.100042
3.22999 -0.297585 0.109392
3.26864 -0.292798 0.123252
3.29931 -0.28792 0.157686
3.3458 -0.282099 0.124546
3.39088 -0.277954 0.091698
3.43396 -0.273406 0.105191
3.48253 -0.265706 0.157241
3.51619 -0.25978 0.174256
3.56161 -0.249724 0.217888
3.60848 -0.239059 0.223729
3.6572 -0.228901 0.205521
3.70257 -0.220457 0.184029
3.73669 -0.215559 0.142587
3.77306 -0.211041 0.123596
3.82127 -0.206761 0.0885355
3.86228 -0.203677 0.0750483
3.90373 -0.200953 0.0656318
3.94545 -0.197729 0.0771155
3.98795 -0.193226 0.105583
4.01464 -0.191312 0.0715645
4.02906 -0.190592 0.049915
4.04864 -0.190704 -0.00574418
4.06686 -0.190739 -0.00188557
4.09643 -0.18987 0.0293621
4.12431 -0.190245 -0.0134589
4.13437 -0.190337 -0.00909222
4.13803 -0.190464 -0.0346584
4.15141 -0.190247 0.0162054
4.17082 -0.189627 0.031937
4.19994 -0.188037 0.0545316
4.21179 -0.187273 0.0643694
4.2314 -0.18545 0.0927179
4.24768 -0.183894 0.0952942
4.26635 -0.182386 0.0806167
4.2766 -0.18143 0.0929507
4.2832 -0.180431 0.150174
4.29567 -0.178531 0.151284
4.31564 -0.17564 0.143761
4.33974 -0.171798 0.158048
4.373 -0.168049 0.112264
4.41509 -0.167167 0.0209512
4.45292 -0.165043 0.0560811
4.48405 -0.163335 0.0548302
4.51052 -0.162208 0.0425267
4.53272 -0.160959 0.056223
4.54418 -0.160189 0.067074
4.56564 -0.157982 0.102499
4.58243 -0.155866 0.1253
4.60614 -0.153739 0.0894864
4.62421 -0.152068 0.0922056
4.64781 -0.150562 0.0637555
4.68007 -0.149813 0.0232105
4.71828 -0.151223 -0.0368971
4.75681 -0.152966 -0.0451728
4.79943 -0.154924 -0.0459346
4.83248 -0.155935 -0.030573
4.86984 -0.155778 0.00420717
4.90603 -0.152589 0.0878842
4.94794 -0.148053 0.107839
4.97022 -0.144955 0.138152
5.001 -0.142 0.0956951
5.01126 -0.140748 0.121406
5.01973 -0.139903 0.099483
5.03024 -0.139036 0.0822931
5.04267 -0.13764 0.111906
5.04986 -0.136749 0.123238
5.0582 -0.135701 0.125001
5.0633 -0.135026 0.131528
5.07113 -0.13388 0.145397
5.07767 -0.133143 0.112272
5.09241 -0.131411 0.116942
5.11363 -0.129346 0.0970032
5.12987 -0.127231 0.129477
5.13601 -0.126197 0.166844
5.143 -0.124879 0.186379
5.15509 -0.121644 0.261551
5.15914 -0.120426 0.292244
5.17473 -0.116194 0.265008
5.17536 -0.116057 0.212572
5.18433 -0.114209 0.203271
5.19539 -0.111675 0.225305
5.19621 -0.111467 0.248656
5.19863 -0.110874 0.239611
5.20435 -0.109449 0.244443
True
0.266874
