-5.47592 0.0969024 0.367132
-5.44518 0.10618 0.293106
-5.39722 0.118802 0.25733
-5.35181 0.133592 0.314861
-5.30442 0.148463 0.30406
-5.26671 0.15785 0.244018
-5.21897 0.169592 0.241156
-5.17763 0.180714 0.26285
-5.13142 0.19206 0.240751
-5.0836 0.204452 0.25356
-5.03604 0.219773 0.311664
-4.98816 0.2317 0.244132
-4.94636 0.243487 0.274834
-4.90045 0.256557 0.277329
-4.85784 0.270559 0.31749
-4.81492 0.283464 0.292102
-4.76815 0.29693 0.280303
-4.72048 0.311112 0.289218
-4.67286 0.326302 0.308753
-4.62524 0.341516 0.309215
-4.57907 0.355734 0.298743
-4.53334 0.370286 0.308109
-4.49196 0.383112 0.300538
-4.44999 0.395171 0.279794
-4.41614 0.405403 0.293526
-4.36875 0.421113 0.320121
-4.32091 0.434116 0.265372
-4.27323 0.449046 0.3035
-4.23143 0.463686 0.33688
-4.18458 0.478772 0.311504
-4.13673 0.493026 0.289505
-4.09019 0.506184 0.275544
-4.04475 0.517543 0.244949
-3.99634 0.529521 0.242542
-3.95311 0.539567 0.228382
-3.90903 0.550651 0.246353
-3.86941 0.562468 0.289838
-3.82323 0.57866 0.337209
-3.77621 0.595666 0.347038
-3.72864 0.610975 0.311362
-3.6873 0.623265 0.288972
-3.64286 0.637858 0.317268
-3.59587 0.654712 0.34438
-3.55083 0.67066 0.340351
-3.50698 0.685439 0.325019
-3.45909 0.699789 0.291162
-3.42049 0.712562 0.319509
-3.37357 0.728953 0.336101
-3.32693 0.746435 0.358689
-3.28083 0.763032 0.34551
-3.24069 0.77684 0.331304
-3.20105 0.789632 0.312201
-3.16279 0.801815 0.308229
-3.11717 0.815453 0.290502
-3.07387 0.827954 0.281055
-3.02651 0.841015 0.269112
-2.97839 0.853974 0.263068
-2.93243 0.865761 0.251072
-2.88434 0.879436 0.27704
-2.83778 0.889296 0.208683
-2.79505 0.89926 0.229093
-2.74892 0.912374 0.276971
-2.70727 0.92559 0.307254
-2.66755 0.937074 0.281438
-2.61918 0.949001 0.241746
-2.58144 0.959845 0.279823
-2.53311 0.972641 0.258805
-2.49127 0.983134 0.245725
-2.44548 0.993695 0.22669
-2.39745 1.00437 0.218626
-2.35005 1.01685 0.257608
-2.30301 1.02944 0.26136
-2.25929 1.04041 0.245924
-2.21292 1.05197 0.244391
-2.16566 1.06593 0.287084
-2.1215 1.07991 0.306632
-2.07414 1.09587 0.325081
-2.0264 1.10927 0.273565
-1.98284 1.1191 0.221919
-1.93417 1.12996 0.219612
-1.8859 1.1428 0.259918
-1.83974 1.15191 0.194995
-1.79811 1.16166 0.230053
-1.74962 1.17323 0.234196
-1.70081 1.18387 0.214651
-1.65838 1.1966 0.291542
-1.61047 1.21079 0.287921
-1.56526 1.22367 0.277516
-1.52349 1.23461 0.256037
-1.4818 1.24619 0.271065
-1.43414 1.25787 0.240204
-1.39282 1.26824 0.246014
-1.34517 1.28013 0.244489
-1.31502 1.28752 0.240353
-1.26993 1.2971 0.209397
-1.22288 1.30926 0.25284
-1.17413 1.31977 0.212491
-1.12645 1.33231 0.257077
-1.08314 1.34499 0.284749
-1.04601 1.35391 0.235817
-1.00372 1.36499 0.25634
-0.957962 1.37666 0.249647
-0.910521 1.38611 0.196697
-0.877822 1.39376 0.229675
-0.839426 1.4029 0.233759
-0.790954 1.41503 0.245097
-0.742303 1.42656 0.232766
-0.695454 1.43862 0.251937
-0.653794 1.44763 0.213068
-0.604933 1.45824 0.213844
-0.555874 1.46781 0.192565
-0.513739 1.47481 0.164723
-0.466101 1.48185 0.146732
-0.417279 1.49039 0.173156
-0.368055 1.49663 0.126094
-0.332377 1.50129 0.129765
-0.284713 1.50767 0.13304
-0.235296 1.51102 0.0676744
-0.185544 1.51598 0.0994892
-0.136064 1.52055 0.0919745
-0.102416 1.5244 0.114002
-0.0579495 1.52954 0.115085
-0.0299613 1.53196 0.0861451
0.0175178 1.53465 0.0567206
0.067363 1.53679 0.0428528
0.113453 1.53904 0.0488147
0.162985 1.54203 0.0603152
0.20768 1.54303 0.0222263
0.257564 1.54607 0.0608587
0.306534 1.55084 0.0971702
0.351085 1.55353 0.06032
0.400816 1.5582 0.0935867
0.449652 1.56466 0.131614
0.499045 1.57209 0.14926
0.545098 1.57989 0.167691
0.594266 1.58892 0.181792
0.642916 1.59634 0.151249
0.692061 1.60407 0.15599
0.740065 1.61062 0.135611
0.789524 1.61692 0.126734
0.838821 1.62247 0.112092
0.88534 1.62941 0.148069
0.932778 1.63658 0.150019
0.968545 1.64234 0.159812
1.01702 1.65148 0.186235
1.05882 1.66016 0.204829
1.10341 1.67055 0.228855
1.15199 1.68141 0.220019
1.19979 1.69607 0.29749
1.24704 1.70937 0.274451
1.29294 1.72462 0.320731
1.3373 1.7376 0.284786
1.3842 1.75184 0.29461
1.43144 1.76821 0.333723
1.46382 1.77862 0.310901
1.51125 1.79436 0.320416
1.55428 1.80774 0.301582
1.59248 1.81979 0.305501
1.62779 1.83031 0.289655
1.67069 1.84394 0.307525
1.71232 1.85718 0.307898
1.75857 1.86868 0.24385
1.80582 1.885 0.332484
1.84814 1.89877 0.314469
1.8919 1.91536 0.362473
1.93603 1.92928 0.305513
1.98223 1.94484 0.324912
2.02043 1.95837 0.340293
2.06749 1.97435 0.327418
2.11381 1.99011 0.327993
2.1488 2.00385 0.37405
2.19004 2.02068 0.387512
2.23366 2.03957 0.408731
2.2767 2.05642 0.373144
2.32252 2.07548 0.394222
2.36962 2.09215 0.34009
2.41702 2.10803 0.323325
2.46356 2.12302 0.311628
2.50858 2.13977 0.3562
2.54821 2.15485 0.363565
2.59529 2.17141 0.338198
2.63678 2.18649 0.348645
2.68004 2.20186 0.341346
2.72626 2.21962 0.366868
2.77302 2.237 0.355942
2.80924 2.24965 0.335828
2.84688 2.26434 0.372041
2.89054 2.28118 0.368336
2.93652 2.29636 0.318693
2.98469 2.30976 0.271378
3.02977 2.32441 0.314338
3.06329 2.33517 0.310585
3.09876 2.34756 0.336062
3.14604 2.36353 0.325706
3.19012 2.37814 0.320028
3.23508 2.3916 0.290863
3.27827 2.40441 0.288257
3.32217 2.41811 0.302507
3.3595 2.42949 0.296095
3.40099 2.44269 0.308017
3.44193 2.45553 0.303872
3.4792 2.46693 0.296774
3.52448 2.48129 0.307215
3.5703 2.49588 0.308093
3.61722 2.5128 0.346103
3.66323 2.52852 0.329315
3.68349 2.53496 0.307527
3.71946 2.54921 0.377282
3.74823 2.56042 0.371662
3.78612 2.57591 0.388118
3.82147 2.58978 0.373874
3.85723 2.60306 0.355519
3.9027 2.62049 0.366059
3.94124 2.63271 0.306922
3.96736 2.64157 0.327066
3.98242 2.6465 0.31668
3.99504 2.65132 0.364681
4.01959 2.66128 0.385216
4.03875 2.66915 0.389891
4.05663 2.67599 0.365507
4.09023 2.68941 0.380036
4.12393 2.70378 0.403055
4.16846 2.72159 0.380409
4.18967 2.73109 0.421288
4.22383 2.74738 0.444905
4.26592 2.76667 0.429816
4.28016 2.77327 0.433607
4.30626 2.78534 0.433011
4.32356 2.79342 0.437455
4.33301 2.79733 0.392189
4.35724 2.80767 0.403445
4.37067 2.81385 0.431157
4.40032 2.82732 0.426269
4.43065 2.83986 0.391955
4.4739 2.85667 0.370942
4.51926 2.87182 0.322275
4.55659 2.88459 0.329466
4.58395 2.8966 0.4137
4.59773 2.903 0.434849
4.61695 2.91216 0.444589
4.63849 2.92262 0.452017
4.66397 2.93349 0.403474
4.67026 2.93641 0.435119
4.67349 2.93796 0.446655
4.68594 2.94384 0.440934
4.70416 2.95232 0.435666
4.72262 2.96073 0.427655
4.74495 2.96964 0.379374
4.76821 2.97782 0.338227
4.80271 2.98905 0.314657
4.82166 2.99458 0.2841
4.86281 3.00594 0.2693
4.89217 3.01368 0.257764
4.9056 3.01679 0.227824
4.92109 3.02035 0.22586
4.94183 3.02579 0.256298
4.95936 3.03094 0.28587
4.97887 3.03818 0.355589
4.98629 3.04095 0.356889
4.99407 3.04381 0.352405
5.00784 3.0488 0.347545
5.02524 3.05423 0.30265
5.03783 3.05807 0.296039
5.05175 3.06166 0.252464
5.06214 3.06363 0.187222
5.06696 3.06466 0.210545
5.08487 3.06912 0.244055
5.09403 3.07176 0.279966
5.10635 3.07561 0.303114
5.11323 3.07789 0.320036
5.12071 3.0803 0.312503
5.13359 3.08423 0.296047
5.14379 3.08735 0.296187
5.15482 3.09071 0.295868
5.16786 3.09505 0.32172
5.17381 3.09685 0.293937
5.17675 3.09783 0.32012
5.18825 3.10201 0.34878
5.1991 3.10583 0.337964
5.20809 3.10931 0.369742
5.20902 3.10964 0.345213
5.21229 3.11107 0.410314
5.21753 3.11346 0.42789
5.22413 3.11664 0.449649
5.23016 3.11947 0.438114
5.23142 3.12005 0.434909
5.23767 3.12335 0.485332
5.24575 3.12766 0.490261
True
0.0667583
