4.4587 0.013983 2.81512
4.41542 0.0267931 2.85383
4.38186 0.0395524 2.77827
4.35984 0.0488433 2.74229
4.31772 0.0701299 2.67367
4.28296 0.0922333 2.57526
4.25438 0.112208 2.5315
4.21875 0.13883 2.49992
4.18186 0.17165 2.41458
4.15665 0.195247 2.3892
4.12692 0.229205 2.28984
4.10731 0.254088 2.23837
4.07919 0.293057 2.19576
4.06967 0.307975 2.13896
4.05568 0.329446 2.14825
4.03128 0.371783 2.09365
4.01058 0.406348 2.11035
3.9884 0.450959 2.03228
3.96702 0.495223 2.02064
3.94851 0.531752 2.03996
3.93361 0.56207 2.02743
3.92321 0.585741 1.98494
3.91034 0.614867 1.98682
3.89004 0.660469 1.98964
3.86986 0.706081 1.98726
3.85336 0.750426 1.92703
3.8346 0.795431 1.9657
3.81513 0.841281 1.97248
3.80018 0.874409 1.9947
3.78164 0.910162 2.04904
3.76488 0.947477 1.99307
3.74337 0.991206 2.02785
3.72546 1.03105 1.9933
3.7046 1.07626 2.00322
3.6861 1.11539 2.0122
3.66725 1.15856 1.98253
3.65736 1.17945 2.01291
3.64039 1.22086 1.95994
3.62541 1.25741 1.95961
3.60986 1.29202 1.99317
3.59327 1.32947 1.98775
3.57795 1.3657 1.97077
3.5598 1.40861 1.97098
3.54073 1.45483 1.96203
3.52233 1.5013 1.94782
3.50696 1.54113 1.93904
3.49053 1.58446 1.93345
3.4721 1.62912 1.96218
3.45142 1.67464 1.99715
3.43186 1.72062 1.97304
3.41842 1.74919 2.01045
3.39902 1.79304 1.98736
3.37876 1.83154 2.05504
3.36073 1.86824 2.0275
3.33864 1.9125 2.03376
3.31961 1.94505 2.10002
3.3034 1.97459 2.07271
3.27755 2.01738 2.11409
3.25167 2.05945 2.12235
3.22619 2.10246 2.10558
3.20564 2.13606 2.11971
3.18078 2.17926 2.09288
3.15834 2.21436 2.13972
3.13984 2.24466 2.11891
3.11944 2.28265 2.06353
3.09372 2.3255 2.11153
3.06968 2.36598 2.10677
3.04783 2.40021 2.13876
3.02309 2.44042 2.1223
2.9963 2.47564 2.22108
2.96468 2.5141 2.25906
2.93202 2.55196 2.28257
2.89996 2.59032 2.26695
2.86762 2.62841 2.27474
2.84255 2.65601 2.30806
2.80871 2.69281 2.31433
2.77918 2.72149 2.37092
2.75234 2.7476 2.36974
2.71621 2.78019 2.40783
2.68011 2.8132 2.40091
2.64748 2.84224 2.41425
2.611 2.87642 2.38877
2.57389 2.90976 2.40966
2.53529 2.9415 2.45331
2.49988 2.97229 2.42587
2.46871 2.99869 2.43897
2.43725 3.02383 2.46745
2.40742 3.04918 2.43708
2.36778 3.07849 2.50491
2.32963 3.10558 2.52414
2.28809 3.13341 2.55147
2.24938 3.15869 2.56286
2.20806 3.18578 2.56132
2.17604 3.20688 2.55896
2.13595 3.23649 2.50555
2.10091 3.25892 2.57203
2.06321 3.28296 2.57392
2.01991 3.30678 2.63878
1.97517 3.3291 2.67877
1.92999 3.35042 2.70072
1.88762 3.37164 2.67715
1.85835 3.38532 2.70446
1.82723 3.39944 2.71554
1.78102 3.41853 2.75004
1.73647 3.4374 2.74076
1.69856 3.45368 2.7361
1.65998 3.47089 2.72193
1.62849 3.48495 2.72186
1.5814 3.50175 2.79886
1.53518 3.51851 2.79365
1.48878 3.53403 2.81887
1.44667 3.54952 2.789
1.41272 3.56095 2.81691
1.38222 3.57119 2.81771
1.33505 3.58771 2.80463
1.29246 3.60416 2.7731
1.24536 3.62062 2.80528
1.20697 3.63504 2.78238
1.16002 3.65209 2.79316
1.11318 3.66951 2.7857
1.06531 3.68302 2.86642
1.02441 3.69412 2.87656
0.976308 3.70679 2.88406
0.92748 3.71713 2.9329
0.88404 3.72623 2.93511
0.835995 3.73679 2.92533
0.787011 3.74635 2.94888
0.748874 3.75241 2.98392
0.71056 3.7602 2.94108
0.669106 3.76838 2.94672
0.620333 3.77601 2.98643
0.572244 3.78356 2.98573
0.534105 3.78979 2.9797
0.4926 3.79628 2.98659
0.450021 3.80276 2.99047
0.400216 3.8071 3.05481
0.350639 3.81278 3.0274
0.30142 3.81677 3.06068
0.255172 3.81893 3.09499
0.205176 3.81946 3.13098
0.158307 3.82087 3.11144
0.118556 3.82172 3.1203
0.0686055 3.8238 3.09998
0.0186117 3.82451 3.12735
-0.0313824 3.82518 3.12818
-0.0781686 3.82406 3.16561
-0.127459 3.82219 -3.1037
-0.171287 3.82024 -3.09707
-0.221102 3.81597 -3.05612
-0.269098 3.81337 -3.08756
-0.311377 3.8102 -3.06671
-0.356269 3.80794 -3.09113
-0.404592 3.80434 -3.06734
-0.449556 3.80058 -3.05818
-0.484418 3.79609 -3.01348
-0.533909 3.7897 -3.01319
-0.576304 3.78452 -3.02001
-0.620669 3.77705 -2.97477
-0.667978 3.7686 -2.96493
-0.703846 3.76247 -2.97211
-0.744115 3.75448 -2.94576
-0.792872 3.74489 -2.94745
-0.841779 3.7345 -2.93212
-0.882901 3.72449 -2.90293
-0.925144 3.71433 -2.90556
-0.959254 3.70693 -2.92802
-1.00006 3.6963 -2.88662
-1.04788 3.68234 -2.85768
-1.09542 3.6669 -2.82748
-1.13899 3.65172 -2.80632
-1.18383 3.63559 -2.79622
-1.22648 3.61993 -2.78989
-1.26468 3.6062 -2.79643
-1.31154 3.58901 -2.78994
-1.35407 3.5733 -2.78781
-1.39664 3.55875 -2.81222
-1.44387 3.54245 -2.80928
-1.489 3.52892 -2.85033
-1.53589 3.51426 -2.83868
-1.57833 3.50161 -2.85194
-1.61689 3.48589 -2.75434
-1.65956 3.46916 -2.76802
-1.69604 3.45361 -2.73863
-1.72762 3.44087 -2.75803
-1.76322 3.42446 -2.70971
-1.80713 3.40368 -2.6995
-1.85177 3.38121 -2.67533
-1.8912 3.36116 -2.67128
-1.92824 3.34225 -2.66945
-1.9647 3.32284 -2.65238
-2.00722 3.29769 -2.60749
-2.04208 3.2771 -2.60791
-2.08127 3.25528 -2.6336
-2.12441 3.23001 -2.61168
-2.16146 3.2091 -2.62784
-2.20513 3.18582 -2.65188
-2.2478 3.16348 -2.65919
-2.2917 3.14146 -2.67669
-2.32942 3.12237 -2.6731
-2.37175 3.10127 -2.67915
-2.41564 3.07753 -2.64589
-2.45893 3.05499 -2.66157
-2.49934 3.03389 -2.66032
-2.5255 3.01918 -2.62938
-2.56919 2.99498 -2.63579
-2.60863 2.97539 -2.68045
-2.64141 2.95907 -2.67963
-2.676 2.94032 -2.64482
-2.71873 2.9158 -2.62069
-2.75201 2.89507 -2.58453
-2.79067 2.86729 -2.51848
-2.83066 2.83821 -2.51295
-2.86949 2.81121 -2.53404
-2.90401 2.7869 -2.52787
-2.94271 2.76006 -2.53529
-2.9831 2.73164 -2.52852
-3.01797 2.70846 -2.55475
-3.0379 2.69542 -2.56235
-3.07663 2.67141 -2.58653
-3.10876 2.65337 -2.63007
-3.14764 2.63168 -2.63274
-3.18359 2.61126 -2.62501
-3.22193 2.58958 -2.62704
-3.25676 2.5705 -2.64053
-3.29621 2.5488 -2.6386
-3.33648 2.5265 -2.63592
-3.37294 2.50709 -2.6522
-3.41274 2.4859 -2.65249
-3.44633 2.46849 -2.66335
-3.47583 2.45317 -2.66269
-3.50002 2.44071 -2.66579
-3.53462 2.42401 -2.69202
-3.5685 2.4088 -2.71967
-3.59733 2.39496 -2.69386
-3.62506 2.38148 -2.68919
-3.64881 2.36771 -2.61614
-3.67858 2.35017 -2.60902
-3.70868 2.332 -2.59856
-3.73624 2.31463 -2.57923
-3.76937 2.29518 -2.61072
-3.78243 2.28786 -2.63063
-3.80315 2.27795 -2.69576
-3.83134 2.26491 -2.70816
-3.85207 2.25595 -2.7339
-3.86651 2.24971 -2.73341
-3.88409 2.24244 -2.74934
-3.89619 2.23706 -2.72374
-3.91568 2.22922 -2.759
-3.9286 2.22378 -2.74302
-3.92925 2.2235 -2.73424
-3.94134 2.21835 -2.73865
-3.96332 2.20992 -2.7756
-3.98344 2.20167 -2.7523
-4.00101 2.19397 -2.72879
-4.00982 2.19012 -2.72912
-4.0187 2.18622 -2.7282
-4.02569 2.18278 -2.68413
-4.03135 2.17979 -2.65542
-4.04759 2.17158 -2.67367
-4.05856 2.16614 -2.68108
-4.06818 2.16106 -2.65545
-4.07696 2.15614 -2.63077
-4.08344 2.15205 -2.57914
-4.08814 2.14901 -2.56661
-4.0919 2.14611 -2.48392
-4.11407 2.1259 -2.40271
-4.12097 2.11972 -2.41098
-4.12145 2.11929 -2.40441
-4.12841 2.11299 -2.40578
-4.13807 2.10423 -2.4053
-4.14795 2.09538 -2.41089
-4.15376 2.09013 -2.40659
-4.15874 2.08545 -2.38761
-4.16438 2.08009 -2.38158
-4.16841 2.07651 -2.41686
-4.17198 2.07335 -2.41549
-4.18285 2.06391 -2.42637
-4.19092 2.0571 -2.441
-4.19848 2.05096 -2.45979
-4.20992 2.04102 -2.42563
True
0.0684515
