-5.48061 0.172133 -0.0514564
-5.45202 0.170061 -0.0723159
-5.40516 0.169467 -0.0126804
-5.3561 0.16916 -0.00626872
-5.30671 0.168335 -0.0167056
-5.26584 0.165824 -0.0613369
-5.22479 0.162806 -0.0733987
-5.17878 0.158194 -0.0998995
-5.1328 0.154169 -0.0873171
-5.08698 0.15082 -0.0729597
-5.04415 0.150833 0.000312127
-4.99613 0.149411 -0.0296219
-4.95302 0.149706 0.00685821
-4.91265 0.150533 0.0204858
-4.86468 0.150151 -0.00796715
-4.81487 0.149251 -0.0180689
-4.76524 0.147527 -0.0347088
-4.71535 0.144224 -0.0661302
-4.66571 0.141146 -0.0619028
-4.62935 0.138285 -0.0785562
-4.58224 0.133101 -0.109598
-4.53368 0.12652 -0.134695
-4.48909 0.120891 -0.125578
-4.44005 0.11397 -0.140181
-4.39087 0.107137 -0.13807
-4.34202 0.0973943 -0.196842
-4.2986 0.0897935 -0.173305
-4.25407 0.0837813 -0.134198
-4.2069 0.0779381 -0.123253
-4.16806 0.0731743 -0.122054
-4.12351 0.0687505 -0.0989625
-4.08154 0.0647121 -0.0959455
-4.0324 0.0599764 -0.0960663
-3.98607 0.0557364 -0.091264
-3.93796 0.0512628 -0.092725
-3.8886 0.0451265 -0.123685
-3.83957 0.0381729 -0.140879
-3.79048 0.030424 -0.156567
-3.74954 0.0216359 -0.211401
-3.70088 0.0121098 -0.193346
-3.65947 0.00485127 -0.173517
-3.61125 -0.00281617 -0.157689
-3.57293 -0.00842038 -0.14522
-3.52315 -0.0131334 -0.0944037
-3.47634 -0.0196582 -0.138485
-3.43285 -0.0250856 -0.124165
-3.38363 -0.033544 -0.170179
-3.33489 -0.0428454 -0.188558
-3.28633 -0.0531729 -0.209545
-3.23736 -0.0620461 -0.179278
-3.18868 -0.0712256 -0.186347
-3.14267 -0.0796617 -0.181348
-3.0986 -0.0902072 -0.234866
-3.05517 -0.0991843 -0.20385
-3.01875 -0.106481 -0.197754
-2.97472 -0.113076 -0.148668
-2.92713 -0.122832 -0.202183
-2.89053 -0.129982 -0.192936
-2.84803 -0.139409 -0.218292
-2.80044 -0.15046 -0.228169
-2.75481 -0.160152 -0.209285
-2.70717 -0.1676 -0.155093
-2.66383 -0.17503 -0.169777
-2.61564 -0.183037 -0.164663
-2.57182 -0.190385 -0.166116
-2.52554 -0.196733 -0.136315
-2.48281 -0.203744 -0.162607
-2.43805 -0.212029 -0.183052
-2.38917 -0.221367 -0.188755
-2.34643 -0.226562 -0.120972
-2.30242 -0.230341 -0.0856589
-2.2597 -0.233121 -0.0649818
-2.21006 -0.239076 -0.1194
-2.16119 -0.246739 -0.15552
-2.11435 -0.253076 -0.134493
-2.0709 -0.260541 -0.170143
-2.02225 -0.267585 -0.143787
-1.97388 -0.275034 -0.152788
-1.92768 -0.281043 -0.129343
-1.87961 -0.286831 -0.119834
-1.8301 -0.291048 -0.0849719
-1.78875 -0.297139 -0.146229
-1.74974 -0.301557 -0.112788
-1.70791 -0.306718 -0.122776
-1.66381 -0.311437 -0.106586
-1.61898 -0.316793 -0.118906
-1.57062 -0.321862 -0.104444
-1.52131 -0.327334 -0.110514
-1.47321 -0.333217 -0.121705
-1.42704 -0.337672 -0.0961917
-1.38013 -0.342687 -0.106502
-1.33193 -0.348997 -0.130162
-1.28302 -0.355619 -0.134576
-1.23416 -0.362183 -0.133564
-1.1887 -0.369044 -0.149779
-1.13911 -0.375275 -0.125002
-1.09302 -0.380897 -0.121359
-1.04625 -0.387349 -0.137077
-0.999015 -0.393371 -0.126831
-0.955502 -0.396871 -0.0802576
-0.906683 -0.403775 -0.140486
-0.857188 -0.40986 -0.122326
-0.810524 -0.415041 -0.110575
-0.765355 -0.420953 -0.13014
-0.71712 -0.428113 -0.147362
-0.670293 -0.434967 -0.145347
-0.62698 -0.442619 -0.174856
-0.581924 -0.448839 -0.137186
-0.532563 -0.456798 -0.159869
-0.483578 -0.464395 -0.153857
-0.434184 -0.472005 -0.152874
-0.384746 -0.478586 -0.132326
-0.336059 -0.483303 -0.0965988
-0.288446 -0.488827 -0.115492
-0.239372 -0.495151 -0.128153
-0.192094 -0.501046 -0.124047
-0.147575 -0.506347 -0.118517
-0.0997735 -0.513949 -0.157723
-0.0504365 -0.520788 -0.137745
-0.000987006 -0.528187 -0.148518
0.0414327 -0.531657 -0.0816141
0.0904566 -0.534542 -0.0587923
0.140408 -0.536623 -0.0416271
0.189964 -0.535868 0.0152242
0.237883 -0.537038 -0.0244079
0.284905 -0.539851 -0.0597457
0.330436 -0.542679 -0.0620403
0.373863 -0.548082 -0.123782
0.423272 -0.553848 -0.116168
0.471172 -0.560333 -0.134557
0.518436 -0.565434 -0.107513
0.564792 -0.570899 -0.117363
0.609883 -0.577784 -0.151513
0.655768 -0.584301 -0.141078
0.703512 -0.589687 -0.112343
0.753191 -0.594977 -0.106074
0.794511 -0.601927 -0.166637
0.843403 -0.609077 -0.145227
0.892342 -0.615612 -0.132751
0.939673 -0.622243 -0.139177
0.989389 -0.627381 -0.102988
1.03289 -0.634299 -0.157714
1.07932 -0.640975 -0.142811
1.12876 -0.647654 -0.134275
1.17222 -0.652975 -0.121823
1.21687 -0.658296 -0.118616
1.25807 -0.663123 -0.116624
1.30508 -0.665763 -0.0561066
1.35495 -0.669346 -0.0717205
1.40235 -0.672472 -0.0658456
1.44692 -0.674993 -0.0565112
1.4934 -0.68005 -0.108372
1.54227 -0.685226 -0.105525
1.59175 -0.688584 -0.0677759
1.64107 -0.692697 -0.0831772
1.69074 -0.696819 -0.0827998
1.73818 -0.702017 -0.109143
1.78062 -0.706635 -0.108397
1.82967 -0.713086 -0.130757
1.87637 -0.719044 -0.126892
1.92355 -0.725507 -0.136135
1.97051 -0.729289 -0.0803718
2.01978 -0.734905 -0.113477
2.06873 -0.740928 -0.122436
2.11337 -0.743776 -0.0637221
2.16302 -0.748648 -0.0978108
2.20386 -0.752355 -0.090515
2.24425 -0.755187 -0.0700048
2.28773 -0.759118 -0.0901691
2.33413 -0.76521 -0.130538
2.38365 -0.770989 -0.116167
2.42002 -0.77427 -0.0899721
2.46961 -0.777634 -0.0677371
2.51478 -0.781489 -0.0851363
2.56395 -0.786556 -0.102669
2.60445 -0.788793 -0.0552049
2.6538 -0.7899 -0.0224172
2.69955 -0.790941 -0.0227632
2.74593 -0.789946 0.0214681
2.79589 -0.788492 0.0290984
2.84584 -0.786447 0.0409129
2.89144 -0.782547 0.0853257
2.92962 -0.778773 0.0985341
2.97935 -0.773936 0.0969543
3.0262 -0.76738 0.139021
3.06511 -0.764229 0.0808133
3.11449 -0.758949 0.106527
3.16098 -0.75486 0.0877005
3.18804 -0.752213 0.0975471
3.23776 -0.748384 0.0768577
3.28243 -0.746157 0.0498158
3.32419 -0.745858 0.00716501
3.35911 -0.746178 -0.00917558
3.40074 -0.747172 -0.0238589
3.4494 -0.746529 0.0132031
3.49897 -0.746846 -0.00639546
3.53567 -0.745368 0.0402582
3.567 -0.743819 0.0493998
3.61609 -0.7416 0.045171
3.65567 -0.739054 0.064229
3.70357 -0.737595 0.030444
3.74309 -0.736871 0.018329
3.78498 -0.735636 0.0294604
3.81593 -0.734409 0.0396423
3.84833 -0.733215 0.0368295
3.87348 -0.73258 0.0252442
3.912 -0.730145 0.063126
3.93674 -0.728501 0.0663536
3.9686 -0.726778 0.0540232
4.00619 -0.723616 0.083919
4.05308 -0.720845 0.0590293
4.09414 -0.71934 0.0366417
4.1241 -0.718681 0.0219857
4.14124 -0.718418 0.0153698
4.15514 -0.718313 0.00757692
4.18458 -0.71917 -0.0291228
4.2081 -0.719415 -0.0104174
4.24466 -0.720762 -0.0368323
4.27692 -0.722713 -0.0603908
4.30712 -0.724958 -0.0742083
4.3303 -0.726193 -0.0532326
4.3578 -0.727321 -0.0410067
4.38299 -0.728364 -0.0413909
4.40296 -0.72803 0.016743
4.44324 -0.726887 0.0283642
4.48533 -0.726524 0.00862035
4.51466 -0.725722 0.0273334
4.53835 -0.725388 0.0141036
4.57942 -0.726734 -0.0327405
4.61802 -0.72865 -0.0496186
4.65102 -0.729179 -0.0160275
4.677 -0.729856 -0.0260521
4.69874 -0.730201 -0.0158387
4.72209 -0.730147 0.002312
4.73874 -0.730704 -0.0334858
4.7525 -0.730875 -0.012431
4.7666 -0.730933 -0.00407663
4.79249 -0.731529 -0.0230399
4.82309 -0.732159 -0.0205671
4.82533 -0.732197 -0.0170605
4.83958 -0.732204 -0.000491615
4.85883 -0.731645 0.0290333
4.8757 -0.731016 0.0372468
4.89506 -0.730499 0.0267111
4.90356 -0.730111 0.0456587
4.9209 -0.729352 0.0437094
4.93779 -0.728883 0.0277612
4.95532 -0.728719 0.00938843
4.97139 -0.728869 -0.00931949
4.99156 -0.729555 -0.0340255
4.99583 -0.729664 -0.0254567
5.01074 -0.730736 -0.0717893
5.01747 -0.731173 -0.0649282
5.02824 -0.731884 -0.0659011
5.02586 -0.731786 -0.0411056
5.03583 -0.731766 0.001993
5.05324 -0.731802 -0.00204492
5.06286 -0.731704 0.010207
5.07616 -0.731805 -0.0075829
5.08496 -0.731879 -0.00843499
5.10689 -0.732822 -0.0429928
5.12793 -0.733448 -0.0297112
5.14859 -0.734521 -0.0519008
5.15288 -0.734717 -0.0456064
5.16522 -0.735374 -0.0532024
5.1698 -0.735376 -0.000498377
5.17834 -0.735357 0.00222999
5.18872 -0.735142 0.0207201
5.19504 -0.734961 0.0286182
5.19729 -0.734942 0.00858524
5.20457 -0.73475 0.0262843
True
0.0665852
