4.45293 0.0145707 2.84139
4.42989 0.0243426 2.74045
4.42325 0.0272291 2.73144
4.40256 0.0384271 2.64563
4.3738 0.0567366 2.57457
4.33294 0.0829326 2.57152
4.29244 0.11223 2.51531
4.25582 0.139784 2.49656
4.22407 0.165197 2.46669
4.18803 0.199853 2.37575
4.15425 0.231417 2.39
4.1302 0.254821 2.36985
4.10218 0.286867 2.28924
4.07535 0.321177 2.23459
4.05192 0.351413 2.22991
4.02565 0.385482 2.22777
4.0021 0.418384 2.19195
3.97406 0.45977 2.16624
3.95641 0.486866 2.14819
3.9407 0.510476 2.15799
3.92825 0.529871 2.14138
3.90527 0.567835 2.11509
3.88777 0.598148 2.09443
3.86574 0.639742 2.05786
3.84786 0.67603 2.02853
3.8297 0.713949 2.01746
3.81317 0.749902 2.00172
3.7908 0.794618 2.03468
3.77205 0.84093 1.95558
3.76418 0.86019 1.95873
3.74702 0.900729 1.97106
3.72868 0.943497 1.97592
3.71755 0.973912 1.92176
3.70649 1.00546 1.90789
3.69279 1.04855 1.87862
3.67815 1.09539 1.87381
3.66651 1.13602 1.84982
3.65127 1.18233 1.88858
3.6395 1.22225 1.8577
3.63376 1.24146 1.861
3.61902 1.28922 1.87013
3.60804 1.32976 1.83528
3.59293 1.37741 1.87784
3.58144 1.40647 1.94743
3.57078 1.43398 1.9406
3.5558 1.47599 1.91317
3.53758 1.52121 1.95378
3.51655 1.56645 2.00603
3.49759 1.61066 1.97589
3.47616 1.65583 2.01384
3.45258 1.69976 2.06336
3.43761 1.72936 2.03919
3.41368 1.77206 2.08164
3.39472 1.80689 2.06925
3.37528 1.84269 2.0682
3.35412 1.88115 2.0738
3.33388 1.91723 2.082
3.30917 1.96046 2.09016
3.28867 1.99384 2.12138
3.26347 2.0368 2.10134
3.2368 2.07668 2.16014
3.22449 2.09482 2.16729
3.19995 2.12841 2.20184
3.17452 2.1648 2.18055
3.14715 2.20398 2.18063
3.11892 2.24525 2.17068
3.09402 2.28141 2.17392
3.06282 2.32049 2.24451
3.03613 2.35537 2.22396
3.01371 2.38263 2.25892
2.98968 2.41162 2.263
2.95813 2.44801 2.28509
2.92659 2.48674 2.2542
2.89362 2.52411 2.29377
2.86062 2.56069 2.30487
2.82998 2.59318 2.32681
2.79717 2.63068 2.28969
2.76099 2.66491 2.3838
2.72887 2.69483 2.3917
2.70237 2.71756 2.43264
2.68031 2.7362 2.43992
2.68175 2.735 2.44708
2.6711 2.74427 2.42534
2.63875 2.77197 2.43349
2.60281 2.80238 2.43939
2.56496 2.83466 2.43531
2.52586 2.86555 2.47315
2.49135 2.8934 2.46249
2.45909 2.91846 2.48125
2.41958 2.9491 2.48198
2.37869 2.97771 2.531
2.34915 3.00003 2.49451
2.31118 3.02817 2.50391
2.27248 3.05654 2.50893
2.24283 3.0775 2.52624
2.20246 3.10499 2.54383
2.18062 3.12017 2.53417
2.14536 3.14389 2.54939
2.10522 3.17234 2.52505
2.07517 3.19466 2.50256
2.04028 3.2219 2.47882
2.00318 3.24898 2.51088
1.96785 3.27351 2.53486
1.93048 3.29884 2.54588
1.89008 3.32801 2.5163
1.8522 3.35316 2.55545
1.81398 3.37548 2.61298
1.78366 3.39308 2.61566
1.74746 3.41321 2.63406
1.71461 3.43095 2.64637
1.68113 3.44882 2.6514
1.63689 3.47185 2.66163
1.59615 3.4909 2.70412
1.55093 3.51222 2.70107
1.50578 3.5337 2.69756
1.46015 3.55411 2.72093
1.4147 3.57463 2.71758
1.37821 3.59041 2.73343
1.33204 3.60959 2.74781
1.29877 3.62258 2.76939
1.27374 3.63436 2.70172
1.22984 3.65438 2.71366
1.20836 3.66289 2.76456
1.19872 3.66678 2.75817
1.15424 3.68641 2.7261
1.11051 3.70513 2.73708
1.06322 3.7205 2.8272
1.02145 3.73617 2.78266
0.985415 3.75021 2.77023
0.944403 3.76295 2.84046
0.913097 3.77161 2.87151
0.87049 3.78213 2.89955
0.831103 3.79059 2.93006
0.781792 3.79862 2.98007
0.732174 3.80461 3.0216
0.688359 3.81095 2.99788
0.639886 3.81954 2.96617
0.590377 3.8255 3.02179
0.55878 3.83029 2.991
0.513603 3.83628 3.00979
0.466406 3.84188 3.02355
0.424318 3.84745 3.01008
0.376368 3.85201 3.04663
0.334808 3.85735 3.01401
0.29556 3.86108 3.04674
0.245756 3.86446 3.0738
0.205662 3.866 3.10316
0.160245 3.86836 3.08975
0.111295 3.87109 3.08581
0.0623216 3.87599 3.04184
0.0152168 3.88194 3.01614
-0.0338295 3.88485 3.08225
-0.0760271 3.88748 3.07928
-0.112529 3.88671 3.16272
-0.151468 3.88453 -3.08562
-0.191843 3.88323 -3.10951
-0.228999 3.87997 -3.0539
-0.272592 3.87645 -3.06105
-0.306315 3.87462 -3.08731
-0.354825 3.87047 -3.05643
-0.404624 3.86675 -3.06685
-0.447738 3.86288 -3.0521
-0.496928 3.8542 -2.9669
-0.543167 3.84597 -2.96554
-0.585904 3.83745 -2.94475
-0.608555 3.83397 -2.98913
-0.646146 3.82724 -2.96452
-0.683727 3.82059 -2.96654
-0.731995 3.81063 -2.93797
-0.777869 3.80141 -2.94329
-0.816403 3.79165 -2.89359
-0.86504 3.78049 -2.91593
-0.908518 3.77034 -2.91237
-0.956714 3.75717 -2.87487
-1.00236 3.74388 -2.85822
-1.0404 3.73298 -2.86245
-1.0879 3.71747 -2.82606
-1.13519 3.70233 -2.83178
-1.18158 3.68737 -2.82966
-1.22326 3.6734 -2.81823
-1.2695 3.65668 -2.79444
-1.30785 3.64276 -2.79353
-1.35275 3.62434 -2.75232
-1.39704 3.60656 -2.75967
-1.44252 3.58779 -2.75027
-1.48238 3.56955 -2.71258
-1.52853 3.55105 -2.76033
-1.57078 3.53341 -2.746
-1.61645 3.51307 -2.72267
-1.65895 3.49323 -2.70482
-1.70442 3.47324 -2.72728
-1.74611 3.45121 -2.65559
-1.77948 3.43475 -2.68328
-1.823 3.41243 -2.66779
-1.8649 3.38973 -2.64491
-1.90609 3.36827 -2.66128
-1.94716 3.34505 -2.62715
-1.98907 3.31958 -2.59531
-2.0313 3.29351 -2.58874
-2.07217 3.26471 -2.52757
-2.1111 3.2399 -2.57431
-2.14792 3.2153 -2.55251
-2.18182 3.19319 -2.56382
-2.22018 3.16516 -2.51039
-2.25299 3.14437 -2.57672
-2.29286 3.12061 -2.60441
-2.33489 3.09554 -2.60374
-2.37763 3.07079 -2.6166
-2.4214 3.04692 -2.64232
-2.46471 3.02267 -2.63128
-2.50653 2.99679 -2.58725
-2.54806 2.97266 -2.6153
-2.58413 2.95135 -2.60807
-2.62665 2.92508 -2.58807
-2.66818 2.89895 -2.58004
-2.70919 2.8729 -2.57574
-2.74476 2.85056 -2.58075
-2.78044 2.82646 -2.54752
-2.81635 2.80006 -2.50759
-2.85312 2.76963 -2.45023
-2.88973 2.73739 -2.41969
-2.92415 2.70494 -2.38568
-2.95035 2.68029 -2.38667
-2.9674 2.66544 -2.42502
-2.9969 2.64028 -2.4353
-3.01886 2.62213 -2.45088
-3.04574 2.59824 -2.41517
-3.07468 2.57375 -2.4393
-3.10811 2.54776 -2.4806
-3.14273 2.52275 -2.51604
-3.16962 2.50198 -2.48397
-3.19829 2.47955 -2.47778
-3.22218 2.45937 -2.44011
-3.25214 2.43496 -2.45793
-3.27317 2.41603 -2.40863
-3.29748 2.39499 -2.42816
-3.32959 2.36698 -2.42424
-3.3593 2.342 -2.44253
-3.38263 2.32116 -2.41257
-3.4169 2.29071 -2.4151
-3.44856 2.26424 -2.44532
-3.48005 2.23771 -2.44147
-3.51565 2.2091 -2.46459
-3.54639 2.18388 -2.45444
-3.57292 2.16334 -2.48294
-3.58561 2.15394 -2.50386
-3.60461 2.14014 -2.51334
-3.62547 2.12522 -2.52072
-3.64545 2.11075 -2.51479
-3.64654 2.1099 -2.48282
-3.65014 2.10699 -2.46123
-3.66216 2.09741 -2.46908
-3.68724 2.07581 -2.43044
-3.70769 2.05914 -2.45776
-3.72753 2.04341 -2.47119
-3.75147 2.02426 -2.46679
-3.77678 2.00424 -2.47242
-3.79381 1.98969 -2.43448
-3.81346 1.9728 -2.43151
-3.82351 1.96479 -2.46938
-3.8331 1.95787 -2.51593
-3.84437 1.95025 -2.54702
-3.85469 1.94316 -2.53955
-3.8622 1.93832 -2.56956
-3.87567 1.92995 -2.58532
-3.89583 1.91827 -2.61669
-3.91692 1.90699 -2.65026
-3.92941 1.90055 -2.66605
-3.93949 1.895 -2.63774
-3.94398 1.8925 -2.6336
-3.96427 1.88059 -2.61107
-3.98495 1.86829 -2.60473
-4.0103 1.85338 -2.61005
-4.02104 1.84706 -2.60913
-4.02775 1.84298 -2.59601
-4.04445 1.83318 -2.61064
-4.05315 1.82806 -2.60976
-4.06314 1.82308 -2.67954
-4.06741 1.82091 -2.67096
-4.08571 1.81095 -2.64299
-4.0921 1.80725 -2.61753
-4.09625 1.80468 -2.5862
-4.10434 1.79972 -2.59199
-4.1088 1.79693 -2.58204
-4.12601 1.78507 -2.53816
-4.13817 1.77663 -2.53494
-4.15512 1.76512 -2.54538
-4.16743 1.75689 -2.55173
-4.17526 1.75145 -2.5353
-4.18306 1.74625 -2.55257
-4.18559 1.74449 -2.53623
-4.19217 1.73996 -2.53787
-4.20303 1.73272 -2.55397
-4.21234 1.72706 -2.59535
-4.22063 1.72197 -2.59145
-4.22422 1.71978 -2.59254
-4.22823 1.71716 -2.56241
-4.23307 1.71423 -2.59746
-4.23808 1.71143 -2.63181
True
0.0669954
