4.47979 -0.00543289 -2.87893
4.43998 -0.0173927 -2.84975
4.40478 -0.0315036 -2.76038
4.36133 -0.055776 -2.63213
4.32072 -0.0809568 -2.58651
4.28577 -0.104453 -2.5498
4.24831 -0.134027 -2.47327
4.22456 -0.154004 -2.44232
4.19709 -0.177938 -2.42483
4.16862 -0.205382 -2.37445
4.13503 -0.241105 -2.32543
4.11427 -0.2656 -2.27382
4.08661 -0.307051 -2.15935
4.06499 -0.34293 -2.11309
4.03795 -0.384923 -2.14288
4.00963 -0.426035 -2.17397
3.98528 -0.461541 -2.17188
3.96405 -0.494173 -2.14761
3.94588 -0.523792 -2.12107
3.93993 -0.535028 -2.05798
3.92599 -0.56301 -2.03288
3.91425 -0.585673 -2.04887
3.90051 -0.615588 -2.00134
3.88168 -0.653953 -2.02699
3.869 -0.683592 -1.9751
3.8506 -0.727821 -1.96516
3.83429 -0.769474 -1.94391
3.81975 -0.8135 -1.88976
3.80968 -0.844606 -1.88394
3.79707 -0.882922 -1.88876
3.77942 -0.929155 -1.93555
3.76338 -0.971781 -1.9307
3.74676 -1.01567 -1.93267
3.73102 -1.06183 -1.89936
3.72666 -1.0773 -1.84572
3.71593 -1.1098 -1.88968
3.70346 -1.14765 -1.88917
3.69078 -1.18109 -1.93318
3.67798 -1.21448 -1.93679
3.67314 -1.2267 -1.94788
3.66917 -1.23632 -1.9624
3.66341 -1.25054 -1.95567
3.64479 -1.29512 -1.96645
3.62797 -1.3326 -1.99252
3.61123 -1.36809 -2.01166
3.59079 -1.41184 -2.00776
3.56953 -1.45672 -2.01321
3.55294 -1.49331 -1.99649
3.54601 -1.50826 -2.00522
3.52502 -1.55352 -2.005
3.51128 -1.58273 -2.0105
3.4906 -1.62825 -1.99707
3.47463 -1.66144 -2.01928
3.4516 -1.70579 -2.04987
3.43233 -1.74483 -2.02929
3.41487 -1.78007 -2.0308
3.39976 -1.81041 -2.03283
3.38727 -1.83633 -2.01992
3.37809 -1.85738 -1.98185
3.35868 -1.89958 -2.00193
3.34125 -1.93685 -2.00833
3.32298 -1.97404 -2.02739
3.30803 -2.00493 -2.02163
3.29579 -2.02806 -2.05735
3.27931 -2.0581 -2.07239
3.26328 -2.08775 -2.06661
3.2402 -2.13209 -2.0508
3.21525 -2.17467 -2.10072
3.18921 -2.21675 -2.12489
3.16718 -2.25371 -2.10834
3.14379 -2.29784 -2.0583
3.12376 -2.32972 -2.13156
3.09558 -2.36959 -2.18605
3.06823 -2.40153 -2.27904
3.03592 -2.43682 -2.31209
3.00418 -2.47192 -2.30597
2.97731 -2.50376 -2.27187
2.95282 -2.53246 -2.27722
2.91917 -2.56766 -2.33367
2.8859 -2.60286 -2.32799
2.85905 -2.63086 -2.33502
2.83547 -2.65492 -2.34637
2.80925 -2.67911 -2.39637
2.79847 -2.68922 -2.3879
2.76874 -2.71975 -2.34308
2.7373 -2.75207 -2.34236
2.7028 -2.78555 -2.3712
2.67087 -2.81566 -2.38559
2.63395 -2.84934 -2.40195
2.59613 -2.87722 -2.50649
2.55965 -2.9075 -2.44872
2.52139 -2.93848 -2.46086
2.49027 -2.9599 -2.5388
2.45272 -2.98693 -2.5177
2.41175 -3.01204 -2.5919
2.37705 -3.03552 -2.54666
2.33532 -3.06197 -2.57652
2.29391 -3.08999 -2.54691
2.2655 -3.10782 -2.58093
2.22794 -3.13194 -2.57075
2.18613 -3.15917 -2.56424
2.14387 -3.1847 -2.59818
2.10171 -3.21042 -2.5938
2.05857 -3.2357 -2.61163
2.01613 -3.26198 -2.58712
1.97562 -3.29087 -2.52214
1.93715 -3.31683 -2.54797
1.89446 -3.34283 -2.5945
1.86553 -3.36137 -2.5718
1.83735 -3.37829 -2.60075
1.80436 -3.39679 -2.63039
1.76721 -3.41794 -2.6242
1.72652 -3.43922 -2.65967
1.68441 -3.46278 -2.63145
1.6469 -3.48312 -2.64475
1.60425 -3.50669 -2.63673
1.5598 -3.52957 -2.66623
1.51504 -3.55168 -2.68276
1.46893 -3.57095 -2.74577
1.42386 -3.5913 -2.7175
1.38586 -3.6063 -2.76553
1.34801 -3.6224 -2.73963
1.30224 -3.64253 -2.72712
1.25668 -3.65894 -2.79586
1.21102 -3.67486 -2.80616
1.17013 -3.68824 -2.82534
1.12223 -3.70251 -2.85206
1.07422 -3.71513 -2.88461
1.02956 -3.72785 -2.86408
0.981205 -3.74057 -2.88437
0.939321 -3.75061 -2.90633
0.910929 -3.75766 -2.8981
0.882352 -3.76468 -2.90058
0.852292 -3.77138 -2.92252
0.80518 -3.77979 -2.96491
0.767411 -3.78613 -2.97536
0.718511 -3.79298 -3.00233
0.668966 -3.79971 -3.00654
0.621515 -3.80649 -2.99968
0.581374 -3.81399 -2.95685
0.5385 -3.82107 -2.97809
0.489199 -3.82934 -2.97521
0.439587 -3.83474 -3.03327
0.389775 -3.83781 -3.08001
0.349973 -3.84053 -3.07329
0.314305 -3.84197 -3.10137
0.264318 -3.84306 -3.11987
0.214421 -3.84515 -3.09965
0.179107 -3.84777 -3.0676
0.135142 -3.84942 -3.10414
0.0886778 -3.85249 -3.07562
0.0479697 -3.85495 -3.08117
0.0124792 -3.85667 -3.09319
-0.0238574 -3.85832 -3.09603
-0.0738363 -3.85718 -3.16446
-0.114563 -3.85736 3.14589
-0.149829 -3.85691 -3.15427
-0.199706 -3.8542 3.0873
-0.249682 -3.85329 3.12349
-0.295524 -3.85197 3.1128
-0.34409 -3.85066 3.11451
-0.388579 -3.85057 3.13967
-0.434476 -3.84747 3.07401
-0.477845 -3.8438 3.05721
-0.527679 -3.84019 3.0693
-0.569466 -3.83673 3.05897
-0.609843 -3.83198 3.02452
-0.652388 -3.82565 2.99383
-0.694636 -3.81658 2.9303
-0.743981 -3.80995 3.00787
-0.789343 -3.80092 2.94507
-0.837911 -3.78909 2.90284
-0.885906 -3.77735 2.90153
-0.934418 -3.76527 2.89761
-0.978858 -3.75483 2.91093
-1.02748 -3.74328 2.90827
-1.07252 -3.73107 2.87689
-1.11995 -3.71664 2.84626
-1.16712 -3.70018 2.80581
-1.2117 -3.68526 2.81859
-1.25076 -3.672 2.81443
-1.29467 -3.65639 2.79995
-1.33986 -3.64036 2.80082
-1.37917 -3.62697 2.81332
-1.42289 -3.60962 2.76384
-1.46925 -3.59217 2.78144
-1.50958 -3.57419 2.72231
-1.54952 -3.55713 2.7378
-1.58529 -3.54041 2.70442
-1.6275 -3.521 2.71065
-1.66864 -3.50328 2.73478
-1.71461 -3.4838 2.7409
-1.75915 -3.46113 2.67074
-1.80388 -3.43879 2.67829
-1.84286 -3.4181 2.65364
-1.87372 -3.40165 2.65204
-1.90547 -3.38381 2.62956
-1.94526 -3.36108 2.62256
-1.98847 -3.33706 2.63416
-2.02784 -3.31523 2.63538
-2.06958 -3.29062 2.60879
-2.10832 -3.26585 2.57285
-2.13581 -3.24685 2.53669
-2.1774 -3.2191 2.55323
-2.21858 -3.19075 2.53872
-2.25563 -3.16351 2.50766
-2.29268 -3.13602 2.50321
-2.33291 -3.10655 2.50944
-2.36941 -3.07605 2.44539
-2.40663 -3.04472 2.44188
-2.44288 -3.01442 2.4454
-2.47399 -2.98623 2.40544
-2.49986 -2.96279 2.40547
-2.5378 -2.9332 2.47909
-2.57133 -2.90651 2.46933
-2.60896 -2.87667 2.47121
-2.64811 -2.84643 2.48392
-2.68661 -2.81545 2.46391
-2.72273 -2.78762 2.48514
-2.74594 -2.76948 2.47827
-2.78431 -2.74076 2.499
-2.80982 -2.72134 2.49099
-2.83813 -2.70008 2.49739
-2.85961 -2.6861 2.56461
-2.88075 -2.67242 2.56735
-2.89848 -2.66123 2.57846
-2.92003 -2.64704 2.55937
-2.94393 -2.63152 2.56565
-2.9621 -2.61988 2.57197
-2.99354 -2.60143 2.61075
-3.01968 -2.58559 2.59685
-3.03654 -2.57485 2.57468
-3.05581 -2.56237 2.56676
-3.0849 -2.54246 2.54133
-3.12148 -2.5196 2.583
-3.15249 -2.50016 2.58182
-3.18053 -2.48208 2.56869
-3.20909 -2.4642 2.58228
-3.23093 -2.45004 2.56654
-3.25769 -2.43273 2.56731
-3.26925 -2.42504 2.55465
-3.29211 -2.41037 2.57085
-3.30875 -2.39983 2.57758
-3.31742 -2.39438 2.58001
-3.32086 -2.39221 2.57889
-3.32966 -2.38617 2.53979
-3.33736 -2.3812 2.56787
-3.36811 -2.36423 2.63746
-3.38444 -2.35628 2.68858
-3.39981 -2.34861 2.67857
-3.42045 -2.33869 2.69352
-3.44637 -2.32559 2.67379
-3.46392 -2.31708 2.68985
-3.47879 -2.30922 2.6553
-3.49848 -2.29942 2.67991
-3.52635 -2.2849 2.66152
-3.54978 -2.27201 2.63828
-3.56644 -2.26228 2.61294
-3.57411 -2.25719 2.55657
-3.58096 -2.25234 2.52562
-3.59249 -2.24527 2.59108
-3.61534 -2.23176 2.60787
-3.64168 -2.2173 2.63938
-3.64446 -2.21566 2.60751
-3.6624 -2.20412 2.57037
-3.68954 -2.18768 2.59676
-3.70744 -2.17736 2.61864
-3.72814 -2.16648 2.65791
-3.72978 -2.16552 2.61062
-3.75194 -2.15207 2.59617
-3.77392 -2.13885 2.60009
-3.80953 -2.11831 2.61828
-3.83337 -2.10435 2.61185
-3.86721 -2.08439 2.60882
-3.89584 -2.06659 2.58519
-3.91745 -2.05281 2.57405
-3.9454 -2.03392 2.54726
-3.96832 -2.0181 2.53748
-3.97951 -2.01066 2.55439
-3.9869 -2.00588 2.56793
-3.99331 -2.00169 2.56303
-3.99802 -1.99875 2.58289
-4.02572 -1.98179 2.59228
-4.04708 -1.96905 2.60364
-4.05502 -1.96431 2.60303
-4.06535 -1.95838 2.62074
-4.06785 -1.95687 2.5974
-4.07674 -1.95174 2.61858
-4.0838 -1.94758 2.60926
-4.08774 -1.94523 2.60444
-4.10281 -1.93567 2.57597
-4.10747 -1.93307 2.63371
-4.11332 -1.92975 2.62417
-4.1259 -1.92225 2.60394
-4.13719 -1.9156 2.61007
-4.14409 -1.91172 2.62869
-4.14978 -1.9088 2.66724
-4.157 -1.90516 2.67522
-4.17216 -1.89748 2.67255
-4.18436 -1.89138 2.67782
-4.18203 -1.89257 2.67005
-4.19102 -1.88802 2.67374
-4.20102 -1.8833 2.69987
-4.20796 -1.88013 2.71359
-4.21805 -1.87529 2.69407
-4.2301 -1.86989 2.72025
-4.24226 -1.864 2.69082
-4.24614 -1.86208 2.68283
-4.25809 -1.85575 2.65428
-4.26732 -1.85089 2.65683
True
0.0668304
