-5.48417 -0.636704 0.346348
-5.441 -0.621896 0.330408
-5.39764 -0.604085 0.38976
-5.35255 -0.58595 0.382405
-5.30619 -0.567321 0.382106
-5.268 -0.551991 0.38167
-5.22699 -0.534866 0.395589
-5.18356 -0.519575 0.33851
-5.13673 -0.503736 0.326156
-5.10353 -0.49134 0.357386
-5.06844 -0.478812 0.342889
-5.0246 -0.466041 0.283489
-4.99251 -0.456938 0.276376
-4.94433 -0.445119 0.240541
-4.8965 -0.432918 0.249765
-4.85772 -0.423527 0.237644
-4.81772 -0.415467 0.198818
-4.7683 -0.408228 0.145423
-4.7241 -0.399782 0.188837
-4.67532 -0.3894 0.209705
-4.62826 -0.376001 0.277353
-4.58371 -0.362534 0.293577
-4.53745 -0.348916 0.286279
-4.49142 -0.334146 0.310517
-4.44572 -0.318327 0.333207
-4.39857 -0.301737 0.338308
-4.35525 -0.285406 0.360582
-4.31676 -0.272429 0.32514
-4.27294 -0.259028 0.296798
-4.2306 -0.248488 0.243962
-4.18937 -0.237982 0.249521
-4.14162 -0.223448 0.295471
-4.09641 -0.210432 0.280303
-4.05472 -0.198534 0.278017
-4.00885 -0.18626 0.261441
-3.96357 -0.174613 0.251781
-3.92958 -0.166144 0.244189
-3.88208 -0.156207 0.206244
-3.84031 -0.146584 0.226385
-3.80746 -0.141104 0.165308
-3.76001 -0.133369 0.1616
-3.71229 -0.125026 0.173086
-3.66351 -0.114211 0.218186
-3.61459 -0.104365 0.19859
-3.5658 -0.0948691 0.192227
-3.5195 -0.0855743 0.198124
-3.48225 -0.0767828 0.231786
-3.43392 -0.066541 0.208836
-3.38551 -0.0560878 0.212648
-3.34178 -0.0447049 0.254668
-3.29792 -0.0358849 0.198438
-3.24933 -0.0273284 0.17429
-3.20799 -0.0183615 0.213591
-3.1599 -0.00870721 0.198126
-3.1116 0.00404079 0.258089
-3.06439 0.017239 0.272593
-3.01662 0.0294011 0.249312
-2.96849 0.0428546 0.272559
-2.92619 0.0557291 0.295462
-2.87784 0.0679934 0.248416
-2.82906 0.0789412 0.220766
-2.79129 0.087561 0.224353
-2.74289 0.0978752 0.209979
-2.69455 0.1105 0.255439
-2.653 0.122206 0.27464
-2.6061 0.136354 0.292969
-2.57359 0.143202 0.207592
-2.52482 0.153777 0.21354
-2.48542 0.162355 0.21435
-2.43848 0.174041 0.243996
-2.4 0.184638 0.26875
-2.35386 0.197462 0.271104
-2.3064 0.210485 0.267794
-2.26552 0.222346 0.282377
-2.22275 0.233692 0.259329
-2.17402 0.243733 0.203189
-2.12639 0.255684 0.245828
-2.0808 0.265868 0.219823
-2.03608 0.273509 0.169209
-1.98772 0.28325 0.198767
-1.94655 0.292529 0.221708
-1.89806 0.304718 0.246252
-1.85256 0.317378 0.271338
-1.80608 0.329096 0.247017
-1.76007 0.342 0.27341
-1.71353 0.354813 0.268659
-1.67397 0.365034 0.252843
-1.62511 0.375538 0.211774
-1.58744 0.384446 0.232206
-1.53887 0.396091 0.235273
-1.49359 0.40471 0.188092
-1.44727 0.416363 0.246511
-1.40395 0.42882 0.279948
-1.36285 0.441282 0.294478
-1.31818 0.455352 0.305082
-1.27221 0.469255 0.29372
-1.2273 0.482521 0.287203
-1.18853 0.496171 0.338522
-1.14187 0.509291 0.274112
-1.09466 0.525742 0.335311
-1.04851 0.539607 0.291862
-1.00157 0.556699 0.349178
-0.954288 0.572946 0.330974
-0.914856 0.58605 0.320858
-0.875382 0.597679 0.286478
-0.828756 0.613791 0.332715
-0.781641 0.628664 0.305775
-0.746053 0.639004 0.282758
-0.700352 0.651032 0.257355
-0.655782 0.66383 0.279622
-0.619081 0.673938 0.268755
-0.575793 0.683888 0.22593
-0.54281 0.691381 0.223386
-0.494513 0.702981 0.235719
-0.454082 0.711331 0.203656
-0.40644 0.721879 0.217882
-0.357705 0.729556 0.156247
-0.309156 0.740401 0.21978
-0.279309 0.746989 0.217247
-0.236504 0.758109 0.254158
-0.190038 0.771143 0.273478
-0.155621 0.779898 0.249105
-0.119727 0.790003 0.274414
-0.0721567 0.803851 0.28327
-0.0314952 0.814559 0.257507
0.0155242 0.827448 0.267538
0.0639334 0.839418 0.242412
0.11252 0.851131 0.236564
0.157214 0.859974 0.195323
0.206615 0.8676 0.153165
0.245969 0.874118 0.164138
0.295465 0.881186 0.141849
0.343127 0.890756 0.198138
0.39205 0.901021 0.206825
0.440407 0.910227 0.188123
0.488923 0.921574 0.229757
0.534572 0.93213 0.227244
0.583006 0.944435 0.248789
0.622492 0.95601 0.285153
0.666541 0.970024 0.308027
0.713199 0.984313 0.297174
0.761527 0.996905 0.254885
0.809649 1.00771 0.220956
0.857652 1.02027 0.255779
0.900763 1.03106 0.245359
0.945806 1.04254 0.249403
0.994328 1.0544 0.239799
1.04282 1.06626 0.239944
1.08412 1.07572 0.225245
1.1292 1.08854 0.276866
1.17763 1.10018 0.235973
1.22535 1.11186 0.239928
1.27425 1.12229 0.210229
1.32269 1.13465 0.249891
1.37192 1.14338 0.175513
1.41407 1.15409 0.248625
1.46228 1.16689 0.259554
1.51085 1.17876 0.239705
1.55821 1.19081 0.249235
1.59859 1.20175 0.264419
1.64316 1.21358 0.259565
1.68006 1.22583 0.32057
1.7252 1.24241 0.352051
1.76765 1.25797 0.351216
1.80949 1.27138 0.310189
1.85479 1.28518 0.295676
1.89659 1.29509 0.232869
1.94464 1.30754 0.253533
1.9902 1.31854 0.23682
2.03852 1.33083 0.249068
2.07268 1.3377 0.198606
2.12062 1.34809 0.213463
2.16953 1.35688 0.177769
2.21781 1.36909 0.247625
2.26298 1.37984 0.233655
2.28385 1.38443 0.216669
2.33081 1.39736 0.26869
2.37477 1.40886 0.25585
2.42014 1.42058 0.252821
2.46776 1.43395 0.273565
2.5148 1.44552 0.241165
2.56305 1.45803 0.253757
2.61171 1.46921 0.225834
2.6599 1.47999 0.220061
2.70898 1.4871 0.143893
2.75683 1.49417 0.146733
2.80095 1.50081 0.149432
2.84327 1.50922 0.196069
2.89163 1.518 0.179576
2.93899 1.529 0.228222
2.98703 1.53857 0.196696
3.03581 1.54837 0.198175
3.0847 1.55603 0.155388
3.12646 1.56344 0.175699
3.17465 1.5723 0.18189
3.22071 1.58111 0.188873
3.26889 1.59016 0.185787
3.31616 1.59837 0.171877
3.36258 1.60554 0.153391
3.40764 1.6129 0.161813
3.44749 1.62138 0.209655
3.46287 1.62414 0.17749
3.48942 1.62814 0.149527
3.53756 1.63626 0.167071
3.58066 1.64343 0.164834
3.6174 1.64869 0.142391
3.6631 1.65536 0.144793
3.7033 1.66191 0.161683
3.73981 1.66856 0.179931
3.77408 1.67584 0.209469
3.81739 1.68517 0.212124
3.8574 1.693 0.193258
3.88642 1.69979 0.229799
3.93129 1.71075 0.239633
3.96578 1.72035 0.271482
4.00695 1.73149 0.264251
4.05029 1.74049 0.204781
4.08143 1.74524 0.151357
4.13045 1.7531 0.158928
4.16894 1.76017 0.18171
4.20482 1.76918 0.246126
4.24722 1.77998 0.249353
4.27403 1.78716 0.261779
4.29575 1.79463 0.330981
4.31217 1.7999 0.310557
4.33468 1.80632 0.278061
4.34999 1.81012 0.243243
4.35642 1.81182 0.257679
4.37828 1.81738 0.249134
4.39601 1.82215 0.262621
4.41683 1.8274 0.247241
4.45398 1.83816 0.281935
4.4731 1.8438 0.286933
4.48797 1.84771 0.257132
4.5039 1.852 0.262748
4.51936 1.85601 0.254002
4.53823 1.86061 0.239127
4.54119 1.8612 0.197508
4.55453 1.86406 0.210546
4.57539 1.86829 0.200177
4.59779 1.87253 0.187182
4.62807 1.87949 0.225871
4.64811 1.88414 0.228042
4.68096 1.89208 0.237262
4.70797 1.89794 0.213528
4.7425 1.90734 0.265918
4.76666 1.91479 0.298912
4.78104 1.91911 0.291978
4.7809 1.91906 0.327341
4.7895 1.92158 0.284401
4.80924 1.92761 0.296693
4.83401 1.93447 0.270122
4.86658 1.94265 0.2459
4.88562 1.94753 0.251003
4.90624 1.95261 0.241411
4.92307 1.95665 0.235973
4.92972 1.95831 0.244476
4.94181 1.96064 0.190648
4.95947 1.96283 0.122999
4.98545 1.96622 0.12989
4.9923 1.96711 0.129727
5.00813 1.96989 0.173377
5.03294 1.97447 0.182697
5.04219 1.97644 0.210113
5.05904 1.98049 0.235856
5.06248 1.9814 0.258067
5.08309 1.98751 0.288004
5.10739 1.99625 0.345428
5.12467 2.0028 0.362333
5.13748 2.00815 0.39565
5.14259 2.01021 0.382213
5.1463 2.01166 0.373461
5.1494 2.01299 0.405527
5.16806 2.02177 0.439747
5.17548 2.02519 0.431454
5.18697 2.03004 0.400225
5.19832 2.03434 0.361226
5.19862 2.03446 0.389106
5.20234 2.03595 0.381785
5.21732 2.04129 0.342677
True
0.0680101
