4.47325 0.00336788 3.01633
4.43742 0.0121707 2.90069
4.4181 0.0178683 2.85492
4.3878 0.0282538 2.81137
4.34498 0.047451 2.7201
4.3196 0.0616559 2.63133
4.29061 0.0790594 2.60098
4.25351 0.106639 2.50229
4.2216 0.131155 2.48655
4.18854 0.162344 2.38535
4.1636 0.187455 2.35268
4.13828 0.21412 2.33029
4.10723 0.249452 2.29181
4.07654 0.286508 2.26253
4.04693 0.324231 2.23623
4.02141 0.358057 2.21715
4.00192 0.383704 2.22075
3.98064 0.411815 2.21878
3.9629 0.436276 2.19825
3.93754 0.473062 2.17436
3.91874 0.500741 2.16744
3.89443 0.539417 2.13181
3.87925 0.566383 2.08348
3.86023 0.601883 2.06278
3.84049 0.64603 1.99116
3.82106 0.68925 1.99331
3.80687 0.724313 1.9553
3.79034 0.767998 1.93269
3.77721 0.803812 1.92203
3.76338 0.841964 1.91868
3.74628 0.888713 1.92137
3.73226 0.930078 1.8976
3.72333 0.955121 1.91345
3.71443 0.978279 1.93771
3.69746 1.02355 1.92934
3.67999 1.07036 1.92819
3.66457 1.11791 1.88428
3.65069 1.16236 1.87346
3.63633 1.20881 1.87068
3.62771 1.23468 1.89246
3.62267 1.24733 1.94994
3.62023 1.25436 1.90496
3.60627 1.29247 1.92186
3.59122 1.32933 1.95847
3.57445 1.37545 1.91941
3.55796 1.41723 1.9469
3.54742 1.44872 1.89381
3.5338 1.48784 1.90583
3.51806 1.53529 1.89087
3.50478 1.57575 1.88802
3.4946 1.60553 1.90016
3.47862 1.64903 1.92291
3.46843 1.67477 1.94769
3.45495 1.7086 1.95011
3.43284 1.75343 2.029
3.41633 1.78381 2.0686
3.39232 1.8271 2.07703
3.37144 1.86139 2.11798
3.35184 1.89444 2.10593
3.33066 1.93286 2.07467
3.30524 1.9742 2.12204
3.27831 2.01633 2.13954
3.25236 2.05494 2.16262
3.23902 2.07551 2.14626
3.22217 2.10008 2.17185
3.19701 2.13657 2.17433
3.17083 2.1698 2.23813
3.1393 2.20857 2.25362
3.10859 2.24371 2.28912
3.07609 2.2817 2.27832
3.04535 2.32089 2.23607
3.02666 2.34387 2.25363
3.00117 2.37447 2.26528
2.96941 2.41122 2.28346
2.93788 2.44885 2.26814
2.91902 2.47244 2.24538
2.8964 2.50094 2.24166
2.87435 2.52858 2.2441
2.84443 2.56395 2.27306
2.81229 2.59797 2.3277
2.7862 2.62567 2.32624
2.75357 2.65833 2.35563
2.72229 2.6895 2.35808
2.709 2.70222 2.37785
2.6923 2.71911 2.35061
2.66218 2.74709 2.39301
2.62527 2.78062 2.40419
2.58898 2.81502 2.38288
2.55695 2.84457 2.39653
2.54325 2.85643 2.42785
2.523 2.87457 2.41122
2.51129 2.88504 2.41205
2.48213 2.91117 2.41082
2.45149 2.93787 2.42506
2.41838 2.96458 2.46267
2.40158 2.97817 2.46145
2.36308 3.00857 2.47313
2.32696 3.03591 2.49367
2.28867 3.06499 2.49203
2.25997 3.08688 2.49013
2.22922 3.11423 2.41466
2.20037 3.13517 2.51361
2.16083 3.16578 2.48294
2.12946 3.18768 2.53204
2.09529 3.21523 2.46302
2.05818 3.24214 2.51419
2.02135 3.26581 2.57049
1.98641 3.28857 2.5642
1.95011 3.31107 2.5866
1.91358 3.33485 2.5645
1.88974 3.35046 2.56199
1.85522 3.37129 2.59864
1.83277 3.38359 2.64058
1.79838 3.40363 2.61391
1.7613 3.42557 2.60724
1.72524 3.44511 2.64499
1.68252 3.47063 2.60307
1.65256 3.48715 2.63777
1.61119 3.50915 2.65297
1.5715 3.53167 2.62538
1.52888 3.55406 2.65787
1.49269 3.57265 2.66712
1.4484 3.59584 2.65909
1.40524 3.61851 2.65805
1.37619 3.63152 2.72047
1.3393 3.64712 2.7416
1.29667 3.66487 2.7471
1.25959 3.67748 2.81355
1.21935 3.69218 2.79152
1.17452 3.70746 2.81303
1.12893 3.72542 2.76636
1.08683 3.73778 2.85599
1.03999 3.75494 2.79056
0.995944 3.76936 2.82505
0.95489 3.78304 2.82002
0.907309 3.79659 2.8642
0.864468 3.80741 2.89406
0.820085 3.81583 2.9542
0.776936 3.82355 2.96462
0.728238 3.83129 2.98386
0.678827 3.83845 2.99763
0.638749 3.84302 3.0282
0.593414 3.8493 3.00394
0.551436 3.85409 3.02797
0.502215 3.86183 2.98567
0.458818 3.86678 3.02786
0.412019 3.87344 3.00025
0.371749 3.87912 3.00155
0.331375 3.88374 3.02761
0.290367 3.88715 3.05866
0.240461 3.8901 3.08248
0.190585 3.8936 3.07165
0.140812 3.89776 3.05804
0.0997096 3.90032 3.07954
0.0545749 3.90213 3.10149
0.00691079 3.90227 3.13862
-0.0430871 3.90267 3.13356
-0.0850303 3.90162 3.16662
-0.128658 3.89939 -3.09044
-0.168137 3.89548 -3.04291
-0.207228 3.8905 -3.01482
-0.24342 3.88546 -3.00321
-0.292539 3.87748 -2.98049
-0.341595 3.86781 -2.94705
-0.388418 3.86063 -2.98945
-0.432406 3.85202 -2.94828
-0.478018 3.8421 -2.92752
-0.51594 3.83425 -2.93747
-0.563322 3.82505 -2.94968
-0.609308 3.81549 -2.93677
-0.652535 3.80823 -2.97514
-0.68476 3.80059 -2.90873
-0.724254 3.79161 -2.9181
-0.773255 3.78173 -2.94259
-0.822012 3.7709 -2.92297
-0.866882 3.76074 -2.91904
-0.912328 3.74884 -2.88554
-0.959222 3.7363 -2.88029
-1.00679 3.72316 -2.87206
-1.05482 3.70927 -2.86007
-1.10192 3.69436 -2.83488
-1.13419 3.68316 -2.80757
-1.18206 3.66901 -2.85423
-1.22251 3.65537 -2.81629
-1.26683 3.63967 -2.80126
-1.31417 3.6237 -2.81614
-1.36062 3.60524 -2.76331
-1.40662 3.58645 -2.75387
-1.45243 3.56843 -2.76674
-1.49893 3.55046 -2.77297
-1.54489 3.53113 -2.74342
-1.5912 3.5123 -2.7554
-1.63142 3.49431 -2.72101
-1.66599 3.47777 -2.69527
-1.70215 3.46098 -2.70696
-1.74503 3.43793 -2.64829
-1.78327 3.41805 -2.66219
-1.82676 3.3934 -2.62601
-1.86436 3.37306 -2.64551
-1.89283 3.35735 -2.63749
-1.93484 3.33379 -2.63045
-1.97427 3.31328 -2.66203
-2.01858 3.29167 -2.68788
-2.0571 3.26843 -2.59861
-2.10041 3.24344 -2.61836
-2.14267 3.21704 -2.58315
-2.18349 3.19267 -2.60333
-2.22148 3.17079 -2.61915
-2.25704 3.15302 -2.67798
-2.29205 3.13539 -2.67515
-2.33011 3.11392 -2.62811
-2.36943 3.09025 -2.59959
-2.40482 3.06741 -2.56849
-2.44682 3.04034 -2.5691
-2.48285 3.0164 -2.55508
-2.52 2.99062 -2.53499
-2.55975 2.96205 -2.51841
-2.59309 2.93691 -2.49556
-2.62721 2.91032 -2.47958
-2.66216 2.88157 -2.45326
-2.68862 2.85835 -2.42123
-2.72634 2.82856 -2.4732
-2.76473 2.7975 -2.46131
-2.80185 2.76724 -2.45755
-2.83877 2.73751 -2.46366
-2.87333 2.7093 -2.45708
-2.90916 2.68007 -2.45724
-2.93721 2.65655 -2.44393
-2.96017 2.63778 -2.45641
-2.99203 2.61088 -2.44023
-3.01453 2.5917 -2.43582
-3.03781 2.57131 -2.42232
-3.07596 2.54139 -2.47648
-3.11047 2.51399 -2.47053
-3.14476 2.48822 -2.49696
-3.18236 2.46108 -2.51654
-3.21777 2.43493 -2.50542
-3.2507 2.40763 -2.44937
-3.27796 2.38635 -2.47871
-3.3039 2.3639 -2.42843
-3.33521 2.33798 -2.44989
-3.37072 2.30726 -2.42853
-3.39795 2.28246 -2.40273
-3.43326 2.25183 -2.4271
-3.46882 2.22273 -2.45581
-3.49358 2.20124 -2.42665
-3.52735 2.17133 -2.41686
-3.55559 2.145 -2.39114
-3.58266 2.11868 -2.3702
-3.61552 2.08477 -2.34047
-3.64507 2.05609 -2.37111
-3.67086 2.0294 -2.33901
-3.69851 2.00285 -2.37644
-3.71889 1.98348 -2.38168
-3.72407 1.9784 -2.36608
-3.73498 1.96792 -2.37665
-3.75471 1.94808 -2.3534
-3.76357 1.93952 -2.37339
-3.77967 1.92358 -2.36096
-3.78407 1.91939 -2.38051
-3.7949 1.90837 -2.34755
-3.8128 1.89118 -2.37641
-3.83787 1.86681 -2.37028
-3.84664 1.85816 -2.36372
-3.87085 1.83501 -2.37845
-3.89101 1.81689 -2.40936
-3.89914 1.80969 -2.41638
-3.91038 1.7996 -2.41054
-3.92057 1.78999 -2.38542
-3.92673 1.78413 -2.38082
-3.92601 1.78481 -2.37809
-3.93459 1.77693 -2.39845
-3.94852 1.76452 -2.41354
-3.95496 1.75843 -2.38452
-3.96996 1.74486 -2.40611
-3.97633 1.739 -2.39825
-3.98349 1.7322 -2.3818
-3.98639 1.72938 -2.37169
-3.99584 1.72 -2.35964
-4.00272 1.7134 -2.37627
-4.01043 1.70522 -2.32739
-4.0159 1.69901 -2.29308
-4.02732 1.6857 -2.27931
-4.03252 1.67956 -2.27416
-4.03804 1.67281 -2.2569
-4.04004 1.67048 -2.27841
-4.04903 1.65916 -2.24168
-4.06133 1.6437 -2.24315
-4.0704 1.63264 -2.25739
-4.07762 1.62417 -2.27723
-4.08962 1.60913 -2.24407
-4.09639 1.60077 -2.25159
-4.10201 1.59367 -2.24016
-4.10874 1.58563 -2.26738
-4.11776 1.57522 -2.28517
-4.13183 1.55937 -2.29677
-4.13826 1.5532 -2.37654
-4.14603 1.54628 -2.41436
-4.15326 1.53982 -2.41209
-4.15884 1.53476 -2.40528
-4.16129 1.53272 -2.44646
-4.17047 1.52557 -2.47985
-4.17401 1.52282 -2.48102
-4.17822 1.51997 -2.54734
-4.19143 1.51142 -2.56705
-4.20453 1.50222 -2.52904
-4.2157 1.49359 -2.48406
-4.22541 1.4861 -2.48464
-4.22884 1.48341 -2.47618
-4.23562 1.47792 -2.46133
-4.23794 1.47592 -2.42828
-4.24429 1.47001 -2.3929
-4.24883 1.46576 -2.38894
-4.25799 1.45711 -2.38483
-4.26505 1.45045 -2.38456
True
0.066328
