4.4827 0.00958856 2.63542
4.45008 0.0284715 2.61683
4.42133 0.0497111 2.50532
4.3812 0.0788692 2.51327
4.34417 0.107422 2.48477
4.30709 0.140924 2.40685
4.27555 0.171107 2.37822
4.24807 0.201883 2.29956
4.22878 0.225662 2.25251
4.19877 0.263612 2.23989
4.17125 0.297666 2.25032
4.14056 0.333925 2.27324
4.11795 0.361649 2.25494
4.08944 0.398713 2.22658
4.05817 0.437598 2.24808
4.03222 0.471855 2.21902
4.0066 0.510587 2.15517
3.9842 0.544761 2.15094
3.9613 0.584667 2.09181
3.943 0.615652 2.10422
3.91819 0.657853 2.10224
3.89409 0.700806 2.08228
3.87697 0.73445 2.04132
3.85639 0.77545 2.03599
3.83427 0.820288 2.0292
3.8191 0.854488 1.98829
3.80129 0.895961 1.97643
3.78239 0.942249 1.95848
3.76172 0.987718 1.99741
3.74639 1.02067 2.00627
3.72885 1.06693 1.93309
3.71688 1.10154 1.90388
3.7043 1.137 1.91156
3.68877 1.18348 1.89326
3.67442 1.23138 1.86194
3.66114 1.27845 1.84581
3.64613 1.32273 1.89755
3.63825 1.34615 1.89554
3.62963 1.36844 1.9398
3.61377 1.40875 1.9455
3.59747 1.45397 1.91679
3.57885 1.50017 1.95391
3.56354 1.53912 1.94539
3.54655 1.58335 1.93754
3.53519 1.61175 1.95126
3.51621 1.65362 1.9964
3.49923 1.68958 2.01208
3.48111 1.72921 1.99957
3.4591 1.77409 2.02681
3.43897 1.81986 1.9851
3.41962 1.86573 1.96992
3.39953 1.90825 2.0122
3.37693 1.95279 2.04048
3.35537 1.9973 2.02182
3.3334 2.04219 2.02592
3.31239 2.08507 2.02638
3.28965 2.12952 2.04365
3.26251 2.17151 2.14464
3.23866 2.21085 2.11581
3.21901 2.244 2.106
3.19273 2.28472 2.14376
3.16501 2.32309 2.19657
3.13441 2.36058 2.25526
3.10512 2.39531 2.27138
3.07405 2.43365 2.25192
3.04383 2.47279 2.22826
3.01442 2.50924 2.24975
2.98298 2.54721 2.26242
2.95205 2.58413 2.26812
2.92106 2.62122 2.26682
2.89146 2.6588 2.23781
2.87107 2.68786 2.18275
2.83898 2.72606 2.26947
2.8097 2.75961 2.28848
2.77842 2.79566 2.2853
2.75089 2.82538 2.31803
2.71891 2.86225 2.28524
2.68602 2.89984 2.28965
2.65149 2.93601 2.33303
2.61853 2.96995 2.34151
2.60297 2.9852 2.36628
2.57958 3.00855 2.35715
2.54267 3.04226 2.40138
2.50985 3.07207 2.4043
2.48003 3.09856 2.41518
2.44243 3.13149 2.42235
2.40872 3.16015 2.43693
2.37505 3.18723 2.46431
2.3376 3.21947 2.43077
2.30907 3.24254 2.46168
2.27396 3.27094 2.46142
2.23504 3.30228 2.46379
2.1949 3.33151 2.51202
2.15606 3.36017 2.50584
2.13278 3.37591 2.54728
2.09526 3.40083 2.55543
2.06266 3.42283 2.5477
2.0372 3.43865 2.58574
1.99666 3.46314 2.59807
1.96082 3.48463 2.60162
1.91863 3.51038 2.59345
1.88024 3.53461 2.57866
1.84673 3.55387 2.62004
1.81029 3.5746 2.6243
1.77093 3.59419 2.67989
1.72657 3.61651 2.67538
1.68347 3.63803 2.67841
1.64288 3.65904 2.66393
1.60445 3.68037 2.63503
1.56088 3.70441 2.63729
1.51843 3.73035 2.59314
1.48279 3.75045 2.62797
1.43792 3.77248 2.68533
1.3938 3.79413 2.68528
1.34873 3.81347 2.73634
1.30453 3.83412 2.70456
1.26634 3.85261 2.69052
1.22817 3.86819 2.75411
1.19005 3.8842 2.74415
1.14517 3.90164 2.77078
1.09814 3.91859 2.79574
1.05138 3.93274 2.84782
1.00637 3.94812 2.81216
0.959388 3.96296 2.83567
0.912405 3.9783 2.82615
0.873175 3.98811 2.89638
0.826159 4.00111 2.8718
0.778086 4.01423 2.87518
0.730033 4.02507 2.91969
0.695622 4.03295 2.91659
0.657558 4.04265 2.89196
0.614303 4.05317 2.90315
0.565875 4.06399 2.92167
0.517658 4.07478 2.92147
0.468614 4.08394 2.95692
0.423007 4.09315 2.94238
0.373506 4.1001 3.0021
0.329841 4.1079 2.96486
0.281499 4.11586 2.97847
0.242606 4.12123 3.0044
0.193081 4.12803 3.00503
0.151249 4.13389 3.0024
0.102768 4.14275 2.96082
0.0702687 4.14707 3.00961
0.0412851 4.15049 3.02404
0.00215686 4.15503 3.02605
-0.0429363 4.15969 3.03873
-0.0685286 4.16244 3.03436
-0.115162 4.16747 3.03417
-0.156904 4.17068 3.06489
-0.20353 4.17528 3.04325
-0.252988 4.1769 3.10892
-0.30071 4.17801 3.11826
-0.350585 4.17766 3.14859
-0.400567 4.17687 -3.12571
-0.435682 4.1766 -3.1341
-0.471555 4.17526 -3.10429
-0.518687 4.17314 -3.09646
-0.552934 4.1712 -3.08524
-0.602501 4.17052 -3.12781
-0.651797 4.16989 -3.12874
-0.695745 4.16906 -3.12274
-0.74552 4.16922 -3.1448
-0.789338 4.16817 3.16556
-0.834354 4.16723 -3.12088
-0.881732 4.16617 -3.1192
-0.91699 4.16334 -3.06152
-0.960456 4.16027 -3.07097
-1.01038 4.15749 -3.08603
-1.05331 4.15525 -3.08948
-1.0936 4.15115 -3.04
-1.1431 4.14748 -3.06773
-1.18563 4.14319 -3.04107
-1.23298 4.13894 -3.05193
-1.27035 4.1349 -3.03405
-1.31313 4.13152 -3.06261
-1.36254 4.12624 -3.03523
-1.41172 4.1219 -3.05364
-1.46007 4.11801 -3.06126
-1.50889 4.11376 -3.05475
-1.55122 4.11016 -3.05679
-1.60094 4.10492 -3.03662
-1.6317 4.10116 -3.01982
-1.67482 4.09715 -3.04883
-1.70315 4.09492 -3.06324
-1.75105 4.09171 -3.0747
-1.79554 4.08844 -3.06802
-1.84549 4.088 -3.13294
-1.89368 4.08657 -3.1118
-1.93269 4.08658 -3.14201
-1.98266 4.08511 3.17107
-2.02867 4.08511 -3.14152
-2.0753 4.08576 -3.15565
-2.12018 4.08552 3.14696
-2.16261 4.08545 -3.13986
-2.21239 4.08701 -3.1729
-2.25885 4.09034 3.07005
-2.30633 4.09393 3.06603
-2.35113 4.09844 3.04129
-2.39163 4.10245 3.04299
-2.43489 4.10494 3.08409
-2.48302 4.10905 3.05629
-2.52761 4.11299 3.05354
-2.57052 4.11832 3.01789
-2.612 4.12292 3.0312
-2.64205 4.12535 3.06078
-2.68621 4.1306 3.02331
-2.72902 4.13703 2.9925
-2.75861 4.14225 2.96719
-2.77998 4.14617 2.96026
-2.78722 4.14738 2.9747
-2.81331 4.15203 2.96538
-2.83927 4.15656 2.96877
-2.86587 4.1624 2.92547
-2.87422 4.16412 2.93827
-2.89422 4.16763 2.96803
-2.91047 4.17017 2.98645
-2.93148 4.17255 3.02902
-2.95453 4.1745 3.05699
-2.9663 4.17507 3.09308
-2.96288 4.17471 3.0365
-2.95949 4.17463 3.1163
-2.96209 4.17467 3.12458
-2.98638 4.17485 3.13419
-2.99832 4.17506 3.12393
-3.00898 4.17597 3.05677
-3.02146 4.17813 2.96993
-3.02473 4.17878 2.94656
-3.03778 4.18071 2.99499
-3.05273 4.18245 3.02538
-3.07457 4.18472 3.03803
-3.08727 4.18608 3.03531
-3.11461 4.18859 3.04974
-3.13932 4.1899 3.08896
-3.17357 4.19157 3.09279
-3.18382 4.1919 3.10916
-3.18869 4.19213 3.09472
-3.20675 4.19139 3.18273
-3.22581 4.19088 -3.11525
-3.24783 4.19024 -3.11244
-3.26532 4.19032 -3.14615
-3.30186 4.19078 3.12896
-3.33875 4.18945 3.17766
-3.36971 4.18733 -3.07301
-3.39331 4.18527 -3.05463
-3.40838 4.1841 -3.06404
-3.42431 4.18434 -3.15668
-3.44925 4.18545 3.09693
-3.49036 4.18762 3.08897
-3.52557 4.18916 3.09795
-3.54383 4.18989 3.10137
-3.55459 4.19065 3.07069
-3.58062 4.19139 3.1135
-3.61972 4.19399 3.07499
-3.6363 4.19502 3.08001
-3.65218 4.19667 3.03794
-3.67168 4.19854 3.04604
-3.69493 4.20067 3.04993
-3.72574 4.20353 3.04907
-3.76192 4.20653 3.05887
-3.79137 4.20864 3.07032
-3.81309 4.21053 3.05464
-3.83435 4.21311 3.02083
-3.83936 4.21371 3.02267
-3.84781 4.21509 2.97952
-3.85339 4.21612 2.95884
-3.85624 4.21661 2.97074
-3.87252 4.21916 2.98634
-3.8944 4.22243 2.99316
-3.91221 4.22527 2.98351
-3.93169 4.22814 2.99544
-3.95587 4.23395 2.90559
-3.98218 4.24067 2.89146
-3.99528 4.24405 2.88941
-4.00796 4.24736 2.8867
-4.00808 4.24738 2.90305
-4.01758 4.24969 2.9031
-4.02768 4.25211 2.90699
-4.03567 4.25406 2.90223
-4.04729 4.25693 2.89955
-4.05502 4.25868 2.91858
-4.0781 4.26421 2.90645
-4.08549 4.26619 2.87933
-4.0914 4.2679 2.8604
-4.10258 4.27109 2.86343
-4.11903 4.27535 2.88831
-4.13093 4.27852 2.88099
-4.15962 4.28829 2.81361
-4.17236 4.29301 2.78682
-4.1837 4.29749 2.765
-4.19007 4.30011 2.75078
-4.20846 4.30783 2.7441
-4.22557 4.31542 2.72427
-4.2359 4.32025 2.70443
-4.24448 4.32417 2.71257
-4.25566 4.32948 2.6981
True
0.186219
