-5.4752 1.23181 0.0121326
-5.43105 1.23323 0.0322235
-5.38273 1.23489 0.0342812
-5.33497 1.23962 0.0987719
-5.28969 1.24299 0.0741487
-5.24516 1.24663 0.0815432
-5.19636 1.25003 0.069612
-5.14759 1.25235 0.0475949
-5.11449 1.25593 0.107742
-5.0849 1.25901 0.103839
-5.04827 1.26329 0.116205
-4.99844 1.26743 0.0829528
-4.95904 1.27208 0.117385
-4.9127 1.27711 0.108218
-4.87308 1.28162 0.113172
-4.8232 1.28516 0.0708955
-4.77369 1.29055 0.10837
-4.72399 1.29563 0.102001
-4.68271 1.30104 0.130212
-4.63315 1.30708 0.121365
-4.58589 1.31042 0.0704933
-4.53637 1.31316 0.0553271
-4.48973 1.31453 0.0292733
-4.44447 1.31535 0.0181389
-4.40373 1.31494 -0.0100382
-4.35875 1.31519 0.0055543
-4.31416 1.3146 -0.0131559
-4.26907 1.31353 -0.0238201
-4.21924 1.31209 -0.0288784
-4.17109 1.31146 -0.0131122
-4.13553 1.31189 0.0121668
-4.08696 1.31303 0.0233231
-4.04013 1.31476 0.0369373
-3.99866 1.31708 0.0559123
-3.95873 1.31987 0.0698971
-3.91018 1.32236 0.0512123
-3.86037 1.32555 0.0638491
-3.81589 1.32747 0.0431622
-3.77103 1.329 0.034209
-3.7225 1.33054 0.0316005
-3.67955 1.33195 0.0330014
-3.63177 1.33414 0.0457475
-3.58231 1.33492 0.0157698
-3.53379 1.33606 0.0233674
-3.4863 1.33798 0.0405053
-3.43662 1.34103 0.0614085
-3.4001 1.34325 0.0605475
-3.35021 1.34574 0.0499112
-3.30046 1.34897 0.0648251
-3.25635 1.35081 0.0417541
-3.20655 1.35425 0.0688171
-3.1643 1.35713 0.0680767
-3.11538 1.36041 0.0669196
-3.07776 1.36412 0.0983322
-3.03067 1.36742 0.0700903
-2.9823 1.36891 0.0307963
-2.93427 1.37152 0.0542628
-2.89695 1.3746 0.082298
-2.84833 1.37476 0.00338901
-2.80079 1.37526 0.010481
-2.75794 1.37518 -0.00189677
-2.71241 1.37614 0.0211595
-2.6675 1.37684 0.0154343
-2.63199 1.37709 0.00708666
-2.5822 1.37845 0.0272987
-2.54124 1.38081 0.0575476
-2.49144 1.38376 0.0591224
-2.44319 1.38944 0.117216
-2.39684 1.39479 0.115027
-2.34723 1.40002 0.104994
-2.30461 1.40455 0.105783
-2.2549 1.40994 0.107999
-2.20546 1.41523 0.106769
-2.17113 1.41899 0.108912
-2.12142 1.4231 0.0824645
-2.072 1.42723 0.0834699
-2.02548 1.43079 0.0764171
-1.98536 1.43257 0.0441304
-1.93944 1.43536 0.060881
-1.89002 1.43894 0.0721623
-1.84079 1.44246 0.0714958
-1.79361 1.44725 0.101037
-1.7462 1.45333 0.127666
-1.70877 1.4573 0.105705
-1.66214 1.46088 0.0764599
-1.61227 1.46359 0.0543636
-1.56506 1.4669 0.0700646
-1.51589 1.47083 0.0796699
-1.47013 1.47462 0.0827684
-1.43037 1.47614 0.0379958
-1.39227 1.47796 0.0477942
-1.34242 1.48094 0.0597224
-1.29376 1.48302 0.0426677
-1.24471 1.48528 0.0460717
-1.19475 1.48715 0.037558
-1.15226 1.49008 0.0686541
-1.10723 1.49145 0.0304186
-1.06539 1.49208 0.0151022
-1.02178 1.4909 -0.0270263
-0.975968 1.48978 -0.024407
-0.925991 1.48905 -0.0145293
-0.878852 1.48732 -0.0368482
-0.832957 1.48449 -0.0614465
-0.783229 1.48025 -0.0851446
-0.739856 1.47578 -0.102715
-0.690197 1.47294 -0.0570069
-0.640207 1.47231 -0.0125941
-0.600808 1.47108 -0.0312494
-0.556241 1.47172 0.0141968
-0.515179 1.4703 -0.0343832
-0.471678 1.46913 -0.0269242
-0.430448 1.46967 0.013006
-0.386087 1.46922 -0.0100724
-0.336316 1.46974 0.0103263
-0.288195 1.46911 -0.0129607
-0.23882 1.46934 0.00468572
-0.189142 1.47265 0.0664359
-0.150315 1.47313 0.0125102
-0.102197 1.47478 0.0341938
-0.0765551 1.47548 0.027315
-0.0321204 1.47725 0.0398816
0.0138109 1.48004 0.0605151
0.0636707 1.48345 0.068322
0.112902 1.48625 0.0568351
0.156025 1.49147 0.120355
0.193014 1.49479 0.089629
0.242745 1.49974 0.0992074
0.292652 1.50254 0.0561054
0.342611 1.50385 0.026202
0.391466 1.5051 0.0256419
0.441303 1.5073 0.0439861
0.490365 1.50863 0.0271895
0.529505 1.51086 0.056782
0.576004 1.51288 0.0434415
0.623311 1.51458 0.0359192
0.670898 1.51761 0.0635634
0.720775 1.52109 0.0696261
0.767936 1.52334 0.0478587
0.817811 1.52653 0.063852
0.86226 1.52797 0.0323615
0.911427 1.52823 0.00515701
0.960936 1.5292 0.0196235
1.00248 1.53072 0.0365319
1.05199 1.53041 -0.0061618
1.09118 1.53017 -0.00622212
1.14037 1.52893 -0.0250478
1.17573 1.52706 -0.0528744
1.22562 1.52579 -0.0256055
1.27451 1.52258 -0.0655687
1.31751 1.52071 -0.0432524
1.36666 1.51555 -0.104576
1.41661 1.51344 -0.0423582
1.4666 1.51353 0.00179232
1.51615 1.51445 0.018575
1.56604 1.51619 0.0349781
1.61276 1.51803 0.0392157
1.65816 1.51884 0.0180161
1.70295 1.52253 0.081983
1.75129 1.52764 0.105429
1.79736 1.52994 0.0499052
1.84701 1.53076 0.0164763
1.89299 1.53058 -0.00392348
1.93554 1.53115 0.0132969
1.96934 1.53094 -0.00616722
2.01493 1.53215 0.0265586
2.05873 1.53218 0.000796109
2.09763 1.53144 -0.0191218
2.14618 1.53245 0.0208755
2.19612 1.53318 0.0145423
2.23375 1.53308 -0.00257473
2.274 1.53207 -0.0250575
2.32375 1.53133 -0.0149729
2.3727 1.52947 -0.0379297
2.41358 1.52889 -0.0142183
2.45677 1.52754 -0.0313053
2.50127 1.5277 0.00375491
2.55126 1.52806 0.00716311
2.6012 1.52665 -0.0282485
2.64595 1.5265 -0.003379
2.69587 1.52924 0.0548395
2.73952 1.5303 0.0243438
2.78236 1.53122 0.0214033
2.83227 1.53403 0.0563215
2.8682 1.5343 0.00730141
2.91783 1.5355 0.0242393
2.96235 1.53824 0.0614872
3.00687 1.54052 0.051166
3.04486 1.54215 0.0429453
3.09421 1.54383 0.0339749
3.13253 1.54664 0.0732315
3.17978 1.54723 0.0123725
3.21984 1.54768 0.0112233
3.26556 1.54903 0.029619
3.30654 1.5502 0.0285963
3.34198 1.55145 0.0352096
3.38971 1.55411 0.055589
3.4318 1.55686 0.0653353
3.47678 1.55918 0.0514897
3.5212 1.56335 0.0936412
3.56984 1.56742 0.0834269
3.6155 1.57242 0.109161
3.64723 1.57635 0.123122
3.68058 1.58247 0.181414
3.72765 1.59163 0.192277
3.77289 1.60272 0.240493
3.80971 1.61091 0.218796
3.85417 1.61879 0.17532
3.89871 1.62579 0.156027
3.93823 1.63319 0.184975
3.98334 1.6401 0.151993
4.02662 1.64597 0.134834
4.0555 1.64963 0.126171
4.08008 1.65376 0.166425
4.08665 1.65482 0.159207
4.09361 1.65617 0.192345
4.09599 1.65671 0.223595
4.09618 1.65675 0.214304
4.11678 1.66202 0.250334
4.13088 1.66523 0.223812
4.15962 1.67099 0.197792
4.19683 1.67749 0.172925
4.23615 1.68355 0.152978
4.28276 1.6927 0.193697
4.32348 1.70048 0.18887
4.36356 1.7085 0.197522
4.39188 1.71489 0.221775
4.42146 1.72118 0.209693
4.45179 1.72647 0.172765
4.4828 1.73149 0.16041
4.50913 1.7355 0.151197
4.53137 1.74023 0.209356
4.5324 1.74044 0.200837
4.5532 1.74439 0.187677
4.57858 1.74986 0.212452
4.59385 1.75286 0.193864
4.61025 1.75487 0.121569
4.63249 1.75662 0.0787648
4.63749 1.75669 0.0139544
4.65443 1.75643 -0.015671
4.66195 1.75625 -0.0235698
4.67763 1.75589 -0.0228943
4.70986 1.7564 0.0157406
4.73683 1.75704 0.023987
4.75368 1.75774 0.0412607
4.76598 1.75748 -0.0207675
4.78741 1.75738 -0.00471882
4.79646 1.75731 -0.00844386
4.79884 1.75721 -0.0400198
4.8132 1.75696 -0.0176181
4.8264 1.75667 -0.0218545
4.83597 1.75633 -0.035848
4.85405 1.75579 -0.0299002
4.86884 1.75581 0.00142878
4.88657 1.75599 0.0105966
4.88605 1.75597 0.0414934
4.90594 1.75696 0.0496131
4.90971 1.75725 0.0755628
4.91286 1.75748 0.0730834
4.93719 1.75993 0.100423
4.97696 1.76383 0.0977051
4.99325 1.76598 0.131298
5.01437 1.76955 0.167644
5.03426 1.77434 0.236427
5.0439 1.77684 0.25299
5.05622 1.78019 0.265911
5.07316 1.78499 0.27609
5.09343 1.79022 0.252694
5.09397 1.79036 0.245611
5.09731 1.79113 0.225785
5.10323 1.79253 0.233082
5.1096 1.79401 0.227718
5.11257 1.79482 0.265735
5.12815 1.79862 0.23965
5.13727 1.80056 0.20915
5.15323 1.80391 0.206824
5.15943 1.80516 0.198768
5.17808 1.80965 0.236164
5.18317 1.81077 0.217781
5.18464 1.81108 0.205066
5.18765 1.81169 0.200019
5.20058 1.81525 0.269114
5.19896 1.81471 0.323751
5.20437 1.81678 0.365263
5.21238 1.81993 0.374662
5.22486 1.82521 0.400179
5.23726 1.83101 0.437811
5.24936 1.83739 0.485025
True
0.22334
