4.48008 -0.00180775 -3.05111
4.4685 -0.00301715 -3.03751
4.45557 -0.0046493 -3.01599
4.44256 -0.0069508 -2.9665
4.40982 -0.0141319 -2.9257
4.37112 -0.0253797 -2.85875
4.33875 -0.0390195 -2.74271
4.29432 -0.061255 -2.67764
4.25967 -0.0828498 -2.58419
4.23321 -0.100353 -2.55719
4.20306 -0.125028 -2.45574
4.18954 -0.136588 -2.43442
4.16342 -0.162 -2.36978
4.13843 -0.187135 -2.35335
4.12009 -0.207512 -2.30364
4.11137 -0.21823 -2.25363
4.0871 -0.251563 -2.20028
4.06102 -0.290548 -2.16026
4.03751 -0.327987 -2.13162
4.01399 -0.368648 -2.09512
3.99275 -0.406022 -2.08761
3.97088 -0.442664 -2.10895
3.94655 -0.486044 -2.08197
3.92373 -0.527339 -2.0756
3.90465 -0.565294 -2.03671
3.88299 -0.610071 -2.02127
3.86535 -0.653231 -1.95878
3.85089 -0.690624 -1.93972
3.83658 -0.728988 -1.92795
3.818 -0.774643 -1.95716
3.79933 -0.815764 -1.99705
3.78736 -0.843916 -1.9728
3.77743 -0.87005 -1.93402
3.76038 -0.912833 -1.95003
3.7416 -0.958774 -1.95881
3.72456 -0.999738 -1.96499
3.71635 -1.01977 -1.95983
3.70082 -1.05587 -1.97702
3.68576 -1.10063 -1.89536
3.67344 -1.13493 -1.91562
3.65967 -1.17201 -1.92648
3.64557 -1.2141 -1.89392
3.63307 -1.24785 -1.92551
3.61871 -1.28354 -1.95338
3.6063 -1.31178 -1.98487
3.59557 -1.34149 -1.91728
3.58248 -1.37873 -1.90879
3.57403 -1.40153 -1.92566
3.55853 -1.444 -1.92084
3.54013 -1.49045 -1.94789
3.53048 -1.51651 -1.92541
3.51279 -1.5618 -1.94325
3.49479 -1.6046 -1.96891
3.47873 -1.63808 -2.01802
3.4606 -1.6829 -1.95521
3.44643 -1.71397 -1.99859
3.42782 -1.75226 -2.02335
3.41543 -1.77847 -2.01243
3.39533 -1.81774 -2.04372
3.37739 -1.85713 -1.99824
3.35869 -1.89399 -2.04021
3.34164 -1.92607 -2.05929
3.32601 -1.95681 -2.04133
3.3032 -2.00025 -2.0543
3.28147 -2.04288 -2.04216
3.26235 -2.08064 -2.03961
3.24344 -2.11929 -2.02581
3.22535 -2.16012 -1.98788
3.20573 -2.20207 -2.00815
3.18784 -2.23668 -2.04807
3.16954 -2.27204 -2.04826
3.15042 -2.30648 -2.07757
3.12496 -2.34626 -2.1401
3.10339 -2.37967 -2.14424
3.07441 -2.42041 -2.1889
3.0465 -2.45622 -2.233
3.0173 -2.49038 -2.27813
3.00061 -2.5085 -2.31512
2.98044 -2.53172 -2.28585
2.9552 -2.56067 -2.28795
2.93317 -2.58753 -2.25767
2.90062 -2.62345 -2.30701
2.87518 -2.65402 -2.26481
2.84972 -2.6814 -2.31987
2.81768 -2.71507 -2.33133
2.78349 -2.75018 -2.34294
2.74859 -2.78596 -2.3437
2.72103 -2.8149 -2.33199
2.69293 -2.84253 -2.36451
2.65785 -2.87258 -2.43332
2.62506 -2.90202 -2.40999
2.58745 -2.93484 -2.42402
2.54998 -2.96617 -2.44525
2.51933 -2.99357 -2.41211
2.48494 -3.02063 -2.47498
2.4474 -3.05076 -2.46512
2.41029 -3.08082 -2.46086
2.3806 -3.10466 -2.46493
2.34162 -3.13385 -2.49897
2.29995 -3.16148 -2.55605
2.26103 -3.18777 -2.54755
2.21979 -3.21596 -2.54198
2.18928 -3.23595 -2.56149
2.1508 -3.26095 -2.56542
2.11566 -3.28469 -2.5475
2.07435 -3.31262 -2.54695
2.04258 -3.3342 -2.54513
2.00192 -3.36067 -2.56441
1.97833 -3.37698 -2.53681
1.94268 -3.40207 -2.52827
1.90097 -3.42902 -2.56795
1.85945 -3.45608 -2.56407
1.82879 -3.47382 -2.61699
1.78708 -3.49762 -2.62303
1.7459 -3.51777 -2.68656
1.70002 -3.53765 -2.73271
1.65705 -3.55433 -2.77124
1.61083 -3.57268 -2.76373
1.56483 -3.59188 -2.74623
1.51865 -3.61054 -2.75755
1.47985 -3.62548 -2.77407
1.43307 -3.64294 -2.78428
1.38882 -3.65783 -2.81709
1.35397 -3.66738 -2.87399
1.30765 -3.68304 -2.81556
1.25991 -3.69682 -2.86064
1.22037 -3.7086 -2.85215
1.17185 -3.72057 -2.89959
1.12342 -3.73297 -2.89096
1.08926 -3.74163 -2.89323
1.06181 -3.74805 -2.91209
1.01321 -3.75981 -2.90424
0.968837 -3.77059 -2.90324
0.920181 -3.78206 -2.91008
0.87189 -3.79186 -2.94126
0.826591 -3.79873 -2.99111
0.791935 -3.80377 -2.99719
0.748406 -3.80858 -3.0315
0.701305 -3.81181 -3.07321
0.652345 -3.81588 -3.05867
0.608376 -3.81787 -3.09634
0.558998 -3.81924 -3.11373
0.510955 -3.82176 -3.08918
0.47567 -3.82473 -3.05775
0.428188 -3.83016 -3.02778
0.382649 -3.8349 -3.03776
0.344276 -3.83747 -3.07485
0.294831 -3.84058 -3.07873
0.245084 -3.84158 -3.12141
0.202071 -3.8449 -3.06471
0.152325 -3.84915 -3.05635
0.108975 -3.85386 -3.03331
0.0621937 -3.85601 -3.09561
0.0163676 -3.85736 -3.11213
-0.0146791 -3.85864 -3.10061
-0.0646695 -3.85937 -3.12694
-0.114135 -3.85906 -3.14794
-0.164054 -3.85681 3.09673
-0.2093 -3.854 3.07941
-0.248187 -3.85206 3.09191
-0.296998 -3.84823 3.06328
-0.33781 -3.84584 3.08293
-0.374441 -3.84493 3.11693
-0.419606 -3.84064 3.04677
-0.469204 -3.83436 3.01567
-0.510408 -3.82777 2.98304
-0.557019 -3.81703 2.91512
-0.595459 -3.81096 2.98491
-0.643053 -3.80423 3.00128
-0.670256 -3.80158 3.04428
-0.698706 -3.79685 2.97699
-0.735745 -3.79062 2.97485
-0.779629 -3.78309 2.97157
-0.823485 -3.77546 2.96938
-0.871824 -3.76678 2.96394
-0.911106 -3.75926 2.95254
-0.959331 -3.75233 2.99888
-1.00875 -3.74471 2.98861
-1.05732 -3.73606 2.96533
-1.09656 -3.72665 2.90611
-1.12831 -3.71854 2.89148
-1.17398 -3.70463 2.84604
-1.20789 -3.69551 2.87873
-1.24805 -3.68254 2.82925
-1.29511 -3.66565 2.79698
-1.33883 -3.64912 2.7802
-1.3792 -3.63182 2.73676
-1.42359 -3.61147 2.71173
-1.46862 -3.59062 2.70797
-1.51294 -3.56827 2.67444
-1.55706 -3.5453 2.66171
-1.5978 -3.52351 2.65041
-1.64164 -3.50033 2.65514
-1.68469 -3.47724 2.64931
-1.72898 -3.4544 2.66547
-1.76803 -3.43397 2.65956
-1.81095 -3.41168 2.66254
-1.85158 -3.38983 2.64826
-1.89292 -3.36804 2.65646
-1.9213 -3.35301 2.6546
-1.96185 -3.33252 2.67366
-2.00526 -3.30938 2.65195
-2.04738 -3.28531 2.62235
-2.08569 -3.26407 2.63542
-2.12814 -3.23767 2.58513
-2.1658 -3.21251 2.55268
-2.20346 -3.18855 2.57507
-2.24285 -3.16286 2.56366
-2.28459 -3.13586 2.56729
-2.3254 -3.10784 2.53988
-2.36366 -3.0839 2.58247
-2.40562 -3.0575 2.58014
-2.44557 -3.0322 2.57699
-2.484 -3.00763 2.57277
-2.51997 -2.98204 2.52322
-2.55498 -2.95566 2.49588
-2.59141 -2.92961 2.52085
-2.63082 -2.89949 2.48889
-2.67027 -2.86951 2.49182
-2.70179 -2.84425 2.46591
-2.73192 -2.81805 2.426
-2.76812 -2.78384 2.38453
-2.80368 -2.75007 2.38181
-2.8366 -2.71686 2.35175
-2.86952 -2.68372 2.353
-2.90133 -2.6517 2.35296
-2.93421 -2.61621 2.31801
-2.96098 -2.58865 2.34158
-2.98798 -2.55897 2.30893
-3.02126 -2.52166 2.2992
-3.04647 -2.49389 2.30803
-3.07987 -2.4568 2.30374
-3.11444 -2.42186 2.35096
-3.14949 -2.38802 2.37382
-3.17721 -2.35784 2.31371
-3.20727 -2.32574 2.32323
-3.23674 -2.29391 2.31783
-3.26755 -2.25932 2.29837
-3.29253 -2.22937 2.266
-3.31552 -2.20375 2.30215
-3.33141 -2.18541 2.28466
-3.35338 -2.15905 2.26588
-3.38284 -2.121 2.22967
-3.40954 -2.08688 2.23475
-3.43756 -2.05427 2.28049
-3.4608 -2.02765 2.2886
-3.48064 -2.00319 2.25232
-3.49351 -1.9894 2.32125
-3.51847 -1.95993 2.27376
-3.53487 -1.9415 2.29776
-3.54964 -1.9251 2.30422
-3.56922 -1.90303 2.29618
-3.58039 -1.88976 2.27098
-3.59043 -1.8765 2.21894
-3.607 -1.85422 2.21024
-3.62447 -1.82997 2.19484
-3.6453 -1.80152 2.20282
-3.67312 -1.76429 2.21254
-3.69291 -1.74038 2.26231
-3.70725 -1.72283 2.25555
-3.72253 -1.70399 2.2524
-3.7425 -1.68122 2.29069
-3.76208 -1.65857 2.28389
-3.78128 -1.63542 2.26299
-3.79957 -1.611 2.21368
-3.81876 -1.58391 2.18733
-3.83422 -1.56155 2.17546
-3.85107 -1.53781 2.18817
-3.86195 -1.52115 2.14905
-3.88212 -1.48979 2.14243
-3.90136 -1.45932 2.13407
-3.91944 -1.4332 2.1763
-3.93305 -1.41328 2.16988
-3.9524 -1.38765 2.2176
-3.96642 -1.36779 2.18539
-3.98275 -1.34518 2.19646
-3.99971 -1.32085 2.17956
-4.01713 -1.29436 2.1525
-4.03256 -1.27212 2.17719
-4.04747 -1.25 2.16413
-4.05379 -1.23974 2.1227
-4.05953 -1.23007 2.10662
-4.06307 -1.22329 2.05194
-4.07199 -1.20627 2.05355
-4.07576 -1.19902 2.04955
-4.07669 -1.19745 2.10731
-4.08637 -1.18233 2.14031
-4.09761 -1.16609 2.17626
-4.10409 -1.15704 2.19204
-4.10914 -1.15004 2.19598
-4.11898 -1.13697 2.21596
-4.12315 -1.1308 2.16471
-4.12563 -1.12693 2.1419
-4.13212 -1.11755 2.17597
-4.13989 -1.10681 2.19714
-4.14156 -1.10435 2.16491
-4.15021 -1.09143 2.16151
-4.1605 -1.07532 2.13868
-4.16707 -1.06518 2.14566
-4.17253 -1.05652 2.13421
-4.18534 -1.03597 2.12803
-4.19116 -1.02657 2.12503
-4.19561 -1.01969 2.14503
-4.2007 -1.01229 2.1733
-4.20445 -1.00704 2.19135
-4.21302 -0.996027 2.23208
-4.21794 -0.989863 2.24446
-4.22411 -0.981932 2.23186
-4.22741 -0.977698 2.23335
-4.22849 -0.976395 2.25975
-4.23271 -0.971448 2.27773
-4.23409 -0.969896 2.29554
-4.23668 -0.966675 2.2494
-4.24809 -0.953391 2.28016
-4.25669 -0.943013 2.26291
-4.26058 -0.938422 2.27347
-4.26434 -0.933977 2.27362
-4.26454 -0.933741 2.28272
-4.27401 -0.923623 2.32306
True
0.0671095
