-5.45769 -1.02089 0.140627
-5.41976 -1.01722 0.096407
-5.38068 -1.01275 0.113974
-5.33089 -1.00824 0.0902596
-5.2926 -1.00422 0.104725
-5.25267 -1.00219 0.0507134
-5.20306 -0.996698 0.110312
-5.16695 -0.991418 0.145157
-5.12513 -0.987953 0.0826701
-5.07922 -0.983746 0.0913845
-5.0314 -0.980507 0.0676222
-4.98187 -0.978628 0.0379291
-4.93187 -0.978494 0.00267816
-4.88193 -0.979274 -0.0156225
-4.8323 -0.978418 0.017249
-4.78729 -0.979946 -0.0339527
-4.73884 -0.980232 -0.00590185
-4.68887 -0.978587 0.0329156
-4.64947 -0.979249 -0.0168042
-4.59951 -0.978764 0.009715
-4.55507 -0.976685 0.0467311
-4.51316 -0.974261 0.0577924
-4.4636 -0.969482 0.096117
-4.4181 -0.96474 0.10387
-4.37985 -0.959808 0.12822
-4.33394 -0.952233 0.163518
-4.28454 -0.945012 0.14516
-4.23714 -0.936946 0.168538
-4.19897 -0.92889 0.207989
-4.15158 -0.920044 0.18455
-4.10324 -0.90746 0.254677
-4.05558 -0.894027 0.274728
-4.00758 -0.880821 0.268458
-3.96099 -0.868121 0.266139
-3.92402 -0.858731 0.248715
-3.88469 -0.848644 0.251077
-3.83854 -0.838002 0.226615
-3.79026 -0.826733 0.229335
-3.74373 -0.816496 0.216545
-3.69536 -0.806946 0.194944
-3.64739 -0.796828 0.20784
-3.59844 -0.786664 0.204751
-3.55607 -0.779004 0.178865
-3.50906 -0.769101 0.207619
-3.46066 -0.758804 0.209628
-3.41825 -0.750249 0.199031
-3.37641 -0.741853 0.198054
-3.33156 -0.734096 0.17127
-3.28315 -0.725214 0.18145
-3.23812 -0.718426 0.149603
-3.19087 -0.711533 0.144873
-3.1416 -0.704325 0.145253
-3.09594 -0.699373 0.108022
-3.04711 -0.693853 0.112572
-3.00055 -0.688859 0.106857
-2.95101 -0.684255 0.0926807
-2.90649 -0.680908 0.0750351
-2.85693 -0.678464 0.049277
-2.81205 -0.675876 0.0576025
-2.76292 -0.671403 0.0907923
-2.71312 -0.6671 0.0861884
-2.6639 -0.662302 0.0971585
-2.61638 -0.659026 0.0688359
-2.56987 -0.657499 0.0328242
-2.52047 -0.655007 0.0503936
-2.47208 -0.651206 0.0783853
-2.42274 -0.646423 0.0966329
-2.37305 -0.640839 0.111932
-2.32444 -0.635209 0.115293
-2.27573 -0.629535 0.115963
-2.22694 -0.623942 0.114149
-2.17883 -0.62013 0.0790513
-2.13383 -0.617563 0.0569862
-2.08533 -0.612733 0.099261
-2.0356 -0.607576 0.103337
-1.98592 -0.604676 0.0583185
-1.93607 -0.600981 0.0739706
-1.8862 -0.597388 0.0719189
-1.83626 -0.595417 0.0394525
-1.78649 -0.592326 0.0620237
-1.74795 -0.590049 0.0590259
-1.70187 -0.58717 0.0623983
-1.65894 -0.583037 0.0959809
-1.61415 -0.579793 0.07228
-1.57125 -0.577318 0.0576509
-1.52144 -0.574535 0.0557973
-1.47285 -0.571871 0.0547781
-1.42784 -0.56838 0.0774125
-1.37895 -0.563759 0.0942274
-1.33856 -0.560198 0.0879388
-1.29798 -0.555064 0.12584
-1.24883 -0.54719 0.158843
-1.22112 -0.54231 0.174328
-1.17651 -0.534298 0.177711
-1.12795 -0.522549 0.23742
-1.08058 -0.512079 0.217489
-1.03537 -0.502968 0.198868
-1.00496 -0.497602 0.174657
-0.969118 -0.491522 0.168048
-0.921841 -0.483564 0.166763
-0.880531 -0.476206 0.176269
-0.836381 -0.468086 0.18189
-0.787326 -0.45844 0.194161
-0.740816 -0.448779 0.204788
-0.696722 -0.440926 0.176255
-0.648337 -0.432653 0.169358
-0.60042 -0.423775 0.183195
-0.557091 -0.415706 0.184114
-0.510626 -0.407816 0.168198
-0.466033 -0.402571 0.117098
-0.427048 -0.395603 0.176847
-0.379841 -0.384293 0.235154
-0.33068 -0.375176 0.183378
-0.282264 -0.367324 0.160764
-0.237563 -0.359797 0.166831
-0.188346 -0.351045 0.175986
-0.146835 -0.343035 0.190607
-0.0979 -0.334404 0.174586
-0.0511272 -0.32966 0.101085
-0.00249283 -0.321499 0.166241
0.044483 -0.314189 0.154375
0.0878991 -0.307192 0.159806
0.137566 -0.301439 0.115318
0.186008 -0.292908 0.174311
0.225355 -0.287528 0.135884
0.274926 -0.281011 0.130716
0.321034 -0.271983 0.193355
0.36973 -0.260785 0.226034
0.416861 -0.24966 0.231805
0.465317 -0.238351 0.229283
0.510582 -0.229355 0.196181
0.558725 -0.22067 0.17847
0.600255 -0.21362 0.168157
0.641585 -0.20815 0.131602
0.687134 -0.202434 0.124833
0.730133 -0.194199 0.189229
0.777613 -0.187614 0.137802
0.826841 -0.180383 0.145839
0.876296 -0.173049 0.147232
0.921626 -0.16589 0.156645
0.966696 -0.159366 0.143748
1.01495 -0.15134 0.1648
1.05883 -0.144955 0.144526
1.10407 -0.138815 0.134879
1.14869 -0.131149 0.170161
1.19723 -0.121912 0.188037
1.24524 -0.112981 0.183915
1.28583 -0.106416 0.16034
1.3254 -0.101378 0.12664
1.37529 -0.0992324 0.0429836
1.42099 -0.0973746 0.0406337
1.46995 -0.0929915 0.08929
1.5198 -0.0891937 0.0760315
1.56027 -0.0879816 0.0299405
1.60634 -0.085662 0.0503118
1.65558 -0.0841641 0.0304085
1.69938 -0.0823872 0.0405453
1.74777 -0.079651 0.0564886
1.79307 -0.0781207 0.0337682
1.83996 -0.0770393 0.023056
1.8892 -0.0721765 0.0984399
1.93719 -0.0687946 0.0703557
1.98093 -0.0661683 0.0599691
2.02962 -0.063775 0.049117
2.07712 -0.0611958 0.0542464
2.127 -0.0585416 0.0531575
2.16609 -0.0568147 0.0441482
2.2159 -0.052722 0.081985
2.26397 -0.0484485 0.0886774
2.31385 -0.0451426 0.066179
2.36285 -0.0400057 0.104442
2.4123 -0.0328876 0.14297
2.4593 -0.0273708 0.116846
2.50661 -0.022556 0.101423
2.54511 -0.0180374 0.116835
2.59418 -0.0139249 0.083612
2.64289 -0.00918489 0.0970012
2.69104 -0.00195294 0.149104
2.73781 0.00451616 0.13742
2.78462 0.0108078 0.133619
2.82363 0.0154608 0.11871
2.86973 0.0213409 0.126883
2.91119 0.026035 0.112737
2.96076 0.0325132 0.129939
3.00579 0.0373734 0.107528
3.0523 0.0428413 0.117016
3.09598 0.0482714 0.123671
3.13706 0.0531822 0.118984
3.17996 0.058622 0.126128
3.2216 0.0642974 0.13548
3.26519 0.0701306 0.133027
3.29215 0.0737363 0.132922
3.32876 0.0794765 0.15556
3.37702 0.085246 0.118989
3.41847 0.0909585 0.136923
3.46174 0.0970293 0.13939
3.50245 0.102097 0.12388
3.53521 0.106497 0.133469
3.57528 0.110675 0.103898
3.61023 0.114273 0.102588
3.64927 0.116544 0.0581159
3.69297 0.120305 0.0858471
3.73826 0.124141 0.0844972
3.76595 0.126815 0.0962604
3.79592 0.130177 0.111733
3.83123 0.134155 0.112173
3.87551 0.138118 0.0892656
3.91624 0.142132 0.0982358
3.93076 0.143916 0.1223
3.96073 0.147452 0.117402
3.99812 0.15091 0.0922166
4.03296 0.154721 0.108959
4.04481 0.155956 0.103863
4.06033 0.156998 0.0670004
4.0898 0.159094 0.0710156
4.1396 0.160949 0.0372295
4.16754 0.161393 0.0158971
4.18579 0.160906 -0.0266557
4.20467 0.1605 -0.0215219
4.22601 0.161697 0.0560171
4.24616 0.16324 0.0764701
4.27849 0.163495 0.00786494
4.31448 0.165567 0.0575117
4.33122 0.16635 0.0467538
4.34998 0.166973 0.0331952
4.37051 0.166809 -0.00797785
4.40129 0.166432 -0.0122434
4.43068 0.165407 -0.0348661
4.45525 0.164643 -0.0310957
4.47002 0.163671 -0.0657393
4.48906 0.162052 -0.0848221
4.50481 0.16072 -0.0843455
4.51509 0.160664 -0.00548989
4.5406 0.162305 0.0642402
4.5555 0.163771 0.0980819
4.56988 0.165466 0.117317
4.58762 0.16707 0.0901572
4.59883 0.168446 0.122172
4.60962 0.169782 0.123106
4.62742 0.172453 0.148983
4.64386 0.174483 0.122895
4.66492 0.176169 0.0798493
4.67691 0.176952 0.0652201
4.69999 0.178431 0.0639722
4.714 0.179362 0.0663844
4.72969 0.180499 0.0723203
4.74525 0.181489 0.0635798
4.75157 0.181868 0.0598767
4.76105 0.182166 0.0314514
4.76945 0.182515 0.0415428
4.78595 0.1834 0.0535601
4.80202 0.184853 0.090149
4.80889 0.185701 0.122881
4.8242 0.188194 0.161398
4.83608 0.190195 0.16693
4.85728 0.19342 0.150978
4.85309 0.192793 0.148747
4.86367 0.19439 0.149803
4.88036 0.19722 0.168003
4.89177 0.198621 0.122145
4.90605 0.19994 0.0921083
4.91659 0.200729 0.0747463
4.92857 0.201722 0.0827186
4.95279 0.202552 0.0342412
4.97919 0.202968 0.0157431
4.99663 0.203144 0.0101299
5.01532 0.203837 0.0370297
5.02179 0.204179 0.052826
5.02991 0.204654 0.0583928
5.03914 0.204877 0.0241539
5.05076 0.204676 -0.0173037
5.06262 0.204368 -0.0259277
5.07179 0.204258 -0.0119937
5.08885 0.204514 0.0150085
5.09369 0.204572 0.0120492
5.09977 0.204692 0.0196907
5.11025 0.205196 0.0480915
5.1147 0.205362 0.0372008
5.12129 0.205624 0.0396798
5.13196 0.206467 0.0788757
5.14566 0.207974 0.109617
5.14618 0.208033 0.111724
5.15486 0.208735 0.0807644
5.16152 0.209275 0.0808114
5.16862 0.209919 0.0905638
5.16721 0.209715 0.14421
5.17077 0.210372 0.182567
5.18007 0.21252 0.226948
5.19644 0.215809 0.198283
5.21209 0.219292 0.219001
True
0.265122
