-5.46376 -0.874457 0.245878
-5.42794 -0.866892 0.208118
-5.39457 -0.8631 0.113139
-5.34762 -0.856939 0.130483
-5.3032 -0.84957 0.164413
-5.25488 -0.842605 0.143126
-5.20704 -0.831325 0.231579
-5.15876 -0.818349 0.262551
-5.11185 -0.805399 0.269371
-5.08022 -0.795787 0.294977
-5.03985 -0.784802 0.265697
-4.99484 -0.77145 0.288353
-4.96012 -0.759088 0.342071
-4.91405 -0.74175 0.359961
-4.86986 -0.722671 0.407523
-4.83119 -0.707619 0.371237
-4.79353 -0.692602 0.379386
-4.74728 -0.676005 0.344594
-4.70146 -0.658962 0.356034
-4.65937 -0.641851 0.386164
-4.61549 -0.623899 0.388333
-4.56858 -0.606597 0.353363
-4.52739 -0.590027 0.382448
-4.48009 -0.5743 0.321022
-4.43289 -0.558268 0.327426
-4.3889 -0.543503 0.323795
-4.34593 -0.529113 0.323156
-4.29934 -0.513913 0.315345
-4.25372 -0.499645 0.303147
-4.20668 -0.483304 0.334341
-4.17785 -0.473561 0.325925
-4.13843 -0.45915 0.350491
-4.09944 -0.447517 0.289933
-4.07802 -0.441612 0.26901
-4.03474 -0.432494 0.207613
-3.99125 -0.425604 0.157122
-3.94482 -0.41577 0.208728
-3.89869 -0.405857 0.211681
-3.85152 -0.397655 0.172157
-3.80287 -0.389432 0.167463
-3.75425 -0.379269 0.206027
-3.70543 -0.368507 0.216994
-3.66202 -0.358893 0.217968
-3.61524 -0.34912 0.205943
-3.57232 -0.340058 0.208067
-3.5236 -0.332055 0.162827
-3.48037 -0.323794 0.188774
-3.43169 -0.313098 0.21632
-3.38569 -0.303339 0.209048
-3.34325 -0.296287 0.164652
-3.30655 -0.290888 0.146074
-3.26541 -0.285031 0.141427
-3.21648 -0.275389 0.194563
-3.17003 -0.265593 0.207817
-3.12116 -0.256386 0.186225
-3.07333 -0.250399 0.124527
-3.02367 -0.245031 0.107672
-2.97408 -0.239066 0.119719
-2.92476 -0.231891 0.144448
-2.87523 -0.227062 0.0971968
-2.83117 -0.221922 0.116136
-2.78214 -0.21376 0.164962
-2.73307 -0.206071 0.155421
-2.68694 -0.197824 0.176922
-2.63868 -0.189869 0.163345
-2.5916 -0.18166 0.172625
-2.54462 -0.173038 0.181512
-2.49884 -0.164065 0.193564
-2.45497 -0.157842 0.140897
-2.41642 -0.151526 0.162387
-2.37894 -0.14558 0.157357
-2.32955 -0.138501 0.142344
-2.28458 -0.13114 0.162258
-2.23979 -0.124855 0.139428
-2.1941 -0.117517 0.159246
-2.16041 -0.113134 0.129367
-2.11317 -0.105167 0.167047
-2.06412 -0.0955019 0.194558
-2.01779 -0.0856675 0.20918
-1.97146 -0.0748413 0.229544
-1.92701 -0.0654471 0.208285
-1.87832 -0.0544895 0.221374
-1.84223 -0.0439287 0.284694
-1.79754 -0.0291362 0.319634
-1.75195 -0.0143964 0.312692
-1.70628 0.00260771 0.356454
-1.6624 0.0167816 0.312382
-1.61899 0.0319007 0.335159
-1.58138 0.043898 0.308774
-1.53507 0.0580469 0.296523
-1.49181 0.0711241 0.293561
-1.44372 0.0834787 0.251494
-1.39707 0.0955607 0.253406
-1.34916 0.107574 0.245713
-1.30249 0.12006 0.261373
-1.25791 0.134844 0.320202
-1.21448 0.149942 0.334615
-1.18083 0.161687 0.33582
-1.13882 0.17512 0.309456
-1.09294 0.189944 0.312529
-1.05241 0.204579 0.346522
-1.0081 0.221543 0.365674
-0.963622 0.241105 0.414322
-0.924861 0.258904 0.430466
-0.893581 0.272658 0.414257
-0.853361 0.290224 0.411782
-0.808305 0.311485 0.440908
-0.765569 0.334735 0.498241
-0.726918 0.356445 0.511785
-0.693779 0.375997 0.53303
-0.651665 0.397822 0.478125
-0.604852 0.415372 0.358685
-0.559566 0.430157 0.315574
-0.512656 0.444368 0.29416
-0.46486 0.459049 0.298
-0.416222 0.470638 0.233902
-0.372924 0.478189 0.172679
-0.327616 0.481141 0.0650624
-0.27767 0.482869 0.0345712
-0.232393 0.482336 -0.011775
-0.185381 0.478575 -0.0798266
-0.137184 0.471613 -0.143457
-0.0876886 0.464529 -0.142147
-0.0454474 0.459003 -0.130085
-0.00067902 0.452403 -0.146376
0.0485622 0.443725 -0.174439
0.092217 0.433639 -0.227051
0.141113 0.423194 -0.210465
0.183944 0.414062 -0.210068
0.217944 0.406712 -0.212902
0.26648 0.395274 -0.231433
0.307623 0.387713 -0.181739
0.356391 0.379441 -0.168032
0.386944 0.374638 -0.155905
0.401531 0.371864 -0.187922
0.437148 0.365662 -0.172404
0.472952 0.357798 -0.216213
0.520392 0.346116 -0.241446
0.568722 0.334095 -0.243783
0.613143 0.323538 -0.233326
0.660049 0.312773 -0.225598
0.708201 0.300628 -0.247075
0.756969 0.289941 -0.215728
0.804396 0.279021 -0.226303
0.845733 0.269175 -0.233836
0.890247 0.25856 -0.234081
0.910414 0.253677 -0.23755
0.939483 0.246918 -0.228471
0.983794 0.237288 -0.213995
1.03075 0.229538 -0.163584
1.07302 0.224398 -0.120991
1.12269 0.2186 -0.116223
1.17243 0.215576 -0.0607177
1.22076 0.211784 -0.0783083
1.26528 0.209082 -0.060589
1.31306 0.206322 -0.057703
1.36292 0.202535 -0.0758215
1.41257 0.201342 -0.0240219
1.44901 0.200175 -0.0320019
1.49891 0.201872 0.0339925
1.54193 0.207209 0.12343
1.5912 0.214797 0.152817
1.64024 0.224436 0.194067
1.68885 0.235664 0.226985
1.72538 0.243538 0.212299
1.77248 0.252111 0.180059
1.8214 0.262448 0.208263
1.86964 0.273919 0.233427
1.91636 0.284549 0.223713
1.96477 0.296142 0.235067
2.01379 0.305814 0.194774
2.06234 0.317639 0.238926
2.10562 0.328256 0.240557
2.15316 0.341158 0.265017
2.19186 0.355457 0.353935
2.232 0.37027 0.353524
2.27413 0.384492 0.325546
2.32115 0.401493 0.346944
2.35584 0.413813 0.341289
2.39719 0.426709 0.302323
2.44392 0.441071 0.298161
2.49197 0.454887 0.28001
2.52624 0.465374 0.296968
2.57353 0.480609 0.311657
2.62139 0.494053 0.273806
2.66767 0.508334 0.299355
2.70402 0.520402 0.320501
2.74874 0.53412 0.297619
2.79341 0.547608 0.293262
2.84089 0.56325 0.318248
2.88068 0.576917 0.330876
2.92792 0.593288 0.333572
2.97234 0.608685 0.333676
3.01675 0.626242 0.376487
3.06188 0.644056 0.375938
3.10622 0.660283 0.350842
3.14955 0.674776 0.322755
3.19537 0.692834 0.375481
3.23248 0.707552 0.377496
3.27533 0.725294 0.392584
3.31367 0.741902 0.408785
3.35981 0.761129 0.394808
3.40538 0.781292 0.416567
3.452 0.799095 0.364817
3.49736 0.818292 0.400369
3.54348 0.837338 0.391641
3.58267 0.855456 0.432943
3.62553 0.874409 0.416396
3.65962 0.890248 0.434931
3.68958 0.904202 0.435886
3.71641 0.915708 0.405151
3.73884 0.92603 0.431302
3.77331 0.941376 0.418849
3.80737 0.95746 0.441204
3.84478 0.973286 0.400229
3.88717 0.991389 0.403619
3.91817 1.00636 0.449823
3.93331 1.01383 0.45862
3.96254 1.02837 0.461563
3.99113 1.04204 0.44589
4.01982 1.05635 0.462578
4.02562 1.05942 0.486974
4.05531 1.07532 0.491877
4.08051 1.08837 0.477743
4.10355 1.09954 0.451315
4.1146 1.10506 0.463354
4.13687 1.11661 0.478492
4.15315 1.12462 0.45726
4.16537 1.1306 0.455252
4.17627 1.13633 0.483817
4.19625 1.14657 0.473588
4.22361 1.16201 0.513595
4.23689 1.16956 0.517346
4.2696 1.18863 0.527719
4.3016 1.20796 0.543387
4.34097 1.23189 0.546201
4.38164 1.25665 0.546924
4.41882 1.28063 0.572826
4.45812 1.3058 0.569466
4.49114 1.32757 0.583098
4.52231 1.34543 0.520308
4.55614 1.3651 0.526717
4.56768 1.37206 0.542654
4.59068 1.38551 0.529007
4.62 1.40233 0.520905
4.63159 1.40882 0.510251
4.64716 1.41797 0.531209
4.65946 1.42536 0.541323
4.68549 1.44099 0.540611
4.7164 1.46109 0.576743
4.75261 1.48539 0.591026
4.78756 1.50984 0.610301
4.81838 1.53258 0.635764
4.84085 1.54927 0.638773
4.85734 1.5612 0.626393
4.87991 1.5765 0.595751
4.89506 1.5869 0.601443
4.91226 1.59796 0.57147
4.92217 1.60401 0.548103
4.93979 1.61462 0.542256
4.96416 1.62994 0.561033
4.9793 1.63907 0.542546
4.98837 1.64429 0.522933
5.009 1.65598 0.515336
5.01833 1.66103 0.49589
5.02881 1.66657 0.486971
5.04814 1.67648 0.473278
5.05857 1.68191 0.480485
5.08191 1.6945 0.494487
5.10764 1.70798 0.482817
5.11499 1.71166 0.463938
5.12223 1.71509 0.443001
5.14023 1.7245 0.481565
5.15472 1.73266 0.512597
5.16996 1.74136 0.518955
5.17849 1.74636 0.530277
5.18693 1.751 0.502251
5.19761 1.75638 0.466957
5.20374 1.75931 0.444825
5.21223 1.76361 0.46891
5.2201 1.76812 0.520852
5.23929 1.77828 0.486831
True
0.0711137
