-5.47765 -1.84904 0.350645
-5.43514 -1.83417 0.336627
-5.39335 -1.81985 0.33005
-5.34767 -1.80424 0.329236
-5.30022 -1.79071 0.27776
-5.2546 -1.77498 0.331947
-5.20742 -1.7595 0.317194
-5.16047 -1.74368 0.32501
-5.11267 -1.729 0.297869
-5.06596 -1.71542 0.283019
-5.0178 -1.70243 0.263403
-4.98609 -1.69354 0.273352
-4.93981 -1.68196 0.245174
-4.89885 -1.67193 0.240216
-4.8596 -1.66225 0.241756
-4.81181 -1.65002 0.250513
-4.76684 -1.63843 0.252171
-4.71854 -1.62562 0.259427
-4.67683 -1.6137 0.278327
-4.64138 -1.60294 0.29452
-4.59737 -1.5904 0.277693
-4.55286 -1.57691 0.294294
-4.50992 -1.56511 0.26818
-4.46199 -1.55339 0.239831
-4.41849 -1.54036 0.290913
-4.37317 -1.52976 0.22984
-4.32491 -1.52043 0.190858
-4.27601 -1.51004 0.209472
-4.22759 -1.50169 0.170831
-4.17848 -1.49231 0.188561
-4.13764 -1.48326 0.218183
-4.08907 -1.472 0.227776
-4.04347 -1.46442 0.16477
-3.99422 -1.45805 0.128668
-3.94465 -1.45261 0.109327
-3.90234 -1.44787 0.111446
-3.86111 -1.44414 0.0901738
-3.81986 -1.44188 0.0546959
-3.78086 -1.43824 0.0930725
-3.73144 -1.43303 0.105072
-3.68203 -1.42539 0.153527
-3.64387 -1.42029 0.132617
-3.61081 -1.41585 0.133505
-3.56343 -1.40931 0.137237
-3.52227 -1.4056 0.0900295
-3.47251 -1.40407 0.0307453
-3.43375 -1.40214 0.0496593
-3.39246 -1.40017 0.0476718
-3.36284 -1.39826 0.0643481
-3.313 -1.39433 0.0787828
-3.27069 -1.38996 0.102861
-3.22954 -1.38702 0.0713168
-3.18086 -1.38453 0.0511258
-3.13095 -1.3816 0.058638
-3.08356 -1.37744 0.0875488
-3.03873 -1.37487 0.0572117
-2.98897 -1.37031 0.091331
-2.94419 -1.36472 0.124354
-2.90186 -1.36112 0.0846393
-2.85252 -1.35649 0.0935806
-2.80798 -1.35361 0.0645736
-2.76386 -1.35096 0.0601054
-2.71608 -1.34891 0.0428506
-2.67496 -1.34963 -0.0173833
-2.62501 -1.34757 0.0410329
-2.57502 -1.34842 -0.016812
-2.53322 -1.34941 -0.0238192
-2.48345 -1.35002 -0.0121747
-2.43453 -1.35199 -0.0404057
-2.39138 -1.35349 -0.0346781
-2.34155 -1.35272 0.0154066
-2.30124 -1.35112 0.0397969
-2.27071 -1.35267 -0.0505868
-2.22814 -1.35389 -0.0288295
-2.18775 -1.35279 0.0273854
-2.13829 -1.35352 -0.014866
-2.09746 -1.35156 0.048039
-2.05403 -1.35098 0.0132548
-2.01003 -1.35245 -0.0332588
-1.96072 -1.35481 -0.0479746
-1.9264 -1.3569 -0.0607126
-1.88835 -1.36051 -0.0945729
-1.84783 -1.36262 -0.0520426
-1.79889 -1.36442 -0.0368475
-1.75312 -1.36567 -0.0272255
-1.7144 -1.36582 -0.00392662
-1.67588 -1.3662 -0.00966722
-1.62624 -1.36538 0.0165129
-1.57997 -1.36612 -0.0161828
-1.53221 -1.36604 0.00168896
-1.49201 -1.36356 0.061696
-1.44667 -1.35947 0.0899817
-1.39695 -1.35423 0.104976
-1.34964 -1.34827 0.125292
-1.30034 -1.34246 0.117439
-1.25836 -1.33655 0.139725
-1.21218 -1.33052 0.129945
-1.16314 -1.32093 0.192999
-1.11386 -1.3126 0.167578
-1.06627 -1.30198 0.219571
-1.01875 -1.29149 0.217231
-0.971084 -1.28231 0.190249
-0.921734 -1.27458 0.155408
-0.878495 -1.2633 0.255134
-0.838947 -1.25384 0.234797
-0.790831 -1.24245 0.232476
-0.742661 -1.22946 0.263378
-0.699388 -1.21711 0.278077
-0.655664 -1.20374 0.296646
-0.616391 -1.19168 0.29794
-0.575964 -1.18034 0.273576
-0.529147 -1.16684 0.280565
-0.485804 -1.15453 0.276863
-0.439016 -1.14224 0.256779
-0.40499 -1.1346 0.221013
-0.364276 -1.12574 0.214294
-0.315957 -1.11293 0.259123
-0.270953 -1.10258 0.225961
-0.225275 -1.09029 0.262947
-0.178059 -1.07677 0.278856
-0.130127 -1.06306 0.278501
-0.0869342 -1.05093 0.273777
-0.0437686 -1.03884 0.273059
0.00450043 -1.02646 0.25109
0.0526187 -1.01524 0.229179
0.0964748 -1.00627 0.201782
0.145415 -0.996136 0.204139
0.194316 -0.985911 0.20611
0.241516 -0.973435 0.25843
0.281675 -0.963457 0.243532
0.329588 -0.949206 0.289096
0.37718 -0.937259 0.245951
0.416052 -0.926637 0.266734
0.463723 -0.911589 0.305774
0.51078 -0.895766 0.324361
0.558015 -0.879371 0.334097
0.593192 -0.866946 0.339522
0.638918 -0.8478 0.396542
0.685403 -0.82982 0.369072
0.724486 -0.814238 0.379354
0.769584 -0.79459 0.410879
0.816533 -0.77742 0.350605
0.861494 -0.759159 0.385799
0.907493 -0.740122 0.392402
0.942392 -0.724364 0.424139
0.98109 -0.705397 0.455708
1.02348 -0.684617 0.455825
1.06131 -0.664961 0.479207
1.10544 -0.643587 0.451019
1.15014 -0.621518 0.458612
1.19116 -0.60182 0.447625
1.2325 -0.581394 0.458904
1.26567 -0.566018 0.434097
1.31103 -0.545189 0.43048
1.34928 -0.529238 0.39508
1.39312 -0.511483 0.384814
1.434 -0.498451 0.308599
1.4809 -0.482942 0.319382
1.52127 -0.469739 0.316027
1.56435 -0.454114 0.347946
1.61103 -0.436374 0.363189
1.6573 -0.417464 0.388028
1.69854 -0.402525 0.347485
1.74558 -0.386254 0.333038
1.79266 -0.370166 0.329244
1.83976 -0.354412 0.322819
1.88258 -0.34047 0.314749
1.922 -0.326784 0.334213
1.96721 -0.307883 0.395961
2.01253 -0.287076 0.430393
2.05544 -0.269423 0.390285
2.09182 -0.25322 0.419006
2.12602 -0.237349 0.43447
2.15475 -0.224215 0.428792
2.19578 -0.206577 0.405992
2.22871 -0.193149 0.387283
2.27425 -0.172761 0.420872
2.31335 -0.155576 0.414078
2.34593 -0.142972 0.369179
2.392 -0.123913 0.392261
2.43798 -0.10453 0.398979
2.47771 -0.0880422 0.393315
2.51708 -0.0725111 0.375775
2.55805 -0.0562938 0.376908
2.59035 -0.0432956 0.382547
2.62392 -0.0278358 0.431658
2.66857 -0.00770727 0.423526
2.71318 0.0147817 0.46688
2.74833 0.0304037 0.418227
2.79095 0.0482437 0.396407
2.83534 0.0663913 0.38809
2.88176 0.0838906 0.360551
2.92777 0.103432 0.40164
2.96542 0.120163 0.418128
3.01048 0.140773 0.429017
3.05548 0.160897 0.420522
3.09991 0.182302 0.448914
3.14368 0.205795 0.49259
3.18972 0.225092 0.396926
3.23236 0.24276 0.39283
3.27377 0.260313 0.400862
3.31318 0.275637 0.370903
3.35555 0.293335 0.395607
3.39936 0.314785 0.455311
3.43292 0.331481 0.461744
3.46516 0.347309 0.456348
3.50829 0.368117 0.44951
3.55173 0.388981 0.447771
3.59119 0.408233 0.453915
3.63147 0.426882 0.433512
3.66874 0.44578 0.469306
3.7016 0.462875 0.479716
3.73409 0.480468 0.49627
3.76779 0.498265 0.48586
3.80189 0.514943 0.45497
3.8269 0.526807 0.442925
3.85267 0.538884 0.438234
3.87714 0.550002 0.426407
3.91113 0.564814 0.41096
3.94102 0.578957 0.441959
3.96008 0.587999 0.443087
3.97692 0.595653 0.42649
4.00333 0.606801 0.399388
4.03482 0.62003 0.397698
4.06387 0.633479 0.433611
4.08507 0.643205 0.430105
4.10547 0.651345 0.379731
4.1295 0.660448 0.362105
4.15684 0.669937 0.334096
4.16958 0.673824 0.296157
4.19353 0.681448 0.308163
4.20771 0.686636 0.350673
4.2276 0.69462 0.381814
4.26156 0.711306 0.456702
4.29671 0.728741 0.460387
4.33067 0.74409 0.424506
4.34611 0.750683 0.403684
4.36436 0.756831 0.324931
4.39273 0.765076 0.282785
4.41837 0.772366 0.277067
4.44651 0.780608 0.284854
4.47185 0.787364 0.260572
4.49095 0.791937 0.235017
4.50446 0.795169 0.234781
4.51362 0.797442 0.243173
4.5328 0.801666 0.216826
4.54846 0.804978 0.208401
4.56755 0.808788 0.197022
4.58948 0.813566 0.214458
4.60621 0.817507 0.231357
4.61217 0.818922 0.233176
4.61431 0.819364 0.204054
4.64313 0.825802 0.21977
4.66635 0.830719 0.208659
4.68313 0.834726 0.234451
4.70955 0.841601 0.254571
4.73007 0.84663 0.240258
4.73933 0.84921 0.27198
4.75036 0.852531 0.292242
4.7725 0.858268 0.253618
4.80065 0.866311 0.278297
4.82701 0.873769 0.275716
4.8399 0.877599 0.288874
4.86856 0.886668 0.306422
4.88745 0.893023 0.324537
4.90365 0.898852 0.345291
4.90976 0.901519 0.411875
4.9253 0.908125 0.40189
4.93557 0.912572 0.408892
4.95343 0.919711 0.380202
4.96205 0.922923 0.356422
4.96307 0.923239 0.301928
4.97426 0.925759 0.221471
5.00854 0.932569 0.196087
5.01988 0.93473 0.188374
5.02446 0.935619 0.191819
5.03092 0.936993 0.209423
5.03982 0.938886 0.209716
5.05221 0.941809 0.23164
5.06757 0.945688 0.247358
5.08529 0.95087 0.284551
5.0987 0.956185 0.377256
5.11127 0.961383 0.392057
5.11952 0.964846 0.397512
5.12621 0.967943 0.433499
5.13341 0.971748 0.486296
5.14097 0.975142 0.421967
5.15848 0.983718 0.455377
5.17657 0.994141 0.522816
5.17693 0.994366 0.564205
5.18137 0.99789 0.670418
5.19484 1.00881 0.680901
5.2022 1.01534 0.726313
5.20565 1.01823 0.698333
5.21372 1.02596 0.763691
5.23205 1.0434 0.760635
5.25125 1.06218 0.77408
True
0.257533
