-5.47617 -0.251035 0.0111041
-5.42635 -0.2468 0.0848223
-5.37702 -0.243384 0.0691271
-5.32727 -0.241585 0.0361322
-5.27874 -0.240367 0.0251145
-5.23205 -0.239895 0.0101079
-5.1874 -0.237627 0.0507433
-5.15052 -0.236432 0.032393
-5.10079 -0.236222 0.00422577
-5.05388 -0.236373 -0.00321205
-5.00405 -0.234327 0.0410275
-4.95405 -0.234606 -0.00556874
-4.9091 -0.233516 0.0242355
-4.86339 -0.234396 -0.0192465
-4.81393 -0.2356 -0.0243305
-4.76685 -0.235443 0.00332462
-4.72294 -0.236651 -0.0275032
-4.67331 -0.239774 -0.0628459
-4.62345 -0.239336 0.00879201
-4.57559 -0.237973 0.0284771
-4.5278 -0.239487 -0.0316699
-4.47914 -0.241485 -0.0410459
-4.4317 -0.241078 0.00857839
-4.39401 -0.241101 -0.000602848
-4.34438 -0.241529 -0.00861917
-4.30803 -0.241292 0.00650414
-4.26465 -0.241551 -0.00596319
-4.21895 -0.241843 -0.00638068
-4.16929 -0.241449 0.00793192
-4.12551 -0.240126 0.0302096
-4.07793 -0.237563 0.0537991
-4.036 -0.234724 0.0676174
-3.98674 -0.230037 0.0948606
-3.93697 -0.226819 0.0645678
-3.88795 -0.223814 0.0612185
-3.83841 -0.220718 0.0624172
-3.79703 -0.217061 0.0881571
-3.75285 -0.212714 0.0980742
-3.70838 -0.206213 0.145142
-3.66142 -0.198141 0.170253
-3.61205 -0.190583 0.151903
-3.56324 -0.183517 0.143745
-3.52393 -0.17599 0.189198
-3.47512 -0.166404 0.193926
-3.44173 -0.159378 0.207421
-3.39841 -0.147603 0.265373
-3.37417 -0.138988 0.341523
-3.34579 -0.128801 0.344625
-3.29876 -0.112119 0.340832
-3.25182 -0.0955493 0.339356
-3.20442 -0.0808326 0.301067
-3.15694 -0.0653552 0.315097
-3.11116 -0.051579 0.292297
-3.06854 -0.0372528 0.324267
-3.02381 -0.023306 0.302277
-2.97554 -0.0102561 0.264059
-2.92819 0.00250469 0.263249
-2.8799 0.0154229 0.261383
-2.83217 0.0296956 0.290527
-2.78606 0.0431575 0.284078
-2.73805 0.0566873 0.274661
-2.69148 0.0698323 0.275118
-2.64273 0.0809313 0.22385
-2.59402 0.0902147 0.18833
-2.5514 0.0999101 0.223692
-2.50258 0.11069 0.217312
-2.46127 0.119487 0.209819
-2.41258 0.129681 0.206386
-2.36539 0.138694 0.188723
-2.31711 0.15019 0.233749
-2.27161 0.159133 0.194094
-2.24508 0.163718 0.171113
-2.19665 0.175963 0.247686
-2.15103 0.185295 0.201754
-2.11359 0.193675 0.220217
-2.06468 0.202422 0.176974
-2.01507 0.208166 0.115248
-1.97903 0.21185 0.101877
-1.93262 0.214591 0.0589948
-1.88572 0.216627 0.0433704
-1.84153 0.217215 0.0133128
-1.79234 0.21819 0.0198141
-1.74241 0.219008 0.0163889
-1.69609 0.221815 0.0605194
-1.64615 0.22284 0.0205347
-1.6013 0.222975 0.0030054
-1.55131 0.223238 0.00525658
-1.50926 0.222454 -0.0186322
-1.46256 0.222365 -0.00192299
-1.41724 0.220244 -0.0467594
-1.37404 0.218361 -0.0435654
-1.33804 0.216446 -0.0531421
-1.28825 0.212022 -0.0886184
-1.23847 0.207977 -0.0810762
-1.19283 0.202775 -0.113505
-1.15078 0.196653 -0.144564
-1.10115 0.190904 -0.115318
-1.06357 0.186144 -0.126006
-1.01866 0.180967 -0.114748
-0.98754 0.175098 -0.18641
-0.953934 0.170751 -0.128649
-0.911593 0.163294 -0.174339
-0.862841 0.154816 -0.172169
-0.813663 0.146992 -0.157764
-0.774378 0.139707 -0.183362
-0.725964 0.12723 -0.252234
-0.676881 0.117701 -0.19176
-0.627495 0.110118 -0.152343
-0.580699 0.103303 -0.144618
-0.531361 0.0952062 -0.162661
-0.4828 0.0833701 -0.239076
-0.440173 0.0695069 -0.314433
-0.392134 0.0557002 -0.279863
-0.35246 0.0462633 -0.233519
-0.304184 0.0332557 -0.26319
-0.259824 0.0226817 -0.234004
-0.211069 0.0117067 -0.221417
-0.175842 0.00381216 -0.22046
-0.127017 -0.00590732 -0.196497
-0.0833104 -0.0160041 -0.227032
-0.034991 -0.0270971 -0.225667
0.0112311 -0.0371475 -0.214104
0.0555236 -0.0459824 -0.196883
0.103513 -0.0553702 -0.193182
0.14943 -0.0652688 -0.212325
0.197199 -0.0753122 -0.207235
0.237138 -0.0830119 -0.190448
0.277792 -0.0897467 -0.164172
0.327185 -0.0973897 -0.153519
0.374724 -0.105368 -0.166269
0.41998 -0.113413 -0.175937
0.465323 -0.119836 -0.140726
0.512587 -0.128175 -0.17462
0.554235 -0.137546 -0.221325
0.602066 -0.150765 -0.269644
0.64789 -0.161068 -0.221169
0.693931 -0.172193 -0.23707
0.743079 -0.181386 -0.184912
0.789712 -0.192119 -0.226235
0.836844 -0.200999 -0.18622
0.879109 -0.209455 -0.197449
0.927492 -0.219665 -0.207981
0.974888 -0.228185 -0.177864
1.02386 -0.237461 -0.187209
1.06503 -0.244977 -0.18057
1.0942 -0.250007 -0.170705
1.13327 -0.256701 -0.169715
1.17755 -0.261944 -0.117856
1.22544 -0.26728 -0.110959
1.27486 -0.274808 -0.151162
1.32411 -0.280751 -0.120077
1.37032 -0.286043 -0.114043
1.41333 -0.288782 -0.0635841
1.46217 -0.290229 -0.0296263
1.51214 -0.290329 -0.00199216
1.55747 -0.289535 0.0175096
1.60292 -0.288234 0.0286058
1.65284 -0.286158 0.0415723
1.69814 -0.285326 0.0183676
1.74799 -0.289141 -0.0763852
1.79479 -0.292058 -0.0622446
1.84461 -0.295641 -0.0717969
1.89446 -0.299427 -0.0758114
1.93786 -0.30281 -0.0777868
1.9878 -0.304937 -0.0425614
2.03131 -0.304629 0.00705833
2.07836 -0.30444 0.00402717
2.1278 -0.304179 0.00527453
2.17766 -0.302666 0.030335
2.2218 -0.303795 -0.0255579
2.27169 -0.303642 0.00305223
2.32047 -0.302733 0.0186364
2.36868 -0.299599 0.0649181
2.41347 -0.298147 0.0324121
2.45993 -0.294605 0.0761033
2.50919 -0.289546 0.102317
2.55803 -0.285819 0.0761628
2.58699 -0.281951 0.132799
2.62777 -0.278361 0.0878031
2.67261 -0.27443 0.0874425
2.72175 -0.272037 0.0486672
2.77079 -0.270077 0.0399369
2.82004 -0.268774 0.0264581
2.86979 -0.267616 0.0232675
2.91572 -0.265799 0.039527
2.95658 -0.26571 0.0021923
3.00054 -0.263868 0.0418705
3.04772 -0.26062 0.0687461
3.09268 -0.257975 0.0587431
3.14206 -0.255827 0.0434842
3.18422 -0.254147 0.0398178
3.23097 -0.252328 0.0388931
3.26202 -0.252643 -0.0101575
3.30235 -0.253607 -0.0238817
3.34514 -0.254711 -0.025805
3.38914 -0.255027 -0.00719241
3.43577 -0.257076 -0.0438928
3.48399 -0.257677 -0.0124797
3.5268 -0.260121 -0.0570152
3.56673 -0.261415 -0.0324112
3.59161 -0.262085 -0.0269215
3.62878 -0.262276 -0.00512486
3.673 -0.262562 -0.00647196
3.71083 -0.262894 -0.0087876
3.75408 -0.262846 0.00111468
3.78697 -0.2615 0.0409173
3.83101 -0.259338 0.0490508
3.86705 -0.259441 -0.00287086
3.90938 -0.260547 -0.0261301
3.93269 -0.26063 -0.00352377
3.94973 -0.260618 0.000673678
3.98544 -0.259994 0.0174847
4.02252 -0.259465 0.0142581
4.05772 -0.260511 -0.0297026
4.08905 -0.261606 -0.0349516
4.12508 -0.263505 -0.0526621
4.15701 -0.264133 -0.0196514
4.17374 -0.26481 -0.0404656
4.2034 -0.266215 -0.0473091
4.22238 -0.267744 -0.0804083
4.2395 -0.26944 -0.0987447
4.25884 -0.270109 -0.0345723
4.28661 -0.27034 -0.00831459
4.31225 -0.271239 -0.0350442
4.33904 -0.271695 -0.0170179
4.37372 -0.270772 0.0266211
4.38993 -0.270507 0.016333
4.40913 -0.270145 0.0188602
4.43222 -0.268487 0.0716527
4.45829 -0.266798 0.0647195
4.47894 -0.265708 0.0527369
4.50177 -0.264362 0.0588977
4.51985 -0.263115 0.0688218
4.53207 -0.262495 0.0507006
4.53701 -0.262365 0.0263559
4.55073 -0.261552 0.05921
4.56839 -0.260555 0.0563389
4.58664 -0.259343 0.0663086
4.59923 -0.25893 0.0328475
4.60598 -0.258495 0.0643319
4.6224 -0.256996 0.0909755
4.65144 -0.254132 0.0983287
4.6946 -0.249295 0.111612
4.72184 -0.247359 0.0709537
4.7415 -0.246633 0.0369071
4.7613 -0.246271 0.0182809
4.77291 -0.246024 0.0212103
4.7864 -0.245868 0.0115655
4.79806 -0.246157 -0.0247691
4.81259 -0.246316 -0.010964
4.82871 -0.246281 0.00220283
4.84733 -0.246926 -0.0346452
4.8825 -0.246339 0.0167063
4.9066 -0.245687 0.0270528
4.92867 -0.244417 0.0574629
4.93194 -0.244245 0.0525867
4.93456 -0.244069 0.0672092
4.95461 -0.242685 0.0689166
4.97363 -0.241234 0.0761655
4.98708 -0.240604 0.0467414
4.9991 -0.240281 0.0268649
5.01022 -0.239945 0.0302916
5.01983 -0.239734 0.0219063
5.02376 -0.239611 0.0312999
5.04203 -0.238704 0.0496052
5.04939 -0.23825 0.0616186
5.05469 -0.238002 0.0466821
5.06491 -0.238012 -0.000933807
5.08114 -0.238045 -0.00205949
5.096 -0.238437 -0.0263804
5.10655 -0.239531 -0.103349
5.11789 -0.240961 -0.125459
5.12951 -0.242207 -0.106736
5.13676 -0.243105 -0.12315
5.1485 -0.245086 -0.167189
5.16098 -0.247473 -0.188993
5.16862 -0.248561 -0.14154
5.19222 -0.253213 -0.194617
5.20377 -0.255811 -0.221113
5.22365 -0.260634 -0.238082
True
0.259469
