4.49301 0.00354667 2.67189
4.47517 0.0138989 2.61598
4.44216 0.0362503 2.54637
4.40329 0.0673579 2.46666
4.36456 0.0982665 2.46804
4.33257 0.127864 2.39502
4.30242 0.158103 2.35471
4.28049 0.182119 2.31077
4.24893 0.220778 2.25542
4.21849 0.260244 2.22785
4.18703 0.298734 2.25604
4.1573 0.337648 2.22319
4.13044 0.374031 2.20662
4.10197 0.415134 2.17656
4.07484 0.45693 2.14669
4.05878 0.485937 2.07621
4.04025 0.521446 2.05183
4.01756 0.565855 2.04323
4.00143 0.59658 2.05409
3.98026 0.641801 2.00861
3.95986 0.684416 2.01733
3.94106 0.726505 1.99097
3.92102 0.768172 2.01909
3.90005 0.813369 2.00521
3.8812 0.857415 1.97511
3.86085 0.901031 2.00729
3.8408 0.94683 1.98343
3.82597 0.986923 1.92505
3.81116 1.02914 1.90818
3.79207 1.07412 1.97228
3.77309 1.11649 1.99192
3.75698 1.15081 2.00978
3.73593 1.19608 2.0059
3.71551 1.24172 1.99147
3.70098 1.28082 1.92657
3.68444 1.3227 1.94704
3.67146 1.35712 1.93132
3.66067 1.38649 1.92285
3.64339 1.4333 1.92454
3.62764 1.48075 1.89124
3.60876 1.52703 1.95822
3.5934 1.56249 1.97942
3.5822 1.58775 1.98835
3.56413 1.62497 2.02259
3.55126 1.6506 2.03631
3.53014 1.69267 2.03615
3.50744 1.73589 2.05432
3.48518 1.78062 2.03256
3.46934 1.81403 2.01359
3.4487 1.85683 2.02
3.42701 1.89428 2.09598
3.40734 1.93054 2.06771
3.38702 1.96438 2.11159
3.35951 2.0061 2.15374
3.34466 2.02946 2.13701
3.32568 2.05741 2.16726
3.29997 2.09748 2.14133
3.27607 2.13022 2.20148
3.24535 2.1696 2.2333
3.21837 2.20607 2.20769
3.18903 2.24125 2.26581
3.16034 2.27368 2.29516
3.12707 2.30837 2.33524
3.09389 2.34389 2.3222
3.06498 2.3769 2.28999
3.04304 2.40359 2.25899
3.01384 2.44005 2.246
2.9836 2.47921 2.2284
2.95684 2.51694 2.18771
2.92751 2.55741 2.19782
2.90332 2.58915 2.22207
2.88051 2.61957 2.21422
2.84856 2.65804 2.26393
2.82903 2.68238 2.24679
2.79797 2.71666 2.30704
2.76533 2.75401 2.28901
2.73404 2.79235 2.25526
2.71055 2.82121 2.25403
2.67768 2.85807 2.29903
2.64753 2.89354 2.2753
2.61266 2.9293 2.3435
2.57935 2.96036 2.39132
2.54547 2.99242 2.38361
2.51391 3.02272 2.3765
2.47944 3.05546 2.3821
2.44213 3.08874 2.41327
2.4093 3.11807 2.4123
2.37186 3.14978 2.43896
2.35992 3.15999 2.43378
2.32329 3.19079 2.4424
2.28488 3.22164 2.46498
2.24536 3.25099 2.50286
2.20775 3.27982 2.48752
2.16687 3.30861 2.52802
2.12633 3.33729 2.52592
2.0853 3.36577 2.53475
2.04396 3.39386 2.54495
2.00764 3.41859 2.5436
1.96567 3.44536 2.5738
1.92381 3.47133 2.58636
1.88614 3.49462 2.58784
1.84559 3.5183 2.61306
1.80194 3.54256 2.6344
1.76355 3.56366 2.63892
1.7204 3.58892 2.61205
1.6788 3.61149 2.64453
1.63688 3.63433 2.64257
1.59411 3.65626 2.66787
1.54925 3.67825 2.68574
1.50587 3.70101 2.65852
1.46037 3.72028 2.74096
1.42263 3.73871 2.68727
1.3824 3.75603 2.73509
1.33664 3.77525 2.74402
1.29079 3.79393 2.75454
1.2541 3.81034 2.72106
1.20698 3.82687 2.80428
1.16014 3.84357 2.79913
1.11501 3.85778 2.83651
1.07593 3.87135 2.80727
1.02759 3.88395 2.8868
0.979224 3.89652 2.88733
0.931007 3.9079 2.90973
0.883626 3.91945 2.90242
0.835127 3.92823 2.96254
0.794475 3.93576 2.95854
0.746579 3.94427 2.96578
0.69737 3.95187 2.98829
0.653305 3.95811 3.00085
0.604034 3.9657 2.98885
0.555662 3.97179 3.01622
0.506404 3.97758 3.02457
0.467316 3.98246 3.01748
0.423954 3.98887 2.99474
0.376395 3.99716 2.96902
0.327856 4.00386 3.00446
0.279779 4.01028 3.00891
0.230497 4.01848 2.97675
0.186632 4.02505 2.99275
0.145435 4.0317 2.9817
0.0961159 4.03991 2.9766
0.0560842 4.04618 2.98613
0.00712495 4.05576 2.94849
-0.041788 4.06554 2.94422
-0.0859222 4.07369 2.95893
-0.12833 4.08045 2.98349
-0.165289 4.08497 3.02002
-0.2071 4.09103 2.99769
-0.251182 4.09724 3.00167
-0.300051 4.10571 2.96988
-0.343617 4.11105 3.0196
-0.392506 4.11981 2.96425
-0.441822 4.1276 2.98492
-0.489484 4.13463 2.99523
-0.53918 4.13949 3.04409
-0.589 4.14351 3.06102
-0.638597 4.14638 3.08378
-0.681872 4.14796 3.10521
-0.7208 4.14865 3.12384
-0.764536 4.14962 3.1195
-0.812727 4.14773 3.18068
-0.85705 4.14826 -3.15352
-0.901586 4.14697 3.17048
-0.949729 4.14733 -3.14898
-0.997062 4.14619 3.16576
-1.04682 4.14438 -3.10539
-1.09306 4.14149 -3.07905
-1.13345 4.13768 -3.04763
-1.17405 4.13626 -3.10671
-1.21103 4.13384 -3.07623
-1.25939 4.13003 -3.06289
-1.3041 4.12741 -3.08297
-1.35343 4.12358 -3.06409
-1.40261 4.12046 -3.07836
-1.44937 4.11823 -3.09392
-1.49895 4.11178 -3.01221
-1.5473 4.10503 -3.0029
-1.59698 4.10188 -3.07819
-1.64651 4.09971 -3.09798
-1.69589 4.09427 -3.03178
-1.74531 4.09024 -3.06022
-1.79422 4.08612 -3.05765
-1.8328 4.08371 -3.07899
-1.88194 4.08032 -3.07284
-1.93008 4.07612 -3.0545
-1.9772 4.07445 -3.10614
-2.0187 4.07214 -3.08614
-2.06572 4.06733 -3.03963
-2.10921 4.06269 -3.03523
-2.15575 4.0569 -3.01776
-2.20289 4.05062 -3.00913
-2.25198 4.04431 -3.01381
-2.29802 4.03955 -3.03854
-2.34659 4.03565 -3.06161
-2.38858 4.03123 -3.03652
-2.43679 4.02646 -3.04305
-2.48509 4.02059 -3.02074
-2.52986 4.01659 -3.05231
-2.56655 4.01341 -3.05532
-2.59551 4.01097 -3.05748
-2.61622 4.01073 -3.12974
-2.64165 4.01019 -3.12056
-2.66272 4.00926 -3.09725
-2.67758 4.00909 -3.13073
-2.71574 4.00664 -3.07725
-2.7355 4.00642 -3.13057
-2.7452 4.00664 -3.16481
-2.7542 4.00662 3.14449
-2.77485 4.00657 -3.13918
-2.78869 4.0064 -3.12926
-2.82411 4.00661 -3.14765
-2.85976 4.00732 3.12158
-2.87957 4.00741 3.13721
-2.89711 4.00788 3.11514
-2.93401 4.00793 3.14022
-2.96352 4.00826 3.13015
-2.99537 4.00813 3.14585
-3.02424 4.00711 -3.10647
-3.04886 4.00549 -3.07561
-3.08056 4.00347 -3.07796
-3.09626 4.00332 -3.1325
-3.11851 4.00312 -3.13238
-3.13665 4.00322 -3.14738
-3.15277 4.00402 3.09245
-3.16065 4.00435 3.09953
-3.17571 4.00564 3.05636
-3.19262 4.0073 3.04374
-3.23203 4.01206 3.02131
-3.26039 4.01436 3.06059
-3.26652 4.01468 3.08984
-3.27909 4.01544 3.08073
-3.29719 4.01582 3.12081
-3.32328 4.01594 3.13717
-3.34174 4.01539 3.1713
-3.37225 4.01471 -3.11943
-3.39609 4.01438 -3.12775
-3.41755 4.01455 -3.14956
-3.43885 4.01418 3.159
-3.46683 4.01343 -3.11487
-3.49333 4.01312 -3.1299
-3.52702 4.01315 -3.14228
-3.5514 4.01317 3.14054
-3.58262 4.01364 3.12645
-3.59926 4.0141 3.11432
-3.62484 4.01435 3.13181
-3.62647 4.01441 3.1018
-3.63673 4.01488 3.09638
-3.65695 4.01622 3.07525
-3.67219 4.01758 3.05253
-3.6786 4.01803 3.07234
-3.69614 4.01935 3.06632
-3.71285 4.02117 3.03278
-3.72028 4.02219 3.00641
-3.72664 4.02314 2.99295
-3.73489 4.02418 3.01614
-3.75388 4.02575 3.05878
-3.77129 4.02703 3.06867
-3.7851 4.02784 3.08286
-3.79739 4.0278 3.14491
-3.80466 4.02801 -3.17057
-3.81544 4.02872 3.07537
-3.83251 4.03 3.06707
-3.86555 4.03324 3.04368
-3.8736 4.03417 3.02763
-3.88479 4.0353 3.04022
-3.89844 4.037 3.01812
-3.90647 4.03777 3.04553
-3.91972 4.03902 3.04796
-3.94131 4.04147 3.02823
-3.95498 4.04313 3.02077
-3.96857 4.04446 3.04446
-3.97851 4.04488 3.09955
-3.99551 4.04519 3.12312
-4.00673 4.04523 3.1376
-4.01606 4.04534 3.12985
-4.02152 4.04545 3.12228
-4.04016 4.04591 3.11703
-4.04796 4.04633 3.08755
-4.05472 4.04663 3.09755
-4.06352 4.04724 3.07252
-4.07103 4.04796 3.0456
-4.08088 4.04893 3.04359
-4.08398 4.0491 3.08711
-4.09291 4.04951 3.09496
-4.09997 4.04963 3.12494
-4.12036 4.05033 3.10713
-4.13495 4.05075 3.11332
-4.15244 4.05033 3.16556
-4.16128 4.05022 -3.12945
-4.17412 4.05058 -3.16993
-4.17475 4.05062 3.08082
-4.17641 4.05081 3.02773
-4.17509 4.05068 3.04078
-4.17804 4.0509 3.06624
-4.18447 4.05158 3.03686
-4.19192 4.05214 3.06622
-4.1963 4.0524 3.08158
-4.19875 4.05251 3.09753
-4.21454 4.05351 3.0788
True
0.190597
