4.48301 -0.00590395 -2.80714
4.44591 -0.0225433 -2.72003
4.40344 -0.0475384 -2.60966
4.36619 -0.0706596 -2.586
4.3259 -0.0973228 -2.55697
4.29042 -0.126106 -2.46009
4.26056 -0.151975 -2.42769
4.22696 -0.189004 -2.30765
4.20242 -0.218006 -2.27309
4.1723 -0.252348 -2.29072
4.14625 -0.284597 -2.25027
4.12886 -0.305859 -2.25647
4.10159 -0.345009 -2.17923
4.07383 -0.386579 -2.15959
4.05719 -0.411298 -2.16323
4.04368 -0.433286 -2.12178
4.02709 -0.46317 -2.0775
4.01021 -0.494755 -2.06161
3.99212 -0.527735 -2.07253
3.97154 -0.564709 -2.07863
3.95198 -0.598272 -2.09862
3.93346 -0.633172 -2.05858
3.91018 -0.67742 -2.05505
3.88911 -0.720988 -2.02131
3.86494 -0.764665 -2.07628
3.84422 -0.80306 -2.06562
3.82145 -0.846358 -2.05501
3.80059 -0.891786 -2.00116
3.78114 -0.937235 -1.97528
3.76214 -0.982943 -1.96476
3.74148 -1.02847 -1.9967
3.72133 -1.07206 -2.00387
3.70092 -1.11748 -1.993
3.69657 -1.12792 -1.96574
3.67956 -1.16756 -1.97623
3.66389 -1.20466 -1.97033
3.64564 -1.24599 -1.98675
3.62593 -1.28802 -2.00911
3.61193 -1.31972 -1.9868
3.59283 -1.36203 -1.99488
3.57169 -1.40473 -2.03051
3.54889 -1.44923 -2.04431
3.53094 -1.48567 -2.02855
3.51129 -1.52942 -1.99291
3.49227 -1.56906 -2.01803
3.4686 -1.61283 -2.06654
3.44444 -1.65659 -2.07534
3.42195 -1.69965 -2.05214
3.40697 -1.72737 -2.06626
3.38411 -1.77148 -2.04888
3.36041 -1.81551 -2.06452
3.34116 -1.85013 -2.0785
3.31831 -1.88891 -2.10307
3.30053 -1.91951 -2.09723
3.27745 -1.96368 -2.05229
3.2521 -2.00628 -2.10763
3.22674 -2.04938 -2.10259
3.21172 -2.075 -2.10094
3.18516 -2.11712 -2.13342
3.16193 -2.15387 -2.1346
3.13533 -2.19621 -2.13164
3.11495 -2.22904 -2.12648
3.09475 -2.26131 -2.12995
3.06796 -2.30098 -2.1649
3.03821 -2.34115 -2.20814
3.01111 -2.38075 -2.17095
2.98225 -2.42123 -2.19025
2.95989 -2.44979 -2.23493
2.92701 -2.48745 -2.28848
2.89758 -2.52167 -2.28112
2.8697 -2.55493 -2.26859
2.83672 -2.59249 -2.29132
2.80281 -2.62912 -2.31752
2.77367 -2.65721 -2.37464
2.74711 -2.68619 -2.31268
2.71174 -2.71844 -2.40231
2.68188 -2.74724 -2.37418
2.64815 -2.7786 -2.39264
2.61654 -2.80575 -2.43188
2.57869 -2.8384 -2.42977
2.54031 -2.87041 -2.4465
2.50721 -2.89706 -2.46374
2.48967 -2.91172 -2.44548
2.4556 -2.93973 -2.45348
2.41952 -2.96866 -2.46578
2.38076 -3.00023 -2.45805
2.34319 -3.03263 -2.42996
2.30518 -3.06481 -2.43904
2.26969 -3.09469 -2.44181
2.23418 -3.12342 -2.46143
2.19667 -3.15416 -2.45494
2.18593 -3.16311 -2.44718
2.15255 -3.18799 -2.50103
2.12982 -3.2045 -2.51327
2.09143 -3.23365 -2.4921
2.06612 -3.25194 -2.51611
2.02438 -3.27947 -2.55843
1.98326 -3.30482 -2.5891
1.94347 -3.32929 -2.59035
1.9005 -3.35485 -2.60502
1.8568 -3.37909 -2.63515
1.8126 -3.40247 -2.65486
1.78233 -3.41734 -2.68523
1.74414 -3.43702 -2.66562
1.70229 -3.45686 -2.69903
1.66306 -3.47511 -2.70597
1.62788 -3.49114 -2.71421
1.58227 -3.51164 -2.71921
1.54116 -3.53017 -2.71813
1.49932 -3.54848 -2.72892
1.45542 -3.56818 -2.71986
1.40938 -3.58768 -2.74087
1.36475 -3.60693 -2.73459
1.31886 -3.62414 -2.7827
1.28071 -3.63915 -2.76685
1.23466 -3.657 -2.77161
1.19984 -3.66923 -2.80403
1.1647 -3.68119 -2.81344
1.12244 -3.69491 -2.82775
1.07424 -3.708 -2.87633
1.04516 -3.7162 -2.86681
0.998435 -3.73384 -2.78063
0.953664 -3.74865 -2.82215
0.906592 -3.76419 -2.82269
0.867726 -3.77686 -2.82638
0.819413 -3.78974 -2.88112
0.77151 -3.80406 -2.85113
0.723991 -3.8169 -2.87773
0.678498 -3.82812 -2.89969
0.629716 -3.83835 -2.935
0.581591 -3.84839 -2.9358
0.535769 -3.85482 -3.00226
0.487094 -3.85975 -3.04061
0.455141 -3.86259 -3.05285
0.407873 -3.86592 -3.07142
0.358245 -3.86628 -3.13425
0.308254 -3.86564 -3.15447
0.259401 -3.86483 3.12506
0.215123 -3.86407 3.12453
0.169826 -3.86403 3.14075
0.121497 -3.86382 3.13717
0.0775508 -3.8616 3.09119
0.0285624 -3.85978 3.10444
-0.0105256 -3.85784 3.09184
-0.0602661 -3.85649 3.11443
-0.102074 -3.85437 3.09095
-0.145424 -3.85445 3.14353
-0.191049 -3.85382 -3.15537
-0.24069 -3.85003 3.06531
-0.28706 -3.84666 3.06919
-0.333863 -3.8412 3.02544
-0.382857 -3.83538 3.02327
-0.432427 -3.82955 3.02448
-0.482004 -3.82567 3.06357
-0.530514 -3.82083 3.04205
-0.580254 -3.81651 3.05501
-0.625379 -3.81233 3.04914
-0.674786 -3.80642 3.02266
-0.724384 -3.80013 3.0155
-0.773624 -3.79203 2.97856
-0.822473 -3.78401 2.97878
-0.867027 -3.77789 3.00502
-0.916139 -3.77114 3.00501
-0.960378 -3.76616 3.02948
-1.00507 -3.761 3.02672
-1.0507 -3.75614 3.03554
-1.10008 -3.74834 2.98501
-1.14204 -3.74206 2.993
-1.18974 -3.73538 3.00236
-1.2313 -3.72575 2.91396
-1.28054 -3.71729 2.97137
-1.31027 -3.71266 2.98702
-1.35809 -3.70326 2.94755
-1.4072 -3.69414 2.95792
-1.45514 -3.68622 2.97801
-1.50459 -3.68053 3.02706
-1.55398 -3.67281 2.98645
-1.6029 -3.66364 2.9563
-1.64396 -3.65658 2.97135
-1.69012 -3.64896 2.97801
-1.73509 -3.63856 2.91427
-1.77618 -3.63081 2.95511
-1.82103 -3.62185 2.94453
-1.86563 -3.614 2.96722
-1.89532 -3.60718 2.91599
-1.94378 -3.59595 2.91389
-1.99142 -3.58337 2.8834
-2.03517 -3.57296 2.90789
-2.08339 -3.56066 2.89185
-2.13208 -3.55038 2.93366
-2.17942 -3.53862 2.89808
-2.21462 -3.52894 2.87321
-2.2591 -3.51601 2.85866
-2.30672 -3.50242 2.8636
-2.3501 -3.48981 2.85871
-2.3918 -3.47767 2.85832
-2.43376 -3.46669 2.88556
-2.46808 -3.45849 2.90697
-2.50465 -3.44904 2.88877
-2.54261 -3.44016 2.91182
-2.58094 -3.43079 2.90202
-2.61607 -3.42239 2.90664
-2.6562 -3.41112 2.86794
-2.68758 -3.40439 2.93032
-2.71898 -3.39694 2.90858
-2.73872 -3.39298 2.94364
-2.77492 -3.3842 2.90351
-2.80498 -3.37532 2.85465
-2.8462 -3.36207 2.83044
-2.88867 -3.34701 2.80091
-2.9346 -3.32928 2.77317
-2.97859 -3.31266 2.78027
-3.01477 -3.30028 2.81207
-3.05875 -3.28748 2.85836
-3.09324 -3.27647 2.83254
-3.12633 -3.26793 2.88892
-3.16303 -3.25624 2.83341
-3.20189 -3.24387 2.83326
-3.22359 -3.23651 2.81462
-3.2458 -3.22886 2.81007
-3.28957 -3.21386 2.81137
-3.32664 -3.19971 2.77706
-3.36465 -3.1869 2.81644
-3.40911 -3.17349 2.84863
-3.45038 -3.1605 2.83671
-3.47307 -3.1537 2.85036
-3.48577 -3.14992 2.85201
-3.51572 -3.1409 2.84905
-3.52649 -3.13766 2.8493
-3.54251 -3.13328 2.875
-3.54839 -3.13193 2.91625
-3.56169 -3.12905 2.92814
-3.57838 -3.12577 2.94785
-3.59988 -3.12129 2.93613
-3.61793 -3.11773 2.94676
-3.6394 -3.11381 2.96077
-3.65169 -3.11151 2.95655
-3.66541 -3.10866 2.93721
-3.66931 -3.10787 2.94073
-3.69354 -3.10243 2.92095
-3.71189 -3.09767 2.88759
-3.73249 -3.09123 2.83874
-3.74539 -3.08725 2.84191
-3.75827 -3.08253 2.79061
-3.76973 -3.07827 2.78538
-3.79326 -3.07036 2.81751
-3.8034 -3.06738 2.85518
-3.80624 -3.06653 2.853
-3.81816 -3.06326 2.87342
-3.8324 -3.05863 2.82727
-3.83833 -3.05648 2.7935
-3.85824 -3.04881 2.77413
-3.86859 -3.04513 2.8
-3.87965 -3.0414 2.81588
-3.89564 -3.03615 2.82452
-3.9142 -3.03061 2.85136
-3.91987 -3.02904 2.87178
-3.92404 -3.02796 2.88796
-3.93252 -3.02561 2.87181
-3.94495 -3.02224 2.87643
-3.9623 -3.01797 2.9003
-3.97853 -3.01416 2.91113
-3.98925 -3.01194 2.93763
-3.99806 -3.00987 2.91106
-4.02217 -3.00372 2.89158
-4.03788 -2.99948 2.87794
-4.04826 -2.99691 2.89885
-4.06244 -2.99321 2.88654
-4.06882 -2.99161 2.8955
-4.0781 -2.98953 2.92139
-4.0774 -2.9897 2.89793
-4.08937 -2.98563 2.81349
-4.09464 -2.98374 2.79704
-4.10067 -2.9808 2.68778
-4.12322 -2.97063 2.71813
-4.14335 -2.96222 2.74554
-4.14324 -2.96226 2.77032
-4.14373 -2.96207 2.77438
-4.1559 -2.95771 2.79718
-4.16353 -2.95508 2.81027
-4.1661 -2.95427 2.83564
-4.17069 -2.95279 2.82995
-4.17744 -2.95066 2.83611
-4.18347 -2.94871 2.82819
-4.1893 -2.94704 2.86346
-4.20309 -2.94295 2.85311
True
0.0656145
