-5.47301 -0.876927 0.240676
-5.43593 -0.866172 0.282271
-5.38793 -0.852201 0.283266
-5.33936 -0.840403 0.238266
-5.2914 -0.828146 0.250205
-5.24362 -0.81484 0.271634
-5.19705 -0.803822 0.232296
-5.14924 -0.790685 0.268181
-5.10337 -0.77867 0.256148
-5.0611 -0.768176 0.24334
-5.01227 -0.757418 0.216873
-4.97145 -0.747881 0.229491
-4.93336 -0.737664 0.262067
-4.88779 -0.724255 0.28619
-4.83959 -0.711028 0.267813
-4.79135 -0.697901 0.265694
-4.74393 -0.68344 0.29602
-4.69504 -0.673113 0.208175
-4.65091 -0.661968 0.247376
-4.60684 -0.650803 0.248088
-4.55885 -0.636776 0.284387
-4.51828 -0.625092 0.280381
-4.48395 -0.61605 0.257546
-4.43558 -0.604438 0.235642
-4.39483 -0.593439 0.263587
-4.34675 -0.583808 0.197701
-4.29802 -0.573581 0.206878
-4.25109 -0.562324 0.235404
-4.2027 -0.551848 0.21321
-4.15765 -0.541022 0.235857
-4.11284 -0.529942 0.242422
-4.06528 -0.517775 0.250422
-4.01679 -0.508251 0.193935
-3.97246 -0.501233 0.157015
-3.93088 -0.4937 0.179209
-3.88283 -0.487054 0.13747
-3.83645 -0.479889 0.153242
-3.78754 -0.473976 0.120317
-3.73782 -0.469061 0.0985384
-3.69613 -0.464313 0.113412
-3.64772 -0.457065 0.148609
-3.60329 -0.449609 0.166276
-3.56043 -0.43939 0.234029
-3.51236 -0.429234 0.208244
-3.47958 -0.420662 0.2557
-3.43654 -0.409543 0.25281
-3.38839 -0.396846 0.257843
-3.34482 -0.382705 0.313825
-3.30729 -0.370544 0.313374
-3.26106 -0.353556 0.352126
-3.21493 -0.334483 0.392098
-3.16917 -0.316934 0.366227
-3.12407 -0.299571 0.367444
-3.09703 -0.288968 0.373773
-3.05886 -0.274381 0.365035
-3.0122 -0.256761 0.361076
-2.98213 -0.246648 0.324394
-2.93495 -0.230198 0.335486
-2.89048 -0.213482 0.359556
-2.84427 -0.19442 0.391209
-2.80231 -0.175681 0.42003
-2.75694 -0.154655 0.434036
-2.71197 -0.132904 0.450415
-2.66964 -0.110938 0.47871
-2.62511 -0.0889999 0.457781
-2.58752 -0.0699867 0.468214
-2.54774 -0.0491557 0.482391
-2.50505 -0.0271103 0.47674
-2.46115 -0.00318214 0.499031
-2.42472 0.0146695 0.455679
-2.38532 0.0338474 0.452923
-2.34087 0.0544848 0.434665
-2.30163 0.0715792 0.410899
-2.25765 0.0886648 0.370522
-2.2158 0.106344 0.399728
-2.16937 0.124724 0.376874
-2.13591 0.137995 0.377624
-2.09181 0.157132 0.409398
-2.04897 0.176822 0.430892
-2.00502 0.195148 0.395056
-1.96505 0.211866 0.396131
-1.91801 0.228534 0.340528
-1.87103 0.245028 0.337672
-1.83476 0.258139 0.346793
-1.78742 0.273495 0.313717
-1.74388 0.288504 0.331901
-1.71026 0.300439 0.341168
-1.66737 0.313966 0.305523
-1.6203 0.329794 0.324387
-1.57272 0.344157 0.293144
-1.53613 0.354757 0.281948
-1.48849 0.368214 0.275357
-1.44292 0.380596 0.265302
-1.39542 0.395055 0.2955
-1.35058 0.408159 0.284296
-1.30517 0.421747 0.290726
-1.26704 0.429725 0.206286
-1.22104 0.44173 0.255277
-1.17532 0.454565 0.273691
-1.12811 0.469533 0.307024
-1.08098 0.486222 0.340318
-1.03955 0.50172 0.357991
-0.997993 0.5173 0.358671
-0.956922 0.531142 0.32507
-0.912261 0.545279 0.306558
-0.864489 0.560038 0.299629
-0.828412 0.571701 0.312692
-0.782846 0.589634 0.374934
-0.743527 0.606417 0.403445
-0.697906 0.624945 0.385762
-0.653324 0.645275 0.427857
-0.61135 0.663166 0.402927
-0.565619 0.682895 0.407283
-0.519202 0.701316 0.377794
-0.4831 0.717633 0.424483
-0.437055 0.736263 0.384465
-0.394156 0.756857 0.447584
-0.356622 0.771689 0.376332
-0.310415 0.790755 0.391331
-0.264617 0.810248 0.402394
-0.230472 0.824809 0.403103
-0.190073 0.842206 0.406644
-0.144225 0.861207 0.392885
-0.0982802 0.879486 0.378634
-0.0607015 0.895368 0.399882
-0.0153798 0.916075 0.428554
0.0242664 0.934824 0.441749
0.0684022 0.956745 0.46098
0.112711 0.979903 0.481606
0.149275 0.998954 0.480342
0.192099 1.02329 0.516733
0.233713 1.04885 0.550778
0.276644 1.07434 0.535899
0.298772 1.08749 0.536267
0.341244 1.11052 0.496837
0.376914 1.1306 0.512686
0.421987 1.15219 0.446636
0.466805 1.17227 0.421213
0.513257 1.19046 0.373315
0.559187 1.20961 0.394976
0.596446 1.2242 0.373328
0.64154 1.24285 0.392041
0.686969 1.26023 0.365362
0.733885 1.27662 0.33618
0.77475 1.29091 0.336505
0.822159 1.3068 0.323309
0.869891 1.3216 0.300641
0.917494 1.33684 0.309941
0.965981 1.34905 0.246534
1.01243 1.36278 0.287395
1.0586 1.37283 0.214381
1.10565 1.38241 0.200979
1.15104 1.39197 0.207565
1.19983 1.40289 0.220214
1.24723 1.41523 0.254558
1.29528 1.42745 0.249155
1.34121 1.43708 0.206502
1.38992 1.44833 0.227047
1.43887 1.45854 0.205629
1.48493 1.46729 0.187805
1.52785 1.47395 0.153857
1.57654 1.47985 0.120667
1.62331 1.48593 0.129237
1.66382 1.49017 0.104335
1.70812 1.49239 0.0500733
1.75004 1.49389 0.0357987
1.79968 1.49646 0.0517356
1.84962 1.49787 0.0282247
1.8986 1.49849 0.0126521
1.94429 1.49962 0.0245624
1.99057 1.50039 0.0167819
2.03589 1.49981 -0.0128552
2.08561 1.50189 0.0417995
2.12721 1.50126 -0.0152416
2.16584 1.50202 0.0196677
2.2008 1.50099 -0.0292999
2.24208 1.49881 -0.0528658
2.28999 1.49891 0.00218485
2.32903 1.4986 -0.00785999
2.37876 1.49818 -0.00853384
2.42781 1.50052 0.0475798
2.46154 1.50119 0.0199057
2.50914 1.50455 0.0704793
2.55438 1.50825 0.081618
2.59453 1.51057 0.0577102
2.6345 1.5149 0.107955
2.68436 1.5174 0.0500953
2.72602 1.5199 0.059962
2.7744 1.52354 0.0750391
2.81749 1.52708 0.0820251
2.86741 1.52795 0.0174962
2.91157 1.52995 0.0451518
2.95025 1.5324 0.063369
2.98986 1.53674 0.108966
3.03974 1.54006 0.0666144
3.08953 1.54293 0.0575739
3.13743 1.54564 0.0565136
3.18723 1.54571 0.00130243
3.2371 1.546 0.00589948
3.27988 1.54534 -0.0155567
3.32684 1.5444 -0.0198993
3.36561 1.54545 0.0269031
3.39668 1.54807 0.0842169
3.44068 1.55129 0.073137
3.47567 1.55453 0.0922483
3.497 1.55646 0.0904999
3.51228 1.55877 0.149677
3.54613 1.56425 0.160395
3.57114 1.56687 0.104483
3.59771 1.57044 0.133626
3.62603 1.57548 0.175941
3.6617 1.58027 0.133718
3.67277 1.58158 0.117197
3.68574 1.5831 0.117004
3.71128 1.58669 0.139663
3.74405 1.5937 0.210644
3.76988 1.5986 0.187355
3.78355 1.60161 0.216915
3.80509 1.60782 0.280581
3.83448 1.61904 0.364965
3.85966 1.62872 0.366769
3.88018 1.6368 0.375181
3.88024 1.63682 0.320099
3.88082 1.637 0.29597
3.88461 1.6383 0.33237
3.88586 1.63876 0.351348
3.89527 1.64212 0.342247
3.90871 1.64644 0.311658
3.91872 1.64905 0.254579
3.9403 1.65493 0.266153
3.96212 1.66082 0.263605
4.00959 1.6764 0.317145
4.04183 1.68579 0.283341
4.0653 1.6923 0.270569
4.10271 1.70044 0.214378
4.14409 1.70926 0.209979
4.17532 1.71567 0.202441
4.20381 1.72155 0.203337
4.22823 1.72529 0.15214
4.25674 1.72887 0.125001
4.27323 1.73106 0.131705
4.28848 1.73311 0.133489
4.31531 1.73698 0.143572
4.33348 1.73938 0.130923
4.34395 1.74131 0.182828
4.34503 1.74146 0.137837
4.36129 1.74372 0.137906
4.38252 1.74616 0.114396
4.40131 1.74845 0.121322
4.41643 1.75004 0.104753
4.42912 1.75104 0.0788502
4.4442 1.75224 0.0790609
4.45786 1.75295 0.0521235
4.47905 1.75472 0.0835849
4.49325 1.75655 0.127696
4.51949 1.75935 0.106419
4.5417 1.76113 0.0797214
4.55592 1.76166 0.0378249
4.56658 1.76199 0.0305012
4.56856 1.76199 0.00197143
4.5739 1.76185 -0.0262277
4.58231 1.76148 -0.0441708
4.60115 1.76081 -0.0354982
4.61284 1.7603 -0.0434166
4.61678 1.76022 -0.0203077
4.6239 1.76048 0.0360404
4.64326 1.76126 0.0401544
4.65905 1.76235 0.0688328
4.68373 1.76435 0.0808101
4.72137 1.76807 0.0985972
4.75619 1.77285 0.136372
4.78796 1.77795 0.15924
4.79809 1.77947 0.149339
4.80777 1.78103 0.159079
4.81877 1.78281 0.16096
4.83322 1.78474 0.132372
4.8576 1.7879 0.129144
4.86836 1.78944 0.141432
4.89335 1.79255 0.12406
4.9223 1.79649 0.135292
4.9399 1.79916 0.15063
4.9553 1.80082 0.107225
4.9694 1.80236 0.108468
4.97684 1.80302 0.0890606
4.98304 1.80373 0.11439
4.99008 1.80434 0.086213
4.99855 1.80449 0.0173397
5.00857 1.80486 0.036825
5.02187 1.80597 0.0833518
5.03371 1.8071 0.0953215
5.03707 1.80732 0.0649082
5.05674 1.80833 0.0512393
5.06652 1.80876 0.0438123
5.09364 1.81075 0.073493
5.10571 1.81146 0.0582877
5.11528 1.81208 0.0650024
5.12091 1.81253 0.0804173
5.12743 1.81299 0.0691431
5.13272 1.81341 0.0796812
5.13403 1.8135 0.0716799
5.12849 1.81324 0.0469118
5.13371 1.81316 -0.0160786
5.15026 1.81227 -0.0535391
5.17546 1.81133 -0.0374897
5.19038 1.81194 0.0412956
5.19774 1.81229 0.0471074
5.20875 1.81303 0.0670437
5.2228 1.81426 0.0877001
True
0.224347
