4.48268 0.00406606 2.91102
4.46546 0.00976469 2.82207
4.42291 0.0287403 2.72209
4.38433 0.0517524 2.60379
4.35052 0.0745272 2.54871
4.31094 0.103363 2.512
4.27773 0.131785 2.43366
4.24229 0.163964 2.4044
4.21594 0.189886 2.36439
4.18366 0.22325 2.33967
4.16304 0.249545 2.23594
4.13201 0.28857 2.24256
4.11369 0.312997 2.21416
4.08856 0.345133 2.23449
4.06801 0.375115 2.17165
4.04229 0.412138 2.17801
4.01569 0.454364 2.13288
3.99368 0.493711 2.08095
3.97722 0.528394 2.01372
3.9633 0.559414 1.99259
3.94336 0.601117 2.01683
3.92213 0.645889 2.0136
3.90051 0.690598 2.02135
3.88537 0.725767 1.97721
3.87292 0.755875 1.96289
3.86235 0.786545 1.90267
3.85184 0.825028 1.83741
3.84054 0.86774 1.82943
3.82935 0.915176 1.80255
3.81834 0.960768 1.80774
3.80777 1.00615 1.79954
3.79794 1.05218 1.7811
3.78729 1.09909 1.79419
3.77915 1.1401 1.76669
3.7689 1.18887 1.77804
3.76172 1.22787 1.75273
3.75083 1.27663 1.79059
3.74098 1.3184 1.80225
3.73069 1.34874 1.898
3.71822 1.39436 1.83748
3.70801 1.42771 1.86791
3.6912 1.4748 1.91371
3.67313 1.52128 1.94157
3.65626 1.56792 1.9179
3.64097 1.61044 1.9159
3.62414 1.65752 1.91411
3.61016 1.69198 1.95631
3.59346 1.7338 1.95077
3.57303 1.77909 1.9945
3.55473 1.81654 2.02543
3.53956 1.84794 2.0209
3.51736 1.89273 2.03089
3.49155 1.93491 2.11996
3.46906 1.97276 2.10682
3.44264 2.01518 2.12786
3.41728 2.05755 2.11019
3.39314 2.09645 2.12626
3.36703 2.1357 2.15767
3.34962 2.16035 2.1856
3.32301 2.20026 2.15895
3.2939 2.24084 2.19304
3.26525 2.28181 2.18117
3.23864 2.31853 2.19776
3.21343 2.35252 2.20908
3.18947 2.38372 2.22564
3.15999 2.42197 2.22733
3.12995 2.45917 2.25009
3.09961 2.49356 2.29376
3.06842 2.53257 2.24525
3.04939 2.55487 2.27724
3.03105 2.57665 2.27078
3.00495 2.60881 2.25255
2.97798 2.6425 2.24595
2.94753 2.67817 2.27741
2.91623 2.71681 2.25147
2.88344 2.75456 2.28599
2.85929 2.78485 2.24389
2.83789 2.81135 2.25029
2.80855 2.84536 2.28266
2.77406 2.88132 2.33522
2.73873 2.91607 2.36455
2.70324 2.9489 2.39514
2.67206 2.97939 2.36723
2.63619 3.0109 2.42076
2.60396 3.03811 2.4405
2.56786 3.06894 2.43483
2.52995 3.10138 2.43374
2.49214 3.13187 2.46298
2.45401 3.16421 2.43817
2.41473 3.19404 2.49201
2.37743 3.21947 2.54329
2.33733 3.24932 2.5017
2.29799 3.27909 2.49378
2.2637 3.30339 2.52518
2.22667 3.32972 2.52345
2.18618 3.35774 2.53627
2.14436 3.38508 2.56246
2.10574 3.40917 2.58398
2.07001 3.43004 2.61283
2.02781 3.45561 2.59687
1.9904 3.47874 2.5879
1.95638 3.49941 2.59561
1.92852 3.51603 2.60373
1.8853 3.53948 2.64449
1.84381 3.56144 2.65482
1.8004 3.58299 2.68067
1.75657 3.60213 2.72993
1.71052 3.61952 2.78056
1.66421 3.63615 2.79675
1.61736 3.65353 2.78637
1.58582 3.66487 2.79633
1.53884 3.67931 2.84347
1.49762 3.69509 2.77594
1.46114 3.7107 2.73725
1.41419 3.72778 2.7927
1.36704 3.74444 2.80196
1.31923 3.75759 2.87319
1.27671 3.76798 2.90198
1.2303 3.77939 2.90059
1.18649 3.78853 2.93578
1.14611 3.79686 2.93816
1.12012 3.80377 2.88168
1.09038 3.81096 2.90443
1.04578 3.8216 2.90737
1.01132 3.82775 2.96515
0.968858 3.8342 2.99072
0.919555 3.84252 2.97442
0.870518 3.85087 2.9731
0.834236 3.85619 2.99592
0.808464 3.86036 2.98099
0.759053 3.86782 2.9918
0.711153 3.87436 3.00598
0.661326 3.8778 3.07265
0.623492 3.88222 3.02523
0.57374 3.88671 3.05168
0.524281 3.89402 2.99469
0.475217 3.90179 2.98454
0.431289 3.90827 2.99516
0.383075 3.91527 2.99738
0.336485 3.91886 3.06474
0.291273 3.92397 3.02907
0.242268 3.93028 3.01351
0.194784 3.93615 3.01866
0.150927 3.94063 3.03968
0.10287 3.94404 3.07082
0.0529997 3.94688 3.08466
0.00310998 3.94979 3.08327
-0.046606 3.954 3.05723
-0.0943067 3.95454 3.13014
-0.141344 3.95603 3.10999
-0.175555 3.95519 3.16611
-0.225299 3.95018 -3.04117
-0.26265 3.94671 -3.04897
-0.310683 3.94335 -3.07174
-0.350269 3.94072 -3.07518
-0.380988 3.93726 -3.02948
-0.405006 3.93362 -2.99128
-0.452922 3.9284 -3.03298
-0.502718 3.92392 -3.05196
-0.552214 3.91711 -3.00486
-0.601143 3.9102 -3.00126
-0.648988 3.90392 -3.01106
-0.690285 3.89708 -2.97752
-0.739754 3.89011 -3.00151
-0.781611 3.88324 -2.979
-0.829419 3.87514 -2.97377
-0.878586 3.86652 -2.96801
-0.927541 3.85635 -2.93676
-0.969711 3.84949 -2.98039
-1.0157 3.8415 -2.9695
-1.06355 3.83213 -2.9482
-1.09645 3.82526 -2.9359
-1.14461 3.81372 -2.90629
-1.1936 3.80441 -2.95387
-1.24178 3.79484 -2.94552
-1.27997 3.7872 -2.94415
-1.32411 3.77691 -2.9125
-1.37205 3.76278 -2.85503
-1.4157 3.74842 -2.82382
-1.459 3.73176 -2.77418
-1.50309 3.71475 -2.77353
-1.54223 3.70002 -2.78162
-1.57744 3.68501 -2.73859
-1.62132 3.66468 -2.70772
-1.65819 3.64854 -2.72901
-1.69354 3.63078 -2.6759
-1.73763 3.60767 -2.65885
-1.77464 3.58788 -2.65055
-1.80932 3.5696 -2.65645
-1.85316 3.54572 -2.64282
-1.89178 3.52672 -2.68446
-1.93563 3.50349 -2.65442
-1.97991 3.48031 -2.65934
-1.99917 3.47017 -2.65681
-2.04251 3.44527 -2.62007
-2.08353 3.42295 -2.64328
-2.11316 3.40698 -2.64747
-2.15296 3.38527 -2.64213
-2.18338 3.36765 -2.6166
-2.22081 3.34406 -2.57931
-2.26347 3.31806 -2.59421
-2.3046 3.29438 -2.61923
-2.3442 3.27128 -2.61344
-2.38735 3.2463 -2.61672
-2.41204 3.23101 -2.58725
-2.45044 3.20327 -2.51612
-2.48038 3.18113 -2.50468
-2.52044 3.1512 -2.49997
-2.55953 3.12192 -2.4987
-2.59959 3.09264 -2.51053
-2.63829 3.06506 -2.52238
-2.67976 3.03743 -2.55374
-2.71612 3.01197 -2.53079
-2.75523 2.98577 -2.55142
-2.79379 2.95862 -2.52799
-2.82963 2.93284 -2.51813
-2.86713 2.90557 -2.5128
-2.89624 2.88303 -2.48276
-2.92996 2.85622 -2.46982
-2.95195 2.8397 -2.49753
-2.9823 2.81548 -2.46785
-3.01208 2.7897 -2.4281
-3.04473 2.75914 -2.3894
-3.07344 2.73152 -2.37534
-3.10602 2.70028 -2.37724
-3.13236 2.67348 -2.34766
-3.15908 2.64765 -2.373
-3.17956 2.62702 -2.35244
-3.19008 2.61684 -2.37272
-3.2067 2.6011 -2.3836
-3.21706 2.59089 -2.36357
-3.22912 2.57857 -2.34518
-3.243 2.56468 -2.35576
-3.2515 2.55631 -2.36445
-3.26283 2.54523 -2.36689
-3.27034 2.53773 -2.35671
-3.28199 2.52677 -2.38742
-3.29566 2.51433 -2.40306
-3.30108 2.5093 -2.39352
-3.33521 2.47771 -2.3948
-3.35839 2.45628 -2.39525
-3.38336 2.43159 -2.36194
-3.40158 2.41531 -2.41231
-3.43137 2.38995 -2.43647
-3.44737 2.37724 -2.47014
-3.46328 2.36468 -2.47357
-3.48891 2.34541 -2.49661
-3.49744 2.33903 -2.49951
-3.50698 2.33147 -2.47167
-3.51683 2.32337 -2.45369
-3.53969 2.30583 -2.48702
-3.55939 2.28997 -2.46366
-3.58534 2.26915 -2.46556
-3.61861 2.24155 -2.44905
-3.64646 2.22045 -2.49309
-3.67289 2.19822 -2.44258
-3.69789 2.17759 -2.45151
-3.73039 2.1487 -2.41492
-3.76005 2.12286 -2.42502
-3.78472 2.10104 -2.41746
-3.80491 2.08167 -2.37693
-3.82368 2.06248 -2.34498
-3.84136 2.04364 -2.32439
-3.85695 2.02593 -2.29286
-3.85564 2.02738 -2.30646
-3.86555 2.01635 -2.30279
-3.87398 2.00676 -2.29153
-3.88557 1.99305 -2.27286
-3.89978 1.97697 -2.29442
-3.91202 1.96323 -2.29831
-3.92066 1.9533 -2.28716
-3.92869 1.94384 -2.27459
-3.93936 1.9319 -2.30001
-3.94265 1.92833 -2.31595
-3.9506 1.91996 -2.33033
-3.96219 1.90844 -2.35883
-3.96749 1.90324 -2.36633
-3.97614 1.89489 -2.3738
-3.98308 1.88802 -2.36147
-3.99565 1.87605 -2.38069
-4.01429 1.85834 -2.38168
-4.02244 1.85075 -2.39162
-4.03302 1.84084 -2.38909
-4.03762 1.83656 -2.39255
-4.04232 1.83227 -2.40063
-4.05826 1.81826 -2.42077
-4.07353 1.80553 -2.44652
-4.10652 1.78083 -2.49884
-4.11726 1.77263 -2.48984
-4.13212 1.76129 -2.48978
-4.1427 1.75362 -2.51449
-4.15217 1.74666 -2.5079
-4.15931 1.74147 -2.51273
-4.17098 1.73281 -2.50296
-4.17528 1.72959 -2.5005
-4.18342 1.72342 -2.49218
-4.19036 1.71789 -2.46922
-4.19235 1.71621 -2.4407
-4.20207 1.70761 -2.4174
-4.20496 1.70487 -2.38253
-4.20502 1.70482 -2.39987
-4.2028 1.70712 -2.33883
-4.21088 1.69825 -2.30952
-4.21769 1.69136 -2.35046
-4.2181 1.69093 -2.33695
-4.23082 1.67791 -2.34457
-4.2357 1.67256 -2.31044
True
0.177658
