4.47337 0.0115054 2.73381
4.44082 0.0266417 2.70629
4.39859 0.049626 2.64318
4.36762 0.0697501 2.56529
4.33643 0.0910018 2.54351
4.29714 0.120938 2.49051
4.25943 0.151044 2.46785
4.22218 0.184389 2.41151
4.18917 0.215381 2.38772
4.15497 0.251796 2.32474
4.12229 0.289349 2.2869
4.08924 0.326849 2.29331
4.06621 0.354476 2.26563
4.037 0.392955 2.22006
4.00832 0.431184 2.21451
3.98165 0.470812 2.16316
3.95463 0.509086 2.1855
3.93038 0.543225 2.18848
3.90451 0.585981 2.11481
3.88125 0.621383 2.15214
3.85663 0.664749 2.08725
3.83471 0.70473 2.07216
3.81875 0.737073 2.02925
3.80662 0.762255 2.01962
3.78546 0.803618 2.04383
3.76441 0.846697 2.02531
3.74042 0.890566 2.07121
3.72229 0.924951 2.05602
3.71018 0.949356 2.03136
3.68937 0.994764 2.0004
3.67434 1.02812 1.99424
3.65936 1.06257 1.981
3.64428 1.10047 1.94956
3.62496 1.14581 1.97351
3.60607 1.19138 1.96378
3.58773 1.23789 1.94633
3.56946 1.28419 1.94673
3.55144 1.32689 1.97024
3.53133 1.37215 1.98877
3.51235 1.41694 1.97162
3.49714 1.45237 1.97632
3.48157 1.49012 1.9619
3.46786 1.52605 1.93545
3.45757 1.5541 1.92241
3.43822 1.60015 1.96867
3.41778 1.6452 1.99673
3.3991 1.69094 1.95855
3.37917 1.73653 1.9828
3.36015 1.78195 1.96738
3.35636 1.7898 2.0201
3.34532 1.81387 2.00088
3.33421 1.83746 2.01099
3.31545 1.8777 2.007
3.29363 1.92254 2.0238
3.28069 1.94608 2.07324
3.26642 1.969 2.12769
3.24793 1.99997 2.10895
3.22433 2.03647 2.1449
3.19794 2.07888 2.12741
3.17351 2.11521 2.16274
3.14645 2.15336 2.18766
3.11964 2.19006 2.20194
3.10046 2.21978 2.14383
3.07383 2.25639 2.19962
3.0469 2.29366 2.19655
3.02626 2.32028 2.23019
3.00491 2.34765 2.23329
2.9825 2.37488 2.25944
2.95116 2.41381 2.24857
2.92202 2.44557 2.31319
2.88882 2.48287 2.29809
2.86068 2.5123 2.33387
2.84143 2.53263 2.32899
2.80526 2.56716 2.37937
2.77275 2.60187 2.32349
2.74817 2.62416 2.40508
2.7217 2.64852 2.39758
2.68573 2.68129 2.40275
2.65866 2.70553 2.41128
2.61939 2.73641 2.4751
2.59049 2.76018 2.45325
2.56624 2.77973 2.4631
2.53513 2.80569 2.44627
2.49555 2.83613 2.48597
2.45726 2.86827 2.44335
2.42487 2.89199 2.50957
2.38689 2.92203 2.47235
2.35806 2.94443 2.4812
2.32176 2.9726 2.48159
2.28315 3.00208 2.48939
2.24914 3.02715 2.50641
2.21046 3.05608 2.49942
2.17067 3.08636 2.49103
2.1384 3.10961 2.51724
2.09784 3.13884 2.51724
2.06832 3.16035 2.5117
2.04438 3.17819 2.50144
2.00467 3.2079 2.49923
1.96398 3.23631 2.532
1.92366 3.26588 2.50891
1.88275 3.2925 2.56466
1.84207 3.3215 2.5223
1.8023 3.34342 2.63787
1.75846 3.36745 2.64022
1.71623 3.39422 2.5766
1.675 3.41668 2.64286
1.63215 3.43961 2.65011
1.58919 3.45803 2.7366
1.54466 3.4776 2.72745
1.50066 3.49666 2.73288
1.46197 3.51141 2.77723
1.4312 3.52339 2.77057
1.38767 3.54046 2.76781
1.34145 3.55873 2.76516
1.29557 3.57793 2.74525
1.24968 3.59724 2.74321
1.23096 3.60518 2.74054
1.18434 3.62324 2.77198
1.14032 3.64103 2.75763
1.09536 3.6575 2.79036
1.05053 3.67271 2.81465
1.0053 3.68879 2.79993
0.962427 3.70446 2.79106
0.924543 3.71598 2.84658
0.889252 3.72569 2.87311
0.845726 3.73644 2.89942
0.809586 3.74239 2.9783
0.76877 3.74781 3.00974
0.720154 3.75417 3.01147
0.671022 3.75977 3.0281
0.623604 3.76528 3.02579
0.579602 3.76892 3.05907
0.529831 3.77371 3.04573
0.483533 3.77603 3.09147
0.434089 3.77926 3.07638
0.386484 3.78184 3.08755
0.339021 3.78604 3.05319
0.299596 3.78982 3.04618
0.25116 3.79601 3.01451
0.206234 3.8027 2.99375
0.160877 3.80811 3.02289
0.111588 3.81494 3.00375
0.0623613 3.81956 3.04814
0.0127701 3.82304 3.07151
-0.0371417 3.82588 3.08466
-0.0868395 3.82777 3.10359
-0.133915 3.8288 3.11979
-0.176936 3.82938 3.12803
-0.226267 3.83033 3.12243
-0.273324 3.82992 3.15016
-0.32136 3.82933 -3.12924
-0.370287 3.83026 -3.16067
-0.42016 3.83152 3.11633
-0.466205 3.83321 3.1049
-0.514194 3.8344 3.11683
-0.562142 3.83634 3.10129
-0.611929 3.83717 3.12496
-0.661925 3.8378 3.12884
-0.71106 3.83593 3.17969
-0.759945 3.83486 -3.11978
-0.805598 3.83401 -3.12289
-0.842717 3.83359 -3.13031
-0.892228 3.83127 -3.0947
-0.938359 3.82802 -3.0714
-0.987501 3.82522 -3.08467
-1.03746 3.8241 -3.119
-1.0874 3.82183 -3.09627
-1.12273 3.81887 -3.05796
-1.15936 3.81454 -3.02396
-1.20901 3.8089 -3.02851
-1.2547 3.80345 -3.02284
-1.30381 3.7994 -3.05941
-1.34485 3.79374 -3.00445
-1.39195 3.78788 -3.01789
-1.44135 3.78024 -2.98802
-1.49003 3.77259 -2.98576
-1.53201 3.7647 -2.95584
-1.57686 3.75471 -2.9224
-1.62029 3.74612 -2.94636
-1.66926 3.73634 -2.94455
-1.70938 3.72805 -2.93778
-1.7558 3.71888 -2.94656
-1.80426 3.70666 -2.89451
-1.85281 3.69503 -2.90644
-1.89603 3.68453 -2.90326
-1.93354 3.67556 -2.90689
-1.98029 3.66681 -2.95652
-2.029 3.65574 -2.91827
-2.07741 3.64577 -2.9385
-2.12125 3.63894 -2.98692
-2.16736 3.63359 -3.02602
-2.21582 3.6286 -3.03916
-2.26519 3.62069 -2.98262
-2.31473 3.61502 -3.0277
-2.36274 3.61044 -3.04652
-2.4022 3.60647 -3.04131
-2.44049 3.60238 -3.03521
-2.48499 3.59627 -3.00504
-2.53366 3.5877 -2.96738
-2.57634 3.57982 -2.959
-2.62208 3.571 -2.95097
-2.66747 3.56206 -2.94714
-2.70234 3.55684 -2.99297
-2.74358 3.55102 -3.00147
-2.78596 3.54461 -2.99146
-2.82213 3.53716 -2.93843
-2.85803 3.53036 -2.95461
-2.8771 3.52751 -2.99299
-2.91432 3.52155 -2.98291
-2.9598 3.51459 -2.98955
-2.99569 3.50984 -3.01016
-3.03686 3.5055 -3.03662
-3.07723 3.50028 -3.01282
-3.0959 3.4978 -3.00969
-3.10864 3.49584 -2.98919
-3.13953 3.48998 -2.95404
-3.16009 3.48579 -2.94041
-3.1889 3.47989 -2.93959
-3.21963 3.47426 -2.96053
-3.25379 3.46808 -2.96246
-3.29026 3.46201 -2.97674
-3.31361 3.45915 -3.01978
-3.35179 3.45559 -3.04866
-3.38431 3.45229 -3.0405
-3.41589 3.4472 -2.9816
-3.45309 3.44151 -2.98986
-3.47531 3.43713 -2.94723
-3.49952 3.43084 -2.88708
-3.51377 3.42766 -2.92208
-3.52816 3.42406 -2.89659
-3.54423 3.41979 -2.88202
-3.55811 3.41567 -2.85327
-3.57523 3.41063 -2.85508
-3.60292 3.40351 -2.88984
-3.63962 3.39466 -2.90498
-3.66854 3.38691 -2.87964
-3.70043 3.37742 -2.85242
-3.7349 3.36705 -2.84928
-3.77202 3.35682 -2.87286
-3.79088 3.35226 -2.90417
-3.81402 3.34688 -2.91305
-3.83277 3.3429 -2.93293
-3.85294 3.33896 -2.94835
-3.86762 3.33619 -2.95508
-3.88993 3.33131 -2.92639
-3.90029 3.32883 -2.90632
-3.91217 3.32611 -2.91643
-3.91986 3.32428 -2.90826
-3.93461 3.32068 -2.90226
-3.94882 3.3174 -2.91441
-3.95399 3.31617 -2.90822
-3.96418 3.31386 -2.9191
-3.98074 3.31053 -2.943
-3.99402 3.30875 -3.00873
-4.00858 3.30685 -3.0119
-4.01765 3.30635 -3.08585
-4.02559 3.30598 -3.09561
-4.02825 3.30591 -3.11508
-4.0438 3.3055 -3.1149
-4.05046 3.30534 -3.11821
-4.05716 3.30504 -3.09717
-4.06908 3.30442 -3.08949
-4.07895 3.30357 -3.05539
-4.08609 3.30276 -3.02875
-4.10026 3.30176 -3.07091
-4.11509 3.30074 -3.07316
-4.1287 3.3003 -3.109
-4.14079 3.29957 -3.08176
-4.15157 3.29928 -3.11409
-4.15795 3.29937 -3.15639
-4.15906 3.2994 3.11424
-4.16834 3.30001 3.07595
-4.17493 3.3005 3.06776
-4.18164 3.30118 3.03967
-4.18932 3.30223 3.00601
-4.19346 3.30279 3.00885
-4.20694 3.30492 2.9848
True
0.066384
