-5.46944 -0.558231 0.317924
-5.42667 -0.541523 0.372384
-5.38034 -0.523799 0.365427
-5.34413 -0.508346 0.403364
-5.29761 -0.490107 0.373605
-5.25162 -0.470545 0.402158
-5.20565 -0.451285 0.396787
-5.1599 -0.431233 0.413046
-5.1146 -0.411369 0.413256
-5.07554 -0.395641 0.382857
-5.02981 -0.37827 0.362945
-4.98524 -0.362093 0.348218
-4.93858 -0.346838 0.315968
-4.89372 -0.333089 0.297427
-4.84876 -0.320763 0.267576
-4.80073 -0.307353 0.272276
-4.76403 -0.296236 0.294127
-4.71999 -0.280797 0.337154
-4.68217 -0.265018 0.395221
-4.64461 -0.251263 0.351108
-4.59725 -0.235228 0.32647
-4.55371 -0.219533 0.345954
-4.51343 -0.202884 0.391914
-4.47026 -0.189136 0.308311
-4.42509 -0.173943 0.324504
-4.37762 -0.159772 0.290079
-4.32997 -0.144649 0.3073
-4.28232 -0.132451 0.250647
-4.23755 -0.119833 0.274728
-4.19887 -0.109402 0.263355
-4.15086 -0.0973726 0.245497
-4.10599 -0.085572 0.257189
-4.06065 -0.0742198 0.245334
-4.01648 -0.0628931 0.251049
-3.97115 -0.0498518 0.280094
-3.92768 -0.0369892 0.287735
-3.88539 -0.0247015 0.282743
-3.83771 -0.0098755 0.301472
-3.78953 0.000922076 0.220469
-3.74332 0.0111968 0.218791
-3.70108 0.0219852 0.250038
-3.6531 0.035326 0.271232
-3.60923 0.048812 0.298249
-3.56173 0.0637986 0.305632
-3.51935 0.07603 0.280971
-3.47271 0.0925103 0.339656
-3.4249 0.107133 0.2968
-3.37947 0.121975 0.315758
-3.33277 0.136097 0.29366
-3.2884 0.149947 0.302553
-3.24345 0.165265 0.328455
-3.19542 0.179084 0.280149
-3.14732 0.19235 0.26909
-3.09971 0.207582 0.309675
-3.05261 0.22222 0.301313
-3.00551 0.2362 0.288526
-2.96442 0.247315 0.264181
-2.91787 0.25955 0.257007
-2.87206 0.272837 0.282304
-2.82885 0.286323 0.30252
-2.7853 0.299025 0.283771
-2.73734 0.313149 0.286407
-2.68941 0.326198 0.26585
-2.64724 0.340053 0.317418
-2.60083 0.354361 0.299058
-2.57181 0.361984 0.256882
-2.53034 0.37274 0.253782
-2.48272 0.383606 0.224327
-2.43384 0.392274 0.175509
-2.39496 0.400305 0.203695
-2.34637 0.411409 0.224638
-2.30276 0.421687 0.231469
-2.25417 0.433412 0.236777
-2.20638 0.444552 0.229044
-2.15716 0.453354 0.17695
-2.11178 0.463163 0.212869
-2.06261 0.472191 0.181602
-2.01452 0.480331 0.167662
-1.96731 0.488131 0.163717
-1.91892 0.498572 0.212551
-1.87203 0.507646 0.191148
-1.8241 0.516386 0.180338
-1.77527 0.526227 0.198876
-1.72684 0.536097 0.201066
-1.67787 0.544056 0.161116
-1.62876 0.552829 0.176785
-1.57976 0.562694 0.198657
-1.53197 0.570698 0.165951
-1.48242 0.577118 0.128829
-1.43935 0.581438 0.0999879
-1.40082 0.585499 0.105024
-1.36105 0.589631 0.103499
-1.31343 0.593186 0.0745177
-1.26969 0.5989 0.129907
-1.22599 0.603426 0.103215
-1.18624 0.610249 0.169993
-1.1374 0.620942 0.215521
-1.08818 0.629297 0.168143
-1.04713 0.636618 0.176468
-1.00634 0.643086 0.157298
-0.956987 0.650303 0.145181
-0.907549 0.657694 0.148401
-0.8603 0.664346 0.139885
-0.819391 0.670754 0.155378
-0.769941 0.677971 0.144911
-0.730303 0.68441 0.161033
-0.68136 0.690383 0.121448
-0.638177 0.695849 0.125897
-0.590893 0.701764 0.124454
-0.544294 0.708502 0.143591
-0.50063 0.714486 0.136213
-0.451467 0.723445 0.180246
-0.402383 0.7309 0.150727
-0.352919 0.735595 0.0946385
-0.303659 0.741921 0.127716
-0.262447 0.748694 0.162908
-0.217164 0.756329 0.167032
-0.16796 0.76493 0.173056
-0.126618 0.774721 0.23253
-0.0839958 0.785208 0.241252
-0.0363509 0.798265 0.267489
0.00253682 0.808433 0.255753
0.0472783 0.819586 0.24429
0.0963545 0.828494 0.179559
0.14284 0.838941 0.221059
0.18623 0.848045 0.206828
0.235411 0.856989 0.179892
0.284904 0.86409 0.142503
0.33219 0.872412 0.17421
0.381276 0.881104 0.175261
0.430329 0.889807 0.175586
0.47908 0.898489 0.176242
0.528077 0.907563 0.183125
0.564709 0.913654 0.164771
0.613831 0.922949 0.187008
0.659992 0.927845 0.105659
0.703977 0.935951 0.182262
0.752154 0.94458 0.177216
0.794774 0.95178 0.167356
0.839143 0.95921 0.165923
0.882866 0.96831 0.205194
0.93114 0.980837 0.2539
0.978806 0.995006 0.288932
1.02024 1.00576 0.253922
1.06409 1.01856 0.284079
1.11087 1.0359 0.354942
1.15675 1.05196 0.336624
1.2013 1.06766 0.339
1.24282 1.08321 0.358309
1.28865 1.10113 0.372714
1.32374 1.11438 0.361021
1.36992 1.13265 0.376748
1.41204 1.14832 0.356034
1.45401 1.16451 0.368351
1.48748 1.17798 0.382622
1.53283 1.19836 0.422178
1.5721 1.21748 0.453281
1.60981 1.23517 0.438467
1.6549 1.25549 0.423553
1.69691 1.27512 0.437077
1.74264 1.29525 0.414606
1.78197 1.31008 0.360692
1.82743 1.3309 0.429354
1.8679 1.3474 0.387168
1.9134 1.36571 0.382685
1.95909 1.38529 0.404866
2.00241 1.40575 0.441279
2.04802 1.42536 0.406026
2.09439 1.44404 0.382814
2.13728 1.46165 0.389638
2.1837 1.47981 0.372884
2.23095 1.49596 0.329431
2.27355 1.51144 0.348476
2.3178 1.52973 0.391992
2.36443 1.54748 0.363752
2.4106 1.56667 0.393915
2.45202 1.58477 0.411945
2.49534 1.6028 0.394354
2.54196 1.62055 0.363836
2.5848 1.63359 0.295475
2.63256 1.64577 0.249754
2.67816 1.65351 0.168
2.72513 1.66631 0.266212
2.7731 1.67853 0.249299
2.82 1.69215 0.282622
2.86647 1.70834 0.33537
2.91088 1.72766 0.410255
2.95521 1.74955 0.458701
2.99224 1.76763 0.454177
3.0323 1.7875 0.46043
3.07164 1.80794 0.479301
3.11358 1.83024 0.488542
3.15021 1.85222 0.540343
3.18985 1.87442 0.510584
3.22878 1.89564 0.49916
3.26538 1.91493 0.485138
3.29868 1.93191 0.471398
3.34032 1.95535 0.51263
3.38159 1.97797 0.501438
3.42469 2.00066 0.484542
3.46739 2.0224 0.471036
3.49802 2.03725 0.451312
3.53631 2.05578 0.450927
3.57747 2.07609 0.458238
3.62137 2.0968 0.440729
3.65908 2.11469 0.443019
3.68952 2.12935 0.448776
3.72295 2.14704 0.486891
3.7534 2.1623 0.464518
3.78097 2.17556 0.448286
3.80192 2.18574 0.452312
3.83895 2.20253 0.425652
3.87747 2.22034 0.433172
3.90817 2.23697 0.496251
3.94497 2.25638 0.485425
3.97499 2.27382 0.526353
4.00535 2.29089 0.512077
4.02103 2.29898 0.47677
4.03583 2.30687 0.489758
4.05588 2.31721 0.475942
4.08231 2.3307 0.471993
4.09961 2.33986 0.486928
4.11771 2.34862 0.45087
4.14451 2.36132 0.44244
4.16134 2.36885 0.421041
4.17624 2.37551 0.419934
4.18382 2.37892 0.422542
4.20455 2.38713 0.377091
4.22745 2.39603 0.370742
4.24835 2.40353 0.344362
4.27783 2.41464 0.360624
4.31061 2.42639 0.344203
4.32445 2.43144 0.349754
4.36319 2.44556 0.349421
4.3715 2.44838 0.327206
4.40167 2.45589 0.244089
4.43933 2.46584 0.258378
4.47051 2.47453 0.271608
4.51109 2.48566 0.267759
4.54775 2.49698 0.299507
4.57864 2.50608 0.2864
4.60415 2.51237 0.241878
4.63199 2.51933 0.244787
4.6641 2.52787 0.260123
4.67939 2.53314 0.331612
4.69869 2.53976 0.330732
4.70339 2.5413 0.315551
4.70928 2.54289 0.264614
4.71337 2.54397 0.256865
4.72458 2.54722 0.282124
4.73892 2.55186 0.312878
4.75387 2.55719 0.342544
4.76478 2.56134 0.363769
4.77929 2.56649 0.340724
4.78378 2.56815 0.355826
4.79374 2.57149 0.322903
4.79616 2.57227 0.314551
4.81069 2.57701 0.31534
4.82394 2.5807 0.27123
4.83056 2.58248 0.262168
4.83918 2.58495 0.279201
4.84753 2.58735 0.280193
4.87332 2.59414 0.257407
4.90454 2.60345 0.289854
4.92192 2.60834 0.274423
4.93684 2.61177 0.225964
4.96505 2.61916 0.25613
4.97889 2.62318 0.282516
4.99515 2.62776 0.274308
5.0072 2.63112 0.272017
5.01629 2.63348 0.254735
5.03335 2.63869 0.2964
5.06006 2.64605 0.268692
5.07636 2.65055 0.269254
5.09158 2.65384 0.213188
5.0965 2.65451 0.13542
5.10223 2.65522 0.122541
5.11328 2.65616 0.0855435
5.12273 2.65705 0.0937781
5.12522 2.6573 0.0996979
5.13233 2.65812 0.114914
5.14677 2.65992 0.123985
5.1445 2.65959 0.144968
5.14606 2.65991 0.202709
5.15142 2.66122 0.240186
5.15671 2.66266 0.265839
5.165 2.6647 0.240418
5.1697 2.66571 0.213281
5.17948 2.6676 0.190264
5.19791 2.6713 0.19824
5.20623 2.6731 0.213416
5.20683 2.67321 0.181243
5.2255 2.67668 0.183659
5.22857 2.67732 0.205275
True
0.26401
