-5.45083 -0.224185 -0.145688
-5.4124 -0.230033 -0.151023
-5.37034 -0.239176 -0.214058
-5.32324 -0.247807 -0.181235
-5.28224 -0.255464 -0.184603
-5.23593 -0.263816 -0.178448
-5.19532 -0.271335 -0.183067
-5.15274 -0.28053 -0.212687
-5.10392 -0.290287 -0.197264
-5.05514 -0.300835 -0.212962
-5.00663 -0.312527 -0.236486
-4.95863 -0.321677 -0.188397
-4.90945 -0.330606 -0.179571
-4.86336 -0.338562 -0.170938
-4.81893 -0.347469 -0.19787
-4.76983 -0.356904 -0.189849
-4.72774 -0.36487 -0.187023
-4.68301 -0.372611 -0.171382
-4.6482 -0.379401 -0.19263
-4.60722 -0.38861 -0.221052
-4.56121 -0.397481 -0.190462
-4.51251 -0.408717 -0.226747
-4.46714 -0.416342 -0.166497
-4.41965 -0.423644 -0.152572
-4.37055 -0.43252 -0.178829
-4.32118 -0.440448 -0.159252
-4.27218 -0.446533 -0.123544
-4.22438 -0.453133 -0.1372
-4.17565 -0.460133 -0.142695
-4.12688 -0.469139 -0.182598
-4.08243 -0.477616 -0.188433
-4.03464 -0.486 -0.173664
-3.9982 -0.490212 -0.115088
-3.94967 -0.499212 -0.183376
-3.90725 -0.505824 -0.154597
-3.86111 -0.514321 -0.18213
-3.82024 -0.522907 -0.207063
-3.77242 -0.533994 -0.227808
-3.73374 -0.54204 -0.205116
-3.6943 -0.550227 -0.20468
-3.6459 -0.560089 -0.201002
-3.60193 -0.569689 -0.214946
-3.55347 -0.580623 -0.221924
-3.50433 -0.587334 -0.135705
-3.45515 -0.594055 -0.135849
-3.40633 -0.602031 -0.161926
-3.35688 -0.609438 -0.148686
-3.30798 -0.617542 -0.164237
-3.26012 -0.62699 -0.194924
-3.22422 -0.632923 -0.163733
-3.17495 -0.640152 -0.14571
-3.1384 -0.646002 -0.15867
-3.09111 -0.656127 -0.210925
-3.0421 -0.664236 -0.164007
-2.99415 -0.67355 -0.19182
-2.96069 -0.678074 -0.134402
-2.91396 -0.681123 -0.0651462
-2.86449 -0.688247 -0.143026
-2.82775 -0.693136 -0.132305
-2.78181 -0.697891 -0.103128
-2.73601 -0.702898 -0.108895
-2.68843 -0.711015 -0.16898
-2.64084 -0.717986 -0.145446
-2.59499 -0.725414 -0.160583
-2.54873 -0.731438 -0.129503
-2.5038 -0.735473 -0.0895799
-2.45525 -0.741654 -0.126609
-2.40599 -0.747951 -0.127156
-2.35666 -0.755694 -0.155689
-2.31946 -0.762514 -0.181286
-2.28282 -0.768611 -0.164945
-2.23427 -0.777421 -0.179484
-2.18648 -0.785644 -0.170386
-2.13722 -0.792808 -0.144433
-2.08833 -0.802638 -0.1984
-2.03936 -0.809938 -0.147987
-1.9906 -0.818642 -0.176638
-1.94583 -0.827622 -0.197982
-1.90263 -0.833587 -0.137183
-1.85416 -0.841229 -0.156394
-1.80573 -0.846124 -0.10072
-1.75917 -0.850529 -0.0943563
-1.71053 -0.853393 -0.0588087
-1.66959 -0.856165 -0.0675966
-1.63153 -0.859156 -0.0784244
-1.598 -0.862102 -0.0876345
-1.54819 -0.86544 -0.0669176
-1.50269 -0.868146 -0.0594095
-1.45288 -0.870406 -0.0453289
-1.40313 -0.872022 -0.0324738
-1.35645 -0.872176 -0.00330248
-1.31192 -0.874115 -0.0435202
-1.27687 -0.874644 -0.015092
-1.22898 -0.876756 -0.0440489
-1.17959 -0.881555 -0.0968888
-1.13216 -0.885982 -0.0930392
-1.08401 -0.888942 -0.0614065
-1.03428 -0.892539 -0.0722179
-0.989906 -0.895852 -0.0745158
-0.942556 -0.897335 -0.0313098
-0.897256 -0.897032 0.00669962
-0.849995 -0.896704 0.00693231
-0.800795 -0.89586 0.0171595
-0.763793 -0.895881 -0.000573022
-0.721994 -0.896387 -0.0121169
-0.676789 -0.895316 0.0236841
-0.640106 -0.895289 0.000744436
-0.590909 -0.897636 -0.047672
-0.54095 -0.899588 -0.0390419
-0.500252 -0.900183 -0.0146299
-0.456755 -0.900226 -0.000977715
-0.40686 -0.903415 -0.0638369
-0.357149 -0.908108 -0.0941323
-0.314237 -0.912515 -0.102337
-0.264669 -0.917382 -0.0978756
-0.225257 -0.920588 -0.0811598
-0.188412 -0.922639 -0.055604
-0.138539 -0.925529 -0.0578862
-0.0888558 -0.929262 -0.0749974
-0.0417425 -0.931935 -0.0566749
0.00764305 -0.934093 -0.0436681
0.0567805 -0.937311 -0.0653924
0.100048 -0.939964 -0.0612437
0.148912 -0.942179 -0.0452964
0.198765 -0.945979 -0.0760725
0.241739 -0.949121 -0.0729765
0.279291 -0.953785 -0.123575
0.326603 -0.958459 -0.0984826
0.370711 -0.962157 -0.0836446
0.420439 -0.964838 -0.0538503
0.466439 -0.968022 -0.0691162
0.515583 -0.970371 -0.0477661
0.563505 -0.971603 -0.0256993
0.61339 -0.974105 -0.0501093
0.662283 -0.976111 -0.0410004
0.711523 -0.979166 -0.0619694
0.752229 -0.982854 -0.090346
0.801646 -0.988342 -0.110617
0.851356 -0.993193 -0.0972692
0.901158 -0.996836 -0.0730236
0.950231 -1.00177 -0.100131
0.999849 -1.00656 -0.096284
1.04718 -1.01231 -0.12094
1.09693 -1.01575 -0.0689819
1.14606 -1.01909 -0.0679569
1.19077 -1.02456 -0.121751
1.23978 -1.03068 -0.124192
1.28403 -1.03732 -0.148888
1.33225 -1.04374 -0.132446
1.38154 -1.05178 -0.161711
1.43081 -1.05933 -0.151993
1.47963 -1.06804 -0.176524
1.52863 -1.07788 -0.198143
1.56959 -1.08739 -0.228263
1.60578 -1.09452 -0.194419
1.6438 -1.10103 -0.169583
1.68902 -1.10873 -0.168624
1.73879 -1.11337 -0.0929618
1.7841 -1.11925 -0.129043
1.82767 -1.12468 -0.124049
1.87687 -1.13246 -0.156881
1.92541 -1.13999 -0.153822
1.96397 -1.14719 -0.18463
2.01267 -1.15708 -0.20033
2.06077 -1.16689 -0.20123
2.10966 -1.17506 -0.165628
2.14429 -1.18193 -0.195816
2.1932 -1.1923 -0.208961
2.23842 -1.2027 -0.22598
2.28621 -1.21292 -0.210571
2.33118 -1.22384 -0.238267
2.37961 -1.23573 -0.2408
2.42848 -1.24603 -0.207772
2.47456 -1.25616 -0.216392
2.52312 -1.26447 -0.169439
2.56371 -1.27106 -0.161106
2.60558 -1.2781 -0.166352
2.65497 -1.28468 -0.132601
2.70225 -1.29294 -0.172781
2.75136 -1.30039 -0.150733
2.80085 -1.30749 -0.142463
2.84717 -1.31466 -0.153431
2.88936 -1.32161 -0.16341
2.92924 -1.32798 -0.158406
2.97402 -1.33443 -0.14301
3.01542 -1.3397 -0.126694
3.0608 -1.34778 -0.176126
3.10893 -1.35548 -0.158661
3.15703 -1.36325 -0.160088
3.20589 -1.37036 -0.144637
3.24537 -1.37626 -0.148126
3.29215 -1.38429 -0.170177
3.34065 -1.39175 -0.152435
3.38311 -1.39794 -0.144792
3.42901 -1.40416 -0.134735
3.47098 -1.4103 -0.145245
3.51975 -1.41764 -0.149376
3.55897 -1.42408 -0.16271
3.60606 -1.42991 -0.123168
3.65397 -1.43393 -0.0838621
3.68896 -1.43674 -0.0800753
3.71811 -1.44095 -0.143409
3.75436 -1.44709 -0.167885
3.79199 -1.45363 -0.171887
3.81978 -1.4599 -0.222003
3.85811 -1.46938 -0.24249
3.90172 -1.48016 -0.242375
3.92733 -1.48743 -0.276693
3.96659 -1.49747 -0.250215
3.9963 -1.50496 -0.247043
4.01459 -1.51019 -0.278445
4.03572 -1.51552 -0.246897
4.06603 -1.52202 -0.211585
4.09317 -1.52959 -0.27178
4.12133 -1.53628 -0.233267
4.16401 -1.54382 -0.174854
4.20446 -1.54931 -0.134934
4.248 -1.55401 -0.107582
4.28951 -1.55805 -0.0969218
4.3308 -1.56376 -0.137466
4.36381 -1.56961 -0.175394
4.39188 -1.57513 -0.194139
4.42221 -1.58173 -0.214354
4.43959 -1.58562 -0.220077
4.46624 -1.59097 -0.198142
4.48494 -1.59536 -0.230403
4.51053 -1.60054 -0.199659
4.52724 -1.604 -0.204159
4.54477 -1.60706 -0.173238
4.55872 -1.60937 -0.164114
4.57537 -1.61189 -0.149696
4.58741 -1.61408 -0.180079
4.60654 -1.61758 -0.180833
4.62153 -1.61998 -0.158841
4.63584 -1.62231 -0.16152
4.65328 -1.62526 -0.167675
4.67709 -1.62888 -0.1511
4.70497 -1.63342 -0.161202
4.72467 -1.63669 -0.16452
4.7699 -1.64331 -0.145262
4.78244 -1.64528 -0.156077
4.80323 -1.64856 -0.156516
4.83208 -1.65347 -0.168629
4.86868 -1.65916 -0.154068
4.89552 -1.66385 -0.173326
4.91345 -1.66765 -0.208824
4.92866 -1.67114 -0.225014
4.93499 -1.67255 -0.219083
4.9482 -1.67589 -0.247851
4.96467 -1.6796 -0.221887
4.98643 -1.68452 -0.222125
4.99691 -1.68688 -0.221707
5.01106 -1.69027 -0.235243
5.02067 -1.69257 -0.234937
5.0185 -1.69198 -0.267779
5.03894 -1.6976 -0.268627
5.03489 -1.69636 -0.298663
5.04648 -1.70018 -0.318261
5.04991 -1.70138 -0.33737
5.0545 -1.70312 -0.361547
5.05553 -1.70349 -0.349901
5.06304 -1.70609 -0.33355
5.08465 -1.71265 -0.294685
5.10391 -1.71796 -0.26892
5.12546 -1.72276 -0.219316
5.14117 -1.72656 -0.237428
5.15076 -1.72886 -0.234671
5.15299 -1.72939 -0.234215
5.16577 -1.73255 -0.242145
5.17351 -1.73475 -0.277007
5.17647 -1.73556 -0.26959
5.17852 -1.73613 -0.271623
5.18168 -1.73713 -0.304273
5.19089 -1.74017 -0.319394
5.19341 -1.7411 -0.35093
5.20799 -1.74602 -0.325513
5.21534 -1.74853 -0.32954
5.21989 -1.75006 -0.324382
5.23435 -1.75463 -0.305979
True
0.262238
