4.47547 0.0113432 2.70844
4.45648 0.0216816 2.643
4.42509 0.0397494 2.6193
4.42063 0.0426182 2.57014
4.39827 0.0594461 2.49647
4.35824 0.0894052 2.49911
4.32133 0.123077 2.40208
4.28858 0.155007 2.36878
4.25589 0.186752 2.37091
4.23729 0.204352 2.38377
4.22247 0.218367 2.38421
4.20377 0.236174 2.38072
4.17346 0.266987 2.3479
4.1395 0.303646 2.31806
4.10569 0.339989 2.32011
4.07876 0.372054 2.26937
4.05277 0.406856 2.21208
4.02358 0.444019 2.2367
4.00349 0.471296 2.2057
3.97443 0.510823 2.2047
3.94588 0.549597 2.20544
3.9186 0.591484 2.14806
3.90079 0.621198 2.11089
3.87659 0.662592 2.09985
3.86189 0.687828 2.09817
3.83836 0.731943 2.06083
3.81648 0.77689 2.02379
3.79997 0.812879 2.00087
3.78259 0.859757 1.92578
3.76849 0.896876 1.93393
3.76296 0.914422 1.87607
3.75301 0.946617 1.87054
3.74238 0.984025 1.84759
3.72812 1.03195 1.86011
3.71621 1.07364 1.84894
3.7019 1.11828 1.881
3.68935 1.16024 1.8615
3.6752 1.20813 1.85806
3.66387 1.24698 1.85454
3.64942 1.29274 1.87664
3.63347 1.34007 1.89582
3.61859 1.38197 1.91216
3.60125 1.42882 1.92514
3.58175 1.47431 1.97596
3.56914 1.50359 1.97735
3.55663 1.53656 1.93358
3.54271 1.57108 1.95394
3.5274 1.60439 2.00151
3.51186 1.63829 2.00071
3.49275 1.67905 2.0092
3.47452 1.71318 2.06147
3.45178 1.75771 2.0428
3.42849 1.80169 2.058
3.40476 1.84446 2.07725
3.38047 1.88458 2.11507
3.35463 1.92313 2.16139
3.32772 1.96521 2.13982
3.30165 2.00771 2.12105
3.27885 2.04173 2.16124
3.25472 2.07841 2.15258
3.22961 2.11238 2.20737
3.20091 2.15191 2.19866
3.17553 2.18645 2.20465
3.15049 2.2242 2.15651
3.12619 2.25858 2.18603
3.09667 2.29843 2.20825
3.06851 2.33198 2.26908
3.03963 2.36863 2.23835
3.01946 2.39173 2.28863
2.98599 2.42773 2.31962
2.95415 2.46071 2.33858
2.9198 2.49696 2.32933
2.88567 2.5335 2.32205
2.85386 2.56604 2.34486
2.81977 2.60151 2.33653
2.78501 2.63621 2.35699
2.75275 2.67274 2.29425
2.71744 2.70811 2.35521
2.6845 2.74049 2.36488
2.6529 2.77081 2.37682
2.61791 2.80652 2.34594
2.58399 2.84322 2.31702
2.55408 2.87305 2.35752
2.51918 2.90792 2.35656
2.48319 2.94062 2.40417
2.45343 2.97037 2.3562
2.42086 3.00069 2.39198
2.38438 3.03486 2.38887
2.34774 3.06889 2.39312
2.3084 3.09974 2.4765
2.27558 3.12569 2.47252
2.23567 3.15557 2.49902
2.20887 3.17561 2.49969
2.16664 3.20238 2.57644
2.1242 3.22737 2.60959
2.07918 3.24913 2.69132
2.03593 3.2707 2.67894
2.00051 3.28816 2.68367
1.95527 3.30944 2.70183
1.91194 3.32948 2.7084
1.86926 3.34882 2.71622
1.82402 3.36914 2.71947
1.77899 3.38979 2.71155
1.74091 3.40936 2.66674
1.69681 3.43102 2.68512
1.65915 3.44982 2.67849
1.61781 3.4708 2.67202
1.57319 3.49009 2.73361
1.54313 3.5015 2.77885
1.50052 3.51815 2.769
1.45383 3.53602 2.7761
1.41835 3.54951 2.77832
1.37473 3.56639 2.77224
1.32863 3.58477 2.7622
1.28261 3.60393 2.74706
1.23772 3.62234 2.75253
1.19174 3.64139 2.74881
1.15149 3.65685 2.7748
1.10499 3.67518 2.76602
1.05835 3.69225 2.79077
1.01079 3.70692 2.84249
0.962956 3.72027 2.86942
0.930026 3.72984 2.85881
0.88467 3.73911 2.93991
0.842052 3.74654 2.96906
0.793372 3.75502 2.96909
0.744057 3.76282 2.98477
0.706972 3.7673 3.02135
0.657657 3.77544 2.97804
0.608962 3.78268 2.99385
0.560169 3.78872 3.01855
0.515916 3.79451 3.01134
0.473593 3.80015 3.00915
0.424027 3.80652 3.01378
0.374439 3.81238 3.02405
0.325088 3.81959 2.99657
0.276635 3.8239 3.05282
0.229021 3.82774 3.06107
0.183528 3.8321 3.04616
0.133911 3.83822 3.0187
0.0856017 3.84348 3.03322
0.0480644 3.8492 2.99047
0.00116917 3.85404 3.03872
-0.0441081 3.85864 3.04028
-0.090563 3.86407 3.02517
-0.138189 3.86794 3.06061
-0.187839 3.87098 3.08039
-0.227485 3.8737 3.07304
-0.277397 3.87451 3.12535
-0.327092 3.87665 3.09864
-0.377033 3.87733 3.12803
-0.42533 3.87768 3.13427
-0.465443 3.87806 3.13206
-0.512212 3.87869 3.12826
-0.561104 3.87952 3.1246
-0.609348 3.88087 3.11358
-0.657812 3.88237 3.1106
-0.707757 3.88419 3.10526
-0.754318 3.88504 3.12318
-0.804281 3.88401 3.16239
-0.852024 3.88093 -3.07733
-0.898321 3.87821 -3.08286
-0.938845 3.87509 -3.06473
-0.987794 3.87305 -3.09988
-1.03754 3.86809 -3.04227
-1.08603 3.86335 -3.04407
-1.13404 3.85859 -3.04275
-1.17815 3.85557 -3.07328
-1.228 3.85286 -3.08726
-1.27625 3.85099 -3.10296
-1.32259 3.84703 -3.05622
-1.37064 3.84186 -3.0346
-1.41509 3.83783 -3.05119
-1.46275 3.83457 -3.07327
-1.50155 3.82991 -3.02193
-1.54621 3.82545 -3.04217
-1.59588 3.82078 -3.04772
-1.6454 3.8144 -3.01358
-1.69504 3.8086 -3.02522
-1.73839 3.80294 -3.01181
-1.7864 3.79685 -3.01539
-1.83175 3.79192 -3.03326
-1.86568 3.79005 -3.08651
-1.91372 3.78708 -3.07985
-1.95028 3.78389 -3.05454
-1.99493 3.78021 -3.05951
-2.04209 3.77573 -3.04684
-2.08968 3.77004 -3.02252
-2.13276 3.76481 -3.02076
-2.16528 3.75941 -2.97705
-2.20743 3.75343 -3.00063
-2.25674 3.74693 -3.01062
-2.30339 3.74279 -3.05314
-2.35319 3.74041 -3.09369
-2.39723 3.73765 -3.07909
-2.43837 3.73404 -3.05403
-2.45641 3.73127 -2.98922
-2.4897 3.72554 -2.97127
-2.53283 3.71748 -2.95672
-2.57351 3.70937 -2.9448
-2.60038 3.70314 -2.91391
-2.63833 3.69431 -2.91293
-2.67429 3.68557 -2.90331
-2.70346 3.67851 -2.90419
-2.74176 3.66741 -2.85928
-2.77344 3.65828 -2.86115
-2.7818 3.65625 -2.903
-2.79704 3.65262 -2.90795
-2.82251 3.64774 -2.95232
-2.84205 3.64447 -2.97555
-2.87462 3.64057 -3.02237
-2.89874 3.63781 -3.02782
-2.9064 3.63698 -3.03436
-2.91087 3.63669 -3.07515
-2.91916 3.63574 -3.02741
-2.92828 3.63459 -3.01658
-2.96049 3.6296 -2.98775
-3.00452 3.6231 -2.99522
-3.04384 3.61914 -3.04111
-3.06417 3.6175 -3.06097
-3.10542 3.61497 -3.08036
-3.1451 3.6126 -3.08198
-3.18126 3.61163 -3.1149
-3.21007 3.61121 -3.127
-3.24782 3.61247 -3.17488
-3.29011 3.61496 3.08292
-3.33617 3.61621 3.11428
-3.37252 3.61697 3.12078
-3.39815 3.61671 3.15173
-3.42514 3.61665 -3.1394
-3.46505 3.61701 -3.15055
-3.49715 3.61699 3.14214
-3.51758 3.61656 -3.12062
-3.53142 3.61576 -3.08397
-3.56162 3.6137 -3.07323
-3.58733 3.61073 -3.02673
-3.62074 3.60637 -3.01187
-3.65749 3.60193 -3.02137
-3.69248 3.599 -3.05808
-3.71699 3.59683 -3.0533
-3.75027 3.59301 -3.02712
-3.78188 3.59016 -3.0517
-3.81031 3.58633 -3.0077
-3.83556 3.58056 -2.91702
-3.87064 3.57036 -2.85852
-3.9125 3.55907 -2.87831
-3.9553 3.54623 -2.84996
-3.98509 3.53661 -2.82946
-4.01501 3.52641 -2.81295
-4.04186 3.51659 -2.79112
-4.06045 3.5094 -2.77233
-4.07911 3.50204 -2.76596
-4.10023 3.49458 -2.80193
-4.12335 3.48745 -2.84239
-4.12804 3.48593 -2.82834
-4.13379 3.48414 -2.84099
-4.14523 3.48048 -2.83177
-4.15911 3.47677 -2.8804
-4.16443 3.47539 -2.88804
-4.1744 3.47311 -2.91643
-4.1868 3.47018 -2.90933
-4.19302 3.46862 -2.89682
-4.20665 3.46565 -2.92643
True
0.0699253
