-5.46256 -0.158678 0.19306
-5.41396 -0.146913 0.23753
-5.37649 -0.139035 0.207223
-5.33359 -0.130454 0.197405
-5.2849 -0.120735 0.197041
-5.23945 -0.11112 0.208474
-5.19089 -0.0992322 0.240072
-5.1429 -0.0883297 0.223405
-5.09507 -0.079003 0.19258
-5.04607 -0.0695227 0.191105
-4.99679 -0.0623031 0.145466
-4.94995 -0.0544046 0.167049
-4.90045 -0.0474631 0.139339
-4.86189 -0.0401591 0.187163
-4.82961 -0.0351514 0.15392
-4.78422 -0.0298452 0.116388
-4.73657 -0.0205647 0.192339
-4.70963 -0.0154852 0.186363
-4.66214 -0.00643803 0.188263
-4.61542 0.000446551 0.146306
-4.56601 0.00756027 0.142989
-4.52534 0.0143692 0.165877
-4.47921 0.0225232 0.174963
-4.43108 0.0321035 0.19646
-4.38257 0.0406787 0.17497
-4.33359 0.0504255 0.196436
-4.28615 0.0595718 0.190469
-4.23723 0.0687921 0.186298
-4.18933 0.0756057 0.141299
-4.14619 0.0808607 0.121217
-4.10296 0.086368 0.126687
-4.06372 0.0893223 0.075153
-4.01674 0.0944098 0.107871
-3.97014 0.0971174 0.0580376
-3.92443 0.102415 0.115375
-3.87527 0.109143 0.136013
-3.82649 0.114374 0.106828
-3.77747 0.120106 0.11642
-3.73008 0.124856 0.0998759
-3.68103 0.13351 0.174672
-3.63969 0.139505 0.144006
-3.59598 0.14631 0.154425
-3.55035 0.15244 0.133564
-3.50538 0.15856 0.135246
-3.45669 0.163922 0.109688
-3.40851 0.168602 0.0968336
-3.3643 0.171666 0.0691955
-3.31671 0.175866 0.0880333
-3.27048 0.180279 0.0951618
-3.22818 0.18609 0.136498
-3.18046 0.191963 0.122466
-3.13562 0.198762 0.150493
-3.09323 0.205121 0.148877
-3.04473 0.211885 0.138591
-2.99651 0.219831 0.163302
-2.94721 0.226319 0.13086
-2.90495 0.233122 0.159615
-2.85614 0.242953 0.198724
-2.81334 0.250917 0.183995
-2.77391 0.25734 0.161478
-2.7273 0.265745 0.178414
-2.67935 0.274643 0.183457
-2.63458 0.281889 0.16048
-2.59424 0.289001 0.174513
-2.5484 0.296121 0.154089
-2.51098 0.300809 0.124598
-2.46172 0.30896 0.16401
-2.4129 0.316998 0.163164
-2.36382 0.326545 0.19214
-2.3154 0.335982 0.192489
-2.26853 0.344449 0.178713
-2.22064 0.353855 0.193929
-2.17165 0.363808 0.200455
-2.1273 0.372938 0.20304
-2.08173 0.381922 0.194625
-2.03281 0.391225 0.187916
-1.9836 0.398696 0.150673
-1.93426 0.406059 0.148152
-1.88582 0.418416 0.249754
-1.84101 0.427296 0.195618
-1.79164 0.43489 0.15264
-1.74245 0.443045 0.164297
-1.69356 0.450259 0.146496
-1.65244 0.455714 0.13187
-1.60535 0.462059 0.13395
-1.55783 0.467887 0.122017
-1.50965 0.475803 0.162834
-1.46682 0.483583 0.179716
-1.41852 0.493213 0.196779
-1.37004 0.503027 0.199764
-1.3282 0.511245 0.193943
-1.28189 0.521396 0.215782
-1.23459 0.535683 0.293309
-1.1862 0.547247 0.234575
-1.14337 0.556882 0.221308
-1.09776 0.56803 0.239737
-1.04963 0.581486 0.272567
-1.01159 0.591484 0.257038
-0.966361 0.602777 0.24469
-0.917918 0.613788 0.2235
-0.869438 0.625448 0.236025
-0.822816 0.637495 0.252871
-0.774975 0.647521 0.206582
-0.726366 0.658804 0.228072
-0.67927 0.671818 0.269608
-0.631325 0.684055 0.249881
-0.595072 0.693919 0.26566
-0.551515 0.705022 0.249603
-0.504634 0.71589 0.227791
-0.456084 0.727727 0.239139
-0.407416 0.737958 0.207216
-0.358565 0.748606 0.214599
-0.318037 0.756657 0.196094
-0.269669 0.766554 0.201849
-0.220659 0.775611 0.18273
-0.17151 0.783614 0.161421
-0.122326 0.791881 0.166528
-0.0734235 0.799938 0.163293
-0.0306783 0.806385 0.149696
0.0181221 0.811493 0.10429
0.0632905 0.815634 0.0914192
0.109679 0.820343 0.101161
0.151419 0.824196 0.0920586
0.200177 0.829625 0.110877
0.244352 0.835958 0.142398
0.293477 0.84508 0.183599
0.342179 0.856278 0.226007
0.389104 0.865464 0.193316
0.429894 0.874123 0.209178
0.471606 0.882631 0.201191
0.520311 0.892616 0.202208
0.568912 0.902758 0.205742
0.617716 0.913443 0.215521
0.659038 0.922254 0.210094
0.707488 0.933703 0.232038
0.756253 0.944536 0.21861
0.803499 0.957827 0.274226
0.851636 0.969312 0.234209
0.896345 0.980217 0.239234
0.93752 0.989489 0.221492
0.984657 1.00002 0.219862
1.03354 1.01053 0.211794
1.07904 1.02252 0.25771
1.12088 1.03473 0.283775
1.16493 1.04695 0.270621
1.21006 1.05848 0.250145
1.25811 1.07224 0.278906
1.29917 1.08443 0.288593
1.34655 1.09801 0.279101
1.37724 1.10697 0.284167
1.42493 1.12001 0.266831
1.47346 1.13199 0.24204
1.50077 1.13801 0.216848
1.54848 1.15048 0.255823
1.58517 1.16033 0.262076
1.63091 1.17354 0.281225
1.67719 1.18588 0.260525
1.72582 1.19711 0.226926
1.76864 1.20806 0.250362
1.81304 1.2202 0.266962
1.84693 1.229 0.254077
1.88823 1.24056 0.272813
1.93371 1.25177 0.241742
1.97855 1.26197 0.223794
2.02709 1.27181 0.199892
2.07058 1.27993 0.184535
2.11911 1.28996 0.203855
2.1622 1.30002 0.22937
2.20888 1.31133 0.237684
2.24508 1.32039 0.245162
2.27955 1.32889 0.242004
2.32726 1.33654 0.158823
2.3736 1.34441 0.168384
2.42311 1.35132 0.138639
2.46766 1.35974 0.186711
2.516 1.3717 0.242615
2.56071 1.38338 0.255419
2.60216 1.39492 0.271731
2.64595 1.40655 0.259576
2.69323 1.42057 0.288064
2.73482 1.43138 0.254392
2.78206 1.44618 0.303558
2.82714 1.46103 0.318334
2.87441 1.47651 0.316423
2.92264 1.48951 0.263278
2.96822 1.50133 0.253713
3.01688 1.51279 0.231426
3.05761 1.52278 0.240348
3.09954 1.53419 0.265717
3.14428 1.54617 0.261568
3.18912 1.558 0.258064
3.22899 1.56902 0.269661
3.27547 1.58261 0.284555
3.3195 1.59568 0.288446
3.36382 1.60993 0.311134
3.40901 1.62306 0.282779
3.44314 1.63285 0.279143
3.48113 1.64438 0.294763
3.52125 1.65621 0.286694
3.56446 1.66873 0.282151
3.60829 1.6789 0.227864
3.64633 1.68809 0.237044
3.68547 1.69746 0.235012
3.72151 1.70583 0.228315
3.75436 1.71466 0.262383
3.79055 1.7232 0.231961
3.81716 1.72939 0.2285
3.85779 1.73951 0.243965
3.89683 1.75021 0.26766
3.92505 1.75919 0.307984
3.95375 1.76689 0.262252
3.99112 1.77571 0.231775
4.02753 1.78409 0.225988
4.0511 1.78946 0.22438
4.09151 1.79834 0.216297
4.13039 1.8071 0.221488
4.16512 1.81841 0.315001
4.18255 1.82463 0.342319
4.20061 1.83127 0.35237
4.22675 1.84022 0.329998
4.24282 1.84574 0.331085
4.26309 1.85218 0.307527
4.28616 1.85934 0.300728
4.31831 1.86987 0.316547
4.34487 1.88032 0.375061
4.37581 1.89091 0.329725
4.39058 1.89667 0.371614
4.41159 1.90466 0.363562
4.4333 1.91275 0.356643
4.45306 1.92017 0.359253
4.47973 1.9293 0.329582
4.5079 1.93897 0.330843
4.52947 1.94618 0.322311
4.55449 1.95485 0.334007
4.57406 1.96234 0.365226
4.60451 1.97496 0.39296
4.61164 1.97789 0.39007
4.63019 1.98492 0.362379
4.64514 1.99047 0.354879
4.65927 1.99634 0.394231
4.67929 2.00445 0.384735
4.69824 2.01214 0.385654
4.73019 2.02647 0.421612
4.75202 2.03586 0.406032
4.77736 2.04551 0.363778
4.80348 2.05482 0.342432
4.82161 2.06141 0.348567
4.8392 2.06929 0.421296
4.85225 2.07577 0.461022
4.8558 2.07742 0.434864
4.86712 2.08305 0.461767
4.88158 2.09058 0.479815
4.89433 2.09738 0.489719
4.90936 2.10549 0.494958
4.92161 2.11218 0.499737
4.9326 2.11812 0.495841
4.94031 2.1223 0.496458
4.96084 2.13365 0.50503
4.98368 2.14595 0.49426
4.99471 2.151 0.42924
5.00602 2.15602 0.417578
5.00788 2.15684 0.417271
5.02148 2.16278 0.411767
5.03601 2.16863 0.382607
5.05468 2.17592 0.372188
5.06518 2.18004 0.374148
5.07665 2.18498 0.406765
5.08218 2.18762 0.44478
5.08697 2.19003 0.465762
5.09389 2.19339 0.451615
5.09548 2.19418 0.464598
5.10899 2.19955 0.378253
5.1102 2.20001 0.365818
5.11604 2.20192 0.315554
5.12716 2.20498 0.268254
5.13871 2.20765 0.22703
5.15974 2.21238 0.221533
5.17533 2.2153 0.185334
5.18498 2.21687 0.161013
5.18704 2.21715 0.136485
5.18878 2.21738 0.130442
5.18992 2.21759 0.183413
5.20496 2.22077 0.208213
True
0.269927
