4.47219 -0.0141088 -2.67209
4.43162 -0.0357248 -2.65202
4.4056 -0.0522983 -2.57447
4.36587 -0.0823766 -2.49361
4.32929 -0.114617 -2.41912
4.29572 -0.142791 -2.44334
4.27318 -0.161411 -2.45131
4.2359 -0.194277 -2.41901
4.20213 -0.23114 -2.31246
4.16853 -0.268169 -2.30762
4.15152 -0.288824 -2.25988
4.13258 -0.314085 -2.21417
4.10703 -0.354465 -2.13481
4.08133 -0.393023 -2.15884
4.06192 -0.424975 -2.11656
4.04838 -0.447065 -2.12077
4.02388 -0.489073 -2.0988
4.00707 -0.520727 -2.05892
3.98315 -0.563228 -2.08344
3.96251 -0.605751 -2.02261
3.94271 -0.644716 -2.04105
3.91822 -0.688273 -2.08286
3.89604 -0.733051 -2.03077
3.87605 -0.767941 -2.09102
3.85298 -0.812289 -2.05052
3.8293 -0.856311 -2.0644
3.81029 -0.893176 -2.04674
3.78987 -0.937493 -2.0026
3.77195 -0.984168 -1.93747
3.75625 -1.03143 -1.89147
3.74072 -1.07027 -1.95122
3.72412 -1.10878 -1.97765
3.71321 -1.13673 -1.94315
3.69705 -1.17557 -1.96504
3.68107 -1.21522 -1.9539
3.6706 -1.24949 -1.86736
3.65839 -1.29648 -1.82501
3.64715 -1.33435 -1.85927
3.63308 -1.38232 -1.85612
3.62276 -1.41295 -1.89567
3.60425 -1.4577 -1.96296
3.586 -1.49806 -1.99555
3.56838 -1.53503 -2.01566
3.5458 -1.57928 -2.04249
3.52286 -1.62358 -2.04859
3.502 -1.66827 -2.00755
3.48442 -1.7082 -1.98553
3.46781 -1.744 -2.00534
3.4459 -1.78875 -2.02592
3.42546 -1.83174 -2.01487
3.40591 -1.8698 -2.04517
3.38231 -1.91363 -2.06481
3.36113 -1.94962 -2.10273
3.34468 -1.97778 -2.09932
3.32154 -2.02105 -2.06197
3.30185 -2.05576 -2.08665
3.28051 -2.09578 -2.06069
3.25607 -2.13929 -2.08265
3.23301 -2.17735 -2.11551
3.20813 -2.21977 -2.10126
3.18427 -2.25774 -2.13171
3.16288 -2.28753 -2.19371
3.13289 -2.32716 -2.21857
3.11417 -2.35101 -2.23637
3.0836 -2.38631 -2.28445
3.05079 -2.42218 -2.3116
3.02697 -2.44964 -2.2854
2.99458 -2.48631 -2.29424
2.96918 -2.51425 -2.3086
2.93513 -2.54996 -2.33242
2.90097 -2.58534 -2.33867
2.86847 -2.61794 -2.35465
2.83463 -2.6518 -2.35591
2.8072 -2.67941 -2.35306
2.77475 -2.71407 -2.32321
2.75291 -2.73516 -2.37345
2.72657 -2.75741 -2.44038
2.68885 -2.79022 -2.42552
2.64973 -2.82111 -2.47347
2.62297 -2.84193 -2.48031
2.58309 -2.87207 -2.49433
2.54901 -2.89769 -2.49689
2.51892 -2.92447 -2.41451
2.47904 -2.95435 -2.49856
2.44329 -2.98155 -2.49118
2.40363 -3.01 -2.51935
2.36292 -3.03899 -2.52276
2.32325 -3.06942 -2.48713
2.28426 -3.09702 -2.52561
2.24768 -3.12256 -2.53223
2.20658 -3.15104 -2.53554
2.17589 -3.1731 -2.51829
2.1353 -3.20187 -2.52508
2.09607 -3.23191 -2.48804
2.05501 -3.26043 -2.53446
2.02155 -3.28322 -2.54375
1.97955 -3.30941 -2.58399
1.9377 -3.33534 -2.58685
1.89641 -3.3629 -2.55303
1.85557 -3.38945 -2.56525
1.81308 -3.41579 -2.5867
1.76987 -3.43879 -2.65225
1.73086 -3.45786 -2.68696
1.69742 -3.47529 -2.66114
1.65276 -3.49728 -2.68399
1.60865 -3.51698 -2.72167
1.56393 -3.53683 -2.7239
1.52091 -3.5574 -2.69562
1.4842 -3.57413 -2.71391
1.44164 -3.59415 -2.70185
1.39737 -3.6138 -2.7239
1.35183 -3.63419 -2.72053
1.30629 -3.65373 -2.73624
1.26454 -3.67035 -2.76296
1.22532 -3.68601 -2.76148
1.18497 -3.70259 -2.75186
1.13861 -3.72118 -2.76022
1.09992 -3.73476 -2.80407
1.0519 -3.74854 -2.86219
1.00478 -3.76308 -2.84214
0.96441 -3.77379 -2.88236
0.91862 -3.78648 -2.87126
0.870062 -3.79731 -2.9221
0.840089 -3.80394 -2.92395
0.793033 -3.81336 -2.94399
0.74402 -3.82276 -2.95204
0.702594 -3.83153 -2.93299
0.653771 -3.84105 -2.94894
0.620148 -3.84682 -2.97183
0.582292 -3.85492 -2.93078
0.538326 -3.86393 -2.93938
0.499117 -3.87527 -2.8601
0.453318 -3.88625 -2.90625
0.404791 -3.89732 -2.91734
0.359732 -3.90607 -2.94979
0.310197 -3.91277 -3.00719
0.267359 -3.91832 -3.01269
0.21833 -3.92342 -3.0381
0.169533 -3.92922 -3.02311
0.120168 -3.93683 -2.98873
0.0727502 -3.94494 -2.97225
0.0285399 -3.95173 -2.98914
-0.0156034 -3.95753 -3.01095
-0.0647557 -3.96199 -3.05105
-0.102431 -3.96677 -3.01541
-0.151076 -3.97428 -2.98851
-0.200467 -3.98185 -2.98948
-0.244431 -3.98904 -2.97935
-0.291014 -3.99365 -3.04313
-0.338405 -3.99993 -3.00976
-0.387964 -4.00476 -3.0445
-0.437053 -4.00687 -3.09866
-0.485817 -4.00823 -3.11356
-0.533019 -4.01002 -3.10367
-0.579564 -4.01115 -3.1173
-0.623287 -4.0129 -3.10181
-0.663903 -4.01428 -3.10749
-0.713616 -4.01908 -3.04538
-0.754432 -4.02212 -3.06711
-0.803618 -4.02566 -3.06977
-0.853358 -4.0305 -3.04464
-0.90289 -4.03494 -3.05218
-0.952185 -4.03874 -3.06467
-0.991758 -4.04296 -3.03547
-1.02787 -4.04607 -3.05566
-1.07127 -4.05049 -3.04009
-1.11917 -4.05619 -3.02318
-1.16884 -4.06031 -3.05887
-1.21874 -4.06178 -3.11197
-1.26852 -4.06644 -3.04838
-1.31627 -4.0711 -3.04423
-1.36055 -4.07392 -3.07793
-1.4046 -4.07448 -3.12889
-1.4385 -4.0749 -3.1293
-1.48653 -4.07591 -3.12058
-1.53181 -4.07514 -3.15867
-1.57732 -4.07634 3.16803
-1.62693 -4.0773 -3.12216
-1.66617 -4.07627 -3.16785
-1.71524 -4.0773 3.16249
-1.76248 -4.07794 -3.12791
-1.81248 -4.07871 -3.12621
-1.84164 -4.07902 -3.13124
-1.89159 -4.07968 -3.12833
-1.93449 -4.0804 -3.12488
-1.98433 -4.08346 -3.08028
-2.02445 -4.08596 -3.07936
-2.07125 -4.08676 -3.12443
-2.12123 -4.08728 -3.13121
-2.16801 -4.08622 -3.16412
-2.21777 -4.08525 3.12194
-2.26683 -4.08405 3.11723
-2.30357 -4.08274 3.10598
-2.34224 -4.07939 3.05524
-2.38966 -4.07689 3.08873
-2.43234 -4.07642 3.13071
-2.47692 -4.07673 3.14861
-2.52247 -4.07567 -3.16496
-2.55532 -4.0746 3.10895
-2.58842 -4.07445 3.13705
-2.62977 -4.07509 3.15712
-2.66108 -4.07514 -3.13982
-2.68922 -4.07538 -3.13333
-2.73767 -4.07384 -3.17324
-2.77336 -4.07303 3.1188
-2.81965 -4.07227 3.12527
-2.86192 -4.07257 3.14869
-2.88473 -4.07263 -3.13926
-2.91358 -4.07207 -3.16077
-2.93812 -4.07161 3.1227
-2.972 -4.07122 3.12999
-3.01241 -4.0712 3.1413
-3.05298 -4.07257 3.17535
-3.08308 -4.07338 -3.11488
-3.11611 -4.07462 -3.10392
-3.157 -4.07655 -3.0945
-3.19221 -4.07618 -3.15217
-3.21963 -4.0749 3.09484
-3.2349 -4.07466 3.126
-3.25569 -4.07554 3.18394
-3.28877 -4.07638 -3.11605
-3.32424 -4.07765 -3.10586
-3.35237 -4.07769 -3.14028
-3.37738 -4.07843 -3.1121
-3.40245 -4.07851 -3.13844
-3.41545 -4.07831 -3.15645
-3.42327 -4.07807 3.11059
-3.44685 -4.07765 3.12363
-3.45999 -4.07748 3.12894
-3.48251 -4.07724 3.13096
-3.50249 -4.0772 3.13972
-3.51916 -4.0769 3.1237
-3.56391 -4.07303 3.05519
-3.58872 -4.07155 3.08227
-3.61895 -4.07069 3.11314
-3.63699 -4.07056 3.13393
-3.66094 -4.06999 3.11794
-3.67505 -4.0697 3.12118
-3.69702 -4.06963 3.13826
-3.72781 -4.07076 3.17837
-3.7535 -4.07199 -3.09385
-3.77818 -4.07289 -3.10496
-3.80439 -4.07442 -3.08352
-3.83721 -4.07684 -3.06788
-3.86356 -4.07923 -3.05135
-3.88338 -4.08144 -3.03054
-3.90129 -4.08361 -3.02097
-3.90871 -4.08446 -3.0275
-3.92055 -4.08576 -3.03175
-3.93387 -4.0871 -3.04176
-3.94473 -4.08802 -3.0568
-3.9543 -4.08858 -3.08363
-3.96456 -4.08919 -3.08171
-3.97345 -4.0899 -3.06244
-3.99586 -4.0911 -3.0878
-4.01973 -4.09334 -3.04799
-4.02747 -4.09432 -3.01605
-4.03717 -4.09608 -2.96263
-4.05365 -4.0991 -2.9603
-4.08528 -4.10614 -2.92254
-4.1088 -4.11157 -2.9145
-4.12209 -4.11531 -2.86711
-4.13012 -4.11758 -2.86644
-4.13821 -4.1201 -2.83972
-4.14439 -4.12212 -2.82567
-4.16508 -4.1288 -2.82929
-4.17009 -4.13049 -2.81635
-4.17598 -4.1326 -2.79806
-4.18274 -4.13546 -2.74056
-4.19262 -4.14006 -2.7064
-4.20221 -4.14518 -2.65093
-4.20839 -4.1486 -2.63583
-4.21469 -4.1521 -2.63483
-4.22915 -4.15954 -2.66646
-4.24968 -4.16939 -2.69416
True
0.0660116
