-5.47624 0.821008 -0.191496
-5.44269 0.81535 -0.167051
-5.3942 0.805927 -0.191921
-5.34712 0.797741 -0.172181
-5.29911 0.788785 -0.184408
-5.25581 0.779633 -0.208331
-5.20655 0.771594 -0.161755
-5.16039 0.763102 -0.181952
-5.11934 0.75677 -0.153007
-5.07116 0.749791 -0.143865
-5.0293 0.743855 -0.140867
-4.98145 0.738277 -0.116057
-4.93355 0.733623 -0.0968554
-4.88587 0.730126 -0.0732065
-4.84169 0.726201 -0.0886115
-4.79185 0.722183 -0.0804425
-4.74471 0.717169 -0.105963
-4.70497 0.711358 -0.145182
-4.656 0.705856 -0.1119
-4.60661 0.698091 -0.155939
-4.56074 0.689896 -0.176814
-4.51438 0.6823 -0.162378
-4.47324 0.677803 -0.108889
-4.42412 0.671208 -0.133461
-4.37494 0.662774 -0.169831
-4.32584 0.653484 -0.187001
-4.27672 0.645131 -0.16842
-4.23318 0.639816 -0.121474
-4.18377 0.63579 -0.0813093
-4.1348 0.632305 -0.0710389
-4.09056 0.628369 -0.0887405
-4.04367 0.62431 -0.0863711
-4.00376 0.620196 -0.102713
-3.95558 0.615704 -0.0929718
-3.90596 0.609586 -0.122663
-3.86681 0.605774 -0.0970595
-3.82089 0.60004 -0.124242
-3.77712 0.595281 -0.108301
-3.73184 0.588489 -0.148874
-3.68262 0.581459 -0.141858
-3.63334 0.576749 -0.095302
-3.58438 0.570893 -0.119031
-3.54117 0.566393 -0.103788
-3.50805 0.564226 -0.065328
-3.4685 0.56038 -0.0969623
-3.41862 0.558235 -0.0429632
-3.3726 0.554348 -0.0842505
-3.32736 0.550894 -0.0761992
-3.28336 0.548871 -0.0459491
-3.23773 0.544254 -0.100839
-3.19342 0.537987 -0.14052
-3.14393 0.532371 -0.112991
-3.10355 0.52835 -0.0992559
-3.05377 0.523736 -0.0924215
-3.0057 0.519036 -0.09747
-2.97227 0.513627 -0.160398
-2.92289 0.507294 -0.127561
-2.87526 0.502127 -0.108043
-2.83041 0.495211 -0.15301
-2.78429 0.491112 -0.0886513
-2.73515 0.485312 -0.117473
-2.68906 0.478934 -0.137528
-2.64312 0.474998 -0.085457
-2.59537 0.472016 -0.0623702
-2.55907 0.469017 -0.0824402
-2.5157 0.464005 -0.11505
-2.47914 0.458658 -0.145217
-2.4301 0.450259 -0.169633
-2.38843 0.443771 -0.154431
-2.34838 0.437694 -0.150601
-2.30208 0.430443 -0.155338
-2.26172 0.423609 -0.167755
-2.21772 0.417381 -0.140618
-2.16824 0.410856 -0.131092
-2.11937 0.403867 -0.142058
-2.07263 0.397934 -0.126271
-2.02953 0.392495 -0.125507
-1.98052 0.385826 -0.135249
-1.93093 0.379908 -0.118793
-1.88192 0.373216 -0.135701
-1.83709 0.367094 -0.135716
-1.78788 0.361561 -0.11197
-1.7387 0.352581 -0.180585
-1.69399 0.345962 -0.146996
-1.6594 0.340902 -0.145234
-1.61013 0.332427 -0.170334
-1.56101 0.323414 -0.1815
-1.51279 0.314089 -0.191012
-1.46741 0.305538 -0.186257
-1.42173 0.295491 -0.216506
-1.38217 0.288086 -0.185
-1.33739 0.28084 -0.160452
-1.29035 0.273063 -0.163841
-1.24959 0.265322 -0.187687
-1.20532 0.25772 -0.170067
-1.15662 0.248249 -0.192056
-1.10799 0.239212 -0.183762
-1.05917 0.230923 -0.168167
-1.02538 0.223867 -0.205826
-0.979275 0.212965 -0.232219
-0.940034 0.204864 -0.203603
-0.892546 0.193396 -0.236956
-0.86017 0.187709 -0.173858
-0.821146 0.179995 -0.195156
-0.772092 0.17037 -0.193767
-0.726559 0.15993 -0.22538
-0.678164 0.148756 -0.226917
-0.632304 0.137149 -0.247885
-0.585822 0.124186 -0.271982
-0.5586 0.116809 -0.264643
-0.510377 0.103609 -0.267175
-0.46729 0.0944278 -0.209945
-0.423553 0.0838302 -0.23772
-0.376452 0.0713637 -0.258743
-0.32816 0.0584075 -0.262116
-0.282349 0.0469268 -0.245556
-0.241249 0.0364959 -0.248544
-0.200659 0.0246625 -0.283674
-0.152875 0.0118943 -0.261105
-0.106496 0.000452747 -0.241869
-0.0643495 -0.0112351 -0.270515
-0.0248127 -0.0206151 -0.23294
0.0216628 -0.0318349 -0.236882
0.0695404 -0.044352 -0.255716
0.103892 -0.0533075 -0.25502
0.152425 -0.0652931 -0.242116
0.195693 -0.0766684 -0.257088
0.237781 -0.0868158 -0.236583
0.285916 -0.0986696 -0.241457
0.33186 -0.109217 -0.225667
0.375088 -0.118918 -0.220745
0.414614 -0.128724 -0.243195
0.461366 -0.1399 -0.234634
0.509342 -0.153967 -0.285214
0.556309 -0.16637 -0.25818
0.589095 -0.175151 -0.261708
0.629327 -0.184949 -0.23888
0.674066 -0.195354 -0.228514
0.71923 -0.205427 -0.219438
0.761634 -0.217345 -0.273978
0.807746 -0.22842 -0.235713
0.853169 -0.238291 -0.214002
0.902503 -0.246402 -0.162947
0.948533 -0.252158 -0.124404
0.997009 -0.259107 -0.142377
1.04622 -0.267809 -0.175017
1.09545 -0.276544 -0.175607
1.14423 -0.284231 -0.156309
1.18411 -0.290372 -0.152762
1.23343 -0.295046 -0.0945064
1.27214 -0.299865 -0.123834
1.31875 -0.305066 -0.111124
1.36368 -0.309618 -0.100952
1.41239 -0.315491 -0.120023
1.45736 -0.322145 -0.146862
1.48966 -0.327001 -0.149225
1.53846 -0.337841 -0.218604
1.58677 -0.347083 -0.189029
1.63445 -0.355721 -0.179226
1.68346 -0.36532 -0.193396
1.73095 -0.376206 -0.225338
1.78004 -0.385445 -0.186019
1.82768 -0.395887 -0.21578
1.87575 -0.405244 -0.192231
1.92434 -0.415481 -0.207659
1.97364 -0.423483 -0.1609
2.02274 -0.431962 -0.171037
2.06707 -0.439854 -0.176178
2.11579 -0.448171 -0.169094
2.16397 -0.455998 -0.161028
2.21305 -0.464819 -0.177834
2.26009 -0.472043 -0.152369
2.3016 -0.478234 -0.148065
2.33683 -0.484551 -0.177402
2.38218 -0.492704 -0.177898
2.43146 -0.500957 -0.165904
2.47794 -0.509211 -0.175757
2.52043 -0.516612 -0.172486
2.56357 -0.52455 -0.181965
2.60767 -0.533148 -0.192534
2.65119 -0.542512 -0.211946
2.69778 -0.552361 -0.208306
2.7428 -0.561942 -0.209687
2.7835 -0.568733 -0.165338
2.82937 -0.577445 -0.187708
2.87785 -0.588398 -0.222183
2.92322 -0.597335 -0.194487
2.97213 -0.607025 -0.1956
3.01402 -0.61437 -0.173581
3.06061 -0.624477 -0.213637
3.10882 -0.635854 -0.231707
3.15638 -0.647585 -0.241851
3.2028 -0.658731 -0.235657
3.24894 -0.670007 -0.23967
3.28226 -0.678992 -0.2634
3.32383 -0.691141 -0.284345
3.36331 -0.701322 -0.25234
3.40331 -0.712277 -0.267377
3.45076 -0.725519 -0.272133
3.49374 -0.736988 -0.260766
3.53939 -0.74852 -0.247406
3.56174 -0.753498 -0.219266
3.57855 -0.757544 -0.236119
3.5901 -0.760656 -0.263252
3.60404 -0.764072 -0.240196
3.64747 -0.773187 -0.206912
3.6846 -0.782449 -0.244449
3.71546 -0.79008 -0.242372
3.73378 -0.793973 -0.209464
3.77939 -0.80189 -0.171884
3.81513 -0.806741 -0.134888
3.84672 -0.8127 -0.186438
3.87723 -0.817768 -0.164641
3.90161 -0.82131 -0.144219
3.92455 -0.823792 -0.107788
3.94077 -0.825644 -0.11366
3.95291 -0.826869 -0.100576
3.96226 -0.828063 -0.127026
3.96959 -0.829107 -0.141405
3.9851 -0.831155 -0.131403
4.01084 -0.834843 -0.142277
4.05096 -0.842001 -0.176545
4.09647 -0.848248 -0.136407
4.12877 -0.852757 -0.138721
4.15647 -0.857137 -0.156796
4.18361 -0.862 -0.177335
4.21681 -0.867378 -0.160595
4.25251 -0.872973 -0.155438
4.29784 -0.878524 -0.121845
4.34239 -0.884378 -0.13066
4.38633 -0.893272 -0.199744
4.42043 -0.900898 -0.219962
4.45265 -0.908111 -0.220252
4.48 -0.913284 -0.186988
4.50898 -0.918589 -0.180975
4.53716 -0.924104 -0.193329
4.54804 -0.926368 -0.205071
4.55732 -0.928609 -0.237056
4.56902 -0.931864 -0.2712
4.5896 -0.937795 -0.28064
4.61286 -0.943143 -0.225938
4.6278 -0.94639 -0.214109
4.64264 -0.948781 -0.159758
4.65491 -0.950695 -0.154683
4.68339 -0.954674 -0.138804
4.7145 -0.958883 -0.134482
4.74363 -0.962713 -0.130724
4.76367 -0.965149 -0.120976
4.78382 -0.967414 -0.11198
4.80311 -0.969671 -0.116409
4.82309 -0.971036 -0.0682429
4.84288 -0.972618 -0.0797368
4.85727 -0.973953 -0.0925154
4.86911 -0.975161 -0.101678
4.87902 -0.976482 -0.132554
4.88546 -0.977581 -0.169142
4.90033 -0.979766 -0.145872
4.91557 -0.982095 -0.151671
4.92995 -0.984821 -0.187299
4.94418 -0.987046 -0.155055
4.96166 -0.989444 -0.136428
4.99104 -0.993576 -0.139683
5.00154 -0.994887 -0.124274
5.01609 -0.997053 -0.147715
5.01997 -0.997398 -0.0889836
5.02527 -0.997862 -0.0871812
5.03856 -0.998936 -0.0806341
5.07056 -1.00181 -0.0895239
5.08918 -1.00357 -0.0940383
5.10491 -1.00573 -0.136936
5.1186 -1.00821 -0.17923
5.11595 -1.00782 -0.146767
5.12649 -1.00938 -0.146837
5.1339 -1.01062 -0.165434
5.14592 -1.01218 -0.129702
5.15817 -1.01375 -0.127317
5.16356 -1.01417 -0.0781921
5.17034 -1.01458 -0.0596354
5.16914 -1.0146 0.0172907
5.16392 -1.01461 0.0027133
5.16849 -1.01472 -0.0231937
5.17096 -1.01485 -0.0504262
5.17189 -1.01486 -0.0164064
5.17861 -1.01489 -0.00424749
5.19203 -1.01495 -0.00449694
5.19703 -1.01499 -0.00761521
5.20649 -1.01508 -0.009606
True
0.263918
