4.48361 -0.00204539 -3.01744
4.46611 -0.00458966 -2.99724
4.44217 -0.00936666 -2.94458
4.43086 -0.0120388 -2.90972
4.41778 -0.0155494 -2.87933
4.38374 -0.0275183 -2.80347
4.36013 -0.0391922 -2.68245
4.33994 -0.0485645 -2.707
4.30067 -0.067837 -2.68528
4.26557 -0.0883721 -2.61229
4.22872 -0.113966 -2.5346
4.19126 -0.141957 -2.49977
4.16556 -0.164066 -2.43132
4.13184 -0.200619 -2.31585
4.09817 -0.237319 -2.31322
4.06799 -0.277142 -2.21915
4.04682 -0.307698 -2.17689
4.02309 -0.343639 -2.15419
4.00329 -0.377184 -2.104
3.9785 -0.420565 -2.09012
3.95861 -0.459793 -2.03986
3.94154 -0.495343 -2.01863
3.92342 -0.535878 -1.99102
3.90558 -0.575527 -1.99371
3.89073 -0.609929 -1.97831
3.87391 -0.647695 -1.98973
3.8639 -0.672016 -1.96119
3.85481 -0.700315 -1.88165
3.84627 -0.732649 -1.82911
3.83637 -0.778671 -1.78255
3.82609 -0.815115 -1.84572
3.81253 -0.861342 -1.85633
3.80316 -0.892176 -1.86564
3.79165 -0.930639 -1.86155
3.77727 -0.97376 -1.89279
3.76494 -1.01636 -1.85239
3.75073 -1.062 -1.87272
3.7424 -1.09247 -1.83775
3.72982 -1.13766 -1.84216
3.71652 -1.1846 -1.84689
3.70327 -1.22522 -1.88621
3.68644 -1.27219 -1.91473
3.66987 -1.31933 -1.90898
3.65463 -1.36175 -1.91552
3.64228 -1.39939 -1.88789
3.62599 -1.44466 -1.91624
3.61078 -1.48694 -1.91626
3.59599 -1.52443 -1.94643
3.57935 -1.57032 -1.91869
3.56669 -1.60859 -1.89015
3.55122 -1.65092 -1.92123
3.53556 -1.69588 -1.9061
3.52067 -1.73817 -1.90922
3.50421 -1.78407 -1.91516
3.4954 -1.8054 -1.9623
3.48333 -1.8373 -1.93264
3.46665 -1.8749 -1.98835
3.45303 -1.90491 -1.99661
3.44551 -1.92247 -1.97542
3.43142 -1.95259 -2.00857
3.41325 -1.99207 -2.00214
3.3898 -2.03583 -2.06266
3.36934 -2.07064 -2.10205
3.34377 -2.11331 -2.11075
3.32451 -2.14561 -2.1085
3.30121 -2.18344 -2.12295
3.2777 -2.22144 -2.1247
3.25157 -2.26131 -2.1511
3.22412 -2.30267 -2.15674
3.20844 -2.32533 -2.17588
3.17686 -2.36402 -2.25542
3.15837 -2.38531 -2.28585
3.12455 -2.42146 -2.32289
3.09144 -2.45891 -2.29485
3.0625 -2.49176 -2.29288
3.03058 -2.52742 -2.30094
2.99821 -2.56222 -2.32012
2.96441 -2.59906 -2.31308
2.9296 -2.63473 -2.34404
2.8959 -2.66829 -2.35822
2.86778 -2.69489 -2.38402
2.83797 -2.72665 -2.32459
2.81009 -2.75573 -2.33514
2.7762 -2.79248 -2.31561
2.75744 -2.81161 -2.34654
2.72799 -2.83999 -2.37463
2.71036 -2.85844 -2.33377
2.67839 -2.88747 -2.40434
2.64708 -2.91808 -2.36741
2.62197 -2.94401 -2.3401
2.58843 -2.98108 -2.30633
2.5553 -3.01804 -2.30147
2.52295 -3.05617 -2.27441
2.48931 -3.09313 -2.30923
2.4567 -3.12453 -2.3751
2.42684 -3.15379 -2.36639
2.41813 -3.16217 -2.37531
2.38324 -3.19378 -2.40551
2.34858 -3.2289 -2.34964
2.31965 -3.25849 -2.34483
2.28365 -3.29082 -2.4098
2.24768 -3.32516 -2.37942
2.21917 -3.35167 -2.39261
2.18672 -3.38111 -2.40477
2.14944 -3.4102 -2.479
2.11915 -3.43245 -2.50793
2.08481 -3.45817 -2.49869
2.05966 -3.47669 -2.50696
2.03801 -3.49105 -2.5558
1.99886 -3.51511 -2.59068
1.96414 -3.5354 -2.61264
1.92246 -3.56079 -2.59444
1.88617 -3.58082 -2.63724
1.85775 -3.59644 -2.63923
1.82418 -3.6155 -2.62511
1.79273 -3.63444 -2.5995
1.76173 -3.65153 -2.63786
1.72091 -3.67357 -2.64652
1.67572 -3.69495 -2.69962
1.63197 -3.71694 -2.67592
1.5869 -3.73828 -2.69944
1.54293 -3.76095 -2.66555
1.49733 -3.78091 -2.72878
1.45193 -3.79922 -2.75837
1.409 -3.81376 -2.8151
1.36548 -3.82747 -2.83636
1.32096 -3.83915 -2.88501
1.27974 -3.85196 -2.84017
1.24366 -3.86088 -2.89939
1.2096 -3.86891 -2.91001
1.16438 -3.87876 -2.92711
1.12552 -3.8875 -2.92027
1.07645 -3.89705 -2.94938
1.02997 -3.90561 -2.95947
0.980929 -3.91461 -2.9602
0.931684 -3.92316 -2.96966
0.88225 -3.93061 -2.99205
0.846527 -3.93526 -3.01201
0.817389 -3.93901 -3.01368
0.767752 -3.94327 -3.05592
0.719098 -3.94681 -3.06907
0.670572 -3.95039 -3.06788
0.620577 -3.95098 -3.12978
0.574089 -3.94978 -3.16739
0.524426 -3.95184 3.1831
0.479699 -3.95192 -3.13986
0.429798 -3.95506 -3.07888
0.380705 -3.96059 -3.02942
0.340703 -3.96446 -3.04509
0.291812 -3.9706 -3.01664
0.247152 -3.97625 -3.0158
0.198221 -3.98277 -3.00909
0.152923 -3.98953 -2.9933
0.111997 -3.99381 -3.03742
0.0626364 -3.99801 -3.05675
0.0243194 -4.0012 -3.05849
-0.0253421 -4.00331 -3.09911
-0.0741849 -4.00666 -3.07314
-0.123779 -4.01173 -3.03973
-0.171241 -4.01368 -3.10064
-0.210809 -4.01446 -3.1219
-0.255008 -4.01463 -3.13759
-0.304857 -4.01078 -3.21879
-0.344147 -4.0081 3.07356
-0.393914 -4.00328 3.04509
-0.430729 -3.99867 3.01705
-0.477272 -3.99489 3.06059
-0.525659 -3.99024 3.0457
-0.57503 -3.9854 3.04381
-0.607337 -3.98183 3.03151
-0.636016 -3.97811 3.01274
-0.685201 -3.9708 2.99407
-0.734341 -3.96169 2.95818
-0.781666 -3.95396 2.97973
-0.825034 -3.94512 2.94063
-0.859696 -3.9386 2.95548
-0.907285 -3.92716 2.90576
-0.95065 -3.91613 2.89256
-0.995011 -3.90211 2.8355
-1.01424 -3.89698 2.88066
-1.04968 -3.88778 2.88756
-1.09418 -3.87552 2.87272
-1.1383 -3.86179 2.84
-1.17572 -3.84897 2.81159
-1.21925 -3.83637 2.85983
-1.26712 -3.82195 2.84905
-1.30922 -3.80778 2.81682
-1.34996 -3.79525 2.84326
-1.38878 -3.78219 2.81709
-1.42779 -3.76749 2.7812
-1.47441 -3.74942 2.77178
-1.52072 -3.73205 2.7827
-1.55931 -3.71678 2.76496
-1.60059 -3.70004 2.75622
-1.6457 -3.68052 2.73315
-1.69098 -3.65945 2.7062
-1.73559 -3.63956 2.72213
-1.78037 -3.6174 2.68204
-1.82388 -3.5928 2.62702
-1.86414 -3.57039 2.63373
-1.90662 -3.54465 2.59674
-1.94807 -3.52125 2.62775
-1.98159 -3.50185 2.61676
-2.01772 -3.48229 2.64547
-2.04362 -3.46865 2.65691
-2.08651 -3.44618 2.65895
-2.12716 -3.42466 2.65465
-2.17089 -3.40217 2.66665
-2.20494 -3.3826 2.61989
-2.24693 -3.35874 2.62488
-2.28924 -3.33494 2.62926
-2.33158 -3.31026 2.6138
-2.37417 -3.28729 2.64706
-2.40988 -3.26417 2.56706
-2.44366 -3.24111 2.54253
-2.47568 -3.2182 2.5205
-2.51731 -3.19088 2.5608
-2.55406 -3.16735 2.57216
-2.59216 -3.14239 2.56171
-2.63134 -3.11578 2.54496
-2.66494 -3.09202 2.52592
-2.70576 -3.06316 2.5263
-2.74311 -3.03555 2.50499
-2.7818 -3.00563 2.48335
-2.80759 -2.98564 2.48219
-2.84534 -2.95421 2.4473
-2.8758 -2.92818 2.43461
-2.91366 -2.89553 2.42975
-2.95099 -2.86359 2.43398
-2.98384 -2.83396 2.40764
-3.01627 -2.8037 2.39074
-3.04649 -2.77452 2.37369
-3.08343 -2.74092 2.40361
-3.11546 -2.71028 2.37821
-3.15021 -2.67622 2.3664
-3.18242 -2.64275 2.33702
-3.20933 -2.61305 2.30676
-3.24142 -2.57678 2.29524
-3.27235 -2.54138 2.28877
-3.30319 -2.50501 2.27424
-3.33007 -2.47022 2.22851
-3.34434 -2.45103 2.21044
-3.37024 -2.41538 2.19897
-3.3923 -2.38491 2.19747
-3.41958 -2.34772 2.20368
-3.43952 -2.32193 2.229
-3.45974 -2.29639 2.24028
-3.48024 -2.26742 2.18683
-3.48559 -2.25947 2.16314
-3.50317 -2.23347 2.16513
-3.52271 -2.20572 2.18443
-3.53825 -2.18238 2.15799
-3.5621 -2.14589 2.1498
-3.58035 -2.11799 2.15008
-3.59447 -2.09729 2.16952
-3.60853 -2.07637 2.16246
-3.61941 -2.05901 2.13064
-3.62409 -2.05081 2.08963
-3.63598 -2.02773 2.04658
-3.65392 -1.99734 2.1039
-3.6759 -1.96119 2.11719
-3.69728 -1.92664 2.12478
-3.7101 -1.9073 2.15629
-3.72282 -1.88801 2.15391
-3.73567 -1.86764 2.13354
-3.74389 -1.85372 2.10424
-3.75144 -1.84053 2.09057
-3.76488 -1.81814 2.11149
-3.77465 -1.80017 2.06852
-3.7869 -1.77747 2.0656
-3.80219 -1.74794 2.04865
-3.81498 -1.72501 2.07959
-3.82121 -1.71297 2.04804
-3.83304 -1.69131 2.07116
-3.84771 -1.66684 2.11075
-3.86333 -1.63965 2.09225
-3.88337 -1.60568 2.10381
-3.90865 -1.56328 2.10836
-3.92783 -1.53161 2.11541
-3.946 -1.50276 2.13279
-3.97012 -1.46768 2.17314
-3.9905 -1.43806 2.1735
-4.01204 -1.40707 2.17816
-4.02798 -1.38401 2.17539
-4.04033 -1.36566 2.16345
-4.05852 -1.33829 2.15736
-4.07808 -1.31027 2.18011
-4.09574 -1.2866 2.21197
-4.11178 -1.2642 2.1923
-4.12496 -1.24638 2.20743
-4.14244 -1.22104 2.17466
-4.15916 -1.19724 2.18308
-4.16431 -1.18978 2.17546
-4.1768 -1.17183 2.17884
-4.18875 -1.1547 2.17976
-4.2006 -1.13889 2.21382
-4.20575 -1.13164 2.18862
-4.21093 -1.12393 2.16312
-4.21524 -1.11648 2.09487
-4.21595 -1.11525 2.09074
-4.21505 -1.11662 2.15052
-4.22271 -1.10529 2.16574
-4.23158 -1.09213 2.16325
-4.23876 -1.08181 2.17883
-4.24302 -1.07582 2.1898
-4.25287 -1.06118 2.16267
-4.26009 -1.05027 2.15572
-4.26431 -1.04371 2.14204
-4.27051 -1.03402 2.13998
-4.27427 -1.02792 2.12416
-4.28068 -1.01761 2.12671
-4.28331 -1.0134 2.12908
-4.28581 -1.00912 2.09922
-4.29109 -0.999536 2.07484
-4.29435 -0.992795 2.02088
-4.29512 -0.991089 1.99469
-4.29668 -0.987306 1.961
-4.29819 -0.982669 1.88659
-4.30286 -0.968785 1.89544
-4.30449 -0.963216 1.85528
True
0.172453
