-5.45389 1.05859 -0.212611
-5.41644 1.05139 -0.18986
-5.36801 1.039 -0.250511
-5.32755 1.02844 -0.255177
-5.28174 1.01676 -0.249734
-5.23793 1.00567 -0.247953
-5.19823 0.997224 -0.209544
-5.14988 0.986457 -0.219087
-5.10429 0.97577 -0.230253
-5.05629 0.965253 -0.215706
-5.01144 0.95461 -0.23299
-4.96255 0.944146 -0.21087
-4.91677 0.935338 -0.190049
-4.86937 0.925438 -0.205916
-4.8305 0.918216 -0.183721
-4.78228 0.909333 -0.182138
-4.74538 0.903131 -0.166551
-4.69993 0.896931 -0.135581
-4.65489 0.890137 -0.149707
-4.61207 0.882558 -0.175195
-4.56675 0.87351 -0.197032
-4.52774 0.86772 -0.147367
-4.48095 0.86091 -0.144509
-4.43502 0.852973 -0.1711
-4.3858 0.845549 -0.149716
-4.33703 0.835398 -0.205219
-4.28821 0.824721 -0.215328
-4.23976 0.817257 -0.152835
-4.19176 0.80871 -0.176222
-4.14255 0.800801 -0.159378
-4.09466 0.791614 -0.189523
-4.05113 0.781377 -0.230946
-4.00759 0.772114 -0.20966
-3.95907 0.761104 -0.223108
-3.92503 0.754164 -0.201137
-3.87902 0.746551 -0.163962
-3.8314 0.73812 -0.175247
-3.78725 0.731619 -0.146166
-3.74457 0.723588 -0.186024
-3.69532 0.715921 -0.154444
-3.65593 0.71039 -0.139505
-3.613 0.701764 -0.198274
-3.57234 0.693351 -0.204012
-3.52803 0.684882 -0.188879
-3.47955 0.675134 -0.198432
-3.43575 0.665817 -0.20956
-3.38664 0.657815 -0.161546
-3.33776 0.647321 -0.211447
-3.30102 0.639027 -0.222074
-3.25598 0.629874 -0.200474
-3.20909 0.620118 -0.205114
-3.16234 0.608911 -0.235312
-3.11747 0.599907 -0.198045
-3.06864 0.589245 -0.214949
-3.02003 0.578277 -0.221914
-2.97215 0.568209 -0.207255
-2.92374 0.558257 -0.202771
-2.8808 0.548667 -0.219724
-2.83409 0.538665 -0.210961
-2.78519 0.529081 -0.193525
-2.74817 0.520466 -0.228659
-2.69954 0.509336 -0.22496
-2.65593 0.498429 -0.245101
-2.60711 0.48768 -0.216741
-2.55827 0.477711 -0.201318
-2.50927 0.467966 -0.196337
-2.46203 0.457827 -0.211406
-2.4163 0.446128 -0.250477
-2.36798 0.434228 -0.24147
-2.31912 0.423658 -0.213041
-2.27117 0.415939 -0.159606
-2.22262 0.408913 -0.143723
-2.17341 0.402014 -0.139307
-2.12725 0.395919 -0.131268
-2.08356 0.389332 -0.149638
-2.03522 0.384084 -0.108119
-1.98743 0.380053 -0.0841581
-1.93971 0.374147 -0.123123
-1.89678 0.367208 -0.160264
-1.85806 0.361795 -0.138892
-1.80919 0.354796 -0.142267
-1.76057 0.351277 -0.0722524
-1.71122 0.34651 -0.096291
-1.66159 0.342968 -0.0712625
-1.61212 0.337386 -0.112353
-1.56319 0.33186 -0.112468
-1.51788 0.327655 -0.0925268
-1.46866 0.319842 -0.157416
-1.42807 0.313837 -0.146899
-1.37929 0.304449 -0.190093
-1.33077 0.294611 -0.200092
-1.29006 0.286601 -0.194234
-1.24291 0.276803 -0.204917
-1.19508 0.265916 -0.223808
-1.15073 0.254173 -0.258812
-1.10543 0.244556 -0.209222
-1.06141 0.23398 -0.235765
-1.01229 0.224695 -0.18682
-0.965707 0.213491 -0.236035
-0.923349 0.205171 -0.193943
-0.877517 0.197355 -0.168931
-0.834864 0.188535 -0.203896
-0.785927 0.178432 -0.20359
-0.73873 0.168794 -0.201446
-0.689431 0.160607 -0.16457
-0.646779 0.154657 -0.138599
-0.597417 0.146835 -0.157164
-0.549534 0.138891 -0.164404
-0.499871 0.133208 -0.113921
-0.457389 0.128065 -0.120486
-0.408603 0.120104 -0.161765
-0.359096 0.114136 -0.119965
-0.315281 0.107108 -0.159048
-0.273079 0.0993926 -0.180821
-0.224302 0.09015 -0.187267
-0.17659 0.0813536 -0.182315
-0.127735 0.0709383 -0.210047
-0.0825781 0.0623245 -0.188487
-0.0491526 0.0554368 -0.203217
-0.000382337 0.047585 -0.159625
0.0457841 0.0400084 -0.162665
0.0935287 0.0316227 -0.173865
0.14184 0.0207567 -0.221232
0.186872 0.0130632 -0.169211
0.226994 0.00782985 -0.129705
0.275414 0.00172124 -0.125496
0.324096 -0.00356435 -0.108151
0.373407 -0.00842227 -0.0981985
0.421442 -0.0136185 -0.107756
0.469821 -0.0221777 -0.175109
0.518489 -0.0289904 -0.139078
0.567611 -0.0360793 -0.143324
0.614336 -0.0410776 -0.106568
0.663763 -0.0470909 -0.121066
0.712707 -0.0546569 -0.153368
0.760043 -0.0624117 -0.162381
0.803047 -0.0685414 -0.141588
0.852695 -0.0741999 -0.113481
0.902234 -0.079048 -0.0975549
0.945504 -0.0838393 -0.11028
0.991064 -0.0885027 -0.102003
1.04028 -0.0946189 -0.123626
1.0858 -0.0999591 -0.116784
1.13275 -0.105832 -0.124458
1.16329 -0.107966 -0.0697574
1.20777 -0.110519 -0.0573361
1.24217 -0.112019 -0.0435744
1.28381 -0.114036 -0.0483939
1.32687 -0.116798 -0.0640701
1.37258 -0.118579 -0.038943
1.39754 -0.119686 -0.0443065
1.43914 -0.122625 -0.0705418
1.4868 -0.125134 -0.0525922
1.53665 -0.128889 -0.0751765
1.58572 -0.13225 -0.0683953
1.63485 -0.135531 -0.0666739
1.68093 -0.139597 -0.0880172
1.72451 -0.142932 -0.0763698
1.77391 -0.148497 -0.112181
1.82265 -0.152623 -0.0844497
1.86973 -0.156185 -0.0755054
1.91718 -0.16239 -0.13005
1.95858 -0.17018 -0.185978
2.00743 -0.18077 -0.21349
2.05664 -0.189566 -0.176886
2.10569 -0.196403 -0.138486
2.15133 -0.202252 -0.127459
2.20001 -0.208978 -0.137289
2.24413 -0.216769 -0.174809
2.28808 -0.222684 -0.133781
2.33697 -0.230164 -0.151791
2.38569 -0.239343 -0.18623
2.429 -0.2507 -0.25644
2.47616 -0.261879 -0.232764
2.52428 -0.272943 -0.225977
2.56702 -0.281819 -0.204787
2.6152 -0.291488 -0.198073
2.66212 -0.302484 -0.230198
2.70282 -0.310585 -0.196437
2.75054 -0.319443 -0.183559
2.79049 -0.328165 -0.21493
2.83635 -0.336747 -0.184997
2.88327 -0.345894 -0.192543
2.93217 -0.356312 -0.20989
2.98117 -0.365874 -0.192749
3.01936 -0.371704 -0.15148
3.06841 -0.379299 -0.15361
3.11651 -0.387398 -0.166833
3.15279 -0.39261 -0.142644
3.19527 -0.397886 -0.123578
3.23355 -0.40262 -0.123042
3.27781 -0.40803 -0.121633
3.32703 -0.415061 -0.141879
3.37603 -0.421729 -0.135258
3.41914 -0.425635 -0.0903573
3.46097 -0.429129 -0.0833333
3.49824 -0.432548 -0.0914893
3.5463 -0.437307 -0.0986953
3.57246 -0.440175 -0.109189
3.61671 -0.443627 -0.0778598
3.6501 -0.445955 -0.0695909
3.69357 -0.450946 -0.11434
3.73537 -0.454572 -0.0865334
3.76681 -0.456554 -0.0629494
3.80723 -0.458125 -0.0388544
3.85243 -0.459604 -0.032707
3.89382 -0.462126 -0.0608421
3.93985 -0.465492 -0.0730022
3.98488 -0.469988 -0.0995301
4.02383 -0.473396 -0.0872564
4.06135 -0.476014 -0.0696701
4.09856 -0.478896 -0.0772967
4.14493 -0.483705 -0.103351
4.17864 -0.48763 -0.115903
4.21916 -0.491677 -0.0995594
4.26679 -0.496681 -0.104673
4.31052 -0.50323 -0.14864
4.35663 -0.511319 -0.173679
4.38502 -0.517255 -0.206107
4.41443 -0.523776 -0.218209
4.45392 -0.532561 -0.21887
4.47524 -0.537824 -0.242042
4.49569 -0.543474 -0.269527
4.51689 -0.54976 -0.288262
4.54389 -0.559944 -0.360655
4.57342 -0.569139 -0.301876
4.60473 -0.578533 -0.291539
4.64291 -0.589836 -0.287828
4.68713 -0.600077 -0.227574
4.70585 -0.604446 -0.229313
4.73133 -0.61058 -0.23624
4.74474 -0.613683 -0.227287
4.74589 -0.613973 -0.247915
4.77162 -0.621475 -0.283685
4.79601 -0.628904 -0.295713
4.83462 -0.640983 -0.303181
4.85498 -0.647725 -0.319824
4.87533 -0.654611 -0.326148
4.8907 -0.659226 -0.29178
4.90547 -0.66323 -0.264681
4.91272 -0.665311 -0.279585
4.92731 -0.669451 -0.276572
4.94355 -0.674574 -0.305465
4.95887 -0.679085 -0.286437
4.97134 -0.682935 -0.299464
4.97962 -0.685661 -0.318047
4.99525 -0.690839 -0.319945
5.00178 -0.693044 -0.325513
5.00532 -0.694293 -0.33856
5.02235 -0.700562 -0.352721
5.03724 -0.706303 -0.368123
5.04127 -0.707872 -0.371446
5.05044 -0.711305 -0.358172
5.06224 -0.715703 -0.356708
5.07718 -0.721368 -0.362413
5.10278 -0.730581 -0.345462
5.11243 -0.734279 -0.365865
5.12258 -0.738268 -0.374454
5.13349 -0.742368 -0.35951
5.1397 -0.7444 -0.316317
5.14508 -0.745997 -0.288747
5.14794 -0.746806 -0.27488
5.15819 -0.74925 -0.234173
5.16893 -0.75221 -0.268961
5.17856 -0.755145 -0.295675
5.17998 -0.755641 -0.335577
5.18433 -0.757208 -0.346111
5.18927 -0.759067 -0.360187
5.19474 -0.761241 -0.37823
5.20073 -0.763929 -0.421483
5.21986 -0.772147 -0.40584
True
0.0670048
