-5.45508 -0.394806 -0.107414
-5.40628 -0.399195 -0.0896876
-5.36493 -0.404977 -0.138941
-5.32796 -0.410915 -0.159273
-5.27878 -0.417958 -0.142245
-5.23792 -0.422054 -0.0999174
-5.18831 -0.428032 -0.119914
-5.1388 -0.434292 -0.125773
-5.09386 -0.439312 -0.111245
-5.05001 -0.444502 -0.11781
-5.00843 -0.450027 -0.132106
-4.96463 -0.456047 -0.136578
-4.91561 -0.464692 -0.174555
-4.869 -0.47188 -0.153009
-4.81999 -0.480679 -0.17766
-4.77465 -0.489375 -0.189473
-4.72925 -0.497727 -0.181933
-4.6821 -0.505288 -0.159
-4.63607 -0.515079 -0.20961
-4.59673 -0.523983 -0.222575
-4.54914 -0.535895 -0.24526
-4.51547 -0.545914 -0.289186
-4.4706 -0.558554 -0.274623
-4.42253 -0.571382 -0.26078
-4.37487 -0.586165 -0.300734
-4.33651 -0.597551 -0.288602
-4.30073 -0.607233 -0.264223
-4.25312 -0.619858 -0.259189
-4.21235 -0.629327 -0.228258
-4.16723 -0.641253 -0.258368
-4.13393 -0.651509 -0.298815
-4.0866 -0.667229 -0.320685
-4.03914 -0.682874 -0.318397
-3.99733 -0.696002 -0.304251
-3.95547 -0.70862 -0.29278
-3.91708 -0.720091 -0.290358
-3.86968 -0.734851 -0.30186
-3.82165 -0.748336 -0.273709
-3.7776 -0.762292 -0.306814
-3.73094 -0.780179 -0.366048
-3.68714 -0.794822 -0.322663
-3.6405 -0.81225 -0.357617
-3.60077 -0.828073 -0.378968
-3.55344 -0.844207 -0.328559
-3.51291 -0.858303 -0.334669
-3.47534 -0.871338 -0.333937
-3.43121 -0.886761 -0.336278
-3.38842 -0.899346 -0.286032
-3.34094 -0.913361 -0.287022
-3.29242 -0.92528 -0.240856
-3.24546 -0.940025 -0.304313
-3.19825 -0.954028 -0.288329
-3.15152 -0.96838 -0.29796
-3.1132 -0.979683 -0.286838
-3.0659 -0.995238 -0.317746
-3.0272 -1.00767 -0.310842
-2.98283 -1.0225 -0.322578
-2.93579 -1.03764 -0.311223
-2.89372 -1.05189 -0.326671
-2.84695 -1.06834 -0.338197
-2.79985 -1.08501 -0.340221
-2.75476 -1.102 -0.360268
-2.71143 -1.11701 -0.333483
-2.66879 -1.13267 -0.351988
-2.62416 -1.14698 -0.310401
-2.57822 -1.16449 -0.364141
-2.53167 -1.18118 -0.344103
-2.4846 -1.19741 -0.332209
-2.43923 -1.21463 -0.362656
-2.39252 -1.23248 -0.365064
-2.351 -1.24988 -0.396754
-2.30396 -1.2667 -0.343565
-2.25736 -1.28424 -0.359963
-2.20949 -1.2985 -0.28945
-2.17052 -1.31177 -0.328191
-2.13321 -1.32355 -0.305742
-2.0885 -1.33581 -0.267828
-2.05409 -1.34473 -0.253416
-2.00922 -1.35536 -0.232718
-1.9614 -1.36456 -0.190082
-1.91371 -1.37539 -0.223259
-1.8658 -1.38568 -0.21164
-1.81665 -1.39373 -0.162263
-1.76754 -1.40288 -0.184283
-1.71917 -1.40765 -0.0981625
-1.66952 -1.41293 -0.105994
-1.62336 -1.4173 -0.0943395
-1.57507 -1.42006 -0.057102
-1.52599 -1.42382 -0.0764683
-1.47628 -1.4285 -0.0939342
-1.43535 -1.43198 -0.0846741
-1.38739 -1.43498 -0.0625824
-1.34509 -1.43891 -0.092649
-1.30956 -1.44129 -0.0668808
-1.26432 -1.44468 -0.0746745
-1.22399 -1.44794 -0.080869
-1.17558 -1.45267 -0.0973774
-1.12925 -1.45789 -0.112082
-1.08392 -1.46298 -0.111761
-1.04802 -1.46731 -0.12024
-0.999377 -1.47186 -0.0932527
-0.949943 -1.47474 -0.0580704
-0.90146 -1.47715 -0.0497521
-0.858216 -1.47677 0.00878535
-0.821099 -1.47541 0.0366787
-0.773467 -1.47196 0.0721925
-0.724644 -1.46829 0.0751811
-0.677852 -1.46542 0.061252
-0.63994 -1.46312 0.060614
-0.590863 -1.45919 0.0799342
-0.543423 -1.45534 0.0809117
-0.494656 -1.45249 0.058335
-0.444723 -1.44991 0.0516392
-0.396458 -1.44846 0.0299427
-0.346617 -1.44738 0.0216786
-0.298679 -1.44776 -0.00784634
-0.251131 -1.44562 0.0449125
-0.20433 -1.4437 0.0410549
-0.155414 -1.44278 0.0187776
-0.105705 -1.44277 0.000245916
-0.0713545 -1.4437 -0.0271983
-0.0242854 -1.44386 -0.0033425
0.0215521 -1.44322 0.0140538
0.0715118 -1.44227 0.0188991
0.119879 -1.4388 0.0716949
0.165296 -1.43524 0.078086
0.207421 -1.43001 0.123612
0.250697 -1.42492 0.117071
0.299146 -1.42168 0.0668003
0.348836 -1.41734 0.0870594
0.386656 -1.41569 0.0435798
0.427407 -1.41583 -0.0033352
0.476341 -1.41503 0.0163748
0.520286 -1.41582 -0.018119
0.570258 -1.41622 -0.00796741
0.60257 -1.41693 -0.0218296
0.644444 -1.41795 -0.0244458
0.694395 -1.4167 0.0250126
0.723757 -1.41668 0.000854764
0.761821 -1.41629 0.0102634
0.80784 -1.41694 -0.0141364
0.844469 -1.41806 -0.0306605
0.89405 -1.42042 -0.047534
0.941703 -1.4221 -0.0352237
0.986741 -1.42297 -0.0193102
1.02576 -1.42252 0.0115026
1.07511 -1.42169 0.0168536
1.12362 -1.42177 -0.00165904
1.17357 -1.42152 0.00490059
1.21909 -1.41956 0.0431747
1.26084 -1.41871 0.0203473
1.30047 -1.41752 0.0298576
1.33917 -1.41662 0.02323
1.38824 -1.41541 0.0248073
1.4364 -1.41563 -0.00462082
1.48578 -1.41472 0.0183318
1.53459 -1.41423 0.0102224
1.57822 -1.41133 0.0662609
1.62815 -1.40893 0.0480185
1.67806 -1.40598 0.0590115
1.72802 -1.40474 0.0248865
1.7656 -1.40194 0.0743587
1.79965 -1.40026 0.0493708
1.83991 -1.39823 0.0504193
1.88931 -1.39525 0.0601948
1.93927 -1.39352 0.034549
1.98917 -1.39089 0.0525792
2.03917 -1.39013 0.0152402
2.08864 -1.39052 -0.0079008
2.13864 -1.39011 0.00827607
2.18395 -1.39068 -0.0126787
2.23333 -1.39061 0.00147386
2.28303 -1.39297 -0.0473602
2.33295 -1.39539 -0.0484082
2.37203 -1.39739 -0.051187
2.42187 -1.40123 -0.0769286
2.4706 -1.40586 -0.0947141
2.52049 -1.40914 -0.0657214
2.56729 -1.41406 -0.10462
2.60445 -1.41816 -0.109863
2.65215 -1.42191 -0.0785359
2.69734 -1.42416 -0.049689
2.74102 -1.42758 -0.0781348
2.7817 -1.43135 -0.0923876
2.82878 -1.43546 -0.0871988
2.87554 -1.43874 -0.0699249
2.92548 -1.44038 -0.0328547
2.97406 -1.44299 -0.0536633
3.02244 -1.44549 -0.0516828
3.0674 -1.44866 -0.0704248
3.11535 -1.45114 -0.0516336
3.1602 -1.45517 -0.0896716
3.19941 -1.45918 -0.101961
3.24284 -1.46288 -0.0849269
3.28613 -1.46711 -0.0974022
3.33032 -1.47213 -0.113022
3.37968 -1.47895 -0.137392
3.41763 -1.4845 -0.145138
3.46272 -1.4911 -0.145439
3.50102 -1.4978 -0.173149
3.54701 -1.50723 -0.202308
3.59113 -1.51743 -0.22704
3.61507 -1.52283 -0.221929
3.63741 -1.52662 -0.168111
3.66764 -1.52958 -0.0977146
3.69948 -1.53334 -0.117448
3.72481 -1.53634 -0.117892
3.7714 -1.54427 -0.168576
3.79073 -1.54735 -0.157742
3.83337 -1.55383 -0.150837
3.8793 -1.56129 -0.161161
3.92417 -1.57016 -0.195144
3.94732 -1.57451 -0.185455
3.95956 -1.57716 -0.213199
3.98494 -1.58346 -0.243624
4.01039 -1.58881 -0.207225
4.03559 -1.59438 -0.217525
4.04674 -1.59699 -0.229823
4.05923 -1.60006 -0.240865
4.07204 -1.60382 -0.285282
4.09204 -1.61048 -0.321701
4.1187 -1.61996 -0.341638
4.13621 -1.62625 -0.344641
4.16829 -1.63613 -0.298955
4.18836 -1.64209 -0.288635
4.20911 -1.64817 -0.284823
4.23183 -1.65505 -0.294193
4.25815 -1.66292 -0.290386
4.28812 -1.67202 -0.294721
4.32027 -1.682 -0.301162
4.35024 -1.69061 -0.279558
4.36389 -1.69409 -0.249881
4.37207 -1.69639 -0.274536
4.38545 -1.69968 -0.241205
4.39927 -1.70247 -0.198918
4.40227 -1.70315 -0.224531
4.41971 -1.70753 -0.245991
4.44684 -1.71343 -0.213851
4.45814 -1.71597 -0.221447
4.47165 -1.71842 -0.179132
4.48372 -1.72049 -0.170491
4.50308 -1.72365 -0.161421
4.5149 -1.72567 -0.169194
4.54174 -1.73023 -0.16845
4.57017 -1.73478 -0.158806
4.58827 -1.7383 -0.191741
4.60122 -1.74068 -0.181997
4.61465 -1.74322 -0.18694
4.62067 -1.74415 -0.152609
4.6405 -1.74656 -0.121078
4.65586 -1.74822 -0.10792
4.67288 -1.74987 -0.0966
4.69592 -1.75225 -0.102803
4.71114 -1.75408 -0.119583
4.72848 -1.75578 -0.0976866
4.73886 -1.75644 -0.0641349
4.75554 -1.75765 -0.0720269
4.77822 -1.75907 -0.0623998
4.80852 -1.76063 -0.0515032
4.82276 -1.7614 -0.0539926
4.83658 -1.76199 -0.0428511
4.84894 -1.76223 -0.0194312
4.85501 -1.76237 -0.0236554
4.86798 -1.7628 -0.0329688
4.8819 -1.76333 -0.0379915
4.90016 -1.76431 -0.0537432
4.91538 -1.76532 -0.0660196
4.9358 -1.76631 -0.0486046
4.94644 -1.7669 -0.0554169
4.97378 -1.76819 -0.0470584
4.99832 -1.77016 -0.0803064
5.01814 -1.7722 -0.102447
5.03097 -1.77356 -0.105585
5.03094 -1.77356 -0.0661039
5.04322 -1.77381 -0.0204968
5.06972 -1.77334 0.017674
5.08078 -1.77302 0.0288326
5.09401 -1.77286 0.0120793
5.10097 -1.77285 0.00222287
5.10624 -1.77294 -0.0179435
5.11458 -1.77341 -0.0553319
5.13289 -1.77469 -0.0697912
5.14407 -1.77585 -0.103752
5.15746 -1.77722 -0.102103
5.16444 -1.7784 -0.16746
5.17082 -1.77971 -0.202888
5.17108 -1.77977 -0.21888
5.17945 -1.78205 -0.265942
5.18833 -1.78477 -0.297345
5.18809 -1.78469 -0.312683
5.19179 -1.78584 -0.300698
5.20098 -1.78859 -0.290759
5.20885 -1.79101 -0.298325
True
0.23259
