-5.45572 -0.231428 -0.106868
-5.40629 -0.237277 -0.117797
-5.35664 -0.241168 -0.078194
-5.30696 -0.245579 -0.0885814
-5.26009 -0.249462 -0.0826329
-5.21263 -0.253273 -0.0801442
-5.16295 -0.258774 -0.110269
-5.11347 -0.265708 -0.139238
-5.07489 -0.269569 -0.0997372
-5.02544 -0.27456 -0.100594
-4.98829 -0.276538 -0.0531772
-4.93939 -0.277972 -0.0293266
-4.89296 -0.279122 -0.0247676
-4.8493 -0.281898 -0.0634897
-4.79984 -0.28352 -0.0327706
-4.75754 -0.286489 -0.0700882
-4.71252 -0.289032 -0.0564282
-4.66682 -0.291829 -0.0611152
-4.62259 -0.295605 -0.0851735
-4.5746 -0.29926 -0.0760182
-4.52588 -0.304432 -0.105762
-4.47725 -0.309163 -0.0969703
-4.43607 -0.314397 -0.126442
-4.38685 -0.321295 -0.139237
-4.34627 -0.330336 -0.219208
-4.29871 -0.339873 -0.197935
-4.25373 -0.349784 -0.216855
-4.20647 -0.35878 -0.188096
-4.15961 -0.369267 -0.220188
-4.11182 -0.382167 -0.263631
-4.06369 -0.395455 -0.269368
-4.01689 -0.412916 -0.357108
-3.97628 -0.429847 -0.394979
-3.93734 -0.448028 -0.436797
-3.89377 -0.466703 -0.404968
-3.84774 -0.48623 -0.401235
-3.80135 -0.504865 -0.381943
-3.75631 -0.52374 -0.396866
-3.71054 -0.543652 -0.410291
-3.66491 -0.564094 -0.421242
-3.62129 -0.58593 -0.464094
-3.58605 -0.603185 -0.455346
-3.54272 -0.624899 -0.464557
-3.49805 -0.647285 -0.464522
-3.45483 -0.669798 -0.480203
-3.41045 -0.69281 -0.478387
-3.37436 -0.713255 -0.51537
-3.32998 -0.735522 -0.465107
-3.29204 -0.755278 -0.480077
-3.24809 -0.778299 -0.482513
-3.20387 -0.8009 -0.472471
-3.16055 -0.825857 -0.522618
-3.11665 -0.849715 -0.497828
-3.07323 -0.873761 -0.505806
-3.04009 -0.891625 -0.494423
-3.00319 -0.911118 -0.485912
-2.95997 -0.933575 -0.479259
-2.91642 -0.958076 -0.512389
-2.87254 -0.982034 -0.499835
-2.83167 -1.00245 -0.463289
-2.7879 -1.02341 -0.446544
-2.74307 -1.0449 -0.447008
-2.69798 -1.06641 -0.445048
-2.65612 -1.08741 -0.465033
-2.61159 -1.10771 -0.427723
-2.56836 -1.12546 -0.389741
-2.52258 -1.14553 -0.4131
-2.47884 -1.1605 -0.329776
-2.43169 -1.17627 -0.322675
-2.38482 -1.19135 -0.311281
-2.34314 -1.20434 -0.302163
-2.29572 -1.21946 -0.308761
-2.25678 -1.23139 -0.297298
-2.21213 -1.24338 -0.262132
-2.17005 -1.25669 -0.306439
-2.12194 -1.27025 -0.274696
-2.07394 -1.2818 -0.23624
-2.02632 -1.29145 -0.199891
-1.97764 -1.30046 -0.182962
-1.93312 -1.30969 -0.204465
-1.90232 -1.31342 -0.120569
-1.85869 -1.32037 -0.157936
-1.81598 -1.32709 -0.156016
-1.76798 -1.33356 -0.134024
-1.72064 -1.34075 -0.150793
-1.67123 -1.34602 -0.10629
-1.62796 -1.35258 -0.150337
-1.5789 -1.3594 -0.138166
-1.53807 -1.36411 -0.114768
-1.48895 -1.37177 -0.154651
-1.44045 -1.38058 -0.179775
-1.40125 -1.38771 -0.180046
-1.35692 -1.39519 -0.16703
-1.30919 -1.40166 -0.13473
-1.26088 -1.40794 -0.129302
-1.21141 -1.41512 -0.144139
-1.17206 -1.42066 -0.139791
-1.12254 -1.42743 -0.135916
-1.07581 -1.43465 -0.153236
-1.02692 -1.4439 -0.187125
-0.9775 -1.4515 -0.152485
-0.92845 -1.46072 -0.185915
-0.885464 -1.46917 -0.194115
-0.84102 -1.47525 -0.135925
-0.791663 -1.47805 -0.0566709
-0.756781 -1.47923 -0.0337994
-0.707423 -1.47954 -0.00630531
-0.660424 -1.4828 -0.069079
-0.611988 -1.48319 -0.00807944
-0.562876 -1.48392 -0.0148362
-0.513357 -1.48359 0.00666985
-0.466314 -1.48383 -0.00530158
-0.416886 -1.48206 0.0359842
-0.367097 -1.47747 0.0918362
-0.32588 -1.47368 0.0918111
-0.276197 -1.46824 0.109005
-0.231755 -1.46454 0.0829692
-0.184876 -1.4602 0.0923314
-0.136975 -1.45643 0.0785417
-0.0966185 -1.45324 0.0789139
-0.0477271 -1.45119 0.0420021
0.000973331 -1.44679 0.0900353
0.048267 -1.4431 0.0778386
0.09823 -1.44125 0.0369622
0.139571 -1.43952 0.0418101
0.187348 -1.44037 -0.01774
0.222477 -1.44138 -0.0288555
0.264088 -1.44183 -0.0107342
0.305019 -1.44422 -0.0582291
0.354959 -1.44655 -0.0466458
0.400554 -1.44661 -0.00129904
0.448281 -1.44731 -0.0146803
0.497924 -1.45082 -0.0705279
0.544509 -1.45242 -0.0343741
0.587229 -1.45546 -0.0711187
0.636406 -1.4576 -0.0433851
0.684059 -1.45848 -0.0186336
0.724775 -1.45868 -0.00483172
0.771451 -1.45658 0.0448881
0.820707 -1.45329 0.0667659
0.868825 -1.45128 0.0417474
0.913556 -1.45096 0.00715215
0.951621 -1.44831 0.0694759
0.996992 -1.44512 0.0702265
1.04419 -1.4421 0.0638397
1.09365 -1.44175 0.00707881
1.14025 -1.44085 0.0192939
1.18991 -1.43967 0.0238192
1.23633 -1.43959 0.00176529
1.28515 -1.44032 -0.01502
1.33441 -1.44136 -0.0211222
1.38439 -1.44187 -0.0101779
1.43424 -1.44495 -0.0616642
1.48413 -1.4483 -0.0670776
1.51583 -1.44932 -0.0320876
1.55978 -1.45245 -0.0711242
1.60484 -1.45505 -0.0575643
1.65024 -1.46002 -0.109019
1.6877 -1.46421 -0.111403
1.73432 -1.46709 -0.061804
1.78129 -1.47061 -0.0747503
1.82885 -1.47344 -0.0595088
1.87876 -1.47635 -0.0581911
1.92693 -1.47766 -0.0272241
1.97667 -1.47879 -0.0226483
2.02421 -1.47807 0.0150736
2.07409 -1.47637 0.0340845
2.11511 -1.47649 -0.00279156
2.16485 -1.47733 -0.0168846
2.21112 -1.47732 0.000210315
2.26066 -1.47686 0.00914651
2.30886 -1.47484 0.0418436
2.35879 -1.47539 -0.0109899
2.40627 -1.47496 0.00911985
2.45604 -1.4732 0.0353841
2.50365 -1.47351 -0.00659408
2.54946 -1.47429 -0.0170215
2.59644 -1.47606 -0.0376029
2.6464 -1.478 -0.0389044
2.67645 -1.47812 -0.00383409
2.72252 -1.47754 0.0125023
2.76815 -1.47668 0.0189113
2.81815 -1.47723 -0.0110898
2.86785 -1.47518 0.0413066
2.91227 -1.4727 0.0557613
2.95949 -1.46827 0.0934409
3.00928 -1.46698 0.0260701
3.0545 -1.46468 0.0507223
3.09199 -1.46301 0.0445894
3.14131 -1.46079 0.0449778
3.18196 -1.45913 0.04081
3.21764 -1.45852 0.0170125
3.2651 -1.45611 0.0507848
3.31197 -1.45405 0.0438081
3.35803 -1.45296 0.023732
3.39646 -1.45259 0.00963958
3.43676 -1.45306 -0.0116576
3.4802 -1.45391 -0.0195115
3.52475 -1.45648 -0.0576453
3.56565 -1.45819 -0.0418436
3.6041 -1.45947 -0.0331176
3.64528 -1.46199 -0.0612931
3.67798 -1.46379 -0.0547861
3.71796 -1.46549 -0.0426012
3.75383 -1.4675 -0.0560422
3.79461 -1.46916 -0.0405123
3.82645 -1.47019 -0.0323245
3.85411 -1.47003 0.00559079
3.89759 -1.46873 0.029938
3.93395 -1.46621 0.0692287
3.97329 -1.4651 0.0282596
4.0074 -1.46715 -0.0600537
4.0349 -1.46915 -0.0726884
4.0722 -1.47179 -0.0707722
4.1152 -1.47347 -0.038952
4.16142 -1.4744 -0.0201487
4.2094 -1.47449 -0.00186576
4.25096 -1.47619 -0.0408842
4.2916 -1.47936 -0.0779025
4.32641 -1.48248 -0.0892683
4.3655 -1.48435 -0.0478452
4.39037 -1.48583 -0.0593005
4.40191 -1.48637 -0.0467651
4.41512 -1.48664 -0.0206883
4.43042 -1.48678 -0.00943507
4.452 -1.48685 -0.00307028
4.47615 -1.48737 -0.0217101
4.48813 -1.4878 -0.0352186
4.50106 -1.48809 -0.0229896
4.51819 -1.48861 -0.0300191
4.54013 -1.48913 -0.0238186
4.56195 -1.49006 -0.0427672
4.58326 -1.49044 -0.0177707
4.60526 -1.49115 -0.0321626
4.61916 -1.49125 -0.0073935
4.62618 -1.4916 -0.0494752
4.66266 -1.49472 -0.0852096
4.69042 -1.49725 -0.0907969
4.7219 -1.49872 -0.0466803
4.76226 -1.49969 -0.0240843
4.78786 -1.49959 0.0036457
4.81139 -1.49922 0.0158674
4.83256 -1.4992 0.00106259
4.85365 -1.49904 0.0075057
4.86538 -1.4988 0.0207713
4.8777 -1.49872 0.00617387
4.89376 -1.49897 -0.0154858
4.91245 -1.50005 -0.0579719
4.91683 -1.50014 -0.0189063
4.92929 -1.50046 -0.0254941
4.94895 -1.50071 -0.0129329
4.96429 -1.50085 -0.00934632
4.97672 -1.50085 0.000456254
4.98978 -1.50161 -0.0584154
4.99912 -1.5025 -0.0946399
5.00957 -1.50426 -0.166902
5.02006 -1.5061 -0.173544
5.02801 -1.5075 -0.174726
5.03028 -1.50783 -0.145097
5.03415 -1.50838 -0.140399
5.04028 -1.50906 -0.10985
5.06255 -1.51147 -0.107794
5.07085 -1.51218 -0.0864024
5.08435 -1.51369 -0.110779
5.08157 -1.51338 -0.109241
5.09776 -1.51553 -0.131716
5.09732 -1.51547 -0.121308
5.10775 -1.51655 -0.103027
5.12252 -1.51833 -0.119982
5.13664 -1.5207 -0.166234
5.14648 -1.52275 -0.205082
5.15914 -1.52569 -0.228068
5.16705 -1.52679 -0.139174
5.18153 -1.52801 -0.0840426
5.18393 -1.5282 -0.0777052
5.18656 -1.52825 -0.0197015
5.18927 -1.52824 0.00478962
5.19928 -1.52797 0.0269619
5.21407 -1.52753 0.0298957
True
0.238308
