-5.4634 1.20471 -0.206687
-5.41454 1.19446 -0.206665
-5.36609 1.18437 -0.205394
-5.31961 1.17523 -0.194307
-5.28143 1.16636 -0.228114
-5.2333 1.15567 -0.21868
-5.18588 1.14726 -0.175427
-5.13678 1.13917 -0.16336
-5.09077 1.13077 -0.180403
-5.04266 1.12231 -0.174222
-4.99327 1.11452 -0.156297
-4.94576 1.10761 -0.144511
-4.89793 1.10195 -0.117791
-4.84838 1.09544 -0.130634
-4.80307 1.08559 -0.214205
-4.75413 1.07752 -0.163413
-4.70807 1.06944 -0.17362
-4.67206 1.06556 -0.107306
-4.62301 1.05959 -0.121095
-4.57601 1.05305 -0.138305
-4.52682 1.04837 -0.0947253
-4.48745 1.04552 -0.0723475
-4.43789 1.04323 -0.0461054
-4.38952 1.03809 -0.106001
-4.34007 1.032 -0.122504
-4.29978 1.02669 -0.130931
-4.2511 1.01958 -0.145101
-4.20206 1.01045 -0.184059
-4.15852 1.00166 -0.199183
-4.11083 0.987433 -0.289933
-4.06271 0.97512 -0.250519
-4.01825 0.963916 -0.246852
-3.97836 0.953472 -0.256047
-3.93377 0.942822 -0.234502
-3.88548 0.930535 -0.249146
-3.84982 0.922337 -0.225957
-3.81025 0.912395 -0.246156
-3.76152 0.902264 -0.204991
-3.71281 0.892419 -0.199438
-3.66666 0.883907 -0.18236
-3.62132 0.875734 -0.178347
-3.58066 0.867287 -0.204853
-3.54217 0.859709 -0.194387
-3.49293 0.851189 -0.171341
-3.44472 0.842605 -0.1762
-3.39629 0.831811 -0.219312
-3.34851 0.820964 -0.223226
-3.30462 0.812338 -0.194079
-3.2641 0.802314 -0.242496
-3.2215 0.793333 -0.207774
-3.17264 0.783764 -0.193382
-3.13276 0.775427 -0.206114
-3.08358 0.768732 -0.135298
-3.03998 0.762896 -0.133037
-2.9943 0.757252 -0.122935
-2.94499 0.749 -0.165838
-2.89657 0.743738 -0.108247
-2.84713 0.736271 -0.149903
-2.79791 0.727557 -0.175209
-2.75528 0.719861 -0.178638
-2.70901 0.709775 -0.214595
-2.6599 0.700806 -0.180658
-2.61429 0.692392 -0.182417
-2.56528 0.684188 -0.165861
-2.5188 0.674604 -0.203351
-2.47107 0.660214 -0.292796
-2.4458 0.653576 -0.256883
-2.39784 0.640269 -0.270651
-2.34956 0.627375 -0.260986
-2.30323 0.615118 -0.258653
-2.25901 0.602174 -0.284755
-2.21358 0.588884 -0.284575
-2.17767 0.578078 -0.292312
-2.1289 0.567079 -0.221813
-2.09056 0.559844 -0.186504
-2.04224 0.549457 -0.211771
-1.9966 0.54193 -0.163443
-1.95467 0.533345 -0.201924
-1.91464 0.524819 -0.20989
-1.86544 0.51611 -0.175179
-1.81972 0.507844 -0.178883
-1.7703 0.500665 -0.144241
-1.72227 0.490052 -0.217502
-1.67345 0.480091 -0.20124
-1.62645 0.469948 -0.212578
-1.57734 0.46175 -0.165397
-1.53045 0.453925 -0.165353
-1.48141 0.446436 -0.151536
-1.43345 0.439663 -0.140304
-1.38456 0.430988 -0.175623
-1.33612 0.423587 -0.151621
-1.2888 0.41449 -0.189906
-1.24377 0.406258 -0.180835
-1.19476 0.396416 -0.198162
-1.15373 0.3879 -0.204633
-1.10508 0.376683 -0.226611
-1.06452 0.36783 -0.21491
-1.01595 0.356862 -0.222094
-0.973857 0.34747 -0.219526
-0.92512 0.336302 -0.225254
-0.876261 0.325758 -0.21255
-0.828459 0.314551 -0.230289
-0.780096 0.30492 -0.196574
-0.731048 0.295302 -0.193621
-0.682373 0.284463 -0.21911
-0.642415 0.275008 -0.232351
-0.59701 0.264297 -0.231677
-0.553033 0.253311 -0.244782
-0.505505 0.239127 -0.290037
-0.458272 0.223333 -0.322689
-0.414331 0.20924 -0.310356
-0.369625 0.1956 -0.29614
-0.323796 0.178683 -0.353623
-0.279387 0.163543 -0.328551
-0.23493 0.150234 -0.29089
-0.187249 0.138127 -0.248646
-0.139161 0.124446 -0.277175
-0.0914448 0.109762 -0.298549
-0.0438037 0.0954014 -0.29277
0.00398371 0.0808215 -0.296128
0.0482207 0.066785 -0.307255
0.0934993 0.0522816 -0.309988
0.141169 0.0386037 -0.279425
0.188359 0.0230429 -0.318517
0.233745 0.00804424 -0.319174
0.281301 -0.00710136 -0.30832
0.318354 -0.0207394 -0.352679
0.361194 -0.0335178 -0.289882
0.39234 -0.0420723 -0.268051
0.433855 -0.0548502 -0.298588
0.482325 -0.0670986 -0.247519
0.530043 -0.0818955 -0.300686
0.575914 -0.0941546 -0.26115
0.620775 -0.106092 -0.260069
0.665424 -0.117387 -0.247766
0.712563 -0.128779 -0.237136
0.760972 -0.141268 -0.252485
0.804127 -0.153138 -0.268409
0.850526 -0.167577 -0.301693
0.893836 -0.179362 -0.265687
0.941609 -0.19396 -0.296557
0.982698 -0.205959 -0.284103
1.03094 -0.218984 -0.263699
1.06454 -0.228581 -0.278231
1.11084 -0.242355 -0.289158
1.15922 -0.254744 -0.250697
1.20768 -0.266906 -0.245871
1.25638 -0.27814 -0.226754
1.29933 -0.288149 -0.228951
1.34059 -0.297417 -0.220933
1.37678 -0.305739 -0.226044
1.42422 -0.316182 -0.216666
1.47206 -0.327341 -0.229156
1.52001 -0.339071 -0.23991
1.5588 -0.349084 -0.252632
1.60215 -0.359994 -0.246511
1.64585 -0.373195 -0.293413
1.68886 -0.387685 -0.324972
1.73428 -0.401827 -0.301797
1.77824 -0.415488 -0.301301
1.82511 -0.431521 -0.3296
1.86994 -0.447775 -0.347839
1.91301 -0.462834 -0.336356
1.96029 -0.476966 -0.290454
2.00703 -0.490542 -0.282666
2.05452 -0.5028 -0.252618
2.10155 -0.516816 -0.289625
2.14036 -0.526323 -0.240247
2.18725 -0.53963 -0.276544
2.23097 -0.551854 -0.272613
2.27822 -0.566537 -0.301275
2.32459 -0.579898 -0.280565
2.37152 -0.596996 -0.349355
2.41008 -0.60861 -0.2926
2.45735 -0.623589 -0.306834
2.50378 -0.638153 -0.303986
2.55185 -0.651773 -0.276053
2.59951 -0.666842 -0.306232
2.64595 -0.680369 -0.283476
2.69334 -0.696187 -0.322132
2.74057 -0.711314 -0.309969
2.78835 -0.725173 -0.282326
2.83549 -0.737355 -0.252884
2.88249 -0.749182 -0.246514
2.93063 -0.762504 -0.269982
2.97475 -0.775399 -0.284327
3.01315 -0.787089 -0.295516
3.05989 -0.800592 -0.281239
3.10443 -0.813833 -0.288952
3.1461 -0.825303 -0.268666
3.19314 -0.839355 -0.290231
3.23386 -0.851945 -0.299897
3.28172 -0.866091 -0.287396
3.32512 -0.87946 -0.298767
3.36237 -0.888919 -0.248712
3.41128 -0.897881 -0.181217
3.45788 -0.906944 -0.19207
3.49088 -0.912204 -0.158086
3.52369 -0.918492 -0.189346
3.54816 -0.923531 -0.203062
3.57495 -0.929525 -0.220183
3.61001 -0.935996 -0.182517
3.65302 -0.942894 -0.159022
3.66456 -0.944309 -0.122039
3.68553 -0.946484 -0.103306
3.71474 -0.949045 -0.0874449
3.74541 -0.9509 -0.0604287
3.77003 -0.95196 -0.0430246
3.78728 -0.952731 -0.0446565
3.81577 -0.953779 -0.0367629
3.85138 -0.955073 -0.0363158
3.89011 -0.957648 -0.0664104
3.93654 -0.960838 -0.0685839
3.96823 -0.963424 -0.0814172
4.00625 -0.96607 -0.0694961
4.03014 -0.968409 -0.0975808
4.05977 -0.971415 -0.101101
4.07079 -0.972523 -0.100274
4.0893 -0.974995 -0.132735
4.11432 -0.977518 -0.100528
4.13852 -0.98009 -0.105864
4.17894 -0.984617 -0.111536
4.21862 -0.98985 -0.131148
4.25282 -0.994785 -0.143281
4.28356 -0.999164 -0.141483
4.30848 -1.00225 -0.123277
4.33007 -1.0047 -0.113169
4.36336 -1.00824 -0.105792
4.39156 -1.01142 -0.112424
4.40877 -1.0138 -0.136988
4.43985 -1.01842 -0.14771
4.46018 -1.02152 -0.151186
4.48079 -1.0252 -0.176617
4.50484 -1.02869 -0.144184
4.5335 -1.03243 -0.129734
4.56088 -1.03678 -0.157702
4.59311 -1.04274 -0.182725
4.61882 -1.04743 -0.180385
4.64922 -1.05255 -0.167032
4.66876 -1.05598 -0.173685
4.69233 -1.06034 -0.182795
4.71742 -1.06585 -0.216441
4.73878 -1.07081 -0.228005
4.77493 -1.08041 -0.25956
4.79697 -1.0856 -0.231335
4.82919 -1.09209 -0.198883
4.86923 -1.09931 -0.178278
4.90139 -1.10651 -0.220263
4.91802 -1.11044 -0.231973
4.94393 -1.11731 -0.259206
4.96508 -1.12291 -0.258759
4.98033 -1.12719 -0.273695
4.99833 -1.13289 -0.306542
5.01911 -1.13852 -0.264866
5.03355 -1.14174 -0.219548
5.04344 -1.14389 -0.213777
5.04661 -1.14451 -0.192845
5.06177 -1.14749 -0.193863
5.06077 -1.14728 -0.206384
5.06633 -1.14855 -0.225855
5.07609 -1.15069 -0.215383
5.08077 -1.15171 -0.214309
5.08933 -1.15337 -0.191317
5.10002 -1.15545 -0.192142
5.11961 -1.15808 -0.133453
5.12914 -1.15933 -0.130563
5.13624 -1.16008 -0.105076
5.14486 -1.16134 -0.145079
5.15223 -1.16213 -0.107363
5.16099 -1.16316 -0.116891
5.17222 -1.16412 -0.0857169
5.17509 -1.1644 -0.0948901
5.18252 -1.16467 -0.0372646
5.1954 -1.16495 -0.0210623
5.1946 -1.16492 -0.0255976
5.20206 -1.1652 -0.0366271
True
0.267274
