4.48884 0.00642295 2.61925
4.47083 0.0173532 2.5961
4.44762 0.0343167 2.51055
4.43169 0.0466994 2.48087
4.39318 0.0779446 2.45992
4.36231 0.10526 2.41719
4.3272 0.139817 2.36419
4.29499 0.174721 2.31597
4.26298 0.212498 2.27385
4.23434 0.250222 2.22007
4.20748 0.289017 2.1764
4.18085 0.327902 2.17124
4.15354 0.369773 2.14877
4.1274 0.410713 2.13912
4.10878 0.4382 2.16623
4.08316 0.480917 2.11103
4.05815 0.523595 2.10088
4.0415 0.555852 2.04713
4.02011 0.595137 2.06936
4.00193 0.639907 1.95656
3.98352 0.685865 1.95183
3.9655 0.728296 1.97239
3.94643 0.772437 1.97861
3.92653 0.818276 1.98044
3.91547 0.846186 1.94795
3.90062 0.888441 1.90877
3.88747 0.923928 1.92572
3.86853 0.967616 1.97986
3.85321 1.00456 1.96389
3.83597 1.05063 1.92891
3.82204 1.08771 1.93023
3.80369 1.13197 1.96372
3.78822 1.17721 1.90039
3.77041 1.22291 1.94236
3.75248 1.26831 1.94697
3.73233 1.31337 1.99136
3.71596 1.35192 1.97233
3.69971 1.38689 2.00559
3.68036 1.42913 2.00044
3.66083 1.47151 2.0026
3.64002 1.51681 2.00145
3.62067 1.55797 2.01022
3.6043 1.59402 1.99698
3.58604 1.63191 2.0199
3.56318 1.67634 2.04607
3.54051 1.71997 2.04995
3.52427 1.75199 2.04026
3.50706 1.78393 2.06495
3.48267 1.82754 2.08075
3.4605 1.86632 2.09014
3.44495 1.89616 2.05106
3.42219 1.93822 2.06693
3.39786 1.98093 2.08855
3.37278 2.0239 2.09917
3.34665 2.06433 2.14466
3.31995 2.10593 2.1413
3.29613 2.14303 2.14152
3.27397 2.17471 2.18112
3.24872 2.21 2.19194
3.22717 2.24044 2.18674
3.20133 2.28001 2.1493
3.18109 2.30819 2.1937
3.15012 2.34743 2.23894
3.11983 2.38565 2.241
3.08942 2.42294 2.25499
3.06067 2.45342 2.32687
3.03541 2.47887 2.35253
3.00336 2.51697 2.27019
2.97099 2.55364 2.29389
2.95172 2.5762 2.2779
2.93098 2.6001 2.28526
2.9033 2.63092 2.30257
2.87103 2.66522 2.3258
2.83889 2.69825 2.34258
2.80429 2.73343 2.34784
2.77876 2.76079 2.32153
2.74325 2.79531 2.37025
2.70722 2.82987 2.37714
2.67003 2.86328 2.40975
2.63284 2.89547 2.42816
2.59825 2.92546 2.42727
2.57151 2.94927 2.41415
2.53509 2.98352 2.38676
2.49768 3.01543 2.43536
2.46485 3.04218 2.45808
2.43371 3.0673 2.46267
2.39394 3.09761 2.49032
2.36986 3.11684 2.46802
2.33497 3.14205 2.51566
2.29583 3.17217 2.48575
2.25858 3.20059 2.48994
2.21795 3.22903 2.53088
2.17934 3.2548 2.55292
2.14256 3.27846 2.57
2.10487 3.30047 2.61316
2.07377 3.31763 2.63729
2.03608 3.33772 2.65184
1.99239 3.36167 2.64021
1.953 3.38506 2.60579
1.9292 3.39861 2.62382
1.89678 3.41918 2.57614
1.85344 3.4441 2.61977
1.82478 3.46106 2.60736
1.79036 3.48116 2.61302
1.74817 3.50799 2.57509
1.70527 3.53342 2.60668
1.66245 3.5592 2.59959
1.62553 3.57937 2.64163
1.58256 3.60102 2.67494
1.53847 3.62461 2.65023
1.49341 3.64604 2.69766
1.44885 3.66693 2.70323
1.41562 3.68364 2.67562
1.38829 3.69818 2.65271
1.346 3.71852 2.69318
1.30201 3.7371 2.74204
1.25714 3.75596 2.74356
1.21284 3.77578 2.721
1.16952 3.79482 2.72753
1.12553 3.81187 2.77181
1.08335 3.82578 2.82289
1.03846 3.83987 2.83758
0.99821 3.85141 2.86235
0.951242 3.86354 2.88879
0.903182 3.87682 2.87217
0.85434 3.88731 2.92993
0.80595 3.89663 2.95135
0.757008 3.90674 2.9378
0.711 3.91642 2.93427
0.662459 3.92571 2.95251
0.616046 3.93799 2.88305
0.568232 3.94886 2.91789
0.520747 3.96133 2.88482
0.481558 3.97121 2.89457
0.437253 3.98093 2.92563
0.391893 3.99014 2.94137
0.344618 4.00045 2.92691
0.303463 4.00806 2.95876
0.2551 4.01778 2.94323
0.205923 4.02674 2.96132
0.160384 4.03451 2.97252
0.117808 4.04241 2.95818
0.0683815 4.04994 2.99046
0.0198039 4.05725 2.99218
-0.0295727 4.06502 2.98562
-0.0790478 4.07138 3.01358
-0.107661 4.07581 2.98811
-0.152323 4.08198 3.0044
-0.201504 4.08913 2.99712
-0.251345 4.0931 3.06214
-0.290769 4.09654 3.0547
-0.340685 4.09939 3.08453
-0.383938 4.09922 3.1455
-0.421324 4.10003 -3.16321
-0.46393 4.10058 3.12848
-0.508844 4.10085 3.13573
-0.556522 4.10129 3.13222
-0.598332 4.09968 3.1802
-0.645038 4.09871 -3.12086
-0.686719 4.09855 -3.13776
-0.735619 4.09942 -3.15944
-0.766423 4.09865 3.16677
-0.808262 4.09646 -3.08934
-0.8528 4.09578 -3.12638
-0.902475 4.09079 -3.04138
-0.946969 4.09004 -3.12468
-0.977985 4.08867 -3.09766
-1.02185 4.08993 -3.17012
-1.07165 4.08995 3.14119
-1.11934 4.08797 3.18292
-1.15608 4.08782 -3.13731
-1.19464 4.08586 -3.09093
-1.23876 4.08354 -3.08906
-1.28768 4.0815 -3.09986
-1.33751 4.08 -3.11162
-1.38347 4.07916 -3.1232
-1.43065 4.07924 -3.14323
-1.4798 4.07939 3.13846
-1.50877 4.07752 3.20599
-1.54097 4.07562 -3.08262
-1.57511 4.07269 -3.05605
-1.60676 4.07115 -3.09303
-1.65676 4.07137 -3.14597
-1.68613 4.07032 3.17742
-1.72902 4.06911 -3.11329
-1.77087 4.06825 -3.12114
-1.82068 4.06907 -3.15811
-1.86563 4.06887 3.14605
-1.91312 4.071 -3.18627
-1.96044 4.07297 3.09997
-2.00835 4.07414 3.117
-2.05292 4.07726 3.07187
-2.10256 4.08258 3.03481
-2.15171 4.08914 3.00882
-2.19433 4.09445 3.0176
-2.24147 4.10058 3.01232
-2.28878 4.10751 2.99607
-2.32399 4.11425 2.95263
-2.37323 4.12113 3.00277
-2.40501 4.12502 3.01985
-2.43921 4.12855 3.03869
-2.47411 4.13145 3.05877
-2.5014 4.13475 3.02094
-2.53223 4.13738 3.05655
-2.57886 4.14314 3.01874
-2.61881 4.14734 3.0368
-2.66831 4.15226 3.04266
-2.71716 4.15738 3.03697
-2.75778 4.16089 3.05546
-2.80049 4.16357 3.07888
-2.82697 4.1639 3.12932
-2.84331 4.16514 3.06578
-2.84594 4.16532 3.07227
-2.85319 4.16589 3.06411
-2.86051 4.1668 3.01726
-2.87283 4.16849 3.00552
-2.89466 4.17143 3.0077
-2.90385 4.17248 3.0276
-2.91215 4.17298 3.08126
-2.9381 4.174 3.10226
-2.95763 4.17503 3.08905
-2.98095 4.1766 3.07424
-3.00671 4.18021 3.0025
-3.04373 4.18481 3.01799
-3.07711 4.18919 3.01119
-3.11477 4.19495 2.98967
-3.14569 4.20005 2.97815
-3.18163 4.20558 2.98894
-3.21466 4.21038 2.9974
-3.22933 4.21201 3.03043
-3.24304 4.21408 2.99215
-3.25402 4.21603 2.96569
-3.26255 4.21732 2.99104
-3.2729 4.21895 2.98626
-3.28165 4.22047 2.96871
-3.30956 4.2254 2.96675
-3.3285 4.22803 3.00372
-3.36428 4.23199 3.03138
-3.38689 4.23434 3.03811
-3.40663 4.23696 3.00965
-3.41719 4.23864 2.98358
-3.42234 4.23965 2.94825
-3.43389 4.24199 2.94133
-3.44593 4.24469 2.92155
-3.46036 4.24863 2.87498
-3.46854 4.25136 2.81881
-3.47631 4.25379 2.83873
-3.48236 4.25573 2.83098
-3.5053 4.26184 2.88124
-3.54072 4.27109 2.88631
-3.5758 4.27997 2.89366
-3.61875 4.29118 2.88632
-3.65122 4.299 2.90522
-3.69071 4.30815 2.91391
-3.73628 4.31627 2.96527
-3.7736 4.32324 2.95693
-3.82158 4.33095 2.98233
-3.83693 4.33366 2.96678
-3.85958 4.33755 2.97156
-3.88418 4.34315 2.91744
-3.90679 4.34904 2.88702
-3.91381 4.35076 2.90117
-3.92978 4.35447 2.91348
-3.95009 4.3593 2.90791
-3.96933 4.36297 2.95293
-3.99102 4.36682 2.96625
-3.99488 4.36759 2.94487
-4.00389 4.3693 2.95406
-4.02486 4.37387 2.92689
-4.0397 4.37656 2.96183
-4.04106 4.37684 2.94165
-4.04276 4.37719 2.93738
-4.04928 4.37862 2.92602
-4.06898 4.38284 2.93081
-4.0738 4.38373 2.9583
-4.07656 4.38433 2.92722
-4.07525 4.38404 2.92553
-4.07975 4.38476 2.98451
-4.09268 4.38682 2.98344
-4.09683 4.38761 2.9541
-4.09562 4.38737 2.95272
-4.11245 4.39043 2.9618
-4.11625 4.39111 2.96579
-4.13346 4.39378 2.98773
-4.13973 4.39474 2.98833
-4.14421 4.39548 2.97897
-4.15751 4.39783 2.96685
-4.15888 4.3981 2.94549
-4.18155 4.40299 2.92902
-4.18578 4.40408 2.88982
-4.19396 4.40615 2.89421
-4.20168 4.40835 2.8636
True
0.17712
