-5.46602 -0.828841 0.0424645
-5.42107 -0.824129 0.104459
-5.37154 -0.819922 0.084738
-5.32226 -0.814095 0.117687
-5.27908 -0.810708 0.0782734
-5.22954 -0.807262 0.0694705
-5.18064 -0.801934 0.108516
-5.13089 -0.798594 0.0670436
-5.08194 -0.794875 0.0758239
-5.0328 -0.794214 0.0134418
-4.98629 -0.792863 0.0290557
-4.94188 -0.791547 0.0296159
-4.89329 -0.79092 0.0129038
-4.85455 -0.789008 0.0493055
-4.80557 -0.786942 0.0421563
-4.77055 -0.784853 0.0595944
-4.72115 -0.784172 0.0137742
-4.6712 -0.783252 0.0184154
-4.62127 -0.784636 -0.0277066
-4.57227 -0.783947 0.0140472
-4.5259 -0.782184 0.0380107
-4.47612 -0.781453 0.0146879
-4.42627 -0.777813 0.0728743
-4.37708 -0.775012 0.0568701
-4.33155 -0.772789 0.0488087
-4.2851 -0.769606 0.068417
-4.25317 -0.766851 0.0860662
-4.21927 -0.764929 0.0566224
-4.17198 -0.759378 0.116838
-4.12277 -0.754213 0.104586
-4.08006 -0.747273 0.161095
-4.04319 -0.74425 0.0818014
-3.99876 -0.740375 0.0870022
-3.95351 -0.736558 0.0841599
-3.90379 -0.731306 0.105241
-3.85569 -0.72656 0.0983634
-3.81698 -0.722289 0.109877
-3.76764 -0.714207 0.162361
-3.72966 -0.707377 0.177925
-3.68159 -0.697375 0.205123
-3.6391 -0.687894 0.219557
-3.59941 -0.680638 0.180818
-3.55029 -0.671324 0.187376
-3.50208 -0.661069 0.209579
-3.45669 -0.648633 0.267459
-3.42238 -0.639835 0.251029
-3.37338 -0.629908 0.199882
-3.33224 -0.621445 0.202872
-3.29518 -0.613006 0.223899
-3.24762 -0.600711 0.252995
-3.20706 -0.590269 0.251925
-3.15972 -0.574175 0.327724
-3.12256 -0.559919 0.366338
-3.07546 -0.543368 0.33791
-3.04921 -0.533401 0.362882
-3.00205 -0.516921 0.336174
-2.95453 -0.501374 0.316186
-2.90757 -0.484486 0.345211
-2.86622 -0.468888 0.360715
-2.81844 -0.454168 0.298877
-2.77208 -0.442579 0.244998
-2.73223 -0.432746 0.241898
-2.68395 -0.419779 0.262353
-2.63562 -0.406947 0.259549
-2.59099 -0.395641 0.248073
-2.55295 -0.385893 0.250871
-2.51017 -0.375512 0.238094
-2.4613 -0.365164 0.208661
-2.41622 -0.356036 0.199769
-2.36791 -0.344537 0.233684
-2.32808 -0.335031 0.234249
-2.28112 -0.321198 0.286503
-2.2354 -0.307039 0.300312
-2.18827 -0.292676 0.295782
-2.14071 -0.278048 0.298434
-2.09729 -0.264503 0.302392
-2.06232 -0.254176 0.287126
-2.01867 -0.240412 0.30547
-1.97821 -0.227132 0.317154
-1.93014 -0.213708 0.27229
-1.88586 -0.202269 0.252833
-1.83725 -0.191473 0.218548
-1.79419 -0.184465 0.161317
-1.74678 -0.176042 0.175834
-1.69823 -0.166239 0.199216
-1.65581 -0.157981 0.192272
-1.61741 -0.151215 0.174415
-1.57061 -0.144234 0.148076
-1.52127 -0.138283 0.120043
-1.47307 -0.134109 0.0863693
-1.42368 -0.131679 0.0491631
-1.3825 -0.131625 0.00132462
-1.33736 -0.132171 -0.0120909
-1.31208 -0.131306 0.0341973
-1.26223 -0.130308 0.0200169
-1.21227 -0.128946 0.0272446
-1.16473 -0.129035 -0.00186006
-1.12621 -0.130189 -0.029951
-1.08356 -0.131798 -0.0377043
-1.04165 -0.132813 -0.0242236
-0.995911 -0.134207 -0.0304686
-0.947067 -0.136024 -0.0371708
-0.898927 -0.137122 -0.0228153
-0.858204 -0.139228 -0.0516691
-0.809279 -0.141887 -0.0542908
-0.762434 -0.146036 -0.0883479
-0.713441 -0.14908 -0.0620395
-0.663973 -0.153479 -0.0886902
-0.614618 -0.159554 -0.122489
-0.572683 -0.163052 -0.0832074
-0.532952 -0.16787 -0.120693
-0.484883 -0.171221 -0.0695803
-0.435056 -0.175198 -0.0796497
-0.392404 -0.177801 -0.0609623
-0.342666 -0.182076 -0.0857366
-0.303841 -0.184731 -0.0682673
-0.25873 -0.188098 -0.0745125
-0.209865 -0.190742 -0.0540634
-0.165251 -0.193395 -0.059383
-0.116798 -0.199782 -0.13106
-0.0703347 -0.205593 -0.124418
-0.0207539 -0.211226 -0.11314
0.0274221 -0.217945 -0.138574
0.0752532 -0.223022 -0.105741
0.124193 -0.227423 -0.0896846
0.172763 -0.234719 -0.149107
0.219929 -0.241128 -0.135043
0.269418 -0.248228 -0.142495
0.316535 -0.256202 -0.167666
0.365887 -0.264187 -0.1604
0.415186 -0.270226 -0.121896
0.462982 -0.276486 -0.130216
0.511448 -0.283488 -0.143498
0.56013 -0.291326 -0.159632
0.608442 -0.298574 -0.148912
0.658002 -0.305187 -0.132641
0.698595 -0.313369 -0.198893
0.747455 -0.320883 -0.152598
0.796013 -0.328812 -0.161862
0.836601 -0.335068 -0.152945
0.881837 -0.34195 -0.150959
0.924037 -0.347579 -0.132602
0.972334 -0.354444 -0.1412
1.01708 -0.361661 -0.159928
1.06102 -0.367395 -0.129755
1.09966 -0.371939 -0.117043
1.14894 -0.377507 -0.112514
1.19374 -0.381635 -0.09189
1.24269 -0.38775 -0.124291
1.29172 -0.3908 -0.0621268
1.337 -0.393121 -0.0512136
1.37267 -0.392661 0.0128818
1.42204 -0.39397 -0.0265088
1.4679 -0.392775 0.0260664
1.51277 -0.39219 0.0130349
1.55193 -0.392721 -0.0135552
1.59416 -0.393895 -0.0277931
1.64416 -0.394467 -0.0114453
1.68149 -0.394338 0.00345644
1.72953 -0.39468 -0.007114
1.77803 -0.395875 -0.0246321
1.81891 -0.39646 -0.014314
1.86875 -0.39872 -0.0453049
1.91408 -0.401183 -0.0543006
1.96022 -0.400861 0.00698856
2.01018 -0.402206 -0.0269168
2.06003 -0.402983 -0.0155871
2.09898 -0.40288 0.0026554
2.1458 -0.401557 0.0282486
2.19097 -0.400457 0.0243493
2.23703 -0.397855 0.0564221
2.28665 -0.396102 0.0353077
2.32866 -0.39544 0.0157544
2.37681 -0.397064 -0.0337016
2.42373 -0.397095 -0.000669215
2.46227 -0.398292 -0.031034
2.50401 -0.398644 -0.00844358
2.554 -0.398282 0.00724972
2.60393 -0.400315 -0.040706
2.64641 -0.400082 0.00546869
2.69211 -0.402026 -0.0424884
2.74118 -0.40319 -0.0237252
2.78988 -0.402683 0.0104111
2.83985 -0.404071 -0.0277789
2.8806 -0.406286 -0.0542938
2.92308 -0.408595 -0.0542865
2.97258 -0.410769 -0.0439054
3.02244 -0.414147 -0.0676351
3.07243 -0.414507 -0.00721289
3.11934 -0.418217 -0.0789061
3.16131 -0.421571 -0.0797665
3.21126 -0.423034 -0.02928
3.24584 -0.423943 -0.0262656
3.29265 -0.427547 -0.0768551
3.33845 -0.429285 -0.0379115
3.37857 -0.432161 -0.0715742
3.41612 -0.434201 -0.0542689
3.46045 -0.434525 -0.00731246
3.50218 -0.432606 0.0459409
3.52916 -0.431924 0.0252868
3.57189 -0.431403 0.0121803
3.59875 -0.430616 0.0292828
3.63746 -0.429588 0.0265515
3.67805 -0.428756 0.0204942
3.72365 -0.427411 0.0294996
3.76098 -0.425977 0.0383766
3.78063 -0.424387 0.0807837
3.82255 -0.421527 0.0681076
3.85767 -0.418824 0.0768155
3.90293 -0.415044 0.0833272
3.93994 -0.412023 0.0814459
3.98245 -0.408062 0.0929082
4.01012 -0.405753 0.0832607
4.0367 -0.40363 0.0797021
4.07444 -0.399282 0.114718
4.11782 -0.392962 0.144644
4.1477 -0.388114 0.160877
4.18885 -0.382989 0.123893
4.21677 -0.380049 0.104923
4.23565 -0.377241 0.147687
4.25946 -0.374164 0.128511
4.29118 -0.370372 0.118976
4.32384 -0.366051 0.13152
4.36453 -0.360859 0.126941
4.40183 -0.356427 0.118255
4.44673 -0.350928 0.121847
4.49423 -0.345647 0.110753
4.52848 -0.341185 0.129508
4.56855 -0.334606 0.162728
4.60025 -0.330266 0.136077
4.63357 -0.324988 0.157138
4.67367 -0.317761 0.178279
4.7155 -0.310943 0.161588
4.7347 -0.307862 0.159043
4.76524 -0.302151 0.184866
4.78532 -0.298814 0.164772
4.814 -0.292471 0.217627
4.83131 -0.288268 0.238134
4.86641 -0.279693 0.239653
4.88967 -0.274172 0.233041
4.90897 -0.269277 0.248322
4.94112 -0.261961 0.223761
4.97401 -0.254501 0.223019
4.99691 -0.24808 0.27336
5.01141 -0.243808 0.286598
5.01935 -0.241311 0.304914
5.02534 -0.239268 0.328512
5.04349 -0.233208 0.322292
5.04861 -0.231417 0.336204
5.06501 -0.225982 0.31997
5.06924 -0.224568 0.322834
5.06871 -0.224713 0.268902
5.08098 -0.221981 0.219028
5.09321 -0.219618 0.191044
5.10012 -0.218339 0.182934
5.10238 -0.218066 0.120169
5.10759 -0.217714 0.0674336
5.11432 -0.217404 0.0460758
5.11453 -0.217399 0.0218932
5.12951 -0.216679 0.0480047
5.1395 -0.216435 0.0245018
5.14749 -0.216427 0.000926098
5.15661 -0.216313 0.0124867
5.16194 -0.216414 -0.0189447
5.16335 -0.216469 -0.0390925
5.17575 -0.217473 -0.0806767
5.19198 -0.218458 -0.0606574
5.1956 -0.218767 -0.0852199
5.19985 -0.219193 -0.0999282
5.20675 -0.219948 -0.108857
True
0.0674248
