4.47104 0.00573135 2.94623
4.43813 0.0123338 2.94356
4.41141 0.0190306 2.89602
4.38797 0.0277482 2.78563
4.35983 0.0413368 2.69164
4.33417 0.0551148 2.64883
4.29226 0.0789825 2.6239
4.27972 0.0878767 2.52477
4.25652 0.104156 2.52983
4.22985 0.125235 2.47263
4.19235 0.154579 2.47769
4.15703 0.189216 2.36589
4.12183 0.224175 2.35965
4.09323 0.255758 2.30663
4.06259 0.292581 2.26476
4.03489 0.328967 2.22159
4.00681 0.367556 2.19975
3.97884 0.408682 2.16808
3.95468 0.446619 2.13786
3.93161 0.483 2.13596
3.91187 0.517469 2.09081
3.89317 0.553138 2.05377
3.8681 0.596232 2.09772
3.84641 0.640252 2.02846
3.83057 0.673861 2.01131
3.809 0.718845 2.018
3.79443 0.755644 1.94769
3.77775 0.80278 1.91089
3.76296 0.842069 1.9308
3.74738 0.88399 1.92675
3.73186 0.92626 1.92258
3.71534 0.973278 1.90871
3.7012 1.01318 1.91134
3.6889 1.05038 1.89009
3.67693 1.08622 1.89331
3.6689 1.11122 1.88138
3.6545 1.1591 1.86298
3.64023 1.20212 1.89098
3.62315 1.24761 1.93002
3.61129 1.28409 1.8851
3.59488 1.3304 1.91129
3.58334 1.3609 1.93286
3.56505 1.40742 1.94525
3.54649 1.45377 1.95177
3.52722 1.49939 1.97043
3.51237 1.53268 1.99035
3.5007 1.56086 1.96344
3.48154 1.60406 1.98824
3.46181 1.65 1.97648
3.44972 1.67615 2.00377
3.43327 1.7088 2.03755
3.41425 1.74638 2.03919
3.39266 1.78745 2.0549
3.37033 1.82488 2.10871
3.34753 1.86573 2.07982
3.32367 1.90588 2.10706
3.30503 1.93579 2.12804
3.2855 1.9685 2.10903
3.25883 2.01047 2.13686
3.23361 2.0492 2.14789
3.20895 2.08413 2.18565
3.18301 2.12466 2.14006
3.16367 2.15195 2.18755
3.14217 2.1837 2.1659
3.11496 2.2247 2.15677
3.08668 2.26592 2.17221
3.05988 2.30738 2.14461
3.0306 2.34753 2.20085
3.01279 2.37356 2.17075
2.99035 2.40602 2.17581
2.97322 2.43089 2.17384
2.95034 2.45937 2.24737
2.92356 2.49406 2.22844
2.90575 2.51466 2.28371
2.8766 2.5474 2.29808
2.85643 2.57031 2.2928
2.83168 2.59889 2.28449
2.80803 2.62314 2.34364
2.78131 2.65153 2.32598
2.756 2.67661 2.36065
2.72163 2.71135 2.3508
2.69245 2.7409 2.35
2.66619 2.76707 2.35788
2.63276 2.80033 2.35879
2.598 2.83454 2.36419
2.56246 2.86683 2.40391
2.54395 2.88353 2.40785
2.53203 2.89437 2.40328
2.49572 2.9247 2.44567
2.47254 2.94202 2.49995
2.43285 2.97189 2.49647
2.40374 2.99227 2.53087
2.36521 3.01869 2.54048
2.34562 3.03148 2.56325
2.31084 3.05373 2.57235
2.2768 3.07518 2.57952
2.23543 3.10326 2.54526
2.19484 3.13225 2.52142
2.15749 3.15605 2.57415
2.12308 3.17723 2.58984
2.08129 3.20111 2.62249
2.0414 3.22481 2.60548
2.0051 3.24653 2.60227
1.98264 3.25858 2.64906
1.94274 3.28143 2.62174
1.90401 3.30346 2.62422
1.86395 3.32542 2.64026
1.83977 3.33852 2.64487
1.7969 3.35954 2.68576
1.75282 3.38289 2.65446
1.71591 3.40093 2.68706
1.67871 3.41836 2.70334
1.6343 3.44097 2.6708
1.58969 3.46268 2.68865
1.54461 3.48339 2.7108
1.50042 3.50263 2.73117
1.45727 3.52045 2.74983
1.41523 3.53682 2.77031
1.37728 3.55142 2.77436
1.33357 3.57032 2.73348
1.29197 3.58623 2.77622
1.24641 3.60225 2.8034
1.21332 3.61506 2.77235
1.16994 3.63078 2.79395
1.13694 3.64387 2.76408
1.0905 3.66241 2.76159
1.0439 3.68028 2.77539
1.00197 3.69649 2.77284
0.953857 3.7101 2.86586
0.905409 3.72231 2.89478
0.865873 3.73388 2.85686
0.821891 3.74431 2.90866
0.773223 3.75571 2.91149
0.724927 3.76826 2.88746
0.683571 3.77793 2.91189
0.634443 3.78715 2.95605
0.588975 3.79604 2.94856
0.54018 3.8045 2.96981
0.491099 3.81073 3.01537
0.444962 3.8189 2.96638
0.399561 3.82876 2.92779
0.355377 3.83592 2.98096
0.310843 3.84205 3.00476
0.265546 3.84579 3.05925
0.217676 3.84865 3.08182
0.177538 3.84982 3.11249
0.128114 3.85351 3.06709
0.0808347 3.85422 3.12644
0.0438497 3.8531 3.17192
0.00488394 3.85151 -3.10069
-0.0445767 3.84919 -3.09468
-0.0923378 3.84285 -3.00976
-0.129551 3.83802 -3.01241
-0.165682 3.83407 -3.03287
-0.212992 3.82946 -3.04434
-0.262523 3.82488 -3.04949
-0.312205 3.81997 -3.04295
-0.354392 3.81496 -3.02354
-0.388593 3.81061 -3.01505
-0.431655 3.80424 -2.99468
-0.48122 3.79783 -3.013
-0.527239 3.78964 -2.96535
-0.559477 3.78443 -2.98141
-0.607184 3.77645 -2.97586
-0.656552 3.7687 -2.98598
-0.705904 3.76076 -2.98208
-0.755397 3.75366 -2.99908
-0.793787 3.74696 -2.96869
-0.833524 3.73927 -2.95042
-0.881939 3.72679 -2.88944
-0.929102 3.7139 -2.87469
-0.967747 3.704 -2.89096
-1.01574 3.69002 -2.85811
-1.06445 3.67891 -2.91742
-1.11302 3.66714 -2.90376
-1.15867 3.65328 -2.84691
-1.19158 3.64439 -2.87769
-1.23252 3.63379 -2.88807
-1.28029 3.62042 -2.86876
-1.3166 3.60962 -2.85261
-1.34444 3.60206 -2.87613
-1.3889 3.58897 -2.85539
-1.43675 3.57451 -2.84799
-1.48379 3.55765 -2.79762
-1.53023 3.54007 -2.7797
-1.5757 3.51988 -2.72359
-1.61861 3.49795 -2.66908
-1.65838 3.47727 -2.66225
-1.6996 3.45764 -2.69709
-1.74398 3.43471 -2.66475
-1.77934 3.41457 -2.62374
-1.81994 3.39124 -2.62016
-1.86199 3.36604 -2.6016
-1.90053 3.34247 -2.5928
-1.94313 3.31638 -2.59198
-1.98233 3.29218 -2.58856
-2.025 3.26615 -2.59374
-2.06288 3.24515 -2.63541
-2.10407 3.21778 -2.55516
-2.14561 3.1907 -2.56381
-2.18668 3.16243 -2.53887
-2.22695 3.13289 -2.50854
-2.26663 3.107 -2.56354
-2.30805 3.08156 -2.59089
-2.34966 3.05388 -2.5546
-2.3908 3.027 -2.56277
-2.41916 3.00874 -2.56952
-2.45855 2.9833 -2.56822
-2.49692 2.95709 -2.54218
-2.53125 2.93503 -2.57053
-2.56946 2.90911 -2.5456
-2.6115 2.88204 -2.56953
-2.65201 2.85357 -2.52898
-2.69259 2.82442 -2.51864
-2.7319 2.7968 -2.52909
-2.75228 2.78159 -2.50062
-2.78447 2.75534 -2.45739
-2.82254 2.72414 -2.45501
-2.85594 2.69576 -2.43733
-2.8785 2.67464 -2.3892
-2.90971 2.64725 -2.42112
-2.92916 2.62899 -2.38817
-2.9624 2.59607 -2.36085
-2.99761 2.56584 -2.4321
-3.03318 2.53326 -2.40018
-3.05826 2.51161 -2.42929
-3.09466 2.48209 -2.46019
-3.13245 2.45056 -2.4463
-3.15179 2.43451 -2.44887
-3.18764 2.40528 -2.45767
-3.22025 2.37743 -2.43466
-3.24919 2.35185 -2.41787
-3.28545 2.31901 -2.40558
-3.31998 2.28883 -2.42333
-3.35455 2.25723 -2.40093
-3.36302 2.249 -2.37127
-3.37719 2.23616 -2.40523
-3.38455 2.22936 -2.39559
-3.39358 2.22142 -2.42048
-3.40289 2.21267 -2.38667
-3.4105 2.20558 -2.39172
-3.41641 2.20054 -2.43668
-3.43441 2.18489 -2.42578
-3.44332 2.17701 -2.41699
-3.45485 2.16691 -2.4226
-3.47118 2.15262 -2.42241
-3.48564 2.14048 -2.44328
-3.5064 2.12336 -2.45197
-3.52764 2.10638 -2.46729
-3.5503 2.08859 -2.47602
-3.56578 2.07661 -2.48303
-3.59501 2.05463 -2.4969
-3.61625 2.03811 -2.48038
-3.62504 2.03128 -2.48123
-3.63974 2.01919 -2.45345
-3.65526 2.00513 -2.40541
-3.67416 1.98811 -2.40825
-3.68457 1.97918 -2.4326
-3.70488 1.96225 -2.44691
-3.73381 1.93869 -2.45814
-3.75686 1.91879 -2.42929
-3.77922 1.89888 -2.41418
-3.81214 1.87169 -2.45118
-3.83475 1.85321 -2.45637
-3.85425 1.8378 -2.47296
-3.8865 1.81174 -2.46188
-3.90982 1.79201 -2.43933
-3.92948 1.77473 -2.4206
-3.93112 1.77332 -2.43168
-3.93353 1.77122 -2.4242
-3.9416 1.76399 -2.41124
-3.95014 1.75658 -2.42685
-3.9592 1.74932 -2.46672
-3.97188 1.73883 -2.44993
-3.98154 1.73082 -2.44923
-3.99276 1.72153 -2.45026
-3.99857 1.71662 -2.44047
-4.00871 1.70792 -2.43199
-4.02499 1.69395 -2.43248
-4.03493 1.68432 -2.37183
-4.041 1.67784 -2.32354
-4.05126 1.66682 -2.32063
-4.05949 1.65831 -2.33962
-4.06956 1.64893 -2.39132
-4.07589 1.64346 -2.42868
-4.08174 1.63838 -2.42748
-4.09599 1.62537 -2.40134
-4.10896 1.6127 -2.36803
-4.1153 1.6062 -2.34365
-4.12427 1.59658 -2.3217
-4.13865 1.58117 -2.3215
-4.15114 1.56739 -2.30678
-4.16608 1.55105 -2.31179
-4.17249 1.54391 -2.30229
-4.18443 1.52911 -2.24942
-4.19493 1.51423 -2.18558
-4.20837 1.49523 -2.1862
-4.21437 1.48754 -2.23414
-4.22421 1.47482 -2.22911
-4.22756 1.47013 -2.19131
-4.22757 1.47013 -2.19633
-4.22993 1.46684 -2.19354
-4.23586 1.45827 -2.17639
-4.23651 1.45738 -2.2034
-4.2414 1.45105 -2.22808
-4.24508 1.44662 -2.26494
-4.24799 1.4435 -2.32074
-4.24667 1.4448 -2.3659
-4.25546 1.43696 -2.41378
-4.26015 1.43272 -2.40567
-4.26661 1.42687 -2.40674
-4.27528 1.41898 -2.40298
-4.28162 1.41283 -2.37139
-4.29057 1.40352 -2.33646
True
0.0658329
