4.48997 -0.00247947 -2.89928
4.45998 -0.0105057 -2.88009
4.44786 -0.0148606 -2.79657
4.41074 -0.0339435 -2.66673
4.38327 -0.0498827 -2.61582
4.35572 -0.0672835 -2.57823
4.32188 -0.0904147 -2.54211
4.28847 -0.114726 -2.51254
4.27274 -0.127531 -2.45837
4.23307 -0.157556 -2.49364
4.20375 -0.182737 -2.43202
4.16863 -0.216058 -2.38246
4.1439 -0.242479 -2.32318
4.1285 -0.260083 -2.28943
4.10859 -0.283935 -2.26645
4.08254 -0.321779 -2.17368
4.06239 -0.352889 -2.14557
4.03775 -0.392522 -2.127
4.01344 -0.432102 -2.12151
3.98708 -0.47448 -2.12723
3.97168 -0.499845 -2.1164
3.96428 -0.514533 -2.03787
3.94577 -0.554847 -2.0012
3.92934 -0.595482 -1.95508
3.91222 -0.639351 -1.94272
3.89787 -0.687182 -1.86232
3.88774 -0.724195 -1.838
3.87209 -0.771186 -1.89231
3.8578 -0.819087 -1.86073
3.84439 -0.864466 -1.85808
3.83223 -0.905354 -1.85983
3.82053 -0.953301 -1.81015
3.80906 -0.999955 -1.81178
3.79875 -1.03591 -1.85011
3.78615 -1.07712 -1.86752
3.77441 -1.11266 -1.88979
3.75849 -1.16004 -1.89493
3.7438 -1.19786 -1.94129
3.72801 -1.2438 -1.90203
3.71261 -1.2844 -1.9332
3.69919 -1.32315 -1.90424
3.68627 -1.35389 -1.96856
3.66727 -1.40013 -1.96078
3.65065 -1.43318 -2.03657
3.63219 -1.4678 -2.06089
3.61039 -1.50799 -2.06771
3.59505 -1.53574 -2.07581
3.57229 -1.58025 -2.04351
3.56921 -1.58689 -2.00566
3.54683 -1.63159 -2.03497
3.52731 -1.67202 -2.0205
3.50659 -1.71297 -2.03927
3.48622 -1.75333 -2.03805
3.46371 -1.79793 -2.03821
3.44309 -1.83686 -2.0581
3.42602 -1.86426 -2.12791
3.39976 -1.9056 -2.13659
3.38151 -1.93627 -2.10752
3.36204 -1.97162 -2.07435
3.3381 -2.01549 -2.07026
3.319 -2.05098 -2.06448
3.29572 -2.09173 -2.08994
3.27005 -2.13409 -2.1156
3.2522 -2.165 -2.09455
3.22651 -2.20749 -2.11453
3.20021 -2.2484 -2.14222
3.17503 -2.28537 -2.16868
3.1478 -2.32475 -2.17579
3.12268 -2.35804 -2.21718
3.09686 -2.39157 -2.22706
3.06642 -2.43122 -2.22553
3.04899 -2.45346 -2.23536
3.02003 -2.49417 -2.18923
2.99038 -2.53442 -2.20565
2.9579 -2.57235 -2.27898
2.92528 -2.61024 -2.28161
2.89134 -2.64508 -2.34306
2.87572 -2.66189 -2.31954
2.84895 -2.68897 -2.35037
2.82229 -2.71271 -2.41411
2.78642 -2.74539 -2.40275
2.75747 -2.77033 -2.43041
2.72928 -2.79518 -2.41907
2.6921 -2.82862 -2.40914
2.65495 -2.86136 -2.41916
2.62924 -2.88148 -2.47754
2.59887 -2.90713 -2.44025
2.56082 -2.93796 -2.4607
2.52753 -2.96579 -2.44517
2.49492 -2.99232 -2.45862
2.46248 -3.01881 -2.45695
2.43046 -3.04415 -2.47198
2.39444 -3.07433 -2.44435
2.36384 -3.09999 -2.44375
2.33633 -3.12279 -2.44965
2.299 -3.15355 -2.45226
2.26525 -3.17611 -2.55228
2.23147 -3.19839 -2.55863
2.18996 -3.22407 -2.5875
2.1487 -3.25027 -2.57579
2.11467 -3.27148 -2.58442
2.08069 -3.2919 -2.60033
2.0411 -3.31615 -2.59212
1.99795 -3.34124 -2.61492
1.95489 -3.36665 -2.60843
1.91431 -3.39294 -2.56669
1.87312 -3.41789 -2.59697
1.8368 -3.43851 -2.62536
1.80675 -3.45451 -2.65211
1.76178 -3.47626 -2.69124
1.71862 -3.49648 -2.70338
1.67425 -3.51799 -2.69032
1.64073 -3.53258 -2.7309
1.60957 -3.54568 -2.74363
1.57364 -3.56087 -2.74155
1.53223 -3.57979 -2.71317
1.51125 -3.58853 -2.7467
1.48282 -3.59986 -2.76255
1.44041 -3.61613 -2.77522
1.39694 -3.63612 -2.71046
1.36241 -3.64912 -2.78175
1.31591 -3.66748 -2.76547
1.26928 -3.68553 -2.77233
1.22336 -3.70206 -2.79594
1.18128 -3.71849 -2.76936
1.14047 -3.73267 -2.80728
1.09397 -3.74899 -2.80393
1.04998 -3.7615 -2.86468
1.0085 -3.77445 -2.83884
0.96587 -3.7861 -2.87495
0.92542 -3.79637 -2.89296
0.877168 -3.80463 -2.97201
0.827845 -3.81282 -2.97698
0.778293 -3.81925 -3.01255
0.728811 -3.82571 -3.01181
0.679181 -3.83177 -3.02
0.630819 -3.83799 -3.0138
0.607801 -3.84039 -3.03757
0.591079 -3.84176 -3.06011
0.548309 -3.84525 -3.06004
0.500279 -3.84897 -3.06437
0.450513 -3.85364 -3.04806
0.412205 -3.85566 -3.08887
0.368224 -3.85746 -3.10071
0.323992 -3.86104 -3.06082
0.285573 -3.86553 -3.02522
0.239402 -3.87039 -3.03676
0.196527 -3.87506 -3.0331
0.155204 -3.8788 -3.05125
0.118465 -3.88222 -3.04888
0.0687125 -3.88502 -3.08539
0.0288172 -3.88456 -3.15306
-0.00531269 -3.88617 3.18865
-0.0549256 -3.89218 -3.02096
-0.104288 -3.89558 -3.07287
-0.154191 -3.8984 -3.08506
-0.204161 -3.89906 -3.12848
-0.253066 -3.89895 -3.14376
-0.302974 -3.89719 3.10632
-0.352935 -3.89526 3.10303
-0.402513 -3.8932 3.10001
-0.452324 -3.89299 3.13741
-0.497166 -3.8915 3.10834
-0.540676 -3.88814 3.06443
-0.589496 -3.8841 3.05916
-0.62765 -3.88055 3.04867
-0.668681 -3.87463 2.99831
-0.699407 -3.86777 2.92201
-0.747944 -3.85778 2.93856
-0.784 -3.85116 2.96001
-0.830594 -3.84148 2.93678
-0.865409 -3.83456 2.94536
-0.908792 -3.82208 2.86152
-0.954687 -3.80966 2.87734
-0.997236 -3.79803 2.87477
-1.04248 -3.78565 2.87452
-1.08148 -3.7727 2.821
-1.12905 -3.75781 2.83828
-1.17569 -3.7439 2.85174
-1.22298 -3.72846 2.82586
-1.26505 -3.71463 2.82412
-1.31028 -3.69848 2.79869
-1.35164 -3.68198 2.76187
-1.39751 -3.66212 2.73308
-1.4378 -3.64326 2.70368
-1.48192 -3.62391 2.7282
-1.52627 -3.60116 2.66762
-1.56958 -3.57965 2.68077
-1.61248 -3.55881 2.6893
-1.65498 -3.53772 2.6811
-1.69916 -3.51431 2.65429
-1.73379 -3.49604 2.65616
-1.77528 -3.47411 2.65524
-1.81258 -3.45304 2.62748
-1.85105 -3.43265 2.65418
-1.89546 -3.41088 2.68572
-1.93704 -3.38879 2.65334
-1.97525 -3.36525 2.58943
-2.01288 -3.34306 2.60879
-2.05116 -3.32127 2.6241
-2.08449 -3.3009 2.59306
-2.12442 -3.27749 2.61134
-2.15985 -3.25434 2.56267
-2.20155 -3.22678 2.55767
-2.22714 -3.20689 2.48091
-2.26564 -3.18008 2.53321
-2.3017 -3.15207 2.48117
-2.33132 -3.12996 2.50046
-2.37178 -3.10076 2.51654
-2.41094 -3.07189 2.5062
-2.45143 -3.04257 2.51487
-2.48578 -3.01891 2.53854
-2.52535 -2.9888 2.49111
-2.55923 -2.96085 2.45172
-2.59766 -2.92922 2.453
-2.63188 -2.90037 2.44098
-2.67236 -2.87135 2.51958
-2.7118 -2.84128 2.49029
-2.74849 -2.81362 2.49566
-2.78364 -2.78522 2.46195
-2.82299 -2.75439 2.47704
-2.86019 -2.72577 2.48581
-2.89577 -2.6975 2.47016
-2.92521 -2.67281 2.4437
-2.95145 -2.65051 2.43731
-2.97847 -2.62689 2.42316
-3.00676 -2.60256 2.43146
-3.02968 -2.58067 2.37908
-3.06584 -2.54624 2.38077
-3.09468 -2.51862 2.37755
-3.1256 -2.48954 2.38704
-3.15489 -2.46225 2.39133
-3.18046 -2.43828 2.38877
-3.21312 -2.40703 2.37808
-3.2471 -2.37569 2.39661
-3.2748 -2.35094 2.41247
-3.29218 -2.33642 2.44545
-3.32462 -2.30895 2.43904
-3.35655 -2.28112 2.42473
-3.38551 -2.25645 2.43614
-3.42306 -2.22394 2.42794
-3.44274 -2.20735 2.44107
-3.47165 -2.1824 2.4296
-3.50151 -2.15494 2.39795
-3.53397 -2.12413 2.38229
-3.56871 -2.09019 2.36784
-3.60412 -2.05893 2.41844
-3.64074 -2.02916 2.45901
-3.66182 -2.0111 2.43332
-3.68774 -1.99167 2.49817
-3.7066 -1.97762 2.50134
-3.73913 -1.95322 2.49799
-3.77193 -1.92779 2.48202
-3.79699 -1.90796 2.47224
-3.81919 -1.89087 2.48563
-3.84066 -1.87464 2.49433
-3.86089 -1.85982 2.50928
-3.88293 -1.84384 2.51451
-3.90397 -1.82708 2.46867
-3.92289 -1.81162 2.45664
-3.94093 -1.79672 2.45109
-3.95216 -1.78701 2.42877
-3.9678 -1.77351 2.42963
-3.98212 -1.7618 2.45607
-3.99527 -1.75146 2.47501
-4.00329 -1.74508 2.46975
-4.02092 -1.72991 2.43085
-4.02921 -1.72263 2.42146
-4.04244 -1.71074 2.40955
-4.05198 -1.70222 2.41235
-4.06146 -1.69355 2.40105
-4.06384 -1.69123 2.36976
-4.06823 -1.68679 2.34924
-4.0763 -1.67903 2.37586
-4.08572 -1.66984 2.36852
-4.09896 -1.65535 2.31153
-4.10395 -1.64972 2.29532
-4.11183 -1.64024 2.26442
-4.12042 -1.62964 2.25145
-4.13017 -1.61576 2.18363
-4.14027 -1.60069 2.16125
-4.14664 -1.59123 2.16312
-4.14791 -1.58941 2.18149
-4.15831 -1.57505 2.19771
-4.16513 -1.56567 2.19911
-4.17061 -1.55834 2.21263
-4.17632 -1.55135 2.2558
-4.18973 -1.53413 2.23242
-4.19381 -1.52845 2.19359
-4.19883 -1.52136 2.18711
-4.21803 -1.49289 2.164
-4.22711 -1.48001 2.1851
-4.2396 -1.4632 2.2098
-4.24429 -1.45706 2.22315
True
0.0692527
