4.48471 -0.0061564 -2.75879
4.45143 -0.0213326 -2.7137
4.4139 -0.038349 -2.71595
4.38237 -0.053579 -2.69163
4.34024 -0.080403 -2.57465
4.30204 -0.106992 -2.53351
4.27086 -0.130486 -2.49582
4.24701 -0.149416 -2.47073
4.21087 -0.183846 -2.38047
4.17785 -0.216171 -2.36685
4.14814 -0.248487 -2.31407
4.11913 -0.28171 -2.28857
4.10547 -0.300721 -2.19398
4.08419 -0.330487 -2.19143
4.05876 -0.369653 -2.14679
4.03289 -0.41203 -2.11877
4.01022 -0.451026 -2.0975
3.99225 -0.493001 -1.97526
3.9708 -0.537962 -2.01597
3.94978 -0.583327 -2.00462
3.93169 -0.627131 -1.96242
3.91189 -0.67304 -1.97803
3.89466 -0.719584 -1.92529
3.87648 -0.764606 -1.95454
3.87401 -0.770441 -1.97133
3.86636 -0.789861 -1.94632
3.85813 -0.810953 -1.9426
3.842 -0.853205 -1.93552
3.83117 -0.884651 -1.90248
3.81681 -0.932505 -1.86242
3.80203 -0.980268 -1.87089
3.78578 -1.02698 -1.90539
3.76939 -1.07043 -1.93161
3.75385 -1.11632 -1.89744
3.73877 -1.16371 -1.87877
3.72558 -1.20043 -1.91559
3.71187 -1.23928 -1.91011
3.69476 -1.28302 -1.94357
3.67452 -1.32874 -1.98767
3.66414 -1.35607 -1.93362
3.64716 -1.40284 -1.91905
3.63346 -1.44126 -1.91338
3.62346 -1.47194 -1.88584
3.6096 -1.51231 -1.90152
3.59528 -1.5602 -1.86135
3.58097 -1.6063 -1.87193
3.56876 -1.64423 -1.882
3.55104 -1.68942 -1.94453
3.53431 -1.73079 -1.95508
3.51488 -1.77673 -1.97105
3.49423 -1.8192 -2.02321
3.4766 -1.85914 -1.98657
3.45514 -1.90243 -2.03104
3.43988 -1.93284 -2.03575
3.41628 -1.97675 -2.06396
3.39331 -2.01738 -2.08546
3.3732 -2.05496 -2.06214
3.34891 -2.09794 -2.08509
3.32447 -2.14136 -2.08353
3.30839 -2.16839 -2.10757
3.28584 -2.21279 -2.04064
3.26965 -2.24109 -2.09047
3.2466 -2.2849 -2.05511
3.23001 -2.31224 -2.11619
3.22588 -2.32007 -2.05587
3.20141 -2.36344 -2.08456
3.18556 -2.39006 -2.10779
3.15751 -2.43141 -2.16686
3.13153 -2.47261 -2.13349
3.10507 -2.51306 -2.15
3.07501 -2.55238 -2.22344
3.04592 -2.59106 -2.21571
3.01527 -2.63051 -2.2313
2.98452 -2.66798 -2.25801
2.95036 -2.70379 -2.3327
2.92085 -2.73861 -2.27379
2.88799 -2.77415 -2.31701
2.85412 -2.80914 -2.33997
2.81667 -2.84205 -2.42055
2.78293 -2.87382 -2.38625
2.75668 -2.90038 -2.35036
2.72907 -2.92766 -2.36224
2.69388 -2.96318 -2.3514
2.66627 -2.98813 -2.40686
2.63462 -3.01406 -2.45533
2.59619 -3.04511 -2.46191
2.55759 -3.07528 -2.47823
2.51901 -3.10656 -2.46019
2.4822 -3.13782 -2.43771
2.44653 -3.16828 -2.4347
2.41052 -3.19965 -2.42494
2.37779 -3.22803 -2.42743
2.34161 -3.25789 -2.45153
2.30289 -3.28843 -2.47365
2.27052 -3.31393 -2.47441
2.23298 -3.34172 -2.50449
2.19945 -3.3676 -2.48423
2.16075 -3.39778 -2.47916
2.12397 -3.42616 -2.48444
2.08866 -3.45012 -2.54537
2.04797 -3.47531 -2.58733
2.01823 -3.4945 -2.56846
1.9784 -3.51929 -2.58496
1.93506 -3.54421 -2.61981
1.89183 -3.56873 -2.62547
1.85803 -3.58695 -2.64731
1.82204 -3.6055 -2.66568
1.77641 -3.62451 -2.7469
1.72954 -3.64069 -2.80903
1.68378 -3.65895 -2.76201
1.63662 -3.67541 -2.80586
1.61137 -3.6837 -2.82419
1.56993 -3.69806 -2.80815
1.54152 -3.70839 -2.7926
1.50854 -3.71917 -2.82584
1.46185 -3.73496 -2.81547
1.42776 -3.74734 -2.7931
1.38162 -3.76635 -2.75081
1.33854 -3.78454 -2.74217
1.29501 -3.80107 -2.77869
1.25159 -3.81685 -2.79302
1.21193 -3.83126 -2.79295
1.16412 -3.84479 -2.86584
1.11816 -3.8571 -2.87982
1.07443 -3.86725 -2.91355
1.02813 -3.87652 -2.9441
0.980043 -3.8876 -2.91506
0.931805 -3.89931 -2.90351
0.882787 -3.90821 -2.96192
0.833655 -3.91744 -2.95594
0.78464 -3.92731 -2.94291
0.735717 -3.93626 -2.96053
0.686408 -3.94401 -2.98572
0.63768 -3.95128 -2.99357
0.593669 -3.95893 -2.96945
0.544158 -3.96558 -3.00813
0.498881 -3.97273 -2.98502
0.451473 -3.97971 -2.99527
0.407496 -3.98473 -3.02801
0.360929 -3.99095 -3.00883
0.314286 -3.99738 -3.00456
0.268147 -4.00153 -3.05195
0.218445 -4.00636 -3.04472
0.168624 -4.01055 -3.05759
0.123501 -4.0143 -3.05876
0.07662 -4.02048 -3.01049
0.0340602 -4.02575 -3.01842
-0.00946858 -4.03028 -3.0378
-0.0566961 -4.03497 -3.04265
-0.105529 -4.03838 -3.07194
-0.152714 -4.03974 -3.11268
-0.191496 -4.04147 -3.09704
-0.238407 -4.04284 -3.11236
-0.284501 -4.04563 -3.08116
-0.324394 -4.04684 -3.11138
-0.372334 -4.04603 -3.15847
-0.42222 -4.04275 3.076
-0.471786 -4.04127 3.11168
-0.521764 -4.04069 3.12991
-0.571671 -4.0394 3.11582
-0.608603 -4.03772 3.09631
-0.658498 -4.03488 3.0847
-0.708076 -4.0323 3.08955
-0.757893 -4.02917 3.07888
-0.807736 -4.02547 3.06741
-0.857437 -4.02001 3.03215
-0.905467 -4.01448 3.02701
-0.955172 -4.00926 3.03706
-1.00477 -4.00365 3.02894
-1.04966 -3.99612 2.97543
-1.09418 -3.98852 2.9723
-1.13485 -3.98152 2.97116
-1.18356 -3.9708 2.92502
-1.22487 -3.96185 2.92824
-1.2733 -3.94946 2.89119
-1.31246 -3.93816 2.86064
-1.35607 -3.92682 2.88726
-1.40433 -3.91431 2.88785
-1.44988 -3.90189 2.87546
-1.48941 -3.89147 2.88391
-1.53166 -3.87897 2.85386
-1.57867 -3.86444 2.84177
-1.62707 -3.85281 2.90594
-1.67076 -3.83969 2.84966
-1.71908 -3.82689 2.88273
-1.7641 -3.81567 2.8973
-1.80988 -3.80222 2.85586
-1.85845 -3.79052 2.90531
-1.9069 -3.77974 2.92257
-1.95011 -3.77225 2.9699
-1.99722 -3.76259 2.93947
-2.04141 -3.75225 2.91155
-2.07766 -3.7427 2.88426
-2.1131 -3.73187 2.84485
-2.15823 -3.71696 2.82257
-2.19909 -3.70155 2.78092
-2.23796 -3.68723 2.78852
-2.27986 -3.67115 2.77517
-2.32734 -3.65655 2.8434
-2.36746 -3.64427 2.8444
-2.40926 -3.62893 2.78998
-2.44917 -3.61593 2.82658
-2.48629 -3.60335 2.81489
-2.52135 -3.59227 2.83549
-2.54888 -3.58272 2.80784
-2.59447 -3.56597 2.78928
-2.63268 -3.55129 2.77502
-2.67619 -3.53647 2.81317
-2.7058 -3.52589 2.79839
-2.73351 -3.5155 2.78299
-2.75443 -3.50742 2.77314
-2.78427 -3.49463 2.73649
-2.80714 -3.48586 2.77542
-2.8232 -3.47986 2.78402
-2.8405 -3.47391 2.81053
-2.85839 -3.46723 2.78411
-2.869 -3.4628 2.74654
-2.88094 -3.45735 2.71302
-2.89443 -3.45128 2.71911
-2.90693 -3.4466 2.78317
-2.92635 -3.43986 2.8072
-2.9395 -3.43534 2.81095
-2.95547 -3.42966 2.79982
-2.96569 -3.4258 2.78045
-2.99993 -3.41321 2.78922
-3.04234 -3.39603 2.75675
-3.07892 -3.38264 2.79061
-3.10893 -3.37134 2.78162
-3.14899 -3.3562 2.78028
-3.18993 -3.33861 2.73584
-3.21867 -3.3266 2.7457
-3.257 -3.30956 2.72317
-3.29238 -3.29196 2.68005
-3.31999 -3.27837 2.68418
-3.34459 -3.26491 2.64092
-3.37186 -3.25158 2.687
-3.39382 -3.24145 2.7091
-3.41706 -3.22988 2.67966
-3.43971 -3.21948 2.7113
-3.45979 -3.21011 2.70522
-3.49372 -3.19504 2.72355
-3.52352 -3.18057 2.68942
-3.54474 -3.1696 2.66458
-3.56671 -3.15839 2.66985
-3.58927 -3.14743 2.68922
-3.61917 -3.1336 2.70846
-3.64376 -3.12317 2.74027
-3.66614 -3.11353 2.73501
-3.68089 -3.10801 2.78331
-3.69441 -3.10291 2.78139
-3.72794 -3.08915 2.75206
-3.75033 -3.07999 2.75308
-3.7724 -3.07138 2.76975
-3.78356 -3.06696 2.76432
-3.79789 -3.06168 2.78882
-3.80499 -3.05905 2.78624
-3.81332 -3.05585 2.77483
-3.81958 -3.05343 2.77348
-3.83499 -3.04766 2.78297
-3.84108 -3.04512 2.74678
-3.84234 -3.04456 2.72514
-3.84822 -3.04201 2.73295
-3.85555 -3.03908 2.76114
-3.86469 -3.03585 2.80153
-3.87643 -3.03128 2.77068
-3.89227 -3.02573 2.80449
-3.91699 -3.01717 2.80803
-3.9267 -3.01338 2.7702
-3.93912 -3.00816 2.74381
-3.94714 -3.00443 2.70529
-3.95672 -2.99992 2.70158
-3.96744 -2.99474 2.69154
-3.97636 -2.99008 2.65985
-3.99097 -2.98241 2.6585
-4.00414 -2.97512 2.63589
-4.02766 -2.96304 2.6672
-4.03936 -2.95798 2.73358
-4.0489 -2.95385 2.73312
-4.06171 -2.94872 2.76035
-4.07348 -2.9441 2.76786
-4.07583 -2.94322 2.78084
-4.0916 -2.93749 2.79317
-4.11497 -2.92824 2.76487
-4.12417 -2.92423 2.7308
-4.13185 -2.92137 2.78513
-4.13834 -2.9188 2.76337
-4.14586 -2.91558 2.73714
-4.14531 -2.91578 2.7792
-4.15359 -2.91271 2.78577
-4.1604 -2.91007 2.77285
-4.16648 -2.90734 2.71857
-4.17292 -2.90444 2.71875
-4.17804 -2.90225 2.73697
-4.18891 -2.89832 2.79476
-4.19944 -2.89458 2.80017
-4.22528 -2.88559 2.80693
True
0.191335
