-5.4676 -1.56178 -0.0391357
-5.43466 -1.56454 -0.0836308
-5.41016 -1.56521 -0.0270645
-5.37022 -1.56797 -0.0691791
-5.32024 -1.5694 -0.0285384
-5.27846 -1.573 -0.085843
-5.23362 -1.57572 -0.0606489
-5.18398 -1.57373 0.0400319
-5.14246 -1.5733 0.0104354
-5.09248 -1.57191 0.0277581
-5.04998 -1.56883 0.072458
-5.002 -1.56264 0.128249
-4.96091 -1.5561 0.157697
-4.91226 -1.55022 0.12027
-4.88033 -1.54585 0.136135
-4.83124 -1.53912 0.136303
-4.78623 -1.53189 0.159305
-4.74483 -1.52364 0.196632
-4.69649 -1.51102 0.255303
-4.65013 -1.49825 0.268855
-4.60194 -1.4851 0.266294
-4.56447 -1.47423 0.282315
-4.52263 -1.46112 0.303665
-4.48239 -1.44733 0.330243
-4.44957 -1.43709 0.30252
-4.40184 -1.42223 0.301813
-4.35554 -1.40712 0.31541
-4.30778 -1.39246 0.297762
-4.26075 -1.37681 0.321277
-4.21436 -1.36127 0.323175
-4.16791 -1.34609 0.315966
-4.1212 -1.32856 0.359097
-4.07986 -1.31534 0.309428
-4.03216 -1.30035 0.304519
-3.98434 -1.2862 0.28754
-3.93782 -1.27498 0.236802
-3.89915 -1.26606 0.226755
-3.86188 -1.25665 0.247116
-3.81349 -1.24467 0.242822
-3.78268 -1.23728 0.235201
-3.74098 -1.22799 0.219224
-3.69768 -1.2199 0.184836
-3.64938 -1.21098 0.182512
-3.60149 -1.20302 0.16472
-3.55581 -1.19885 0.0911256
-3.50662 -1.19132 0.151876
-3.45796 -1.18326 0.164079
-3.40824 -1.17812 0.102995
-3.35953 -1.17295 0.105841
-3.31632 -1.16958 0.0779265
-3.27342 -1.16867 0.0211878
-3.22524 -1.16486 0.0787816
-3.17932 -1.15825 0.14292
-3.13682 -1.15203 0.145302
-3.09024 -1.14461 0.157983
-3.04047 -1.13976 0.0971476
-2.99403 -1.13505 0.101222
-2.95075 -1.13057 0.103066
-2.90292 -1.12711 0.0722216
-2.85318 -1.12226 0.0972201
-2.80658 -1.11765 0.0987134
-2.76408 -1.11481 0.0667111
-2.71875 -1.1113 0.0772511
-2.66916 -1.10822 0.0620004
-2.61952 -1.10265 0.111776
-2.57001 -1.09885 0.0765272
-2.53603 -1.09638 0.0725219
-2.48607 -1.0945 0.0376301
-2.43631 -1.09106 0.0691075
-2.39298 -1.08949 0.036154
-2.36136 -1.08719 0.0725557
-2.32381 -1.08567 0.0404564
-2.27517 -1.08532 0.00723778
-2.22575 -1.08359 0.0348989
-2.18219 -1.08163 0.045112
-2.13745 -1.07775 0.0864727
-2.08776 -1.07383 0.0786914
-2.06166 -1.07262 0.0462523
-2.0125 -1.07183 0.0160685
-1.9629 -1.06883 0.0604868
-1.91327 -1.0647 0.0829695
-1.868 -1.05916 0.121791
-1.82527 -1.05506 0.0956678
-1.78407 -1.04965 0.130567
-1.73788 -1.04345 0.133476
-1.68821 -1.03775 0.114115
-1.63849 -1.0327 0.101243
-1.58973 -1.0271 0.114397
-1.54045 -1.02302 0.0826764
-1.49055 -1.02062 0.0479725
-1.4472 -1.01772 0.0667532
-1.40802 -1.01607 0.0420726
-1.35805 -1.01486 0.0243175
-1.31454 -1.01202 0.0652635
-1.26959 -1.01078 0.0273817
-1.23262 -1.01038 0.0109742
-1.18352 -1.00974 0.0130812
-1.14014 -1.00898 0.0175294
-1.09696 -1.00952 -0.0126234
-1.048 -1.01037 -0.0173663
-0.99979 -1.01125 -0.0181962
-0.960303 -1.01141 -0.00421171
-0.920399 -1.01125 0.00403676
-0.876528 -1.01188 -0.0141818
-0.834568 -1.01404 -0.0515143
-0.787111 -1.01449 -0.00949014
-0.747081 -1.01616 -0.0418224
-0.697292 -1.02006 -0.0781513
-0.649699 -1.02173 -0.0350194
-0.615292 -1.02463 -0.0839424
-0.565495 -1.02903 -0.0881724
-0.523996 -1.03276 -0.0897853
-0.48612 -1.03593 -0.0833338
-0.436381 -1.03747 -0.0309047
-0.386639 -1.03939 -0.0385783
-0.340866 -1.04183 -0.0532561
-0.2966 -1.04297 -0.0258459
-0.24826 -1.04557 -0.0536862
-0.209272 -1.04575 -0.00476552
-0.163293 -1.0459 -0.00309092
-0.126313 -1.04596 -0.00161376
-0.0792379 -1.04854 -0.0549181
-0.0315536 -1.05069 -0.0450411
0.0153542 -1.05128 -0.0125167
0.0573091 -1.05225 -0.0230847
0.104046 -1.05432 -0.0442133
0.148424 -1.05583 -0.034186
0.198418 -1.05664 -0.0160992
0.2475 -1.05865 -0.0409714
0.288858 -1.05979 -0.0276017
0.334413 -1.06074 -0.020713
0.379899 -1.06281 -0.0456034
0.418557 -1.06364 -0.021523
0.45419 -1.06509 -0.0406613
0.498115 -1.06756 -0.0559927
0.547968 -1.07016 -0.0521689
0.592978 -1.07431 -0.0919777
0.633177 -1.07914 -0.119671
0.6826 -1.08428 -0.10351
0.732428 -1.08657 -0.0459384
0.778711 -1.09039 -0.0822823
0.818612 -1.09371 -0.0832017
0.865114 -1.09803 -0.0925699
0.910989 -1.10233 -0.0934201
0.960029 -1.1073 -0.101007
1.0092 -1.11488 -0.152925
1.05623 -1.12058 -0.120688
1.1044 -1.12669 -0.126175
1.1534 -1.13374 -0.14295
1.19403 -1.14035 -0.161114
1.24098 -1.14843 -0.17054
1.28254 -1.15471 -0.149832
1.33202 -1.16191 -0.144645
1.38133 -1.16802 -0.123218
1.42569 -1.1743 -0.140604
1.47397 -1.18123 -0.142635
1.52077 -1.18951 -0.174934
1.56897 -1.19884 -0.191349
1.61396 -1.20669 -0.172787
1.65675 -1.21639 -0.22277
1.70396 -1.22858 -0.252717
1.74837 -1.23869 -0.223956
1.79086 -1.24799 -0.215271
1.8372 -1.2573 -0.198319
1.88491 -1.26824 -0.225429
1.93305 -1.27988 -0.237304
1.98068 -1.29278 -0.264562
2.02543 -1.30218 -0.206922
2.07371 -1.31499 -0.259309
2.12025 -1.32934 -0.29915
2.16768 -1.34517 -0.322201
2.21495 -1.3591 -0.286445
2.26267 -1.37394 -0.301571
2.30872 -1.38708 -0.278013
2.35715 -1.39921 -0.245379
2.40084 -1.40936 -0.228151
2.44181 -1.42017 -0.258159
2.48799 -1.4335 -0.280963
2.53423 -1.44598 -0.263553
2.58263 -1.45849 -0.253045
2.62295 -1.46875 -0.249009
2.6631 -1.48064 -0.287927
2.70875 -1.49314 -0.267324
2.75657 -1.50637 -0.270012
2.80345 -1.51929 -0.268881
2.8472 -1.5323 -0.289035
2.88793 -1.54555 -0.314396
2.93542 -1.5607 -0.308827
2.98238 -1.57632 -0.321201
3.02983 -1.59206 -0.320344
3.07031 -1.60458 -0.299805
3.11276 -1.6185 -0.316951
3.15431 -1.63066 -0.284704
3.20228 -1.64472 -0.284994
3.24469 -1.65694 -0.280639
3.29114 -1.67023 -0.278598
3.3359 -1.68377 -0.293733
3.3784 -1.69483 -0.254772
3.42258 -1.70347 -0.193083
3.45984 -1.71104 -0.200227
3.49703 -1.71729 -0.16658
3.53887 -1.72469 -0.175154
3.57186 -1.73059 -0.177051
3.60403 -1.73559 -0.154183
3.6472 -1.74271 -0.163407
3.69524 -1.75177 -0.186341
3.73489 -1.7611 -0.23113
3.75336 -1.76513 -0.215024
3.77169 -1.76897 -0.206001
3.79176 -1.77323 -0.209415
3.80949 -1.77745 -0.233712
3.83114 -1.78272 -0.238774
3.84675 -1.7863 -0.225463
3.8633 -1.78957 -0.194718
3.88121 -1.79293 -0.18556
3.9066 -1.79817 -0.203667
3.90786 -1.7984 -0.180333
3.9316 -1.80329 -0.202997
3.95048 -1.80817 -0.253352
3.95789 -1.81018 -0.263888
3.98741 -1.81837 -0.270675
4.02343 -1.82933 -0.295363
4.04721 -1.837 -0.3122
4.06406 -1.84246 -0.312952
4.07208 -1.84506 -0.314545
4.09256 -1.85143 -0.301355
4.10602 -1.85652 -0.36165
4.11919 -1.86083 -0.315947
4.14378 -1.86886 -0.315735
4.17658 -1.87879 -0.294031
4.20157 -1.88701 -0.317451
4.22205 -1.89417 -0.336819
4.23992 -1.89985 -0.307581
4.25251 -1.90386 -0.308229
4.26238 -1.90702 -0.310187
4.2736 -1.91109 -0.347999
4.28549 -1.91586 -0.380958
4.29088 -1.91798 -0.376297
4.30504 -1.92233 -0.297915
4.33152 -1.93056 -0.301371
4.36074 -1.93953 -0.297571
4.40129 -1.95048 -0.263936
4.44548 -1.96252 -0.265935
4.48608 -1.97536 -0.306246
4.52406 -1.98729 -0.304298
4.55894 -1.9974 -0.282323
4.59649 -2.00572 -0.217975
4.63147 -2.01226 -0.184962
4.65266 -2.01593 -0.171395
4.68134 -2.01845 -0.087424
4.69254 -2.01937 -0.0823815
4.70438 -2.02016 -0.0667736
4.71252 -2.021 -0.102251
4.7313 -2.02373 -0.144344
4.74455 -2.02612 -0.178558
4.76475 -2.03109 -0.241548
4.78414 -2.03607 -0.251287
4.80341 -2.04125 -0.262445
4.81865 -2.04536 -0.263125
4.84362 -2.05083 -0.21586
4.86899 -2.05619 -0.208197
4.88456 -2.05928 -0.195759
4.90001 -2.06196 -0.171895
4.90971 -2.06402 -0.209661
4.92263 -2.06689 -0.218699
4.93681 -2.07031 -0.236131
4.94782 -2.07304 -0.243363
4.96037 -2.0759 -0.224343
4.99187 -2.08217 -0.196273
5.02212 -2.08721 -0.165049
5.03782 -2.08918 -0.125143
5.05618 -2.09117 -0.107567
5.05677 -2.09123 -0.103196
5.06168 -2.09184 -0.123823
5.07025 -2.09283 -0.115385
5.08523 -2.09371 -0.0584932
5.10303 -2.0947 -0.0555222
5.118 -2.09537 -0.0448379
5.1223 -2.0953 0.0156404
5.12544 -2.0953 -0.000851685
5.13778 -2.0954 -0.00756416
5.1487 -2.09589 -0.0455372
5.15897 -2.09652 -0.0612774
5.1614 -2.09675 -0.0920784
5.15929 -2.09659 -0.0736283
5.1757 -2.09812 -0.0927438
5.18313 -2.09881 -0.092432
5.19105 -2.09957 -0.0959048
5.19896 -2.10046 -0.111898
5.20541 -2.1013 -0.129504
5.20011 -2.10052 -0.145556
5.20266 -2.10106 -0.206481
5.20899 -2.10234 -0.199987
5.23043 -2.10566 -0.153546
5.23684 -2.10697 -0.202407
True
0.25185
