-5.46307 -1.58974 -0.0954853
-5.4255 -1.59102 -0.0341292
-5.38141 -1.59405 -0.0687055
-5.33827 -1.59496 -0.0211398
-5.29056 -1.59646 -0.0314094
-5.24127 -1.59697 -0.01035
-5.19545 -1.59801 -0.0226143
-5.14681 -1.59745 0.0114081
-5.09749 -1.59639 0.0215405
-5.05023 -1.59021 0.130094
-5.00429 -1.58336 0.147988
-4.96326 -1.57647 0.166285
-4.91529 -1.56685 0.197927
-4.87595 -1.55765 0.22973
-4.82671 -1.54921 0.169869
-4.77752 -1.54031 0.178985
-4.72861 -1.53047 0.198433
-4.68127 -1.52184 0.180479
-4.639 -1.51305 0.204988
-4.5917 -1.50129 0.243634
-4.54851 -1.49155 0.221909
-4.5034 -1.48072 0.235446
-4.45639 -1.46824 0.259542
-4.40908 -1.45619 0.249377
-4.36104 -1.44534 0.222205
-4.31276 -1.43455 0.219731
-4.26501 -1.42367 0.224242
-4.21682 -1.41319 0.214075
-4.1682 -1.40396 0.187501
-4.14273 -1.39994 0.15651
-4.09606 -1.39066 0.196288
-4.04842 -1.37857 0.248531
-4.00153 -1.36955 0.190051
-3.95291 -1.35892 0.215273
-3.91404 -1.35132 0.193048
-3.86499 -1.34183 0.191165
-3.82569 -1.3337 0.203898
-3.77668 -1.32382 0.199117
-3.73611 -1.31712 0.163453
-3.68689 -1.30841 0.175216
-3.64112 -1.30191 0.141155
-3.60133 -1.29576 0.153327
-3.55187 -1.28887 0.13836
-3.50351 -1.28264 0.128059
-3.45446 -1.27673 0.119905
-3.4083 -1.27044 0.135572
-3.36187 -1.26303 0.158216
-3.32089 -1.25878 0.103236
-3.27633 -1.25365 0.114804
-3.22946 -1.24714 0.137929
-3.18639 -1.23945 0.176766
-3.14984 -1.23214 0.197286
-3.10968 -1.22515 0.172317
-3.06295 -1.21531 0.207619
-3.01475 -1.20533 0.204038
-2.96673 -1.19551 0.2017
-2.92872 -1.18781 0.200003
-2.88372 -1.17809 0.212798
-2.83797 -1.16744 0.228641
-2.80165 -1.16014 0.198319
-2.75749 -1.15216 0.178801
-2.71212 -1.14443 0.16884
-2.665 -1.13543 0.188703
-2.61605 -1.12761 0.158309
-2.57444 -1.12127 0.151287
-2.52514 -1.11461 0.134265
-2.48126 -1.10928 0.120917
-2.43375 -1.10451 0.100087
-2.39099 -1.10026 0.0989341
-2.34178 -1.09198 0.166794
-2.29573 -1.08497 0.151099
-2.2526 -1.08095 0.0928369
-2.20304 -1.07737 0.0720273
-2.1545 -1.07453 0.0585103
-2.10459 -1.07226 0.0454544
-2.05967 -1.07231 -0.00104638
-2.00976 -1.07188 0.00862869
-1.96103 -1.07121 0.0136195
-1.91913 -1.06868 0.060435
-1.88251 -1.06903 -0.00966077
-1.83675 -1.06747 0.0340245
-1.79656 -1.06638 0.0271517
-1.74682 -1.06822 -0.0368698
-1.69938 -1.06703 0.025029
-1.65274 -1.0671 -0.0014211
-1.60284 -1.06531 0.0358705
-1.56531 -1.06395 0.0360217
-1.51677 -1.06284 0.0228908
-1.4754 -1.06277 0.00168635
-1.42567 -1.06085 0.038606
-1.37679 -1.06172 -0.0178292
-1.32894 -1.0632 -0.0308862
-1.27946 -1.06379 -0.0118127
-1.23445 -1.06387 -0.00192977
-1.18571 -1.06215 0.0353907
-1.13622 -1.05994 0.0446239
-1.09784 -1.06042 -0.012601
-1.05053 -1.05936 0.0223738
-1.00811 -1.05781 0.0365281
-0.958363 -1.05288 0.0987231
-0.927144 -1.04876 0.131296
-0.893236 -1.04394 0.141162
-0.844413 -1.03718 0.137743
-0.795406 -1.02726 0.199552
-0.746314 -1.01801 0.18633
-0.697106 -1.00916 0.17789
-0.648617 -1.0041 0.104024
-0.609831 -0.998394 0.146052
-0.576353 -0.993488 0.145506
-0.534662 -0.98849 0.119333
-0.485521 -0.982615 0.118988
-0.437251 -0.97888 0.0772234
-0.38952 -0.975124 0.0785104
-0.346233 -0.972902 0.051303
-0.30576 -0.970443 0.0606869
-0.256042 -0.967361 0.0618995
-0.211774 -0.965495 0.0421355
-0.165804 -0.965277 0.00473395
-0.121095 -0.96442 0.0191682
-0.0765692 -0.965153 -0.0164569
-0.035454 -0.966698 -0.0375551
0.00461231 -0.968098 -0.034931
0.0544729 -0.970335 -0.0448371
0.0946767 -0.972688 -0.0584643
0.141057 -0.975568 -0.0620218
0.186994 -0.980814 -0.113706
0.236346 -0.985097 -0.086563
0.286092 -0.989791 -0.0940821
0.33531 -0.993773 -0.0807352
0.385083 -0.997955 -0.083815
0.429177 -1.00093 -0.0673014
0.478921 -1.00588 -0.0992995
0.528457 -1.01192 -0.121333
0.566997 -1.01712 -0.133978
0.616245 -1.02352 -0.12936
0.665363 -1.02895 -0.109928
0.714695 -1.03602 -0.142448
0.754683 -1.04252 -0.161196
0.803242 -1.05223 -0.197259
0.847252 -1.05997 -0.174098
0.881515 -1.06521 -0.151779
0.927962 -1.07418 -0.190871
0.975984 -1.08392 -0.200059
1.02483 -1.09461 -0.215361
1.07228 -1.10482 -0.212013
1.11269 -1.11501 -0.247021
1.14715 -1.12385 -0.250992
1.19459 -1.13525 -0.235959
1.23856 -1.14852 -0.293066
1.27899 -1.16133 -0.306805
1.32543 -1.17781 -0.340961
1.37236 -1.19452 -0.342108
1.41749 -1.2135 -0.398101
1.45988 -1.23386 -0.44772
1.50351 -1.2535 -0.423093
1.54864 -1.27443 -0.434183
1.58208 -1.2896 -0.425884
1.62655 -1.31244 -0.474458
1.67077 -1.33578 -0.485718
1.71332 -1.35771 -0.475827
1.75653 -1.38233 -0.517985
1.79572 -1.40468 -0.518319
1.83842 -1.42931 -0.523064
1.87823 -1.45228 -0.52347
1.92277 -1.47496 -0.470981
1.9655 -1.49672 -0.470918
2.01035 -1.51837 -0.449773
2.05347 -1.53956 -0.456703
2.09868 -1.56087 -0.440574
2.14195 -1.58182 -0.450759
2.18732 -1.60174 -0.413759
2.22536 -1.61923 -0.431095
2.26666 -1.63828 -0.432001
2.31246 -1.65812 -0.40894
2.35817 -1.67837 -0.416913
2.4018 -1.69851 -0.432408
2.44608 -1.7217 -0.482512
2.48927 -1.7448 -0.491065
2.53127 -1.7664 -0.475039
2.57341 -1.79088 -0.526335
2.6109 -1.81149 -0.502549
2.65467 -1.8356 -0.503524
2.69731 -1.85753 -0.474986
2.73877 -1.87996 -0.495971
2.78224 -1.90428 -0.510114
2.82402 -1.92773 -0.511446
2.86528 -1.95113 -0.515811
2.89324 -1.96869 -0.560728
2.93388 -1.99279 -0.535396
2.97076 -2.01509 -0.543768
3.00698 -2.03683 -0.540596
3.04971 -2.06277 -0.545649
3.09171 -2.0892 -0.561649
3.13315 -2.1164 -0.580767
3.17454 -2.14398 -0.587944
3.21329 -2.17017 -0.594248
3.25549 -2.19509 -0.533355
3.29832 -2.21818 -0.494633
3.3342 -2.23892 -0.523944
3.36901 -2.25693 -0.477543
3.41274 -2.28 -0.485386
3.45169 -2.30159 -0.506129
3.49499 -2.32594 -0.512316
3.52809 -2.34451 -0.511289
3.57011 -2.36756 -0.501698
3.61251 -2.38983 -0.483529
3.65506 -2.41323 -0.502931
3.69176 -2.4336 -0.506799
3.73298 -2.45656 -0.508089
3.77058 -2.4762 -0.481313
3.80947 -2.49592 -0.469507
3.84957 -2.5177 -0.497435
3.88143 -2.53695 -0.543577
3.91336 -2.55465 -0.506127
3.94376 -2.5711 -0.495783
3.96615 -2.58358 -0.508953
4.0084 -2.60758 -0.516447
4.04141 -2.62634 -0.516746
4.06591 -2.63881 -0.470756
4.09034 -2.65164 -0.483666
4.11796 -2.6659 -0.476806
4.14902 -2.68197 -0.477437
4.18236 -2.70029 -0.502417
4.21458 -2.71872 -0.519411
4.25568 -2.74145 -0.505172
4.29753 -2.76376 -0.489757
4.33087 -2.78117 -0.481316
4.36809 -2.79943 -0.456193
4.38924 -2.80942 -0.441172
4.40344 -2.81606 -0.43732
4.44769 -2.83614 -0.426089
4.47053 -2.84629 -0.417878
4.50448 -2.86436 -0.489266
4.52153 -2.87341 -0.488012
4.55014 -2.89054 -0.539339
4.57597 -2.90534 -0.520416
4.60662 -2.92297 -0.521979
4.62755 -2.93461 -0.507652
4.66055 -2.95258 -0.498518
4.69474 -2.9706 -0.485198
4.73489 -2.99037 -0.457451
4.77933 -3.01143 -0.442548
4.80092 -3.02184 -0.449276
4.84123 -3.04065 -0.436606
4.85409 -3.04703 -0.461041
4.87518 -3.05721 -0.449326
4.90594 -3.07241 -0.459042
4.92409 -3.08114 -0.448332
4.93404 -3.08615 -0.466285
4.94804 -3.09356 -0.487093
4.95684 -3.09811 -0.476768
4.97322 -3.10648 -0.472585
4.97649 -3.10806 -0.448263
4.99708 -3.11838 -0.464722
5.00482 -3.12251 -0.490146
5.01956 -3.13045 -0.494515
5.03119 -3.13635 -0.469206
5.04156 -3.14154 -0.463716
5.056 -3.14921 -0.488394
5.06089 -3.15189 -0.501008
5.06588 -3.15461 -0.499703
5.07443 -3.15904 -0.478195
5.08555 -3.16475 -0.474109
5.10678 -3.17497 -0.448901
5.1154 -3.17893 -0.430342
5.12113 -3.18139 -0.405494
5.13919 -3.18974 -0.433042
5.14732 -3.19376 -0.458699
5.16613 -3.20253 -0.436405
5.17003 -3.20439 -0.444475
5.18788 -3.213 -0.449414
5.19374 -3.2159 -0.459978
5.20091 -3.21962 -0.478044
5.20617 -3.22269 -0.528886
5.21289 -3.22687 -0.556835
5.21833 -3.23012 -0.53758
5.22636 -3.23495 -0.54152
5.23026 -3.23752 -0.584296
5.23066 -3.2378 -0.612006
5.23136 -3.23831 -0.625639
5.23798 -3.24288 -0.603972
True
0.249268
