4.48468 0.00494464 2.82931
4.45808 0.0174777 2.70133
4.43288 0.0304711 2.66553
4.40502 0.0477736 2.58578
4.37526 0.068042 2.54378
4.33975 0.0954525 2.48419
4.30546 0.126581 2.40448
4.27764 0.152175 2.39791
4.24395 0.184386 2.37863
4.21303 0.220546 2.27816
4.18203 0.254783 2.30665
4.16231 0.280923 2.21717
4.13997 0.311554 2.20088
4.12179 0.339564 2.14653
4.09807 0.378907 2.11333
4.07043 0.420566 2.15662
4.04561 0.46265 2.10354
4.02951 0.489791 2.10638
4.00967 0.525357 2.07963
3.99122 0.563474 2.02149
3.9791 0.593083 1.95939
3.96204 0.639977 1.91974
3.94367 0.686342 1.94799
3.92508 0.73092 1.96584
3.90762 0.777575 1.92897
3.89172 0.824944 1.89466
3.87846 0.862399 1.91101
3.8627 0.90885 1.89791
3.84756 0.947666 1.94265
3.83104 0.993439 1.91722
3.81384 1.03796 1.93935
3.79494 1.08425 1.95854
3.77612 1.13056 1.95687
3.75858 1.17724 1.93014
3.74489 1.21365 1.93053
3.72686 1.26015 1.94057
3.70659 1.30585 1.98823
3.68981 1.34201 2.00539
3.66908 1.38743 1.99893
3.64879 1.43223 1.99601
3.6322 1.47286 1.95852
3.6163 1.51011 1.97419
3.60384 1.53969 1.96947
3.58395 1.58542 1.98104
3.56222 1.6304 2.02086
3.54265 1.6691 2.03902
3.52017 1.71359 2.03874
3.49976 1.7591 1.99239
3.47896 1.80334 2.01015
3.45576 1.84752 2.05432
3.43518 1.89014 2.0208
3.42014 1.92116 2.02228
3.40081 1.95819 2.05184
3.37793 1.99836 2.08848
3.3517 2.04093 2.12309
3.33205 2.0724 2.12891
3.30395 2.11334 2.17232
3.28628 2.14101 2.13918
3.26399 2.17214 2.19215
3.23484 2.21256 2.19562
3.20633 2.25128 2.20551
3.18672 2.27817 2.20091
3.15781 2.3181 2.19726
3.12808 2.35783 2.21343
3.09889 2.3961 2.22232
3.07423 2.42932 2.20949
3.04973 2.46342 2.19371
3.01826 2.50219 2.25254
2.98814 2.53733 2.27939
2.9562 2.57564 2.26583
2.92907 2.60985 2.24125
2.90282 2.64371 2.23042
2.87202 2.68309 2.23449
2.84472 2.71682 2.25122
2.81944 2.74538 2.29532
2.78705 2.78346 2.27564
2.76089 2.80809 2.38637
2.72557 2.84251 2.36901
2.69161 2.87917 2.31803
2.65878 2.91637 2.2938
2.62418 2.9523 2.33732
2.58919 2.98534 2.3849
2.56363 3.00844 2.40668
2.5411 3.02776 2.43286
2.51471 3.05028 2.43522
2.4868 3.07446 2.42757
2.45219 3.10598 2.40291
2.41735 3.14007 2.36717
2.38087 3.17202 2.42224
2.3522 3.19773 2.41063
2.31568 3.23113 2.40074
2.28288 3.25983 2.42267
2.25087 3.28752 2.42851
2.21261 3.31748 2.47724
2.17315 3.34735 2.49368
2.1383 3.37251 2.51613
2.1019 3.39807 2.52939
2.06302 3.42735 2.49628
2.02747 3.4506 2.56238
2.00301 3.46694 2.5526
1.9664 3.48807 2.61809
1.93244 3.50699 2.63329
1.88873 3.53015 2.65441
1.85014 3.55007 2.66499
1.80716 3.57181 2.67335
1.76169 3.59236 2.71712
1.71719 3.6148 2.67452
1.69629 3.62648 2.63189
1.66504 3.64087 2.71022
1.62075 3.66403 2.65976
1.58083 3.67978 2.76579
1.5415 3.69597 2.75103
1.5006 3.71241 2.75931
1.45396 3.73039 2.77365
1.40857 3.74574 2.81554
1.36971 3.75783 2.84
1.32427 3.77242 2.83085
1.27626 3.78632 2.85985
1.22846 3.79966 2.8693
1.18238 3.81552 2.8102
1.13464 3.82927 2.86122
1.10026 3.83818 2.88791
1.05168 3.84912 2.92003
1.00894 3.85733 2.95195
0.968448 3.86478 2.95964
0.919531 3.87513 2.93314
0.884065 3.88356 2.90806
0.835686 3.89612 2.88756
0.790931 3.90423 2.96237
0.755848 3.90864 3.01651
0.713899 3.91455 3.00178
0.670735 3.91836 3.05344
0.630156 3.92108 3.07474
0.581915 3.92393 3.08255
0.533218 3.92658 3.0872
0.489679 3.92897 3.08679
0.450014 3.9312 3.08544
0.400413 3.93513 3.06255
0.350796 3.93783 3.08717
0.302329 3.93812 3.1357
0.257346 3.93564 3.19662
0.21164 3.93317 -3.08755
0.165621 3.93197 -3.11552
0.115921 3.92841 -3.07006
0.0661122 3.92598 -3.09294
0.0192544 3.9235 -3.08872
-0.0228131 3.92306 -3.131
-0.0659562 3.9226 -3.13101
-0.115581 3.91961 -3.08142
-0.163803 3.9175 -3.09794
-0.213748 3.91548 -3.10102
-0.263667 3.91379 -3.10789
-0.304789 3.91421 -3.15185
-0.341718 3.91417 3.14277
-0.390385 3.91243 -3.10583
-0.433809 3.9104 -3.09491
-0.482803 3.90771 -3.08662
-0.530942 3.90345 -3.05351
-0.580363 3.8959 -2.98993
-0.623548 3.88955 -2.99562
-0.670332 3.88342 -3.01117
-0.716639 3.87732 -3.01079
-0.763065 3.87069 -2.99961
-0.812161 3.86326 -2.99148
-0.860158 3.8551 -2.97316
-0.909102 3.84639 -2.96549
-0.958134 3.83707 -2.95374
-0.996576 3.8309 -2.98238
-1.04213 3.82495 -3.01172
-1.07949 3.8181 -2.96016
-1.12632 3.81006 -2.97158
-1.17148 3.80252 -2.9762
-1.21329 3.7932 -2.9224
-1.25704 3.78291 -2.91057
-1.3036 3.77205 -2.91232
-1.34685 3.76252 -2.92468
-1.38992 3.75215 -2.90535
-1.43713 3.74068 -2.9034
-1.48516 3.72699 -2.86394
-1.52762 3.71617 -2.89193
-1.57191 3.70516 -2.89806
-1.60477 3.69667 -2.88863
-1.65255 3.68225 -2.84852
-1.69595 3.66911 -2.84771
-1.73925 3.65384 -2.80247
-1.78495 3.63799 -2.80777
-1.83102 3.61873 -2.74555
-1.874 3.60104 -2.75104
-1.91329 3.58482 -2.75026
-1.95715 3.56439 -2.7057
-2.00322 3.54504 -2.74399
-2.04945 3.526 -2.75076
-2.09653 3.50917 -2.7983
-2.13721 3.49101 -2.72176
-2.18284 3.47158 -2.73908
-2.22446 3.45572 -2.77743
-2.26859 3.43707 -2.7418
-2.3073 3.41972 -2.72027
-2.34846 3.40029 -2.70051
-2.39189 3.37851 -2.67669
-2.43537 3.35587 -2.66154
-2.47943 3.33236 -2.65138
-2.51824 3.31068 -2.63223
-2.55787 3.28856 -2.63245
-2.60118 3.26484 -2.64062
-2.64151 3.24097 -2.60714
-2.6725 3.22124 -2.57454
-2.70541 3.20058 -2.58112
-2.74632 3.17598 -2.60006
-2.77625 3.158 -2.60068
-2.81385 3.13637 -2.61968
-2.84937 3.11534 -2.60705
-2.88655 3.09366 -2.61372
-2.926 3.07042 -2.60904
-2.94881 3.05782 -2.63704
-2.98021 3.04046 -2.63671
-3.01283 3.02249 -2.63795
-3.04793 3.00155 -2.60373
-3.08869 2.97913 -2.63876
-3.12553 2.95695 -2.59945
-3.1468 2.9448 -2.62287
-3.18085 2.92576 -2.63163
-3.20692 2.91066 -2.61674
-3.24829 2.88334 -2.55787
-3.2881 2.85395 -2.50573
-3.31714 2.83031 -2.45836
-3.34576 2.80655 -2.44876
-3.36417 2.79251 -2.48971
-3.39493 2.77086 -2.52851
-3.4043 2.76419 -2.52241
-3.43436 2.74288 -2.52486
-3.46064 2.72393 -2.51706
-3.48741 2.70441 -2.51144
-3.52193 2.67912 -2.5092
-3.53726 2.66715 -2.47897
-3.56334 2.64785 -2.50456
-3.58604 2.63057 -2.49093
-3.60789 2.61292 -2.46193
-3.63088 2.59422 -2.45893
-3.64778 2.58005 -2.44381
-3.67298 2.55605 -2.38057
-3.6945 2.53495 -2.36601
-3.69417 2.53526 -2.39166
-3.70537 2.52475 -2.38811
-3.72033 2.51095 -2.39672
-3.73186 2.50142 -2.45078
-3.73899 2.49575 -2.46948
-3.74968 2.48732 -2.47384
-3.76334 2.47786 -2.53571
-3.76738 2.47457 -2.45871
-3.787 2.45918 -2.47646
-3.79924 2.44945 -2.46989
-3.81159 2.43982 -2.47916
-3.82357 2.4293 -2.42097
-3.83608 2.41827 -2.41915
-3.85009 2.40495 -2.38119
-3.87175 2.3847 -2.39014
-3.87906 2.37837 -2.42708
-3.89184 2.36732 -2.42893
-3.89756 2.36233 -2.42415
-3.9049 2.35615 -2.44153
-3.92516 2.33789 -2.40808
-3.92982 2.33398 -2.4433
-3.93353 2.33109 -2.48122
-3.94616 2.3207 -2.45314
-3.95692 2.31134 -2.42533
-3.96499 2.30432 -2.42578
-3.97382 2.29721 -2.46391
-3.98444 2.28962 -2.52094
-4.00473 2.27478 -2.51029
-4.01989 2.26432 -2.53736
-4.02919 2.25791 -2.53796
-4.04021 2.25029 -2.53676
-4.05199 2.24203 -2.53028
-4.06727 2.23134 -2.53112
-4.07465 2.22622 -2.53485
-4.07918 2.22291 -2.50984
-4.08813 2.21673 -2.53762
-4.09687 2.21027 -2.50484
-4.10137 2.20725 -2.55078
-4.1066 2.2038 -2.55842
-4.11425 2.19868 -2.55235
-4.11937 2.19505 -2.52469
-4.11878 2.19548 -2.51527
-4.12109 2.19366 -2.47384
-4.13289 2.18474 -2.49427
-4.1491 2.17113 -2.44321
-4.16435 2.1582 -2.43837
-4.16792 2.15513 -2.43094
-4.17079 2.15242 -2.38619
-4.17721 2.14599 -2.35483
-4.18309 2.14005 -2.35121
-4.19078 2.13156 -2.30666
-4.20247 2.11882 -2.31361
-4.20224 2.11907 -2.33892
-4.20489 2.11622 -2.32016
-4.20742 2.11336 -2.29674
True
0.178526
