4.48349 0.0105451 2.57319
4.453 0.0305464 2.56095
4.42359 0.0493436 2.5729
4.38774 0.0741638 2.53604
4.35283 0.0997551 2.50909
4.3172 0.127071 2.48751
4.28814 0.150628 2.46042
4.25047 0.18345 2.42482
4.2148 0.21849 2.36507
4.18177 0.252072 2.34795
4.15294 0.282658 2.32662
4.12417 0.315529 2.28975
4.09193 0.353564 2.27391
4.06248 0.39096 2.23797
4.03666 0.428086 2.17838
4.01253 0.463421 2.17
3.98449 0.503694 2.17902
3.96034 0.546822 2.0812
3.94149 0.582356 2.05865
3.91797 0.626478 2.06057
3.89981 0.662343 2.03938
3.88323 0.69472 2.04412
3.86026 0.738841 2.0508
3.83822 0.775304 2.11449
3.82581 0.795215 2.12806
3.80052 0.83247 2.16723
3.78796 0.854871 2.08194
3.765 0.893287 2.10937
3.74287 0.936232 2.0466
3.71971 0.98007 2.05689
3.70027 1.01609 2.06578
3.68285 1.04969 2.04903
3.66039 1.09183 2.06058
3.64915 1.11363 2.04659
3.62829 1.15444 2.04332
3.61212 1.1869 2.03305
3.59862 1.21306 2.04705
3.57739 1.25833 2.00931
3.56082 1.29688 1.97678
3.54297 1.33747 1.9852
3.52304 1.38311 1.98239
3.50491 1.42662 1.96568
3.48496 1.47236 1.9821
3.46567 1.51692 1.97928
3.44671 1.56317 1.95986
3.42603 1.60869 1.99717
3.40867 1.64502 2.01677
3.39223 1.67858 2.0263
3.37321 1.71653 2.03543
3.35592 1.75269 2.01669
3.33998 1.7877 1.99803
3.31845 1.83279 2.01632
3.30105 1.86652 2.04692
3.27986 1.91014 2.02311
3.25857 1.95271 2.03447
3.23454 1.99623 2.07542
3.22049 2.02058 2.09393
3.21121 2.03865 2.04522
3.19173 2.07612 2.05027
3.17172 2.11013 2.1026
3.15577 2.13711 2.10485
3.12918 2.17884 2.13796
3.10416 2.21831 2.13591
3.07572 2.25843 2.18732
3.0567 2.28361 2.21793
3.02812 2.31805 2.26354
2.99938 2.35614 2.2171
2.97511 2.38729 2.23266
2.94594 2.42417 2.23997
2.9208 2.4539 2.27277
2.89138 2.48913 2.26649
2.86082 2.52484 2.27864
2.83722 2.55283 2.27143
2.80984 2.58498 2.27623
2.77746 2.62042 2.31101
2.74665 2.65453 2.30551
2.71771 2.6864 2.30789
2.69073 2.71667 2.2989
2.65969 2.74909 2.33444
2.62405 2.78376 2.37001
2.59169 2.81649 2.35057
2.56096 2.84752 2.35138
2.53345 2.8733 2.38855
2.49611 2.90655 2.41411
2.46846 2.92724 2.4991
2.42837 2.95642 2.51239
2.39481 2.98205 2.48954
2.35478 3.00855 2.55668
2.32029 3.03313 2.52247
2.27963 3.06223 2.52049
2.23832 3.09034 2.544
2.20622 3.11167 2.55505
2.16445 3.13717 2.59361
2.13178 3.15995 2.53254
2.09419 3.18696 2.51852
2.06385 3.2079 2.53772
2.02305 3.23624 2.5345
1.99309 3.25588 2.56115
1.95471 3.2795 2.58989
1.91091 3.30358 2.63908
1.87068 3.32648 2.62396
1.83309 3.3485 2.61179
1.79851 3.36718 2.6463
1.75733 3.39227 2.59432
1.71479 3.41726 2.61043
1.67575 3.43862 2.64106
1.63045 3.45969 2.70623
1.58916 3.48014 2.68166
1.54379 3.50116 2.70776
1.49822 3.52135 2.72446
1.4545 3.54283 2.68496
1.4095 3.56244 2.73067
1.36919 3.57978 2.73534
1.32262 3.59775 2.77338
1.27532 3.6137 2.81625
1.22905 3.62913 2.8198
1.18448 3.64315 2.83676
1.14344 3.65607 2.83661
1.09578 3.67009 2.85546
1.04761 3.6831 2.87795
1.00162 3.69379 2.91314
0.95653 3.70487 2.90067
0.910235 3.71519 2.9222
0.861971 3.72679 2.9058
0.815733 3.73661 2.93235
0.76647 3.74513 2.9703
0.728161 3.75041 3.00462
0.679821 3.76075 2.9308
0.632847 3.76966 2.95421
0.588502 3.7772 2.97313
0.543759 3.7835 3.00163
0.49707 3.79017 2.99967
0.447808 3.79749 2.9942
0.408855 3.8027 3.0087
0.364688 3.80967 2.98504
0.319337 3.81298 3.06867
0.279809 3.81598 3.06595
0.229998 3.81971 3.06684
0.180527 3.82605 3.01413
0.132858 3.83359 2.98457
0.0886879 3.84153 2.9638
0.0469199 3.84978 2.94671
0.00696022 3.85562 2.99637
-0.0404286 3.86528 2.94052
-0.0742489 3.86948 3.01803
-0.119825 3.87725 2.97275
-0.168702 3.88307 3.02298
-0.213539 3.88929 3.0039
-0.262649 3.89582 3.00935
-0.307606 3.90066 3.03423
-0.35638 3.90809 2.99042
-0.402355 3.91672 2.95609
-0.439456 3.92368 2.9561
-0.486154 3.9332 2.94051
-0.531438 3.94299 2.92876
-0.571009 3.95137 2.93294
-0.611275 3.95754 2.98959
-0.655508 3.96621 2.94785
-0.704933 3.97377 2.98983
-0.753847 3.98274 2.96024
-0.801663 3.99039 2.98304
-0.84087 3.99576 3.00528
-0.883581 4.00195 2.99786
-0.924175 4.00662 3.02686
-0.958909 4.01218 2.983
-1.00559 4.018 3.01764
-1.05323 4.02403 3.01564
-1.10273 4.03105 3.00076
-1.15152 4.03824 2.99516
-1.19628 4.04221 3.05311
-1.22378 4.04583 3.01086
-1.25941 4.05084 3.00191
-1.30049 4.05667 3.00048
-1.33952 4.06271 2.98808
-1.38654 4.06863 3.01644
-1.42007 4.07408 2.98041
-1.46256 4.08295 2.93582
-1.51133 4.09141 2.96975
-1.547 4.09854 2.94456
-1.58773 4.10665 2.94502
-1.63684 4.1131 3.01091
-1.68585 4.12039 2.99385
-1.73472 4.1296 2.95534
-1.78122 4.13459 3.03486
-1.81857 4.13919 3.01897
-1.86613 4.14356 3.05001
-1.90163 4.14672 3.05281
-1.94754 4.15046 3.06017
-1.99627 4.15393 3.07057
-2.04336 4.15862 3.04229
-2.09323 4.16218 3.07029
-2.13016 4.16443 3.08082
-2.16324 4.16591 3.09683
-2.21287 4.17009 3.05754
-2.26247 4.17494 3.04424
-2.31212 4.18081 3.02384
-2.36159 4.18638 3.02944
-2.41001 4.19187 3.02869
-2.45595 4.19734 3.0231
-2.49466 4.20122 3.0418
-2.53465 4.2043 3.06467
-2.55899 4.20617 3.06501
-2.59748 4.20999 3.04256
-2.64072 4.21265 3.08029
-2.66977 4.21509 3.05782
-2.70324 4.21877 3.03197
-2.74231 4.22425 3.00234
-2.77075 4.22801 3.01005
-2.81567 4.23641 2.9567
-2.85897 4.24402 2.96755
-2.90542 4.25288 2.9531
-2.94776 4.2615 2.94086
-2.98376 4.26947 2.92376
-3.03182 4.27838 2.95818
-3.06895 4.28555 2.95078
-3.11521 4.29524 2.93526
-3.15087 4.30459 2.8851
-3.19193 4.3148 2.89775
-3.2285 4.32321 2.91577
-3.27546 4.33295 2.93694
-3.31519 4.33978 2.97139
-3.35406 4.34621 2.97774
-3.39407 4.35139 3.01268
-3.44257 4.35432 3.08133
-3.48186 4.35722 3.06798
-3.52231 4.35992 3.07493
-3.55555 4.36198 3.07967
-3.59854 4.36426 3.08848
-3.62273 4.3648 3.11933
-3.66096 4.36486 3.14
-3.69941 4.36467 3.14666
-3.73636 4.36424 -3.12997
-3.76877 4.36361 -3.12216
-3.79663 4.36333 -3.13152
-3.81341 4.36206 -3.06589
-3.8424 4.35926 -3.04543
-3.85787 4.35807 -3.06471
-3.87606 4.35646 -3.05351
-3.88789 4.35525 -3.03951
-3.90117 4.35401 -3.04821
-3.91351 4.35299 -3.0592
-3.93588 4.35116 -3.06024
-3.96162 4.34929 -3.069
-3.98338 4.34788 -3.07669
-3.99684 4.34645 -3.03587
-4.01149 4.34559 -3.08327
-4.03637 4.34396 -3.0762
-4.05067 4.34281 -3.0612
-4.07395 4.34143 -3.0825
-4.08688 4.34053 -3.07156
-4.10106 4.3396 -3.076
-4.11305 4.33903 -3.0944
-4.13366 4.33888 -3.13425
-4.14729 4.33885 -3.13943
-4.15622 4.33911 -3.17085
-4.16608 4.34001 3.05064
-4.17167 4.34073 3.01393
-4.18589 4.3439 2.92187
-4.19258 4.34578 2.8688
-4.19464 4.34631 2.88957
-4.20897 4.35 2.88936
-4.21931 4.35277 2.88006
-4.22766 4.35511 2.86812
-4.23281 4.35638 2.89964
True
0.0671818
