-5.47051 -1.3606 -0.0668724
-5.4207 -1.36372 -0.0626193
-5.38473 -1.36739 -0.101565
-5.34154 -1.37144 -0.0934241
-5.29383 -1.37558 -0.0865866
-5.25255 -1.37802 -0.0590175
-5.20762 -1.38117 -0.0700372
-5.16523 -1.38389 -0.0641033
-5.12468 -1.38484 -0.023374
-5.07691 -1.38632 -0.0310254
-5.03663 -1.38891 -0.0642741
-4.98684 -1.39224 -0.0667177
-4.93814 -1.39565 -0.0698983
-4.88993 -1.39888 -0.066981
-4.84151 -1.40305 -0.0859096
-4.79178 -1.40699 -0.0789129
-4.74268 -1.41187 -0.0990724
-4.69316 -1.41734 -0.110154
-4.65033 -1.4227 -0.124407
-4.60147 -1.42751 -0.0981582
-4.55197 -1.43235 -0.0975186
-4.51682 -1.43627 -0.110959
-4.46689 -1.438 -0.0345827
-4.41816 -1.43932 -0.0271431
-4.36838 -1.44321 -0.0778995
-4.32532 -1.44485 -0.0380476
-4.27865 -1.44521 -0.00791194
-4.23399 -1.44537 -0.00350959
-4.20361 -1.44729 -0.0631065
-4.15586 -1.4505 -0.0671891
-4.1165 -1.45342 -0.0739455
-4.07205 -1.4556 -0.0489723
-4.0293 -1.45674 -0.0266631
-3.98751 -1.45779 -0.0252447
-3.94145 -1.46038 -0.0560741
-3.89852 -1.46372 -0.0776843
-3.85611 -1.46647 -0.0646661
-3.82254 -1.46922 -0.0819108
-3.78634 -1.47134 -0.0584579
-3.76814 -1.47229 -0.0518397
-3.7417 -1.47359 -0.0490821
-3.71359 -1.47536 -0.06301
-3.69077 -1.47667 -0.0574607
-3.65392 -1.47932 -0.0718534
-3.61941 -1.48084 -0.0439442
-3.59185 -1.48256 -0.0621772
-3.57806 -1.48354 -0.0714927
-3.55394 -1.48515 -0.0664598
-3.53067 -1.48573 -0.024833
-3.51215 -1.48648 -0.0406095
-3.48878 -1.48724 -0.0325224
-3.46606 -1.48862 -0.0608339
-3.44438 -1.48983 -0.0553705
-3.43135 -1.49031 -0.0370981
-3.41626 -1.49141 -0.0727444
-3.40176 -1.49265 -0.0850364
-3.39177 -1.49398 -0.132566
-3.37501 -1.49571 -0.102871
-3.35113 -1.49691 -0.0502216
-3.33339 -1.49821 -0.0731925
-3.31126 -1.49992 -0.0769387
-3.29539 -1.50136 -0.0907405
-3.27668 -1.50284 -0.0790363
-3.25045 -1.50515 -0.0878672
-3.21666 -1.50698 -0.0541232
-3.19132 -1.50778 -0.0313554
-3.16882 -1.50815 -0.0164581
-3.14663 -1.50844 -0.0130656
-3.11186 -1.51019 -0.0503931
-3.07937 -1.51287 -0.0822372
-3.04816 -1.5165 -0.115915
-3.01812 -1.52136 -0.160464
-2.99819 -1.52548 -0.203343
-2.95994 -1.53287 -0.191017
-2.93194 -1.53777 -0.173068
-2.90228 -1.54278 -0.167318
-2.86988 -1.54832 -0.169529
-2.84507 -1.55234 -0.160443
-2.82684 -1.55555 -0.17477
-2.80589 -1.55895 -0.160697
-2.7766 -1.5639 -0.167459
-2.74565 -1.56903 -0.164144
-2.71848 -1.57296 -0.143793
-2.69268 -1.57676 -0.146259
-2.66998 -1.57992 -0.138115
-2.64684 -1.58326 -0.143337
-2.62165 -1.5865 -0.12787
-2.59956 -1.58967 -0.142788
-2.58338 -1.59166 -0.122136
-2.57179 -1.59282 -0.0998123
-2.5576 -1.59383 -0.0711948
-2.54684 -1.59405 -0.0204825
-2.53092 -1.59452 -0.029285
-2.52109 -1.59512 -0.0608247
-2.5135 -1.59612 -0.131784
-2.49976 -1.59774 -0.116892
-2.48806 -1.59954 -0.152689
-2.46245 -1.60433 -0.18512
-2.4389 -1.60976 -0.2263
-2.41721 -1.61422 -0.202955
-2.40517 -1.61695 -0.22314
-2.39671 -1.61883 -0.218463
-2.38606 -1.62047 -0.153225
-2.36782 -1.62252 -0.111652
-2.358 -1.62295 -0.0437991
-2.35025 -1.62259 0.046124
-2.34231 -1.62219 0.0501069
-2.33477 -1.62166 0.0709085
-2.32785 -1.6211 0.0804912
-2.32144 -1.6204 0.108194
-2.31469 -1.62014 0.0392772
-2.30446 -1.61992 0.0210045
-2.28752 -1.62054 -0.0361782
-2.27759 -1.62148 -0.0946698
-2.2623 -1.62284 -0.0888741
-2.25236 -1.62366 -0.0823936
-2.25083 -1.62371 -0.0319639
-2.24738 -1.62359 0.0352638
-2.23074 -1.62257 0.0612673
-2.2131 -1.61975 0.158611
-2.20735 -1.61831 0.245564
-2.19128 -1.61273 0.333862
-2.16902 -1.6051 0.330519
-2.16133 -1.60185 0.399359
-2.15667 -1.59966 0.438829
-2.15061 -1.59665 0.460954
-2.14427 -1.59263 0.565155
-2.14201 -1.59102 0.61917
-2.12879 -1.58014 0.688477
-2.12182 -1.57384 0.735136
-2.11357 -1.56421 0.862193
-2.09179 -1.53708 0.894351
-2.09308 -1.53912 1.00597
-2.09287 -1.53879 1.00682
-2.08775 -1.53035 1.02554
-2.08253 -1.52052 1.08253
-2.08129 -1.51783 1.14047
-2.07506 -1.50418 1.14278
-2.07438 -1.50275 1.12475
-2.07143 -1.4968 1.1107
-2.06347 -1.47964 1.13618
-2.06207 -1.47642 1.16143
-2.0643 -1.48194 1.18641
-2.0628 -1.47797 1.20861
-2.05903 -1.46571 1.27242
-2.05634 -1.45368 1.35123
-2.05459 -1.44574 1.35347
-2.05168 -1.43259 1.35281
-2.05042 -1.42451 1.41656
-2.04948 -1.41731 1.44099
-2.04902 -1.41358 1.44781
-2.04821 -1.40226 1.49918
-2.0476 -1.38398 1.5374
-2.04768 -1.37221 1.57761
-2.04816 -1.35254 1.59504
-2.04818 -1.32395 1.57175
-2.04846 -1.31453 1.60072
-2.04943 -1.29845 1.63074
-2.0504 -1.28713 1.65622
-2.05095 -1.28039 1.65264
-2.05461 -1.24896 1.68654
-2.06002 -1.213 1.7202
-2.06608 -1.17685 1.73694
-2.07076 -1.15339 1.76751
-2.07499 -1.12428 1.71522
-2.07882 -1.09761 1.71356
-2.08124 -1.08138 1.7186
-2.08335 -1.06913 1.74136
-2.08754 -1.0488 1.77426
-2.09007 -1.03675 1.77719
-2.09251 -1.01919 1.70894
-2.09877 -0.985971 1.75711
-2.10595 -0.938806 1.72175
-2.11095 -0.896551 1.68872
-2.1158 -0.85045 1.67548
-2.11653 -0.824521 1.59905
-2.11614 -0.777914 1.56252
-2.11497 -0.729568 1.54647
-2.11062 -0.681361 1.48079
-2.10313 -0.6363 1.40612
-2.09246 -0.589927 1.34474
-2.08363 -0.560094 1.28292
-2.06657 -0.513093 1.22268
-2.05219 -0.482815 1.12745
-2.03158 -0.450055 1.00915
-2.00155 -0.410436 0.92222
-1.96775 -0.373595 0.828448
-1.93292 -0.340716 0.756634
-1.89923 -0.31319 0.68505
-1.85985 -0.284607 0.627802
-1.82657 -0.262078 0.595081
-1.79507 -0.241863 0.570521
-1.75862 -0.222715 0.483737
-1.71501 -0.20554 0.375178
-1.66958 -0.192318 0.283203
-1.62875 -0.182247 0.241833
-1.58047 -0.173774 0.173752
-1.53298 -0.169516 0.0894149
-1.48366 -0.165423 0.0827856
-1.43719 -0.162242 0.068348
-1.39781 -0.159871 0.0601442
-1.3495 -0.159721 0.00309372
-1.30253 -0.159737 -0.000327196
-1.25534 -0.159894 -0.0033321
-1.20757 -0.163159 -0.0682531
-1.16488 -0.165503 -0.05484
-1.11493 -0.16766 -0.0431485
-1.06496 -0.169144 -0.0296953
-1.04104 -0.170013 -0.0363062
-0.998612 -0.174035 -0.0945266
-0.950995 -0.17757 -0.0741019
-0.907189 -0.182305 -0.10766
-0.859824 -0.190714 -0.175723
-0.815502 -0.197861 -0.159874
-0.766252 -0.203614 -0.116267
-0.720927 -0.21002 -0.140416
-0.688533 -0.214682 -0.14292
-0.652808 -0.218 -0.0926198
-0.608611 -0.222429 -0.099873
-0.558967 -0.228324 -0.118203
-0.510447 -0.234599 -0.128609
-0.462042 -0.240942 -0.130294
-0.424804 -0.24618 -0.139739
-0.377724 -0.253595 -0.156229
-0.332572 -0.261547 -0.174333
-0.285195 -0.269033 -0.156699
-0.237276 -0.278913 -0.203346
-0.194083 -0.288866 -0.226465
-0.148407 -0.299072 -0.219843
-0.106597 -0.30751 -0.199141
-0.0600959 -0.317703 -0.215773
-0.0125275 -0.329728 -0.247618
0.0353537 -0.341221 -0.235565
0.0838352 -0.352233 -0.223351
0.131949 -0.365801 -0.274859
0.163475 -0.375076 -0.28612
0.210904 -0.389384 -0.292991
0.252029 -0.402433 -0.307266
0.292055 -0.41631 -0.333738
0.337305 -0.433492 -0.362893
0.383333 -0.450015 -0.344646
0.430229 -0.467212 -0.351486
0.476837 -0.484914 -0.36296
0.523169 -0.503616 -0.383653
0.569211 -0.519365 -0.329598
0.615696 -0.533643 -0.298002
0.662411 -0.547749 -0.293253
0.697289 -0.557357 -0.268804
0.74568 -0.568326 -0.222905
0.783536 -0.577997 -0.250119
0.831225 -0.591847 -0.282645
0.873277 -0.602673 -0.251981
0.919698 -0.613454 -0.228182
0.967209 -0.624744 -0.233308
1.01061 -0.63499 -0.231842
1.05636 -0.644961 -0.21459
1.10085 -0.656771 -0.259477
1.14869 -0.668602 -0.242441
1.19641 -0.678546 -0.205431
1.24473 -0.688517 -0.203498
1.29291 -0.69891 -0.212463
1.34089 -0.709323 -0.21371
1.38352 -0.718762 -0.217887
1.43174 -0.729143 -0.212071
1.4703 -0.735867 -0.17262
1.51144 -0.74309 -0.173796
1.5511 -0.750576 -0.186545
1.60007 -0.760579 -0.201503
1.64644 -0.77198 -0.241102
1.69325 -0.78278 -0.226742
1.74204 -0.793509 -0.216451
1.78784 -0.80479 -0.241509
1.83393 -0.817786 -0.274871
1.87782 -0.830256 -0.276813
1.92218 -0.842476 -0.268821
1.96137 -0.851732 -0.231907
2.00835 -0.861492 -0.204829
2.05722 -0.870638 -0.185011
2.09094 -0.877089 -0.189066
2.13969 -0.884412 -0.149082
2.18932 -0.890453 -0.121143
2.23753 -0.897945 -0.154153
2.2756 -0.904123 -0.160844
2.32434 -0.914102 -0.201965
2.3712 -0.921843 -0.163702
2.41214 -0.927506 -0.137464
2.46086 -0.936185 -0.176305
2.50971 -0.945359 -0.185635
2.55784 -0.953189 -0.16126
2.60591 -0.960813 -0.157278
2.65248 -0.967467 -0.141938
2.69475 -0.973377 -0.138914
2.74389 -0.98256 -0.184733
2.79273 -0.992475 -0.200316
2.84142 -1.00308 -0.21443
2.8902 -1.01301 -0.20094
2.93795 -1.0233 -0.212086
2.9778 -1.03186 -0.211709
3.0202 -1.04093 -0.210649
3.06868 -1.05084 -0.201663
3.11693 -1.06398 -0.265987
3.1606 -1.0739 -0.223198
3.20941 -1.08368 -0.197806
3.25281 -1.0918 -0.184968
3.30181 -1.10179 -0.201113
3.34154 -1.11044 -0.214434
3.37951 -1.12044 -0.257599
3.41561 -1.12865 -0.223398
3.46202 -1.14161 -0.27234
3.49181 -1.15101 -0.305731
3.53852 -1.16173 -0.225601
3.57349 -1.1699 -0.229569
3.61295 -1.1807 -0.267085
3.6424 -1.18803 -0.243976
3.66619 -1.19449 -0.265191
3.7073 -1.20595 -0.271674
3.74357 -1.21627 -0.277376
3.77504 -1.22448 -0.254998
3.79871 -1.23052 -0.249923
3.84046 -1.24068 -0.238914
3.87631 -1.24835 -0.210536
3.91226 -1.25462 -0.172823
3.9492 -1.26197 -0.196294
3.99665 -1.272 -0.208448
4.03498 -1.28104 -0.231499
4.06959 -1.29044 -0.26513
4.11292 -1.30208 -0.262533
4.15611 -1.31336 -0.255381
4.20395 -1.32302 -0.199312
4.23723 -1.32929 -0.186116
4.26687 -1.33565 -0.211479
4.302 -1.34379 -0.227754
4.33255 -1.35242 -0.275194
4.36383 -1.36069 -0.258447
4.3903 -1.36771 -0.259199
4.41741 -1.3749 -0.259235
4.43413 -1.37982 -0.286438
4.45323 -1.38432 -0.231239
4.48076 -1.39028 -0.213241
4.50738 -1.39582 -0.20506
4.52564 -1.39959 -0.203905
4.54698 -1.4039 -0.199172
4.5623 -1.40682 -0.188541
4.58212 -1.41129 -0.221582
4.5945 -1.41391 -0.209085
4.59179 -1.41327 -0.233051
4.60873 -1.41748 -0.243725
4.62062 -1.42007 -0.214392
4.62763 -1.42178 -0.239396
4.64736 -1.42581 -0.201459
4.65607 -1.42786 -0.230576
4.66639 -1.42996 -0.200552
4.68507 -1.43418 -0.222155
4.70018 -1.43738 -0.209028
4.71414 -1.44072 -0.234825
4.73025 -1.44481 -0.248753
4.75027 -1.45081 -0.291019
4.75816 -1.45318 -0.291307
4.77678 -1.45879 -0.292786
4.78294 -1.46044 -0.262322
4.80108 -1.46501 -0.246976
4.8044 -1.46588 -0.255025
4.80757 -1.46671 -0.256885
4.82721 -1.47218 -0.271196
4.8462 -1.47802 -0.298673
4.84895 -1.47886 -0.296881
4.86304 -1.48329 -0.304764
4.88563 -1.49057 -0.311578
4.90208 -1.49552 -0.292042
4.90753 -1.49718 -0.297065
4.9329 -1.50484 -0.293045
4.93431 -1.50537 -0.356293
4.94627 -1.51 -0.36981
4.95693 -1.51466 -0.412408
4.96654 -1.51874 -0.401025
4.98943 -1.52882 -0.414878
5.01244 -1.53947 -0.433447
5.0332 -1.54717 -0.355418
5.03682 -1.5485 -0.350182
5.04883 -1.55313 -0.367942
5.0559 -1.55612 -0.401079
5.06122 -1.55832 -0.391914
5.06853 -1.5615 -0.410364
5.07721 -1.56517 -0.399739
5.08306 -1.5677 -0.408211
5.09157 -1.57115 -0.384779
5.09635 -1.57315 -0.395935
5.10331 -1.57602 -0.391939
5.11339 -1.57967 -0.347774
5.12723 -1.58462 -0.343066
5.14067 -1.5894 -0.3415
5.14875 -1.59238 -0.354122
5.15641 -1.59513 -0.343728
5.16723 -1.59887 -0.333155
5.17365 -1.6011 -0.333606
5.18152 -1.60409 -0.363261
5.1889 -1.60676 -0.348149
5.20756 -1.61396 -0.368228
True
0.0604017
