-5.45242 1.50715 -0.126984
-5.42326 1.50246 -0.159487
-5.39003 1.49667 -0.172571
-5.34121 1.489 -0.155786
-5.30015 1.48473 -0.103536
-5.25612 1.48023 -0.102006
-5.21251 1.47588 -0.0992175
-5.16279 1.47063 -0.105295
-5.1215 1.46603 -0.110974
-5.07222 1.45969 -0.127947
-5.02495 1.45453 -0.108733
-4.98957 1.45115 -0.09513
-4.94889 1.44624 -0.120101
-4.90371 1.44192 -0.0953197
-4.85613 1.43639 -0.115689
-4.80638 1.43163 -0.095492
-4.75827 1.42652 -0.10574
-4.71162 1.42251 -0.0859032
-4.66181 1.41824 -0.085513
-4.61262 1.41462 -0.0734324
-4.56341 1.41038 -0.0858649
-4.51609 1.4055 -0.102707
-4.4725 1.3996 -0.134758
-4.42381 1.39469 -0.100476
-4.37423 1.39055 -0.0831672
-4.325 1.38873 -0.0369836
-4.28477 1.38732 -0.0351796
-4.24189 1.38516 -0.0502512
-4.19205 1.38608 0.0185395
-4.14258 1.38767 0.0319544
-4.09293 1.38919 0.0306462
-4.04837 1.38917 -0.000315657
-3.99837 1.38865 -0.0104844
-3.95032 1.387 -0.0343304
-3.90033 1.38729 0.00578341
-3.85033 1.38799 0.0141202
-3.80041 1.38976 0.0354475
-3.75187 1.39144 0.0345801
-3.70477 1.39034 -0.0235005
-3.65528 1.38741 -0.0589881
-3.60546 1.38317 -0.0849252
-3.55723 1.38017 -0.0621168
-3.51545 1.3772 -0.0709919
-3.4662 1.37578 -0.0288564
-3.41634 1.37341 -0.0474063
-3.36891 1.3723 -0.0234533
-3.31901 1.37077 -0.0307316
-3.26974 1.369 -0.0358667
-3.21978 1.36857 -0.00853668
-3.17249 1.37014 0.0331403
-3.12281 1.37057 0.00866379
-3.08013 1.3711 0.0122582
-3.03612 1.37193 0.0188779
-2.98939 1.37162 -0.00657736
-2.94193 1.37167 0.00112604
-2.89759 1.37191 0.00532879
-2.85572 1.37256 0.015638
-2.81187 1.37269 0.00298467
-2.76287 1.36987 -0.0576257
-2.72304 1.36615 -0.0929471
-2.68287 1.3647 -0.036314
-2.63303 1.36165 -0.0610409
-2.59125 1.35886 -0.0667171
-2.54224 1.35479 -0.082771
-2.49253 1.35133 -0.0695793
-2.45193 1.34781 -0.0864861
-2.41147 1.34364 -0.102583
-2.36509 1.3401 -0.076201
-2.31599 1.33826 -0.0374649
-2.2662 1.33761 -0.0130924
-2.22042 1.33527 -0.05096
-2.17773 1.33445 -0.0192776
-2.13157 1.33181 -0.0570628
-2.08182 1.3273 -0.0905581
-2.04044 1.32359 -0.0893295
-1.99124 1.3191 -0.0909631
-1.94566 1.31343 -0.123855
-1.89612 1.30774 -0.114313
-1.84778 1.30082 -0.142176
-1.80005 1.29454 -0.130885
-1.75136 1.28943 -0.104419
-1.70183 1.28268 -0.135578
-1.65775 1.2765 -0.139265
-1.61012 1.26967 -0.142368
-1.56252 1.26197 -0.160489
-1.52556 1.25575 -0.166758
-1.4773 1.24682 -0.182816
-1.42852 1.23588 -0.220691
-1.39 1.22876 -0.182743
-1.34597 1.22182 -0.156434
-1.29743 1.21445 -0.150657
-1.25164 1.20972 -0.102954
-1.20329 1.20621 -0.0724997
-1.15643 1.20385 -0.0503083
-1.13432 1.2032 -0.0289824
-1.09062 1.20132 -0.0430267
-1.052 1.19904 -0.0590787
-1.01317 1.19686 -0.0561261
-0.967878 1.19494 -0.0422778
-0.920609 1.19301 -0.0408073
-0.878323 1.19176 -0.0296065
-0.857853 1.19148 -0.0134876
-0.824603 1.19073 -0.0226828
-0.803583 1.18994 -0.0375577
-0.776242 1.18824 -0.0622064
-0.746844 1.18608 -0.0732167
-0.716373 1.18292 -0.103427
-0.680143 1.18001 -0.08018
-0.653869 1.17725 -0.10463
-0.623136 1.17332 -0.127025
-0.589105 1.16869 -0.135378
-0.551154 1.164 -0.122974
-0.515376 1.15971 -0.119262
-0.479856 1.15575 -0.110927
-0.447082 1.15243 -0.100898
-0.411507 1.14863 -0.106422
-0.389621 1.14646 -0.0989075
-0.361798 1.14349 -0.106386
-0.326474 1.13994 -0.100064
-0.285978 1.13682 -0.0770561
-0.252941 1.1345 -0.0701681
-0.229079 1.13271 -0.0746285
-0.191934 1.12995 -0.0742179
-0.155946 1.12652 -0.0950431
-0.125651 1.12409 -0.0799818
-0.0927441 1.12224 -0.0562352
-0.0641766 1.12019 -0.0715181
-0.0342566 1.11953 -0.022124
-0.00952338 1.11868 -0.0343657
0.0173912 1.11765 -0.0380992
0.0367976 1.11678 -0.0449436
0.0533825 1.11583 -0.0571684
0.068821 1.11485 -0.063154
0.0931722 1.11255 -0.0945019
0.114388 1.11009 -0.115262
0.13586 1.10706 -0.140355
0.150211 1.10528 -0.122841
0.168886 1.10303 -0.119958
0.187578 1.10082 -0.117789
0.202597 1.09941 -0.0938182
0.223456 1.09725 -0.103182
0.245689 1.09523 -0.0905381
0.268545 1.09266 -0.112176
0.281587 1.09099 -0.1274
0.289295 1.09001 -0.125645
0.301854 1.08853 -0.117769
0.314281 1.08701 -0.121394
0.319691 1.0864 -0.11226
0.332493 1.08454 -0.144523
0.342553 1.08344 -0.108665
0.357897 1.08145 -0.129111
0.371694 1.07935 -0.150623
0.387957 1.0761 -0.197139
0.407715 1.07149 -0.229433
0.419328 1.06859 -0.244366
0.431856 1.06523 -0.262599
0.453496 1.05964 -0.252824
0.462186 1.05756 -0.23432
0.485359 1.05149 -0.256251
0.506448 1.04534 -0.283669
0.525503 1.04055 -0.246529
0.537321 1.03796 -0.215887
0.555743 1.03456 -0.182384
0.558077 1.03421 -0.148947
0.567809 1.03191 -0.231868
0.572487 1.03064 -0.26443
0.57847 1.02882 -0.295163
0.582831 1.02754 -0.285363
0.587842 1.02626 -0.250586
0.596774 1.02405 -0.242962
0.601872 1.02314 -0.17654
0.61162 1.02218 -0.0984333
0.629866 1.02147 -0.0386935
0.655928 1.02133 -0.00542032
0.665624 1.02198 0.0669416
0.67685 1.02227 0.0262898
0.684659 1.02213 -0.0187083
0.695327 1.02079 -0.124793
0.70942 1.01866 -0.149831
0.71297 1.01805 -0.171745
0.73187 1.01379 -0.221597
0.741062 1.01076 -0.318195
0.748175 1.00746 -0.434094
0.750933 1.00591 -0.512755
0.756391 1.00218 -0.599894
0.769573 0.992491 -0.633656
0.780714 0.98317 -0.696679
0.793763 0.971701 -0.721082
0.800759 0.964651 -0.789164
0.821098 0.942254 -0.833538
0.833748 0.925737 -0.917217
0.84254 0.912868 -0.97142
0.847053 0.90529 -1.03367
0.856708 0.888965 -1.03671
0.858424 0.885842 -1.06838
0.87329 0.858003 -1.08031
0.882393 0.838036 -1.14307
0.900465 0.79461 -1.17643
0.920776 0.748922 -1.15247
0.931806 0.724758 -1.14258
0.949747 0.684615 -1.1505
0.970207 0.640784 -1.13408
0.969775 0.641757 -1.15309
0.971495 0.637794 -1.1612
0.976714 0.628238 -1.07092
0.977201 0.627394 -1.04709
0.981828 0.620136 -1.00334
0.986556 0.614124 -0.904458
0.986122 0.614621 -0.853619
0.994952 0.606757 -0.727571
1.00138 0.602377 -0.598138
1.01185 0.59554 -0.578542
1.01095 0.596013 -0.483888
1.02134 0.591477 -0.411596
1.02134 0.591477 -0.411596
1.02134 0.591477 -0.411596
1.02134 0.591477 -0.411596
1.02134 0.591477 -0.411596
1.02134 0.591477 -0.411596
1.02134 0.591477 -0.411596
1.02134 0.591477 -0.411596
1.02134 0.591477 -0.411596
1.02134 0.591477 -0.411596
1.02134 0.591477 -0.411596
1.02134 0.591477 -0.411596
1.02134 0.591477 -0.411596
1.02134 0.591477 -0.411596
1.02134 0.591477 -0.411596
1.02134 0.591477 -0.411596
1.02134 0.591477 -0.411596
1.02134 0.591477 -0.411596
1.02134 0.591477 -0.411596
1.02134 0.591477 -0.411596
1.02134 0.591477 -0.411596
1.02134 0.591477 -0.411596
1.02134 0.591477 -0.411596
1.02134 0.591477 -0.411596
1.02134 0.591477 -0.411596
1.02134 0.591477 -0.411596
1.02134 0.591477 -0.411596
1.02134 0.591477 -0.411596
1.02134 0.591477 -0.411596
1.02134 0.591477 -0.411596
1.02134 0.591477 -0.411596
1.02134 0.591477 -0.411596
1.02134 0.591477 -0.411596
1.02134 0.591477 -0.411596
1.02134 0.591477 -0.411596
1.02134 0.591477 -0.411596
1.02134 0.591477 -0.411596
1.02134 0.591477 -0.411596
1.02134 0.591477 -0.411596
1.02134 0.591477 -0.411596
1.02134 0.591477 -0.411596
1.02134 0.591477 -0.411596
1.02134 0.591477 -0.411596
1.02134 0.591477 -0.411596
1.02134 0.591477 -0.411596
1.02134 0.591477 -0.411596
1.02134 0.591477 -0.411596
1.02134 0.591477 -0.411596
1.02134 0.591477 -0.411596
1.02134 0.591477 -0.411596
1.02134 0.591477 -0.411596
1.02134 0.591477 -0.411596
1.02134 0.591477 -0.411596
1.02134 0.591477 -0.411596
1.02134 0.591477 -0.411596
1.02134 0.591477 -0.411596
1.02134 0.591477 -0.411596
1.02134 0.591477 -0.411596
1.02134 0.591477 -0.411596
1.02134 0.591477 -0.411596
1.02134 0.591477 -0.411596
1.02134 0.591477 -0.411596
1.02134 0.591477 -0.411596
1.02134 0.591477 -0.411596
1.02134 0.591477 -0.411596
1.02134 0.591477 -0.411596
1.02134 0.591477 -0.411596
1.02134 0.591477 -0.411596
1.02134 0.591477 -0.411596
1.02134 0.591477 -0.411596
1.02134 0.591477 -0.411596
1.02134 0.591477 -0.411596
1.02134 0.591477 -0.411596
1.02134 0.591477 -0.411596
1.02134 0.591477 -0.411596
1.02134 0.591477 -0.411596
1.02134 0.591477 -0.411596
1.02134 0.591477 -0.411596
1.02134 0.591477 -0.411596
1.02134 0.591477 -0.411596
1.02134 0.591477 -0.411596
1.02134 0.591477 -0.411596
1.02134 0.591477 -0.411596
1.02134 0.591477 -0.411596
1.02134 0.591477 -0.411596
1.02134 0.591477 -0.411596
1.02134 0.591477 -0.411596
1.02134 0.591477 -0.411596
1.02134 0.591477 -0.411596
1.02134 0.591477 -0.411596
1.02134 0.591477 -0.411596
1.02134 0.591477 -0.411596
1.02134 0.591477 -0.411596
1.02134 0.591477 -0.411596
1.02134 0.591477 -0.411596
1.02134 0.591477 -0.411596
1.02134 0.591477 -0.411596
1.02134 0.591477 -0.411596
1.02134 0.591477 -0.411596
1.02134 0.591477 -0.411596
1.02134 0.591477 -0.411596
1.02134 0.591477 -0.411596
1.02134 0.591477 -0.411596
1.02134 0.591477 -0.411596
1.02134 0.591477 -0.411596
1.02134 0.591477 -0.411596
1.02134 0.591477 -0.411596
1.02134 0.591477 -0.411596
1.02134 0.591477 -0.411596
1.02134 0.591477 -0.411596
1.02134 0.591477 -0.411596
1.02134 0.591477 -0.411596
1.02134 0.591477 -0.411596
1.02134 0.591477 -0.411596
1.02134 0.591477 -0.411596
1.02134 0.591477 -0.411596
1.02134 0.591477 -0.411596
1.02134 0.591477 -0.411596
1.02134 0.591477 -0.411596
1.02134 0.591477 -0.411596
1.02134 0.591477 -0.411596
1.02134 0.591477 -0.411596
1.02134 0.591477 -0.411596
1.02134 0.591477 -0.411596
1.02134 0.591477 -0.411596
1.02134 0.591477 -0.411596
1.02134 0.591477 -0.411596
1.02134 0.591477 -0.411596
1.02134 0.591477 -0.411596
1.02134 0.591477 -0.411596
1.02134 0.591477 -0.411596
1.02134 0.591477 -0.411596
1.02134 0.591477 -0.411596
1.02134 0.591477 -0.411596
1.02134 0.591477 -0.411596
1.02134 0.591477 -0.411596
1.02134 0.591477 -0.411596
1.02134 0.591477 -0.411596
1.02134 0.591477 -0.411596
1.02134 0.591477 -0.411596
1.02134 0.591477 -0.411596
1.02134 0.591477 -0.411596
1.02134 0.591477 -0.411596
1.02134 0.591477 -0.411596
1.02134 0.591477 -0.411596
1.02134 0.591477 -0.411596
1.02134 0.591477 -0.411596
1.02134 0.591477 -0.411596
1.02134 0.591477 -0.411596
1.02134 0.591477 -0.411596
1.02134 0.591477 -0.411596
1.02134 0.591477 -0.411596
1.02134 0.591477 -0.411596
1.02134 0.591477 -0.411596
1.02134 0.591477 -0.411596
1.02134 0.591477 -0.411596
1.02134 0.591477 -0.411596
1.02134 0.591477 -0.411596
1.02134 0.591477 -0.411596
1.02134 0.591477 -0.411596
1.02134 0.591477 -0.411596
1.02134 0.591477 -0.411596
1.02134 0.591477 -0.411596
1.02134 0.591477 -0.411596
1.02134 0.591477 -0.411596
1.02134 0.591477 -0.411596
1.02134 0.591477 -0.411596
1.02134 0.591477 -0.411596
1.02134 0.591477 -0.411596
1.02134 0.591477 -0.411596
1.02134 0.591477 -0.411596
1.02134 0.591477 -0.411596
1.02134 0.591477 -0.411596
1.02134 0.591477 -0.411596
1.02134 0.591477 -0.411596
1.02134 0.591477 -0.411596
1.02134 0.591477 -0.411596
1.02134 0.591477 -0.411596
1.02134 0.591477 -0.411596
1.02134 0.591477 -0.411596
1.02134 0.591477 -0.411596
1.02134 0.591477 -0.411596
1.02134 0.591477 -0.411596
1.02134 0.591477 -0.411596
1.02134 0.591477 -0.411596
1.02134 0.591477 -0.411596
1.02134 0.591477 -0.411596
1.02134 0.591477 -0.411596
1.02134 0.591477 -0.411596
1.02134 0.591477 -0.411596
1.02134 0.591477 -0.411596
1.02134 0.591477 -0.411596
1.02134 0.591477 -0.411596
1.02134 0.591477 -0.411596
1.02134 0.591477 -0.411596
1.02134 0.591477 -0.411596
1.02134 0.591477 -0.411596
1.02134 0.591477 -0.411596
1.02134 0.591477 -0.411596
1.02134 0.591477 -0.411596
1.02134 0.591477 -0.411596
1.02134 0.591477 -0.411596
1.02134 0.591477 -0.411596
1.02134 0.591477 -0.411596
1.02134 0.591477 -0.411596
1.02134 0.591477 -0.411596
1.02134 0.591477 -0.411596
1.02134 0.591477 -0.411596
1.02134 0.591477 -0.411596
1.02134 0.591477 -0.411596
1.02134 0.591477 -0.411596
1.02134 0.591477 -0.411596
1.02134 0.591477 -0.411596
1.02134 0.591477 -0.411596
1.02134 0.591477 -0.411596
1.02134 0.591477 -0.411596
1.02134 0.591477 -0.411596
1.02134 0.591477 -0.411596
1.02134 0.591477 -0.411596
1.02134 0.591477 -0.411596
1.02134 0.591477 -0.411596
1.02134 0.591477 -0.411596
1.02134 0.591477 -0.411596
1.02134 0.591477 -0.411596
1.02134 0.591477 -0.411596
1.02134 0.591477 -0.411596
1.02134 0.591477 -0.411596
1.02134 0.591477 -0.411596
1.02134 0.591477 -0.411596
1.02134 0.591477 -0.411596
1.02134 0.591477 -0.411596
1.02134 0.591477 -0.411596
1.02134 0.591477 -0.411596
1.02134 0.591477 -0.411596
1.02134 0.591477 -0.411596
1.02134 0.591477 -0.411596
1.02134 0.591477 -0.411596
1.02134 0.591477 -0.411596
1.02134 0.591477 -0.411596
1.02134 0.591477 -0.411596
1.02134 0.591477 -0.411596
1.02134 0.591477 -0.411596
1.02134 0.591477 -0.411596
1.02134 0.591477 -0.411596
1.02134 0.591477 -0.411596
1.02134 0.591477 -0.411596
1.02134 0.591477 -0.411596
1.02134 0.591477 -0.411596
1.02134 0.591477 -0.411596
1.02134 0.591477 -0.411596
1.02134 0.591477 -0.411596
1.02134 0.591477 -0.411596
1.02134 0.591477 -0.411596
1.02134 0.591477 -0.411596
1.02134 0.591477 -0.411596
1.02134 0.591477 -0.411596
1.02134 0.591477 -0.411596
1.02134 0.591477 -0.411596
1.02134 0.591477 -0.411596
1.02134 0.591477 -0.411596
1.02134 0.591477 -0.411596
1.02134 0.591477 -0.411596
1.02134 0.591477 -0.411596
1.02134 0.591477 -0.411596
1.02134 0.591477 -0.411596
1.02134 0.591477 -0.411596
1.02134 0.591477 -0.411596
1.02134 0.591477 -0.411596
1.02134 0.591477 -0.411596
1.02134 0.591477 -0.411596
1.02134 0.591477 -0.411596
1.02134 0.591477 -0.411596
1.02134 0.591477 -0.411596
1.02134 0.591477 -0.411596
1.02134 0.591477 -0.411596
1.02134 0.591477 -0.411596
1.02134 0.591477 -0.411596
1.02134 0.591477 -0.411596
1.02134 0.591477 -0.411596
1.02134 0.591477 -0.411596
1.02134 0.591477 -0.411596
1.02134 0.591477 -0.411596
1.02134 0.591477 -0.411596
1.02134 0.591477 -0.411596
1.02134 0.591477 -0.411596
1.02134 0.591477 -0.411596
1.02134 0.591477 -0.411596
1.02134 0.591477 -0.411596
1.02134 0.591477 -0.411596
1.02134 0.591477 -0.411596
1.02134 0.591477 -0.411596
1.02134 0.591477 -0.411596
1.02134 0.591477 -0.411596
1.02134 0.591477 -0.411596
1.02134 0.591477 -0.411596
1.02134 0.591477 -0.411596
1.02134 0.591477 -0.411596
1.02134 0.591477 -0.411596
1.02134 0.591477 -0.411596
1.02134 0.591477 -0.411596
1.02134 0.591477 -0.411596
1.02134 0.591477 -0.411596
1.02134 0.591477 -0.411596
1.02134 0.591477 -0.411596
1.02134 0.591477 -0.411596
1.02134 0.591477 -0.411596
1.02134 0.591477 -0.411596
1.02134 0.591477 -0.411596
1.02134 0.591477 -0.411596
1.02134 0.591477 -0.411596
1.02134 0.591477 -0.411596
1.02134 0.591477 -0.411596
1.02134 0.591477 -0.411596
1.02134 0.591477 -0.411596
1.02134 0.591477 -0.411596
1.02134 0.591477 -0.411596
1.02134 0.591477 -0.411596
1.02134 0.591477 -0.411596
1.02134 0.591477 -0.411596
1.02134 0.591477 -0.411596
1.02134 0.591477 -0.411596
1.02134 0.591477 -0.411596
1.02134 0.591477 -0.411596
1.02134 0.591477 -0.411596
1.02134 0.591477 -0.411596
1.02134 0.591477 -0.411596
1.02134 0.591477 -0.411596
1.02134 0.591477 -0.411596
1.02134 0.591477 -0.411596
1.02134 0.591477 -0.411596
1.02134 0.591477 -0.411596
1.02134 0.591477 -0.411596
1.02134 0.591477 -0.411596
1.02134 0.591477 -0.411596
1.02134 0.591477 -0.411596
1.02134 0.591477 -0.411596
1.02134 0.591477 -0.411596
1.02134 0.591477 -0.411596
1.02134 0.591477 -0.411596
1.02134 0.591477 -0.411596
1.02134 0.591477 -0.411596
1.02134 0.591477 -0.411596
1.02134 0.591477 -0.411596
1.02134 0.591477 -0.411596
1.02134 0.591477 -0.411596
1.02134 0.591477 -0.411596
1.02134 0.591477 -0.411596
1.02134 0.591477 -0.411596
1.02134 0.591477 -0.411596
1.02134 0.591477 -0.411596
1.02134 0.591477 -0.411596
1.02134 0.591477 -0.411596
1.02134 0.591477 -0.411596
1.02134 0.591477 -0.411596
1.02134 0.591477 -0.411596
1.02134 0.591477 -0.411596
1.02134 0.591477 -0.411596
1.02134 0.591477 -0.411596
1.02134 0.591477 -0.411596
1.02134 0.591477 -0.411596
1.02134 0.591477 -0.411596
1.02134 0.591477 -0.411596
1.02134 0.591477 -0.411596
1.02134 0.591477 -0.411596
1.02134 0.591477 -0.411596
1.02134 0.591477 -0.411596
1.02134 0.591477 -0.411596
1.02134 0.591477 -0.411596
1.02134 0.591477 -0.411596
1.02134 0.591477 -0.411596
1.02134 0.591477 -0.411596
1.02134 0.591477 -0.411596
1.02134 0.591477 -0.411596
1.02134 0.591477 -0.411596
1.02134 0.591477 -0.411596
1.02134 0.591477 -0.411596
1.02134 0.591477 -0.411596
1.02134 0.591477 -0.411596
1.02134 0.591477 -0.411596
1.02134 0.591477 -0.411596
1.02134 0.591477 -0.411596
1.02134 0.591477 -0.411596
1.02134 0.591477 -0.411596
1.02134 0.591477 -0.411596
1.02134 0.591477 -0.411596
1.02134 0.591477 -0.411596
1.02134 0.591477 -0.411596
1.02134 0.591477 -0.411596
1.02134 0.591477 -0.411596
1.02134 0.591477 -0.411596
1.02134 0.591477 -0.411596
1.02134 0.591477 -0.411596
1.02134 0.591477 -0.411596
1.02134 0.591477 -0.411596
1.02134 0.591477 -0.411596
1.02134 0.591477 -0.411596
1.02134 0.591477 -0.411596
1.02134 0.591477 -0.411596
1.02134 0.591477 -0.411596
1.02134 0.591477 -0.411596
1.02134 0.591477 -0.411596
1.02134 0.591477 -0.411596
1.02134 0.591477 -0.411596
1.02134 0.591477 -0.411596
1.02134 0.591477 -0.411596
1.02134 0.591477 -0.411596
1.02134 0.591477 -0.411596
1.02134 0.591477 -0.411596
1.02134 0.591477 -0.411596
1.02134 0.591477 -0.411596
1.02134 0.591477 -0.411596
1.02134 0.591477 -0.411596
1.02134 0.591477 -0.411596
1.02134 0.591477 -0.411596
1.02134 0.591477 -0.411596
1.02134 0.591477 -0.411596
1.02134 0.591477 -0.411596
1.02134 0.591477 -0.411596
1.02134 0.591477 -0.411596
1.02134 0.591477 -0.411596
1.02134 0.591477 -0.411596
1.02134 0.591477 -0.411596
1.02134 0.591477 -0.411596
1.02134 0.591477 -0.411596
1.02134 0.591477 -0.411596
1.02134 0.591477 -0.411596
1.02134 0.591477 -0.411596
1.02134 0.591477 -0.411596
1.02134 0.591477 -0.411596
1.02134 0.591477 -0.411596
1.02134 0.591477 -0.411596
1.02134 0.591477 -0.411596
1.02134 0.591477 -0.411596
1.02134 0.591477 -0.411596
1.02134 0.591477 -0.411596
1.02134 0.591477 -0.411596
1.02134 0.591477 -0.411596
1.02134 0.591477 -0.411596
1.02134 0.591477 -0.411596
1.02134 0.591477 -0.411596
1.02134 0.591477 -0.411596
1.02134 0.591477 -0.411596
1.02134 0.591477 -0.411596
1.02134 0.591477 -0.411596
1.02134 0.591477 -0.411596
1.02134 0.591477 -0.411596
1.02134 0.591477 -0.411596
1.02134 0.591477 -0.411596
1.02134 0.591477 -0.411596
1.02134 0.591477 -0.411596
1.02134 0.591477 -0.411596
1.02134 0.591477 -0.411596
1.02134 0.591477 -0.411596
1.02134 0.591477 -0.411596
1.02134 0.591477 -0.411596
1.02134 0.591477 -0.411596
1.02134 0.591477 -0.411596
1.02134 0.591477 -0.411596
1.02134 0.591477 -0.411596
1.02134 0.591477 -0.411596
1.02134 0.591477 -0.411596
1.02134 0.591477 -0.411596
1.02134 0.591477 -0.411596
1.02134 0.591477 -0.411596
1.02134 0.591477 -0.411596
1.02134 0.591477 -0.411596
1.02134 0.591477 -0.411596
1.02134 0.591477 -0.411596
1.02134 0.591477 -0.411596
1.02134 0.591477 -0.411596
1.02134 0.591477 -0.411596
1.02134 0.591477 -0.411596
1.02134 0.591477 -0.411596
1.02134 0.591477 -0.411596
1.02134 0.591477 -0.411596
1.02134 0.591477 -0.411596
1.02134 0.591477 -0.411596
1.02134 0.591477 -0.411596
1.02134 0.591477 -0.411596
1.02134 0.591477 -0.411596
1.02134 0.591477 -0.411596
1.02134 0.591477 -0.411596
1.02134 0.591477 -0.411596
1.02134 0.591477 -0.411596
1.02134 0.591477 -0.411596
1.02134 0.591477 -0.411596
1.02134 0.591477 -0.411596
1.02134 0.591477 -0.411596
1.02134 0.591477 -0.411596
1.02134 0.591477 -0.411596
1.02134 0.591477 -0.411596
1.02134 0.591477 -0.411596
1.02134 0.591477 -0.411596
1.02134 0.591477 -0.411596
1.02134 0.591477 -0.411596
1.02134 0.591477 -0.411596
1.02134 0.591477 -0.411596
1.02134 0.591477 -0.411596
1.02134 0.591477 -0.411596
1.02134 0.591477 -0.411596
1.02134 0.591477 -0.411596
1.02134 0.591477 -0.411596
1.02134 0.591477 -0.411596
1.02134 0.591477 -0.411596
1.02134 0.591477 -0.411596
1.02134 0.591477 -0.411596
1.02134 0.591477 -0.411596
1.02134 0.591477 -0.411596
1.02134 0.591477 -0.411596
1.02134 0.591477 -0.411596
1.02134 0.591477 -0.411596
1.02134 0.591477 -0.411596
1.02134 0.591477 -0.411596
1.02134 0.591477 -0.411596
1.02134 0.591477 -0.411596
1.02134 0.591477 -0.411596
1.02134 0.591477 -0.411596
1.02134 0.591477 -0.411596
1.02134 0.591477 -0.411596
1.02134 0.591477 -0.411596
1.02134 0.591477 -0.411596
1.02134 0.591477 -0.411596
1.02134 0.591477 -0.411596
1.02134 0.591477 -0.411596
1.02134 0.591477 -0.411596
1.02134 0.591477 -0.411596
1.02134 0.591477 -0.411596
1.02134 0.591477 -0.411596
1.02134 0.591477 -0.411596
1.02134 0.591477 -0.411596
1.02134 0.591477 -0.411596
1.02134 0.591477 -0.411596
1.02134 0.591477 -0.411596
1.02134 0.591477 -0.411596
1.02134 0.591477 -0.411596
1.02134 0.591477 -0.411596
1.02134 0.591477 -0.411596
1.02134 0.591477 -0.411596
1.02134 0.591477 -0.411596
1.02134 0.591477 -0.411596
1.02134 0.591477 -0.411596
1.02134 0.591477 -0.411596
1.02134 0.591477 -0.411596
1.02134 0.591477 -0.411596
1.02134 0.591477 -0.411596
1.02134 0.591477 -0.411596
1.02134 0.591477 -0.411596
1.02134 0.591477 -0.411596
1.02134 0.591477 -0.411596
1.02134 0.591477 -0.411596
1.02134 0.591477 -0.411596
1.02134 0.591477 -0.411596
1.02134 0.591477 -0.411596
1.02134 0.591477 -0.411596
1.02134 0.591477 -0.411596
1.02134 0.591477 -0.411596
1.02134 0.591477 -0.411596
1.02134 0.591477 -0.411596
1.02134 0.591477 -0.411596
1.02134 0.591477 -0.411596
1.02134 0.591477 -0.411596
1.02134 0.591477 -0.411596
1.02134 0.591477 -0.411596
1.02134 0.591477 -0.411596
1.02134 0.591477 -0.411596
1.02134 0.591477 -0.411596
1.02134 0.591477 -0.411596
1.02134 0.591477 -0.411596
1.02134 0.591477 -0.411596
1.02134 0.591477 -0.411596
1.02134 0.591477 -0.411596
1.02134 0.591477 -0.411596
1.02134 0.591477 -0.411596
1.02134 0.591477 -0.411596
1.02134 0.591477 -0.411596
1.02134 0.591477 -0.411596
1.02134 0.591477 -0.411596
1.02134 0.591477 -0.411596
1.02134 0.591477 -0.411596
1.02134 0.591477 -0.411596
1.02134 0.591477 -0.411596
1.02134 0.591477 -0.411596
1.02134 0.591477 -0.411596
1.02134 0.591477 -0.411596
1.02134 0.591477 -0.411596
1.02134 0.591477 -0.411596
1.02134 0.591477 -0.411596
1.02134 0.591477 -0.411596
1.02134 0.591477 -0.411596
1.02134 0.591477 -0.411596
1.02134 0.591477 -0.411596
1.02134 0.591477 -0.411596
1.02134 0.591477 -0.411596
1.02134 0.591477 -0.411596
1.02134 0.591477 -0.411596
1.02134 0.591477 -0.411596
1.02134 0.591477 -0.411596
1.02134 0.591477 -0.411596
1.02134 0.591477 -0.411596
1.02134 0.591477 -0.411596
1.02134 0.591477 -0.411596
1.02134 0.591477 -0.411596
1.02134 0.591477 -0.411596
1.02134 0.591477 -0.411596
1.02134 0.591477 -0.411596
1.02134 0.591477 -0.411596
1.02134 0.591477 -0.411596
1.02134 0.591477 -0.411596
1.02134 0.591477 -0.411596
1.02134 0.591477 -0.411596
1.02134 0.591477 -0.411596
1.02134 0.591477 -0.411596
1.02134 0.591477 -0.411596
1.02134 0.591477 -0.411596
1.02134 0.591477 -0.411596
1.02134 0.591477 -0.411596
1.02134 0.591477 -0.411596
1.02134 0.591477 -0.411596
1.02134 0.591477 -0.411596
1.02134 0.591477 -0.411596
1.02134 0.591477 -0.411596
1.02134 0.591477 -0.411596
1.02134 0.591477 -0.411596
1.02134 0.591477 -0.411596
1.02134 0.591477 -0.411596
1.02134 0.591477 -0.411596
1.02134 0.591477 -0.411596
1.02134 0.591477 -0.411596
1.02134 0.591477 -0.411596
1.02134 0.591477 -0.411596
1.02134 0.591477 -0.411596
1.02134 0.591477 -0.411596
1.02134 0.591477 -0.411596
1.02134 0.591477 -0.411596
1.02134 0.591477 -0.411596
1.02134 0.591477 -0.411596
1.02134 0.591477 -0.411596
1.02134 0.591477 -0.411596
1.02134 0.591477 -0.411596
1.02134 0.591477 -0.411596
1.02134 0.591477 -0.411596
1.02134 0.591477 -0.411596
1.02134 0.591477 -0.411596
1.02134 0.591477 -0.411596
1.02134 0.591477 -0.411596
1.02134 0.591477 -0.411596
1.02134 0.591477 -0.411596
1.02134 0.591477 -0.411596
1.02134 0.591477 -0.411596
1.02134 0.591477 -0.411596
1.02134 0.591477 -0.411596
1.02134 0.591477 -0.411596
1.02134 0.591477 -0.411596
1.02134 0.591477 -0.411596
1.02134 0.591477 -0.411596
1.02134 0.591477 -0.411596
1.02134 0.591477 -0.411596
1.02134 0.591477 -0.411596
1.02134 0.591477 -0.411596
1.02134 0.591477 -0.411596
1.02134 0.591477 -0.411596
1.02134 0.591477 -0.411596
1.02134 0.591477 -0.411596
1.02134 0.591477 -0.411596
1.02134 0.591477 -0.411596
1.02134 0.591477 -0.411596
1.02134 0.591477 -0.411596
1.02134 0.591477 -0.411596
1.02134 0.591477 -0.411596
1.02134 0.591477 -0.411596
1.02134 0.591477 -0.411596
1.02134 0.591477 -0.411596
1.02134 0.591477 -0.411596
1.02134 0.591477 -0.411596
1.02134 0.591477 -0.411596
1.02134 0.591477 -0.411596
1.02134 0.591477 -0.411596
1.02134 0.591477 -0.411596
1.02134 0.591477 -0.411596
1.02134 0.591477 -0.411596
1.02134 0.591477 -0.411596
1.02134 0.591477 -0.411596
1.02134 0.591477 -0.411596
1.02134 0.591477 -0.411596
1.02134 0.591477 -0.411596
1.02134 0.591477 -0.411596
1.02134 0.591477 -0.411596
1.02134 0.591477 -0.411596
1.02134 0.591477 -0.411596
1.02134 0.591477 -0.411596
1.02134 0.591477 -0.411596
1.02134 0.591477 -0.411596
1.02134 0.591477 -0.411596
1.02134 0.591477 -0.411596
1.02134 0.591477 -0.411596
1.02134 0.591477 -0.411596
1.02134 0.591477 -0.411596
1.02134 0.591477 -0.411596
1.02134 0.591477 -0.411596
1.02134 0.591477 -0.411596
1.02134 0.591477 -0.411596
1.02134 0.591477 -0.411596
1.02134 0.591477 -0.411596
1.02134 0.591477 -0.411596
1.02134 0.591477 -0.411596
1.02134 0.591477 -0.411596
1.02134 0.591477 -0.411596
1.02134 0.591477 -0.411596
1.02134 0.591477 -0.411596
1.02134 0.591477 -0.411596
1.02134 0.591477 -0.411596
1.02134 0.591477 -0.411596
1.02134 0.591477 -0.411596
1.02134 0.591477 -0.411596
1.02134 0.591477 -0.411596
1.02134 0.591477 -0.411596
1.02134 0.591477 -0.411596
1.02134 0.591477 -0.411596
1.02134 0.591477 -0.411596
1.02134 0.591477 -0.411596
1.02134 0.591477 -0.411596
1.02134 0.591477 -0.411596
1.02134 0.591477 -0.411596
1.02134 0.591477 -0.411596
1.02134 0.591477 -0.411596
1.02134 0.591477 -0.411596
1.02134 0.591477 -0.411596
1.02134 0.591477 -0.411596
1.02134 0.591477 -0.411596
1.02134 0.591477 -0.411596
1.02134 0.591477 -0.411596
1.02134 0.591477 -0.411596
1.02134 0.591477 -0.411596
1.02134 0.591477 -0.411596
1.02134 0.591477 -0.411596
1.02134 0.591477 -0.411596
1.02134 0.591477 -0.411596
1.02134 0.591477 -0.411596
1.02134 0.591477 -0.411596
1.02134 0.591477 -0.411596
1.02134 0.591477 -0.411596
1.02134 0.591477 -0.411596
1.02134 0.591477 -0.411596
1.02134 0.591477 -0.411596
1.02134 0.591477 -0.411596
1.02134 0.591477 -0.411596
1.02134 0.591477 -0.411596
1.02134 0.591477 -0.411596
1.02134 0.591477 -0.411596
1.02134 0.591477 -0.411596
1.02134 0.591477 -0.411596
1.02134 0.591477 -0.411596
1.02134 0.591477 -0.411596
1.02134 0.591477 -0.411596
1.02134 0.591477 -0.411596
1.02134 0.591477 -0.411596
1.02134 0.591477 -0.411596
1.02134 0.591477 -0.411596
1.02134 0.591477 -0.411596
1.02134 0.591477 -0.411596
1.02134 0.591477 -0.411596
1.02134 0.591477 -0.411596
1.02134 0.591477 -0.411596
1.02134 0.591477 -0.411596
1.02134 0.591477 -0.411596
1.02134 0.591477 -0.411596
1.02134 0.591477 -0.411596
1.02134 0.591477 -0.411596
1.02134 0.591477 -0.411596
1.02134 0.591477 -0.411596
1.02134 0.591477 -0.411596
1.02134 0.591477 -0.411596
1.02134 0.591477 -0.411596
1.02134 0.591477 -0.411596
1.02134 0.591477 -0.411596
1.02134 0.591477 -0.411596
1.02134 0.591477 -0.411596
1.02134 0.591477 -0.411596
1.02134 0.591477 -0.411596
1.02134 0.591477 -0.411596
1.02134 0.591477 -0.411596
1.02134 0.591477 -0.411596
1.02134 0.591477 -0.411596
1.02134 0.591477 -0.411596
1.02134 0.591477 -0.411596
1.02134 0.591477 -0.411596
1.02134 0.591477 -0.411596
False
0.0379664
