-5.48091 0.285524 -0.0171672
-5.44418 0.284979 -0.0148189
-5.40042 0.284456 -0.0119594
-5.3628 0.281537 -0.0774438
-5.3197 0.281246 -0.00673184
-5.27029 0.280977 -0.00546014
-5.22931 0.282069 0.0266539
-5.18402 0.283115 0.0230995
-5.13477 0.281616 -0.0304433
-5.08794 0.277994 -0.0771837
-5.04302 0.273152 -0.107379
-5.00256 0.270169 -0.0735932
-4.95594 0.266358 -0.0815568
-4.91035 0.262028 -0.094688
-4.87275 0.258861 -0.0840164
-4.82835 0.256465 -0.0539145
-4.7791 0.255028 -0.0291737
-4.7292 0.255348 0.00641546
-4.68329 0.255751 0.00876622
-4.63609 0.253804 -0.0412282
-4.58639 0.253827 0.000459172
-4.53657 0.252751 -0.0215833
-4.48778 0.254644 0.038781
-4.4458 0.254765 0.00288064
-4.39629 0.256072 0.0263838
-4.35737 0.257181 0.0284859
-4.31562 0.256779 -0.00963492
-4.27382 0.260379 0.0859352
-4.22541 0.262554 0.0448977
-4.17791 0.264379 0.0384019
-4.12923 0.265424 0.0214558
-4.07927 0.2656 0.0035316
-4.02932 0.264447 -0.0230911
-3.98178 0.262713 -0.0364495
-3.94222 0.258857 -0.0971571
-3.89497 0.256198 -0.0562289
-3.8463 0.253355 -0.0583541
-3.79699 0.252134 -0.0247405
-3.75387 0.251061 -0.0248986
-3.71443 0.251449 0.00984778
-3.66451 0.250106 -0.026897
-3.61544 0.249691 -0.00847178
-3.56731 0.246655 -0.0629856
-3.52038 0.246977 0.00686994
-3.47301 0.247195 0.00458728
-3.42422 0.246052 -0.0234217
-3.37424 0.24445 -0.0320329
-3.32443 0.240228 -0.0845474
-3.27505 0.238274 -0.0395547
-3.22557 0.235581 -0.0543803
-3.17671 0.232224 -0.0685807
-3.12943 0.230936 -0.0272425
-3.08743 0.230992 0.00131896
-3.03866 0.229612 -0.0282853
-2.98959 0.228453 -0.0236156
-2.93994 0.226386 -0.0416028
-2.891 0.223984 -0.0490527
-2.84113 0.223679 -0.00610875
-2.79131 0.224653 0.0195593
-2.74197 0.227495 0.0575267
-2.70137 0.227761 0.00655307
-2.65862 0.227843 0.00192776
-2.61411 0.228046 0.00456141
-2.57156 0.22913 0.0254621
-2.52579 0.230466 0.0291725
-2.4794 0.232004 0.0331449
-2.4335 0.23483 0.0614989
-2.38373 0.235939 0.0222894
-2.34475 0.236917 0.0250804
-2.2949 0.238859 0.0389309
-2.24531 0.241674 0.056705
-2.20405 0.243451 0.0430422
-2.15425 0.244474 0.0205367
-2.10608 0.244929 0.00944881
-2.05773 0.247671 0.0566439
-2.02418 0.249355 0.0501501
-1.97438 0.25171 0.0472462
-1.92449 0.253621 0.0382934
-1.87479 0.255605 0.0398971
-1.82673 0.258235 0.0546715
-1.7846 0.263321 0.120124
-1.73569 0.269792 0.131548
-1.68806 0.276201 0.13376
-1.63899 0.284734 0.172164
-1.59316 0.288854 0.0896475
-1.55239 0.292734 0.0948908
-1.50499 0.29927 0.137031
-1.46792 0.303837 0.122579
-1.41848 0.310348 0.130941
-1.37374 0.316917 0.145774
-1.33582 0.320565 0.0959051
-1.29422 0.324195 0.0870657
-1.24827 0.327047 0.0619795
-1.19832 0.328129 0.0216631
-1.15738 0.329161 0.0252062
-1.11104 0.328205 -0.020631
-1.06304 0.327249 -0.0199248
-1.01326 0.324048 -0.0641996
-0.963609 0.318183 -0.117592
-0.914524 0.311827 -0.12876
-0.865733 0.305508 -0.128814
-0.824001 0.301295 -0.100594
-0.777664 0.297033 -0.0917369
-0.727828 0.294134 -0.0580986
-0.67897 0.289988 -0.0846564
-0.633122 0.286757 -0.070344
-0.583326 0.283457 -0.06618
-0.53351 0.279861 -0.0720562
-0.483706 0.277012 -0.0571477
-0.433728 0.275726 -0.0257246
-0.383903 0.272365 -0.0673502
-0.334963 0.267791 -0.0932022
-0.288907 0.263121 -0.101049
-0.239286 0.257 -0.122725
-0.193412 0.252713 -0.0931832
-0.146026 0.249193 -0.0741458
-0.101711 0.245311 -0.0873789
-0.0602398 0.241592 -0.08945
-0.0169485 0.238411 -0.0733388
0.0327219 0.234942 -0.069721
0.0826426 0.232155 -0.0557684
0.132405 0.22858 -0.0717316
0.173975 0.225099 -0.083527
0.223885 0.222238 -0.0572605
0.27151 0.217567 -0.0977716
0.31853 0.213006 -0.096702
0.353929 0.209931 -0.0866552
0.394459 0.205144 -0.117569
0.441119 0.198624 -0.13882
0.490817 0.19355 -0.101754
0.540637 0.18945 -0.0821159
0.586419 0.187068 -0.0519743
0.630624 0.185272 -0.0406081
0.665687 0.182796 -0.0705099
0.715282 0.176513 -0.125998
0.758278 0.170185 -0.146143
0.802831 0.162522 -0.170318
0.848892 0.155735 -0.146291
0.897104 0.14883 -0.142266
0.945257 0.141901 -0.142907
0.991256 0.136656 -0.113547
1.03197 0.13185 -0.117487
1.0817 0.127319 -0.0908705
1.12627 0.122756 -0.102026
1.17288 0.117797 -0.105985
1.21479 0.112337 -0.129548
1.26328 0.108434 -0.0803082
1.30525 0.10659 -0.0439262
1.35114 0.103747 -0.0618552
1.39876 0.100964 -0.0583832
1.44571 0.0992882 -0.0356738
1.49566 0.0971275 -0.0432319
1.54248 0.0959254 -0.0256733
1.59205 0.0962456 0.00646015
1.64107 0.0971644 0.0187401
1.69031 0.0997759 0.0529927
1.73799 0.101633 0.0389258
1.78379 0.102937 0.0284533
1.83378 0.102322 -0.0122988
1.87375 0.100323 -0.0499512
1.92243 0.0982034 -0.0435187
1.97203 0.0954721 -0.0550121
2.01742 0.0941465 -0.0291965
2.06665 0.0943543 0.00422079
2.10974 0.0937081 -0.0149991
2.15461 0.0920395 -0.0371674
2.18383 0.0911253 -0.0312728
2.23323 0.0905161 -0.012333
2.28003 0.0903866 -0.00276714
2.32444 0.0901899 -0.00442913
2.36694 0.0901956 0.000133044
2.41675 0.09324 0.0610487
2.45822 0.0942527 0.0244145
2.50734 0.0955951 0.0273219
2.5549 0.0976946 0.0441182
2.60481 0.100345 0.0530518
2.653 0.102631 0.0474054
2.69095 0.102467 -0.00432305
2.73881 0.103775 0.0273141
2.78877 0.104655 0.0176097
2.83063 0.105324 0.0159922
2.87317 0.106221 0.0210707
2.91713 0.106869 0.0147451
2.96609 0.109095 0.0454318
3.00637 0.110962 0.0463344
3.05165 0.112755 0.0395777
3.10094 0.113126 0.00751098
3.15086 0.111533 -0.0319093
3.19028 0.111178 -0.00897997
3.21958 0.110924 -0.00867011
3.26955 0.112513 0.0317829
3.31565 0.113528 0.0220025
3.36049 0.11484 0.0292629
3.41024 0.117814 0.0596982
3.44708 0.119956 0.0580814
3.4597 0.120707 0.0594451
3.48611 0.122498 0.0677093
3.5201 0.124686 0.0643003
3.55168 0.126318 0.0516333
3.59379 0.127574 0.0298025
3.63098 0.127222 -0.00946088
3.66926 0.125893 -0.0346879
3.71091 0.124849 -0.0250788
3.73675 0.123181 -0.0644607
3.75181 0.122015 -0.0772612
3.77818 0.120709 -0.0494954
3.78674 0.120429 -0.0326182
3.79714 0.120512 0.00798268
3.8117 0.120844 0.022766
3.81655 0.120666 -0.0367423
3.8372 0.120905 0.0115702
3.86538 0.12244 0.0544473
3.89258 0.124784 0.0859297
3.93139 0.128574 0.0973635
3.95184 0.13029 0.0837163
3.99014 0.133693 0.0885988
4.02711 0.136563 0.0774824
4.05678 0.138554 0.0670288
4.09319 0.139445 0.0244697
4.13069 0.138124 -0.0352322
4.17112 0.135318 -0.0692881
4.20658 0.134039 -0.0360469
4.25142 0.134288 0.00555762
4.29815 0.136665 0.0508167
4.32387 0.138516 0.071851
4.34118 0.139869 0.0780149
4.35985 0.141098 0.065741
4.38548 0.14338 0.0887998
4.40565 0.145365 0.0980948
4.43049 0.148269 0.116368
4.45271 0.151067 0.125281
4.47508 0.153593 0.112428
4.50219 0.156173 0.0948757
4.54049 0.159196 0.0787615
4.57516 0.16186 0.0766954
4.60589 0.164123 0.0734958
4.63566 0.167094 0.0995097
4.66508 0.170161 0.103853
4.69899 0.173989 0.112415
4.73553 0.177726 0.101903
4.77936 0.183179 0.123783
4.80124 0.185044 0.085045
4.82142 0.18658 0.0759493
4.84361 0.188044 0.0658861
4.87942 0.191231 0.0887752
4.90696 0.19324 0.0727836
4.92716 0.194912 0.082603
4.94561 0.19641 0.0810279
4.97972 0.198795 0.0698096
4.9937 0.200159 0.0972294
5.011 0.202474 0.13302
5.02508 0.205137 0.186897
5.0402 0.208151 0.196852
5.05383 0.210953 0.20265
5.05671 0.211566 0.20977
5.06184 0.212537 0.187073
5.07181 0.214356 0.18059
5.07753 0.215416 0.183236
5.09857 0.218823 0.160473
5.10356 0.219563 0.147333
5.11111 0.220647 0.142563
5.12544 0.22211 0.101751
5.14396 0.223587 0.0795889
5.16019 0.225111 0.0936283
5.16823 0.225968 0.106208
5.18069 0.227247 0.102269
5.18819 0.227715 0.062292
5.19351 0.227992 0.0521294
5.21218 0.227739 -0.0135872
True
0.0683752
