4.47627 -0.00915478 -2.77338
4.44504 -0.0246799 -2.68028
4.42211 -0.0375752 -2.62928
4.38362 -0.0642694 -2.53525
4.34481 -0.0954933 -2.46403
4.30763 -0.128686 -2.4128
4.27611 -0.157139 -2.40725
4.24331 -0.194675 -2.28906
4.21588 -0.229025 -2.2445
4.19419 -0.257686 -2.21868
4.16912 -0.290477 -2.22364
4.144 -0.322432 -2.23693
4.11313 -0.361327 -2.24172
4.08525 -0.401664 -2.17557
4.0605 -0.439554 -2.14936
4.03451 -0.477475 -2.1717
4.01347 -0.506461 -2.19859
3.99404 -0.53551 -2.16032
3.96951 -0.578609 -2.0883
3.94534 -0.622379 -2.07532
3.92271 -0.664026 -2.06857
3.90269 -0.702446 -2.05118
3.88186 -0.743437 -2.04082
3.86494 -0.778154 -2.02427
3.84796 -0.817104 -1.98188
3.8261 -0.861939 -2.02447
3.81595 -0.887419 -1.95005
3.80451 -0.92037 -1.90495
3.78614 -0.96687 -1.94703
3.76955 -1.01403 -1.90908
3.75436 -1.0533 -1.93976
3.73521 -1.09744 -1.9801
3.71653 -1.14374 -1.95438
3.70256 -1.17627 -1.9763
3.68356 -1.22252 -1.96076
3.66879 -1.25912 -1.95419
3.66154 -1.2756 -1.98539
3.65171 -1.29744 -1.99379
3.63529 -1.33357 -1.99722
3.61773 -1.37289 -1.99078
3.59977 -1.4185 -1.94602
3.58139 -1.46465 -1.94985
3.56876 -1.49476 -1.96774
3.55415 -1.52527 -2.01772
3.53064 -1.56924 -2.06177
3.5068 -1.61318 -2.06786
3.48848 -1.64832 -2.05134
3.4659 -1.69291 -2.03951
3.44107 -1.7363 -2.09068
3.42102 -1.76981 -2.10976
3.39404 -1.81154 -2.14473
3.36771 -1.85392 -2.12686
3.34307 -1.89583 -2.1023
3.31754 -1.93875 -2.10729
3.29139 -1.97927 -2.14392
3.26784 -2.01611 -2.13961
3.24195 -2.05889 -2.11499
3.21695 -2.10032 -2.11384
3.1939 -2.13859 -2.11284
3.17209 -2.17843 -2.07164
3.1495 -2.22172 -2.05177
3.12408 -2.26478 -2.10423
3.1018 -2.30539 -2.07249
3.07868 -2.34566 -2.09198
3.05261 -2.38545 -2.15073
3.03221 -2.41499 -2.17527
3.01059 -2.44281 -2.23151
2.98011 -2.48244 -2.22631
2.95486 -2.51619 -2.21326
2.92326 -2.55406 -2.26614
2.89331 -2.58908 -2.27824
2.86547 -2.61874 -2.32465
2.83909 -2.64766 -2.31015
2.81196 -2.67694 -2.31822
2.77813 -2.71372 -2.31433
2.75663 -2.73752 -2.30552
2.72588 -2.77691 -2.23363
2.69859 -2.80934 -2.27039
2.67016 -2.84276 -2.27583
2.6384 -2.87568 -2.33811
2.60289 -2.91086 -2.36093
2.58077 -2.9345 -2.32276
2.55308 -2.96129 -2.37272
2.52803 -2.98874 -2.31069
2.49736 -3.01955 -2.35389
2.47292 -3.04327 -2.371
2.43904 -3.07221 -2.43474
2.40047 -3.10377 -2.45588
2.36195 -3.13458 -2.46694
2.32153 -3.164 -2.51232
2.28244 -3.19256 -2.51073
2.24077 -3.21953 -2.56703
2.20016 -3.24668 -2.55243
2.16005 -3.26858 -2.64179
2.12691 -3.28695 -2.63554
2.08486 -3.31401 -2.56963
2.04139 -3.33869 -2.62533
2.01439 -3.35494 -2.59977
1.97195 -3.37913 -2.6235
1.92849 -3.40355 -2.62969
1.88647 -3.42642 -2.64319
1.84344 -3.45187 -2.60748
1.79967 -3.47549 -2.64673
1.75693 -3.49919 -2.63532
1.7126 -3.5223 -2.66094
1.66787 -3.54423 -2.68584
1.62545 -3.5651 -2.68437
1.5807 -3.5865 -2.69539
1.54515 -3.60357 -2.69404
1.52389 -3.61398 -2.68622
1.49283 -3.62817 -2.71311
1.45274 -3.6466 -2.71073
1.41938 -3.66256 -2.69538
1.37446 -3.68452 -2.68692
1.33702 -3.70283 -2.68665
1.30752 -3.71658 -2.70548
1.26858 -3.73425 -2.7156
1.2316 -3.75169 -2.7009
1.18869 -3.76927 -2.75267
1.14291 -3.787 -2.77223
1.09721 -3.80377 -2.78987
1.05569 -3.81759 -2.8203
1.01212 -3.82968 -2.87073
0.980175 -3.83714 -2.9122
0.939035 -3.84668 -2.91381
0.890509 -3.85529 -2.9661
0.840954 -3.8617 -3.01291
0.791401 -3.8683 -3.00912
0.7614 -3.87063 -3.06406
0.711711 -3.87347 -3.08443
0.66244 -3.8764 -3.08226
0.612635 -3.87766 -3.11643
0.562639 -3.87824 -3.12985
0.512651 -3.87932 -3.11995
0.464186 -3.88087 -3.10962
0.42586 -3.88212 -3.1092
0.375947 -3.88151 -3.1538
0.327882 -3.88031 3.11668
0.278114 -3.88014 3.13818
0.237969 -3.87885 3.10943
0.192857 -3.8778 3.1184
0.142868 -3.87684 3.12227
0.0931138 -3.87559 3.11667
0.054599 -3.87604 3.15319
0.00465314 -3.87416 -3.17924
-0.0453152 -3.87386 3.13555
-0.0834504 -3.8719 3.09026
-0.131883 -3.87039 3.11039
-0.181823 -3.86852 3.10425
-0.230333 -3.86622 3.09416
-0.271504 -3.86474 3.10572
-0.321323 -3.86322 3.11118
-0.371177 -3.85945 3.06601
-0.420897 -3.85479 3.04808
-0.470276 -3.85066 3.05831
-0.519327 -3.84576 3.04188
-0.568793 -3.84004 3.02648
-0.618086 -3.83337 3.00712
-0.664292 -3.82559 2.97481
-0.713568 -3.81734 2.9756
-0.762408 -3.80874 2.96738
-0.81129 -3.79833 2.93171
-0.858786 -3.78785 2.92451
-0.90586 -3.77621 2.89906
-0.953363 -3.76443 2.89871
-0.998303 -3.75047 2.84022
-1.03661 -3.73775 2.82121
-1.08413 -3.7247 2.87352
-1.13183 -3.71059 2.85392
-1.1785 -3.6966 2.85036
-1.22547 -3.68089 2.81881
-1.27043 -3.66477 2.79736
-1.31591 -3.64804 2.7892
-1.36291 -3.63101 2.79396
-1.40476 -3.61593 2.79559
-1.45258 -3.60133 2.84538
-1.49751 -3.58778 2.84854
-1.54044 -3.57672 2.88955
-1.579 -3.56656 2.88406
-1.62749 -3.55463 2.90026
-1.67367 -3.54449 2.92545
-1.72181 -3.53303 2.90794
-1.76238 -3.5248 2.94141
-1.80596 -3.51618 2.94629
-1.8518 -3.50516 2.90577
-1.89983 -3.49395 2.9121
-1.94517 -3.48443 2.93471
-1.9873 -3.47436 2.90694
-2.03491 -3.46366 2.92049
-2.07285 -3.45552 2.93029
-2.11868 -3.44543 2.92498
-2.16742 -3.4365 2.96031
-2.20475 -3.42812 2.92079
-2.25287 -3.41457 2.86717
-2.29661 -3.4019 2.85963
-2.34353 -3.38784 2.85049
-2.37917 -3.37711 2.84893
-2.4241 -3.36501 2.87864
-2.46482 -3.3541 2.87974
-2.50214 -3.34373 2.87061
-2.5489 -3.33138 2.88339
-2.59362 -3.31942 2.88019
-2.62251 -3.31093 2.85603
-2.66849 -3.29932 2.89419
-2.71189 -3.2874 2.87357
-2.75243 -3.27641 2.87689
-2.77414 -3.27061 2.88025
-2.80269 -3.2632 2.88766
-2.82963 -3.25655 2.89968
-2.87275 -3.24796 2.94488
-2.9192 -3.24216 3.01745
-2.96339 -3.23527 2.98685
-3.00034 -3.22982 2.99515
-3.02823 -3.22588 3.00142
-3.04828 -3.2223 2.96479
-3.08221 -3.21545 2.94237
-3.11256 -3.20892 2.92978
-3.14474 -3.20123 2.90692
-3.17584 -3.19511 2.94722
-3.19846 -3.18973 2.90816
-3.22485 -3.1838 2.92057
-3.27096 -3.17491 2.9512
-3.30274 -3.16908 2.96023
-3.34933 -3.15995 2.94799
-3.3857 -3.15293 2.95093
-3.42705 -3.14466 2.94428
-3.46911 -3.1353 2.92248
-3.51356 -3.12539 2.92222
-3.55475 -3.11662 2.93198
-3.59332 -3.10817 2.92593
-3.62654 -3.10073 2.92121
-3.66889 -3.09168 2.93095
-3.69343 -3.08761 2.9772
-3.71381 -3.08413 2.97277
-3.72307 -3.08258 2.97527
-3.73749 -3.07963 2.93995
-3.74667 -3.07754 2.91765
-3.77076 -3.07155 2.89796
-3.79761 -3.06443 2.88246
-3.8024 -3.06302 2.85431
-3.82175 -3.05723 2.85083
-3.83094 -3.05462 2.86476
-3.85782 -3.04623 2.83934
-3.87398 -3.04028 2.7888
-3.90187 -3.02927 2.76541
-3.92176 -3.02153 2.77072
-3.92765 -3.01913 2.75472
-3.94098 -3.01348 2.74034
-3.95016 -3.00973 2.75345
-3.95738 -3.00679 2.75536
-3.96979 -3.00112 2.71282
-3.98631 -2.99342 2.70567
-4.00442 -2.98536 2.72265
-4.02 -2.97786 2.69313
-4.0433 -2.9654 2.65056
-4.0671 -2.9525 2.64477
-4.086 -2.94135 2.60858
-4.1048 -2.93027 2.60945
-4.11018 -2.92716 2.6159
-4.1134 -2.9252 2.59638
-4.12005 -2.92098 2.57593
-4.12494 -2.9181 2.60987
-4.13577 -2.91205 2.63203
-4.14858 -2.90505 2.6415
-4.17456 -2.89031 2.62537
-4.19656 -2.87923 2.67523
-4.20852 -2.87345 2.69078
True
0.0689978
