-5.46605 -0.594363 0.349637
-5.42071 -0.573922 0.423538
-5.37571 -0.552406 0.446016
-5.33082 -0.534699 0.375778
-5.28534 -0.516763 0.375579
-5.23944 -0.498592 0.377001
-5.19645 -0.482899 0.350002
-5.15148 -0.467275 0.334396
-5.10445 -0.452135 0.311404
-5.05618 -0.439301 0.259878
-5.01094 -0.425616 0.293777
-4.96321 -0.411226 0.292785
-4.91678 -0.397164 0.294098
-4.87005 -0.381223 0.328766
-4.82275 -0.365399 0.322819
-4.78193 -0.352246 0.311741
-4.73693 -0.338291 0.300679
-4.69289 -0.324931 0.294545
-4.64466 -0.311811 0.265628
-4.60807 -0.301367 0.278032
-4.56902 -0.290753 0.265355
-4.52015 -0.280321 0.210322
-4.47159 -0.269886 0.211667
-4.42611 -0.260392 0.205784
-4.37965 -0.249654 0.227141
-4.33397 -0.240371 0.200487
-4.28505 -0.231671 0.176015
-4.2364 -0.220248 0.230627
-4.18833 -0.206915 0.270542
-4.14021 -0.194385 0.254708
-4.09159 -0.182814 0.233656
-4.04679 -0.171815 0.240742
-4.00146 -0.159033 0.274856
-3.96113 -0.14735 0.28198
-3.91883 -0.132799 0.331314
-3.87408 -0.118753 0.304149
-3.82682 -0.104346 0.295891
-3.78289 -0.0906423 0.302351
-3.74344 -0.0762245 0.350441
-3.69704 -0.0594523 0.346846
-3.66144 -0.0470813 0.334418
-3.61438 -0.0306697 0.335587
-3.57093 -0.0144904 0.356418
-3.53385 0.000980994 0.395285
-3.48835 0.0214606 0.422961
-3.44422 0.0448483 0.487314
-3.40052 0.0680811 0.488642
-3.36101 0.0887769 0.482476
-3.32848 0.103519 0.425521
-3.28842 0.122474 0.441944
-3.24803 0.141256 0.435261
-3.21298 0.156155 0.40195
-3.16684 0.175067 0.389028
-3.12166 0.19636 0.440392
-3.08084 0.216699 0.462245
-3.03722 0.237728 0.449201
-2.99271 0.256805 0.404983
-2.94914 0.275288 0.401179
-2.90921 0.291764 0.391372
-2.86248 0.308838 0.350305
-2.81564 0.326286 0.35658
-2.76915 0.344121 0.366264
-2.72271 0.362167 0.37063
-2.67572 0.379192 0.347599
-2.62946 0.397192 0.37109
-2.58738 0.413301 0.365666
-2.5408 0.43046 0.35289
-2.49443 0.449111 0.382472
-2.45003 0.466404 0.371384
-2.41368 0.480895 0.379361
-2.36766 0.499278 0.38005
-2.32963 0.51582 0.410201
-2.28482 0.533291 0.371805
-2.24841 0.546478 0.347499
-2.21021 0.561752 0.380376
-2.16543 0.57851 0.358093
-2.11856 0.595896 0.355165
-2.07974 0.610961 0.370261
-2.034 0.630153 0.397241
-1.99118 0.647275 0.380353
-1.94611 0.665749 0.388995
-1.90027 0.683518 0.369819
-1.85425 0.702416 0.389701
-1.80866 0.719896 0.366079
-1.77252 0.733206 0.352862
-1.72593 0.751327 0.370951
-1.6842 0.767857 0.377146
-1.63788 0.785161 0.357576
-1.59665 0.79978 0.34069
-1.55003 0.815776 0.330543
-1.50345 0.832717 0.348813
-1.45756 0.849164 0.344188
-1.41105 0.865201 0.332002
-1.36441 0.879503 0.297532
-1.32487 0.892465 0.316779
-1.28415 0.905989 0.320655
-1.23705 0.922016 0.327988
-1.19317 0.936727 0.32349
-1.15497 0.951378 0.366199
-1.11772 0.965678 0.366591
-1.0705 0.981942 0.331702
-1.02806 0.996781 0.33636
-0.986276 1.01303 0.37081
-0.939258 1.02992 0.345007
-0.891567 1.04481 0.302519
-0.845613 1.0574 0.267521
-0.812453 1.06713 0.285447
-0.765622 1.07795 0.226902
-0.717234 1.0905 0.253914
-0.672316 1.10097 0.2289
-0.632735 1.11139 0.257316
-0.600089 1.12023 0.264554
-0.551292 1.13108 0.218737
-0.504584 1.14072 0.203569
-0.456622 1.15071 0.205306
-0.40974 1.16115 0.219123
-0.366905 1.17161 0.23959
-0.330317 1.18082 0.246676
-0.283881 1.19117 0.219172
-0.234914 1.20103 0.198684
-0.18601 1.21118 0.204627
-0.139294 1.2221 0.229661
-0.0914804 1.23642 0.291033
-0.049334 1.24902 0.29047
-0.00170651 1.26311 0.287677
0.0310034 1.27282 0.28866
0.0794407 1.28506 0.247509
0.126365 1.29933 0.295133
0.162105 1.30936 0.273639
0.203427 1.32231 0.303798
0.25123 1.33574 0.273885
0.289084 1.34587 0.261351
0.333471 1.35771 0.260759
0.369421 1.3673 0.260691
0.417263 1.37912 0.24223
0.455089 1.39197 0.327496
0.492108 1.40365 0.305524
0.532617 1.41728 0.324573
0.574654 1.43199 0.336619
0.62035 1.44877 0.351865
0.66744 1.46558 0.34284
0.712673 1.4828 0.363763
0.756779 1.49874 0.346805
0.801406 1.51443 0.338173
0.849188 1.52848 0.285949
0.895585 1.54481 0.338492
0.940494 1.56152 0.356125
0.98412 1.57694 0.339804
1.02572 1.59194 0.345947
1.07239 1.60976 0.364829
1.11972 1.62531 0.317397
1.16695 1.64065 0.314117
1.20185 1.65263 0.330721
1.24959 1.66748 0.301602
1.28258 1.67871 0.327888
1.3261 1.69104 0.276218
1.37338 1.70429 0.273167
1.41638 1.7185 0.319158
1.45542 1.73183 0.328984
1.49654 1.74555 0.321988
1.5297 1.75628 0.313197
1.57378 1.77072 0.316546
1.61781 1.78586 0.331074
1.66391 1.80122 0.32159
1.71043 1.81911 0.367178
1.756 1.83928 0.416661
1.79371 1.85516 0.398674
1.83937 1.87549 0.418864
1.88513 1.89502 0.403459
1.92959 1.91422 0.407614
1.9686 1.9322 0.431964
2.01185 1.95188 0.427058
2.05654 1.97145 0.412585
2.09926 1.99014 0.412523
2.14443 2.00946 0.404099
2.19036 2.02826 0.38861
2.23539 2.04367 0.329694
2.26582 2.05494 0.354617
2.31273 2.07192 0.347335
2.35686 2.08871 0.363523
2.39511 2.10385 0.376815
2.43368 2.11635 0.313553
2.46553 2.12627 0.301965
2.51228 2.14185 0.321648
2.5565 2.15783 0.346729
2.60262 2.17577 0.370992
2.64848 2.19564 0.408876
2.68701 2.21218 0.40535
2.73241 2.23077 0.388696
2.77685 2.25257 0.456055
2.82142 2.27444 0.456186
2.86543 2.29311 0.401164
2.91032 2.31103 0.379823
2.94587 2.32448 0.361884
2.98437 2.34004 0.384078
3.02987 2.36073 0.426608
3.0723 2.37968 0.420084
3.1172 2.40142 0.450937
3.15952 2.42297 0.470885
3.19495 2.44047 0.45902
3.23959 2.46298 0.467037
3.28154 2.4828 0.441362
3.32575 2.50615 0.485761
3.36774 2.52684 0.457935
3.41219 2.54876 0.458231
3.45771 2.56941 0.425868
3.50441 2.58715 0.362988
3.53695 2.5974 0.305204
3.56548 2.60705 0.326033
3.60636 2.62188 0.348093
3.63847 2.63319 0.338667
3.68109 2.64702 0.313768
3.70473 2.65552 0.345313
3.74227 2.66832 0.328332
3.78373 2.6824 0.327529
3.8222 2.69577 0.334548
3.84868 2.7047 0.325248
3.88134 2.71532 0.314292
3.92569 2.72688 0.254987
3.96181 2.73479 0.215565
4.00504 2.74376 0.204582
4.04712 2.75344 0.226029
4.09262 2.76591 0.267614
4.10496 2.76935 0.271754
4.12777 2.77511 0.247501
4.14757 2.77947 0.216561
4.15665 2.78194 0.265557
4.17925 2.7877 0.24963
4.20589 2.79679 0.328903
4.23945 2.8075 0.30895
4.27427 2.81845 0.304537
4.30322 2.82794 0.316899
4.31586 2.83173 0.290807
4.34714 2.83985 0.254219
4.36267 2.84324 0.214835
4.38993 2.84841 0.187255
4.40549 2.85161 0.202622
4.41802 2.85484 0.253092
4.4232 2.85644 0.298666
4.43647 2.86082 0.318891
4.45204 2.8659 0.315309
4.46941 2.87207 0.341507
4.48351 2.87681 0.323973
4.49926 2.8828 0.363534
4.52281 2.89175 0.363024
4.53299 2.8959 0.387519
4.53782 2.89779 0.37313
4.55771 2.90557 0.372618
4.57417 2.91212 0.379201
4.58389 2.91629 0.40471
4.59979 2.92294 0.395994
4.6215 2.93257 0.417652
4.64883 2.94424 0.403495
4.65333 2.94628 0.426038
4.66508 2.95176 0.436288
4.6742 2.95613 0.447362
4.68055 2.95937 0.470802
4.68489 2.96152 0.460748
4.70065 2.96956 0.4718
4.71069 2.97506 0.501345
4.71676 2.97821 0.477273
4.72395 2.98173 0.456205
4.73571 2.98776 0.473351
4.74847 2.99452 0.487214
4.75603 2.99867 0.502448
4.76683 3.00438 0.486628
4.79183 3.01607 0.437073
4.81918 3.02918 0.447207
4.83848 3.03877 0.460862
4.86201 3.05064 0.467267
4.87761 3.05822 0.452378
4.89009 3.06341 0.393858
4.90411 3.06918 0.390657
4.91616 3.07397 0.378573
4.92781 3.07876 0.390038
4.94351 3.08549 0.404983
4.95259 3.0893 0.397343
4.9603 3.09255 0.398768
4.96834 3.09633 0.439092
4.98154 3.1022 0.418798
4.99603 3.10927 0.453876
5.01668 3.1198 0.471648
5.02832 3.12563 0.464476
5.03523 3.12909 0.463674
5.04449 3.13369 0.461544
5.05258 3.1375 0.439584
5.05794 3.13954 0.363225
5.06844 3.14335 0.348544
5.07504 3.14579 0.353645
5.08521 3.15006 0.397581
5.10363 3.15779 0.397345
5.11549 3.1632 0.428126
5.12781 3.16936 0.463666
5.13353 3.17232 0.476781
5.1434 3.17722 0.460989
5.15622 3.18378 0.473057
5.16607 3.18866 0.459923
5.17478 3.19299 0.460987
5.18267 3.19701 0.471908
5.18654 3.19903 0.481423
5.19922 3.20542 0.466425
5.20906 3.21001 0.436312
5.22309 3.21639 0.426824
5.23341 3.22114 0.431461
5.2394 3.22376 0.412196
5.24594 3.22682 0.437712
True
0.0652968
