-5.47656 1.53887 -0.10756
-5.4566 1.53605 -0.140467
-5.41455 1.53083 -0.12354
-5.37546 1.52623 -0.117114
-5.326 1.51893 -0.14663
-5.27675 1.51179 -0.143833
-5.22753 1.5055 -0.127142
-5.17888 1.49961 -0.120385
-5.12947 1.49301 -0.132942
-5.07993 1.48756 -0.109487
-5.03032 1.48167 -0.118125
-4.98222 1.47685 -0.0999245
-4.93457 1.47112 -0.11974
-4.89669 1.46716 -0.10413
-4.85444 1.46173 -0.127861
-4.80583 1.45622 -0.112926
-4.76076 1.45247 -0.082847
-4.71569 1.44834 -0.0915372
-4.67134 1.44133 -0.156748
-4.62235 1.4359 -0.11027
-4.58768 1.43269 -0.092368
-4.53844 1.42887 -0.0774572
-4.48907 1.42543 -0.0695696
-4.43916 1.42277 -0.0532233
-4.38956 1.41684 -0.118999
-4.3438 1.41088 -0.129547
-4.296 1.40561 -0.109721
-4.24683 1.40118 -0.0899178
-4.20125 1.39637 -0.105162
-4.15385 1.39282 -0.0746406
-4.10449 1.38958 -0.0655473
-4.05488 1.38372 -0.117601
-4.01051 1.37822 -0.123335
-3.96399 1.37148 -0.143984
-3.91445 1.36483 -0.133311
-3.87758 1.35961 -0.140648
-3.82968 1.35255 -0.146312
-3.78023 1.34725 -0.10684
-3.73088 1.34124 -0.121167
-3.68518 1.33406 -0.155874
-3.63668 1.32821 -0.120078
-3.58923 1.32129 -0.144826
-3.54117 1.31361 -0.158425
-3.49269 1.30891 -0.0966254
-3.45531 1.30683 -0.0556756
-3.40905 1.30534 -0.0321513
-3.35969 1.30356 -0.0361092
-3.31492 1.30201 -0.0345246
-3.26778 1.29889 -0.0659884
-3.21995 1.29666 -0.0465865
-3.17233 1.29145 -0.109041
-3.12702 1.28742 -0.0886756
-3.07822 1.28344 -0.0813651
-3.02937 1.27915 -0.0877367
-2.97982 1.27474 -0.0886211
-2.93307 1.27087 -0.082694
-2.88348 1.26451 -0.127615
-2.83403 1.25766 -0.137616
-2.7878 1.25179 -0.126261
-2.741 1.24647 -0.113241
-2.69149 1.23971 -0.135711
-2.65314 1.23575 -0.102726
-2.60356 1.22933 -0.128728
-2.55442 1.22124 -0.163244
-2.50492 1.21492 -0.126971
-2.45581 1.20709 -0.158124
-2.40896 1.20184 -0.111624
-2.36087 1.19684 -0.103531
-2.31117 1.19231 -0.0910311
-2.27144 1.18715 -0.12898
-2.22176 1.18223 -0.0988095
-2.17217 1.17634 -0.118201
-2.12362 1.169 -0.149994
-2.08495 1.16263 -0.163329
-2.0431 1.15783 -0.114075
-2.00708 1.15306 -0.131688
-1.9576 1.14593 -0.143124
-1.90797 1.13986 -0.121742
-1.85995 1.13349 -0.131786
-1.81195 1.12489 -0.177468
-1.78019 1.11946 -0.169066
-1.73173 1.11006 -0.191612
-1.68358 1.1027 -0.151761
-1.63443 1.09519 -0.151593
-1.59743 1.09128 -0.105326
-1.55845 1.08618 -0.130063
-1.50861 1.0824 -0.0756566
-1.46338 1.07902 -0.0747453
-1.41341 1.07765 -0.0272462
-1.36345 1.0775 -0.00302193
-1.31989 1.07776 0.00596526
-1.28156 1.07763 -0.00336189
-1.24187 1.07566 -0.0498027
-1.19369 1.07106 -0.0950653
-1.15047 1.06705 -0.0925688
-1.10463 1.06254 -0.0980304
-1.05478 1.0589 -0.0728507
-1.01744 1.05641 -0.0668152
-0.973087 1.05558 -0.0185454
-0.926116 1.05536 -0.00474771
-0.878305 1.05544 0.00159708
-0.842879 1.05588 0.0124339
-0.799107 1.05647 0.013518
-0.758402 1.05594 -0.0128915
-0.715866 1.0576 0.039044
-0.680134 1.0597 0.0586601
-0.630234 1.06237 0.0534788
-0.580323 1.06535 0.0595317
-0.541465 1.06774 0.0613861
-0.497588 1.07133 0.0817141
-0.46183 1.07537 0.112526
-0.412214 1.07884 0.0697032
-0.366858 1.0836 0.104698
-0.316917 1.0852 0.0319919
-0.271305 1.08687 0.0365319
-0.225149 1.09018 0.0715874
-0.190598 1.09399 0.109992
-0.144435 1.09858 0.0990149
-0.0947737 1.10377 0.104078
-0.0532662 1.10944 0.135795
-0.00965533 1.11735 0.179568
0.0392217 1.12682 0.191385
0.0783239 1.13578 0.225244
0.125052 1.14562 0.207384
0.171822 1.15624 0.223293
0.218767 1.16602 0.205479
0.265042 1.17545 0.200972
0.307597 1.1828 0.171152
0.345839 1.18885 0.15689
0.395301 1.19606 0.144753
0.439921 1.20221 0.1369
0.48661 1.20753 0.113446
0.53526 1.21538 0.159927
0.583704 1.2229 0.154137
0.63234 1.23115 0.168047
0.679538 1.23986 0.18248
0.728276 1.25099 0.224418
0.775494 1.26058 0.200338
0.822684 1.2678 0.151851
0.87197 1.27574 0.159708
0.921442 1.28065 0.0988873
0.966769 1.28693 0.137863
1.01026 1.29199 0.115699
1.05962 1.2988 0.137108
1.10941 1.303 0.084216
1.14861 1.30648 0.0884423
1.19644 1.30883 0.0490709
1.24343 1.31014 0.0280088
1.29322 1.31239 0.0450518
1.33576 1.31425 0.0437045
1.38193 1.31717 0.0632938
1.43125 1.3202 0.0612213
1.4806 1.32226 0.0416683
1.53058 1.32363 0.0273963
1.57968 1.32488 0.0255236
1.61412 1.32687 0.0578318
1.65299 1.32693 0.00145687
1.70273 1.32875 0.0366179
1.75239 1.33254 0.0761058
1.80228 1.33217 -0.00733104
1.84672 1.33203 -0.00313001
1.88491 1.33168 -0.00930538
1.90994 1.33185 0.00672749
1.95958 1.32922 -0.0529557
2.00906 1.32515 -0.0820019
2.05627 1.32064 -0.0952073
2.10394 1.31522 -0.113304
2.15291 1.30781 -0.15011
2.19339 1.30107 -0.165061
2.24035 1.2921 -0.188736
2.2892 1.28211 -0.201704
2.33417 1.2719 -0.223118
2.38276 1.26019 -0.236521
2.42415 1.24963 -0.249814
2.47018 1.23603 -0.287206
2.51454 1.22549 -0.233465
2.56263 1.2118 -0.277255
2.61121 1.20063 -0.225945
2.64994 1.19125 -0.237746
2.69834 1.17988 -0.230649
2.74678 1.17068 -0.187694
2.79517 1.1632 -0.153463
2.8287 1.1579 -0.156724
2.878 1.15023 -0.154325
2.92523 1.14176 -0.17743
2.97252 1.13519 -0.138073
3.02077 1.12618 -0.184675
3.06748 1.11798 -0.173787
3.11388 1.11146 -0.139427
3.1623 1.1044 -0.144784
3.2086 1.09589 -0.181905
3.25145 1.08663 -0.2127
3.29624 1.07721 -0.20745
3.33764 1.06692 -0.243578
3.38255 1.05552 -0.248581
3.41736 1.04704 -0.238965
3.45394 1.03859 -0.226881
3.49257 1.02949 -0.231403
3.53324 1.01968 -0.236813
3.56291 1.0134 -0.208567
3.58264 1.00841 -0.247737
3.6013 1.00349 -0.257338
3.61913 0.998049 -0.296418
3.63932 0.991703 -0.30463
3.66415 0.985412 -0.248047
3.67728 0.981989 -0.255065
3.68585 0.979661 -0.265233
3.70281 0.974822 -0.278029
3.74392 0.961617 -0.310765
3.78485 0.951053 -0.252626
3.82196 0.940573 -0.275241
3.86853 0.929445 -0.234562
3.9139 0.919887 -0.207601
3.95946 0.908446 -0.246028
3.9849 0.901622 -0.262069
4.01935 0.892232 -0.266118
4.05762 0.883159 -0.232754
4.09225 0.874003 -0.258493
4.12682 0.86564 -0.237399
4.15447 0.859914 -0.204192
4.18835 0.854053 -0.171283
4.21254 0.850548 -0.143897
4.23207 0.847769 -0.141361
4.25739 0.844979 -0.109726
4.26765 0.843692 -0.124863
4.28011 0.841832 -0.148156
4.28757 0.840734 -0.146114
4.29404 0.839643 -0.167131
4.30919 0.837189 -0.160554
4.32039 0.835048 -0.188878
4.35116 0.829511 -0.178016
4.36937 0.826857 -0.14472
4.39292 0.822858 -0.168272
4.418 0.81798 -0.192073
4.4467 0.811973 -0.206319
4.4669 0.80764 -0.211265
4.47923 0.804442 -0.253885
4.49065 0.801461 -0.255289
4.51307 0.795502 -0.259752
4.54452 0.786901 -0.266973
4.57536 0.778679 -0.260513
4.6072 0.770317 -0.256829
4.62458 0.765997 -0.243683
4.64427 0.760969 -0.250036
4.65684 0.757507 -0.26861
4.67103 0.753743 -0.25938
4.69977 0.74656 -0.244922
4.7299 0.740038 -0.213147
4.77258 0.732879 -0.166201
4.8092 0.72745 -0.147178
4.83636 0.723267 -0.15279
4.83681 0.723199 -0.149954
4.84667 0.721513 -0.16938
4.86269 0.718384 -0.192892
4.86843 0.717135 -0.214334
4.88415 0.71328 -0.240504
4.89625 0.709924 -0.27047
4.91138 0.706048 -0.250815
4.90964 0.706617 -0.315625
4.9266 0.70061 -0.340263
4.93512 0.697144 -0.386586
4.94963 0.691358 -0.379413
4.96567 0.685575 -0.345955
4.97716 0.681959 -0.305093
4.97965 0.681152 -0.3128
5.00704 0.674702 -0.231323
5.01758 0.672922 -0.167295
5.02266 0.671863 -0.205324
5.03706 0.669047 -0.193142
5.04592 0.667314 -0.193128
5.06082 0.664124 -0.210853
5.06958 0.662218 -0.214439
5.07537 0.660996 -0.207815
5.08136 0.659458 -0.251508
5.10289 0.653774 -0.25807
5.11309 0.651074 -0.258773
5.11861 0.649822 -0.222981
5.138 0.646547 -0.16737
5.15066 0.644702 -0.144622
5.15497 0.64411 -0.136783
5.16192 0.643179 -0.133175
5.16468 0.642766 -0.148507
5.17143 0.641866 -0.132491
5.17588 0.64142 -0.0998133
5.19217 0.640838 -0.0357008
5.19876 0.640972 0.0202802
5.21367 0.642039 0.0714667
True
0.240854
