4.49176 -0.00211935 -2.88983
4.47816 -0.00628581 -2.84425
4.43438 -0.0226003 -2.7849
4.39389 -0.0434144 -2.66678
4.35172 -0.0664401 -2.64185
4.31063 -0.0911853 -2.59951
4.28166 -0.108758 -2.59634
4.24652 -0.135086 -2.49856
4.21099 -0.16892 -2.38065
4.18219 -0.199805 -2.32121
4.15311 -0.23096 -2.32182
4.12577 -0.262432 -2.28603
4.09769 -0.297824 -2.2416
4.07472 -0.328037 -2.22078
4.0457 -0.365715 -2.22711
4.0201 -0.400974 -2.19882
3.99402 -0.442569 -2.13079
3.97176 -0.478459 -2.12594
3.94846 -0.51728 -2.11135
3.92523 -0.561554 -2.05405
3.90909 -0.596126 -2.00763
3.89139 -0.63743 -1.97564
3.87586 -0.67374 -1.97493
3.85811 -0.720142 -1.93606
3.84103 -0.763665 -1.94484
3.83 -0.788127 -1.99426
3.81294 -0.833505 -1.93055
3.79417 -0.878969 -1.96232
3.78117 -0.92098 -1.8707
3.77172 -0.948063 -1.90659
3.7618 -0.980185 -1.87032
3.74943 -1.02332 -1.85008
3.73675 -1.06259 -1.88317
3.72641 -1.09419 -1.8871
3.71812 -1.11944 -1.88814
3.70754 -1.14789 -1.9265
3.6922 -1.19548 -1.88277
3.67277 -1.24155 -1.96987
3.67138 -1.24471 -1.98529
3.66806 -1.25219 -1.98836
3.66595 -1.25737 -1.95721
3.65934 -1.27342 -1.96166
3.64044 -1.3196 -1.95929
3.62185 -1.36596 -1.95209
3.60212 -1.4119 -1.9765
3.58679 -1.45158 -1.93941
3.57419 -1.49371 -1.86149
3.55838 -1.53455 -1.94011
3.54245 -1.57335 -1.96035
3.52717 -1.61427 -1.92811
3.51146 -1.65619 -1.92951
3.49922 -1.68499 -1.97255
3.47869 -1.729 -2.00724
3.45716 -1.77403 -2.0169
3.44222 -1.80246 -2.05458
3.43117 -1.82316 -2.06109
3.43004 -1.82532 -2.05267
3.41961 -1.84671 -2.02453
3.40043 -1.89288 -1.96459
3.37944 -1.93703 -2.01456
3.35915 -1.98112 -2.00213
3.33801 -2.02325 -2.03578
3.32162 -2.05467 -2.05154
3.29936 -2.09592 -2.0657
3.27587 -2.14006 -2.05978
3.24981 -2.18273 -2.11923
3.22587 -2.22466 -2.08939
3.20066 -2.26778 -2.09996
3.17436 -2.31021 -2.12578
3.14892 -2.35318 -2.10525
3.13436 -2.37821 -2.09764
3.10994 -2.41903 -2.10995
3.09065 -2.45297 -2.0877
3.07292 -2.48069 -2.13987
3.05566 -2.50648 -2.16038
3.03272 -2.54051 -2.16394
3.00071 -2.57892 -2.26567
2.97099 -2.61862 -2.21342
2.94544 -2.65589 -2.1716
2.92049 -2.69068 -2.19303
2.89555 -2.7237 -2.21767
2.87 -2.75666 -2.23018
2.83879 -2.79571 -2.24514
2.80846 -2.83504 -2.22768
2.78312 -2.86889 -2.21353
2.75843 -2.90207 -2.21041
2.72773 -2.93999 -2.25131
2.6972 -2.97957 -2.22773
2.66524 -3.01802 -2.26442
2.64155 -3.04763 -2.24562
2.60622 -3.08219 -2.36714
2.57063 -3.11436 -2.40678
2.53643 -3.14717 -2.37683
2.51112 -3.16959 -2.41652
2.48883 -3.18965 -2.40897
2.47456 -3.20344 -2.37331
2.44521 -3.23104 -2.38688
2.40993 -3.26144 -2.43033
2.37062 -3.29235 -2.47523
2.33129 -3.32184 -2.49822
2.2915 -3.35205 -2.49224
2.25658 -3.37614 -2.53772
2.21518 -3.40411 -2.54749
2.17743 -3.42638 -2.60854
2.15148 -3.44114 -2.62436
2.11033 -3.46665 -2.58665
2.06658 -3.4898 -2.65482
2.02224 -3.51242 -2.67002
1.98652 -3.52815 -2.7267
1.94652 -3.54531 -2.73631
1.90542 -3.56418 -2.71115
1.87183 -3.57919 -2.72144
1.82829 -3.59712 -2.75097
1.78994 -3.6133 -2.74236
1.74782 -3.63092 -2.74525
1.7028 -3.6495 -2.75027
1.65868 -3.66643 -2.77515
1.61254 -3.68426 -2.77293
1.57142 -3.70255 -2.72308
1.52551 -3.72206 -2.73958
1.48362 -3.73795 -2.77912
1.43976 -3.75151 -2.8418
1.3928 -3.76569 -2.84836
1.34483 -3.77979 -2.85579
1.29699 -3.79174 -2.89678
1.2524 -3.80622 -2.82759
1.20457 -3.82078 -2.8461
1.16438 -3.83348 -2.83536
1.13005 -3.84283 -2.87592
1.08241 -3.8537 -2.91713
1.03317 -3.86237 -2.96726
0.984976 -3.87038 -2.97707
0.949825 -3.87555 -2.99531
0.901156 -3.88358 -2.97807
0.852408 -3.89124 -2.98574
0.81346 -3.89671 -3.00222
0.768083 -3.90286 -3.00679
0.719049 -3.91183 -2.96073
0.670367 -3.9206 -2.96335
0.620964 -3.92822 -2.9886
0.579751 -3.93441 -2.99239
0.533459 -3.94043 -3.01239
0.485165 -3.94914 -2.96302
0.435804 -3.95697 -2.98424
0.388413 -3.96452 -2.98373
0.342962 -3.97041 -3.0128
0.297735 -3.97589 -3.02086
0.248253 -3.97963 -3.06626
0.221492 -3.98108 -3.08721
0.171987 -3.98387 -3.08529
0.151369 -3.98545 -3.06531
0.104958 -3.98798 -3.08716
0.0708944 -3.98963 -3.09323
0.0255097 -3.9927 -3.07392
-0.0224589 -3.9954 -3.08548
-0.0724479 -3.99643 -3.12096
-0.118637 -3.99909 -3.08415
-0.168421 -3.99915 -3.14035
-0.218359 -3.99885 -3.14747
-0.268307 -3.99658 3.09599
-0.317792 -3.99465 3.10271
-0.350584 -3.99307 3.09341
-0.376712 -3.99132 3.07482
-0.416635 -3.9887 3.07598
-0.465786 -3.98501 3.06665
-0.514868 -3.97982 3.03636
-0.559772 -3.97362 3.00438
-0.602341 -3.96602 2.96489
-0.647577 -3.9571 2.94677
-0.686973 -3.94887 2.93584
-0.731313 -3.93897 2.92193
-0.758887 -3.9339 2.95944
-0.801999 -3.92396 2.91505
-0.849733 -3.91439 2.94378
-0.897956 -3.90195 2.88909
-0.943763 -3.8895 2.8763
-0.988629 -3.87707 2.87132
-1.02952 -3.86558 2.86755
-1.07736 -3.85225 2.86989
-1.11501 -3.84008 2.82903
-1.16189 -3.82542 2.83838
-1.19228 -3.81576 2.83405
-1.2398 -3.80029 2.8267
-1.26901 -3.7921 2.86831
-1.31593 -3.7788 2.86545
-1.3642 -3.76589 2.88011
-1.41257 -3.75323 2.8856
-1.45473 -3.74003 2.83825
-1.50206 -3.72512 2.83653
-1.54785 -3.70941 2.81096
-1.59286 -3.6939 2.80988
-1.63665 -3.67922 2.81797
-1.67486 -3.66652 2.82074
-1.7211 -3.64834 2.76693
-1.7662 -3.62718 2.70293
-1.80663 -3.60809 2.70064
-1.85136 -3.58602 2.68315
-1.89556 -3.5633 2.66671
-1.93835 -3.54163 2.67285
-1.9827 -3.51973 2.68297
-2.02419 -3.49842 2.66705
-2.06148 -3.47943 2.67074
-2.10442 -3.45758 2.67071
-2.1487 -3.43444 2.66016
-2.19236 -3.41061 2.642
-2.23581 -3.38685 2.64105
-2.27217 -3.36647 2.63078
-2.31154 -3.34095 2.56644
-2.33871 -3.32293 2.55593
-2.372 -3.30116 2.56243
-2.40564 -3.27768 2.53225
-2.43296 -3.2584 2.52707
-2.47345 -3.23034 2.53563
-2.50128 -3.21107 2.5359
-2.54121 -3.18312 2.53081
-2.57416 -3.16205 2.57289
-2.60649 -3.1399 2.54074
-2.64621 -3.11095 2.51186
-2.68597 -3.08068 2.49097
-2.71237 -3.06063 2.49181
-2.7501 -3.03146 2.48353
-2.78288 -3.00566 2.47473
-2.8115 -2.98501 2.51661
-2.84555 -2.9599 2.50625
-2.88024 -2.93289 2.47994
-2.89566 -2.92213 2.53211
-2.92221 -2.90347 2.52903
-2.95593 -2.87957 2.52497
-2.98652 -2.85748 2.51619
-3.00777 -2.84306 2.54551
-3.03129 -2.82729 2.55102
-3.07192 -2.80259 2.59533
-3.10843 -2.77973 2.58233
-3.14895 -2.75275 2.55411
-3.1794 -2.73382 2.58532
-3.21495 -2.71146 2.58012
-3.24686 -2.69071 2.56489
-3.28544 -2.66586 2.56946
-3.32512 -2.6408 2.57829
-3.36431 -2.61451 2.55076
-3.40122 -2.59203 2.59458
-3.44392 -2.5671 2.61299
-3.47981 -2.54255 2.54173
-3.51288 -2.52048 2.55309
-3.55247 -2.4919 2.51633
-3.58933 -2.46565 2.52282
-3.61048 -2.45115 2.54042
-3.6362 -2.4321 2.50414
-3.66451 -2.40991 2.4769
-3.69229 -2.38812 2.4764
-3.71152 -2.37183 2.43872
-3.72941 -2.35676 2.44182
-3.74812 -2.33989 2.40767
-3.75493 -2.33384 2.41517
-3.75976 -2.32958 2.41835
-3.76827 -2.32219 2.42677
-3.77973 -2.31281 2.45569
-3.78735 -2.30668 2.4646
-3.79173 -2.30293 2.43182
-3.80411 -2.29182 2.41052
-3.81967 -2.27714 2.38528
-3.82944 -2.26844 2.41413
-3.83949 -2.25935 2.40594
-3.85337 -2.24586 2.37053
-3.86941 -2.22768 2.29386
-3.88713 -2.2078 2.29891
-3.90604 -2.18735 2.3171
-3.92716 -2.16538 2.33635
-3.9418 -2.15065 2.35323
-3.95502 -2.13714 2.34537
-3.96589 -2.12626 2.35553
-3.97983 -2.11294 2.3791
-3.99953 -2.09475 2.39579
-4.02075 -2.07472 2.38517
-4.03162 -2.06489 2.4063
-4.04908 -2.04883 2.39807
-4.05435 -2.04433 2.43419
-4.06198 -2.03785 2.43804
-4.07557 -2.02553 2.40538
-4.0896 -2.01334 2.42607
-4.10654 -1.9988 2.43222
-4.12812 -1.98127 2.45933
-4.13918 -1.97102 2.39416
-4.1536 -1.95781 2.39984
-4.16904 -1.94251 2.36095
-4.1766 -1.93439 2.32066
-4.18315 -1.92732 2.3183
-4.19188 -1.9181 2.32852
-4.20254 -1.90599 2.29249
-4.21628 -1.88818 2.22812
-4.22379 -1.87812 2.21202
-4.22549 -1.87572 2.18435
-4.23003 -1.86942 2.19567
-4.23214 -1.8663 2.16484
-4.23487 -1.86215 2.15379
-4.23756 -1.85849 2.20476
-4.24093 -1.85426 2.24366
-4.24328 -1.85137 2.25331
-4.25376 -1.83955 2.29624
True
0.1743
