4.48202 0.000803767 3.09693
4.46206 0.00244454 3.05956
4.43837 0.00510734 3.02965
4.41527 0.00832803 3.00309
4.3968 0.010083 3.04687
4.37482 0.0119411 3.05723
4.35478 0.0135597 3.06103
4.32474 0.0164312 3.04629
4.29707 0.0196583 3.02545
4.27603 0.0226321 3.00121
4.25605 0.0260149 2.9739
4.23556 0.0299094 2.95372
4.20506 0.0358524 2.94914
4.19237 0.0391761 2.88549
4.17097 0.0465688 2.80901
4.1506 0.0546067 2.7657
4.11711 0.0682909 2.75372
4.09851 0.0776507 2.67537
4.08018 0.0883775 2.61217
4.0477 0.111607 2.52069
4.01492 0.136197 2.49805
3.97992 0.165603 2.44284
3.95287 0.1924 2.36081
3.92187 0.231625 2.23958
3.89756 0.270683 2.12755
3.87308 0.310752 2.11921
3.86025 0.336508 2.03296
3.83853 0.381544 2.02013
3.82453 0.414741 1.97011
3.81232 0.448404 1.91874
3.79908 0.481863 1.94762
3.7911 0.504045 1.91598
3.78468 0.522921 1.89866
3.77677 0.546139 1.89906
3.76793 0.576768 1.85182
3.76309 0.592569 1.86826
3.76337 0.591602 1.8544
3.75979 0.605257 1.82728
3.75433 0.624399 1.84836
3.75081 0.639076 1.80638
3.74286 0.674105 1.79408
3.7368 0.707736 1.74893
3.73203 0.73881 1.72298
3.72342 0.783913 1.75942
3.71537 0.832184 1.73617
3.7093 0.881808 1.69253
3.70222 0.918102 1.76328
3.69976 0.937622 1.69657
3.69473 0.97429 1.70714
3.68364 1.02304 1.79435
3.67772 1.04921 1.79341
3.66579 1.0931 1.83626
3.65534 1.13737 1.8024
3.65096 1.15503 1.814
3.64497 1.17425 1.87291
3.6351 1.20578 1.87417
3.62338 1.24219 1.88213
3.61011 1.28328 1.88332
3.59619 1.32382 1.90153
3.58123 1.36467 1.92181
3.57195 1.39279 1.88945
3.55435 1.4393 1.93267
3.54439 1.46661 1.92027
3.53325 1.49298 1.97068
3.52395 1.51483 1.97308
3.51136 1.5453 1.96261
3.49163 1.59085 1.97962
3.47465 1.62946 1.98516
3.45987 1.66162 2.00161
3.44024 1.69816 2.06368
3.41898 1.73958 2.04501
3.40177 1.77219 2.05656
3.39031 1.79159 2.10408
3.36617 1.83379 2.09036
3.34485 1.86965 2.10741
3.32476 1.90418 2.09764
3.30313 1.94438 2.06444
3.28201 1.98271 2.07441
3.25866 2.02692 2.05678
3.23575 2.0713 2.04721
3.21713 2.1041 2.08719
3.19392 2.14221 2.11785
3.17399 2.17497 2.1172
3.15141 2.20927 2.15306
3.13252 2.2388 2.13983
3.11378 2.26946 2.11951
3.09466 2.29886 2.14728
3.06868 2.33614 2.17953
3.04607 2.37012 2.15799
3.02503 2.40203 2.15371
2.99868 2.44192 2.15453
2.97145 2.47984 2.19356
2.94032 2.51897 2.24273
2.90998 2.55787 2.23322
2.88603 2.5903 2.20694
2.86277 2.62178 2.20714
2.83779 2.65385 2.23244
2.80419 2.68981 2.32235
2.77183 2.72792 2.27484
2.73808 2.76411 2.32128
2.71221 2.79186 2.32118
2.67714 2.82746 2.34872
2.65229 2.85228 2.35678
2.62783 2.87702 2.35054
2.60093 2.90247 2.38386
2.56597 2.93453 2.39947
2.53228 2.96572 2.39467
2.49895 2.99452 2.42893
2.46098 3.02411 2.4797
2.42012 3.05284 2.52871
2.3896 3.07555 2.50172
2.37622 3.08632 2.46375
2.33574 3.11554 2.51651
2.29785 3.14299 2.51466
2.25781 3.17293 2.49961
2.22778 3.19404 2.52876
2.1943 3.21425 2.59845
2.15089 3.23906 2.62239
2.11775 3.25659 2.65503
2.08169 3.27558 2.65699
2.03797 3.2965 2.69527
1.99502 3.31536 2.72772
1.96256 3.32905 2.7424
1.91888 3.34843 2.72415
1.88725 3.36341 2.69934
1.84453 3.3812 2.74697
1.80513 3.39717 2.7564
1.7616 3.41537 2.74561
1.71786 3.43389 2.74112
1.67204 3.45297 2.74695
1.62671 3.47366 2.71341
1.58153 3.49508 2.69897
1.54189 3.51365 2.70338
1.49865 3.53436 2.69487
1.45906 3.55314 2.69857
1.41403 3.57481 2.69331
1.38099 3.58996 2.71158
1.34482 3.6072 2.69664
1.31305 3.62125 2.72529
1.26898 3.63988 2.7417
1.23383 3.6548 2.74004
1.18758 3.67367 2.7544
1.14124 3.69175 2.76953
1.10898 3.70394 2.78033
1.06122 3.7187 2.8417
1.0188 3.73027 2.87532
0.972736 3.74169 2.89858
0.925001 3.75388 2.89156
0.880347 3.76536 2.88996
0.833596 3.77713 2.89499
0.789528 3.78713 2.91859
0.744403 3.79816 2.90168
0.702145 3.80579 2.96295
0.653424 3.81373 2.9802
0.604344 3.82045 3.00541
0.55654 3.8279 2.98705
0.528897 3.83282 2.96545
0.479835 3.84056 2.98513
0.437018 3.84756 2.97955
0.388709 3.85319 3.02548
0.350221 3.85734 3.03422
0.300599 3.86092 3.06969
0.256501 3.86259 3.10368
0.207352 3.86468 3.09902
0.16474 3.86419 3.15322
0.129295 3.86395 -3.13499
0.0795928 3.86334 -3.12919
0.0413782 3.86276 -3.12652
-0.000387293 3.86094 -3.098
-0.0503106 3.85961 -3.11493
-0.0976474 3.85629 -3.07164
-0.14621 3.85325 -3.07917
-0.180915 3.85166 -3.09558
-0.225084 3.84963 -3.09577
-0.274407 3.84789 -3.10641
-0.314178 3.84472 -3.06202
-0.357309 3.84246 -3.08917
-0.399769 3.83986 -3.08049
-0.449552 3.83534 -3.05107
-0.488926 3.83129 -3.03907
-0.525471 3.82513 -2.97451
-0.574345 3.81458 -2.92901
-0.619046 3.80365 -2.90186
-0.666519 3.7931 -2.92278
-0.715142 3.78145 -2.9064
-0.759405 3.77231 -2.93799
-0.801887 3.76417 -2.95239
-0.842948 3.75762 -2.98325
-0.892147 3.74911 -2.97033
-0.940778 3.73759 -2.90909
-0.989321 3.72566 -2.90057
-1.03342 3.71299 -2.86179
-1.0813 3.69876 -2.85274
-1.12684 3.685 -2.84825
-1.1673 3.67238 -2.83922
-1.21369 3.65704 -2.82228
-1.26101 3.6409 -2.81277
-1.29729 3.62755 -2.78913
-1.34269 3.60967 -2.76626
-1.37973 3.59592 -2.78629
-1.42539 3.57694 -2.74748
-1.46714 3.55722 -2.7004
-1.50425 3.53844 -2.67308
-1.54686 3.5188 -2.7098
-1.58658 3.50046 -2.70888
-1.62895 3.47945 -2.68123
-1.67335 3.45647 -2.66415
-1.70975 3.43953 -2.70599
-1.75566 3.41973 -2.7344
-1.7979 3.40158 -2.73571
-1.8399 3.3813 -2.69169
-1.88518 3.36019 -2.70538
-1.92332 3.34144 -2.68471
-1.96349 3.31939 -2.63962
-1.99275 3.30215 -2.60912
-2.0192 3.28707 -2.6235
-2.06099 3.26024 -2.57086
-2.10239 3.23223 -2.54664
-2.14166 3.20393 -2.51726
-2.17864 3.17725 -2.51656
-2.21343 3.15123 -2.49948
-2.23858 3.13291 -2.51203
-2.27659 3.10222 -2.4623
-2.31169 3.07332 -2.45275
-2.35018 3.04213 -2.46072
-2.38816 3.00962 -2.43356
-2.41634 2.98628 -2.44972
-2.45333 2.95519 -2.44271
-2.48485 2.9284 -2.43708
-2.52343 2.8966 -2.45234
-2.55517 2.87128 -2.46806
-2.58588 2.84586 -2.45019
-2.62265 2.81486 -2.44112
-2.65524 2.78622 -2.42065
-2.68891 2.75447 -2.38553
-2.71837 2.72712 -2.39339
-2.7535 2.69231 -2.36061
-2.78834 2.6576 -2.35815
-2.82128 2.62351 -2.33907
-2.85339 2.5896 -2.3289
-2.88769 2.55389 -2.33611
-2.92263 2.51858 -2.35089
-2.9538 2.48565 -2.32874
-2.9857 2.45043 -2.3067
-3.01326 2.41635 -2.25102
-3.04337 2.38384 -2.31772
-3.07167 2.34838 -2.24454
-3.1033 2.31004 -2.26045
-3.13254 2.27057 -2.20841
-3.16384 2.23185 -2.25066
-3.18707 2.19965 -2.19584
-3.21552 2.15854 -2.17601
-3.24358 2.11793 -2.17562
-3.27128 2.07643 -2.15926
-3.29711 2.03422 -2.11988
-3.32381 1.99321 -2.14797
-3.35062 1.95319 -2.16106
-3.37115 1.92261 -2.16214
-3.38932 1.89647 -2.17817
-3.41798 1.85844 -2.21663
-3.43867 1.82767 -2.16255
-3.45687 1.80049 -2.16094
-3.47469 1.77188 -2.12793
-3.49062 1.74456 -2.09864
-3.51278 1.71031 -2.14517
-3.53527 1.67768 -2.17407
-3.55493 1.65037 -2.19488
-3.57536 1.61958 -2.15652
-3.59738 1.58731 -2.16982
-3.61086 1.56588 -2.1319
-3.63081 1.53303 -2.11664
-3.65021 1.5029 -2.14289
-3.67288 1.46901 -2.16027
-3.69384 1.43546 -2.12939
-3.71677 1.39895 -2.13153
-3.73278 1.37367 -2.13522
-3.74845 1.35008 -2.1571
-3.75704 1.33758 -2.17272
-3.77578 1.31175 -2.19857
-3.78676 1.29833 -2.25672
-3.80597 1.2746 -2.25124
-3.82532 1.2514 -2.26589
-3.82884 1.24694 -2.23892
-3.83122 1.24392 -2.24028
-3.84224 1.23016 -2.24586
-3.85439 1.21431 -2.22498
-3.85801 1.20947 -2.21182
-3.8675 1.19617 -2.19068
-3.87683 1.18302 -2.18756
-3.8785 1.1805 -2.15717
-3.89118 1.1627 -2.18983
-3.91279 1.13362 -2.20977
-3.92824 1.11213 -2.19426
-3.94107 1.09288 -2.1586
-3.94517 1.08723 -2.19878
-3.95248 1.077 -2.19155
-3.96831 1.05599 -2.21648
-3.98341 1.03356 -2.1633
-3.98656 1.02734 -2.03958
-3.98836 1.02384 -2.04668
-3.99564 1.00852 -2.01396
-4.00126 0.996562 -2.01063
-4.0031 0.992837 -2.02851
-4.00481 0.989575 -2.05387
-4.00864 0.982317 -2.05607
-4.01571 0.969344 -2.06963
-4.02277 0.955332 -2.03768
-4.03056 0.940224 -2.04707
-4.04017 0.921966 -2.05534
-4.05183 0.900822 -2.07479
-4.06607 0.875308 -2.07973
-4.07845 0.853709 -2.09135
-4.09038 0.834383 -2.12382
-4.1009 0.815184 -2.07187
-4.10738 0.803631 -2.08235
-4.10978 0.799291 -2.07591
-4.1209 0.779087 -2.07401
-4.1354 0.75098 -2.04691
-4.14327 0.734888 -2.02548
-4.15298 0.714485 -2.01501
-4.16399 0.692848 -2.04158
-4.16861 0.684536 -2.07825
-4.17553 0.672587 -2.09584
-4.18538 0.654464 -2.06846
-4.19576 0.635897 -2.08086
-4.1994 0.629944 -2.11867
-4.20869 0.616039 -2.15987
-4.21001 0.613954 -2.13561
-4.2165 0.604023 -2.14946
-4.22551 0.590654 -2.16379
-4.23219 0.580702 -2.16213
-4.23776 0.572702 -2.17911
-4.24305 0.564999 -2.1729
-4.2495 0.555516 -2.16804
-4.25342 0.549517 -2.14917
-4.2567 0.543925 -2.10126
-4.26269 0.534256 -2.12541
-4.26385 0.532352 -2.11919
-4.26451 0.531342 -2.14687
-4.2708 0.521934 -2.16004
-4.27918 0.509466 -2.16291
-4.28481 0.501116 -2.1634
-4.28762 0.496901 -2.16003
-4.28949 0.494407 -2.21311
-4.29163 0.49158 -2.21879
-4.29188 0.491281 -2.26198
-4.29695 0.485607 -2.3008
-4.30606 0.476039 -2.33169
True
0.0667214
