4.47509 -0.00688409 -2.87199
4.43156 -0.0239686 -2.76758
4.40003 -0.0375288 -2.73544
4.35683 -0.0559108 -2.73931
4.32114 -0.0708042 -2.74624
4.27989 -0.0918998 -2.66888
4.23933 -0.116946 -2.58835
4.20008 -0.14756 -2.47919
4.16398 -0.182101 -2.3783
4.13098 -0.219664 -2.29153
4.1002 -0.255836 -2.27595
4.07806 -0.288468 -2.16682
4.04898 -0.328423 -2.20001
4.02962 -0.356108 -2.18098
4.00266 -0.398169 -2.14089
3.98544 -0.428492 -2.08703
3.961 -0.467463 -2.13096
3.93989 -0.505994 -2.07203
3.91875 -0.545476 -2.06241
3.90086 -0.582401 -2.02205
3.88118 -0.621393 -2.03813
3.85986 -0.664814 -2.02727
3.85135 -0.682637 -2.01627
3.84124 -0.705034 -1.99466
3.8263 -0.742758 -1.94795
3.80984 -0.779308 -1.99385
3.7984 -0.805144 -1.98782
3.78445 -0.838634 -1.96538
3.76696 -0.878365 -1.98553
3.75049 -0.914146 -2.00217
3.73216 -0.95704 -1.97455
3.7174 -0.994505 -1.9461
3.70004 -1.03719 -1.95714
3.68463 -1.07592 -1.94942
3.66454 -1.12168 -1.98453
3.64527 -1.16742 -1.96959
3.62478 -1.21294 -1.99377
3.60485 -1.25814 -1.98613
3.58523 -1.30158 -1.99491
3.56643 -1.3479 -1.95638
3.5532 -1.3833 -1.92849
3.54144 -1.41141 -1.96704
3.52986 -1.4416 -1.93702
3.51539 -1.48211 -1.91397
3.49877 -1.52889 -1.91203
3.48013 -1.57523 -1.95322
3.46595 -1.6086 -1.97252
3.44663 -1.65176 -1.99179
3.4275 -1.6899 -2.03577
3.40625 -1.73281 -2.0306
3.3856 -1.77701 -2.00788
3.36429 -1.81848 -2.04549
3.34104 -1.86253 -2.05639
3.31943 -1.90222 -2.06934
3.29542 -1.94321 -2.10082
3.27596 -1.975 -2.12006
3.252 -2.01496 -2.11089
3.22977 -2.04807 -2.16198
3.20615 -2.08012 -2.20597
3.17753 -2.12112 -2.18008
3.15687 -2.15062 -2.182
3.13049 -2.19309 -2.12645
3.10323 -2.235 -2.14767
3.07554 -2.27457 -2.18135
3.04892 -2.31153 -2.1949
3.03148 -2.33276 -2.25832
2.99895 -2.37073 -2.27923
2.96827 -2.41018 -2.23183
2.94549 -2.44041 -2.21673
2.91306 -2.47846 -2.27651
2.88094 -2.51663 -2.27019
2.86239 -2.53959 -2.25045
2.83712 -2.56691 -2.31743
2.81028 -2.59594 -2.31698
2.77769 -2.63364 -2.28355
2.75869 -2.65392 -2.32388
2.72461 -2.69041 -2.32184
2.68954 -2.72546 -2.35645
2.66577 -2.74992 -2.34214
2.64062 -2.77515 -2.3544
2.62088 -2.79544 -2.3426
2.60073 -2.81389 -2.40015
2.56811 -2.84426 -2.39198
2.53292 -2.87979 -2.35133
2.49635 -2.9138 -2.39238
2.46072 -2.94834 -2.37185
2.43223 -2.97472 -2.39458
2.3966 -3.00977 -2.36443
2.36022 -3.04241 -2.41027
2.3214 -3.07376 -2.46236
2.28437 -3.10209 -2.48849
2.24504 -3.13096 -2.50834
2.20855 -3.15617 -2.53706
2.17713 -3.17805 -2.5333
2.14134 -3.20422 -2.51027
2.10187 -3.23165 -2.53425
2.06755 -3.25842 -2.47911
2.02674 -3.28724 -2.52666
1.99408 -3.31052 -2.5224
1.95306 -3.33911 -2.53297
1.926 -3.35731 -2.54929
1.88636 -3.383 -2.56661
1.84865 -3.40602 -2.59362
1.80793 -3.42991 -2.61096
1.76394 -3.45367 -2.64626
1.7194 -3.4764 -2.66968
1.68246 -3.49474 -2.68094
1.64349 -3.51253 -2.7133
1.60076 -3.53198 -2.71447
1.55533 -3.55198 -2.72694
1.51034 -3.57141 -2.73372
1.46649 -3.58801 -2.77984
1.42569 -3.60426 -2.76254
1.37928 -3.62284 -2.76088
1.33771 -3.63927 -2.76518
1.30601 -3.65236 -2.74981
1.26429 -3.66896 -2.76285
1.23141 -3.68149 -2.77761
1.20981 -3.68872 -2.81875
1.16223 -3.70263 -2.85705
1.11505 -3.71915 -2.80487
1.0673 -3.73381 -2.84375
1.02345 -3.74588 -2.87281
0.975089 -3.75857 -2.88512
0.93068 -3.76831 -2.92564
0.881721 -3.77802 -2.94585
0.832529 -3.7867 -2.96694
0.784026 -3.79601 -2.95186
0.738556 -3.80363 -2.97562
0.689159 -3.81137 -2.98607
0.639474 -3.81686 -3.03164
0.601421 -3.81874 -3.09214
0.564242 -3.82051 -3.09418
0.515066 -3.82287 -3.09348
0.465813 -3.82545 -3.08942
0.429274 -3.82872 -3.05215
0.379706 -3.83319 -3.05182
0.329744 -3.83508 -3.10367
0.280503 -3.83776 -3.08721
0.230967 -3.84147 -3.06686
0.18101 -3.84347 -3.10156
0.139142 -3.84521 -3.10008
0.107671 -3.84604 -3.1152
0.0674881 -3.84724 -3.11165
0.0200047 -3.84729 -3.14059
-0.0278621 -3.8456 -3.177
-0.0710827 -3.84324 3.08714
-0.111744 -3.84282 3.13121
-0.150361 -3.8415 3.10748
-0.179376 -3.84108 3.12711
-0.221495 -3.84087 3.13654
-0.271361 -3.83855 3.09524
-0.320354 -3.83751 3.12024
-0.356645 -3.83552 3.08685
-0.40599 -3.83146 3.05955
-0.455175 -3.82716 3.05426
-0.492909 -3.82327 3.03908
-0.540914 -3.81731 3.01801
-0.590362 -3.80991 2.99296
-0.628889 -3.80399 2.98918
-0.678039 -3.79823 3.02503
-0.725582 -3.79105 2.99167
-0.774667 -3.78159 2.95128
-0.818783 -3.77169 2.92068
-0.862356 -3.76202 2.9232
-0.89984 -3.75359 2.9205
-0.945669 -3.74287 2.91171
-0.994173 -3.73078 2.89734
-1.041 -3.71974 2.91
-1.07784 -3.70876 2.85197
-1.1262 -3.69605 2.88466
-1.17315 -3.68273 2.86502
-1.22067 -3.6708 2.89572
-1.268 -3.65493 2.81817
-1.31604 -3.64109 2.86094
-1.3575 -3.62704 2.81493
-1.39786 -3.61225 2.79024
-1.4404 -3.59851 2.82925
-1.48282 -3.58539 2.84164
-1.50971 -3.57532 2.78313
-1.55504 -3.55984 2.81258
-1.59225 -3.54746 2.82056
-1.63531 -3.53187 2.79411
-1.68132 -3.51536 2.79704
-1.71699 -3.49948 2.72285
-1.75716 -3.48436 2.78145
-1.79089 -3.47168 2.78225
-1.83182 -3.45569 2.76904
-1.8766 -3.4344 2.69778
-1.92241 -3.41439 2.7298
-1.96811 -3.39411 2.72404
-2.01212 -3.37503 2.73231
-2.05724 -3.35458 2.71612
-2.10178 -3.33284 2.68752
-2.14593 -3.31312 2.72149
-2.18265 -3.29527 2.68927
-2.22646 -3.27733 2.75291
-2.27008 -3.25881 2.74
-2.30606 -3.24404 2.75212
-2.3454 -3.22728 2.73886
-2.38867 -3.20761 2.71503
-2.43251 -3.19003 2.76021
-2.47642 -3.17212 2.75417
-2.49912 -3.16293 2.75699
-2.53152 -3.14807 2.71157
-2.57482 -3.12939 2.73442
-2.61698 -3.11001 2.71056
-2.66142 -3.08728 2.66886
-2.70329 -3.06456 2.64444
-2.74067 -3.04314 2.62127
-2.7674 -3.02689 2.5952
-2.80779 -3.00112 2.5737
-2.84754 -2.97612 2.58022
-2.88206 -2.95448 2.58163
-2.92295 -2.92889 2.58236
-2.96033 -2.90458 2.56492
-2.99673 -2.88235 2.59352
-3.03767 -2.85942 2.63097
-3.07173 -2.83854 2.59176
-3.10452 -2.81801 2.5822
-3.1319 -2.80215 2.61631
-3.15944 -2.78698 2.63811
-3.188 -2.77006 2.60694
-3.22794 -2.74565 2.5929
-3.25878 -2.72573 2.56806
-3.29347 -2.70405 2.58308
-3.33439 -2.67584 2.53807
-3.36697 -2.6547 2.56596
-3.40567 -2.62919 2.55877
-3.44329 -2.60156 2.50814
-3.48275 -2.57353 2.52393
-3.51421 -2.54934 2.48615
-3.5523 -2.51887 2.46688
-3.57919 -2.4991 2.50754
-3.60575 -2.47964 2.50916
-3.63467 -2.4582 2.50386
-3.65684 -2.44253 2.52638
-3.68208 -2.42624 2.56837
-3.70361 -2.41125 2.5333
-3.73112 -2.39219 2.53569
-3.75547 -2.37534 2.53627
-3.77692 -2.36007 2.52307
-3.80109 -2.34372 2.54684
-3.81439 -2.3343 2.52512
-3.82387 -2.32771 2.53417
-3.83981 -2.31603 2.50938
-3.8545 -2.30557 2.52279
-3.85601 -2.30438 2.47329
-3.8641 -2.29834 2.50058
-3.86724 -2.29623 2.54794
-3.88616 -2.28305 2.53342
-3.90897 -2.26664 2.51783
-3.92295 -2.25594 2.48831
-3.92143 -2.25708 2.49501
-3.93252 -2.24851 2.48389
-3.93935 -2.24346 2.50386
-3.94794 -2.23768 2.54966
-3.96133 -2.2296 2.59844
-3.96907 -2.22516 2.62079
-3.97901 -2.21982 2.64847
-3.98182 -2.21829 2.64371
-3.98687 -2.21559 2.65132
-4.00239 -2.20729 2.65044
-4.01549 -2.20046 2.66117
-4.01717 -2.19966 2.69451
-4.03226 -2.19228 2.68646
-4.04598 -2.18539 2.67636
-4.05705 -2.18002 2.69011
-4.06726 -2.17527 2.70592
-4.07114 -2.17345 2.70342
-4.07501 -2.17172 2.72092
-4.09636 -2.16156 2.69764
-4.1024 -2.15853 2.67548
-4.10935 -2.15489 2.66014
-4.11426 -2.15232 2.65931
-4.1257 -2.14603 2.63839
-4.13056 -2.14336 2.6393
-4.14233 -2.13667 2.62503
-4.15095 -2.13154 2.60441
-4.16123 -2.12529 2.59557
-4.16948 -2.12036 2.60241
-4.17418 -2.11753 2.59965
-4.18266 -2.11192 2.55756
-4.18446 -2.11069 2.5443
-4.19556 -2.10328 2.55264
-4.21119 -2.09152 2.4964
-4.22051 -2.08329 2.41857
-4.22634 -2.07805 2.40986
-4.23983 -2.06555 2.39391
-4.24541 -2.0604 2.39655
-4.24512 -2.06067 2.38628
-4.24648 -2.05936 2.37172
-4.24726 -2.05862 2.38825
-4.25373 -2.0532 2.44447
True
0.0653367
