-5.48111 1.48308 -0.0222366
-5.44593 1.48264 -0.0126023
-5.39602 1.48244 -0.00403104
-5.3482 1.4809 -0.0321428
-5.30221 1.47789 -0.0653564
-5.26046 1.47539 -0.059927
-5.21089 1.47177 -0.072838
-5.16751 1.47088 -0.020368
-5.1197 1.46614 -0.098848
-5.07014 1.46058 -0.111822
-5.02475 1.45558 -0.109666
-4.97613 1.45259 -0.0613174
-4.92655 1.45171 -0.0178567
-4.87683 1.44949 -0.0445174
-4.83532 1.44839 -0.0265162
-4.78994 1.44698 -0.0310573
-4.75007 1.44746 0.0120241
-4.70551 1.4488 0.0299731
-4.65558 1.44934 0.0108438
-4.60742 1.44723 -0.0436923
-4.55967 1.44582 -0.0295511
-4.51029 1.44346 -0.0478255
-4.46097 1.44032 -0.0634835
-4.41721 1.43555 -0.10872
-4.36973 1.43116 -0.0921874
-4.32073 1.4267 -0.0907823
-4.28534 1.42335 -0.0944092
-4.24549 1.41977 -0.089563
-4.19619 1.4126 -0.144451
-4.15934 1.40646 -0.165097
-4.11543 1.39875 -0.17375
-4.07528 1.39254 -0.15355
-4.03122 1.38344 -0.203531
-3.99167 1.37462 -0.219586
-3.94475 1.36445 -0.213326
-3.89678 1.35376 -0.219264
-3.84894 1.34357 -0.209958
-3.80156 1.3351 -0.176774
-3.75235 1.32687 -0.165733
-3.70369 1.31864 -0.167555
-3.65445 1.311 -0.153986
-3.60528 1.30289 -0.163469
-3.5616 1.29668 -0.141264
-3.51291 1.29007 -0.13497
-3.46406 1.28199 -0.163866
-3.42154 1.27484 -0.166541
-3.37436 1.26733 -0.157956
-3.32498 1.25955 -0.156281
-3.27723 1.25243 -0.147929
-3.22927 1.24759 -0.100465
-3.1896 1.24334 -0.106768
-3.14013 1.23722 -0.123177
-3.09515 1.23329 -0.0870523
-3.04624 1.22889 -0.0898357
-2.99985 1.22266 -0.133438
-2.95066 1.21675 -0.119617
-2.90616 1.21109 -0.126378
-2.86656 1.2083 -0.0704229
-2.81794 1.20317 -0.105176
-2.76886 1.19767 -0.111619
-2.72529 1.19471 -0.0677804
-2.67675 1.19144 -0.0672799
-2.62704 1.18829 -0.0633072
-2.57837 1.18566 -0.0538796
-2.53165 1.18244 -0.0688375
-2.48384 1.18165 -0.0165281
-2.43498 1.18109 -0.0114148
-2.3868 1.17996 -0.0235604
-2.34221 1.17884 -0.024967
-2.30098 1.17657 -0.0552054
-2.25253 1.17335 -0.0662966
-2.20457 1.17039 -0.0616564
-2.16274 1.16737 -0.072076
-2.11307 1.16552 -0.0371122
-2.06347 1.16214 -0.0681074
-2.01634 1.15841 -0.0789109
-1.96753 1.15503 -0.0693076
-1.92099 1.15183 -0.0684928
-1.87453 1.14914 -0.0577836
-1.82491 1.14391 -0.105164
-1.78145 1.13967 -0.097255
-1.73847 1.13423 -0.125926
-1.69305 1.1279 -0.138322
-1.64478 1.1233 -0.0951696
-1.59815 1.12122 -0.0444753
-1.54833 1.11802 -0.0641189
-1.50715 1.11826 0.00586133
-1.45724 1.11635 -0.0383312
-1.40724 1.11627 -0.00150408
-1.35852 1.1161 -0.00349819
-1.31706 1.11632 0.00533875
-1.26708 1.11636 0.000768394
-1.21823 1.11381 -0.0521803
-1.17887 1.11298 -0.0210843
-1.13356 1.11157 -0.0311379
-1.08551 1.11087 -0.0146505
-1.05089 1.11028 -0.0169222
-1.01249 1.10835 -0.0502033
-0.979607 1.10525 -0.0939925
-0.938148 1.10114 -0.0987824
-0.897555 1.09744 -0.0910717
-0.848761 1.09157 -0.119611
-0.824998 1.08898 -0.108615
-0.785417 1.08285 -0.153699
-0.737807 1.07648 -0.13302
-0.692386 1.06907 -0.161613
-0.643863 1.06151 -0.154577
-0.595891 1.05282 -0.179209
-0.548234 1.0432 -0.199246
-0.502116 1.03488 -0.178455
-0.453131 1.02631 -0.173084
-0.404788 1.01458 -0.238156
-0.360581 1.00364 -0.242551
-0.311909 0.992878 -0.217626
-0.286313 0.987202 -0.218235
-0.238349 0.976617 -0.217212
-0.191073 0.962616 -0.287919
-0.149464 0.948857 -0.319344
-0.101628 0.934314 -0.295144
-0.0564838 0.917295 -0.360524
-0.0183612 0.899781 -0.430651
0.026019 0.879729 -0.424356
0.0724135 0.861139 -0.381105
0.117437 0.840866 -0.423089
0.162909 0.820512 -0.420868
0.203999 0.79999 -0.463207
0.243459 0.780168 -0.465512
0.28651 0.755284 -0.524091
0.328208 0.727693 -0.584536
0.367539 0.700719 -0.601157
0.407909 0.672089 -0.616867
0.44145 0.645854 -0.663776
0.472407 0.625122 -0.590101
0.504514 0.602373 -0.616428
0.543242 0.574025 -0.631859
0.573636 0.554675 -0.566948
0.609024 0.530981 -0.58999
0.641855 0.509327 -0.583061
0.658748 0.497777 -0.599715
0.699009 0.470259 -0.599563
0.739206 0.441914 -0.614167
0.780839 0.41424 -0.58665
0.822482 0.388636 -0.551279
0.860738 0.365106 -0.55141
0.904521 0.341863 -0.488034
0.948973 0.319516 -0.465819
0.995478 0.301293 -0.373471
1.03746 0.2828 -0.414937
1.08345 0.265655 -0.35686
1.13007 0.248972 -0.343626
1.17698 0.235952 -0.27072
1.22525 0.223065 -0.260917
1.2698 0.211469 -0.254611
1.31728 0.200642 -0.224241
1.36112 0.194605 -0.136837
1.4101 0.188512 -0.123766
1.45936 0.186291 -0.0450536
1.50707 0.184609 -0.0352417
1.54093 0.184501 -0.00318673
1.58752 0.181926 -0.0552059
1.627 0.181412 -0.0130281
1.67415 0.184588 0.0672603
1.72314 0.186825 0.0456381
1.76866 0.189824 0.0657749
1.81795 0.192024 0.0446032
1.86788 0.194701 0.0535579
1.91097 0.196673 0.0457433
1.95322 0.198095 0.0336466
2.00246 0.200566 0.0501303
2.05178 0.201761 0.024228
2.10081 0.203743 0.0404046
2.15072 0.206339 0.0519672
2.20018 0.208192 0.0374566
2.24583 0.210231 0.0446209
2.29347 0.210353 0.00255798
2.33775 0.210971 0.0139684
2.37559 0.211696 0.0191585
2.42551 0.214313 0.0523731
2.47245 0.215322 0.021498
2.52037 0.218096 0.0578145
2.56593 0.220706 0.0572322
2.61574 0.221359 0.0131
2.66559 0.22509 0.0746971
2.71191 0.227493 0.0518409
2.75134 0.229906 0.0611328
2.78816 0.233633 0.100847
2.82678 0.239188 0.142884
2.874 0.244914 0.120683
2.91471 0.247276 0.0579599
2.96407 0.249877 0.052638
3.00935 0.250009 0.00290863
3.05927 0.250521 0.0102661
3.10353 0.250646 0.00280738
3.14463 0.250257 -0.00945521
3.19263 0.249467 -0.0164531
3.23056 0.249878 0.0108311
3.27495 0.251471 0.0358831
3.32476 0.255343 0.0775703
3.37215 0.260075 0.0995078
3.41757 0.264438 0.0957649
3.46448 0.267129 0.0573101
3.50907 0.269336 0.0494541
3.53989 0.271201 0.0604297
3.58506 0.271169 -0.000710391
3.59971 0.270941 -0.0155231
3.63022 0.271003 0.0020094
3.67284 0.269877 -0.0263969
3.71508 0.266491 -0.080003
3.75551 0.262929 -0.0878681
3.78233 0.261124 -0.0672085
3.82418 0.259025 -0.0501247
3.8667 0.255046 -0.0932921
3.90552 0.252045 -0.0771572
3.94052 0.247471 -0.129955
3.96846 0.242934 -0.160969
4.00265 0.239293 -0.106096
4.03719 0.236861 -0.0703046
4.06963 0.234877 -0.0610814
4.08723 0.234241 -0.0361194
4.10267 0.233583 -0.0425743
4.13576 0.232569 -0.0306175
4.1442 0.231945 -0.0737813
4.16634 0.23029 -0.074627
4.18588 0.228922 -0.0698925
4.22233 0.225753 -0.086719
4.24173 0.224428 -0.0681794
4.25887 0.223559 -0.0506806
4.2742 0.222786 -0.0504109
4.30006 0.222686 -0.00386348
4.31101 0.222656 -0.00269252
4.34257 0.224193 0.0486516
4.36531 0.225577 0.0607783
4.40085 0.227321 0.0490188
4.43363 0.229206 0.057472
4.47245 0.232285 0.0791529
4.49939 0.235154 0.106064
4.54082 0.239777 0.111125
4.56404 0.242066 0.0982872
4.58906 0.24433 0.0901913
4.62441 0.247903 0.100739
4.64974 0.25103 0.122864
4.66499 0.253214 0.142233
4.6853 0.257055 0.186903
4.69549 0.259163 0.203951
4.71387 0.263071 0.209491
4.73668 0.267712 0.200775
4.76534 0.274227 0.223515
4.78361 0.278211 0.214628
4.8108 0.284356 0.222256
4.83671 0.290474 0.231886
4.85825 0.294948 0.204847
4.88349 0.299862 0.192308
4.90027 0.302168 0.13657
4.9276 0.305199 0.110423
4.94479 0.307203 0.116113
4.95621 0.308954 0.15207
4.97069 0.311294 0.160219
4.97767 0.312136 0.119994
4.98465 0.313006 0.124011
5.00134 0.315237 0.1329
5.01156 0.316506 0.123517
5.02213 0.317902 0.131326
5.03066 0.319043 0.13298
5.05665 0.323157 0.156955
5.06993 0.325617 0.183312
5.07586 0.326653 0.172808
5.09245 0.329745 0.184251
5.10057 0.331058 0.160398
5.11885 0.334057 0.162636
5.12698 0.335123 0.130336
5.13489 0.336264 0.143225
5.14651 0.338012 0.149304
5.1586 0.339975 0.160998
5.16474 0.341085 0.178743
5.17374 0.342589 0.16552
5.17904 0.343497 0.169731
5.2008 0.346574 0.140485
5.21456 0.348108 0.111035
True
0.0691789
