-5.47167 -0.779246 0.0593825
-5.43881 -0.775673 0.108305
-5.39815 -0.771389 0.10498
-5.35272 -0.766996 0.096394
-5.30796 -0.761546 0.121166
-5.26389 -0.756582 0.112177
-5.2143 -0.752274 0.0866473
-5.16484 -0.744961 0.146789
-5.11979 -0.738496 0.142533
-5.07041 -0.730654 0.157507
-5.02141 -0.722131 0.172218
-4.97447 -0.715663 0.136918
-4.9352 -0.709711 0.15042
-4.8858 -0.703806 0.118985
-4.85769 -0.700836 0.105237
-4.81724 -0.695989 0.119275
-4.77047 -0.692249 0.0798079
-4.72999 -0.68918 0.0756602
-4.68104 -0.686413 0.0564799
-4.63136 -0.681351 0.101521
-4.59866 -0.678371 0.0908964
-4.54905 -0.67236 0.120564
-4.51069 -0.668142 0.109532
-4.47999 -0.66369 0.143985
-4.43674 -0.658227 0.125647
-4.38767 -0.648944 0.186975
-4.34201 -0.639407 0.205935
-4.29472 -0.630552 0.185098
-4.25267 -0.621733 0.206711
-4.20432 -0.613318 0.172319
-4.16493 -0.607431 0.148358
-4.12065 -0.598732 0.193972
-4.07539 -0.587895 0.235063
-4.03547 -0.577693 0.250169
-3.98993 -0.56254 0.321234
-3.94504 -0.546124 0.35057
-3.89893 -0.529354 0.348804
-3.86051 -0.515296 0.350763
-3.81459 -0.495727 0.402881
-3.78476 -0.485045 0.343903
-3.74261 -0.468571 0.372524
-3.70423 -0.454359 0.354637
-3.66084 -0.435969 0.400903
-3.6139 -0.419486 0.337685
-3.57413 -0.405793 0.331588
-3.52763 -0.390954 0.308909
-3.48045 -0.374505 0.335509
-3.43573 -0.359253 0.328663
-3.3882 -0.344188 0.306925
-3.3465 -0.328576 0.358258
-3.30484 -0.312114 0.376293
-3.27147 -0.299025 0.373851
-3.22592 -0.279136 0.411699
-3.18006 -0.26044 0.38704
-3.14145 -0.245694 0.364891
-3.09795 -0.227292 0.40021
-3.05679 -0.210087 0.395929
-3.01082 -0.191192 0.389957
-2.9649 -0.171445 0.406107
-2.91866 -0.154166 0.357606
-2.88693 -0.142329 0.357136
-2.84043 -0.125599 0.345316
-2.81041 -0.115196 0.333621
-2.76537 -0.0985509 0.353965
-2.7269 -0.0840338 0.360844
-2.68038 -0.0661917 0.366222
-2.64177 -0.050217 0.392376
-2.61018 -0.0371705 0.391623
-2.56504 -0.0199756 0.363956
-2.51813 -0.00528792 0.303415
-2.4737 0.0104124 0.339688
-2.42607 0.0252142 0.301302
-2.37854 0.0406256 0.313527
-2.33103 0.0561607 0.316084
-2.28487 0.0727524 0.345001
-2.23799 0.0901417 0.35521
-2.19122 0.107812 0.361272
-2.14369 0.123274 0.314504
-2.10168 0.135303 0.278867
-2.05377 0.147701 0.253246
-2.00528 0.159686 0.24229
-1.95748 0.171189 0.236138
-1.91143 0.1802 0.193259
-1.86291 0.188457 0.168544
-1.81523 0.196917 0.175634
-1.76706 0.204179 0.149625
-1.71811 0.213803 0.19413
-1.66917 0.224025 0.205895
-1.62053 0.231073 0.143907
-1.57555 0.237984 0.152447
-1.52623 0.244355 0.128461
-1.47717 0.24951 0.104702
-1.43697 0.252423 0.0723316
-1.39295 0.25502 0.0589414
-1.34666 0.256153 0.0244637
-1.29867 0.257161 0.0210046
-1.2488 0.259673 0.0503255
-1.20074 0.26285 0.0659917
-1.15124 0.264325 0.0298022
-1.10131 0.265396 0.0214388
-1.0541 0.265074 -0.00680677
-1.02259 0.263639 -0.0455193
-0.977655 0.259936 -0.0822164
-0.92957 0.255405 -0.0939519
-0.881229 0.248833 -0.135131
-0.83197 0.241496 -0.147856
-0.785308 0.234293 -0.153168
-0.739428 0.22628 -0.17289
-0.696386 0.218353 -0.182147
-0.649536 0.208368 -0.209981
-0.600519 0.198532 -0.19803
-0.554367 0.190543 -0.17141
-0.505733 0.17895 -0.233989
-0.460478 0.168556 -0.225772
-0.415122 0.15695 -0.250505
-0.367256 0.145207 -0.240578
-0.319928 0.134411 -0.224271
-0.272645 0.122938 -0.238052
-0.227557 0.114543 -0.184096
-0.179308 0.102725 -0.240205
-0.132573 0.0917684 -0.230279
-0.0838165 0.0825931 -0.186009
-0.0390139 0.0713346 -0.246194
0.00467533 0.0599622 -0.25465
0.0389974 0.0505709 -0.267085
0.086175 0.0376269 -0.26778
0.133976 0.0236945 -0.283608
0.180534 0.0100346 -0.285389
0.225553 -0.000867478 -0.237593
0.273963 -0.0123266 -0.232431
0.319701 -0.0243756 -0.25758
0.36884 -0.0334739 -0.183083
0.417629 -0.0444105 -0.220515
0.456811 -0.0538979 -0.237565
0.505163 -0.0663347 -0.251756
0.549192 -0.0773727 -0.245636
0.595501 -0.089435 -0.25481
0.637925 -0.100107 -0.246439
0.685458 -0.113191 -0.268624
0.729382 -0.125946 -0.282609
0.766951 -0.137796 -0.305543
0.812704 -0.150399 -0.268792
0.860462 -0.163955 -0.276569
0.907697 -0.177248 -0.274324
0.951971 -0.189702 -0.274207
0.996475 -0.200242 -0.232553
1.0313 -0.20864 -0.236618
1.07845 -0.217699 -0.189851
1.12609 -0.226146 -0.175463
1.17553 -0.233189 -0.141499
1.21329 -0.239679 -0.170223
1.25799 -0.245503 -0.12956
1.30461 -0.250345 -0.103477
1.34162 -0.254427 -0.109866
1.39044 -0.257423 -0.0612838
1.43886 -0.261377 -0.081485
1.48808 -0.264868 -0.0708046
1.5373 -0.266781 -0.0388434
1.58712 -0.268984 -0.0441948
1.63071 -0.271525 -0.0582385
1.67868 -0.275912 -0.0911801
1.72497 -0.278469 -0.0551939
1.77478 -0.280403 -0.0388125
1.82453 -0.284632 -0.0848078
1.87424 -0.286369 -0.0349237
1.91568 -0.286661 -0.00703639
1.9648 -0.285914 0.0151939
2.01471 -0.283077 0.0568031
2.06403 -0.279968 0.0629346
2.10297 -0.274275 0.1452
2.15181 -0.267767 0.132443
2.19209 -0.262267 0.135745
2.2418 -0.257213 0.101311
2.29169 -0.254127 0.0617777
2.34152 -0.249958 0.0834837
2.39043 -0.246355 0.0735235
2.44034 -0.243677 0.0536118
2.48319 -0.240674 0.06995
2.5323 -0.236975 0.0751906
2.58207 -0.232259 0.0944571
2.62345 -0.229871 0.0576479
2.66568 -0.22546 0.104075
2.7099 -0.218491 0.156325
2.75817 -0.212047 0.132724
2.80464 -0.207786 0.0914149
2.85356 -0.202768 0.102221
2.89739 -0.20001 0.0628348
2.93943 -0.194616 0.127616
2.98561 -0.188871 0.123783
3.02619 -0.184192 0.114798
3.07396 -0.17612 0.167394
3.10752 -0.170093 0.177708
3.15627 -0.162113 0.162254
3.20359 -0.155309 0.142804
3.24459 -0.149059 0.151254
3.28762 -0.142687 0.147049
3.33632 -0.136798 0.120318
3.38113 -0.133899 0.0646111
3.42021 -0.1332 0.0178818
3.46328 -0.130895 0.0534845
3.49644 -0.129325 0.0473031
3.52863 -0.127816 0.04684
3.57233 -0.125193 0.0599434
3.61586 -0.121261 0.0900932
3.65132 -0.117335 0.110282
3.69603 -0.110691 0.147497
3.73761 -0.10468 0.1436
3.76485 -0.0999683 0.171209
3.79126 -0.0954152 0.170728
3.82932 -0.0885252 0.179108
3.86121 -0.0815133 0.216418
3.90839 -0.0693026 0.253278
3.93222 -0.0631391 0.253033
3.95473 -0.0564472 0.289047
3.97737 -0.0497318 0.288361
3.99223 -0.0449154 0.313333
4.019 -0.0365389 0.303286
4.04698 -0.0296424 0.241675
4.07474 -0.0240062 0.200276
4.1073 -0.0180543 0.180818
4.13242 -0.0145345 0.139233
4.17921 -0.00831011 0.132232
4.21941 -0.00204223 0.154684
4.25152 0.00388224 0.182472
4.28317 0.0103439 0.201376
4.3157 0.0177473 0.223794
4.34698 0.0245281 0.21348
4.36151 0.026957 0.165536
4.38273 0.0304755 0.164358
4.3967 0.0326311 0.153029
4.41603 0.0353729 0.140956
4.44147 0.0385993 0.126145
4.48656 0.0439275 0.117616
4.51622 0.0471771 0.109121
4.55073 0.0509863 0.109953
4.58167 0.0536613 0.086233
4.61061 0.0569351 0.112636
4.62257 0.0582365 0.108393
4.64081 0.0602657 0.110831
4.6613 0.0629889 0.132069
4.67693 0.0642577 0.0810496
4.69703 0.0663655 0.104474
4.72353 0.069554 0.119726
4.75514 0.0746056 0.15847
4.77298 0.0767444 0.119329
4.79077 0.0786517 0.106831
4.80517 0.0795035 0.0590772
4.81946 0.0812641 0.122546
4.83767 0.0838318 0.140105
4.84491 0.0847351 0.124077
4.85869 0.0861451 0.101969
4.86702 0.0869069 0.091174
4.87758 0.0877377 0.0785604
4.89524 0.089252 0.0855382
4.9133 0.0903204 0.0590748
4.92487 0.090773 0.0391109
4.93682 0.0909724 0.0166764
4.9492 0.0914446 0.0381236
4.96343 0.0913815 -0.00443366
4.96769 0.0915376 0.036607
4.97339 0.0916454 0.0189239
4.98451 0.0915174 -0.0114986
4.98883 0.0915215 0.000943036
5.00438 0.0915827 0.00393462
5.0056 0.091613 0.0249793
5.02356 0.0920508 0.0243638
5.03463 0.0927454 0.0626953
5.04043 0.0930317 0.0493414
5.04951 0.0936295 0.0657091
5.07944 0.0954546 0.060902
5.1009 0.0974254 0.091564
5.12781 0.0989813 0.0577706
5.14785 0.0993907 0.0204177
5.16432 0.0999764 0.0355595
5.16833 0.100043 0.0165703
5.19128 0.100644 0.0261846
5.20101 0.100704 0.00620212
True
0.263391
