-5.47297 -0.00730165 0.168197
-5.4504 -0.00303272 0.186881
-5.40456 0.00440691 0.160889
-5.36176 0.0129879 0.197906
-5.31365 0.0210868 0.166754
-5.26672 0.0302288 0.192384
-5.21722 0.0372861 0.141635
-5.1719 0.0431792 0.129293
-5.12283 0.0483347 0.104688
-5.07638 0.053474 0.110202
-5.03608 0.0596786 0.152732
-4.988 0.0659318 0.129351
-4.93855 0.0719163 0.120422
-4.89117 0.0774245 0.115745
-4.84709 0.0843178 0.155118
-4.80626 0.0914343 0.172578
-4.7622 0.0983896 0.156559
-4.7209 0.103888 0.132355
-4.6715 0.108359 0.0902451
-4.62314 0.113377 0.103405
-4.57376 0.121173 0.156573
-4.52509 0.126017 0.0992049
-4.47612 0.132109 0.123766
-4.43135 0.13865 0.145064
-4.38613 0.145376 0.147669
-4.34421 0.153805 0.19842
-4.29569 0.165191 0.230529
-4.24673 0.173517 0.16844
-4.19877 0.183765 0.210495
-4.15151 0.193573 0.204616
-4.1062 0.201834 0.18035
-4.06566 0.209359 0.183548
-4.01616 0.216159 0.136529
-3.97241 0.223738 0.171525
-3.92393 0.23099 0.148489
-3.87455 0.238622 0.153324
-3.82513 0.246188 0.151937
-3.77557 0.252116 0.119037
-3.72864 0.258694 0.139261
-3.68737 0.263008 0.104134
-3.63758 0.267392 0.0878173
-3.58786 0.272129 0.0950001
-3.5406 0.277962 0.122811
-3.49243 0.282505 0.0940343
-3.44288 0.289176 0.133812
-3.39792 0.294172 0.110661
-3.3518 0.299124 0.10697
-3.30581 0.302997 0.0840259
-3.25613 0.306926 0.0789177
-3.20732 0.310307 0.0691477
-3.15791 0.31398 0.074215
-3.11372 0.318968 0.112394
-3.06392 0.323275 0.0862828
-3.0195 0.326483 0.072096
-2.96969 0.330244 0.075348
-2.92249 0.334147 0.0825193
-2.88191 0.337023 0.0707537
-2.83216 0.341691 0.0935394
-2.78704 0.345375 0.0814668
-2.74119 0.348404 0.0659685
-2.69733 0.350437 0.0463338
-2.64838 0.35191 0.0300698
-2.60211 0.355379 0.0748476
-2.55431 0.356564 0.0247926
-2.50518 0.358489 0.0391634
-2.45526 0.360062 0.0314875
-2.40591 0.364206 0.0837906
-2.36443 0.369103 0.117506
-2.31507 0.375297 0.124852
-2.27962 0.380544 0.146924
-2.23243 0.389255 0.18255
-2.18393 0.398079 0.179938
-2.13487 0.404555 0.131238
-2.08719 0.410614 0.126431
-2.03803 0.417715 0.143441
-1.99221 0.426681 0.19325
-1.95147 0.433941 0.176343
-1.90455 0.441855 0.167096
-1.85795 0.449474 0.162051
-1.80954 0.457507 0.164462
-1.76026 0.46581 0.166895
-1.71779 0.470666 0.113853
-1.66995 0.479592 0.18446
-1.62071 0.488067 0.170441
-1.57143 0.495593 0.151557
-1.52429 0.504005 0.176575
-1.48054 0.51143 0.168086
-1.43153 0.520198 0.177033
-1.38286 0.529229 0.183508
-1.33726 0.539236 0.216022
-1.29642 0.5474 0.197304
-1.25786 0.553262 0.15086
-1.22115 0.557345 0.110769
-1.17267 0.562207 0.0999592
-1.12421 0.56705 0.0995856
-1.08177 0.572768 0.133955
-1.03715 0.578025 0.117264
-0.991591 0.584885 0.149457
-0.946566 0.589912 0.111198
-0.897322 0.5944 0.0908753
-0.85768 0.598886 0.112695
-0.811761 0.605722 0.147784
-0.768357 0.611475 0.131769
-0.719355 0.616693 0.106086
-0.673312 0.618861 0.047045
-0.62961 0.621019 0.0493451
-0.580718 0.622702 0.0344081
-0.533747 0.624031 0.0282939
-0.491313 0.625084 0.0248007
-0.450984 0.625637 0.0137074
-0.4018 0.62624 0.0122649
-0.351836 0.625748 -0.00984404
-0.302694 0.625937 0.00383736
-0.254006 0.623841 -0.0430072
-0.204144 0.623278 -0.0113043
-0.158954 0.624256 0.0216473
-0.109428 0.625303 0.0211386
-0.0707607 0.627869 0.0662645
-0.0213093 0.630841 0.0600217
0.0234234 0.633742 0.0647646
0.0730991 0.636264 0.0507282
0.121315 0.637321 0.0219147
0.1707 0.640266 0.0595573
0.202046 0.643035 0.0881147
0.251912 0.64611 0.0615934
0.301205 0.651583 0.110581
0.350313 0.655386 0.0772897
0.397471 0.657264 0.0397916
0.439173 0.658404 0.0273344
0.482507 0.663338 0.113382
0.530511 0.667366 0.083696
0.565598 0.671325 0.112377
0.61454 0.676956 0.11454
0.663763 0.682217 0.106474
0.713665 0.685268 0.0610655
0.760821 0.688565 0.0698121
0.808316 0.689669 0.0232368
0.854242 0.692039 0.0515648
0.898461 0.694005 0.0444289
0.946482 0.697839 0.0796672
0.993552 0.702016 0.0885138
1.04248 0.707233 0.106233
1.08724 0.713641 0.142163
1.13637 0.719137 0.111415
1.18594 0.724674 0.111226
1.23328 0.730991 0.132668
1.28079 0.736631 0.118174
1.32931 0.744957 0.169913
1.37716 0.752333 0.152947
1.4267 0.759075 0.135269
1.47145 0.761513 0.0544223
1.51921 0.76524 0.0778755
1.5685 0.769235 0.080878
1.61797 0.772959 0.0751407
1.66749 0.776931 0.0800514
1.69996 0.77838 0.044586
1.74549 0.780788 0.0528371
1.79438 0.783404 0.0534484
1.84036 0.786805 0.0738408
1.88215 0.790802 0.0953431
1.9189 0.792811 0.0546232
1.9619 0.793707 0.0208256
2.01179 0.794488 0.015665
2.06116 0.79785 0.067977
2.10942 0.800664 0.0582529
2.15921 0.803164 0.0501775
2.2092 0.803965 0.0160194
2.239 0.805291 0.0444553
2.28484 0.805703 0.00898427
2.33477 0.807774 0.0414687
2.38385 0.80831 0.010914
2.43354 0.810597 0.0459862
2.47728 0.813852 0.0742946
2.52433 0.81848 0.0980489
2.57398 0.823428 0.0993396
2.62077 0.827238 0.0812239
2.66954 0.831802 0.0933149
2.71189 0.83797 0.144648
2.746 0.843418 0.158378
2.79274 0.849189 0.122842
2.8392 0.852645 0.0742583
2.88897 0.855227 0.0518285
2.93654 0.858148 0.0613396
2.97776 0.861093 0.0713217
3.02693 0.867806 0.135665
3.07354 0.873451 0.120531
3.11744 0.881103 0.172568
3.1669 0.887825 0.13509
3.2103 0.895737 0.180334
3.25895 0.902156 0.131187
3.30546 0.909865 0.164242
3.34584 0.916986 0.174532
3.39467 0.927361 0.209361
3.42943 0.93169 0.123937
3.47811 0.940544 0.179913
3.51516 0.947494 0.185401
3.55686 0.955874 0.198358
3.59709 0.964429 0.209488
3.61703 0.968871 0.21926
3.64106 0.975437 0.266673
3.68077 0.98543 0.246546
3.72803 0.997582 0.25168
3.76284 1.0064 0.248004
3.80465 1.0158 0.221324
3.85371 1.02484 0.182139
3.8825 1.03229 0.253304
3.90795 1.03842 0.236274
3.92809 1.04353 0.248366
3.95604 1.05021 0.234668
3.98602 1.05531 0.168459
4.02846 1.06292 0.177366
4.06585 1.06967 0.178675
4.11291 1.07909 0.197542
4.15872 1.08915 0.216285
4.20549 1.10093 0.246744
4.24263 1.11038 0.248947
4.26271 1.11534 0.242335
4.2994 1.12529 0.26479
4.33654 1.13644 0.291583
4.35227 1.14153 0.313066
4.37216 1.1483 0.328024
4.4086 1.16044 0.321622
4.44289 1.17079 0.29325
4.4832 1.18289 0.291533
4.50731 1.19046 0.304181
4.54062 1.20044 0.291177
4.57412 1.2087 0.241711
4.60116 1.21533 0.240408
4.63879 1.22427 0.233259
4.6747 1.234 0.264642
4.71565 1.24606 0.286567
4.75265 1.25638 0.271815
4.79463 1.27029 0.320099
4.83553 1.2847 0.338572
4.86992 1.29723 0.34948
4.89305 1.30476 0.314605
4.91994 1.3139 0.327867
4.9364 1.31937 0.320571
4.95235 1.32465 0.320076
4.97785 1.33431 0.362021
4.99757 1.34222 0.381349
5.01753 1.35005 0.374054
5.02486 1.35316 0.40096
5.03402 1.35695 0.392251
5.03816 1.35862 0.383261
5.04262 1.36036 0.371111
5.04934 1.36291 0.363293
5.06432 1.36899 0.385605
5.07947 1.37475 0.363085
5.09007 1.37876 0.362034
5.11334 1.38787 0.373023
5.12566 1.39315 0.404714
5.13338 1.39658 0.418606
5.15007 1.40421 0.42841
5.16706 1.41117 0.389302
5.18008 1.41643 0.383785
5.18291 1.41752 0.36779
5.1882 1.41936 0.334452
5.19597 1.42128 0.242429
5.20847 1.42394 0.209642
True
0.0684986
