-5.46817 0.738278 -0.25258
-5.43397 0.730096 -0.234855
-5.38932 0.719895 -0.224611
-5.34845 0.70967 -0.245146
-5.30651 0.698295 -0.264828
-5.26127 0.68683 -0.248244
-5.21801 0.675463 -0.256954
-5.1764 0.66573 -0.229754
-5.13007 0.656219 -0.202485
-5.08163 0.647433 -0.179411
-5.03239 0.639437 -0.160987
-4.98378 0.631695 -0.157935
-4.93985 0.624115 -0.170859
-4.89111 0.614879 -0.187308
-4.84395 0.606311 -0.179682
-4.79499 0.599074 -0.146751
-4.74565 0.591941 -0.143589
-4.69971 0.586125 -0.125934
-4.6544 0.580421 -0.125218
-4.60804 0.573754 -0.142835
-4.57012 0.570272 -0.0915715
-4.52102 0.567058 -0.065355
-4.47199 0.561401 -0.114896
-4.43632 0.558408 -0.0837033
-4.39127 0.554578 -0.0848142
-4.34435 0.550984 -0.0764329
-4.29478 0.544859 -0.122972
-4.24616 0.537764 -0.144868
-4.20531 0.531249 -0.158196
-4.15711 0.525199 -0.124845
-4.10848 0.516676 -0.173513
-4.07506 0.510986 -0.168634
-4.0261 0.501659 -0.188231
-3.97834 0.492024 -0.199094
-3.93625 0.483413 -0.201793
-3.89564 0.473807 -0.232252
-3.84728 0.461885 -0.2417
-3.80228 0.446424 -0.330963
-3.76139 0.432656 -0.324745
-3.71349 0.418654 -0.284414
-3.67066 0.406427 -0.278081
-3.62253 0.392867 -0.274645
-3.5741 0.381242 -0.235585
-3.53377 0.372215 -0.220208
-3.48765 0.361046 -0.237578
-3.44006 0.352306 -0.181604
-3.39156 0.343825 -0.173137
-3.3554 0.337981 -0.160243
-3.30587 0.332199 -0.116194
-3.25646 0.326929 -0.106254
-3.20799 0.318206 -0.178078
-3.15952 0.309991 -0.167892
-3.11042 0.30066 -0.187807
-3.06186 0.289983 -0.216412
-3.01518 0.280002 -0.210646
-2.96674 0.268872 -0.225837
-2.91798 0.258003 -0.21934
-2.87331 0.248237 -0.2152
-2.82433 0.238974 -0.186933
-2.77595 0.227047 -0.241686
-2.7294 0.216517 -0.222471
-2.68372 0.206366 -0.218674
-2.63574 0.192286 -0.285452
-2.59744 0.180655 -0.294832
-2.55177 0.168128 -0.267726
-2.50422 0.153072 -0.306617
-2.46178 0.140715 -0.283355
-2.41373 0.126931 -0.279347
-2.36737 0.114752 -0.256916
-2.32736 0.105435 -0.22878
-2.28226 0.0942393 -0.243327
-2.2343 0.0809184 -0.270948
-2.18598 0.0691314 -0.239256
-2.14065 0.0576407 -0.248219
-2.09426 0.0428554 -0.308582
-2.04696 0.0274524 -0.314804
-2.00175 0.0128607 -0.312227
-1.95427 -0.00258287 -0.314447
-1.90704 -0.0164063 -0.284735
-1.86123 -0.0299753 -0.287944
-1.81993 -0.0415981 -0.274367
-1.7729 -0.0540062 -0.257917
-1.72455 -0.065957 -0.242346
-1.67596 -0.0762427 -0.208588
-1.62649 -0.083489 -0.145445
-1.5774 -0.0926395 -0.184295
-1.53007 -0.1019 -0.193209
-1.48461 -0.10977 -0.17144
-1.44201 -0.117169 -0.171949
-1.39595 -0.12816 -0.234242
-1.35675 -0.137038 -0.222727
-1.31244 -0.147706 -0.236246
-1.26506 -0.157723 -0.208373
-1.21881 -0.168093 -0.220546
-1.16977 -0.17646 -0.168978
-1.12052 -0.184284 -0.15757
-1.07873 -0.190542 -0.148625
-1.03834 -0.198857 -0.20303
-0.990563 -0.208744 -0.20408
-0.942389 -0.217969 -0.189198
-0.893716 -0.22796 -0.202448
-0.844702 -0.237692 -0.19601
-0.795924 -0.246892 -0.186413
-0.752355 -0.255464 -0.194266
-0.703935 -0.267089 -0.235627
-0.6611 -0.276808 -0.22312
-0.618699 -0.287116 -0.238485
-0.579672 -0.29545 -0.210375
-0.541655 -0.302847 -0.192187
-0.499513 -0.313391 -0.245156
-0.450668 -0.324001 -0.213894
-0.40222 -0.336118 -0.245088
-0.37335 -0.343687 -0.256393
-0.325568 -0.355516 -0.242679
-0.281953 -0.365453 -0.224019
-0.247416 -0.374377 -0.252843
-0.201861 -0.384793 -0.224792
-0.153949 -0.396751 -0.244581
-0.115681 -0.407595 -0.276129
-0.0691322 -0.423332 -0.326024
-0.0228065 -0.440564 -0.356102
0.0189716 -0.455356 -0.340305
0.0666452 -0.469778 -0.293757
0.104014 -0.483682 -0.356202
0.150994 -0.49969 -0.328411
0.191819 -0.510804 -0.265779
0.237314 -0.52378 -0.277839
0.284231 -0.539911 -0.331165
0.331585 -0.553762 -0.284549
0.379408 -0.568316 -0.295425
0.424441 -0.582719 -0.309566
0.457213 -0.592726 -0.296343
0.503386 -0.606261 -0.285165
0.543115 -0.616288 -0.247204
0.590079 -0.62929 -0.270088
0.635736 -0.64511 -0.33356
0.682299 -0.658306 -0.276147
0.730874 -0.670085 -0.2379
0.774051 -0.6816 -0.260625
0.819002 -0.690147 -0.187899
0.868379 -0.697839 -0.154542
0.918009 -0.703382 -0.111232
0.967363 -0.711257 -0.158222
1.01473 -0.718861 -0.159181
1.06252 -0.726724 -0.16307
1.11115 -0.735198 -0.172505
1.16059 -0.742668 -0.149972
1.20251 -0.750642 -0.187999
1.24361 -0.756755 -0.14763
1.2926 -0.765031 -0.167356
1.33647 -0.771657 -0.149915
1.38461 -0.777118 -0.112963
1.4283 -0.781138 -0.0917298
1.46887 -0.785043 -0.0959571
1.5126 -0.788413 -0.07691
1.55257 -0.791489 -0.0768181
1.60084 -0.795618 -0.0853411
1.65012 -0.801184 -0.112463
1.69684 -0.808398 -0.153192
1.74258 -0.815403 -0.151967
1.79033 -0.824529 -0.188831
1.82064 -0.8299 -0.175377
1.86492 -0.839145 -0.205883
1.9133 -0.851245 -0.245068
1.95788 -0.862155 -0.239987
2.00461 -0.873503 -0.238232
2.04684 -0.885023 -0.266308
2.08477 -0.892874 -0.204114
2.13299 -0.906076 -0.267225
2.1814 -0.915751 -0.197269
2.22625 -0.924623 -0.195289
2.27316 -0.93418 -0.200979
2.32174 -0.943892 -0.197309
2.36347 -0.951988 -0.191632
2.40533 -0.962301 -0.241585
2.45326 -0.974583 -0.250825
2.5009 -0.987223 -0.259364
2.5488 -0.998908 -0.239255
2.58387 -1.0088 -0.275036
2.62363 -1.01882 -0.246762
2.66633 -1.03007 -0.257692
2.70519 -1.03979 -0.245126
2.75289 -1.05469 -0.302718
2.80106 -1.06534 -0.21748
2.84776 -1.07341 -0.171192
2.89456 -1.08183 -0.178038
2.93597 -1.08992 -0.192865
2.98407 -1.09744 -0.155182
3.0324 -1.10777 -0.210468
3.08168 -1.11618 -0.169105
3.11838 -1.12155 -0.145217
3.16801 -1.12722 -0.113715
3.2129 -1.13305 -0.129207
3.26172 -1.13886 -0.11852
3.3093 -1.14499 -0.128094
3.35816 -1.15162 -0.134954
3.38509 -1.15595 -0.159296
3.42397 -1.1624 -0.164357
3.46995 -1.17135 -0.19217
3.51847 -1.18141 -0.204419
3.56361 -1.19222 -0.235143
3.5982 -1.19809 -0.167997
3.6252 -1.20164 -0.130862
3.65277 -1.2071 -0.19554
3.69929 -1.21663 -0.202106
3.73187 -1.22282 -0.187757
3.77106 -1.22963 -0.171939
3.79583 -1.23464 -0.199734
3.83026 -1.24304 -0.239146
3.86449 -1.25124 -0.23533
3.90593 -1.26045 -0.218499
3.93014 -1.26578 -0.217025
3.96248 -1.27215 -0.194243
3.99954 -1.27769 -0.14864
4.0345 -1.28205 -0.123974
4.06544 -1.28592 -0.124363
4.10733 -1.29037 -0.105743
4.14758 -1.29305 -0.0665238
4.17891 -1.29601 -0.0942933
4.18779 -1.297 -0.111521
4.20176 -1.299 -0.141915
4.22428 -1.30158 -0.114204
4.25061 -1.30559 -0.151004
4.28695 -1.31339 -0.211389
4.31316 -1.32082 -0.276183
4.33291 -1.32713 -0.309197
4.3402 -1.32951 -0.315337
4.35098 -1.33244 -0.265521
4.37417 -1.33888 -0.271028
4.38362 -1.34188 -0.307765
4.39693 -1.34601 -0.300715
4.40732 -1.3495 -0.323989
4.41837 -1.3534 -0.338993
4.43642 -1.35878 -0.290035
4.46556 -1.36749 -0.290363
4.49648 -1.37532 -0.247948
4.52308 -1.38358 -0.301217
4.54306 -1.39028 -0.323301
4.56256 -1.397 -0.332011
4.58707 -1.40506 -0.317535
4.58954 -1.40603 -0.37653
4.59487 -1.40867 -0.460226
4.61987 -1.41965 -0.413687
4.64377 -1.43072 -0.433885
4.6509 -1.43391 -0.420262
4.66413 -1.44049 -0.461833
4.68627 -1.45114 -0.448043
4.71226 -1.46352 -0.444676
4.74488 -1.47888 -0.44019
4.76386 -1.4879 -0.443631
4.79272 -1.50182 -0.449378
4.82483 -1.51549 -0.402451
4.84066 -1.52227 -0.404638
4.85468 -1.52781 -0.376273
4.86159 -1.53041 -0.36033
4.87322 -1.53452 -0.339714
4.88624 -1.53866 -0.307438
4.89535 -1.54123 -0.275591
4.9096 -1.54464 -0.234454
4.92521 -1.54844 -0.23885
4.93599 -1.55107 -0.239718
4.9442 -1.55299 -0.22992
4.95582 -1.55523 -0.189807
4.96528 -1.55703 -0.188815
4.97234 -1.55819 -0.162382
4.98719 -1.56024 -0.136946
5.00803 -1.56364 -0.161824
5.01934 -1.56523 -0.139347
5.026 -1.56622 -0.147925
5.04426 -1.56909 -0.156115
5.05494 -1.57097 -0.174283
5.06381 -1.57246 -0.165964
5.07834 -1.57412 -0.113963
5.09097 -1.57526 -0.0896452
5.10205 -1.57688 -0.145658
5.10386 -1.57714 -0.141255
5.11443 -1.57858 -0.135375
5.12058 -1.57951 -0.149528
5.13159 -1.58138 -0.168547
5.14391 -1.58383 -0.19654
5.15472 -1.58577 -0.177252
5.17216 -1.58859 -0.160222
5.19191 -1.59188 -0.165174
5.19861 -1.5931 -0.179505
5.20539 -1.59408 -0.14446
5.2066 -1.59435 -0.221107
5.21392 -1.59656 -0.293028
True
0.065883
