-5.47667 1.58421 -0.0967342
-5.42825 1.57672 -0.153467
-5.39232 1.5712 -0.152425
-5.35812 1.56454 -0.19238
-5.30975 1.55674 -0.159861
-5.26208 1.54793 -0.182684
-5.21613 1.54032 -0.164179
-5.17451 1.53137 -0.211886
-5.12566 1.52214 -0.186643
-5.07779 1.51532 -0.141467
-5.02805 1.51028 -0.10104
-4.98073 1.50411 -0.129641
-4.93304 1.49673 -0.153595
-4.88526 1.4882 -0.176597
-4.83619 1.47977 -0.170185
-4.78841 1.4707 -0.187557
-4.74417 1.46249 -0.1835
-4.70536 1.45717 -0.136323
-4.65598 1.44956 -0.15284
-4.60772 1.44263 -0.142579
-4.56432 1.43603 -0.150953
-4.51505 1.42942 -0.133337
-4.46564 1.42454 -0.0985192
-4.42271 1.42002 -0.104839
-4.38042 1.4159 -0.0972095
-4.332 1.41256 -0.0688043
-4.28204 1.41128 -0.025727
-4.23972 1.40908 -0.0519439
-4.20113 1.40831 -0.0197598
-4.15485 1.4062 -0.0456895
-4.10724 1.40179 -0.0923852
-4.05947 1.3976 -0.0874078
-4.01991 1.39343 -0.105081
-3.97036 1.38916 -0.0859212
-3.92302 1.38665 -0.0529768
-3.8759 1.38163 -0.106213
-3.83008 1.37686 -0.103647
-3.78399 1.37301 -0.0833645
-3.73533 1.3681 -0.100417
-3.68995 1.36236 -0.125823
-3.64082 1.35585 -0.131813
-3.59099 1.35176 -0.0820089
-3.54245 1.34821 -0.0728225
-3.49268 1.34423 -0.0798346
-3.44307 1.34157 -0.0535955
-3.3935 1.34049 -0.0217153
-3.34617 1.33891 -0.0335215
-3.29772 1.3377 -0.02486
-3.25218 1.33664 -0.0233911
-3.2026 1.33558 -0.0214152
-3.15938 1.33683 0.0291268
-3.11481 1.33847 0.0367761
-3.06486 1.34011 0.0328135
-3.01579 1.34329 0.064666
-2.96692 1.34683 0.072273
-2.9193 1.34881 0.0415218
-2.87148 1.34569 -0.0651968
-2.82241 1.34129 -0.0893877
-2.77535 1.33364 -0.161098
-2.72855 1.32811 -0.117729
-2.68638 1.32243 -0.13372
-2.63896 1.3166 -0.122282
-2.59141 1.30954 -0.14747
-2.54256 1.30105 -0.172057
-2.50178 1.29518 -0.143023
-2.4543 1.28772 -0.155939
-2.41921 1.28273 -0.141161
-2.37021 1.27613 -0.133888
-2.3276 1.26832 -0.181364
-2.27808 1.26192 -0.128395
-2.22927 1.25496 -0.141769
-2.17979 1.24876 -0.124633
-2.13116 1.24547 -0.0674446
-2.08481 1.24223 -0.0697679
-2.03614 1.24013 -0.0432716
-1.99436 1.2395 -0.0150345
-1.94475 1.23965 0.00310606
-1.8949 1.2412 0.0310481
-1.84515 1.24182 0.0124315
-1.80223 1.24153 -0.00682762
-1.75906 1.2418 0.00645412
-1.70955 1.2425 0.0140716
-1.67359 1.24037 -0.0592822
-1.6304 1.23685 -0.0812693
-1.58215 1.23196 -0.100998
-1.53397 1.22694 -0.103737
-1.48419 1.22225 -0.0940557
-1.43453 1.21854 -0.0744861
-1.3852 1.21068 -0.158028
-1.33592 1.20302 -0.154191
-1.29128 1.19709 -0.132052
-1.24229 1.18902 -0.163168
-1.19555 1.18221 -0.14473
-1.15071 1.17634 -0.130265
-1.10389 1.16957 -0.143493
-1.06024 1.164 -0.127066
-1.01268 1.15629 -0.160758
-0.980828 1.15166 -0.144225
-0.935224 1.146 -0.123543
-0.889632 1.14046 -0.120906
-0.841981 1.1328 -0.159223
-0.795336 1.12438 -0.178696
-0.746749 1.1131 -0.228035
-0.699344 1.09924 -0.284519
-0.655657 1.08594 -0.295587
-0.609579 1.07186 -0.296592
-0.562679 1.05629 -0.320502
-0.525034 1.04225 -0.356988
-0.479091 1.02424 -0.373503
-0.436109 1.00805 -0.360366
-0.399909 0.992291 -0.410483
-0.355796 0.972476 -0.42218
-0.31696 0.957288 -0.372788
-0.293673 0.947666 -0.391847
-0.272996 0.939691 -0.368083
-0.232385 0.921775 -0.415475
-0.197002 0.906008 -0.419209
-0.156688 0.886917 -0.442273
-0.133845 0.875422 -0.466217
-0.10127 0.859288 -0.459857
-0.0698693 0.841454 -0.516518
-0.0265674 0.817812 -0.499755
0.0184328 0.796023 -0.450935
0.0630401 0.773475 -0.46802
0.107183 0.752414 -0.445154
0.15142 0.731613 -0.439549
0.197014 0.711091 -0.422936
0.240846 0.687722 -0.489818
0.278171 0.66763 -0.493811
0.321188 0.64227 -0.532683
0.363744 0.616396 -0.546283
0.405461 0.59084 -0.549643
0.448189 0.565279 -0.539108
0.490769 0.539069 -0.551771
0.530195 0.517715 -0.49639
0.565387 0.497593 -0.519399
0.609721 0.474991 -0.471477
0.629557 0.464877 -0.471526
0.671696 0.44268 -0.484812
0.717092 0.421722 -0.432533
0.760254 0.399511 -0.475243
0.803125 0.377163 -0.480548
0.848127 0.355381 -0.450768
0.890675 0.332917 -0.485773
0.935562 0.311521 -0.444803
0.980135 0.288866 -0.470243
1.02336 0.269912 -0.413254
1.06811 0.250781 -0.40402
1.10514 0.234298 -0.418765
1.14348 0.221443 -0.323537
1.17994 0.210724 -0.285892
1.22538 0.199221 -0.247952
1.27389 0.187809 -0.231055
1.32271 0.17799 -0.198495
1.37038 0.17059 -0.153995
1.41939 0.161702 -0.179368
1.46414 0.15775 -0.0881014
1.51345 0.154534 -0.0651198
1.5603 0.150049 -0.095429
1.60944 0.14435 -0.115474
1.65766 0.140634 -0.0769247
1.70753 0.13745 -0.0637569
1.75678 0.132351 -0.103155
1.80597 0.129624 -0.0553758
1.8505 0.127075 -0.0571719
1.89504 0.124313 -0.0619422
1.94469 0.1252 0.0178553
1.99417 0.126897 0.0342851
2.04395 0.128667 0.0355438
2.0883 0.130791 0.0478401
2.13814 0.130443 -0.00696849
2.18767 0.129366 -0.0217495
2.23618 0.129062 -0.00626895
2.28165 0.130016 0.020982
2.32804 0.132816 0.0602905
2.37782 0.137357 0.0909698
2.42726 0.140174 0.0569088
2.47637 0.143579 0.0692138
2.51769 0.146086 0.0606275
2.56189 0.150587 0.101478
2.61125 0.158533 0.159589
2.65504 0.16722 0.195852
2.70383 0.177958 0.21663
2.7505 0.187889 0.209672
2.79217 0.19588 0.189452
2.84052 0.204586 0.178186
2.88951 0.212415 0.158438
2.93864 0.220944 0.171905
2.97532 0.226267 0.144127
3.0243 0.233775 0.152101
3.07091 0.241042 0.154647
3.11997 0.250485 0.190151
3.16711 0.258161 0.161416
3.19909 0.263417 0.162909
3.2483 0.272176 0.176156
3.29196 0.280066 0.17879
3.34125 0.287673 0.153105
3.38807 0.29507 0.156695
3.43049 0.301935 0.16043
3.47856 0.307844 0.122323
3.51855 0.313156 0.132057
3.55038 0.317884 0.147487
3.58289 0.323 0.156063
3.62151 0.327815 0.124021
3.64572 0.330292 0.101983
3.67567 0.332606 0.0771238
3.69756 0.334287 0.0766445
3.72403 0.335575 0.0486303
3.74539 0.336697 0.0524288
3.75989 0.337626 0.0640528
3.76922 0.338535 0.0970861
3.80622 0.342929 0.118184
3.84678 0.348071 0.126122
3.87876 0.353983 0.182788
3.91732 0.360708 0.172697
3.92867 0.362159 0.127108
3.93207 0.362641 0.140825
3.93712 0.363259 0.121793
3.95966 0.366358 0.136621
3.9773 0.368937 0.145153
4.02102 0.375062 0.139182
4.04045 0.376638 0.080958
4.07244 0.379211 0.0802789
4.11367 0.383556 0.104999
4.13756 0.387743 0.173484
4.14999 0.38961 0.149029
4.15285 0.3902 0.203321
4.168 0.393637 0.223044
4.18183 0.396733 0.220266
4.18256 0.396873 0.191903
4.20242 0.401954 0.250433
4.21379 0.404643 0.232248
4.23322 0.409722 0.25561
4.24871 0.414011 0.270101
4.27234 0.419369 0.222993
4.29403 0.425005 0.254224
4.32854 0.434004 0.255125
4.36411 0.442669 0.238902
4.40222 0.453273 0.271361
4.43796 0.462867 0.262321
4.4812 0.471638 0.200091
4.49226 0.473274 0.146865
4.52293 0.478579 0.171282
4.55363 0.483284 0.152083
4.56477 0.484756 0.131425
4.56725 0.485042 0.114687
4.579 0.486419 0.116615
4.58272 0.486735 0.0847631
4.59629 0.487938 0.0884583
4.60785 0.488603 0.0573883
4.62294 0.488969 0.0243051
4.64232 0.489096 0.00650466
4.64992 0.489067 -0.00369042
4.66095 0.489164 0.00872649
4.6718 0.48952 0.0328492
4.68907 0.490464 0.0545847
4.70951 0.491225 0.0372322
4.72229 0.492027 0.0626009
4.74329 0.493264 0.0588542
4.77073 0.49517 0.0693552
4.79343 0.495963 0.0349296
4.81152 0.496859 0.0494956
4.83539 0.498575 0.0717347
4.86687 0.501347 0.0878493
4.88879 0.503485 0.0972318
4.90295 0.504757 0.0895817
4.92088 0.505887 0.0629097
4.93369 0.50653 0.0502156
4.9425 0.507339 0.0915955
4.95093 0.507802 0.0547944
4.96181 0.508519 0.0657832
4.97585 0.509321 0.0570943
4.99547 0.510578 0.0639839
5.01269 0.511754 0.0682036
5.0241 0.511995 0.0211121
5.04345 0.513365 0.070678
5.05493 0.514211 0.0735152
5.06506 0.514675 0.0457955
5.07961 0.515802 0.0772942
5.09509 0.516794 0.0639757
5.10043 0.517158 0.0681492
5.1233 0.519083 0.0839942
5.13149 0.519786 0.0855689
5.14864 0.521549 0.102435
5.15943 0.522588 0.0959857
5.17304 0.524051 0.107137
5.18205 0.525257 0.132924
5.1859 0.525657 0.103445
5.2001 0.526938 0.0900691
5.2058 0.527487 0.0958572
True
0.0647115
