-5.46946 -0.582656 -0.166609
-5.43309 -0.588616 -0.162457
-5.38783 -0.594241 -0.123653
-5.34255 -0.600396 -0.135096
-5.29432 -0.606121 -0.118156
-5.24503 -0.614543 -0.169242
-5.20185 -0.621983 -0.170601
-5.1552 -0.633305 -0.238133
-5.108 -0.643694 -0.216611
-5.07305 -0.652215 -0.239179
-5.02512 -0.664267 -0.246323
-4.9822 -0.674823 -0.241186
-4.93756 -0.687702 -0.280835
-4.90199 -0.697886 -0.278869
-4.85673 -0.708432 -0.228905
-4.81391 -0.720272 -0.269791
-4.76762 -0.733728 -0.282881
-4.71964 -0.747422 -0.278042
-4.67153 -0.76057 -0.266754
-4.62469 -0.770956 -0.218233
-4.58413 -0.780004 -0.219476
-4.53623 -0.790393 -0.213585
-4.48864 -0.800816 -0.215603
-4.43944 -0.809446 -0.173646
-4.39505 -0.817769 -0.185332
-4.34987 -0.825749 -0.174854
-4.30475 -0.833611 -0.172486
-4.27282 -0.840244 -0.204806
-4.22458 -0.850402 -0.207564
-4.17987 -0.857424 -0.155763
-4.14003 -0.863786 -0.158382
-4.09133 -0.869607 -0.118969
-4.04197 -0.877531 -0.159137
-3.9946 -0.885766 -0.172132
-3.94538 -0.892752 -0.141005
-3.89597 -0.899155 -0.128878
-3.84721 -0.904608 -0.111368
-3.8054 -0.911548 -0.164477
-3.75888 -0.91646 -0.105202
-3.71202 -0.918875 -0.0514927
-3.66253 -0.920048 -0.0237127
-3.61286 -0.922825 -0.0558498
-3.56624 -0.921797 0.0220493
-3.51631 -0.9205 0.0259692
-3.46781 -0.920182 0.00655781
-3.42124 -0.919844 0.00725388
-3.37164 -0.922748 -0.0584874
-3.33041 -0.926973 -0.102099
-3.28273 -0.932992 -0.125571
-3.23299 -0.937362 -0.0876336
-3.18358 -0.944967 -0.152727
-3.13444 -0.953967 -0.181139
-3.08553 -0.964343 -0.209059
-3.03789 -0.975508 -0.230215
-2.98946 -0.987407 -0.240871
-2.9423 -0.998382 -0.228678
-2.89575 -1.00667 -0.176115
-2.85544 -1.01355 -0.16915
-2.81158 -1.02288 -0.209615
-2.76473 -1.03228 -0.197974
-2.71821 -1.04036 -0.171954
-2.66854 -1.04583 -0.109782
-2.61973 -1.05232 -0.132093
-2.58003 -1.05472 -0.0604279
-2.53107 -1.06052 -0.117901
-2.48349 -1.06691 -0.133546
-2.43452 -1.07448 -0.153352
-2.39038 -1.0798 -0.119846
-2.3469 -1.08538 -0.127675
-2.30138 -1.0897 -0.0947135
-2.25637 -1.09343 -0.08261
-2.20863 -1.09828 -0.101188
-2.15913 -1.10502 -0.135482
-2.11074 -1.112 -0.143196
-2.06249 -1.11828 -0.129433
-2.01335 -1.1243 -0.121798
-1.96381 -1.13085 -0.131582
-1.91478 -1.14056 -0.195393
-1.86757 -1.14893 -0.175523
-1.82004 -1.15702 -0.168576
-1.77072 -1.1649 -0.158474
-1.72354 -1.17083 -0.125109
-1.67861 -1.17615 -0.117773
-1.6346 -1.18262 -0.146012
-1.58577 -1.18876 -0.125133
-1.53814 -1.19577 -0.146112
-1.48923 -1.20527 -0.191745
-1.45293 -1.21278 -0.203989
-1.4127 -1.2218 -0.220714
-1.36633 -1.23163 -0.208839
-1.3296 -1.23721 -0.150819
-1.28899 -1.24466 -0.181259
-1.23989 -1.25385 -0.185044
-1.192 -1.2631 -0.190851
-1.14281 -1.27194 -0.177831
-1.09338 -1.27945 -0.150781
-1.04505 -1.28903 -0.19561
-1.00209 -1.29643 -0.170634
-0.952373 -1.30154 -0.102483
-0.907321 -1.30462 -0.0682969
-0.871497 -1.30881 -0.116441
-0.823931 -1.31532 -0.135936
-0.77951 -1.32206 -0.150565
-0.730189 -1.32829 -0.125723
-0.68304 -1.33439 -0.128664
-0.633984 -1.33981 -0.109983
-0.586789 -1.346 -0.130393
-0.537378 -1.35185 -0.11783
-0.487864 -1.35878 -0.139156
-0.438327 -1.3642 -0.108928
-0.388555 -1.36799 -0.0759816
-0.339528 -1.37307 -0.103313
-0.292458 -1.3787 -0.118979
-0.243506 -1.38888 -0.205092
-0.201938 -1.39575 -0.163674
-0.161329 -1.40299 -0.176431
-0.120484 -1.40982 -0.165791
-0.0709323 -1.41616 -0.127319
-0.0224703 -1.42368 -0.153764
0.0221348 -1.42885 -0.115393
0.0693676 -1.43538 -0.137501
0.113855 -1.4401 -0.105592
0.163526 -1.44556 -0.109483
0.210336 -1.45048 -0.104785
0.258273 -1.45735 -0.142446
0.302979 -1.46447 -0.15774
0.351231 -1.47191 -0.153119
0.389399 -1.47748 -0.144801
0.433588 -1.48555 -0.180623
0.46828 -1.49066 -0.146384
0.516782 -1.49837 -0.15752
0.563149 -1.50618 -0.166976
0.601741 -1.51381 -0.195209
0.6476 -1.52365 -0.211352
0.681879 -1.53144 -0.223524
0.723981 -1.54121 -0.227914
0.77071 -1.55149 -0.216617
0.818625 -1.56443 -0.263814
0.865265 -1.57712 -0.265506
0.911979 -1.58625 -0.193157
0.955756 -1.59715 -0.243866
1.00439 -1.60864 -0.232091
1.04359 -1.6191 -0.260778
1.09121 -1.63262 -0.276635
1.13704 -1.6462 -0.288084
1.18326 -1.65948 -0.27971
1.22964 -1.67033 -0.229786
1.26876 -1.68003 -0.243082
1.31513 -1.69144 -0.241191
1.35941 -1.70318 -0.259302
1.40821 -1.71397 -0.217545
1.45345 -1.72369 -0.211544
1.49448 -1.73266 -0.215255
1.54294 -1.74237 -0.197831
1.59018 -1.75158 -0.192571
1.63899 -1.76235 -0.217183
1.68813 -1.77086 -0.171502
1.73766 -1.77738 -0.130748
1.7774 -1.78306 -0.142185
1.81871 -1.78954 -0.155413
1.86793 -1.79823 -0.174785
1.9143 -1.80592 -0.164417
1.95886 -1.81341 -0.166579
2.00745 -1.82057 -0.146112
2.05525 -1.83074 -0.209755
2.10203 -1.83958 -0.186717
2.14627 -1.84821 -0.192611
2.19511 -1.85675 -0.173086
2.24275 -1.86579 -0.187664
2.27924 -1.87498 -0.246764
2.32002 -1.88295 -0.192806
2.36666 -1.89288 -0.209882
2.41545 -1.90377 -0.21964
2.45727 -1.91381 -0.23551
2.50483 -1.92279 -0.186692
2.55292 -1.93635 -0.274779
2.597 -1.94599 -0.215266
2.64189 -1.95727 -0.246283
2.68695 -1.96654 -0.202823
2.73082 -1.97917 -0.280342
2.76848 -1.98924 -0.261282
2.8069 -2.00129 -0.303831
2.84283 -2.01059 -0.253455
2.88807 -2.0209 -0.223964
2.93636 -2.03109 -0.208086
2.98575 -2.03864 -0.151642
3.03494 -2.04592 -0.146878
3.07887 -2.05189 -0.135192
3.1232 -2.06055 -0.192875
3.17141 -2.07154 -0.224044
3.21275 -2.0837 -0.286026
3.24979 -2.09459 -0.286005
3.29724 -2.10817 -0.278778
3.34401 -2.12 -0.247827
3.39167 -2.13345 -0.275031
3.43309 -2.14482 -0.267846
3.4701 -2.15644 -0.304188
3.50964 -2.16952 -0.319634
3.54911 -2.18028 -0.266025
3.59228 -2.19231 -0.27189
3.63457 -2.20408 -0.271422
3.68064 -2.21547 -0.24235
3.721 -2.22415 -0.211867
3.75654 -2.23201 -0.21741
3.78366 -2.23766 -0.205699
3.80555 -2.2434 -0.256303
3.84454 -2.25225 -0.223241
3.86058 -2.25559 -0.20525
3.87596 -2.25759 -0.129089
3.87767 -2.25783 -0.140232
3.89169 -2.25888 -0.0751203
3.91917 -2.26136 -0.0896712
3.93816 -2.26303 -0.0879226
3.96047 -2.2657 -0.119337
3.99367 -2.27156 -0.174576
4.01895 -2.27568 -0.161424
4.05588 -2.282 -0.169465
4.08794 -2.28595 -0.122864
4.11774 -2.28936 -0.113691
4.16238 -2.29661 -0.160972
4.19419 -2.30097 -0.136247
4.21482 -2.30475 -0.181208
4.23165 -2.30741 -0.156881
4.24718 -2.30991 -0.159549
4.26051 -2.31211 -0.164128
4.28119 -2.31593 -0.182428
4.30585 -2.32078 -0.194291
4.33273 -2.32485 -0.150068
4.36683 -2.32998 -0.149286
4.40056 -2.33561 -0.165648
4.43206 -2.3414 -0.181604
4.45164 -2.34521 -0.192098
4.47922 -2.35215 -0.246587
4.5132 -2.36206 -0.28374
4.54909 -2.37394 -0.319764
4.59143 -2.38779 -0.316115
4.61608 -2.39562 -0.307474
4.64577 -2.40557 -0.32328
4.682 -2.41859 -0.345096
4.71049 -2.42913 -0.354376
4.73866 -2.43886 -0.332526
4.76458 -2.44868 -0.362038
4.78908 -2.45808 -0.366567
4.81854 -2.47057 -0.400935
4.85786 -2.48752 -0.406925
4.87427 -2.49447 -0.400611
4.89276 -2.50197 -0.385502
4.91037 -2.5087 -0.364931
4.94262 -2.51967 -0.328005
4.96203 -2.52506 -0.270618
4.99665 -2.53541 -0.290608
5.01943 -2.54177 -0.272098
5.03172 -2.54548 -0.293529
5.04544 -2.54979 -0.304274
5.05231 -2.55221 -0.337945
5.07175 -2.55868 -0.321295
5.08314 -2.56244 -0.318689
5.09035 -2.56489 -0.328969
5.09706 -2.56704 -0.309581
5.1079 -2.57055 -0.313355
5.114 -2.5726 -0.32419
5.12951 -2.578 -0.334992
5.13721 -2.58075 -0.34325
5.14825 -2.58501 -0.368033
5.16429 -2.59127 -0.37186
5.17182 -2.59408 -0.357592
5.18255 -2.59797 -0.347806
5.1887 -2.59997 -0.314066
5.19364 -2.60152 -0.303981
5.2006 -2.60383 -0.32008
5.20116 -2.60406 -0.38917
5.19783 -2.60271 -0.383529
5.20121 -2.60391 -0.33945
5.20411 -2.60489 -0.327164
5.21333 -2.60816 -0.341101
True
0.0671109
