4.47779 -0.00557882 -2.89555
4.43851 -0.020983 -2.76778
4.39897 -0.0414107 -2.66476
4.35754 -0.0658485 -2.6087
4.31751 -0.0908886 -2.58255
4.27634 -0.117439 -2.56888
4.25359 -0.132028 -2.57134
4.22364 -0.153998 -2.50866
4.20948 -0.165218 -2.4714
4.18237 -0.186296 -2.48077
4.16277 -0.203587 -2.41863
4.1271 -0.238493 -2.36704
4.09877 -0.268755 -2.32321
4.06659 -0.302737 -2.32898
4.03504 -0.337305 -2.31063
4.01629 -0.359091 -2.28137
4.00143 -0.376631 -2.27371
3.98091 -0.402465 -2.24203
3.95317 -0.441289 -2.1913
3.92807 -0.479143 -2.15627
3.91421 -0.503697 -2.08477
3.89273 -0.548849 -2.01479
3.87841 -0.583734 -1.96025
3.8579 -0.628936 -1.99674
3.83954 -0.675441 -1.94688
3.82024 -0.721564 -1.96707
3.80169 -0.76652 -1.96216
3.78736 -0.80588 -1.92
3.77282 -0.844847 -1.92784
3.7564 -0.892073 -1.90546
3.74107 -0.935056 -1.91337
3.73406 -0.956138 -1.89167
3.72608 -0.980057 -1.89302
3.71052 -1.02481 -1.90535
3.69708 -1.0666 -1.88183
3.69005 -1.08982 -1.86518
3.68161 -1.11445 -1.90074
3.66532 -1.16053 -1.9106
3.65216 -1.19744 -1.9134
3.63552 -1.24372 -1.91582
3.61986 -1.29096 -1.89091
3.60589 -1.33529 -1.87605
3.59591 -1.36805 -1.8667
3.58011 -1.41543 -1.89256
3.56443 -1.45599 -1.93977
3.55161 -1.49087 -1.9231
3.54871 -1.49838 -1.93867
3.53226 -1.54097 -1.93938
3.51609 -1.58468 -1.92511
3.49695 -1.63087 -1.96366
3.47939 -1.67766 -1.92983
3.46679 -1.71049 -1.93716
3.44757 -1.75559 -1.97378
3.42872 -1.79948 -1.97633
3.41143 -1.83157 -2.06496
3.39184 -1.86952 -2.04737
3.37596 -1.89775 -2.08332
3.35517 -1.93555 -2.07356
3.33034 -1.97833 -2.09672
3.30419 -2.02069 -2.12384
3.28224 -2.0598 -2.08224
3.2563 -2.09973 -2.14699
3.23001 -2.13896 -2.16115
3.20496 -2.17501 -2.17799
3.17928 -2.20878 -2.22094
3.15249 -2.24195 -2.25026
3.12242 -2.27887 -2.25417
3.09447 -2.31477 -2.2324
3.06465 -2.34681 -2.32032
3.03213 -2.38476 -2.27925
3.00658 -2.41318 -2.30325
2.97375 -2.45027 -2.29526
2.94219 -2.48373 -2.32697
2.92108 -2.50624 -2.3241
2.88983 -2.53905 -2.3319
2.85768 -2.57605 -2.28613
2.83996 -2.59645 -2.28609
2.81073 -2.63091 -2.27431
2.78877 -2.6554 -2.3017
2.75987 -2.68411 -2.35942
2.73457 -2.71252 -2.29847
2.70144 -2.74997 -2.2951
2.66604 -2.78526 -2.35762
2.63144 -2.82042 -2.34819
2.59886 -2.85376 -2.34469
2.56831 -2.88725 -2.31027
2.53644 -2.92189 -2.31448
2.5058 -2.95407 -2.3317
2.47684 -2.98471 -2.32818
2.44296 -3.01902 -2.34979
2.40986 -3.05319 -2.34038
2.37553 -3.08559 -2.38511
2.33919 -3.11565 -2.45036
2.30385 -3.14125 -2.51489
2.26986 -3.16523 -2.52716
2.23019 -3.19236 -2.54165
2.18833 -3.21968 -2.56344
2.15133 -3.24457 -2.54934
2.11258 -3.26739 -2.60934
2.0922 -3.28049 -2.57061
2.06029 -3.29986 -2.59598
2.03317 -3.31564 -2.61457
1.99767 -3.33444 -2.65465
1.96589 -3.35035 -2.67732
1.92099 -3.37222 -2.68833
1.87883 -3.39475 -2.65087
1.8422 -3.41663 -2.60297
1.80017 -3.43878 -2.65662
1.77939 -3.44829 -2.71258
1.76762 -3.45362 -2.71613
1.76392 -3.45509 -2.76305
1.75201 -3.45988 -2.75958
1.71086 -3.47545 -2.77993
1.68787 -3.48468 -2.75974
1.64714 -3.5009 -2.76256
1.60119 -3.51893 -2.76773
1.56579 -3.53414 -2.73571
1.52218 -3.55421 -2.71031
1.47737 -3.57637 -2.68229
1.4481 -3.59235 -2.64174
1.42423 -3.60492 -2.65712
1.3815 -3.62454 -2.71118
1.33584 -3.64337 -2.75047
1.29507 -3.65904 -2.77463
1.25102 -3.67344 -2.82547
1.23778 -3.67761 -2.83648
1.20585 -3.68864 -2.80897
1.16875 -3.70028 -2.83765
1.13666 -3.70919 -2.87085
1.09322 -3.72033 -2.89061
1.04529 -3.73454 -2.85325
0.997323 -3.74679 -2.89158
0.948898 -3.75918 -2.89111
0.914435 -3.76671 -2.92641
0.866243 -3.77673 -2.93675
0.822686 -3.78555 -2.94168
0.796483 -3.79105 -2.93466
0.77045 -3.79475 -3.0006
0.74712 -3.79707 -3.04234
0.710436 -3.8017 -3.01595
0.669473 -3.80486 -3.06469
0.623027 -3.80866 -3.05999
0.590347 -3.81228 -3.03135
0.5443 -3.8183 -3.01157
0.494575 -3.82145 -3.07819
0.445763 -3.82419 -3.08568
0.395938 -3.82836 -3.05807
0.346296 -3.83357 -3.03698
0.296317 -3.83501 -3.11285
0.246631 -3.83526 -3.13651
0.210891 -3.83576 -3.12769
0.16106 -3.83644 -3.1278
0.119065 -3.83798 -3.10503
0.0711527 -3.83804 -3.1403
0.0211533 -3.83802 -3.14206
-0.0286364 -3.83524 3.08577
-0.0679818 -3.83618 3.16565
-0.117238 -3.8372 -3.12093
-0.157696 -3.83794 -3.12325
-0.207692 -3.83753 -3.14989
-0.248588 -3.83624 3.11007
-0.286875 -3.83335 3.06639
-0.336756 -3.83044 3.08316
-0.386441 -3.82496 3.03194
-0.432504 -3.82143 3.06511
-0.482158 -3.81703 3.05303
-0.531965 -3.81264 3.05375
-0.577893 -3.81019 3.08825
-0.626827 -3.80537 3.04347
-0.676304 -3.80007 3.03497
-0.724869 -3.79424 3.02194
-0.765998 -3.79 3.03899
-0.809841 -3.78667 3.06586
-0.849836 -3.78219 3.02992
-0.898544 -3.77674 3.03021
-0.946967 -3.7695 2.99308
-0.994542 -3.76094 2.9636
-1.03362 -3.75387 2.96275
-1.0818 -3.74385 2.93642
-1.12917 -3.73437 2.9441
-1.17168 -3.72321 2.88488
-1.21927 -3.70793 2.83096
-1.26671 -3.69213 2.82011
-1.30705 -3.67784 2.80109
-1.35023 -3.66212 2.79237
-1.39156 -3.64597 2.76919
-1.43839 -3.62851 2.78474
-1.48323 -3.61021 2.75409
-1.52468 -3.59323 2.75281
-1.57061 -3.57442 2.75279
-1.61703 -3.55735 2.78935
-1.66067 -3.53949 2.75307
-1.70685 -3.52209 2.78125
-1.74904 -3.50322 2.72087
-1.79156 -3.48672 2.77161
-1.8304 -3.46973 2.72923
-1.87557 -3.44835 2.69945
-1.91873 -3.4232 2.61406
-1.95386 -3.40423 2.6463
-1.99237 -3.38505 2.67962
-2.03794 -3.36452 2.71822
-2.07663 -3.34539 2.68241
-2.1147 -3.32625 2.67581
-2.15915 -3.3049 2.69375
-2.2036 -3.28201 2.66609
-2.24801 -3.26137 2.7066
-2.27864 -3.24787 2.72641
-2.31772 -3.22973 2.70711
-2.36212 -3.20861 2.69749
-2.40647 -3.18598 2.66986
-2.44939 -3.16307 2.65114
-2.49375 -3.14001 2.66225
-2.53343 -3.11671 2.61068
-2.57511 -3.09278 2.6204
-2.61393 -3.07113 2.63293
-2.65709 -3.04591 2.6128
-2.69748 -3.02171 2.60176
-2.7416 -2.99865 2.65992
-2.78121 -2.97822 2.66538
-2.81893 -2.95921 2.67479
-2.84275 -2.94738 2.68058
-2.86692 -2.93479 2.6614
-2.88404 -2.92562 2.64986
-2.90165 -2.91567 2.62732
-2.91749 -2.90645 2.61456
-2.93982 -2.89294 2.5974
-2.97221 -2.87178 2.56292
-3.00902 -2.84871 2.58178
-3.03758 -2.83189 2.60933
-3.06656 -2.81405 2.58979
-3.08424 -2.80283 2.57605
-3.11811 -2.78698 2.70388
-3.14461 -2.7724 2.63867
-3.18197 -2.75105 2.62245
-3.21169 -2.73442 2.63135
-3.23356 -2.72175 2.6165
-3.26695 -2.70557 2.69026
-3.28753 -2.69557 2.68954
-3.30274 -2.6876 2.65905
-3.32596 -2.67643 2.69295
-3.3453 -2.66612 2.65204
-3.35698 -2.66007 2.6633
-3.36215 -2.6575 2.68112
-3.36464 -2.65622 2.6659
-3.38351 -2.64511 2.60932
-3.40083 -2.63388 2.56654
-3.41201 -2.62634 2.54831
-3.42531 -2.61757 2.5584
-3.4411 -2.60583 2.50251
-3.45922 -2.5911 2.45905
-3.46582 -2.5856 2.4463
-3.48893 -2.56715 2.46791
-3.51129 -2.55106 2.51776
-3.53747 -2.53171 2.5052
-3.56869 -2.50731 2.47826
-3.5895 -2.49178 2.50039
-3.60737 -2.47795 2.48307
-3.62477 -2.46294 2.42976
-3.65471 -2.43722 2.43175
-3.67699 -2.41743 2.41539
-3.70637 -2.39269 2.44184
-3.72771 -2.37531 2.45803
-3.74246 -2.36387 2.48182
-3.75734 -2.35144 2.44566
-3.7643 -2.3455 2.43532
-3.78716 -2.32672 2.45383
-3.79674 -2.31918 2.4749
-3.81046 -2.30926 2.5157
-3.82022 -2.30241 2.52886
-3.82642 -2.29782 2.50459
-3.84381 -2.28495 2.50473
-3.84921 -2.28094 2.50232
-3.87006 -2.26522 2.49566
-3.88917 -2.25109 2.50474
-3.91471 -2.23332 2.53393
-3.94218 -2.21202 2.4818
-3.97498 -2.18512 2.45467
-4.00303 -2.16185 2.4493
-4.0254 -2.14377 2.46179
-4.04077 -2.13213 2.49344
-4.06591 -2.11311 2.49384
-4.07841 -2.10273 2.44851
-4.09178 -2.09014 2.38636
-4.09502 -2.08697 2.36765
-4.09662 -2.08532 2.34197
-4.0996 -2.08241 2.36798
-4.1074 -2.07499 2.38039
-4.13193 -2.04998 2.34653
-4.14276 -2.03905 2.35176
-4.14686 -2.03492 2.35234
-4.15139 -2.03044 2.36131
-4.15412 -2.02765 2.34527
-4.15462 -2.02713 2.34166
-4.15734 -2.02417 2.31446
-4.16214 -2.01892 2.31132
-4.16849 -2.01218 2.32566
-4.17515 -2.0047 2.29862
-4.18419 -1.99478 2.30968
-4.18831 -1.98983 2.26581
-4.19564 -1.98132 2.28166
-4.20238 -1.97328 2.2683
-4.20614 -1.96883 2.2726
-4.20951 -1.96462 2.24606
-4.21384 -1.95913 2.23856
-4.21463 -1.95816 2.25376
-4.22132 -1.94948 2.22744
-4.23196 -1.93361 2.16149
-4.24209 -1.91739 2.12901
True
0.0670564
