-5.46661 -0.0272868 0.0769929
-5.41958 -0.0208524 0.135969
-5.37186 -0.0135971 0.150862
-5.33271 -0.00861861 0.12651
-5.28381 -0.00101276 0.154285
-5.23907 0.00444921 0.121491
-5.19073 0.0100869 0.116093
-5.14958 0.0141874 0.0993268
-5.11154 0.0200834 0.153768
-5.06651 0.0271669 0.156017
-5.02108 0.0326965 0.121128
-4.97237 0.0390815 0.130342
-4.92509 0.0475243 0.17669
-4.87794 0.0545551 0.148026
-4.83634 0.0605018 0.141994
-4.79063 0.0663772 0.127845
-4.75411 0.0712005 0.131301
-4.70608 0.0774854 0.130109
-4.65918 0.0844218 0.146853
-4.61235 0.0915146 0.150295
-4.56549 0.0992089 0.16275
-4.51676 0.108588 0.190159
-4.46763 0.117849 0.186309
-4.4211 0.126357 0.180848
-4.37295 0.134131 0.160098
-4.33099 0.141317 0.169596
-4.28472 0.148477 0.153523
-4.2351 0.154568 0.12215
-4.18698 0.160451 0.121649
-4.13991 0.164138 0.0781706
-4.09039 0.165583 0.0291683
-4.05765 0.166646 0.0324796
-4.00933 0.168311 0.0344332
-3.96252 0.173082 0.101572
-3.92017 0.176311 0.0760995
-3.87112 0.179524 0.0654219
-3.82206 0.185596 0.123146
-3.77266 0.191102 0.110999
-3.72469 0.198024 0.143296
-3.68136 0.202702 0.10752
-3.632 0.208018 0.107289
-3.58875 0.21434 0.145158
-3.54726 0.221064 0.160661
-3.49887 0.228214 0.14671
-3.45001 0.234043 0.118744
-3.40104 0.241976 0.160588
-3.35579 0.248123 0.135028
-3.31102 0.255555 0.164487
-3.26228 0.264341 0.178362
-3.2128 0.271412 0.141945
-3.16508 0.27778 0.132644
-3.11976 0.283052 0.115814
-3.07024 0.289984 0.139098
-3.02426 0.294736 0.10296
-2.98099 0.300853 0.140445
-2.93174 0.307981 0.143754
-2.88331 0.313971 0.123042
-2.83364 0.319161 0.104105
-2.78777 0.324527 0.116459
-2.74197 0.328949 0.0962566
-2.69234 0.334224 0.105892
-2.64729 0.339648 0.119821
-2.59988 0.347842 0.171136
-2.55237 0.357157 0.19361
-2.50467 0.367033 0.204153
-2.45971 0.375767 0.191875
-2.41304 0.38362 0.166715
-2.38867 0.388068 0.180503
-2.34919 0.395228 0.179424
-2.30041 0.404407 0.186014
-2.25362 0.409832 0.115414
-2.2043 0.417966 0.163448
-2.15517 0.423965 0.121507
-2.10713 0.428641 0.0970361
-2.05893 0.435464 0.140623
-2.00928 0.441284 0.116689
-1.97518 0.444488 0.0936715
-1.93402 0.449544 0.122227
-1.88439 0.455468 0.118793
-1.83664 0.461848 0.132832
-1.78732 0.468331 0.130698
-1.74462 0.474563 0.144924
-1.69845 0.482243 0.164828
-1.64875 0.48765 0.108368
-1.60564 0.493259 0.129378
-1.55922 0.499663 0.137106
-1.51101 0.506969 0.15041
-1.47377 0.511161 0.112104
-1.42406 0.516016 0.0973345
-1.3827 0.51879 0.0669798
-1.33423 0.523507 0.0970188
-1.29572 0.526292 0.0721802
-1.26368 0.529048 0.0858072
-1.22005 0.533571 0.103294
-1.18193 0.538342 0.124525
-1.13253 0.545091 0.135747
-1.08423 0.550787 0.117389
-1.04257 0.557741 0.165442
-0.999043 0.565527 0.176987
-0.95312 0.576917 0.243116
-0.906497 0.589818 0.269964
-0.863382 0.602331 0.282458
-0.822576 0.614075 0.280211
-0.780014 0.62253 0.196115
-0.738548 0.6295 0.166536
-0.690261 0.634088 0.0947124
-0.641727 0.638994 0.100746
-0.591859 0.64263 0.0727883
-0.562584 0.644876 0.0765771
-0.526133 0.644741 -0.0037113
-0.492993 0.644971 0.00694504
-0.457273 0.644744 -0.00634559
-0.410078 0.64363 -0.0235975
-0.378982 0.642267 -0.0438021
-0.330754 0.637271 -0.103235
-0.293518 0.63264 -0.123737
-0.244749 0.626373 -0.127794
-0.207829 0.621136 -0.140919
-0.164443 0.61248 -0.196916
-0.115303 0.603783 -0.175175
-0.0661703 0.594622 -0.184336
-0.0274179 0.587644 -0.178148
0.0151004 0.579074 -0.198903
0.0609471 0.566944 -0.258656
0.0941646 0.557508 -0.276781
0.132808 0.545926 -0.291194
0.175221 0.533236 -0.290707
0.221588 0.518333 -0.310996
0.254658 0.507057 -0.32861
0.295986 0.494432 -0.296473
0.337936 0.482522 -0.27662
0.375438 0.470698 -0.305443
0.41518 0.457358 -0.323847
0.43923 0.448423 -0.355709
0.474867 0.4332 -0.403703
0.520862 0.414832 -0.379953
0.565838 0.394148 -0.431047
0.611048 0.3765 -0.372168
0.654586 0.359726 -0.367748
0.696741 0.34403 -0.356425
0.73413 0.328799 -0.386834
0.779409 0.311454 -0.365831
0.818774 0.29514 -0.392886
0.859107 0.279411 -0.371846
0.898763 0.262874 -0.395063
0.94405 0.245521 -0.36594
0.983593 0.231581 -0.338911
1.02154 0.219762 -0.301978
1.05693 0.208841 -0.299307
1.09982 0.197463 -0.25929
1.14367 0.1874 -0.2256
1.18842 0.179362 -0.177712
1.22744 0.173288 -0.154406
1.26796 0.168199 -0.12496
1.3169 0.163332 -0.099126
1.36133 0.161214 -0.0476256
1.40499 0.15863 -0.0591118
1.45411 0.156082 -0.0518387
1.49697 0.158181 0.0489568
1.53938 0.159617 0.0338358
1.5665 0.16161 0.0733509
1.60336 0.163402 0.0486012
1.64807 0.16635 0.0658236
1.69592 0.170979 0.0964441
1.74343 0.178877 0.16472
1.78596 0.186161 0.169649
1.82081 0.192894 0.190829
1.86929 0.203355 0.212509
1.91783 0.215306 0.241428
1.96129 0.227365 0.270635
2.00898 0.241211 0.282543
2.05097 0.255954 0.337686
2.0954 0.268858 0.282657
2.13885 0.280645 0.264908
2.18704 0.293971 0.269799
2.22732 0.306076 0.291944
2.27506 0.31928 0.269843
2.31842 0.330591 0.255138
2.36548 0.343931 0.276272
2.41321 0.358298 0.292367
2.46126 0.369602 0.231048
2.5098 0.381258 0.235685
2.55646 0.396397 0.313678
2.60115 0.408824 0.271227
2.64124 0.421889 0.315066
2.68747 0.435835 0.292968
2.73359 0.451476 0.326974
2.77877 0.464664 0.28403
2.81352 0.476359 0.324613
2.85955 0.492676 0.340702
2.90184 0.507844 0.344321
2.93968 0.520959 0.333664
2.98709 0.536618 0.319005
3.02448 0.549829 0.339676
3.07172 0.566205 0.333672
3.11311 0.584568 0.417582
3.15742 0.601304 0.36114
3.20297 0.620865 0.405601
3.24881 0.640718 0.408732
3.29158 0.657859 0.381147
3.33665 0.675882 0.380366
3.38317 0.694189 0.374928
3.42344 0.709192 0.356643
3.46954 0.726779 0.364488
3.50614 0.740932 0.368969
3.54459 0.756629 0.387629
3.57013 0.767551 0.40404
3.61292 0.78699 0.426398
3.6544 0.805534 0.420446
3.68349 0.819094 0.436177
3.71902 0.838091 0.490976
3.74362 0.850143 0.455542
3.77173 0.86482 0.481204
3.81035 0.885581 0.493229
3.84657 0.904662 0.484867
3.87076 0.916905 0.468597
3.90542 0.933945 0.456884
3.9339 0.948824 0.481464
3.97386 0.967003 0.426892
4.00576 0.983919 0.487604
4.03872 1.00172 0.495335
4.07673 1.0228 0.506191
4.11453 1.04296 0.49003
4.15698 1.06636 0.503781
4.17883 1.07846 0.505556
4.21234 1.09604 0.48337
4.24527 1.11197 0.450421
4.27695 1.12645 0.428735
4.30891 1.14206 0.454518
4.34489 1.1616 0.497414
4.38433 1.18978 0.620305
4.40916 1.20705 0.60794
4.42832 1.22097 0.628193
4.44849 1.23508 0.610551
4.47808 1.25546 0.603067
4.4984 1.27008 0.62366
4.51486 1.2804 0.55982
4.52474 1.28595 0.5125
4.54013 1.29385 0.474306
4.56528 1.30777 0.505466
4.57386 1.3124 0.49499
4.57793 1.31443 0.461225
4.57972 1.31534 0.471222
4.58823 1.31953 0.457313
4.61189 1.33036 0.429423
4.6379 1.34255 0.438131
4.67832 1.35982 0.403888
4.70854 1.37359 0.427541
4.74486 1.39071 0.440524
4.7758 1.40436 0.415331
4.80892 1.41905 0.417516
4.84325 1.43406 0.412208
4.87015 1.44545 0.400577
4.89544 1.45725 0.43659
4.90094 1.45992 0.451811
4.92466 1.47068 0.425708
4.93081 1.47328 0.400573
4.94465 1.47904 0.394475
4.9563 1.48359 0.37172
4.96652 1.48741 0.358115
4.985 1.49402 0.343469
5.00539 1.50082 0.321938
5.01314 1.50352 0.334795
5.02695 1.50822 0.328212
5.04107 1.5124 0.288023
5.05616 1.5166 0.271446
5.06596 1.51952 0.289227
5.07204 1.52142 0.303389
5.08072 1.52405 0.294487
5.09173 1.52744 0.297904
5.09985 1.52988 0.29271
5.1079 1.53245 0.308637
5.11661 1.53504 0.289211
5.12343 1.53721 0.308297
5.12973 1.53917 0.301458
5.1369 1.54137 0.29749
5.14626 1.54431 0.304163
5.16376 1.5496 0.293578
5.18077 1.55408 0.257938
5.18887 1.55611 0.24452
5.1957 1.55791 0.258665
5.19879 1.55855 0.204264
5.2064 1.56036 0.233214
5.20402 1.55995 0.171157
5.21735 1.56194 0.148222
5.22223 1.56241 0.0951959
True
0.0690778
