4.4785 -0.00128833 -3.08175
4.46039 -0.00279182 -3.05874
4.44133 -0.00442372 -3.0562
4.42777 -0.00603214 -3.02351
4.4089 -0.00868951 -3.00168
4.39097 -0.0120653 -2.95546
4.37392 -0.0152657 -2.95604
4.35252 -0.0195121 -2.94578
4.33505 -0.0228993 -2.95001
4.31025 -0.0271912 -2.97026
4.28276 -0.0325702 -2.94834
4.26186 -0.037377 -2.91555
4.2498 -0.0398525 -2.93915
4.24815 -0.040221 -2.92164
4.235 -0.0434304 -2.90229
4.22207 -0.0477102 -2.82188
4.20121 -0.0555817 -2.78076
4.18665 -0.0614864 -2.75639
4.16202 -0.0722792 -2.72856
4.14127 -0.0835381 -2.64437
4.12204 -0.0940884 -2.63995
4.10202 -0.10687 -2.57341
4.09941 -0.108859 -2.48938
4.08596 -0.119883 -2.45499
4.08958 -0.116776 -2.43203
4.07849 -0.126544 -2.41926
4.05812 -0.147828 -2.33428
4.02628 -0.18326 -2.30298
4.01166 -0.201706 -2.24096
3.99432 -0.224068 -2.23014
3.96757 -0.261315 -2.19365
3.94142 -0.30168 -2.1457
3.92097 -0.333812 -2.13749
3.89777 -0.3756 -2.07763
3.88049 -0.409813 -2.03867
3.861 -0.454187 -1.9845
3.84292 -0.500758 -1.94119
3.83478 -0.527648 -1.86469
3.82211 -0.567814 -1.87629
3.81219 -0.611601 -1.79358
3.80164 -0.660293 -1.78423
3.79129 -0.705719 -1.79483
3.78226 -0.752045 -1.7633
3.77449 -0.783868 -1.81016
3.76905 -0.819899 -1.72081
3.76378 -0.854745 -1.72096
3.75331 -0.901545 -1.79076
3.74361 -0.950195 -1.76758
3.7337 -0.997576 -1.77708
3.72355 -1.0385 -1.81381
3.71592 -1.07757 -1.76371
3.70786 -1.11929 -1.76159
3.6955 -1.16649 -1.82688
3.68582 -1.19853 -1.86439
3.6715 -1.24519 -1.86856
3.65907 -1.28518 -1.87201
3.6458 -1.3318 -1.84822
3.63585 -1.36513 -1.86092
3.6232 -1.40586 -1.87174
3.61052 -1.43805 -1.94633
3.59416 -1.47619 -1.97586
3.57574 -1.52222 -1.9515
3.55611 -1.56744 -1.98033
3.54117 -1.59744 -2.03283
3.51785 -1.64133 -2.05924
3.50073 -1.67459 -2.04619
3.47843 -1.7189 -2.03699
3.46224 -1.7511 -2.03685
3.44093 -1.79309 -2.04028
3.41967 -1.83828 -2.01063
3.39867 -1.88135 -2.02438
3.37668 -1.91991 -2.08905
3.35519 -1.95751 -2.09022
3.32945 -1.99859 -2.13035
3.30286 -2.03943 -2.14809
3.28608 -2.0657 -2.13911
3.26881 -2.09053 -2.17836
3.23965 -2.12838 -2.22718
3.21036 -2.1689 -2.1969
3.18296 -2.20331 -2.24328
3.15384 -2.24084 -2.23047
3.12586 -2.27707 -2.22852
3.09686 -2.31691 -2.19992
3.07746 -2.34091 -2.25079
3.06051 -2.36017 -2.29241
3.03019 -2.3966 -2.26491
2.99788 -2.43474 -2.27364
2.97408 -2.46191 -2.29011
2.94547 -2.49614 -2.26701
2.91433 -2.53442 -2.25376
2.88171 -2.57206 -2.28475
2.85026 -2.60729 -2.29968
2.81768 -2.64403 -2.29635
2.7931 -2.67098 -2.3102
2.77263 -2.69223 -2.33748
2.74456 -2.72202 -2.32637
2.72098 -2.74752 -2.31721
2.69322 -2.7754 -2.3539
2.66306 -2.80465 -2.37147
2.62869 -2.84002 -2.34188
2.59255 -2.8745 -2.37984
2.55761 -2.90597 -2.40826
2.51938 -2.93805 -2.44358
2.48434 -2.96777 -2.43809
2.45305 -2.99204 -2.48184
2.41397 -3.02178 -2.49104
2.37656 -3.0524 -2.45572
2.33549 -3.08078 -2.53701
2.29661 -3.10666 -2.55417
2.25462 -3.13381 -2.56759
2.215 -3.16177 -2.52717
2.17298 -3.18887 -2.56876
2.14505 -3.20917 -2.51321
2.10427 -3.23796 -2.52673
2.06495 -3.26753 -2.49677
2.03814 -3.28811 -2.48697
2.0012 -3.31726 -2.47345
1.9607 -3.34658 -2.51508
1.92289 -3.37281 -2.53498
1.89237 -3.39168 -2.58787
1.85701 -3.4122 -2.61593
1.83403 -3.42686 -2.57341
1.79504 -3.45237 -2.56235
1.75367 -3.47592 -2.62411
1.71669 -3.49585 -2.64718
1.67307 -3.52026 -2.6314
1.63513 -3.54093 -2.64284
1.59694 -3.56147 -2.64798
1.55607 -3.58134 -2.68922
1.5112 -3.60341 -2.68446
1.4739 -3.61985 -2.72645
1.45131 -3.62831 -2.78317
1.41081 -3.64301 -2.79331
1.36267 -3.65629 -2.87244
1.31474 -3.67037 -2.85594
1.26902 -3.68255 -2.88119
1.22486 -3.69392 -2.88961
1.17848 -3.70651 -2.87645
1.12976 -3.7177 -2.91605
1.09574 -3.72737 -2.8645
1.05744 -3.73768 -2.87864
1.01609 -3.74476 -2.97202
0.972228 -3.75351 -2.94463
0.922749 -3.76072 -2.99701
0.873355 -3.76847 -2.98583
0.824072 -3.77689 -2.97234
0.779246 -3.78445 -2.97459
0.732063 -3.79142 -2.99503
0.694216 -3.79794 -2.97092
0.652459 -3.80414 -2.99427
0.625627 -3.80803 -2.99761
0.576402 -3.81353 -3.03014
0.534992 -3.81611 -3.07938
0.485252 -3.82119 -3.03981
0.440395 -3.82491 -3.05897
0.390629 -3.82904 -3.05882
0.347277 -3.83347 -3.03979
0.302477 -3.83915 -3.01539
0.26762 -3.84239 -3.04893
0.222532 -3.84636 -3.05371
0.185569 -3.85024 -3.03711
0.137423 -3.85483 -3.04644
0.105108 -3.85766 -3.05426
0.0578685 -3.86273 -3.03474
0.0102581 -3.86958 -2.99859
-0.0282619 -3.87503 -3.00119
-0.0778764 -3.88122 -3.01735
-0.126492 -3.88596 -3.04447
-0.170066 -3.89253 -2.99202
-0.214299 -3.89671 -3.04723
-0.255861 -3.8981 -3.10836
-0.30326 -3.8998 -3.10572
-0.349002 -3.9011 -3.11303
-0.398518 -3.89955 -3.17302
-0.439268 -3.89905 3.1294
-0.480772 -3.89711 3.09493
-0.528617 -3.89432 3.08332
-0.5588 -3.89325 3.10599
-0.607317 -3.89197 3.1153
-0.654964 -3.88939 3.08751
-0.67881 -3.88692 3.03838
-0.722183 -3.88046 2.99372
-0.764228 -3.87324 2.97143
-0.809906 -3.86481 2.95916
-0.858982 -3.85564 2.95693
-0.897983 -3.84805 2.94935
-0.943982 -3.83706 2.90698
-0.992138 -3.8236 2.86919
-1.0372 -3.80903 2.82878
-1.08508 -3.79463 2.84945
-1.12031 -3.78313 2.82602
-1.15564 -3.77325 2.86904
-1.20192 -3.75812 2.82555
-1.24792 -3.74414 2.84667
-1.29378 -3.73052 2.8529
-1.34129 -3.71502 2.8261
-1.38346 -3.70131 2.82736
-1.42164 -3.68729 2.78953
-1.46831 -3.66945 2.77659
-1.50877 -3.65296 2.7546
-1.55533 -3.63525 2.77817
-1.587 -3.622 2.74541
-1.63192 -3.60165 2.71613
-1.67651 -3.58003 2.6901
-1.72142 -3.55829 2.69067
-1.75185 -3.54187 2.64679
-1.79067 -3.52168 2.66201
-1.83064 -3.4988 2.62173
-1.87491 -3.47555 2.65804
-1.91396 -3.45467 2.65064
-1.9492 -3.43384 2.60781
-1.98383 -3.41193 2.57736
-2.01717 -3.3894 2.54721
-2.05848 -3.36166 2.55032
-2.09748 -3.33061 2.46919
-2.13688 -3.29991 2.47966
-2.17038 -3.27197 2.44648
-2.20099 -3.24716 2.46055
-2.23979 -3.21676 2.47693
-2.27781 -3.18586 2.45915
-2.31601 -3.15385 2.44409
-2.35234 -3.12302 2.43798
-2.38412 -3.09684 2.45247
-2.42034 -3.06263 2.38472
-2.45479 -3.03242 2.42181
-2.48555 -3.00641 2.43963
-2.52314 -2.97345 2.42166
-2.55968 -2.93991 2.399
-2.59101 -2.90963 2.37313
-2.62672 -2.87488 2.36987
-2.66161 -2.83909 2.34344
-2.69509 -2.80202 2.30544
-2.7283 -2.76491 2.30079
-2.76175 -2.72908 2.32187
-2.79542 -2.69213 2.30972
-2.82813 -2.65545 2.29901
-2.86004 -2.61759 2.27112
-2.88956 -2.58146 2.25595
-2.91455 -2.55022 2.24531
-2.94246 -2.51156 2.19606
-2.97496 -2.47366 2.27978
-3.00372 -2.43322 2.18888
-3.01766 -2.4135 2.18647
-3.04396 -2.37749 2.20143
-3.06319 -2.35197 2.21674
-3.09326 -2.31202 2.21591
-3.12287 -2.27174 2.20468
-3.15174 -2.23259 2.20635
-3.17993 -2.1919 2.17649
-3.20385 -2.15898 2.1992
-3.23358 -2.12009 2.22362
-3.25635 -2.08949 2.21046
-3.28596 -2.04986 2.21248
-3.31036 -2.01558 2.18945
-3.3356 -1.97959 2.18238
-3.35888 -1.95028 2.24195
-3.38692 -1.91344 2.22136
-3.41178 -1.87824 2.18588
-3.43895 -1.8408 2.19847
-3.45716 -1.81389 2.16562
-3.4716 -1.79376 2.19296
-3.48814 -1.76969 2.17307
-3.5069 -1.7435 2.1922
-3.53391 -1.70404 2.17121
-3.56335 -1.66515 2.21868
-3.58814 -1.63127 2.20254
-3.60954 -1.59897 2.1557
-3.63324 -1.56204 2.14142
-3.65438 -1.53353 2.20902
-3.68105 -1.50164 2.26719
-3.71035 -1.46766 2.28232
-3.73994 -1.43161 2.2582
-3.77096 -1.39622 2.29051
-3.7968 -1.36741 2.30184
-3.81668 -1.34185 2.23179
-3.82793 -1.32718 2.22512
-3.84239 -1.30804 2.21759
-3.85477 -1.29137 2.20976
-3.85974 -1.28414 2.17295
-3.87338 -1.26424 2.17182
-3.88237 -1.25164 2.19007
-3.89095 -1.24056 2.23009
-3.9053 -1.22268 2.24694
-3.92592 -1.19497 2.21045
-3.94041 -1.17397 2.17504
-3.95775 -1.14777 2.15551
-3.97508 -1.12246 2.1712
-3.98678 -1.10595 2.18706
-3.99809 -1.09022 2.19447
-4.01236 -1.06973 2.1791
-4.02454 -1.05384 2.22472
-4.05127 -1.01574 2.18266
-4.06937 -0.989228 2.16975
-4.09542 -0.952636 2.18943
-4.11912 -0.91997 2.19834
-4.12771 -0.907344 2.16858
-4.13928 -0.89052 2.17325
-4.14504 -0.882399 2.1873
-4.14988 -0.875568 2.18722
-4.15599 -0.867286 2.2066
-4.16547 -0.854335 2.20286
-4.1727 -0.84405 2.18329
-4.17976 -0.833352 2.15431
-4.19523 -0.809816 2.1521
-4.20979 -0.78578 2.11537
-4.21725 -0.772513 2.08301
-4.22899 -0.751502 2.08067
-4.23772 -0.735265 2.06401
-4.24164 -0.728026 2.06673
-4.251 -0.712049 2.10067
-4.25508 -0.70514 2.10458
-4.26624 -0.686414 2.10832
-4.27742 -0.669853 2.16437
-4.28486 -0.659413 2.18994
-4.2906 -0.651811 2.21794
-4.29229 -0.64977 2.26225
-4.29872 -0.64206 2.26566
-4.31205 -0.628074 2.33242
-4.31731 -0.622063 2.28901
-4.32477 -0.613386 2.28107
-4.3289 -0.608513 2.27395
-4.33279 -0.603459 2.22673
-4.33611 -0.598992 2.21047
-4.34248 -0.589452 2.15953
-4.35072 -0.576366 2.13267
-4.35851 -0.564529 2.15286
-4.36446 -0.555055 2.13162
-4.3679 -0.549496 2.12495
-4.36979 -0.546472 2.12929
-4.37171 -0.543469 2.13971
-4.3759 -0.536298 2.09936
-4.37496 -0.537959 2.08455
-4.37924 -0.53078 2.10811
-4.38193 -0.526502 2.13138
-4.37969 -0.53006 2.13127
-4.38287 -0.52461 2.09889
-4.38507 -0.520732 2.08705
-4.39385 -0.504998 2.07961
True
0.0664655
