4.46162 0.0122106 2.83358
4.42713 0.0248545 2.79018
4.39652 0.0407649 2.66223
4.3677 0.0557992 2.66084
4.32823 0.0790903 2.60842
4.31835 0.0851446 2.59185
4.28923 0.103556 2.57779
4.26796 0.12018 2.47831
4.23136 0.153815 2.39838
4.20535 0.180689 2.33977
4.19016 0.197542 2.30436
4.16149 0.232832 2.25319
4.13196 0.271227 2.22644
4.12444 0.28071 2.24123
4.11749 0.290146 2.20524
4.09617 0.317413 2.23436
4.07838 0.342724 2.18357
4.05686 0.375349 2.15377
4.0284 0.416443 2.17653
4.0051 0.45319 2.13592
3.98156 0.493202 2.10261
3.95825 0.537018 2.05964
3.9362 0.581499 2.03109
3.91369 0.624623 2.05191
3.90285 0.643824 2.08488
3.88762 0.671421 2.07503
3.86323 0.714928 2.08172
3.84249 0.759157 2.00929
3.82188 0.80344 2.00625
3.80999 0.833932 1.9427
3.79933 0.860194 1.95648
3.78673 0.894815 1.91989
3.76558 0.940086 2.00785
3.7492 0.977616 1.98213
3.73901 1.00344 1.94685
3.72406 1.04133 1.94662
3.71019 1.07756 1.93645
3.69176 1.12404 1.94819
3.67263 1.16921 1.97142
3.65475 1.21542 1.93994
3.63563 1.26149 1.96421
3.62261 1.29244 1.96908
3.60831 1.3259 1.97461
3.59033 1.37032 1.95536
3.57391 1.41748 1.90598
3.55867 1.45986 1.91592
3.5405 1.50508 1.95297
3.52036 1.55048 1.98824
3.50154 1.59604 1.96255
3.48749 1.63302 1.93397
3.46895 1.6739 1.99644
3.4522 1.71184 1.9867
3.43721 1.74606 1.98353
3.41533 1.79102 2.02376
3.39357 1.83191 2.05982
3.37422 1.86896 2.05199
3.35736 1.90211 2.04139
3.34372 1.93052 2.01837
3.32859 1.9625 2.01271
3.30409 2.00608 2.08305
3.27866 2.04711 2.12551
3.25654 2.08281 2.12556
3.22852 2.12422 2.16574
3.20369 2.16325 2.13729
3.17694 2.19978 2.2029
3.14835 2.23785 2.21493
3.11822 2.27776 2.21749
3.09061 2.31944 2.15578
3.06104 2.3592 2.21031
3.0304 2.39743 2.24636
3.00762 2.42507 2.26017
2.97591 2.46367 2.25857
2.94895 2.49646 2.25894
2.91887 2.53315 2.25747
2.88712 2.57177 2.25891
2.85414 2.60935 2.29113
2.82067 2.64408 2.33755
2.78611 2.67993 2.33791
2.75073 2.715 2.3606
2.71616 2.74649 2.4028
2.67756 2.77797 2.45752
2.64928 2.80015 2.47645
2.61595 2.82464 2.50785
2.57639 2.85474 2.49121
2.53661 2.88489 2.49302
2.50407 2.90807 2.52269
2.46413 2.93802 2.49814
2.42593 2.96471 2.53165
2.40282 2.98165 2.50931
2.37412 3.00212 2.52203
2.33235 3.02875 2.57398
2.28947 3.05424 2.60522
2.24864 3.07702 2.63258
2.21163 3.099 2.60578
2.16832 3.1233 2.63028
2.13692 3.14097 2.62909
2.09355 3.16586 2.62061
2.06356 3.18174 2.65463
2.02423 3.20214 2.66298
1.99746 3.21763 2.61716
1.95325 3.24009 2.67148
1.91605 3.26166 2.61622
1.87465 3.28535 2.62176
1.83172 3.31098 2.6035
1.80277 3.32687 2.63946
1.76409 3.35003 2.60216
1.73649 3.36637 2.60687
1.69344 3.39084 2.62491
1.67395 3.40123 2.65166
1.63375 3.42487 2.60991
1.61155 3.4361 2.67324
1.57309 3.45605 2.66322
1.5299 3.47809 2.66965
1.48605 3.50211 2.64046
1.45681 3.51833 2.63505
1.41304 3.5425 2.63716
1.37046 3.56384 2.67697
1.33109 3.58269 2.69511
1.28559 3.60342 2.71416
1.24418 3.62225 2.71464
1.20448 3.63988 2.72365
1.15846 3.65943 2.74007
1.11373 3.67734 2.7607
1.08664 3.68728 2.78983
1.0592 3.69898 2.7386
1.01511 3.71672 2.75911
0.975596 3.73103 2.79395
0.929315 3.74766 2.79673
0.883121 3.76122 2.85599
0.838428 3.77571 2.82815
0.790555 3.78984 2.8546
0.742282 3.80285 2.87821
0.710708 3.81095 2.89062
0.671394 3.82061 2.90064
0.627151 3.8313 2.90457
0.596778 3.83701 2.95579
0.549438 3.84313 3.01288
0.500305 3.85237 2.95577
0.450631 3.85804 3.02789
0.406297 3.86425 3.00258
0.362051 3.86913 3.03169
0.312419 3.87518 3.0203
0.268464 3.87819 3.07322
0.21991 3.88098 3.08417
0.17518 3.88244 3.10889
0.127446 3.8842 3.10483
0.10142 3.885 3.1108
0.0516573 3.88721 3.0973
0.00706037 3.88947 3.09081
-0.042074 3.89075 3.11566
-0.0892568 3.88839 3.1916
-0.139071 3.88628 -3.09932
-0.18867 3.88422 -3.10015
-0.234588 3.88109 -3.07344
-0.283981 3.87439 -3.0069
-0.331482 3.86787 -3.00502
-0.380988 3.86113 -3.00644
-0.430469 3.85432 -3.00479
-0.472756 3.8475 -2.98173
-0.515966 3.83993 -2.96809
-0.554355 3.83312 -2.96595
-0.603253 3.82309 -2.93941
-0.651459 3.81205 -2.91627
-0.695058 3.80296 -2.93624
-0.738883 3.79257 -2.9087
-0.787292 3.78006 -2.88879
-0.827327 3.76842 -2.85868
-0.874264 3.75395 -2.84248
-0.909849 3.74384 -2.86469
-0.956608 3.72935 -2.84122
-1.00203 3.71733 -2.8829
-1.0501 3.70557 -2.90164
-1.09814 3.69395 -2.9043
-1.14348 3.68202 -2.88418
-1.18704 3.67035 -2.87982
-1.23385 3.65326 -2.79148
-1.28137 3.63779 -2.82697
-1.3287 3.62184 -2.81649
-1.36087 3.60981 -2.7839
-1.40642 3.59399 -2.80722
-1.4519 3.57712 -2.78645
-1.49844 3.55917 -2.77337
-1.54512 3.54137 -2.77734
-1.58677 3.52587 -2.78542
-1.63293 3.50676 -2.74903
-1.67065 3.49172 -2.76231
-1.71253 3.47581 -2.77842
-1.75542 3.46241 -2.83874
-1.80024 3.44809 -2.8323
-1.84501 3.4324 -2.8047
-1.89229 3.41913 -2.8678
-1.93321 3.40613 -2.83405
-1.97838 3.39325 -2.86376
-2.02612 3.37858 -2.84344
-2.06373 3.36753 -2.85585
-2.11069 3.35089 -2.80119
-2.14838 3.33658 -2.7786
-2.19302 3.32098 -2.80551
-2.2391 3.3029 -2.76773
-2.27529 3.29097 -2.82308
-2.30687 3.27883 -2.77463
-2.35103 3.26177 -2.77286
-2.3974 3.24322 -2.7611
-2.44418 3.22562 -2.7817
-2.48076 3.21365 -2.82531
-2.52637 3.19915 -2.83389
-2.56256 3.18845 -2.8539
-2.59688 3.17743 -2.83088
-2.63104 3.16471 -2.78522
-2.65577 3.15504 -2.76913
-2.68478 3.14505 -2.80977
-2.70488 3.13768 -2.79035
-2.74577 3.12432 -2.8258
-2.78565 3.11091 -2.81703
-2.82778 3.09669 -2.81619
-2.8562 3.08762 -2.83244
-2.89174 3.07629 -2.83323
-2.92718 3.06586 -2.85513
-2.95929 3.05609 -2.84636
-2.97212 3.0522 -2.84726
-2.9859 3.04841 -2.87304
-3.01468 3.04066 -2.87852
-3.03523 3.03446 -2.849
-3.05662 3.02695 -2.80345
-3.0914 3.01404 -2.78624
-3.11841 3.00477 -2.81098
-3.14272 2.99627 -2.80535
-3.16515 2.98887 -2.82276
-3.1999 2.97759 -2.82795
-3.24708 2.96366 -2.85443
-3.27477 2.95749 -2.92239
-3.30161 2.95251 -2.95795
-3.34134 2.94377 -2.925
-3.37562 2.93527 -2.89868
-3.41435 2.92418 -2.86267
-3.45352 2.91316 -2.86734
-3.49295 2.90065 -2.83431
-3.53207 2.88878 -2.84706
-3.55359 2.88216 -2.84318
-3.57001 2.87668 -2.81968
-3.574 2.87537 -2.82309
-3.58833 2.87038 -2.80664
-3.60029 2.86625 -2.80895
-3.6331 2.85239 -2.74195
-3.65992 2.84086 -2.73566
-3.67729 2.83284 -2.70877
-3.70924 2.81943 -2.74439
-3.74325 2.80649 -2.77791
-3.78078 2.79203 -2.77375
-3.81735 2.77622 -2.73357
-3.85327 2.75909 -2.69658
-3.87055 2.75095 -2.70141
-3.89086 2.74087 -2.68079
-3.91457 2.72909 -2.68075
-3.9387 2.71812 -2.71498
-3.96039 2.70808 -2.70777
-3.98051 2.6986 -2.70147
-3.99766 2.69082 -2.7158
-4.00617 2.68658 -2.67944
-4.01475 2.68215 -2.6639
-4.03555 2.67083 -2.64363
-4.06804 2.65344 -2.65005
-4.08659 2.64356 -2.65224
-4.09276 2.64088 -2.73189
-4.09875 2.6384 -2.74931
-4.1115 2.63334 -2.7635
-4.1248 2.62771 -2.74154
-4.12921 2.62568 -2.70872
-4.13019 2.62518 -2.67475
-4.13777 2.62157 -2.69619
-4.15114 2.61578 -2.7331
-4.16468 2.60991 -2.73257
-4.17751 2.60445 -2.7393
-4.19217 2.59829 -2.7439
-4.19721 2.59617 -2.74259
-4.21224 2.59029 -2.76873
-4.21553 2.58901 -2.77155
-4.22214 2.5863 -2.75303
True
0.0690814
