-5.46261 0.746021 0.23523
-5.42626 0.755926 0.266019
-5.37821 0.768393 0.253861
-5.33946 0.778762 0.261437
-5.29128 0.78815 0.192485
-5.24554 0.799473 0.242643
-5.20231 0.811871 0.279316
-5.16347 0.823046 0.280107
-5.11985 0.833753 0.240711
-5.07203 0.843741 0.205928
-5.02362 0.853985 0.208509
-4.9749 0.865044 0.223221
-4.92952 0.875696 0.230569
-4.8817 0.884429 0.180638
-4.84645 0.892091 0.214013
-4.79809 0.900768 0.17756
-4.74949 0.909342 0.174583
-4.70276 0.917918 0.181526
-4.65628 0.926715 0.187046
-4.60712 0.932291 0.11295
-4.5575 0.938337 0.121222
-4.51023 0.944969 0.139412
-4.47475 0.951803 0.190281
-4.4331 0.959958 0.193348
-4.38404 0.969567 0.193431
-4.34011 0.977064 0.169016
-4.29171 0.986408 0.190691
-4.24467 0.995381 0.188516
-4.207 1.00318 0.204208
-4.15844 1.01507 0.240099
-4.1121 1.02826 0.277269
-4.06948 1.03989 0.266452
-4.02277 1.05243 0.262218
-3.97821 1.06485 0.271815
-3.93082 1.07817 0.274085
-3.88493 1.0929 0.310417
-3.84416 1.10525 0.294344
-3.80408 1.11619 0.266304
-3.76107 1.12517 0.205904
-3.71728 1.1337 0.192305
-3.66913 1.14189 0.168638
-3.6204 1.15307 0.225353
-3.57753 1.16357 0.240246
-3.53878 1.17187 0.21113
-3.49381 1.18406 0.264749
-3.44816 1.1944 0.222676
-3.41348 1.20453 0.284162
-3.36557 1.21861 0.285776
-3.32413 1.23041 0.277545
-3.27718 1.24383 0.27842
-3.24586 1.25179 0.248767
-3.21145 1.26038 0.244575
-3.16827 1.26977 0.21413
-3.11908 1.27853 0.176209
-3.07303 1.28792 0.201199
-3.02735 1.29796 0.216459
-2.97906 1.30949 0.234226
-2.93067 1.32084 0.230363
-2.89044 1.3273 0.159382
-2.84115 1.33262 0.10756
-2.79147 1.33816 0.110999
-2.76391 1.34226 0.147697
-2.72437 1.34712 0.122374
-2.68376 1.35265 0.1353
-2.63657 1.36164 0.188314
-2.58853 1.36781 0.127581
-2.55623 1.37273 0.151368
-2.50692 1.38035 0.153132
-2.46296 1.38675 0.144578
-2.42488 1.39358 0.177672
-2.38141 1.40123 0.174203
-2.33325 1.41153 0.210549
-2.28467 1.41935 0.159667
-2.23548 1.42538 0.122067
-2.18589 1.43127 0.118114
-2.1485 1.43326 0.0531235
-2.11313 1.43646 0.0903918
-2.07481 1.43958 0.0812511
-2.03235 1.44452 0.11587
-1.99699 1.44919 0.131278
-1.95571 1.45335 0.100372
-1.91997 1.45573 0.0665373
-1.89116 1.45922 0.120523
-1.85261 1.46454 0.137149
-1.80726 1.47305 0.185368
-1.76344 1.47943 0.14463
-1.72023 1.48428 0.111742
-1.67993 1.48763 0.0830526
-1.63151 1.49194 0.0888255
-1.59161 1.49565 0.092603
-1.54189 1.50088 0.104875
-1.49265 1.50913 0.166044
-1.4467 1.51816 0.193903
-1.40957 1.52479 0.176715
-1.37087 1.5319 0.181808
-1.33299 1.53762 0.149853
-1.28702 1.54778 0.217501
-1.24232 1.55417 0.141872
-1.19735 1.56117 0.154439
-1.15486 1.56564 0.104914
-1.11175 1.5702 0.105332
-1.07021 1.5762 0.143491
-1.02186 1.58307 0.141127
-0.992628 1.58649 0.116474
-0.968911 1.5892 0.113731
-0.920333 1.59333 0.0847575
-0.884634 1.59649 0.0883691
-0.834842 1.60096 0.0894988
-0.785269 1.60441 0.0695487
-0.747709 1.60736 0.0782739
-0.709881 1.60951 0.0568527
-0.660579 1.61467 0.104372
-0.615227 1.61768 0.0661188
-0.566878 1.6231 0.111741
-0.520482 1.62698 0.0833716
-0.472363 1.63042 0.0714702
-0.423385 1.63131 0.0179897
-0.375661 1.63094 -0.00760688
-0.337172 1.63022 -0.0187509
-0.288385 1.62835 -0.0384107
-0.252928 1.62786 -0.0136464
-0.203213 1.62352 -0.0870855
-0.161046 1.62066 -0.0677467
-0.111178 1.61766 -0.060115
-0.0611986 1.61653 -0.0225957
-0.0147725 1.61468 -0.0397534
0.0268676 1.61493 0.00585716
0.0756132 1.61664 0.0350878
0.125499 1.61946 0.0565385
0.161139 1.62154 0.0582939
0.211043 1.62455 0.060248
0.260893 1.62841 0.0771695
0.305521 1.6316 0.071454
0.354968 1.63348 0.0380127
0.399847 1.63631 0.0630212
0.445284 1.64008 0.0826412
0.491212 1.64292 0.0617314
0.538116 1.64599 0.065492
0.581539 1.64725 0.0289101
0.630945 1.65101 0.0759047
0.67474 1.65419 0.0725338
0.723427 1.65746 0.0671494
0.772434 1.66223 0.0970445
0.820987 1.66507 0.0584305
0.863419 1.67063 0.130321
0.910764 1.67625 0.117979
0.960145 1.6834 0.143868
1.00686 1.69092 0.159559
1.05303 1.69793 0.150829
1.09812 1.70689 0.196095
1.1466 1.71808 0.22675
1.18588 1.72803 0.248136
1.2232 1.73883 0.281668
1.26936 1.7544 0.32544
1.31617 1.76994 0.320406
1.36189 1.78566 0.331212
1.39705 1.79828 0.344723
1.43419 1.8113 0.337228
1.48202 1.82534 0.285419
1.52779 1.84086 0.32697
1.57439 1.85619 0.317655
1.61641 1.86922 0.300859
1.65887 1.8827 0.307346
1.70643 1.89564 0.265592
1.73667 1.90557 0.317294
1.78457 1.91916 0.27642
1.83104 1.93381 0.305428
1.87824 1.95017 0.333779
1.92625 1.9641 0.282419
1.96922 1.98057 0.366033
2.01637 1.99646 0.325027
2.05096 2.01029 0.380187
2.0852 2.02142 0.314451
2.13004 2.03475 0.288814
2.17189 2.04703 0.285466
2.21461 2.05916 0.276717
2.26158 2.07135 0.253838
2.30796 2.08195 0.224657
2.35331 2.09366 0.252698
2.3999 2.10775 0.293731
2.44807 2.12082 0.264998
2.49471 2.13645 0.32334
2.54165 2.15232 0.325954
2.57933 2.16373 0.294251
2.61964 2.17686 0.314769
2.66628 2.19446 0.360935
2.71268 2.21167 0.355096
2.75132 2.2266 0.368603
2.79764 2.24541 0.385785
2.83581 2.26066 0.380199
2.8738 2.27477 0.355617
2.91833 2.29173 0.363898
2.94689 2.30314 0.379885
2.99209 2.32437 0.439144
3.02643 2.34039 0.436539
3.06379 2.35916 0.465506
3.09628 2.37603 0.47918
3.13408 2.39268 0.414874
3.17688 2.41156 0.415296
3.22201 2.4327 0.438165
3.26716 2.45366 0.434537
3.31288 2.47391 0.417078
3.3511 2.49157 0.432633
3.39722 2.5105 0.389571
3.43594 2.52544 0.368154
3.48101 2.54212 0.354468
3.52848 2.55763 0.31592
3.57302 2.57291 0.330332
3.61512 2.58679 0.318598
3.6504 2.5994 0.343185
3.68862 2.61328 0.348341
3.734 2.62917 0.336864
3.77499 2.64069 0.274032
3.79778 2.64715 0.275879
3.83381 2.65784 0.288539
3.84898 2.66205 0.270654
3.86127 2.66583 0.298758
3.88801 2.67399 0.296185
3.90829 2.67969 0.273685
3.93113 2.68696 0.30821
3.93741 2.68877 0.28043
3.95131 2.69293 0.291043
3.96314 2.69644 0.288887
3.9885 2.70468 0.31406
4.01709 2.71368 0.304741
4.0333 2.71876 0.303687
4.04831 2.72399 0.335486
4.06993 2.73329 0.406099
4.08035 2.73827 0.446179
4.11114 2.75119 0.397392
4.15393 2.76938 0.401858
4.19274 2.78765 0.44
4.21481 2.79787 0.433631
4.22673 2.80269 0.384793
4.25135 2.81058 0.309952
4.27646 2.82033 0.37032
4.32056 2.83924 0.40507
4.34908 2.85187 0.416779
4.38788 2.86989 0.435064
4.4147 2.88214 0.428277
4.45142 2.89872 0.424094
4.47949 2.91064 0.401484
4.49802 2.91879 0.414279
4.53509 2.93528 0.418794
4.55714 2.94637 0.465898
4.59901 2.9677 0.471203
4.64069 2.99122 0.513762
4.67747 3.01187 0.511455
4.70563 3.02586 0.461129
4.73211 3.04153 0.534256
4.74872 3.05166 0.548004
4.76247 3.0605 0.570832
4.78647 3.07621 0.579595
4.80454 3.08762 0.5636
4.81053 3.0914 0.562688
4.82419 3.09965 0.542827
4.84935 3.11243 0.47024
4.87692 3.12589 0.45422
4.89268 3.13281 0.413397
4.91373 3.14164 0.397452
4.93374 3.14965 0.380494
4.9448 3.15343 0.329701
4.95876 3.15813 0.324823
4.97605 3.16461 0.358673
4.98252 3.16698 0.350081
4.99491 3.17117 0.32652
5.00187 3.17349 0.321545
5.02062 3.17923 0.296845
5.03617 3.18332 0.257471
5.04142 3.18493 0.296931
5.05199 3.18826 0.305393
5.06087 3.1908 0.277974
5.06956 3.19322 0.271859
5.0722 3.19383 0.227884
5.08288 3.19624 0.222363
5.09681 3.19975 0.246534
5.10432 3.20156 0.236
5.11566 3.20414 0.224121
5.12185 3.20571 0.248531
5.12831 3.20747 0.265069
5.13741 3.20997 0.268327
5.14063 3.21087 0.273797
5.15525 3.21493 0.270435
5.16143 3.21653 0.254334
5.18011 3.22143 0.256531
5.19463 3.22519 0.253298
5.20258 3.22723 0.251554
5.20353 3.2275 0.278724
5.21288 3.23095 0.353126
5.21873 3.23309 0.351223
5.23397 3.23861 0.347186
True
0.0662931
